id,num_sold
230130,-187.3875185999441
230131,974.1509559522478
230132,760.9372833798691
230133,298.3566767577658
230134,393.50919940226396
230135,260.0332200951225
230136,1421.5716946473144
230137,1208.3580220749357
230138,745.7774154528324
230139,840.9299380973306
230140,415.6143879333083
230141,1577.1528624855005
230142,1363.9391899131215
230143,901.3585832910182
230144,996.5111059355164
230145,-179.31418065866785
230146,982.2242938935242
230147,769.0106213211454
230148,306.4300146990421
230149,401.58253734354025
230150,268.1065580363987
230151,1429.6450325885908
230152,1216.431360016212
230153,753.8507533941087
230154,849.0032760386068
230155,423.68772587458454
230156,1585.2262004267766
230157,1372.0125278543978
230158,909.4319212322945
230159,1004.5844438767926
230160,-385.24586898027223
230161,776.2926055719198
230162,563.078932999541
230163,100.4983263774377
230164,195.65084902193587
230165,62.174869714794454
230166,1223.7133442669865
230167,1010.4996716946077
230168,547.9190650725044
230169,643.0715877170026
230170,217.75603755298027
230171,1379.2945121051723
230172,1166.0808395327936
230173,703.5002329106901
230174,798.6527555551884
230175,-1010.1382138810557
230176,151.40026067113627
230177,-61.81341190124249
230178,-524.3940185233457
230179,-429.2414958788477
230180,-562.7174751859891
230181,598.8209993662028
230182,385.60732679382403
230183,-76.97327982827926
230184,18.179242816218903
230185,-407.1363073478035
230186,754.4021672043887
230187,541.1884946320099
230188,78.60788800990645
230189,173.7604106544046
230190,496.0256686065029
230191,1657.5641431586948
230192,1444.350470586316
230193,981.7698639642128
230194,1076.922386608711
230195,943.4464073015695
230196,2104.984881853761
230197,1891.7712092813827
230198,1429.1906026592794
230199,1524.3431253037775
230200,1099.0275751397553
230201,2260.5660496919472
230202,2047.3523771195685
230203,1584.7717704974652
230204,1679.9242931419635
230205,-64.45196970509664
230206,1097.0865048470953
230207,883.8728322747165
230208,421.29222565261324
230209,516.4447482971115
230210,382.9687689899699
230211,1544.507243542162
230212,1331.293570969783
230213,868.7129643476799
230214,963.865486992178
230215,538.5499368281558
230216,1700.0884113803477
230217,1486.8747388079692
230218,1024.2941321858657
230219,1119.446654830364
230220,-337.94665000290775
230221,823.5918245492844
230222,610.3781519769057
230223,147.7975453548023
230224,242.95006799930047
230225,109.47408869215906
230226,1271.012563244351
230227,1057.7988906719722
230228,595.218284049869
230229,690.3708066943672
230230,265.0552565303449
230231,1426.593731082537
230232,1213.380058510158
230233,750.7994518880548
230234,845.951974532553
230235,-329.8733120616314
230236,831.6651624905606
230237,618.451489918182
230238,155.87088329607855
230239,251.02340594057677
230240,117.5474266334354
230241,1279.0859011856273
230242,1065.8722286132486
230243,603.2916219911453
230244,698.4441446356434
230245,273.1285944716212
230246,1434.6670690238134
230247,1221.4533964514344
230248,758.872789829331
230249,854.0253124738292
230250,-535.8050003832357
230251,625.7334741689564
230252,412.5198015965776
230253,-50.060805025525724
230254,45.09171761897255
230255,-88.38426168816909
230256,1073.154212864023
230257,859.9405402916442
230258,397.3599336695409
230259,492.51245631403907
230260,67.19690615001684
230261,1228.7353807022087
230262,1015.5217081298301
230263,552.9411015077267
230264,648.093624152225
230265,-1160.6973452840193
230266,0.8411292681727218
230267,-212.37254330420603
230268,-674.9531499263094
230269,-579.8006272818113
230270,-713.2766065889525
230271,448.2618679632394
230272,235.04819539086066
230273,-227.5324112312427
230274,-132.37988858674453
230275,-557.6954387507669
230276,603.8430358014252
230277,390.6293632290464
230278,-71.95124339305698
230279,23.201279251441292
230280,345.46653720353936
230281,1507.0050117557314
230282,1293.7913391833526
230283,831.2107325612493
230284,926.3632552057475
230285,792.887275898606
230286,1954.425750450798
230287,1741.2120778784192
230288,1278.631471256316
230289,1373.783993900814
230290,948.4684437367919
230291,2110.006918288984
230292,1896.793245716605
230293,1434.2126390945018
230294,1529.365161739
230295,-215.0111011080602
230296,946.5273734441319
230297,733.3137008717531
230298,270.73309424964975
230299,365.8856168941479
230300,232.4096375870065
230301,1393.9481121391987
230302,1180.7344395668197
230303,718.1538329447164
230304,813.3063555892146
230305,387.9908054251923
230306,1549.5292799773842
230307,1336.3156074050057
230308,873.7350007829023
230309,968.8875234274004
230310,-325.60740152963194
230311,835.9310730225602
230312,622.7174004501815
230313,160.136793828078
230314,255.28931647257627
230315,121.81333716543475
230316,1283.3518117176268
230317,1070.138139145248
230318,607.5575325231448
230319,702.7100551676428
230320,277.3945050036206
230321,1438.9329795558126
230322,1225.7193069834339
230323,763.1387003613306
230324,858.2912230058288
230325,-317.5340635883556
230326,844.0044109638366
230327,630.7907383914577
230328,168.21013176935435
230329,263.36265441385257
230330,129.8866751067111
230331,1291.4251496589031
230332,1078.2114770865244
230333,615.630870464421
230334,710.7833931089192
230335,285.46784294489686
230336,1447.006317497089
230337,1233.7926449247102
230338,771.2120383026069
230339,866.364560947105
230340,-523.4657519099599
230341,638.0727226422322
230342,424.8590500698535
230343,-37.72155655224992
230344,57.430966092248354
230345,-76.04501321489329
230346,1085.4934613372989
230347,872.27978876492
230348,409.69918214281665
230349,504.8517047873148
230350,79.53615462329253
230351,1241.0746291754847
230352,1027.860956603106
230353,565.2803499810025
230354,660.4328726255007
230355,-1148.3580968107435
230356,13.180377741448524
230357,-200.03329483093023
230358,-662.6139014530336
230359,-567.4613788085353
230360,-700.9373581156767
230361,460.6011164365151
230362,247.38744386413646
230363,-215.1931627579669
230364,-120.04064011346873
230365,-545.3561902774911
230366,616.1822842747009
230367,402.9686117023222
230368,-59.61199491978118
230369,35.540527724717094
230370,357.8057856768151
230371,1519.3442602290072
230372,1306.1305876566284
230373,843.5499810345251
230374,938.7025036790233
230375,805.2265243718817
230376,1966.7649989240738
230377,1753.551326351695
230378,1290.9707197295916
230379,1386.1232423740898
230380,960.8076922100677
230381,2122.3461667622596
230382,1909.1324941898808
230383,1446.5518875677776
230384,1541.704410212276
230385,-202.6718526347845
230386,958.8666219174077
230387,745.6529493450289
230388,283.0723427229255
230389,378.2248653674237
230390,244.7488860602822
230391,1406.2873606124742
230392,1193.0736880400955
230393,730.4930814179922
230394,825.6456040624904
230395,400.33005389846807
230396,1561.86852845066
230397,1348.6548558782815
230398,886.0742492561781
230399,981.2267719006762
230400,-313.26815305635614
230401,848.270321495836
230402,635.0566489234573
230403,172.4760423013539
230404,267.6285649458521
230405,134.15258563871055
230406,1295.6910601909026
230407,1082.4773876185238
230408,619.8967809964206
230409,715.0493036409187
230410,289.73375347689637
230411,1451.2722280290884
230412,1238.0585554567097
230413,775.4779488346064
230414,870.6304714791046
230415,-305.1948151150798
230416,856.3436594371123
230417,643.1299868647336
230418,180.54938024263015
230419,275.70190288712837
230420,142.2259235799869
230421,1303.764398132179
230422,1090.5507255598002
230423,627.9701189376968
230424,723.122641582195
230425,297.8070914181727
230426,1459.3455659703648
230427,1246.131893397986
230428,783.5512867758827
230429,878.7038094203808
230430,-511.12650343668406
230431,650.411971115508
230432,437.1982985431292
230433,-25.38230807897412
230434,69.77021456552404
230435,-63.705764741617486
230436,1097.8327098105747
230437,884.6190372381958
230438,422.03843061609246
230439,517.1909532605906
230440,91.87540309656833
230441,1253.4138776487603
230442,1040.2002050763817
230443,577.6195984542783
230444,672.7721210987766
230445,-1136.0188483374677
230446,25.519626214724326
230447,-187.69404635765443
230448,-650.2746529797578
230449,-555.1221303352595
230450,-688.5981096424011
230451,472.94036490979096
230452,259.7266923374122
230453,-202.8539142846912
230454,-107.70139164019304
230455,-533.0169418042153
230456,628.5215327479767
230457,415.3078601755981
230458,-47.27274644650538
230459,47.87977619799278
230460,370.1450341500909
230461,1531.683508702283
230462,1318.4698361299043
230463,855.889229507801
230464,951.0417521522991
230465,817.5657728451575
230466,1979.1042473973496
230467,1765.8905748249708
230468,1303.3099682028676
230469,1398.4624908473656
230470,973.1469406833434
230471,2134.6854152355354
230472,1921.4717426631569
230473,1458.8911360410534
230474,1554.0436586855517
230475,-190.3326041615087
230476,971.2058703906835
230477,757.9921978183047
230478,295.41159119620136
230479,390.5641138406996
230480,257.08813453355805
230481,1418.62660908575
230482,1205.4129365133713
230483,742.832329891268
230484,837.9848525357662
230485,412.6693023717438
230486,1574.2077769239359
230487,1360.9941043515573
230488,898.4134977294539
230489,993.566020373952
230490,-300.92890458308034
230491,860.6095699691118
230492,647.3958973967331
230493,184.8152907746296
230494,279.9678134191279
230495,146.49183411198646
230496,1308.0303086641784
230497,1094.8166360917996
230498,632.2360294696963
230499,727.3885521141945
230500,302.0730019501723
230501,1463.6114765023644
230502,1250.3978039299855
230503,787.8171973078822
230504,882.9697199523804
230505,-292.855566641804
230506,868.682907910388
230507,655.4692353380094
230508,192.88862871590595
230509,288.04115136040417
230510,154.5651720532628
230511,1316.1036466054547
230512,1102.889974033076
230513,640.3093674109726
230514,735.4618900554708
230515,310.14633989144863
230516,1471.6848144436406
230517,1258.4711418712618
230518,795.8905352491585
230519,891.0430578936566
230520,-498.78725496340826
230521,662.7512195887838
230522,449.53754701640503
230523,-13.043059605698318
230524,82.10946303879996
230525,-51.366516268341684
230526,1110.1719582838505
230527,896.9582857114716
230528,434.3776790893683
230529,529.5302017338664
230530,104.21465156984425
230531,1265.753126122036
230532,1052.5394535496575
230533,589.9588469275541
230534,685.1113695720524
230535,-1123.679599864192
230536,37.85887468800013
230537,-175.35479788437863
230538,-637.9354045064822
230539,-542.7828818619839
230540,-676.2588611691251
230541,485.2796133830668
230542,272.06594081068806
230543,-190.51466581141528
230544,-95.36214316691712
230545,-520.6776933309395
230546,640.8607812212526
230547,427.6471086488738
230548,-34.93349797322958
230549,60.2190246712687
230550,382.48428262336677
230551,1544.0227571755588
230552,1330.80908460318
230553,868.2284779810767
230554,963.3810006255749
230555,829.9050213184335
230556,1991.4434958706254
230557,1778.2298232982466
230558,1315.6492166761434
230559,1410.8017393206414
230560,985.4861891566193
230561,2147.024663708811
230562,1933.8109911364324
230563,1471.2303845143292
230564,1566.3829071588275
230565,-177.99335568823278
230566,983.5451188639593
230567,770.3314462915805
230568,307.75083966947716
230569,402.9033623139753
230570,269.4273830068338
230571,1430.965857559026
230572,1217.752184986647
230573,755.1715783645438
230574,850.324101009042
230575,425.0085508450197
230576,1586.5470253972117
230577,1373.3333528248331
230578,910.7527462027297
230579,1005.9052688472278
230580,-288.58965610980454
230581,872.9488184423876
230582,659.7351458700089
230583,197.1545392479054
230584,292.3070618924036
230585,158.83108258526215
230586,1320.3695571374542
230587,1107.1558845650754
230588,644.5752779429721
230589,739.7278005874703
230590,314.41225042344803
230591,1475.95072497564
230592,1262.7370524032613
230593,800.156445781158
230594,895.3089684256561
230595,-280.5163181685282
230596,881.022156383664
230597,667.8084838112851
230598,205.22787718918175
230599,300.3803998336799
230600,166.9044205265385
230601,1328.4428950787305
230602,1115.2292225063518
230603,652.6486158842484
230604,747.8011385287466
230605,322.48558836472426
230606,1484.0240629169164
230607,1270.8103903445376
230608,808.2297837224343
230609,903.3823063669324
230610,-486.44800649013246
230611,675.0904680620596
230612,461.8767954896809
230613,-0.7038111324225156
230614,94.44871151207576
230615,-39.02726779506588
230616,1122.5112067571263
230617,909.2975341847474
230618,446.71692756264406
230619,541.8694502071422
230620,116.55390004311994
230621,1278.092374595312
230622,1064.8787020229333
230623,602.2980954008299
230624,697.450618045328
230625,-1111.3403513909163
230626,50.19812316127593
230627,-163.01554941110282
230628,-625.5961560332064
230629,-530.4436333887081
230630,-663.9196126958493
230631,497.6188618563425
230632,284.40518928396386
230633,-178.17541733813948
230634,-83.02289469364132
230635,-508.3384448576637
230636,653.2000296945283
230637,439.9863571221496
230638,-22.594249499953776
230639,72.5582731445445
230640,394.8235310966425
230641,1556.3620056488346
230642,1343.1483330764559
230643,880.5677264543524
230644,975.7202490988507
230645,842.2442697917091
230646,2003.7827443439012
230647,1790.5690717715224
230648,1327.988465149419
230649,1423.1409877939172
230650,997.8254376298951
230651,2159.363912182087
230652,1946.1502396097083
230653,1483.569632987605
230654,1578.722155632103
230655,-165.6541072149571
230656,995.8843673372351
230657,782.6706947648563
230658,320.0900881427529
230659,415.2426107872511
230660,281.7666314801096
230661,1443.3051060323016
230662,1230.0914334599229
230663,767.5108268378196
230664,862.6633494823178
230665,437.3477993182955
230666,1598.8862738704875
230667,1385.672601298109
230668,923.0919946760055
230669,1018.2445173205036
230670,-199.71830263780157
230671,961.8201719143905
230672,748.6064993420117
230673,286.02589271990837
230674,381.1784153644066
230675,247.702436057265
230676,1409.2409106094572
230677,1196.0272380370784
230678,733.446631414975
230679,828.5991540594732
230680,403.2836038954509
230681,1564.822078447643
230682,1351.608405875264
230683,889.0277992531608
230684,984.180321897659
230685,-191.64496469652522
230686,969.8935098556667
230687,756.679837283288
230688,294.09923066118466
230689,389.2517533056829
230690,255.77577399854135
230691,1417.3142485507333
230692,1204.1005759783548
230693,741.5199693562513
230694,836.6724920007495
230695,411.35694183672723
230696,1572.8954163889193
230697,1359.6817438165403
230698,897.1011371944371
230699,992.2536598389354
230700,-397.5766530181297
230701,763.9618215340624
230702,550.7481489616837
230703,88.16754233958022
230704,183.3200649840785
230705,49.84408567693697
230706,1211.382560229129
230707,998.1688876567503
230708,535.588281034647
230709,630.7408036791451
230710,205.4252535151228
230711,1366.9637280673148
230712,1153.750055494936
230713,691.1694488728327
230714,786.3219715173309
230715,-1022.4689979189131
230716,139.06947663327878
230717,-74.14419593909997
230718,-536.7248025612032
230719,-441.57227991670493
230720,-575.0482592238466
230721,586.4902153283454
230722,373.2765427559667
230723,-89.30406386613674
230724,5.848458778361419
230725,-419.467091385661
230726,742.0713831665312
230727,528.8577105941524
230728,66.27710397204896
230729,161.42962661654724
230730,483.6948845686454
230731,1645.2333591208376
230732,1432.0196865484588
230733,969.4390799263555
230734,1064.5916025708536
230735,931.115623263712
230736,2092.654097815904
230737,1879.4404252435254
230738,1416.8598186214222
230739,1512.0123412659202
230740,1086.6967911018978
230741,2248.2352656540897
230742,2035.0215930817112
230743,1572.440986459608
230744,1667.593509104106
230745,-76.78275374295413
230746,1084.755720809238
230747,871.5420482368593
230748,408.96144161475587
230749,504.1139642592541
230750,370.6379849521125
230751,1532.1764595043046
230752,1318.9627869319258
230753,856.3821803098225
230754,951.5347029543207
230755,526.2191527902984
230756,1687.7576273424904
230757,1474.5439547701117
230758,1011.9633481480083
230759,1107.1158707925065
230760,-187.37905416452577
230761,974.1594203876663
230762,760.9457478152875
230763,298.3651411931842
230764,393.51766383768233
230765,260.04168453054086
230766,1421.580159082733
230767,1208.3664865103542
230768,745.7858798882507
230769,840.938402532749
230770,415.62285236872674
230771,1577.1613269209188
230772,1363.94765434854
230773,901.3670477264366
230774,996.5195703709348
230775,-179.30571622324942
230776,982.2327583289425
230777,769.0190857565638
230778,306.4384791344604
230779,401.5910017789587
230780,268.1150224718171
230781,1429.6534970240093
230782,1216.4398244516306
230783,753.8592178295271
230784,849.0117404740253
230785,423.696190310003
230786,1585.2346648621951
230787,1372.0209922898161
230788,909.4403856677129
230789,1004.5929083122111
230790,-385.2374045448537
230791,776.3010700073382
230792,563.0873974349595
230793,100.50679081285614
230794,195.6593134573543
230795,62.183334150212886
230796,1223.7218087024048
230797,1010.5081361300261
230798,547.9275295079228
230799,643.0800521524209
230800,217.7645019883987
230801,1379.3029765405906
230802,1166.0893039682119
230803,703.5086973461085
230804,798.6612199906067
230805,-1010.1297494456373
230806,151.40872510655458
230807,-61.80494746582417
230808,-524.3855540879274
230809,-429.23303144342935
230810,-562.7090107505708
230811,598.8294638016212
230812,385.61579122924246
230813,-76.96481539286083
230814,18.187707251637335
230815,-407.12784291238495
230816,754.410631639807
230817,541.1969590674282
230818,78.61635244532488
230819,173.76887508982304
230820,496.0341330419213
230821,1657.5726075941134
230822,1444.3589350217344
230823,981.7783283996312
230824,1076.9308510441294
230825,943.4548717369879
230826,2104.99334628918
230827,1891.7796737168012
230828,1429.199067094698
230829,1524.351589739196
230830,1099.0360395751736
230831,2260.5745141273655
230832,2047.360841554987
230833,1584.7802349328836
230834,1679.9327575773818
230835,-64.44350526967833
230836,1097.0949692825138
230837,883.881296710135
230838,421.3006900880316
230839,516.4532127325299
230840,382.97723342538825
230841,1544.5157079775804
230842,1331.3020354052017
230843,868.7214287830983
230844,963.8739514275965
230845,538.5584012635741
230846,1700.0968758157662
230847,1486.8832032433875
230848,1024.302596621284
230849,1119.4551192657823
230850,-337.9381855674892
230851,823.6002889847028
230852,610.3866164123241
230853,147.80600979022074
230854,242.9585324347189
230855,109.48255312757738
230856,1271.0210276797693
230857,1057.8073551073908
230858,595.2267484852873
230859,690.3792711297855
230860,265.0637209657633
230861,1426.6021955179554
230862,1213.3885229455766
230863,750.8079163234731
230864,845.9604389679714
230865,-329.86484762621285
230866,831.6736269259791
230867,618.4599543536003
230868,155.87934773149698
230869,251.0318703759952
230870,117.55589106885373
230871,1279.0943656210457
230872,1065.8806930486671
230873,603.3000864265637
230874,698.4526090710618
230875,273.13705890703966
230876,1434.6755334592317
230877,1221.4618608868527
230878,758.8812542647495
230879,854.0337769092476
230880,-535.7965359478171
230881,625.7419386043748
230882,412.52826603199605
230883,-50.05234059010729
230884,45.100182054390984
230885,-88.37579725275066
230886,1073.1626772994414
230887,859.9490047270626
230888,397.3683981049593
230889,492.52092074945745
230890,67.20537058543528
230891,1228.7438451376272
230892,1015.5301725652484
230893,552.9495659431451
230894,648.1020885876433
230895,-1160.6888808486008
230896,0.8495937035911538
230897,-212.3640788687875
230898,-674.9446854908908
230899,-579.7921628463928
230900,-713.2681421535342
230901,448.27033239865773
230902,235.0566598262791
230903,-227.52394679582426
230904,-132.3714241513261
230905,-557.6869743153484
230906,603.8515002368435
230907,390.6378276644648
230908,-71.94277895763855
230909,23.209743686859724
230910,345.4750016389578
230911,1507.01347619115
230912,1293.799803618771
230913,831.2191969966677
230914,926.3717196411659
230915,792.8957403340244
230916,1954.4342148862163
230917,1741.2205423138375
230918,1278.6399356917343
230919,1373.7924583362324
230920,948.4769081722103
230921,2110.015382724402
230922,1896.8017101520236
230923,1434.2211035299201
230924,1529.3736261744184
230925,-215.00263667264176
230926,946.5358378795503
230927,733.3221653071715
230928,270.7415586850682
230929,365.89408132956635
230930,232.41810202242482
230931,1393.956576574617
230932,1180.7429040022382
230933,718.1622973801349
230934,813.314820024633
230935,387.99926986061075
230936,1549.5377444128026
230937,1336.324071840424
230938,873.7434652183206
230939,968.8959878628189
230940,-325.5989370942134
230941,835.9395374579785
230942,622.7258648855999
230943,160.14525826349654
230944,255.2977809079947
230945,121.82180160085318
230946,1283.360276153045
230947,1070.1466035806666
230948,607.5659969585631
230949,702.7185196030613
230950,277.402969439039
230951,1438.9414439912312
230952,1225.7277714188524
230953,763.1471647967489
230954,858.2996874412472
230955,-317.5255991529373
230956,844.0128753992549
230957,630.7992028268761
230958,168.21859620477278
230959,263.371118849271
230960,129.89513954212953
230961,1291.4336140943215
230962,1078.219941521943
230963,615.6393348998395
230964,710.7918575443376
230965,285.47630738031523
230966,1447.0147819325075
230967,1233.8011093601287
230968,771.2205027380253
230969,866.3730253825235
230970,-523.4572874745415
230971,638.0811870776506
230972,424.8675145052718
230973,-37.713092116831604
230974,57.43943052766667
230975,-76.03654877947486
230976,1085.5019257727172
230977,872.2882532003384
230978,409.7076465782351
230979,504.86016922273325
230980,79.54461905871085
230981,1241.083093610903
230982,1027.8694210385243
230983,565.2888144164209
230984,660.4413370609191
230985,-1148.3496323753252
230986,13.188842176866956
230987,-200.0248303955118
230988,-662.6054370176153
230989,-567.452914373117
230990,-700.9288936802584
230991,460.60958087193353
230992,247.39590829955478
230993,-215.18469832254857
230994,-120.03217567805041
230995,-545.3477258420728
230996,616.1907487101194
230997,402.97707613774065
230998,-59.603530484362864
230999,35.54899216013541
231000,357.81425011223354
231001,1519.3527246644255
231002,1306.1390520920468
231003,843.5584454699435
231004,938.7109681144418
231005,805.2349888073002
231006,1966.7734633594923
231007,1753.5597907871136
231008,1290.97918416501
231009,1386.1317068095084
231010,960.816156645486
231011,2122.354631197678
231012,1909.1409586252994
231013,1446.560352003196
231014,1541.7128746476942
231015,-202.66338819936595
231016,958.8750863528261
231017,745.6614137804473
231018,283.08080715834393
231019,378.23332980284215
231020,244.75735049570062
231021,1406.2958250478928
231022,1193.0821524755138
231023,730.5015458534107
231024,825.6540684979088
231025,400.33851833388644
231026,1561.8769928860786
231027,1348.6633203136998
231028,886.0827136915964
231029,981.2352363360947
231030,-313.2596886209376
231031,848.2787859312543
231032,635.0651133588757
231033,172.48450673677235
231034,267.6370293812705
231035,134.16105007412898
231036,1295.699524626321
231037,1082.4858520539424
231038,619.9052454318389
231039,715.0577680763371
231040,289.7422179123148
231041,1451.280692464507
231042,1238.0670198921282
231043,775.4864132700247
231044,870.638935914523
231045,-305.18635067966125
231046,856.3521238725307
231047,643.138451300152
231048,180.55784467804858
231049,275.7103673225468
231050,142.23438801540533
231051,1303.7728625675973
231052,1090.5591899952187
231053,627.9785833731153
231054,723.1311060176134
231055,297.81555585359115
231056,1459.3540304057833
231057,1246.1403578334043
231058,783.5597512113011
231059,878.7122738557993
231060,-511.11803900126574
231061,650.4204355509263
231062,437.20676297854766
231063,-25.373843643555688
231064,69.77867900094247
231065,-63.69730030619917
231066,1097.841174245993
231067,884.6275016736142
231068,422.0468950515109
231069,517.199417696009
231070,91.88386753198677
231071,1253.4223420841786
231072,1040.2086695118
231073,577.6280628896967
231074,672.7805855341949
231075,-1136.0103839020494
231076,25.528090650142644
231077,-187.685581922236
231078,-650.2661885443395
231079,-555.1136658998412
231080,-688.5896452069826
231081,472.9488293452094
231082,259.73515677283063
231083,-202.84544984927265
231084,-107.6929272047746
231085,-533.008477368797
231086,628.5299971833952
231087,415.3163246110164
231088,-47.26428201108695
231089,47.888240633411215
231090,370.15349858550934
231091,1531.6919731377016
231092,1318.4783005653228
231093,855.8976939432193
231094,951.0502165877176
231095,817.574237280576
231096,1979.1127118327681
231097,1765.8990392603894
231098,1303.3184326382861
231099,1398.4709552827842
231100,973.1554051187618
231101,2134.6938796709537
231102,1921.4802070985752
231103,1458.8996004764717
231104,1554.05212312097
231105,-190.32413972609015
231106,971.2143348261019
231107,758.0006622537232
231108,295.4200556316198
231109,390.572578276118
231110,257.0965989689764
231111,1418.6350735211686
231112,1205.4214009487898
231113,742.8407943266865
231114,837.9933169711846
231115,412.67776680716224
231116,1574.2162413593544
231117,1361.0025687869756
231118,898.4219621648722
231119,993.5744848093705
231120,-300.9204401476618
231121,860.6180344045302
231122,647.4043618321515
231123,184.82375521004815
231124,279.9762778545463
231125,146.50029854740478
231126,1308.0387730995967
231127,1094.8251005272182
231128,632.2444939051147
231129,727.3970165496129
231130,302.0814663855907
231131,1463.6199409377828
231132,1250.406268365404
231133,787.8256617433005
231134,882.9781843877988
231135,-292.84710220638544
231136,868.6913723458065
231137,655.4776997734277
231138,192.89709315132438
231139,288.0496157958226
231140,154.57363648868113
231141,1316.112111040873
231142,1102.8984384684945
231143,640.3178318463911
231144,735.4703544908892
231145,310.15480432686707
231146,1471.6932788790589
231147,1258.4796063066801
231148,795.8989996845769
231149,891.051522329075
231150,-498.7787905279897
231151,662.7596840242022
231152,449.54601145182346
231153,-13.034595170279886
231154,82.11792747421839
231155,-51.35805183292325
231156,1110.1804227192688
231157,896.96675014689
231158,434.3861435247867
231159,529.5386661692849
231160,104.22311600526268
231161,1265.7615905574548
231162,1052.5479179850759
231163,589.9673113629725
231164,685.1198340074707
231165,-1123.6711354287734
231166,37.86733912341856
231167,-175.34633344896008
231168,-637.9269400710634
231169,-542.7744174265654
231170,-676.2503967337068
231171,485.28807781848514
231172,272.0744052461065
231173,-190.50620137599685
231174,-95.35367873149869
231175,-520.669228895521
231176,640.869245656671
231177,427.6555730842922
231178,-34.925033537811146
231179,60.22748910668713
231180,382.4927470587852
231181,1544.0312216109774
231182,1330.8175490385984
231183,868.2369424164951
231184,963.3894650609933
231185,829.9134857538518
231186,1991.4519603060437
231187,1778.2382877336652
231188,1315.6576811115617
231189,1410.8102037560598
231190,985.4946535920377
231191,2147.0331281442295
231192,1933.819455571851
231193,1471.2388489497475
231194,1566.3913715942458
231195,-177.98489125281435
231196,983.5535832993777
231197,770.3399107269989
231198,307.7593041048956
231199,402.91182674939375
231200,269.4358474422522
231201,1430.9743219944444
231202,1217.7606494220656
231203,755.1800427999623
231204,850.3325654444604
231205,425.01701528043816
231206,1586.55548983263
231207,1373.3418172602514
231208,910.761210638148
231209,1005.9137332826463
231210,-288.581191674386
231211,872.9572828778059
231212,659.7436103054273
231213,197.16300368332395
231214,292.31552632782206
231215,158.83954702068058
231216,1320.3780215728725
231217,1107.164349000494
231218,644.5837423783905
231219,739.7362650228887
231220,314.4207148588664
231221,1475.9591894110586
231222,1262.7455168386798
231223,800.1649102165763
231224,895.3174328610746
231225,-280.50785373310987
231226,881.0306208190823
231227,667.8169482467035
231228,205.2363416246002
231229,300.38886426909835
231230,166.91288496195693
231231,1328.4513595141489
231232,1115.23768694177
231233,652.6570803196669
231234,747.809602964165
231235,322.49405280014264
231236,1484.032527352335
231237,1270.818854779956
231238,808.2382481578527
231239,903.3907708023509
231240,-486.43954205471414
231241,675.098932497478
231242,461.8852599250992
231243,-0.6953466970041973
231244,94.45717594749408
231245,-39.01880335964745
231246,1122.5196711925446
231247,909.3059986201658
231248,446.7253919980625
231249,541.8779146425607
231250,116.56236447853826
231251,1278.1008390307304
231252,1064.8871664583517
231253,602.3065598362483
231254,697.4590824807465
231255,-1111.3318869554978
231256,50.20658759669436
231257,-163.0070849756844
231258,-625.5876915977879
231259,-530.4351689532896
231260,-663.911148260431
231261,497.62732629176094
231262,284.4136537193822
231263,-178.16695290272116
231264,-83.014430258223
231265,-508.3299804222454
231266,653.2084941299468
231267,439.99482155756806
231268,-22.585785064535457
231269,72.56673757996282
231270,394.83199553206094
231271,1556.370470084253
231272,1343.1567975118742
231273,880.5761908897709
231274,975.728713534269
231275,842.2527342271276
231276,2003.7912087793195
231277,1790.5775362069407
231278,1327.9969295848375
231279,1423.1494522293356
231280,997.8339020653134
231281,2159.3723766175053
231282,1946.1587040451268
231283,1483.5780974230233
231284,1578.7306200675216
231285,-165.64564277953855
231286,995.8928317726535
231287,782.6791592002747
231288,320.09855257817134
231289,415.25107522266956
231290,281.775095915528
231291,1443.3135704677202
231292,1230.0998978953412
231293,767.5192912732381
231294,862.6718139177361
231295,437.35626375371385
231296,1598.894738305906
231297,1385.6810657335272
231298,923.1004591114238
231299,1018.2529817559221
231300,-199.70983820238314
231301,961.8286363498089
231302,748.6149637774301
231303,286.0343571553268
231304,381.186879799825
231305,247.71090049268344
231306,1409.2493750448755
231307,1196.0357024724967
231308,733.4550958503934
231309,828.6076184948915
231310,403.29206833086926
231311,1564.8305428830613
231312,1351.6168703106825
231313,889.0362636885792
231314,984.1887863330774
231315,-191.6365002611068
231316,969.9019742910853
231317,756.6883017187065
231318,294.1076950966031
231319,389.2602177411013
231320,255.78423843395979
231321,1417.3227129861518
231322,1204.109040413773
231323,741.5284337916697
231324,836.6809564361679
231325,411.3654062721456
231326,1572.9038808243376
231327,1359.690208251959
231328,897.1096016298554
231329,992.2621242743537
231330,-397.5681885827112
231331,763.9702859694809
231332,550.756613397102
231333,88.17600677499877
231334,183.32852941949693
231335,49.8525501123554
231336,1211.3910246645473
231337,998.1773520921687
231338,535.5967454700653
231339,630.7492681145635
231340,205.43371795054122
231341,1366.9721925027334
231342,1153.7585199303544
231343,691.1779133082512
231344,786.3304359527493
231345,-1022.4605334834948
231346,139.0779410686972
231347,-74.13573150368154
231348,-536.7163381257849
231349,-441.5638154812866
231350,-575.0397947884283
231351,586.4986797637638
231352,373.28500719138503
231353,-89.29559943071831
231354,5.856923213779851
231355,-419.45862695024243
231356,742.0798476019496
231357,528.8661750295709
231358,66.28556840746751
231359,161.43809105196567
231360,483.70334900406385
231361,1645.241823556256
231362,1432.0281509838771
231363,969.4475443617739
231364,1064.6000670062722
231365,931.1240876991304
231366,2092.662562251323
231367,1879.4488896789437
231368,1416.8682830568405
231369,1512.0208057013388
231370,1086.7052555373161
231371,2248.243730089508
231372,2035.0300575171298
231373,1572.4494508950263
231374,1667.6019735395244
231375,-76.77428930753558
231376,1084.7641852446563
231377,871.5505126722776
231378,408.9699060501743
231379,504.1224286946725
231380,370.64644938753094
231381,1532.184923939723
231382,1318.9712513673442
231383,856.3906447452409
231384,951.5431673897391
231385,526.2276172257168
231386,1687.766091777909
231387,1474.55241920553
231388,1011.9718125834268
231389,1107.1243352279248
231390,-187.37058972910722
231391,974.1678848230847
231392,760.954212250706
231393,298.3736056286026
231394,393.52612827310077
231395,260.0501489659593
231396,1421.5886235181513
231397,1208.3749509457725
231398,745.7943443236692
231399,840.9468669681673
231400,415.6313168041451
231401,1577.169791356337
231402,1363.9561187839586
231403,901.375512161855
231404,996.5280348063532
231405,-179.2972517878311
231406,982.2412227643609
231407,769.0275501919822
231408,306.44694356987884
231409,401.5994662143771
231410,268.12348690723553
231411,1429.6619614594276
231412,1216.4482888870489
231413,753.8676822649455
231414,849.0202049094437
231415,423.70465474542135
231416,1585.2431292976135
231417,1372.0294567252347
231418,909.4488501031312
231419,1004.6013727476295
231420,-385.22894010943514
231421,776.3095344427567
231422,563.0958618703779
231423,100.51525524827457
231424,195.66777789277273
231425,62.191798585631204
231426,1223.7302731378231
231427,1010.5166005654445
231428,547.9359939433411
231429,643.0885165878393
231430,217.77296642381714
231431,1379.311440976009
231432,1166.0977684036304
231433,703.517161781527
231434,798.6696844260251
231435,-1010.121285010219
231436,151.4171895419729
231437,-61.79648303040585
231438,-524.3770896525091
231439,-429.22456700801104
231440,-562.7005463151525
231441,598.8379282370395
231442,385.62425566466084
231443,-76.9563509574424
231444,18.196171687055767
231445,-407.1193784769664
231446,754.4190960752253
231447,541.2054235028467
231448,78.62481688074331
231449,173.77733952524147
231450,496.0425974773397
231451,1657.5810720295317
231452,1444.367399457153
231453,981.7867928350497
231454,1076.9393154795478
231455,943.4633361724063
231456,2105.0018107245983
231457,1891.7881381522195
231458,1429.2075315301163
231459,1524.3600541746143
231460,1099.0445040105922
231461,2260.582978562784
231462,2047.3693059904056
231463,1584.788699368302
231464,1679.9412220128002
231465,-64.4350408342599
231466,1097.1034337179321
231467,883.8897611455534
231468,421.30915452345005
231469,516.4616771679482
231470,382.9856978608067
231471,1544.5241724129987
231472,1331.31049984062
231473,868.7298932185167
231474,963.8824158630148
231475,538.5668656989925
231476,1700.1053402511845
231477,1486.8916676788058
231478,1024.3110610567023
231479,1119.4635837012006
231480,-337.9297211320709
231481,823.6087534201212
231482,610.3950808477425
231483,147.81447422563906
231484,242.96699687013728
231485,109.49101756299581
231486,1271.0294921151878
231487,1057.815819542809
231488,595.2352129207057
231489,690.3877355652039
231490,265.0721854011817
231491,1426.6106599533737
231492,1213.396987380995
231493,750.8163807588916
231494,845.9689034033897
231495,-329.85638319079453
231496,831.6820913613975
231497,618.4684187890188
231498,155.8878121669154
231499,251.04033481141357
231500,117.56435550427216
231501,1279.102830056464
231502,1065.8891574840854
231503,603.3085508619821
231504,698.4610735064803
231505,273.14552334245803
231506,1434.68399789465
231507,1221.4703253222713
231508,758.8897187001678
231509,854.0422413446661
231510,-535.7880715123986
231511,625.7504030397931
231512,412.5367304674145
231513,-50.04387615468886
231514,45.108646489809416
231515,-88.36733281733223
231516,1073.1711417348597
231517,859.9574691624811
231518,397.3768625403777
231519,492.5293851848759
231520,67.2138350208536
231521,1228.7523095730455
231522,1015.5386370006669
231523,552.9580303785635
231524,648.1105530230617
231525,-1160.6804164131825
231526,0.8580581390095858
231527,-212.35561443336917
231528,-674.9362210554725
231529,-579.7836984109745
231530,-713.2596777181159
231531,448.27879683407616
231532,235.0651242616974
231533,-227.51548236040594
231534,-132.36295971590778
231535,-557.6785098799301
231536,603.859964672262
231537,390.6462920998832
231538,-71.93431452222023
231539,23.218208122278043
231540,345.48346607437617
231541,1507.0219406265683
231542,1293.8082680541895
231543,831.227661432086
231544,926.3801840765843
231545,792.9042047694428
231546,1954.4426793216348
231547,1741.229006749256
231548,1278.6484001271529
231549,1373.800922771651
231550,948.4853726076287
231551,2110.0238471598204
231552,1896.810174587442
231553,1434.2295679653387
231554,1529.3820906098367
231555,-214.99417223722344
231556,946.5443023149687
231557,733.33062974259
231558,270.7500231204865
231559,365.9025457649848
231560,232.42656645784325
231561,1393.9650410100353
231562,1180.7513684376565
231563,718.1707618155533
231564,813.3232844600514
231565,388.0077342960291
231566,1549.546208848221
231567,1336.3325362758424
231568,873.751929653739
231569,968.9044522982373
231570,-325.5904726587951
231571,835.9480018933971
231572,622.7343293210183
231573,160.15372269891486
231574,255.30624534341314
231575,121.83026603627161
231576,1283.3687405884637
231577,1070.155068016085
231578,607.5744613939816
231579,702.7269840384797
231580,277.41143387445743
231581,1438.9499084266495
231582,1225.7362358542707
231583,763.1556292321674
231584,858.3081518766655
231585,-317.51713471751873
231586,844.0213398346733
231587,630.8076672622946
231588,168.2270606401912
231589,263.37958328468943
231590,129.90360397754796
231591,1291.44207852974
231592,1078.2284059573612
231593,615.6477993352579
231594,710.8003219797561
231595,285.48477181573367
231596,1447.0232463679258
231597,1233.809573795547
231598,771.2289671734436
231599,866.3814898179419
231600,-523.4488230391232
231601,638.089651513069
231602,424.87597894069023
231603,-37.70462768141306
231604,57.447894963085105
231605,-76.02808434405642
231606,1085.5103902081355
231607,872.2967176357569
231608,409.7161110136535
231609,504.8686336581517
231610,79.55308349412928
231611,1241.0915580463216
231612,1027.8778854739426
231613,565.2972788518393
231614,660.4498014963375
231615,-1148.3411679399069
231616,13.197306612285388
231617,-200.01636596009337
231618,-662.5969725821969
231619,-567.4444499376987
231620,-700.9204292448401
231621,460.61804530735196
231622,247.4043727349732
231623,-215.17623388713014
231624,-120.02371124263198
231625,-545.3392614066545
231626,616.1992131455378
231627,402.985540573159
231628,-59.59506604894432
231629,35.557456595553845
231630,357.82271454765197
231631,1519.361189099844
231632,1306.1475165274653
231633,843.566909905362
231634,938.7194325498601
231635,805.2434532427186
231636,1966.7819277949106
231637,1753.568255222532
231638,1290.9876486004287
231639,1386.140171244927
231640,960.8246210809044
231641,2122.3630956330962
231642,1909.1494230607177
231643,1446.5688164386145
231644,1541.7213390831125
231645,-202.65492376394764
231646,958.8835507882445
231647,745.6698782158658
231648,283.08927159376236
231649,378.2417942382606
231650,244.765814931119
231651,1406.304289483311
231652,1193.0906169109323
231653,730.510010288829
231654,825.6625329333272
231655,400.3469827693049
231656,1561.885457321497
231657,1348.6717847491182
231658,886.0911781270148
231659,981.243700771513
231660,-313.2512241855193
231661,848.2872503666728
231662,635.0735777942941
231663,172.49297117219066
231664,267.6454938166889
231665,134.1695145095473
231666,1295.7079890617392
231667,1082.4943164893607
231668,619.9137098672574
231669,715.0662325117555
231670,289.75068234773323
231671,1451.2891568999253
231672,1238.0754843275465
231673,775.4948777054432
231674,870.6474003499413
231675,-305.1778862442429
231676,856.3605883079491
231677,643.1469157355704
231678,180.566309113467
231679,275.7188317579652
231680,142.24285245082365
231681,1303.7813270030156
231682,1090.567654430637
231683,627.9870478085337
231684,723.1395704530319
231685,297.8240202890096
231686,1459.3624948412016
231687,1246.1488222688229
231688,783.5682156467194
231689,878.7207382912177
231690,-511.1095745658472
231691,650.4288999863447
231692,437.2152274139661
231693,-25.365379208137256
231694,69.7871434363609
231695,-63.688835870780736
231696,1097.8496386814113
231697,884.6359661090326
231698,422.0553594869293
231699,517.2078821314275
231700,91.8923319674052
231701,1253.4308065195974
231702,1040.2171339472184
231703,577.6365273251151
231704,672.7890499696133
231705,-1136.0019194666309
231706,25.536555085561076
231707,-187.67711748681756
231708,-650.2577241089209
231709,-555.1052014644226
231710,-688.5811807715643
231711,472.9572937806277
231712,259.74362120824907
231713,-202.83698541385434
231714,-107.68446276935617
231715,-533.0000129333785
231716,628.5384616188135
231717,415.32478904643483
231718,-47.255817575668516
231719,47.89670506882965
231720,370.1619630209277
231721,1531.7004375731199
231722,1318.4867650007411
231723,855.9061583786378
231724,951.0586810231359
231725,817.5827017159943
231726,1979.1211762681864
231727,1765.9075036958077
231728,1303.3268970737045
231729,1398.4794197182025
231730,973.1638695541802
231731,2134.702344106372
231732,1921.4886715339937
231733,1458.9080649118903
231734,1554.0605875563883
231735,-190.31567529067183
231736,971.2227992615203
231737,758.0091266891416
231738,295.42852006703816
231739,390.5810427115364
231740,257.10506340439485
231741,1418.643537956587
231742,1205.4298653842081
231743,742.8492587621049
231744,838.001781406603
231745,412.6862312425807
231746,1574.2247057947727
231747,1361.011033222394
231748,898.4304266002906
231749,993.5829492447889
231750,-300.9119757122435
231751,860.6264988399486
231752,647.4128262675698
231753,184.83221964546647
231754,279.9847422899647
231755,146.5087629828232
231756,1308.0472375350153
231757,1094.8335649626365
231758,632.2529583405332
231759,727.4054809850313
231760,302.0899308210091
231761,1463.628405373201
231762,1250.4147328008223
231763,787.834126178719
231764,882.9866488232171
231765,-292.8386377709671
231766,868.6998367812249
231767,655.4861642088462
231768,192.90555758674282
231769,288.058080231241
231770,154.58210092409956
231771,1316.1205754762914
231772,1102.9069029039129
231773,640.3262962818095
231774,735.4788189263077
231775,310.16326876228544
231776,1471.7017433144774
231777,1258.4880707420987
231778,795.9074641199952
231779,891.0599867644935
231780,-498.77032609257117
231781,662.7681484596205
231782,449.5544758872419
231783,-13.026130734861454
231784,82.12639190963682
231785,-51.34958739750482
231786,1110.188887154687
231787,896.9752145823085
231788,434.3946079602051
231789,529.5471306047033
231790,104.231580440681
231791,1265.7700549928732
231792,1052.5563824204942
231793,589.9757757983909
231794,685.1282984428891
231795,-1123.662670993355
231796,37.87580355883699
231797,-175.33786901354176
231798,-637.9184756356451
231799,-542.7659529911471
231800,-676.2419322982885
231801,485.29654225390357
231802,272.0828696815248
231803,-190.49773694057853
231804,-95.34521429608037
231805,-520.6607644601027
231806,640.8777100920894
231807,427.66403751971063
231808,-34.91656910239283
231809,60.23595354210545
231810,382.5012114942036
231811,1544.0396860463957
231812,1330.826013474017
231813,868.2454068519135
231814,963.3979294964117
231815,829.9219501892702
231816,1991.4604247414622
231817,1778.2467521690835
231818,1315.6661455469803
231819,1410.8186681914783
231820,985.5031180274561
231821,2147.041592579648
231822,1933.8279200072693
231823,1471.247313385166
231824,1566.3998360296641
231825,-177.97642681739603
231826,983.5620477347961
231827,770.3483751624174
231828,307.7677685403139
231829,402.9202911848122
231830,269.4443118776706
231831,1430.9827864298627
231832,1217.769113857484
231833,755.1885072353807
231834,850.3410298798788
231835,425.02547971585653
231836,1586.5639542680485
231837,1373.3502816956698
231838,910.7696750735664
231839,1005.9221977180647
231840,-288.5727272389677
231841,872.9657473132244
231842,659.7520747408457
231843,197.17146811874227
231844,292.3239907632405
231845,158.84801145609902
231846,1320.386486008291
231847,1107.1728134359123
231848,644.592206813809
231849,739.7447294583071
231850,314.42917929428484
231851,1475.9676538464769
231852,1262.7539812740981
231853,800.1733746519948
231854,895.3258972964929
231855,-280.4993892976913
231856,881.0390852545007
231857,667.825412682122
231858,205.24480606001862
231859,300.3973287045168
231860,166.92134939737537
231861,1328.4598239495672
231862,1115.2461513771887
231863,652.6655447550853
231864,747.8180673995835
231865,322.5025172355611
231866,1484.0409917877532
231867,1270.8273192153745
231868,808.246712593271
231869,903.3992352377693
231870,-486.4310776192958
231871,675.1073969328963
231872,461.89372436051764
231873,-0.6868822615856516
231874,94.46564038291251
231875,-39.01033892422902
231876,1122.528135627963
231877,909.3144630555842
231878,446.73385643348087
231879,541.886379077979
231880,116.57082891395669
231881,1278.109303466149
231882,1064.89563089377
231883,602.3150242716667
231884,697.4675469161649
231885,-1111.3234225200792
231886,50.215052032112794
231887,-162.99862054026596
231888,-625.5792271623693
231889,-530.426704517871
231890,-663.9026838250127
231891,497.63579072717937
231892,284.4221181548006
231893,-178.15848846730273
231894,-83.00596582280457
231895,-508.3215159868271
231896,653.2169585653652
231897,440.00328599298643
231898,-22.57732062911691
231899,72.57520201538125
231900,394.8404599674794
231901,1556.3789345196715
231902,1343.1652619472927
231903,880.5846553251893
231904,975.7371779696875
231905,842.261198662546
231906,2003.799673214738
231907,1790.5860006423593
231908,1328.005394020256
231909,1423.157916664754
231910,997.8423665007318
231911,2159.3808410529236
231912,1946.1671684805451
231913,1483.5865618584417
231914,1578.73908450294
231915,-165.63717834412023
231916,995.9012962080719
231917,782.6876236356932
231918,320.10701701358977
231919,415.259539658088
231920,281.7835603509464
231921,1443.3220349031385
231922,1230.1083623307597
231923,767.5277557086564
231924,862.6802783531546
231925,437.3647281891323
231926,1598.9032027413243
231927,1385.6895301689456
231928,923.1089235468422
231929,1018.2614461913404
231930,-199.7013737669647
231931,961.8371007852272
231932,748.6234282128485
231933,286.0428215907452
231934,381.1953442352434
231935,247.7193649281018
231936,1409.2578394802938
231937,1196.044166907915
231938,733.4635602858118
231939,828.61608293031
231940,403.3005327662877
231941,1564.8390073184796
231942,1351.625334746101
231943,889.0447281239976
231944,984.1972507684959
231945,-191.62803582568836
231946,969.9104387265036
231947,756.6967661541248
231948,294.11615953202147
231949,389.2686821765197
231950,255.79270286937816
231951,1417.3311774215701
231952,1204.1175048491914
231953,741.5368982270882
231954,836.6894208715863
231955,411.37387070756404
231956,1572.912345259756
231957,1359.6986726873774
231958,897.118066065274
231959,992.2705887097721
231960,-397.5597241472926
231961,763.9787504048992
231962,550.7650778325205
231963,88.18447121041709
231964,183.33699385491536
231965,49.86101454777372
231966,1211.3994890999659
231967,998.1858165275871
231968,535.6052099054838
231969,630.7577325499819
231970,205.44218238595965
231971,1366.9806569381517
231972,1153.766984365773
231973,691.1863777436695
231974,786.3389003881678
231975,-1022.4520690480765
231976,139.08640550411553
231977,-74.12726706826322
231978,-536.7078736903666
231979,-441.5553510458683
231980,-575.0313303530099
231981,586.5071441991821
231982,373.29347162680347
231983,-89.28713499529988
231984,5.865387649198283
231985,-419.4501625148239
231986,742.0883120373679
231987,528.8746394649893
231988,66.29403284288583
231989,161.4465554873841
231990,483.7118134394822
231991,1645.2502879916742
231992,1432.0366154192957
231993,969.4560087971922
231994,1064.6085314416905
231995,931.1325521345489
231996,2092.6710266867412
231997,1879.4573541143623
231998,1416.8767474922588
231999,1512.029270136757
232000,1086.7137199727347
232001,2248.2521945249264
232002,2035.038521952548
232003,1572.4579153304448
232004,1667.610437974943
232005,-76.76582487211726
232006,1084.7726496800747
232007,871.558977107696
232008,408.9783704855927
232009,504.13089313009084
232010,370.6549138229493
232011,1532.1933883751412
232012,1318.9797158027627
232013,856.3991091806594
232014,951.5516318251575
232015,526.2360816611351
232016,1687.7745562133273
232017,1474.5608836409485
232018,1011.9802770188451
232019,1107.1327996633433
232020,-187.3621252936889
232021,974.176349258503
232022,760.9626766861243
232023,298.382070064021
232024,393.53459270851914
232025,260.05861340137767
232026,1421.5970879535698
232027,1208.3834153811908
232028,745.8028087590876
232029,840.9553314035858
232030,415.63978123956355
232031,1577.1782557917554
232032,1363.964583219377
232033,901.3839765972734
232034,996.5364992417716
232035,-179.28878735241267
232036,982.2496871997794
232037,769.0360146274006
232038,306.4554080052973
232039,401.60793064979543
232040,268.1319513426539
232041,1429.670425894846
232042,1216.4567533224672
232043,753.876146700364
232044,849.0286693448621
232045,423.7131191808398
232046,1585.2515937330318
232047,1372.037921160653
232048,909.4573145385497
232049,1004.609837183048
232050,-385.2204756740168
232051,776.317998878175
232052,563.1043263057963
232053,100.523719683693
232054,195.67624232819117
232055,62.200263021049636
232056,1223.7387375732417
232057,1010.5250650008629
232058,547.9444583787596
232059,643.0969810232577
232060,217.78143085923557
232061,1379.3199054114275
232062,1166.1062328390487
232063,703.5256262169453
232064,798.6781488614436
232065,-1010.1128205748007
232066,151.42565397739145
232067,-61.78801859498731
232068,-524.3686252170908
232069,-429.2161025725927
232070,-562.6920818797341
232071,598.846392672458
232072,385.63272010007927
232073,-76.94788652202408
232074,18.204636122474085
232075,-407.1109140415481
232076,754.4275605106438
232077,541.2138879382651
232078,78.63328131616163
232079,173.7858039606598
232080,496.0510619127581
232081,1657.58953646495
232082,1444.3758638925713
232083,981.795257270468
232084,1076.9477799149663
232085,943.4718006078247
232086,2105.010275160017
232087,1891.7966025876378
232088,1429.2159959655346
232089,1524.3685186100329
232090,1099.0529684460105
232091,2260.591442998202
232092,2047.3777704258239
232093,1584.7971638037204
232094,1679.9496864482187
232095,-64.42657639884146
232096,1097.1118981533505
232097,883.8982255809717
232098,421.3176189588684
232099,516.4701416033666
232100,382.99416229622506
232101,1544.532636848417
232102,1331.3189642760385
232103,868.738357653935
232104,963.8908802984332
232105,538.5753301344109
232106,1700.113804686603
232107,1486.900132114224
232108,1024.3195254921209
232109,1119.4720481366192
232110,-337.92125669665234
232111,823.6172178555396
232112,610.4035452831608
232113,147.8229386610575
232114,242.9754613055557
232115,109.49948199841424
232116,1271.0379565506064
232117,1057.8242839782274
232118,595.2436773561242
232119,690.3962000006223
232120,265.08064983660006
232121,1426.619124388792
232122,1213.4054518164135
232123,750.82484519431
232124,845.9773678388082
232125,-329.847918755376
232126,831.6905557968159
232127,618.4768832244372
232128,155.89627660233373
232129,251.048799246832
232130,117.57281993969059
232131,1279.1112944918825
232132,1065.8976219195038
232133,603.3170152974005
232134,698.4695379418986
232135,273.1539877778764
232136,1434.6924623300683
232137,1221.4787897576896
232138,758.8981831355862
232139,854.0507057800845
232140,-535.7796070769803
232141,625.7588674752116
232142,412.5451949028328
232143,-50.03541171927054
232144,45.117110925227735
232145,-88.3588683819138
232146,1073.1796061702782
232147,859.9659335978995
232148,397.38532697579615
232149,492.53784962029425
232150,67.22229945627203
232151,1228.760774008464
232152,1015.5471014360853
232153,552.9664948139819
232154,648.1190174584801
232155,-1160.6719519777641
232156,0.8665225744280178
232157,-212.34714999795074
232158,-674.9277566200542
232159,-579.7752339755561
232160,-713.2512132826976
232161,448.2872612694946
232162,235.07358869711584
232163,-227.5070179249875
232164,-132.35449528048935
232165,-557.6700454445115
232166,603.8684291076804
232167,390.6547565353016
232168,-71.9258500868018
232169,23.226672557696475
232170,345.4919305097946
232171,1507.0304050619866
232172,1293.8167324896078
232173,831.2361258675046
232174,926.3886485120026
232175,792.9126692048612
232176,1954.4511437570532
232177,1741.2374711846746
232178,1278.6568645625712
232179,1373.8093872070694
232180,948.493837043047
232181,2110.0323115952388
232182,1896.8186390228605
232183,1434.238032400757
232184,1529.390555045255
232185,-214.9857078018049
232186,946.552766750387
232187,733.3390941780084
232188,270.75848755590494
232189,365.9110102004032
232190,232.43503089326168
232191,1393.9735054454536
232192,1180.759832873075
232193,718.1792262509716
232194,813.3317488954698
232195,388.0161987314475
232196,1549.5546732836397
232197,1336.3410007112607
232198,873.7603940891574
232199,968.9129167336557
232200,-325.58200822337653
232201,835.9564663288154
232202,622.7427937564366
232203,160.1621871343333
232204,255.31470977883146
232205,121.83873047168993
232206,1283.377205023882
232207,1070.1635324515032
232208,607.5829258294
232209,702.7354484738981
232210,277.41989830987586
232211,1438.9583728620678
232212,1225.7447002896893
232213,763.1640936675858
232214,858.316616312084
232215,-317.5086702821004
232216,844.0298042700917
232217,630.816131697713
232218,168.23552507560953
232219,263.3880477201078
232220,129.91206841296628
232221,1291.4505429651583
232222,1078.2368703927796
232223,615.6562637706763
232224,710.8087864151744
232225,285.4932362511521
232226,1447.0317108033441
232227,1233.8180382309656
232228,771.237431608862
232229,866.3899542533603
232230,-523.4403586037047
232231,638.0981159484874
232232,424.88444337610866
232233,-37.69616324599474
232234,57.45635939850354
232235,-76.0196199086381
232236,1085.5188546435538
232237,872.3051820711752
232238,409.7245754490719
232239,504.87709809357005
232240,79.56154792954771
232241,1241.1000224817399
232242,1027.8863499093611
232243,565.3057432872577
232244,660.4582659317559
232245,-1148.3327035044883
232246,13.205771047703706
232247,-200.00790152467493
232248,-662.5885081467784
232249,-567.4359855022801
232250,-700.9119648094218
232251,460.6265097427703
232252,247.41283717039164
232253,-215.1677694517117
232254,-120.01524680721354
232255,-545.3307969712359
232256,616.2076775809561
232257,402.99400500857746
232258,-59.586601613526
232259,35.56592103097228
232260,357.83117898307034
232261,1519.3696535352624
232262,1306.1559809628836
232263,843.5753743407804
232264,938.7278969852786
232265,805.2519176781369
232266,1966.790392230329
232267,1753.5767196579504
232268,1290.996113035847
232269,1386.1486356803453
232270,960.8330855163229
232271,2122.3715600685146
232272,1909.1578874961363
232273,1446.5772808740328
232274,1541.729803518531
232275,-202.6464593285292
232276,958.8920152236628
232277,745.6783426512841
232278,283.09773602918074
232279,378.25025867367896
232280,244.77427936653743
232281,1406.3127539187294
232282,1193.0990813463509
232283,730.5184747242474
232284,825.6709973687456
232285,400.3554472047233
232286,1561.8939217569152
232287,1348.6802491845367
232288,886.0996425624332
232289,981.2521652069314
232290,-313.24275975010096
232291,848.2957148020912
232292,635.0820422297124
232293,172.5014356076091
232294,267.65395825210726
232295,134.17797894496573
232296,1295.7164534971578
232297,1082.502780924779
232298,619.9221743026758
232299,715.074696947174
232300,289.7591467831516
232301,1451.2976213353436
232302,1238.083948762965
232303,775.5033421408616
232304,870.6558647853598
232305,-305.1694218088246
232306,856.3690527433674
232307,643.1553801709888
232308,180.57477354888533
232309,275.72729619338355
232310,142.25131688624208
232311,1303.7897914384341
232312,1090.5761188660554
232313,627.995512243952
232314,723.1480348884502
232315,297.83248472442796
232316,1459.37095927662
232317,1246.1572867042412
232318,783.5766800821378
232319,878.7292027266361
232320,-511.10111013042865
232321,650.4373644217632
232322,437.2236918493845
232323,-25.356914772718824
232324,69.79560787177934
232325,-63.680371435362304
232326,1097.8581031168296
232327,884.6444305444511
232328,422.0638239223477
232329,517.2163465668459
232330,91.90079640282352
232331,1253.4392709550157
232332,1040.225598382637
232333,577.6449917605335
232334,672.7975144050317
232335,-1135.9934550312125
232336,25.54501952097951
232337,-187.66865305139925
232338,-650.2492596735026
232339,-555.0967370290043
232340,-688.572716336146
232341,472.96575821604614
232342,259.7520856436674
232343,-202.82852097843602
232344,-107.67599833393786
232345,-532.9915484979601
232346,628.5469260542319
232347,415.33325348185326
232348,-47.2473531402502
232349,47.905169504247965
232350,370.1704274563461
232351,1531.7089020085382
232352,1318.4952294361594
232353,855.9146228140562
232354,951.0671454585543
232355,817.5911661514127
232356,1979.1296407036048
232357,1765.9159681312262
232358,1303.3353615091228
232359,1398.487884153621
232360,973.1723339895987
232361,2134.7108085417904
232362,1921.497135969412
232363,1458.9165293473086
232364,1554.0690519918069
232365,-190.30721085525352
232366,971.2312636969386
232367,758.0175911245599
232368,295.43698450245654
232369,390.58950714695476
232370,257.11352783981323
232371,1418.6520023920052
232372,1205.4383298196267
232373,742.8577231975232
232374,838.0102458420214
232375,412.69469567799905
232376,1574.2331702301913
232377,1361.0194976578125
232378,898.438891035709
232379,993.5914136802073
232380,-300.90351127682493
232381,860.634963275367
232382,647.4212907029882
232383,184.8406840808849
232384,279.9932067253831
232385,146.51722741824165
232386,1308.0557019704336
232387,1094.8420293980548
232388,632.2614227759516
232389,727.4139454204497
232390,302.09839525642747
232391,1463.6368698086194
232392,1250.4231972362409
232393,787.8425906141374
232394,882.9951132586356
232395,-292.8301733355486
232396,868.7083012166433
232397,655.4946286442646
232398,192.91402202216113
232399,288.0665446666594
232400,154.590565359518
232401,1316.12903991171
232402,1102.9153673393312
232403,640.3347607172279
232404,735.487283361726
232405,310.1717331977038
232406,1471.7102077498957
232407,1258.496535177517
232408,795.9159285554136
232409,891.0684511999119
232410,-498.76186165715285
232411,662.776612895039
232412,449.5629403226602
232413,-13.017666299443135
232414,82.13485634505514
232415,-51.34112296208639
232416,1110.1973515901054
232417,896.9836790177269
232418,434.4030723956235
232419,529.5555950401217
232420,104.24004487609943
232421,1265.7785194282915
232422,1052.5648468559127
232423,589.9842402338093
232424,685.1367628783075
232425,-1123.6542065579365
232426,37.884267994255424
232427,-175.32940457812333
232428,-637.9100112002268
232429,-542.7574885557285
232430,-676.2334678628702
232431,485.305006689322
232432,272.09133411694324
232433,-190.4892725051601
232434,-95.33674986066194
232435,-520.6523000246841
232436,640.8861745275078
232437,427.672501955129
232438,-34.908104666974396
232439,60.24441797752388
232440,382.509675929622
232441,1544.048150481814
232442,1330.8344779094352
232443,868.253871287332
232444,963.40639393183
232445,829.9304146246886
232446,1991.4688891768806
232447,1778.2552166045018
232448,1315.6746099823986
232449,1410.8271326268969
232450,985.5115824628745
232451,2147.050057015066
232452,1933.8363844426879
232453,1471.2557778205844
232454,1566.4083004650824
232455,-177.9679623819775
232456,983.5705121702144
232457,770.3568395978358
232458,307.77623297573234
232459,402.9287556202306
232460,269.452776313089
232461,1430.991250865281
232462,1217.7775782929025
232463,755.196971670799
232464,850.3494943152972
232465,425.0339441512749
232466,1586.572418703467
232467,1373.358746131088
232468,910.7781395089849
232469,1005.9306621534831
232470,-288.5642628035491
232471,872.9742117486428
232472,659.760539176264
232473,197.1799325541607
232474,292.33245519865886
232475,158.85647589151733
232476,1320.3949504437094
232477,1107.1812778713306
232478,644.6006712492274
232479,739.7531938937256
232480,314.43764372970327
232481,1475.9761182818952
232482,1262.7624457095167
232483,800.1818390874132
232484,895.3343617319114
232485,-280.490924862273
232486,881.0475496899192
232487,667.8338771175404
232488,205.25327049543694
232489,300.4057931399352
232490,166.92981383279368
232491,1328.4682883849855
232492,1115.254615812607
232493,652.6740091905036
232494,747.8265318350018
232495,322.5109816709795
232496,1484.0494562231715
232497,1270.835783650793
232498,808.2551770286894
232499,903.4076996731876
232500,-486.4226131838773
232501,675.1158613683148
232502,461.90218879593607
232503,-0.6784178261673333
232504,94.47410481833094
232505,-39.0018744888107
232506,1122.5366000633812
232507,909.3229274910026
232508,446.7423208688993
232509,541.8948435133974
232510,116.57929334937512
232511,1278.1177679015673
232512,1064.9040953291885
232513,602.3234887070851
232514,697.4760113515833
232515,-1111.314958084661
232516,50.22351646753111
232517,-162.99015610484753
232518,-625.570762726951
232519,-530.4182400824527
232520,-663.8942193895944
232521,497.6442551625977
232522,284.43058259021905
232523,-178.1500240318843
232524,-82.99750138738614
232525,-508.31305155140853
232526,653.2254230007835
232527,440.01175042840487
232528,-22.568856193698593
232529,72.58366645079968
232530,394.84892440289775
232531,1556.3873989550898
232532,1343.173726382711
232533,880.5931197606077
232534,975.7456424051059
232535,842.2696630979643
232536,2003.8081376501564
232537,1790.5944650777776
232538,1328.0138584556744
232539,1423.1663811001724
232540,997.8508309361503
232541,2159.389305488342
232542,1946.1756329159637
232543,1483.5950262938602
232544,1578.7475489383582
232545,-165.6287139087018
232546,995.9097606434902
232547,782.6960880711115
232548,320.11548144900814
232549,415.26800409350636
232550,281.79202478636483
232551,1443.3304993385568
232552,1230.1168267661783
232553,767.5362201440748
232554,862.688742788573
232555,437.3731926245507
232556,1598.9116671767426
232557,1385.697994604364
232558,923.1173879822607
232559,1018.2699106267588
232560,-199.6929093315464
232561,961.8455652206457
232562,748.6318926482669
232563,286.05128602616355
232564,381.2038086706618
232565,247.72782936352024
232566,1409.2663039157123
232567,1196.0526313433336
232568,733.4720247212302
232569,828.6245473657284
232570,403.30899720170606
232571,1564.847471753898
232572,1351.6337991815194
232573,889.053192559416
232574,984.2057152039142
232575,-191.61957139027004
232576,969.9189031619219
232577,756.7052305895431
232578,294.12462396743985
232579,389.27714661193806
232580,255.8011673047966
232581,1417.3396418569887
232582,1204.1259692846097
232583,741.5453626625066
232584,836.6978853070048
232585,411.3823351429824
232586,1572.9208096951743
232587,1359.7071371227958
232588,897.1265305006923
232589,992.2790531451906
232590,-397.5512597118743
232591,763.9872148403176
232592,550.7735422679389
232593,88.19293564583563
232594,183.3454582903338
232595,49.86947898319215
232596,1211.4079535353842
232597,998.1942809630054
232598,535.6136743409022
232599,630.7661969854003
232600,205.4506468213781
232601,1366.98912137357
232602,1153.7754488011913
232603,691.1948421790879
232604,786.3473648235862
232605,-1022.4436046126582
232606,139.09486993953396
232607,-74.11880263284479
232608,-536.6994092549483
232609,-441.54688661045
232610,-575.0228659175914
232611,586.5156086346005
232612,373.3019360622219
232613,-89.27867055988145
232614,5.873852084616715
232615,-419.44169807940557
232616,742.0967764727864
232617,528.8831039004076
232618,66.30249727830437
232619,161.45501992280253
232620,483.7202778749006
232621,1645.2587524270928
232622,1432.045079854714
232623,969.4644732326107
232624,1064.6169958771088
232625,931.1410165699672
232626,2092.6794911221596
232627,1879.4658185497806
232628,1416.8852119276771
232629,1512.0377345721754
232630,1086.722184408153
232631,2248.260658960345
232632,2035.0469863879664
232633,1572.4663797658632
232634,1667.6189024103612
232635,-76.75736043669895
232636,1084.7811141154932
232637,871.5674415431145
232638,408.98683492101105
232639,504.1393575655093
232640,370.66337825836774
232641,1532.2018528105598
232642,1318.988180238181
232643,856.4075736160778
232644,951.5600962605758
232645,526.2445460965536
232646,1687.7830206487456
232647,1474.569348076367
232648,1011.9887414542635
232649,1107.1412640987617
232650,-187.35366085827047
232651,974.1848136939215
232652,760.9711411215427
232653,298.3905344994394
232654,393.5430571439376
232655,260.0670778367961
232656,1421.6055523889881
232657,1208.3918798166092
232658,745.811273194506
232659,840.9637958390042
232660,415.6482456749819
232661,1577.186720227174
232662,1363.9730476547952
232663,901.3924410326917
232664,996.54496367719
232665,-179.28032291699424
232666,982.2581516351978
232667,769.044479062819
232668,306.4638724407157
232669,401.61639508521387
232670,268.14041577807234
232671,1429.6788903302645
232672,1216.4652177578855
232673,753.8846111357823
232674,849.0371337802804
232675,423.72158361625816
232676,1585.26005816845
232677,1372.0463855960716
232678,909.4657789739681
232679,1004.6183016184663
232680,-385.2120112385985
232681,776.3264633135934
232682,563.1127907412147
232683,100.53218411911132
232684,195.68470676360948
232685,62.20872745646807
232686,1223.74720200866
232687,1010.5335294362812
232688,547.952922814178
232689,643.1054454586761
232690,217.7898952946539
232691,1379.3283698468458
232692,1166.114697274467
232693,703.5340906523637
232694,798.686613296862
232695,-1010.1043561393822
232696,151.43411841280977
232697,-61.77955415956899
232698,-524.3601607816724
232699,-429.2076381371742
232700,-562.6836174443156
232701,598.8548571078763
232702,385.64118453549764
232703,-76.93942208660565
232704,18.213100557892517
232705,-407.10244960612977
232706,754.4360249460622
232707,541.2223523736835
232708,78.64174575158006
232709,173.79426839607822
232710,496.0595263481765
232711,1657.5980009003686
232712,1444.3843283279898
232713,981.8037217058865
232714,1076.9562443503846
232715,943.4802650432431
232716,2105.0187395954354
232717,1891.8050670230564
232718,1429.224460400953
232719,1524.3769830454512
232720,1099.061432881429
232721,2260.599907433621
232722,2047.3862348612422
232723,1584.805628239139
232724,1679.958150883637
232725,-64.41811196342314
232726,1097.120362588769
232727,883.9066900163903
232728,421.32608339428685
232729,516.4786060387851
232730,383.0026267316435
232731,1544.5411012838356
232732,1331.3274287114568
232733,868.7468220893535
232734,963.8993447338516
232735,538.5837945698293
232736,1700.1222691220214
232737,1486.9085965496427
232738,1024.3279899275392
232739,1119.4805125720375
232740,-337.912792261234
232741,823.625682290958
232742,610.4120097185793
232743,147.83140309647592
232744,242.9839257409741
232745,109.50794643383256
232746,1271.0464209860247
232747,1057.832748413646
232748,595.2521417915425
232749,690.4046644360408
232750,265.0891142720185
232751,1426.6275888242103
232752,1213.4139162518318
232753,750.8333096297284
232754,845.9858322742266
232755,-329.83945431995767
232756,831.6990202322343
232757,618.4853476598555
232758,155.90474103775216
232759,251.05726368225038
232760,117.58128437510891
232761,1279.1197589273008
232762,1065.906086354922
232763,603.3254797328188
232764,698.478002377317
232765,273.16245221329484
232766,1434.7009267654867
232767,1221.4872541931081
232768,758.9066475710047
232769,854.059170215503
232770,-535.7711426415619
232771,625.76733191063
232772,412.55365933825124
232773,-50.02694728385211
232774,45.12557536064617
232775,-88.35040394649536
232776,1073.1880706056966
232777,859.9743980333178
232778,397.3937914112145
232779,492.5463140557127
232780,67.23076389169046
232781,1228.7692384438824
232782,1015.5555658715036
232783,552.9749592494003
232784,648.1274818938986
232785,-1160.6634875423456
232786,0.8749870098463362
232787,-212.3386855625323
232788,-674.9192921846357
232789,-579.7667695401376
232790,-713.242748847279
232791,448.2957257049129
232792,235.08205313253427
232793,-227.49855348956908
232794,-132.3460308450709
232795,-557.6615810090932
232796,603.8768935430987
232797,390.66322097072003
232798,-71.91738565138337
232799,23.235136993114907
232800,345.500394945213
232801,1507.038869497405
232802,1293.8251969250264
232803,831.2445903029229
232804,926.3971129474211
232805,792.9211336402795
232806,1954.4596081924715
232807,1741.245935620093
232808,1278.6653289979895
232809,1373.8178516424878
232810,948.5023014784655
232811,2110.040776030657
232812,1896.8271034582788
232813,1434.2464968361755
232814,1529.3990194806736
232815,-214.97724336638657
232816,946.5612311858055
232817,733.3475586134267
232818,270.76695199132337
232819,365.91947463582153
232820,232.44349532868
232821,1393.981969880872
232822,1180.7682973084934
232823,718.18769068639
232824,813.3402133308882
232825,388.02466316686593
232826,1549.563137719058
232827,1336.3494651466792
232828,873.7688585245759
232829,968.921381169074
232830,-325.5735437879582
232831,835.9649307642338
232832,622.7512581918551
232833,160.17065156975173
232834,255.3231742142499
232835,121.84719490710836
232836,1283.3856694593005
232837,1070.1719968869218
232838,607.5913902648183
232839,702.7439129093166
232840,277.42836274529424
232841,1438.9668372974863
232842,1225.7531647251076
232843,763.1725581030041
232844,858.3250807475024
232845,-317.5002058466821
232846,844.0382687055102
232847,630.8245961331313
232848,168.24398951102796
232849,263.3965121555262
232850,129.9205328483847
232851,1291.4590074005769
232852,1078.2453348281979
232853,615.6647282060947
232854,710.8172508505928
232855,285.5017006865705
232856,1447.0401752387627
232857,1233.826502666384
232858,771.2458960442805
232859,866.3984186887786
232860,-523.4318941682861
232861,638.1065803839058
232862,424.8929078115271
232863,-37.687698810576194
232864,57.46482383392197
232865,-76.01115547321967
232866,1085.5273190789724
232867,872.3136465065936
232868,409.73303988449027
232869,504.88556252898843
232870,79.57001236496603
232871,1241.1084869171582
232872,1027.8948143447794
232873,565.3142077226761
232874,660.4667303671743
232875,-1148.32423906907
232876,13.214235483122138
232877,-199.99943708925662
232878,-662.5800437113601
232879,-567.4275210668618
232880,-700.9035003740032
232881,460.6349741781888
232882,247.42130160581007
232883,-215.15930501629327
232884,-120.00678237179511
232885,-545.3223325358174
232886,616.2161420163746
232887,403.00246944399584
232888,-59.578137178107454
232889,35.57438546639071
232890,357.8396434184887
232891,1519.3781179706807
232892,1306.164445398302
232893,843.5838387761987
232894,938.736361420697
232895,805.2603821135554
232896,1966.7988566657475
232897,1753.5851840933688
232898,1291.0045774712653
232899,1386.1571001157636
232900,960.8415499517412
232901,2122.3800245039333
232902,1909.1663519315546
232903,1446.5857453094513
232904,1541.7382679539494
232905,-202.63799489311077
232906,958.9004796590813
232907,745.6868070867025
232908,283.1062004645991
232909,378.25872310909733
232910,244.7827438019558
232911,1406.321218354148
232912,1193.1075457817692
232913,730.5269391596659
232914,825.679461804164
232915,400.3639116401417
232916,1561.9023861923338
232917,1348.688713619955
232918,886.1081069978516
232919,981.2606296423498
232920,-314.2192593708346
232921,847.3192151813575
232922,634.1055426089789
232923,171.52493598687556
232924,266.67745863137367
232925,133.2014793242322
232926,1294.7399538764244
232927,1081.5262813040454
232928,618.9456746819421
232929,714.0981973264403
232930,288.7826471624179
232931,1450.32112171461
232932,1237.1074491422314
232933,774.526842520128
232934,869.6793651646261
232935,-306.14592142955826
232936,855.3925531226339
232937,642.1788805502551
232938,179.5982739281518
232939,274.75079657264996
232940,141.27481726550843
232941,1302.8132918177005
232942,1089.5996192453217
232943,627.0190126232185
232944,722.1715352677166
232945,296.85598510369425
232946,1458.3944596558863
232947,1245.1807870835078
232948,782.6001804614043
232949,877.7527031059025
232950,-512.0776097511625
232951,649.4608648010296
232952,436.2471922286508
232953,-26.333414393452472
232954,68.81910825104569
232955,-64.65687105609595
232956,1096.8816034960962
232957,883.6679309237174
232958,421.0873243016141
232959,516.2398469461123
232960,90.92429678208987
232961,1252.462771334282
232962,1039.2490987619033
232963,576.6684921397999
232964,671.8210147842981
232965,-1136.9699546519462
232966,24.568519900245974
232967,-188.64515267213278
232968,-651.2257592942362
232969,-556.073236649738
232970,-689.5492159568796
232971,471.98925859531255
232972,258.7755860229338
232973,-203.80502059916955
232974,-108.65249795467139
232975,-533.9680481186938
232976,627.5704264334984
232977,414.3567538611196
232978,-48.22385276098373
232979,46.92866988351443
232980,369.19392783561256
232981,1530.7324023878045
232982,1317.518729815426
232983,854.9381231933226
232984,950.0906458378208
232985,816.6146665306792
232986,1978.1531410828713
232987,1764.9394685104926
232988,1302.3588618883891
232989,1397.5113845328874
232990,972.195834368865
232991,2133.734308921057
232992,1920.5206363486784
232993,1457.9400297265752
232994,1553.0925523710732
232995,-191.28371047598694
232996,970.2547640762051
232997,757.0410915038264
232998,294.460484881723
232999,389.61300752622117
233000,256.13702821907964
233001,1417.6755027712716
233002,1204.461830198893
233003,741.8812235767897
233004,837.0337462212879
233005,411.71819605726546
233006,1573.2566706094576
233007,1360.0429980370789
233008,897.4623914149755
233009,992.6149140594737
233010,-301.8800108975586
233011,859.6584636546334
233012,646.4447910822546
233013,183.86418446015136
233014,279.01670710464947
233015,145.540727797508
233016,1307.0792023497002
233017,1093.8655297773212
233018,631.2849231552179
233019,726.4374457997161
233020,301.1218956356938
233021,1462.660370187886
233022,1249.4466976155072
233023,786.8660909934038
233024,882.018613637902
233025,-293.8066729562822
233026,867.7318015959097
233027,654.518129023531
233028,191.9375224014276
233029,287.09004504592576
233030,153.61406573878435
233031,1315.1525402909765
233032,1101.9388677185975
233033,639.3582610964943
233034,734.5107837409925
233035,309.19523357697017
233036,1470.733708129162
233037,1257.5200355567836
233038,794.9394289346801
233039,890.0919515791783
233040,-499.7383612778865
233041,661.8001132743053
233042,448.5864407019267
233043,-13.99416592017667
233044,81.1583567243215
233045,-52.31762258282015
233046,1109.220851969372
233047,896.0071793969933
233048,433.4265727748899
233049,528.5790954193881
233050,103.26354525536578
233051,1264.8020198075578
233052,1051.588347235179
233053,589.0077406130757
233054,684.1602632575739
233055,-1124.6307061786704
233056,36.90776837352166
233057,-176.3059041988571
233058,-638.8865108209604
233059,-543.7339881764622
233060,-677.2099674836038
233061,484.3285070685884
233062,271.11483449620965
233063,-191.46577212589364
233064,-96.31324948139559
233065,-521.6287996454178
233066,639.9096749067742
233067,426.6960023343954
233068,-35.88460428770793
233069,59.26791835679023
233070,381.5331763088884
233071,1543.0716508610803
233072,1329.8579782887018
233073,867.2773716665984
233074,962.4298943110965
233075,828.953915003955
233076,1990.4923895561471
233077,1777.2787169837684
233078,1314.698110361665
233079,1409.8506330061632
233080,984.5350828421409
233081,2146.073557394333
233082,1932.8598848219542
233083,1470.279278199851
233084,1565.431800844349
233085,-178.94446200271125
233086,982.5940125494808
233087,769.3803399771022
233088,306.7997333549988
233089,401.95225599949697
233090,268.47627669235544
233091,1430.0147512445476
233092,1216.8010786721688
233093,754.2204720500655
233094,849.3729946945637
233095,424.05744453054126
233096,1585.5959190827334
233097,1372.3822465103547
233098,909.8016398882513
233099,1004.9541625327495
233100,-289.540762424283
233101,871.9977121279092
233102,658.7840395555304
233103,196.20343293342717
233104,291.3559555779252
233105,157.8799762707838
233106,1319.4184508229757
233107,1106.204778250597
233108,643.6241716284937
233109,738.7766942729919
233110,313.46114410896956
233111,1474.9996186611615
233112,1261.785946088783
233113,799.2053394666796
233114,894.3578621111777
233115,-281.46742448300665
233116,880.0710500691855
233117,666.8573774968067
233118,204.2767708747034
233119,299.42929351920156
233120,165.95331421206004
233121,1327.491788764252
233122,1114.2781161918733
233123,651.6975095697701
233124,746.8500322142683
233125,321.5344820502459
233126,1483.072956602438
233127,1269.8592840300594
233128,807.2786774079559
233129,902.4312000524541
233130,-487.3991128046107
233131,674.1393617475812
233132,460.9256891752025
233133,-1.654917446900754
233134,93.4976051975973
233135,-39.97837410954435
233136,1121.5601004426478
233137,908.346427870269
233138,445.7658212481657
233139,540.9183438926639
233140,115.60279372864147
233141,1277.1412682808336
233142,1063.9275957084549
233143,601.3469890863515
233144,696.4995117308497
233145,-1112.2914577053946
233146,49.24701684679758
233147,-163.96665572558118
233148,-626.5472623476844
233149,-531.3947397031864
233150,-664.870719010328
233151,496.66775554186415
233152,283.4540829694855
233153,-179.12652365261783
233154,-83.97400100811967
233155,-509.28955117214196
233156,652.24892338005
233157,439.0352508076712
233158,-23.545355814432014
233159,71.60716683006603
233160,393.87242478216416
233161,1555.4108993343561
233162,1342.1972267619774
233163,879.6166201398742
233164,974.7691427843722
233165,841.2931634772308
233166,2002.8316380294227
233167,1789.617965457044
233168,1327.0373588349407
233169,1422.189881479439
233170,996.8743313154166
233171,2158.4128058676088
233172,1945.19913329523
233173,1482.6185266731266
233174,1577.7710493176248
233175,-166.60521352943533
233176,994.9332610227567
233177,781.7195884503778
233178,319.13898182827455
233179,414.2915044727727
233180,280.81552516563124
233181,1442.3539997178232
233182,1229.1403271454446
233183,766.5597205233413
233184,861.7122431678393
233185,436.3966930038171
233186,1597.9351675560092
233187,1384.7214949836305
233188,922.140888361527
233189,1017.2934110060253
233190,-200.66940895228004
233191,960.8690655999121
233192,747.6553930275334
233193,285.07478640543
233194,380.2273090499282
233195,246.75132974278665
233196,1408.2898042949787
233197,1195.0761317226
233198,732.4955251004966
233199,827.6480477449948
233200,402.3324975809724
233201,1563.8709721331645
233202,1350.6572995607858
233203,888.0766929386825
233204,983.2292155831806
233205,-192.59607101100357
233206,968.9424035411884
233207,755.7287309688096
233208,293.1481243467063
233209,388.3006469912045
233210,254.824667684063
233211,1416.363142236255
233212,1203.1494696638763
233213,740.5688630417729
233214,835.7213856862711
233215,410.4058355222489
233216,1571.9443100744409
233217,1358.730637502062
233218,896.1500308799588
233219,991.3025535244569
233220,-398.52775933260796
233221,763.0107152195841
233222,549.7970426472052
233223,87.21643602510198
233224,182.36895866960015
233225,48.892979362458505
233226,1210.4314539146508
233227,997.2177813422719
233228,534.6371747201686
233229,629.7896973646667
233230,204.47414720064432
233231,1366.0126217528364
233232,1152.7989491804578
233233,690.2183425583544
233234,785.3708652028525
233235,-1023.4201042333918
233236,138.11837031880043
233237,-75.09530225357832
233238,-537.6759088756819
233239,-442.5233862311836
233240,-575.9993655383253
233241,585.539109013867
233242,372.3254364414883
233243,-90.2551701806151
233244,4.897352463883067
233245,-420.4181977001392
233246,741.1202768520528
233247,527.9066042796741
233248,65.32599765757072
233249,160.4785203020689
233250,482.74377825416707
233251,1644.282252806359
233252,1431.0685802339804
233253,968.4879736118771
233254,1063.6404962563752
233255,930.1645169492336
233256,2091.7029915014255
233257,1878.4893189290472
233258,1415.9087123069437
233259,1511.0612349514417
233260,1085.7456847874196
233261,2247.2841593396115
233262,2034.0704867672328
233263,1571.4898801451295
233264,1666.6424027896278
233265,-77.73386005743248
233266,1083.8046144947596
233267,870.5909419223808
233268,408.0103353002775
233269,503.1628579447757
233270,369.68687863763415
233271,1531.2253531898264
233272,1318.0116806174474
233273,855.4310739953441
233274,950.5835966398422
233275,525.26804647582
233276,1686.806521028012
233277,1473.5928484556332
233278,1011.01224183353
233279,1106.1647644780282
233280,-188.33016047900423
233281,973.2083140731879
233282,759.994641500809
233283,297.4140348787058
233284,392.566557523204
233285,259.0905782160625
233286,1420.6290527682545
233287,1207.4153801958757
233288,744.8347735737724
233289,839.9872962182706
233290,414.6717460542483
233291,1576.2102206064403
233292,1362.9965480340616
233293,900.4159414119583
233294,995.5684640564564
233295,-180.25682253772788
233296,981.2816520144642
233297,768.0679794420854
233298,305.48737281998206
233299,400.6398954644803
233300,267.16391615733875
233301,1428.7023907095308
233302,1215.488718137152
233303,752.9081115150487
233304,848.0606341595469
233305,422.7450839955246
233306,1584.2835585477167
233307,1371.069885975338
233308,908.4892793532346
233309,1003.6418019977327
233310,-386.18851085933215
233311,775.3499636928598
233312,562.136291120481
233313,99.55568449837779
233314,194.70820714287595
233315,61.23222783573442
233316,1222.7707023879266
233317,1009.5570298155477
233318,546.9764231934444
233319,642.1289458379425
233320,216.81339567392024
233321,1378.3518702261122
233322,1165.1381976537336
233323,702.5575910316302
233324,797.7101136761283
233325,-1011.0808557601158
233326,150.45761879207612
233327,-62.75605378030252
233328,-525.3366604024059
233329,-430.1841377579076
233330,-563.6601170650492
233331,597.8783574871428
233332,384.66468491476405
233333,-77.9159217073393
233334,17.23660093715887
233335,-408.0789492268634
233336,753.4595253253286
233337,540.2458527529499
233338,77.66524613084653
233339,172.8177687753447
233340,495.0830267274429
233341,1656.621501279635
233342,1443.4078287072562
233343,980.8272220851529
233344,1075.979744729651
233345,942.5037654225096
233346,2104.0422399747013
233347,1890.8285674023227
233348,1428.2479607802195
233349,1523.4004834247175
233350,1098.0849332606954
233351,2259.6234078128873
233352,2046.4097352405086
233353,1583.8291286184053
233354,1678.9816512629036
233355,-65.39461158415679
233356,1096.1438629680354
233357,882.9301903956566
233358,420.34958377355326
233359,515.5021064180514
233360,382.0261271109099
233361,1543.5646016631022
233362,1330.3509290907232
233363,867.77032246862
233364,962.922845113118
233365,537.6072949490957
233366,1699.1457695012878
233367,1485.932096928909
233368,1023.3514903068058
233369,1118.5040129513038
233370,-338.88929188196767
233371,822.6491826702244
233372,609.4355100978456
233373,146.85490347574228
233374,242.00742612024044
233375,108.53144681309902
233376,1270.069921365291
233377,1056.8562487929123
233378,594.275642170809
233379,689.4281648153071
233380,264.1126146512848
233381,1425.6510892034769
233382,1212.4374166310981
233383,749.8568100089948
233384,845.009332653493
233385,-330.8159539406913
233386,830.7225206115007
233387,617.508848039122
233388,154.92824141701863
233389,250.0807640615168
233390,116.60478475437526
233391,1278.1432593065674
233392,1064.9295867341887
233393,602.3489801120853
233394,697.5015027565835
233395,272.18595259256114
233396,1433.724427144753
233397,1220.5107545723745
233398,757.930147950271
233399,853.0826705947693
233400,-536.7476422622956
233401,624.7908322898963
233402,411.5771597175177
233403,-51.003446904585644
233404,44.14907573991252
233405,-89.32690356722912
233406,1072.211570984963
233407,858.9978984125842
233408,396.41729179048093
233409,491.56981443497904
233410,66.25426427095681
233411,1227.792738823149
233412,1014.5790662507701
233413,551.9984596286668
233414,647.1509822731649
233415,-1161.6399871630795
233416,-0.1015126108873119
233417,-213.31518518326607
233418,-675.8957918053695
233419,-580.7432691608713
233420,-714.2192484680127
233421,447.3192260841793
233422,234.10555351180074
233423,-228.4750531103026
233424,-133.32253046580445
233425,-558.6380806298268
233426,602.9003939223651
233427,389.68672134998644
233428,-72.8938852721169
233429,22.25863737238126
233430,344.5238953244794
233431,1506.0623698766715
233432,1292.8486973042927
233433,830.2680906821893
233434,925.4206133266875
233435,791.944634019546
233436,1953.483108571738
233437,1740.2694359993593
233438,1277.6888293772558
233439,1372.8413520217541
233440,947.525801857732
233441,2109.064276409924
233442,1895.8506038375451
233443,1433.269997215442
233444,1528.42251985994
233445,-215.95374298712022
233446,945.5847315650719
233447,732.3710589926931
233448,269.7904523705897
233449,364.94297501508794
233450,231.46699570794647
233451,1393.0054702601385
233452,1179.7917976877598
233453,717.2111910656564
233454,812.3637137101546
233455,387.04816354613234
233456,1548.5866380983243
233457,1335.3729655259456
233458,872.7923589038422
233459,967.9448815483404
233460,-326.55004340869186
233461,834.9884311435002
233462,621.7747585711215
233463,159.19415194901808
233464,254.3466745935163
233465,120.87069528637483
233466,1282.4091698385669
233467,1069.195497266188
233468,606.6148906440848
233469,701.7674132885829
233470,276.45186312456053
233471,1437.9903376767527
233472,1224.776665104374
233473,762.1960584822706
233474,857.3485811267687
233475,-318.4767054674155
233476,843.0617690847765
233477,629.8480965123978
233478,167.26748989029443
233479,262.4200125347926
233480,128.94403322765106
233481,1290.4825077798432
233482,1077.2688352074645
233483,614.6882285853611
233484,709.8407512298593
233485,284.5252010658369
233486,1446.063675618029
233487,1232.8500030456503
233488,770.2693964235469
233489,865.4219190680451
233490,-524.4083937890198
233491,637.1300807631721
233492,423.9164081907934
233493,-38.66419843130984
233494,56.48832421318832
233495,-76.98765509395332
233496,1084.5508194582387
233497,871.33714688586
233498,408.75654026375673
233499,503.90906290825484
233500,78.5935127442325
233501,1240.1319872964245
233502,1026.9183147240458
233503,564.3377081019426
233504,659.4902307464407
233505,-1149.3007386898037
233506,12.237735862388604
233507,-200.97593670999015
233508,-663.5565433320935
233509,-568.4040206875954
233510,-701.8799999947371
233511,459.6584745574552
233512,246.44480198507642
233513,-216.13580463702692
233514,-120.98328199252876
233515,-546.298832156551
233516,615.2396423956409
233517,402.02596982326224
233518,-60.5546367988411
233519,34.59788584565706
233520,356.8631437977552
233521,1518.4016183499473
233522,1305.1879457775685
233523,842.6073391554652
233524,937.7598617999633
233525,804.2838824928218
233526,1965.8223570450139
233527,1752.608684472635
233528,1290.0280778505319
233529,1385.18060049503
233530,959.8650503310076
233531,2121.4035248831997
233532,1908.1898523108212
233533,1445.6092456887177
233534,1540.761768333216
233535,-203.61449451384442
233536,957.9239800383477
233537,744.710307465969
233538,282.1297008438656
233539,377.28222348836374
233540,243.80624418122227
233541,1405.3447187334143
233542,1192.1310461610356
233543,729.5504395389322
233544,824.7029621834304
233545,399.3874120194081
233546,1560.9258865716001
233547,1347.7122139992216
233548,885.131607377118
233549,980.2841300216162
233550,-314.21079493541606
233551,847.327679616776
233552,634.1140070443972
233553,171.53340042229388
233554,266.68592306679204
233555,133.2099437596505
233556,1294.7484183118427
233557,1081.534745739464
233558,618.9541391173606
233559,714.1066617618587
233560,288.79111159783633
233561,1450.3295861500285
233562,1237.1159135776497
233563,774.5353069555464
233564,869.6878296000446
233565,-306.1374569941397
233566,855.4010175580522
233567,642.1873449856736
233568,179.60673836357023
233569,274.7592610080684
233570,141.28328170092686
233571,1302.821756253119
233572,1089.6080836807403
233573,627.0274770586369
233574,722.179999703135
233575,296.8644495391127
233576,1458.4029240913048
233577,1245.189251518926
233578,782.6086448968226
233579,877.7611675413209
233580,-512.069145315744
233581,649.469329236448
233582,436.25565666406925
233583,-26.32494995803404
233584,68.82757268646412
233585,-64.64840662067763
233586,1096.8900679315145
233587,883.6763953591358
233588,421.09578873703254
233589,516.2483113815306
233590,90.9327612175083
233591,1252.4712357697003
233592,1039.2575631973218
233593,576.6769565752184
233594,671.8294792197165
233595,-1136.9614902165279
233596,24.576984335664292
233597,-188.63668823671446
233598,-651.2172948588179
233599,-556.0647722143196
233600,-689.5407515214613
233601,471.997723030731
233602,258.7840504583522
233603,-203.79655616375112
233604,-108.64403351925296
233605,-533.9595836832752
233606,627.5788908689168
233607,414.36521829653805
233608,-48.2153883255653
233609,46.93713431893286
233610,369.20239227103093
233611,1530.740866823223
233612,1317.5271942508443
233613,854.946587628741
233614,950.0991102732391
233615,816.6231309660975
233616,1978.1616055182897
233617,1764.947932945911
233618,1302.3673263238077
233619,1397.5198489683057
233620,972.2042988042834
233621,2133.7427733564755
233622,1920.5291007840967
233623,1457.9484941619935
233624,1553.1010168064918
233625,-191.27524604056862
233626,970.2632285116235
233627,757.0495559392448
233628,294.4689493171414
233629,389.62147196163954
233630,256.14549265449807
233631,1417.68396720669
233632,1204.4702946343114
233633,741.8896880122081
233634,837.0422106567062
233635,411.7266604926839
233636,1573.265135044876
233637,1360.0514624724974
233638,897.470855850394
233639,992.623378494892
233640,-301.87154646214026
233641,859.6669280900518
233642,646.4532555176731
233643,183.87264889556968
233644,279.0251715400679
233645,145.54919223292643
233646,1307.0876667851185
233647,1093.8739942127397
233648,631.2933875906364
233649,726.4459102351345
233650,301.13036007111225
233651,1462.6688346233043
233652,1249.4551620509255
233653,786.8745554288222
233654,882.0270780733204
233655,-293.7982085208639
233656,867.7402660313281
233657,654.5265934589494
233658,191.94598683684603
233659,287.0985094813442
233660,153.62253017420267
233661,1315.1610047263948
233662,1101.947332154016
233663,639.3667255319127
233664,734.5192481764109
233665,309.2036980123886
233666,1470.7421725645804
233667,1257.528499992202
233668,794.9478933700985
233669,890.1004160145967
233670,-499.7298968424682
233671,661.8085777097237
233672,448.5949051373451
233673,-13.985701484758238
233674,81.16682115973992
233675,-52.30915814740172
233676,1109.2293164047903
233677,896.0156438324117
233678,433.43503721030834
233679,528.5875598548065
233680,103.27200969078422
233681,1264.8104842429761
233682,1051.5968116705976
233683,589.0162050484942
233684,684.1687276929923
233685,-1124.6222417432518
233686,36.916232808940094
233687,-176.29743976343855
233688,-638.8780463855419
233689,-543.7255237410436
233690,-677.2015030481853
233691,484.3369715040067
233692,271.1232989316281
233693,-191.4573076904752
233694,-96.30478504597716
233695,-521.6203352099994
233696,639.9181393421925
233697,426.70446676981385
233698,-35.8761398522895
233699,59.276382792208665
233700,381.54164074430685
233701,1543.080115296499
233702,1329.8664427241201
233703,867.2858361020168
233704,962.438358746515
233705,828.9623794393734
233706,1990.5008539915655
233707,1777.2871814191867
233708,1314.7065747970832
233709,1409.8590974415815
233710,984.5435472775594
233711,2146.0820218297513
233712,1932.8683492573725
233713,1470.2877426352693
233714,1565.4402652797676
233715,-178.93599756729282
233716,982.6024769848993
233717,769.3888044125206
233718,306.80819779041724
233719,401.9607204349154
233720,268.4847411277739
233721,1430.023215679966
233722,1216.8095431075872
233723,754.2289364854839
233724,849.381459129982
233725,424.0659089659597
233726,1585.6043835181517
233727,1372.390710945773
233728,909.8101043236697
233729,1004.9626269681678
233730,-289.53229798886446
233731,872.0061765633276
233732,658.7925039909488
233733,196.21189736884548
233734,291.36442001334365
233735,157.88844070620223
233736,1319.4269152583943
233737,1106.2132426860155
233738,643.6326360639122
233739,738.7851587084103
233740,313.46960854438794
233741,1475.00808309658
233742,1261.7944105242013
233743,799.213803902098
233744,894.3663265465962
233745,-281.4589600475881
233746,880.0795145046039
233747,666.8658419322252
233748,204.28523531012183
233749,299.43775795462
233750,165.96177864747847
233751,1327.5002531996706
233752,1114.2865806272916
233753,651.7059740051885
233754,746.8584966496866
233755,321.5429464856643
233756,1483.0814210378562
233757,1269.8677484654777
233758,807.2871418433742
233759,902.4396644878725
233760,-487.3906483691924
233761,674.1478261829996
233762,460.9341536106208
233763,-1.6464530114824356
233764,93.50606963301561
233765,-39.969909674125915
233766,1121.5685648780661
233767,908.3548923056874
233768,445.7742856835841
233769,540.9268083280822
233770,115.6112581640599
233771,1277.149732716252
233772,1063.9360601438732
233773,601.35545352177
233774,696.5079761662681
233775,-1112.2829932699763
233776,49.2554812822159
233777,-163.95819129016286
233778,-626.5387979122661
233779,-531.386275267768
233780,-664.8622545749097
233781,496.6762199772826
233782,283.46254740490383
233783,-179.11805921719952
233784,-83.96553657270135
233785,-509.28108673672364
233786,652.2573878154683
233787,439.04371524308965
233788,-23.536891379013696
233789,71.61563126548435
233790,393.8808892175826
233791,1555.4193637697745
233792,1342.205691197396
233793,879.6250845752925
233794,974.7776072197908
233795,841.3016279126492
233796,2002.8401024648413
233797,1789.6264298924625
233798,1327.045823270359
233799,1422.1983459148573
233800,996.882795750835
233801,2158.421270303027
233802,1945.2075977306483
233803,1482.626991108545
233804,1577.7795137530431
233805,-166.596749094017
233806,994.941725458175
233807,781.7280528857964
233808,319.147446263693
233809,414.29996890819115
233810,280.8239896010497
233811,1442.3624641532417
233812,1229.148791580863
233813,766.5681849587596
233814,861.7207076032578
233815,436.4051574392355
233816,1597.9436319914275
233817,1384.7299594190488
233818,922.1493527969454
233819,1017.3018754414436
233820,-200.6609445168616
233821,960.8775300353304
233822,747.6638574629517
233823,285.08325084084845
233824,380.2357734853466
233825,246.75979417820508
233826,1408.298268730397
233827,1195.0845961580183
233828,732.503989535915
233829,827.6565121804132
233830,402.3409620163908
233831,1563.879436568583
233832,1350.665763996204
233833,888.0851573741008
233834,983.237680018599
233835,-192.58760657558514
233836,968.9508679766068
233837,755.737195404228
233838,293.15658878212474
233839,388.3091114266229
233840,254.83313211948143
233841,1416.3716066716734
233842,1203.1579340992946
233843,740.5773274771914
233844,835.7298501216895
233845,410.41429995766725
233846,1571.9527745098594
233847,1358.7391019374804
233848,896.1584953153772
233849,991.3110179598752
233850,-398.51929489718964
233851,763.0191796550024
233852,549.8055070826236
233853,87.2249004605203
233854,182.37742310501858
233855,48.90144379787694
233856,1210.439918350069
233857,997.2262457776903
233858,534.645639155587
233859,629.7981618000852
233860,204.48261163606276
233861,1366.021086188255
233862,1152.8074136158762
233863,690.2268069937727
233864,785.379329638271
233865,-1023.4116397979733
233866,138.12683475421875
233867,-75.08683781815989
233868,-537.6674444402634
233869,-442.5149217957651
233870,-575.9909011029067
233871,585.5475734492854
233872,372.3339008769067
233873,-90.24670574519666
233874,4.905816899301499
233875,-420.4097332647209
233876,741.1287412874713
233877,527.9150687150925
233878,65.33446209298904
233879,160.48698473748732
233880,482.7522426895855
233881,1644.2907172417777
233882,1431.077044669399
233883,968.4964380472956
233884,1063.6489606917937
233885,930.1729813846521
233886,2091.7114559368442
233887,1878.4977833644655
233888,1415.9171767423622
233889,1511.0696993868603
233890,1085.754149222838
233891,2247.29262377503
233892,2034.0789512026513
233893,1571.4983445805478
233894,1666.650867225046
233895,-77.72539562201405
233896,1083.8130789301779
233897,870.5994063577992
233898,408.01879973569595
233899,503.1713223801941
233900,369.6953430730526
233901,1531.2338176252447
233902,1318.0201450528657
233903,855.4395384307626
233904,950.5920610752606
233905,525.2765109112383
233906,1686.8149854634305
233907,1473.6013128910517
233908,1011.0207062689483
233909,1106.1732289134466
233910,-188.3216960435857
233911,973.2167785086062
233912,760.0031059362275
233913,297.42249931412425
233914,392.5750219586224
233915,259.09904265148094
233916,1420.6375172036728
233917,1207.423844631294
233918,744.8432380091908
233919,839.995760653689
233920,414.68021048966665
233921,1576.2186850418586
233922,1363.0050124694799
233923,900.4244058473766
233924,995.5769284918748
233925,-180.24835810230934
233926,981.2901164498826
233927,768.0764438775038
233928,305.4958372554005
233929,400.6483598998987
233930,267.1723805927572
233931,1428.7108551449492
233932,1215.4971825725704
233933,752.9165759504672
233934,848.0690985949652
233935,422.753548430943
233936,1584.292022983135
233937,1371.0783504107562
233938,908.4977437886529
233939,1003.650266433151
233940,-386.18004642391384
233941,775.3584281282782
233942,562.1447555558996
233943,99.56414893379622
233944,194.71667157829438
233945,61.24069227115274
233946,1222.779166823345
233947,1009.5654942509661
233948,546.9848876288628
233949,642.137410273361
233950,216.82186010933867
233951,1378.3603346615305
233952,1165.146662089152
233953,702.5660554670486
233954,797.7185781115468
233955,-1011.0723913246975
233956,150.46608322749455
233957,-62.747589344884204
233958,-525.3281959669876
233959,-430.1756733224893
233960,-563.6516526296307
233961,597.8868219225611
233962,384.6731493501825
233963,-77.90745727192075
233964,17.2450653725773
233965,-408.0704847914451
233966,753.467989760747
233967,540.2543171883683
233968,77.67371056626496
233969,172.82623321076312
233970,495.09149116286136
233971,1656.6299657150535
233972,1443.4162931426745
233973,980.8356865205712
233974,1075.9882091650695
233975,942.5122298579279
233976,2104.0507044101196
233977,1890.8370318377413
233978,1428.2564252156378
233979,1523.4089478601359
233980,1098.0933976961137
233981,2259.6318722483056
233982,2046.418199675927
233983,1583.8375930538236
233984,1678.990115698322
233985,-65.38614714873825
233986,1096.1523274034537
233987,882.9386548310749
233988,420.3580482089717
233989,515.5105708534699
233990,382.03459154632833
233991,1543.5730660985205
233992,1330.3593935261415
233993,867.7787869040383
233994,962.9313095485364
233995,537.6157593845141
233996,1699.154233936706
233997,1485.9405613643276
233998,1023.3599547422241
233999,1118.5124773867224
234000,-338.88082744654935
234001,822.6576471056428
234002,609.443974533264
234003,146.8633679111607
234004,242.01589055565887
234005,108.53991124851746
234006,1270.0783858007094
234007,1056.8647132283306
234008,594.2841066062274
234009,689.4366292507256
234010,264.12107908670316
234011,1425.6595536388954
234012,1212.4458810665164
234013,749.8652744444132
234014,845.0177970889114
234015,-330.807489505273
234016,830.7309850469192
234017,617.5173124745404
234018,154.93670585243694
234019,250.08922849693522
234020,116.61324918979369
234021,1278.1517237419857
234022,1064.938051169607
234023,602.3574445475037
234024,697.5099671920018
234025,272.1944170279795
234026,1433.7328915801716
234027,1220.5192190077928
234028,757.9386123856895
234029,853.0911350301876
234030,-536.7391778268773
234031,624.7992967253148
234032,411.585624152936
234033,-50.994982469167326
234034,44.15754017533084
234035,-89.31843913181069
234036,1072.2200354203815
234037,859.0063628480026
234038,396.4257562258993
234039,491.5782788703974
234040,66.26272870637513
234041,1227.8012032585673
234042,1014.5875306861885
234043,552.0069240640851
234044,647.1594467085833
234045,-1161.631522727661
234046,-0.09304817546887989
234047,-213.30672074784763
234048,-675.887327369951
234049,-580.7348047254527
234050,-714.2107840325943
234051,447.32769051959775
234052,234.11401794721905
234053,-228.4665886748843
234054,-133.31406603038613
234055,-558.6296161944085
234056,602.9088583577835
234057,389.6951857854049
234058,-72.88542083669859
234059,22.267101807799577
234060,344.5323597598978
234061,1506.0708343120898
234062,1292.857161739711
234063,830.2765551176078
234064,925.4290777621059
234065,791.9530984549644
234066,1953.4915730071564
234067,1740.2779004347776
234068,1277.6972938126744
234069,1372.8498164571724
234070,947.5342662931503
234071,2109.072740845342
234072,1895.8590682729637
234073,1433.2784616508602
234074,1528.4309842953585
234075,-215.94527855170168
234076,945.5931960004903
234077,732.3795234281115
234078,269.79891680600815
234079,364.95143945050637
234080,231.4754601433649
234081,1393.0139346955568
234082,1179.800262123178
234083,717.2196555010748
234084,812.372178145573
234085,387.0566279815507
234086,1548.5951025337426
234087,1335.3814299613641
234088,872.8008233392607
234089,967.9533459837588
234090,-326.54157897327354
234091,834.9968955789186
234092,621.7832230065399
234093,159.20261638443662
234094,254.35513902893473
234095,120.87915972179326
234096,1282.4176342739852
234097,1069.2039617016064
234098,606.6233550795032
234099,701.7758777240014
234100,276.46032755997896
234101,1437.9988021121712
234102,1224.7851295397923
234103,762.204522917689
234104,857.3570455621872
234105,-318.4682410319972
234106,843.070233520195
234107,629.8565609478162
234108,167.27595432571286
234109,262.428476970211
234110,128.9524976630695
234111,1290.4909722152615
234112,1077.2772996428828
234113,614.6966930207795
234114,709.8492156652776
234115,284.5336655012553
234116,1446.0721400534474
234117,1232.8584674810686
234118,770.2778608589654
234119,865.4303835034634
234120,-524.3999293536015
234121,637.1385451985906
234122,423.9248726262118
234123,-38.655733995891524
234124,56.49678864860675
234125,-76.97919065853489
234126,1084.5592838936573
234127,871.3456113212784
234128,408.7650046991751
234129,503.9175273436732
234130,78.60197717965093
234131,1240.140451731843
234132,1026.9267791594643
234133,564.3461725373609
234134,659.4986951818591
234135,-1149.292274254385
234136,12.246200297807036
234137,-200.96747227457172
234138,-663.548078896675
234139,-568.3955562521769
234140,-701.8715355593185
234141,459.6669389928736
234142,246.45326642049486
234143,-216.1273402016085
234144,-120.97481755711033
234145,-546.2903677211327
234146,615.2481068310594
234147,402.0344342586806
234148,-60.546172363422784
234149,34.60635028107549
234150,356.8716082331736
234151,1518.4100827853658
234152,1305.196410212987
234153,842.6158035908836
234154,937.7683262353819
234155,804.2923469282402
234156,1965.8308214804322
234157,1752.6171489080534
234158,1290.0365422859504
234159,1385.1890649304485
234160,959.8735147664261
234161,2121.411989318618
234162,1908.1983167462395
234163,1445.617710124136
234164,1540.7702327686343
234165,-203.60603007842587
234166,957.932444473766
234167,744.7187719013874
234168,282.138165279284
234169,377.2906879237822
234170,243.81470861664064
234171,1405.3531831688329
234172,1192.1395105964539
234173,729.5589039743506
234174,824.7114266188488
234175,399.3958764548265
234176,1560.9343510070184
234177,1347.72067843464
234178,885.1400718125365
234179,980.2925944570346
234180,-314.20233049999774
234181,847.3361440521944
234182,634.1224714798157
234183,171.5418648577123
234184,266.6943875022105
234185,133.21840819506895
234186,1294.756882747261
234187,1081.5432101748822
234188,618.962603552779
234189,714.1151261972772
234190,288.79957603325477
234191,1450.3380505854468
234192,1237.124378013068
234193,774.5437713909648
234194,869.696294035463
234195,-306.1289925587214
234196,855.4094819934708
234197,642.195809421092
234198,179.61520279898855
234199,274.7677254434868
234200,141.29174613634518
234201,1302.8302206885373
234202,1089.6165481161586
234203,627.0359414940552
234204,722.1884641385534
234205,296.8729139745311
234206,1458.4113885267232
234207,1245.1977159543444
234208,782.6171093322411
234209,877.7696319767392
234210,-512.0606808803257
234211,649.4777936718664
234212,436.2641210994877
234213,-26.316485522615608
234214,68.83603712188255
234215,-64.6399421852592
234216,1096.898532366933
234217,883.6848597945542
234218,421.1042531724509
234219,516.256775816949
234220,90.94122565292673
234221,1252.479700205119
234222,1039.2660276327401
234223,576.6854210106367
234224,671.837943655135
234225,-1136.9530257811093
234226,24.585448771082724
234227,-188.62822380129592
234228,-651.2088304233994
234229,-556.0563077789011
234230,-689.5322870860427
234231,472.0061874661493
234232,258.79251489377066
234233,-203.7880917283327
234234,-108.63556908383453
234235,-533.9511192478569
234236,627.5873553043351
234237,414.3736827319564
234238,-48.20692389014687
234239,46.945598754351295
234240,369.21085670644936
234241,1530.7493312586416
234242,1317.5356586862627
234243,854.9550520641594
234244,950.1075747086576
234245,816.6315954015159
234246,1978.170069953708
234247,1764.9563973813292
234248,1302.375790759226
234249,1397.528313403724
234250,972.2127632397019
234251,2133.751237791894
234252,1920.5375652195153
234253,1457.9569585974118
234254,1553.10948124191
234255,-191.2667816051502
234256,970.2716929470419
234257,757.0580203746632
234258,294.4774137525598
234259,389.629936397058
234260,256.1539570899165
234261,1417.6924316421084
234262,1204.4787590697297
234263,741.8981524476264
234264,837.0506750921246
234265,411.7351249281023
234266,1573.2735994802943
234267,1360.0599269079157
234268,897.4793202858123
234269,992.6318429303105
234270,-301.86308202672194
234271,859.6753925254702
234272,646.4617199530915
234273,183.88111333098811
234274,279.0336359754863
234275,145.55765666834486
234276,1307.0961312205368
234277,1093.882458648158
234278,631.3018520260548
234279,726.454374670553
234280,301.1388245065306
234281,1462.6772990587226
234282,1249.4636264863439
234283,786.8830198642406
234284,882.0355425087388
234285,-293.7897440854456
234286,867.7487304667465
234287,654.5350578943678
234288,191.95445127226435
234289,287.10697391676257
234290,153.6309946096211
234291,1315.1694691618131
234292,1101.9557965894344
234293,639.3751899673312
234294,734.5277126118292
234295,309.212162447807
234296,1470.750636999999
234297,1257.5369644276202
234298,794.956357805517
234299,890.108880450015
234300,-499.72143240704986
234301,661.8170421451422
234302,448.60336957276354
234303,-13.977237049339806
234304,81.17528559515836
234305,-52.300693711983286
234306,1109.2377808402089
234307,896.0241082678301
234308,433.4435016457267
234309,528.5960242902249
234310,103.28047412620253
234311,1264.8189486783945
234312,1051.605276106016
234313,589.0246694839125
234314,684.1771921284108
234315,-1124.6137773078335
234316,36.924697244358526
234317,-176.28897532802023
234318,-638.8695819501236
234319,-543.7170593056253
234320,-677.1930386127669
234321,484.34543593942516
234322,271.1317633670464
234323,-191.4488432550569
234324,-96.29632061055884
234325,-521.6118707745811
234326,639.9266037776109
234327,426.7129312052323
234328,-35.86767541687118
234329,59.28484722762698
234330,381.5501051797252
234331,1543.0885797319172
234332,1329.8749071595385
234333,867.2943005374352
234334,962.4468231819333
234335,828.9708438747919
234336,1990.5093184269838
234337,1777.2956458546053
234338,1314.7150392325018
234339,1409.8675618769998
234340,984.5520117129777
234341,2146.0904862651696
234342,1932.876813692791
234343,1470.2962070706876
234344,1565.448729715186
234345,-178.9275331318745
234346,982.6109414203177
234347,769.3972688479389
234348,306.81666222583556
234349,401.9691848703338
234350,268.49320556319225
234351,1430.0316801153842
234352,1216.8180075430055
234353,754.2374009209022
234354,849.3899235654004
234355,424.07437340137807
234356,1585.61284795357
234357,1372.3991753811915
234358,909.8185687590881
234359,1004.9710914035863
234360,-289.52383355344614
234361,872.014640998746
234362,658.8009684263673
234363,196.22036180426403
234364,291.3728844487621
234365,157.89690514162066
234366,1319.4353796938126
234367,1106.2217071214338
234368,643.6411004993306
234369,738.7936231438288
234370,313.47807297980637
234371,1475.0165475319986
234372,1261.8028749596197
234373,799.2222683375164
234374,894.3747909820146
234375,-281.4504956121698
234376,880.0879789400224
234377,666.8743063676436
234378,204.29369974554027
234379,299.44622239003843
234380,165.9702430828969
234381,1327.508717635089
234382,1114.2950450627102
234383,651.7144384406068
234384,746.866961085105
234385,321.5514109210827
234386,1483.0898854732748
234387,1269.876212900896
234388,807.2956062787927
234389,902.4481289232908
234390,-487.38218393377406
234391,674.156290618418
234392,460.94261804603923
234393,-1.6379885760641173
234394,93.51453406843416
234395,-39.96144523870748
234396,1121.5770293134847
234397,908.3633567411058
234398,445.7827501190025
234399,540.9352727635006
234400,115.61972259947834
234401,1277.1581971516705
234402,1063.9445245792917
234403,601.3639179571883
234404,696.5164406016866
234405,-1112.274528834558
234406,49.26394571763444
234407,-163.9497268547443
234408,-626.5303334768478
234409,-531.3778108323497
234410,-664.8537901394911
234411,496.684684412701
234412,283.47101184032226
234413,-179.10959478178108
234414,-83.95707213728292
234415,-509.2726223013053
234416,652.2658522508868
234417,439.052179678508
234418,-23.528426943595377
234419,71.6240957009029
234420,393.889353653001
234421,1555.427828205193
234422,1342.2141556328143
234423,879.633549010711
234424,974.7860716552091
234425,841.3100923480677
234426,2002.8485669002596
234427,1789.6348943278808
234428,1327.0542877057776
234429,1422.2068103502756
234430,996.8912601862535
234431,2158.4297347384454
234432,1945.2160621660666
234433,1482.6354555439634
234434,1577.7879781884617
234435,-166.58828465859847
234436,994.9501898935935
234437,781.7365173212147
234438,319.1559106991114
234439,414.3084333436096
234440,280.83245403646805
234441,1442.3709285886603
234442,1229.1572560162813
234443,766.576649394178
234444,861.7291720386762
234445,436.4136218746539
234446,1597.9520964268459
234447,1384.7384238544673
234448,922.1578172323639
234449,1017.310339876862
234450,-200.65248008144317
234451,960.8859944707489
234452,747.6723218983701
234453,285.0917152762668
234454,380.244237920765
234455,246.76825861362346
234456,1408.3067331658153
234457,1195.0930605934368
234458,732.5124539713335
234459,827.6649766158316
234460,402.3494264518092
234461,1563.8879010040014
234462,1350.6742284316226
234463,888.0936218095193
234464,983.2461444540174
234465,-192.57914214016682
234466,968.9593324120251
234467,755.7456598396465
234468,293.1650532175431
234469,388.3175758620413
234470,254.8415965548998
234471,1416.3800711070917
234472,1203.1663985347132
234473,740.5857919126098
234474,835.7383145571079
234475,410.4227643930857
234476,1571.9612389452777
234477,1358.747566372899
234478,896.1669597507955
234479,991.3194823952938
234480,-398.5108304617713
234481,763.0276440904208
234482,549.8139715180421
234483,87.23336489593885
234484,182.385887540437
234485,48.909908233295255
234486,1210.4483827854874
234487,997.2347102131087
234488,534.6541035910054
234489,629.8066262355035
234490,204.4910760714812
234491,1366.0295506236732
234492,1152.8158780512945
234493,690.2352714291911
234494,785.3877940736893
234495,-1023.403175362555
234496,138.13529918963718
234497,-75.07837338274157
234498,-537.658980004845
234499,-442.50645736034676
234500,-575.9824366674882
234501,585.5560378847038
234502,372.3423653123251
234503,-90.23824130977823
234504,4.914281334719931
234505,-420.4012688293026
234506,741.1372057228896
234507,527.9235331505108
234508,65.34292652840759
234509,160.49544917290575
234510,482.7607071250039
234511,1644.299181677196
234512,1431.0855091048172
234513,968.504902482714
234514,1063.657425127212
234515,930.1814458200704
234516,2091.7199203722625
234517,1878.5062477998838
234518,1415.9256411777806
234519,1511.0781638222788
234520,1085.7626136582562
234521,2247.301088210448
234522,2034.0874156380698
234523,1571.5068090159664
234524,1666.6593316604644
234525,-77.71693118659573
234526,1083.8215433655964
234527,870.6078707932177
234528,408.0272641711143
234529,503.1797868156125
234530,369.70380750847096
234531,1531.242282060663
234532,1318.0286094882842
234533,855.448002866181
234534,950.6005255106791
234535,525.2849753466568
234536,1686.8234498988488
234537,1473.60977732647
234538,1011.0291707043668
234539,1106.1816933488649
234540,-188.31323160816737
234541,973.2252429440247
234542,760.0115703716459
234543,297.4309637495426
234544,392.5834863940408
234545,259.1075070868993
234546,1420.6459816390914
234547,1207.4323090667126
234548,744.8517024446093
234549,840.0042250891074
234550,414.6886749250851
234551,1576.2271494772772
234552,1363.0134769048982
234553,900.4328702827951
234554,995.5853929272932
234555,-180.23989366689102
234556,981.2985808853009
234557,768.0849083129222
234558,305.5043016908189
234559,400.6568243353171
234560,267.18084502817555
234561,1428.7193195803675
234562,1215.505647007989
234563,752.9250403858855
234564,848.0775630303837
234565,422.76201286636143
234566,1584.3004874185535
234567,1371.0868148461745
234568,908.5062082240713
234569,1003.6587308685696
234570,-386.1715819884953
234571,775.3668925636966
234572,562.1532199913179
234573,99.57261336921465
234574,194.7251360137128
234575,61.24915670657117
234576,1222.7876312587632
234577,1009.5739586863845
234578,546.9933520642812
234579,642.1458747087793
234580,216.8303245447571
234581,1378.368799096949
234582,1165.1551265245703
234583,702.574519902467
234584,797.7270425469652
234585,-1011.063926889279
234586,150.47454766291298
234587,-62.73912490946577
234588,-525.319731531569
234589,-430.16720888707073
234590,-563.6431881942124
234591,597.8952863579796
234592,384.6816137856009
234593,-77.89899283650243
234594,17.25352980799562
234595,-408.0620203560268
234596,753.4764541961654
234597,540.2627816237866
234598,77.68217500168328
234599,172.83469764618144
234600,495.09995559827973
234601,1656.6384301504718
234602,1443.424757578093
234603,980.8441509559897
234604,1075.9966736004878
234605,942.5206942933463
234606,2104.0591688455384
234607,1890.8454962731596
234608,1428.2648896510564
234609,1523.4174122955544
234610,1098.1018621315322
234611,2259.640336683724
234612,2046.4266641113454
234613,1583.8460574892422
234614,1678.9985801337402
234615,-65.37768271331993
234616,1096.1607918388722
234617,882.9471192664934
234618,420.36651264439007
234619,515.5190352888883
234620,382.0430559817467
234621,1543.5815305339388
234622,1330.36785796156
234623,867.7872513394567
234624,962.9397739839549
234625,537.6242238199325
234626,1699.1626983721246
234627,1485.9490257997459
234628,1023.3684191776425
234629,1118.5209418221407
234630,-338.8723630111308
234631,822.6661115410612
234632,609.4524389686825
234633,146.87183234657914
234634,242.0243549910773
234635,108.54837568393589
234636,1270.0868502361277
234637,1056.8731776637492
234638,594.2925710416457
234639,689.4450936861439
234640,264.1295435221216
234641,1425.6680180743137
234642,1212.454345501935
234643,749.8737388798316
234644,845.0262615243298
234645,-330.79902506985445
234646,830.7394494823375
234647,617.5257769099588
234648,154.9451702878555
234649,250.09769293235365
234650,116.62171362521212
234651,1278.160188177404
234652,1064.9465156050255
234653,602.3659089829221
234654,697.5184316274202
234655,272.20288146339794
234656,1433.74135601559
234657,1220.5276834432111
234658,757.9470768211079
234659,853.099599465606
234660,-536.730713391459
234661,624.8077611607332
234662,411.59408858835445
234663,-50.986518033748894
234664,44.16600461074927
234665,-89.30997469639237
234666,1072.2284998557998
234667,859.014827283421
234668,396.4342206613177
234669,491.58674330581584
234670,66.27119314179356
234671,1227.8096676939856
234672,1014.5959951216068
234673,552.0153884995035
234674,647.1679111440017
234675,-1161.6230582922424
234676,-0.08458374005044789
234677,-213.2982563124292
234678,-675.8788629345324
234679,-580.7263402900342
234680,-714.2023195971758
234681,447.3361549550162
234682,234.12248238263737
234683,-228.45812423946586
234684,-133.3056015949678
234685,-558.6211517589902
234686,602.917322793202
234687,389.70365022082325
234688,-72.87695640128015
234689,22.27556624321801
234690,344.54082419531625
234691,1506.0792987475083
234692,1292.8656261751296
234693,830.2850195530261
234694,925.4375421975244
234695,791.9615628903829
234696,1953.500037442575
234697,1740.2863648701962
234698,1277.705758248093
234699,1372.858280892591
234700,947.5427307285687
234701,2109.0812052807605
234702,1895.867532708382
234703,1433.2869260862785
234704,1528.4394487307768
234705,-215.93681411628336
234706,945.6016604359087
234707,732.3879878635299
234708,269.8073812414266
234709,364.9599038859248
234710,231.48392457878333
234711,1393.0223991309754
234712,1179.8087265585966
234713,717.2281199364933
234714,812.3806425809914
234715,387.06509241696915
234716,1548.6035669691612
234717,1335.3898943967824
234718,872.8092877746791
234719,967.9618104191773
234720,-326.5331145378552
234721,835.005360014337
234722,621.7916874419583
234723,159.21108081985494
234724,254.3636034643531
234725,120.88762415721158
234726,1282.4260987094035
234727,1069.212426137025
234728,606.6318195149215
234729,701.7843421594197
234730,276.4687919953974
234731,1438.0072665475896
234732,1224.7935939752108
234733,762.2129873531075
234734,857.3655099976056
234735,-318.4597765965789
234736,843.0786979556133
234737,629.8650253832345
234738,167.2844187611313
234739,262.4369414056294
234740,128.9609620984878
234741,1290.4994366506799
234742,1077.2857640783013
234743,614.7051574561979
234744,709.857680100696
234745,284.54212993667375
234746,1446.0806044888657
234747,1232.8669319164871
234748,770.2863252943837
234749,865.4388479388818
234750,-524.3914649181831
234751,637.147009634009
234752,423.93333706163025
234753,-38.64726956047298
234754,56.505253084025185
234755,-76.97072622311657
234756,1084.5677483290756
234757,871.3540757566968
234758,408.7734691345935
234759,503.92599177909165
234760,78.61044161506936
234761,1240.1489161672614
234762,1026.9352435948826
234763,564.3546369727793
234764,659.5071596172775
234765,-1149.2838098189666
234766,12.254664733225354
234767,-200.9590078391533
234768,-663.5396144612566
234769,-568.3870918167586
234770,-701.8630711239
234771,459.67540342829193
234772,246.4617308559133
234773,-216.11887576619006
234774,-120.9663531216919
234775,-546.2819032857144
234776,615.2565712664777
234777,402.04289869409905
234778,-60.53770792800424
234779,34.614814716493925
234780,356.880072668592
234781,1518.4185472207841
234782,1305.2048746484054
234783,842.6242680263019
234784,937.7767906708002
234785,804.3008113636586
234786,1965.8392859158505
234787,1752.6256133434717
234788,1290.0450067213687
234789,1385.1975293658668
234790,959.8819792018445
234791,2121.4204537540363
234792,1908.206781181658
234793,1445.6261745595543
234794,1540.7786972040526
234795,-203.59756564300756
234796,957.9409089091845
234797,744.7272363368057
234798,282.1466297147024
234799,377.29915235920055
234800,243.82317305205908
234801,1405.3616476042512
234802,1192.1479750318724
234803,729.5673684097691
234804,824.7198910542672
234805,399.40434089024495
234806,1560.9428154424368
234807,1347.7291428700582
234808,885.1485362479549
234809,980.301058892453
234810,-314.1938660645794
234811,847.3446084876127
234812,634.1309359152341
234813,171.55032929313074
234814,266.70285193762885
234815,133.22687263048738
234816,1294.7653471826793
234817,1081.5516746103008
234818,618.9710679881973
234819,714.1235906326955
234820,288.80804046867314
234821,1450.3465150208654
234822,1237.1328424484866
234823,774.5522358263833
234824,869.7047584708814
234825,-306.1205281233031
234826,855.4179464288891
234827,642.2042738565103
234828,179.62366723440698
234829,274.77618987890514
234830,141.3002105717636
234831,1302.8386851239557
234832,1089.6250125515771
234833,627.0444059294737
234834,722.1969285739718
234835,296.8813784099495
234836,1458.4198529621417
234837,1245.2061803897627
234838,782.6255737676595
234839,877.7780964121577
234840,-512.0522164449073
234841,649.4862581072848
234842,436.2725855349061
234843,-26.308021087197176
234844,68.84450155730099
234845,-64.63147774984077
234846,1096.9069968023514
234847,883.6933242299726
234848,421.1127176078693
234849,516.2652402523674
234850,90.94969008834505
234851,1252.4881646405372
234852,1039.2744920681585
234853,576.6938854460551
234854,671.8464080905533
234855,-1136.944561345691
234856,24.593913206501156
234857,-188.6197593658776
234858,-651.2003659879811
234859,-556.0478433434828
234860,-689.5238226506244
234861,472.01465190156773
234862,258.800979329189
234863,-203.77962729291437
234864,-108.6271046484162
234865,-533.9426548124386
234866,627.5958197397536
234867,414.38214716737485
234868,-48.19845945472855
234869,46.95406318976961
234870,369.21932114186774
234871,1530.75779569406
234872,1317.5441231216812
234873,854.9635164995777
234874,950.116039144076
234875,816.6400598369344
234876,1978.1785343891265
234877,1764.9648618167478
234878,1302.3842551946445
234879,1397.5367778391426
234880,972.2212276751202
234881,2133.759702227312
234882,1920.5460296549336
234883,1457.9654230328304
234884,1553.1179456773284
234885,-191.25831716973175
234886,970.2801573824603
234887,757.0664848100815
234888,294.4858781879782
234889,389.63840083247635
234890,256.1624215253349
234891,1417.700896077527
234892,1204.4872235051482
234893,741.9066168830449
234894,837.059139527543
234895,411.7435893635207
234896,1573.2820639157128
234897,1360.068391343334
234898,897.4877847212307
234899,992.6403073657289
234900,-301.8546175913034
234901,859.6838569608886
234902,646.4701843885099
234903,183.88957776640655
234904,279.0421004109047
234905,145.5661211037633
234906,1307.104595655955
234907,1093.8909230835766
234908,631.3103164614731
234909,726.4628391059713
234910,301.147288941949
234911,1462.6857634941412
234912,1249.4720909217624
234913,786.891484299659
234914,882.0440069441572
234915,-293.78127965002705
234916,867.7571949021649
234917,654.5435223297862
234918,191.9629157076829
234919,287.115438352181
234920,153.63945904503953
234921,1315.1779335972315
234922,1101.964261024853
234923,639.3836544027495
234924,734.5361770472476
234925,309.22062688322535
234926,1470.7591014354175
234927,1257.5454288630385
234928,794.9648222409353
234929,890.1173448854335
234930,-499.71296797163154
234931,661.8255065805606
234932,448.61183400818186
234933,-13.968772613921487
234934,81.18375003057668
234935,-52.29222927656485
234936,1109.2462452756272
234937,896.0325727032484
234938,433.45196608114514
234939,528.6044887256433
234940,103.28893856162097
234941,1264.827413113813
234942,1051.6137405414343
234943,589.0331339193309
234944,684.1856565638291
234945,-1124.6053128724152
234946,36.93316167977696
234947,-176.2805108926018
234948,-638.8611175147053
234949,-543.708594870207
234950,-677.1845741773484
234951,484.3539003748436
234952,271.14022780246484
234953,-191.44037881963845
234954,-96.2878561751404
234955,-521.6034063391628
234956,639.9350682130294
234957,426.7213956406506
234958,-35.85921098145275
234959,59.293311663045415
234960,381.55856961514365
234961,1543.0970441673358
234962,1329.883371594957
234963,867.3027649728535
234964,962.4552876173518
234965,828.9793083102103
234966,1990.5177828624023
234967,1777.3041102900236
234968,1314.7235036679203
234969,1409.8760263124184
234970,984.5604761483961
234971,2146.098950700588
234972,1932.8852781282094
234973,1470.304671506106
234974,1565.4571941506042
234975,-178.91906869645595
234976,982.6194058557361
234977,769.4057332833573
234978,306.825126661254
234979,401.9776493057522
234980,268.5016699986106
234981,1430.0401445508028
234982,1216.826471978424
234983,754.2458653563207
234984,849.3983880008188
234985,424.08283783679644
234986,1585.6213123889886
234987,1372.4076398166098
234988,909.8270331945065
234989,1004.9795558390047
234990,-289.5153691180278
234991,872.0231054341643
234992,658.8094328617857
234993,196.22882623968235
234994,291.3813488841805
234995,157.90536957703898
234996,1319.443844129231
234997,1106.2301715568524
234998,643.6495649347489
234999,738.8020875792471
235000,313.4865374152248
235001,1475.025011967417
235002,1261.8113393950382
235003,799.2307327729349
235004,894.383255417433
235005,-281.44203117675147
235006,880.0964433754407
235007,666.8827708030619
235008,204.30216418095858
235009,299.4546868254568
235010,165.97870751831522
235011,1327.5171820705073
235012,1114.3035094981287
235013,651.7229028760253
235014,746.8754255205234
235015,321.55987535650115
235016,1483.098349908693
235017,1269.8846773363143
235018,807.3040707142111
235019,902.4565933587093
235020,-487.37371949835574
235021,674.1647550538364
235022,460.95108248145766
235023,-1.6295241406455716
235024,93.52299850385248
235025,-39.952980803289165
235026,1121.585493748903
235027,908.3718211765242
235028,445.7912145544209
235029,540.943737198919
235030,115.62818703489677
235031,1277.1666615870888
235032,1063.95298901471
235033,601.3723823926067
235034,696.5249050371049
235035,-1112.2660643991392
235036,49.27241015305276
235037,-163.941262419326
235038,-626.5218690414292
235039,-531.3693463969312
235040,-664.8453257040726
235041,496.69314884811934
235042,283.4794762757407
235043,-179.10113034636265
235044,-83.94860770186449
235045,-509.264157865887
235046,652.2743166863052
235047,439.06064411392646
235048,-23.51996250817683
235049,71.63256013632122
235050,393.8978180884194
235051,1555.4362926406116
235052,1342.2226200682326
235053,879.6420134461293
235054,974.7945360906275
235055,841.318556783486
235056,2002.857031335678
235057,1789.6433587632994
235058,1327.062752141196
235059,1422.215274785694
235060,996.8997246216719
235061,2158.4381991738637
235062,1945.2245266014852
235063,1482.6439199793817
235064,1577.79644262388
235065,-166.57982022318015
235066,994.9586543290119
235067,781.7449817566331
235068,319.1643751345298
235069,414.31689777902795
235070,280.8409184718865
235071,1442.3793930240786
235072,1229.1657204516998
235073,766.5851138295965
235074,861.7376364740946
235075,436.42208631007236
235076,1597.9605608622642
235077,1384.7468882898856
235078,922.1662816677823
235079,1017.3188043122805
235080,-200.64401564602485
235081,960.8944589061673
235082,747.6807863337885
235083,285.1001797116852
235084,380.25270235618336
235085,246.77672304904183
235086,1408.3151976012339
235087,1195.1015250288551
235088,732.5209184067518
235089,827.6734410512499
235090,402.3578908872276
235091,1563.8963654394197
235092,1350.682692867041
235093,888.1020862449377
235094,983.2546088894358
235095,-192.5706777047484
235096,968.9677968474435
235097,755.7541242750648
235098,293.1735176529615
235099,388.32604029745966
235100,254.85006099031818
235101,1416.3885355425102
235102,1203.1748629701315
235103,740.5942563480281
235104,835.7467789925263
235105,410.43122882850406
235106,1571.969703380696
235107,1358.7560308083173
235108,896.175424186214
235109,991.3279468307121
235110,-398.5023660263528
235111,763.0361085258393
235112,549.8224359534605
235113,87.24182933135717
235114,182.39435197585544
235115,48.91837266871369
235116,1210.4568472209057
235117,997.2431746485271
235118,534.6625680264237
235119,629.8150906709219
235120,204.49954050689962
235121,1366.0380150590918
235122,1152.8243424867128
235123,690.2437358646096
235124,785.3962585091077
235125,-1023.3947109271364
235126,138.1437636250556
235127,-75.06990894732314
235128,-537.6505155694265
235129,-442.4979929249282
235130,-575.9739722320699
235131,585.5645023201222
235132,372.3508297477435
235133,-90.22977687435991
235134,4.922745770138249
235135,-420.39280439388426
235136,741.145670158308
235137,527.9319975859293
235138,65.3513909638259
235139,160.50391360832407
235140,482.76917156042225
235141,1644.3076461126143
235142,1431.0939735402355
235143,968.5133669181323
235144,1063.6658895626306
235145,930.1899102554888
235146,2091.7283848076813
235147,1878.514712235302
235148,1415.9341056131989
235149,1511.0866282576972
235150,1085.7710780936748
235151,2247.3095526458665
235152,2034.0958800734882
235153,1571.5152734513847
235154,1666.667796095883
235155,-77.7084667511773
235156,1083.8300078010147
235157,870.616335228636
235158,408.0357286065327
235159,503.18825125103086
235160,369.71227194388933
235161,1531.2507464960813
235162,1318.0370739237028
235163,855.4564673015993
235164,950.6089899460975
235165,525.2934397820752
235166,1686.8319143342671
235167,1473.6182417618884
235168,1011.0376351397852
235169,1106.1901577842832
235170,-188.30476717274894
235171,973.2337073794431
235172,760.0200348070643
235173,297.43942818496106
235174,392.5919508294592
235175,259.11597152231775
235176,1420.6544460745097
235177,1207.440773502131
235178,744.8601668800276
235179,840.0126895245257
235180,414.69713936050346
235181,1576.2356139126955
235182,1363.0219413403167
235183,900.4413347182135
235184,995.5938573627116
235185,-180.2314292314726
235186,981.3070453207195
235187,768.0933727483406
235188,305.51276612623735
235189,400.6652887707355
235190,267.189309463594
235191,1428.727784015786
235192,1215.5141114434073
235193,752.9335048213039
235194,848.0860274658021
235195,422.7704773017798
235196,1584.3089518539718
235197,1371.095279281593
235198,908.5146726594897
235199,1003.6671953039879
235200,-386.163117553077
235201,775.3753569991151
235202,562.1616844267362
235203,99.58107780463297
235204,194.73360044913113
235205,61.2576211419896
235206,1222.7960956941815
235207,1009.5824231218029
235208,547.0018164996995
235209,642.1543391441977
235210,216.83878898017542
235211,1378.3772635323676
235212,1165.1635909599886
235213,702.5829843378854
235214,797.7355069823835
235215,-1011.0554624538606
235216,150.48301209833141
235217,-62.73066047404734
235218,-525.3112670961507
235219,-430.1587444516524
235220,-563.634723758794
235221,597.903750793398
235222,384.69007822101923
235223,-77.89052840108411
235224,17.26199424341405
235225,-408.05355592060823
235226,753.4849186315838
235227,540.2712460592052
235228,77.69063943710171
235229,172.84316208159987
235230,495.10842003369817
235231,1656.64689458589
235232,1443.4332220135113
235233,980.8526153914081
235234,1076.0051380359064
235235,942.5291587287647
235236,2104.067633280957
235237,1890.853960708578
235238,1428.2733540864747
235239,1523.425876730973
235240,1098.1103265669506
235241,2259.6488011191423
235242,2046.435128546764
235243,1583.8545219246605
235244,1679.0070445691586
235245,-65.3692182779015
235246,1096.1692562742905
235247,882.9555837019118
235248,420.3749770798085
235249,515.5274997243066
235250,382.05152041716514
235251,1543.5899949693571
235252,1330.3763223969784
235253,867.7957157748751
235254,962.9482384193733
235255,537.6326882553509
235256,1699.171162807543
235257,1485.9574902351642
235258,1023.376883613061
235259,1118.529406257559
235260,-338.8638985757125
235261,822.6745759764796
235262,609.4609034041009
235263,146.88029678199757
235264,242.03281942649568
235265,108.5568401193542
235266,1270.095314671546
235267,1056.8816420991675
235268,594.3010354770641
235269,689.4535581215623
235270,264.13800795754
235271,1425.676482509732
235272,1212.4628099373533
235273,749.8822033152501
235274,845.0347259597481
235275,-330.79056063443613
235276,830.7479139177559
235277,617.5342413453772
235278,154.9536347232738
235279,250.10615736777197
235280,116.63017806063044
235281,1278.1686526128224
235282,1064.9549800404438
235283,602.3743734183405
235284,697.5268960628387
235285,272.2113458988164
235286,1433.7498204510084
235287,1220.5361478786297
235288,757.9555412565263
235289,853.1080639010245
235290,-536.7222489560404
235291,624.8162255961515
235292,411.6025530237729
235293,-50.97805359833046
235294,44.1744690461677
235295,-89.30151026097394
235296,1072.236964291218
235297,859.0232917188395
235298,396.4426850967361
235299,491.5952077412343
235300,66.27965757721199
235301,1227.8181321294041
235302,1014.6044595570254
235303,552.0238529349219
235304,647.1763755794201
235305,-1161.614593856824
235306,-0.07611930463212957
235307,-213.28979187701077
235308,-675.8703984991141
235309,-580.7178758546158
235310,-714.1938551617575
235311,447.3446193904345
235312,234.13094681805592
235313,-228.44965980404743
235314,-133.29713715954927
235315,-558.6126873235717
235316,602.9257872286203
235317,389.7121146562417
235318,-72.86849196586172
235319,22.28403067863644
235320,344.5492886307346
235321,1506.0877631829267
235322,1292.874090610548
235323,830.2934839884446
235324,925.4460066329427
235325,791.9700273258012
235326,1953.5085018779932
235327,1740.2948293056145
235328,1277.7142226835113
235329,1372.8667453280093
235330,947.5511951639871
235331,2109.089669716179
235332,1895.8759971438005
235333,1433.295390521697
235334,1528.4479131661951
235335,-215.92834968086493
235336,945.6101248713271
235337,732.3964522989484
235338,269.815845676845
235339,364.9683683213432
235340,231.49238901420165
235341,1393.0308635663937
235342,1179.817190994015
235343,717.2365843719117
235344,812.3891070164098
235345,387.0735568523876
235346,1548.6120314045795
235347,1335.3983588322008
235348,872.8177522100975
235349,967.9702748545956
235350,-326.5246501024367
235351,835.0138244497554
235352,621.8001518773767
235353,159.21954525527326
235354,254.37206789977148
235355,120.89608859263001
235356,1282.434563144822
235357,1069.2208905724433
235358,606.64028395034
235359,701.7928065948381
235360,276.47725643081577
235361,1438.0157309830079
235362,1224.8020584106291
235363,762.2214517885259
235364,857.3739744330239
235365,-318.45131216116033
235366,843.0871623910317
235367,629.873489818653
235368,167.2928831965496
235369,262.4454058410478
235370,128.96942653390624
235371,1290.5079010860982
235372,1077.2942285137196
235373,614.7136218916163
235374,709.8661445361145
235375,284.5505943720921
235376,1446.0890689242842
235377,1232.8753963519055
235378,770.2947897298021
235379,865.4473123743003
235380,-524.3830004827646
235381,637.1554740694273
235382,423.9418014970487
235383,-38.63880512505466
235384,56.51371751944362
235385,-76.96226178769814
235386,1084.576212764494
235387,871.3625401921153
235388,408.7819335700119
235389,503.9344562145101
235390,78.6189060504878
235391,1240.1573806026797
235392,1026.943708030301
235393,564.3631014081977
235394,659.5156240526959
235395,-1149.2753453835483
235396,12.263129168643786
235397,-200.95054340373497
235398,-663.5311500258383
235399,-568.3786273813403
235400,-701.8546066884817
235401,459.68386786371036
235402,246.47019529133172
235403,-216.11041133077163
235404,-120.95788868627346
235405,-546.2734388502959
235406,615.2650357018961
235407,402.0513631295174
235408,-60.52924349258592
235409,34.62327915191236
235410,356.88853710401037
235411,1518.4270116562025
235412,1305.2133390838237
235413,842.6327324617204
235414,937.7852551062185
235415,804.309275799077
235416,1965.847750351269
235417,1752.6340777788903
235418,1290.053471156787
235419,1385.2059938012853
235420,959.8904436372629
235421,2121.4289181894546
235422,1908.2152456170763
235423,1445.6346389949729
235424,1540.7871616394712
235425,-203.58910120758924
235426,957.9493733446029
235427,744.7357007722242
235428,282.15509415012076
235429,377.3076167946189
235430,243.83163748747745
235431,1405.3701120396695
235432,1192.1564394672907
235433,729.5758328451875
235434,824.7283554896856
235435,399.4128053256633
235436,1560.9512798778553
235437,1347.7376073054766
235438,885.1570006833733
235439,980.3095233278714
235440,-315.16673807013353
235441,846.3717364820585
235442,633.1580639096798
235443,170.5774572875764
235444,265.7299799320746
235445,132.25400062493304
235446,1293.7924751771252
235447,1080.5788026047464
235448,617.9981959826431
235449,713.1507186271413
235450,287.83516846311886
235451,1449.373643015311
235452,1236.1599704429323
235453,773.5793638208289
235454,868.7318864653271
235455,-307.0934001288572
235456,854.4450744233349
235457,641.2314018509561
235458,178.65079522885276
235459,273.8033178733509
235460,140.3273385662094
235461,1301.8658131184015
235462,1088.6521405460228
235463,626.0715339239194
235464,721.2240565684175
235465,295.9085064043952
235466,1457.4469809565874
235467,1244.2333083842086
235468,781.6527017621052
235469,876.8052244066034
235470,-513.0250884504615
235471,648.5133861017305
235472,435.2997135293517
235473,-27.280893092751626
235474,67.87162955174665
235475,-65.60434975539499
235476,1095.934124796797
235477,882.7204522244183
235478,420.13984560231506
235479,515.2923682468131
235480,89.97681808279083
235481,1251.5152926349829
235482,1038.3016200626041
235483,575.7210134405009
235484,670.873536084999
235485,-1137.9174333512453
235486,23.621041200946934
235487,-189.59263137143182
235488,-652.1732379935352
235489,-557.0207153490371
235490,-690.4966946561788
235491,471.0417798960135
235492,257.82810732363475
235493,-204.7524992984686
235494,-109.59997665397043
235495,-534.9155268179927
235496,626.6229477341993
235497,413.4092751618205
235498,-49.171331460282886
235499,45.98119118421539
235500,368.2464491363135
235501,1529.7849236885056
235502,1316.5712511161269
235503,853.9906444940234
235504,949.1431671385217
235505,815.6671878313801
235506,1977.2056623835722
235507,1763.9919898111934
235508,1301.4113831890902
235509,1396.5639058335883
235510,971.248355669566
235511,2132.7868302217585
235512,1919.5731576493793
235513,1456.992551027276
235514,1552.1450736717743
235515,-192.2311891752861
235516,969.3072853769061
235517,756.0936128045273
235518,293.5130061824239
235519,388.6655288269221
235520,255.1895495197806
235521,1416.7280240719726
235522,1203.5143514995939
235523,740.9337448774907
235524,836.0862675219887
235525,410.7707173579664
235526,1572.3091919101585
235527,1359.0955193377797
235528,896.5149127156764
235529,991.6674353601745
235530,-302.82748959685773
235531,858.7109849553343
235532,645.4973123829556
235533,182.9167057608522
235534,278.0692284053504
235535,144.59324909820884
235536,1306.131723650401
235537,1092.9180510780222
235538,630.3374444559189
235539,725.4899671004171
235540,300.1744169363948
235541,1461.7128914885868
235542,1248.499218916208
235543,785.9186122941047
235544,881.0711349386029
235545,-294.7541516555814
235546,866.7843228966107
235547,653.5706503242319
235548,190.99004370212856
235549,286.1425663466267
235550,152.6665870394852
235551,1314.2050615916773
235552,1100.9913890192986
235553,638.4107823971952
235554,733.5633050416933
235555,308.2477548776711
235556,1469.7862294298632
235557,1256.5725568574844
235558,793.991950235381
235559,889.1444728798792
235560,-500.68583997718565
235561,660.8526345750063
235562,447.6389620026276
235563,-14.94164461947571
235564,80.21087802502245
235565,-53.265101282119076
235566,1108.2733732700729
235567,895.0597006976941
235568,432.47909407559087
235569,527.6316167200889
235570,102.31606655606674
235571,1263.8545411082587
235572,1050.6408685358801
235573,588.0602619137767
235574,683.2127845582748
235575,-1125.5781848779695
235576,35.96028967422262
235577,-177.25338289815613
235578,-639.8339895202596
235579,-544.6814668757613
235580,-678.1574461829027
235581,483.3810283692893
235582,270.16735579691056
235583,-192.4132508251928
235584,-97.26072818069463
235585,-522.5762783447169
235586,638.9621962074751
235587,425.7485236350964
235588,-36.83208298700697
235589,58.32043965749119
235590,380.5856976095894
235591,1542.1241721617814
235592,1328.9104995894027
235593,866.3298929672993
235594,961.4824156117975
235595,828.0064363046561
235596,1989.544910856848
235597,1776.3312382844692
235598,1313.750631662366
235599,1408.903154306864
235600,983.5876041428419
235601,2145.1260786950343
235602,1931.912406122655
235603,1469.3317995005518
235604,1564.48432214505
235605,-179.8919407020103
235606,981.6465338501819
235607,768.4328612778031
235608,305.85225465569965
235609,401.0047773001979
235610,267.52879799305634
235611,1429.0672725452484
235612,1215.8535999728697
235613,753.2729933507665
235614,848.4255159952645
235615,423.1099658312422
235616,1584.6484403834343
235617,1371.4347678110557
235618,908.8541611889522
235619,1004.0066838334503
235620,-290.48824112358193
235621,871.0502334286101
235622,657.8365608562314
235623,195.255954234128
235624,290.4084768786262
235625,156.93249757148465
235626,1318.4709721236768
235627,1105.257299551298
235628,642.6766929291947
235629,737.8292155736929
235630,312.5136654096705
235631,1474.0521399618626
235632,1260.8384673894839
235633,798.2578607673805
235634,893.4103834118787
235635,-282.4149031823056
235636,879.1235713698865
235637,665.9098987975077
235638,203.32929217540425
235639,298.48181481990247
235640,165.005835512761
235641,1326.5443100649532
235642,1113.3306374925742
235643,650.750030870471
235644,745.9025535149691
235645,320.5870033509469
235646,1482.1254779031387
235647,1268.9118053307602
235648,806.3311987086568
235649,901.483721353155
235650,-488.34659150390985
235651,673.1918830482821
235652,459.97821047590344
235653,-2.602396146199908
235654,92.55012649829825
235655,-40.92585280884339
235656,1120.6126217433487
235657,907.3989491709699
235658,444.8183425488666
235659,539.9708651933647
235660,114.65531502934255
235661,1276.1937895815345
235662,1062.980117009156
235663,600.3995103870525
235664,695.5520330315506
235665,-1113.2389364046935
235666,48.299538147498424
235667,-164.91413442488033
235668,-627.4947410469836
235669,-532.3422184024853
235670,-665.8181977096269
235671,495.72027684256506
235672,282.5066042701864
235673,-180.07400235191687
235674,-84.92147970741883
235675,-510.2370298714411
235676,651.3014446807508
235677,438.0877721083722
235678,-24.492834513731168
235679,70.659688130767
235680,392.9249460828651
235681,1554.4634206350572
235682,1341.2497480626785
235683,878.669141440575
235684,973.8216640850733
235685,840.3456847779318
235686,2001.8841593301238
235687,1788.670486757745
235688,1326.0898801356416
235689,1421.2424027801399
235690,995.9268526161177
235691,2157.4653271683096
235692,1944.2516545959309
235693,1481.6710479738276
235694,1576.8235706183257
235695,-167.5526922287345
235696,993.9857823234577
235697,780.7721097510789
235698,318.19150312897546
235699,413.3440257734737
235700,279.86804646633215
235701,1441.4065210185242
235702,1228.1928484461455
235703,765.6122418240421
235704,860.7647644685403
235705,435.44921430451797
235706,1596.98768885671
235707,1383.7740162843313
235708,921.193409662228
235709,1016.3459323067261
235710,-201.61688765157908
235711,959.921586900613
235712,746.7079143282342
235713,284.1273077061309
235714,379.27983035062914
235715,245.8038510434875
235716,1407.3423255956795
235717,1194.128653023301
235718,731.5480464011976
235719,826.7005690456957
235720,401.3850188816734
235721,1562.9234934338656
235722,1349.7098208614866
235723,887.1292142393834
235724,982.2817368838815
235725,-193.54354971030273
235726,967.9949248418893
235727,754.7812522695106
235728,292.2006456474072
235729,387.35316829190543
235730,253.87718898476385
235731,1415.415663536956
235732,1202.2019909645771
235733,739.6213843424739
235734,834.7739069869721
235735,409.4583568229497
235736,1570.9968313751417
235737,1357.783158802763
235738,895.2025521806597
235739,990.3550748251579
235740,-399.4752380319071
235741,762.0632365202849
235742,548.8495639479062
235743,86.26895732580283
235744,181.4214799703011
235745,47.945500663159464
235746,1209.4839752153516
235747,996.2703026429729
235748,533.6896960208695
235749,628.8422186653677
235750,203.52666850134528
235751,1365.0651430535374
235752,1151.8514704811587
235753,689.2708638590552
235754,784.4233865035535
235755,-1024.367582932691
235756,137.1708916195014
235757,-76.04278095287737
235758,-538.623387574981
235759,-443.4708649304828
235760,-576.9468442376242
235761,584.591630314568
235762,371.3779577421892
235763,-91.20264887991414
235764,3.9498737645840265
235765,-421.36567639943837
235766,740.1727981527538
235767,526.959125580375
235768,64.37851895827157
235769,159.53104160276985
235770,481.796299554868
235771,1643.3347741070602
235772,1430.1211015346814
235773,967.540494912578
235774,1062.6930175570762
235775,929.2170382499346
235776,2090.7555128021268
235777,1877.541840229748
235778,1414.9612336076448
235779,1510.1137562521428
235780,1084.7982060881204
235781,2246.336680640313
235782,2033.1230080679338
235783,1570.5424014458304
235784,1665.6949240903286
235785,-78.68133875673152
235786,1082.8571357954606
235787,869.6434632230818
235788,407.0628566009784
235789,502.2153792454766
235790,368.73939993833505
235791,1530.2778744905272
235792,1317.0642019181485
235793,854.4835952960451
235794,949.6361179405432
235795,524.3205677765209
235796,1685.859042328713
235797,1472.6453697563343
235798,1010.0647631342308
235799,1105.217285778729
235800,-189.27763917830316
235801,972.2608353738888
235802,759.04716280151
235803,296.4665561794067
235804,391.6190788239049
235805,258.14309951676336
235806,1419.6815740689553
235807,1206.4679014965768
235808,743.8872948744734
235809,839.0398175189715
235810,413.72426735494923
235811,1575.2627419071414
235812,1362.0490693347624
235813,899.4684627126592
235814,994.6209853571573
235815,-181.20430123702704
235816,980.3341733151651
235817,767.1205007427864
235818,304.539894120683
235819,399.6924167651812
235820,266.2164374580397
235821,1427.7549120102317
235822,1214.541239437853
235823,751.9606328157497
235824,847.1131554602478
235825,421.79760529622547
235826,1583.3360798484177
235827,1370.1224072760388
235828,907.5418006539354
235829,1002.6943232984336
235830,-387.1359895586313
235831,774.4024849935607
235832,561.1888124211821
235833,98.60820579907863
235834,193.7607284435769
235835,60.28474913643538
235836,1221.8232236886274
235837,1008.6095511162487
235838,546.0289444941453
235839,641.1814671386435
235840,215.8659169746212
235841,1377.4043915268132
235842,1164.1907189544345
235843,701.610112332331
235844,796.7626349768293
235845,-1012.0283344594147
235846,149.51014009277708
235847,-63.70353247960156
235848,-526.284139101705
235849,-431.13161645720675
235850,-564.6075957643482
235851,596.9308787878438
235852,383.717206215465
235853,-78.86340040663833
235854,16.28912223785983
235855,-409.02642792616257
235856,752.5120466260296
235857,539.2983740536508
235858,76.71776743154737
235859,171.87029007604565
235860,494.1355480281439
235861,1655.674022580336
235862,1442.460350007957
235863,979.8797433858538
235864,1075.032266030352
235865,941.5562867232105
235866,2103.0947612754026
235867,1889.8810887030238
235868,1427.3004820809206
235869,1522.4530047254186
235870,1097.1374545613962
235871,2258.6759291135886
235872,2045.4622565412096
235873,1582.8816499191062
235874,1678.0341725636044
235875,-66.34209028345572
235876,1095.1963842687362
235877,881.9827116963575
235878,419.40210507425417
235879,514.5546277187524
235880,381.0786484116108
235881,1542.617122963803
235882,1329.403450391424
235883,866.8228437693208
235884,961.975366413819
235885,536.6598162497967
235886,1698.1982908019888
235887,1484.98461822961
235888,1022.4040116075066
235889,1117.556534252005
235890,-339.8367705812668
235891,821.7017039709253
235892,608.4880313985466
235893,145.90742477644324
235894,241.0599474209414
235895,107.58396811379987
235896,1269.122442665992
235897,1055.9087700936132
235898,593.3281634715099
235899,688.4806861160081
235900,263.16513595198575
235901,1424.7036105041777
235902,1211.489937931799
235903,748.9093313096957
235904,844.0618539541939
235905,-331.76343263999047
235906,829.7750419122017
235907,616.5613693398229
235908,153.98076271771947
235909,249.1332853622177
235910,115.65730605507622
235911,1277.1957806072683
235912,1063.9821080348895
235913,601.4015014127863
235914,696.5540240572843
235915,271.2384738932621
235916,1432.776948445454
235917,1219.5632758730753
235918,756.982669250972
235919,852.1351918954701
235920,-537.6951209615947
235921,623.8433535905973
235922,410.6296810182186
235923,-51.950925603884684
235924,43.20159704061348
235925,-90.27438226652816
235926,1071.264092285664
235927,858.0504197132851
235928,395.46981309118183
235929,490.62233573567994
235930,65.30678557165766
235931,1226.8452601238498
235932,1013.6315875514711
235933,551.0509809293676
235934,646.2035035738659
235935,-1162.5874658623786
235936,-1.0489913101863522
235937,-214.2626638825651
235938,-676.8432705046687
235939,-581.6907478601704
235940,-715.1667271673116
235941,446.3717473848802
235942,233.15807481250158
235943,-229.42253180960165
235944,-134.2700091651036
235945,-559.585559329126
235946,601.952915223066
235947,388.73924265068734
235948,-73.84136397141594
235949,21.31115867308222
235950,343.57641662518034
235951,1505.1148911773726
235952,1291.9012186049936
235953,829.3206119828902
235954,924.4731346273884
235955,790.997155320247
235956,1952.535629872439
235957,1739.3219573000601
235958,1276.741350677957
235959,1371.893873322455
235960,946.5783231584328
235961,2108.116797710625
235962,1894.9031251382462
235963,1432.3225185161427
235964,1527.475041160641
235965,-216.90122168641938
235966,944.6372528657728
235967,731.423580293394
235968,268.8429736712907
235969,363.99549631578884
235970,230.51951700864743
235971,1392.0579915608394
235972,1178.8443189884606
235973,716.2637123663574
235974,811.4162350108555
235975,386.1006848468332
235976,1547.6391593990252
235977,1334.4254868266466
235978,871.8448802045432
235979,966.9974028490414
235980,-327.497522107991
235981,834.0409524442011
235982,620.8272798718224
235983,158.24667324971904
235984,253.3991958942172
235985,119.92321658707567
235986,1281.4616911392677
235987,1068.248018566889
235988,605.6674119447857
235989,700.8199345892839
235990,275.5043844252615
235991,1437.0428589774538
235992,1223.8291864050748
235993,761.2485797829715
235994,856.4011024274697
235995,-319.42418416671467
235996,842.1142903854775
235997,628.9006178130987
235998,166.32001119099527
235999,261.47253383549355
236000,127.99655452835202
236001,1289.535029080544
236002,1076.3213565081653
236003,613.7407498860621
236004,708.8932725305601
236005,283.57772236653784
236006,1445.1161969187299
236007,1231.9025243463511
236008,769.3219177242478
236009,864.474440368746
236010,-525.3558724883189
236011,636.1826020638731
236012,422.96892949149435
236013,-39.611677130608996
236014,55.54084551388917
236015,-77.93513379325236
236016,1083.6033407589398
236017,870.3896681865609
236018,407.80906156445764
236019,502.96158420895574
236020,77.64603404493346
236021,1239.1845085971256
236022,1025.9708360247469
236023,563.3902294026434
236024,658.5427520471417
236025,-1150.2482173891026
236026,11.29025716308945
236027,-201.9234154092893
236028,-664.5040220313927
236029,-569.3514993868944
236030,-702.827478694036
236031,458.7109958581561
236032,245.49732328577733
236033,-217.08328333632596
236034,-121.9307606918278
236035,-547.2463108558502
236036,614.292163696342
236037,401.0784911239632
236038,-61.502115498140256
236039,33.65040714635791
236040,355.91566509845615
236041,1517.4541396506481
236042,1304.2404670782694
236043,841.6598604561661
236044,936.8123831006644
236045,803.3364037935228
236046,1964.874878345715
236047,1751.6612057733362
236048,1289.0805991512327
236049,1384.233121795731
236050,958.9175716317086
236051,2120.456046183901
236052,1907.242373611522
236053,1444.6617669894185
236054,1539.8142896339168
236055,-204.56197321314357
236056,956.9765013390486
236057,743.7628287666698
236058,281.1822221445665
236059,376.3347447890647
236060,242.85876548192317
236061,1404.3972400341152
236062,1191.1835674617364
236063,728.6029608396332
236064,823.7554834841313
236065,398.43993332010893
236066,1559.978407872301
236067,1346.7647352999224
236068,884.184128677819
236069,979.3366513223172
236070,-315.1582736347152
236071,846.3802009174769
236072,633.1665283450982
236073,170.58592172299484
236074,265.738444367493
236075,132.26246506035136
236076,1293.8009396125435
236077,1080.5872670401648
236078,618.0066604180615
236079,713.1591830625597
236080,287.8436328985373
236081,1449.3821074507296
236082,1236.1684348783506
236083,773.5878282562473
236084,868.7403509007455
236085,-307.08493569343887
236086,854.4535388587532
236087,641.2398662863745
236088,178.65925966427108
236089,273.8117823087693
236090,140.3358030016277
236091,1301.8742775538199
236092,1088.660604981441
236093,626.0799983593378
236094,721.2325210038359
236095,295.91697083981364
236096,1457.4554453920057
236097,1244.241772819627
236098,781.6611661975236
236099,876.8136888420217
236100,-513.0166240150431
236101,648.5218505371489
236102,435.30817796477015
236103,-27.272428657333194
236104,67.88009398716508
236105,-65.59588531997656
236106,1095.9425892322156
236107,882.7289166598367
236108,420.14831003773344
236109,515.3008326822315
236110,89.98528251820926
236111,1251.5237570704012
236112,1038.3100844980227
236113,575.7294778759192
236114,670.8820005204175
236115,-1137.908968915827
236116,23.629505636365252
236117,-189.5841669360135
236118,-652.1647735581168
236119,-557.0122509136188
236120,-690.4882302207602
236121,471.05024433143194
236122,257.8365717590532
236123,-204.74403486305016
236124,-109.591512218552
236125,-534.9070623825744
236126,626.6314121696178
236127,413.41773959723895
236128,-49.162867024864454
236129,45.98965561963382
236130,368.2549135717319
236131,1529.7933881239242
236132,1316.5797155515452
236133,853.9991089294418
236134,949.1516315739401
236135,815.6756522667986
236136,1977.2141268189907
236137,1764.000454246612
236138,1301.4198476245085
236139,1396.5723702690068
236140,971.2568201049844
236141,2132.795294657177
236142,1919.5816220847978
236143,1457.0010154626943
236144,1552.1535381071926
236145,-192.22272473986766
236146,969.3157498123244
236147,756.1020772399456
236148,293.5214706178423
236149,388.6739932623405
236150,255.19801395519897
236151,1416.7364885073912
236152,1203.5228159350122
236153,740.942209312909
236154,836.0947319574071
236155,410.77918179338485
236156,1572.3176563455768
236157,1359.1039837731983
236158,896.5233771510948
236159,991.6758997955931
236160,-302.8190251614394
236161,858.7194493907527
236162,645.505776818374
236163,182.92517019627064
236164,278.0776928407688
236165,144.60171353362728
236166,1306.1401880858193
236167,1092.9265155134406
236168,630.3459088913373
236169,725.4984315358355
236170,300.1828813718132
236171,1461.7213559240051
236172,1248.5076833516264
236173,785.9270767295232
236174,881.0795993740213
236175,-294.74568722016306
236176,866.7927873320291
236177,653.5791147596503
236178,190.99850813754688
236179,286.15103078204515
236180,152.67505147490363
236181,1314.2135260270957
236182,1100.999853454717
236183,638.4192468326137
236184,733.5717694771117
236185,308.25621931308956
236186,1469.7946938652815
236187,1256.5810212929027
236188,794.0004146707994
236189,889.1529373152975
236190,-500.67737554176733
236191,660.8610990104247
236192,447.647426438046
236193,-14.933180184057392
236194,80.21934246044088
236195,-53.25663684670076
236196,1108.2818377054914
236197,895.0681651331126
236198,432.48755851100924
236199,527.6400811555073
236200,102.32453099148518
236201,1263.8630055436772
236202,1050.6493329712985
236203,588.068726349195
236204,683.2212489936933
236205,-1125.5697204425508
236206,35.968754109641054
236207,-177.2449184627376
236208,-639.825525084841
236209,-544.6730024403428
236210,-678.1489817474842
236211,483.38949280470763
236212,270.175820232329
236213,-192.40478638977436
236214,-97.2522637452762
236215,-522.5678139092986
236216,638.9706606428934
236217,425.75698807051475
236218,-36.82361855158865
236219,58.328904092909625
236220,380.5941620450078
236221,1542.1326365972
236222,1328.918964024821
236223,866.3383574027177
236224,961.4908800472159
236225,828.0149007400744
236226,1989.5533752922663
236227,1776.3397027198878
236228,1313.7590960977843
236229,1408.9116187422824
236230,983.5960685782603
236231,2145.1345431304526
236232,1931.9208705580736
236233,1469.3402639359701
236234,1564.4927865804684
236235,-179.88347626659186
236236,981.6549982856002
236237,768.4413257132215
236238,305.8607190911181
236239,401.0132417356163
236240,267.5372624284747
236241,1429.0757369806668
236242,1215.862064408288
236243,753.2814577861848
236244,848.4339804306829
236245,423.11843026666065
236246,1584.6569048188526
236247,1371.443232246474
236248,908.8626256243706
236249,1004.0151482688689
236250,-290.4797766881636
236251,871.0586978640285
236252,657.8450252916498
236253,195.26441866954644
236254,290.4169413140446
236255,156.94096200690308
236256,1318.4794365590951
236257,1105.2657639867164
236258,642.6851573646131
236259,737.8376800091112
236260,312.5221298450889
236261,1474.060604397281
236262,1260.8469318249022
236263,798.266325202799
236264,893.4188478472971
236265,-282.40643874688726
236266,879.1320358053048
236267,665.9183632329261
236268,203.33775661082268
236269,298.4902792553209
236270,165.01429994817943
236271,1326.5527745003715
236272,1113.3391019279927
236273,650.7584953058894
236274,745.9110179503875
236275,320.59546778636525
236276,1482.1339423385573
236277,1268.9202697661785
236278,806.3396631440752
236279,901.4921857885734
236280,-488.33812706849153
236281,673.2003474837005
236282,459.98667491132176
236283,-2.5939317107815896
236284,92.55859093371657
236285,-40.917388373424956
236286,1120.6210861787672
236287,907.4074136063883
236288,444.82680698428504
236289,539.9793296287831
236290,114.66377946476086
236291,1276.2022540169528
236292,1062.9885814445743
236293,600.4079748224708
236294,695.5604974669691
236295,-1113.2304719692752
236296,48.308002582916856
236297,-164.9056699894619
236298,-627.4862766115652
236299,-532.333753967067
236300,-665.8097332742086
236301,495.7287412779835
236302,282.51506870560473
236303,-180.06553791649856
236304,-84.91301527200051
236305,-510.2285654360228
236306,651.3099091161693
236307,438.0962365437906
236308,-24.48437007831285
236309,70.66815256618531
236310,392.93341051828355
236311,1554.4718850704755
236312,1341.2582124980968
236313,878.6776058759935
236314,973.8301285204916
236315,840.3541492133502
236316,2001.892623765542
236317,1788.6789511931634
236318,1326.0983445710601
236319,1421.2508672155582
236320,995.935317051536
236321,2157.4737916037284
236322,1944.2601190313494
236323,1481.679512409246
236324,1576.8320350537442
236325,-167.54422779331617
236326,993.994246758876
236327,780.7805741864972
236328,318.1999675643939
236329,413.3524902088921
236330,279.8765109017506
236331,1441.4149854539426
236332,1228.2013128815638
236333,765.6207062594606
236334,860.7732289039587
236335,435.45767873993634
236336,1596.9961532921284
236337,1383.7824807197499
236338,921.2018740976464
236339,1016.3543967421446
236340,-201.60842321616065
236341,959.9300513360314
236342,746.7163787636526
236343,284.13577214154935
236344,379.2882947860476
236345,245.81231547890593
236346,1407.350790031098
236347,1194.1371174587193
236348,731.556510836616
236349,826.7090334811141
236350,401.39348331709175
236351,1562.931957869284
236352,1349.7182852969052
236353,887.1376786748017
236354,982.2902013193
236355,-193.5350852748843
236356,968.0033892773076
236357,754.789716704929
236358,292.20911008282565
236359,387.36163272732387
236360,253.88565342018228
236361,1415.4241279723744
236362,1202.2104553999957
236363,739.6298487778923
236364,834.7823714223904
236365,409.4668212583681
236366,1571.0052958105603
236367,1357.7916232381813
236368,895.211016616078
236369,990.3635392605763
236370,-399.4667735964888
236371,762.0717009557034
236372,548.8580283833246
236373,86.27742176122126
236374,181.42994440571943
236375,47.953965098577896
236376,1209.49243965077
236377,996.2787670783912
236378,533.698160456288
236379,628.850683100786
236380,203.53513293676372
236381,1365.0736074889558
236382,1151.859934916577
236383,689.2793282944737
236384,784.4318509389718
236385,-1024.3591184972722
236386,137.1793560549197
236387,-76.03431651745905
236388,-538.6149231395623
236389,-443.46240049506423
236390,-576.9383798022056
236391,584.6000947499863
236392,371.3864221776076
236393,-91.1941844444957
236394,3.9583382000024585
236395,-421.35721196402005
236396,740.1812625881721
236397,526.9675900157933
236398,64.38698339369
236399,159.53950603818816
236400,481.80476399028646
236401,1643.3432385424785
236402,1430.1295659700997
236403,967.5489593479964
236404,1062.7014819924948
236405,929.225502685353
236406,2090.763977237545
236407,1877.5503046651663
236408,1414.969698043063
236409,1510.1222206875614
236410,1084.8066705235387
236411,2246.345145075731
236412,2033.1314725033524
236413,1570.5508658812487
236414,1665.703388525747
236415,-78.67287432131309
236416,1082.865600230879
236417,869.6519276585002
236418,407.07132103639685
236419,502.223843680895
236420,368.7478643737535
236421,1530.2863389259455
236422,1317.0726663535668
236423,854.4920597314635
236424,949.6445823759616
236425,524.3290322119393
236426,1685.8675067641313
236427,1472.6538341917526
236428,1010.0732275696492
236429,1105.2257502141474
236430,-189.26917474288484
236431,972.2692998093072
236432,759.0556272369284
236433,296.47502061482516
236434,391.6275432593233
236435,258.1515639521818
236436,1419.6900385043737
236437,1206.4763659319951
236438,743.8957593098918
236439,839.04828195439
236440,413.7327317903676
236441,1575.2712063425597
236442,1362.057533770181
236443,899.4769271480775
236444,994.6294497925758
236445,-181.1958368016085
236446,980.3426377505834
236447,767.1289651782048
236448,304.54835855610145
236449,399.7008812005996
236450,266.22490189345814
236451,1427.76337644565
236452,1214.5497038732715
236453,751.969097251168
236454,847.1216198956662
236455,421.80606973164384
236456,1583.344544283836
236457,1370.1308717114573
236458,907.5502650893538
236459,1002.702787733852
236460,-387.12752512321276
236461,774.4109494289792
236462,561.1972768566004
236463,98.61667023449718
236464,193.76919287899534
236465,60.29321357185381
236466,1221.8316881240457
236467,1008.618015551667
236468,546.0374089295638
236469,641.1899315740618
236470,215.87438141003963
236471,1377.4128559622316
236472,1164.1991833898528
236473,701.6185767677495
236474,796.7710994122477
236475,-1012.0198700239964
236476,149.5186045281955
236477,-63.695068044183245
236478,-526.2756746662867
236479,-431.1231520217884
236480,-564.5991313289298
236481,596.9393432232621
236482,383.7256706508834
236483,-78.8549359712199
236484,16.29758667327826
236485,-409.017963490744
236486,752.5205110614479
236487,539.3068384890692
236488,76.72623186696592
236489,171.87875451146408
236490,494.1440124635623
236491,1655.6824870157543
236492,1442.4688144433755
236493,979.8882078212723
236494,1075.0407304657704
236495,941.564751158629
236496,2103.103225710821
236497,1889.8895531384421
236498,1427.308946516339
236499,1522.461469160837
236500,1097.1459189968148
236501,2258.684393549007
236502,2045.4707209766282
236503,1582.8901143545247
236504,1678.0426369990228
236505,-66.3336258480374
236506,1095.2048487041548
236507,881.991176131776
236508,419.4105695096726
236509,514.5630921541708
236510,381.08711284702923
236511,1542.6255873992213
236512,1329.4119148268426
236513,866.8313082047392
236514,961.9838308492374
236515,536.668280685215
236516,1698.2067552374072
236517,1484.9930826650284
236518,1022.4124760429249
236519,1117.5649986874232
236520,-339.8283061458483
236521,821.7101684063437
236522,608.496495833965
236523,145.91588921186167
236524,241.06841185635983
236525,107.5924325492183
236526,1269.1309071014102
236527,1055.9172345290317
236528,593.3366279069282
236529,688.4891505514264
236530,263.1736003874041
236531,1424.7120749395963
236532,1211.4984023672175
236533,748.9177957451141
236534,844.0703183896123
236535,-331.7549682045719
236536,829.78350634762
236537,616.5698337752412
236538,153.9892271531379
236539,249.14174979763612
236540,115.66577049049465
236541,1277.2042450426866
236542,1063.990572470308
236543,601.4099658482046
236544,696.5624884927028
236545,271.24693832868047
236546,1432.7854128808726
236547,1219.5717403084939
236548,756.9911336863904
236549,852.1436563308886
236550,-537.6866565261764
236551,623.8518180260157
236552,410.6381454536369
236553,-51.942461168466366
236554,43.2100614760318
236555,-90.26591783110973
236556,1071.2725567210823
236557,858.0588841487036
236558,395.4782775266002
236559,490.6308001710984
236560,65.31525000707609
236561,1226.8537245592681
236562,1013.6400519868894
236563,551.059445364786
236564,646.2119680092842
236565,-1162.5790014269598
236566,-1.0405268747679202
236567,-214.25419944714668
236568,-676.8348060692501
236569,-581.6822834247519
236570,-715.1582627318933
236571,446.38021182029865
236572,233.1665392479199
236573,-229.41406737418333
236574,-134.26154472968528
236575,-559.5770948937077
236576,601.9613796584845
236577,388.7477070861058
236578,-73.83289953599763
236579,21.319623108500537
236580,343.5848810605988
236581,1505.1233556127909
236582,1291.9096830404121
236583,829.3290764183087
236584,924.4815990628069
236585,791.0056197556654
236586,1952.5440943078574
236587,1739.3304217354787
236588,1276.7498151133755
236589,1371.9023377578735
236590,946.5867875938512
236591,2108.1252621460435
236592,1894.9115895736645
236593,1432.330982951561
236594,1527.4835055960593
236595,-216.89275725100083
236596,944.6457173011912
236597,731.4320447288125
236598,268.8514381067091
236599,364.0039607512073
236600,230.52798144406574
236601,1392.066455996258
236602,1178.8527834238791
236603,716.2721768017758
236604,811.424699446274
236605,386.10914928225156
236606,1547.6476238344437
236607,1334.433951262065
236608,871.8533446399615
236609,967.0058672844598
236610,-327.48905767257247
236611,834.0494168796196
236612,620.8357443072408
236613,158.25513768513747
236614,253.40766032963563
236615,119.9316810224941
236616,1281.470155574686
236617,1068.2564830023075
236618,605.675876380204
236619,700.8283990247022
236620,275.5128488606799
236621,1437.051323412872
236622,1223.8376508404933
236623,761.2570442183899
236624,856.4095668628881
236625,-319.4157197312961
236626,842.1227548208958
236627,628.9090822485172
236628,166.32847562641382
236629,261.480998270912
236630,128.00501896377045
236631,1289.5434935159624
236632,1076.3298209435839
236633,613.7492143214804
236634,708.9017369659786
236635,283.5861868019563
236636,1445.1246613541484
236637,1231.9109887817694
236638,769.3303821596662
236639,864.4829048041644
236640,-525.3474080529006
236641,636.1910664992915
236642,422.9773939269128
236643,-39.603212695190564
236644,55.5493099493076
236645,-77.92666935783404
236646,1083.611805194358
236647,870.3981326219794
236648,407.817525999876
236649,502.9700486443742
236650,77.65449848035189
236651,1239.192973032544
236652,1025.9793004601652
236653,563.3986938380618
236654,658.55121648256
236655,-1150.239752953684
236656,11.298721598507882
236657,-201.91495097387087
236658,-664.4955575959741
236659,-569.3430349514758
236660,-702.8190142586175
236661,458.7194602935745
236662,245.50578772119576
236663,-217.07481890090753
236664,-121.92229625640937
236665,-547.2378464204319
236666,614.3006281317603
236667,401.0869555593816
236668,-61.493651062721824
236669,33.65887158177634
236670,355.9241295338746
236671,1517.4626040860667
236672,1304.248931513688
236673,841.6683248915845
236674,936.8208475360827
236675,803.3448682289412
236676,1964.8833427811333
236677,1751.6696702087545
236678,1289.0890635866513
236679,1384.2415862311495
236680,958.926036067127
236681,2120.4645106193193
236682,1907.2508380469403
236683,1444.6702314248369
236684,1539.8227540693351
236685,-204.55350877772503
236686,956.984965774467
236687,743.7712932020883
236688,281.1906865799849
236689,376.34320922448313
236690,242.86722991734155
236691,1404.4057044695337
236692,1191.192031897155
236693,728.6114252750516
236694,823.7639479195498
236695,398.44839775552737
236696,1559.9868723077195
236697,1346.7731997353408
236698,884.1925931132373
236699,979.3451157577356
236700,-315.1498091992969
236701,846.3886653528954
236702,633.1749927805166
236703,170.59438615841327
236704,265.74690880291143
236705,132.2709294957698
236706,1293.8094040479618
236707,1080.5957314755833
236708,618.0151248534798
236709,713.167647497978
236710,287.8520973339557
236711,1449.3905718861479
236712,1236.1768993137691
236713,773.5962926916657
236714,868.748815336164
236715,-307.07647125802055
236716,854.4620032941716
236717,641.2483307217929
236718,178.6677240996895
236719,273.8202467441877
236720,140.34426743704614
236721,1301.8827419892382
236722,1088.6690694168597
236723,626.0884627947562
236724,721.2409854392544
236725,295.9254352752321
236726,1457.463909827424
236727,1244.2502372550452
236728,781.669630632942
236729,876.8221532774402
236730,-513.0081595796248
236731,648.5303149725673
236732,435.3166424001886
236733,-27.26396422191476
236734,67.88855842258351
236735,-65.58742088455824
236736,1095.951053667634
236737,882.7373810952552
236738,420.1567744731518
236739,515.30929711765
236740,89.99374695362769
236741,1251.5322215058197
236742,1038.318548933441
236743,575.7379423113376
236744,670.8904649558358
236745,-1137.9005044804082
236746,23.637970071783684
236747,-189.57570250059496
236748,-652.1563091226983
236749,-557.0037864782003
236750,-690.4797657853417
236751,471.05870876685026
236752,257.8450361944716
236753,-204.73557042763173
236754,-109.58304778313357
236755,-534.8985979471561
236756,626.6398766050361
236757,413.4262040326573
236758,-49.15440258944602
236759,45.998120055052254
236760,368.2633780071503
236761,1529.8018525593425
236762,1316.5881799869637
236763,854.0075733648603
236764,949.1600960093585
236765,815.6841167022169
236766,1977.222591254409
236767,1764.0089186820303
236768,1301.428312059927
236769,1396.5808347044251
236770,971.2652845404028
236771,2132.803759092595
236772,1919.5900865202161
236773,1457.0094798981127
236774,1552.162002542611
236775,-192.21426030444923
236776,969.3242142477428
236777,756.1105416753641
236778,293.5299350532607
236779,388.68245769775893
236780,255.20647839061735
236781,1416.7449529428095
236782,1203.5312803704307
236783,740.9506737483274
236784,836.1031963928256
236785,410.7876462288033
236786,1572.326120780995
236787,1359.1124482086166
236788,896.5318415865132
236789,991.6843642310114
236790,-302.81056072602087
236791,858.7279138261711
236792,645.5142412537924
236793,182.93363463168907
236794,278.08615727618724
236795,144.6101779690457
236796,1306.1486525212376
236797,1092.934979948859
236798,630.3543733267556
236799,725.5068959712538
236800,300.1913458072316
236801,1461.7298203594237
236802,1248.516147787045
236803,785.9355411649415
236804,881.0880638094397
236805,-294.7372227847445
236806,866.8012517674474
236807,653.5875791950687
236808,191.0069725729653
236809,286.1594952174635
236810,152.68351591032206
236811,1314.221990462514
236812,1101.0083178901355
236813,638.427711268032
236814,733.5802339125302
236815,308.26468374850793
236816,1469.8031583007
236817,1256.5894857283213
236818,794.0088791062178
236819,889.161401750716
236820,-500.6689111063488
236821,660.8695634458431
236822,447.65589087346444
236823,-14.924715748638846
236824,80.22780689585932
236825,-53.248172411282326
236826,1108.2903021409097
236827,895.076629568531
236828,432.4960229464277
236829,527.6485455909258
236830,102.33299542690361
236831,1263.8714699790955
236832,1050.6577974067168
236833,588.0771907846134
236834,683.2297134291116
236835,-1125.5612560071324
236836,35.977218545059486
236837,-177.23645402731927
236838,-639.8170606494227
236839,-544.6645380049245
236840,-678.1405173120659
236841,483.39795724012606
236842,270.1842846677473
236843,-192.39632195435604
236844,-97.24379930985788
236845,-522.5593494738803
236846,638.9791250783119
236847,425.7654525059332
236848,-36.81515411617033
236849,58.33736852832794
236850,380.6026264804262
236851,1542.1411010326183
236852,1328.9274284602395
236853,866.3468218381361
236854,961.4993444826343
236855,828.0233651754928
236856,1989.5618397276849
236857,1776.348167155306
236858,1313.7675605332029
236859,1408.920083177701
236860,983.6045330136787
236861,2145.143007565871
236862,1931.929334993492
236863,1469.3487283713887
236864,1564.5012510158867
236865,-179.87501183117342
236866,981.6634627210186
236867,768.4497901486399
236868,305.8691835265365
236869,401.0217061710347
236870,267.54572686389315
236871,1429.0842014160853
236872,1215.8705288437066
236873,753.2899222216032
236874,848.4424448661014
236875,423.126894702079
236876,1584.6653692542711
236877,1371.4516966818924
236878,908.871090059789
236879,1004.0236127042872
236880,-290.47131225274507
236881,871.067162299447
236882,657.8534897270682
236883,195.27288310496488
236884,290.42540574946304
236885,156.9494264423215
236886,1318.4879009945134
236887,1105.274228422135
236888,642.6936218000315
236889,737.8461444445296
236890,312.53059428050733
236891,1474.0690688326995
236892,1260.8553962603207
236893,798.2747896382173
236894,893.4273122827155
236895,-282.3979743114687
236896,879.1405002407232
236897,665.9268276683446
236898,203.3462210462411
236899,298.49874369073933
236900,165.02276438359786
236901,1326.5612389357898
236902,1113.3475663634113
236903,650.7669597413078
236904,745.919482385806
236905,320.6039322217837
236906,1482.1424067739758
236907,1268.9287342015969
236908,806.3481275794936
236909,901.5006502239918
236910,-488.3296626330732
236911,673.208811919119
236912,459.9951393467402
236913,-2.5854672753631576
236914,92.567055369135
236915,-40.90892393800664
236916,1120.6295506141855
236917,907.4158780418068
236918,444.8352714197034
236919,539.9877940642016
236920,114.6722439001793
236921,1276.2107184523713
236922,1062.9970458799926
236923,600.4164392578892
236924,695.5689619023874
236925,-1113.2220075338569
236926,48.31646701833529
236927,-164.89720555404347
236928,-627.4778121761469
236929,-532.3252895316487
236930,-665.8012688387901
236931,495.7372057134019
236932,282.52353314102317
236933,-180.05707348108012
236934,-84.90455083658208
236935,-510.2201010006045
236936,651.3183735515877
236937,438.1047009792089
236938,-24.475905642894418
236939,70.67661700160374
236940,392.941874953702
236941,1554.480349505894
236942,1341.2666769335153
236943,878.6860703114119
236944,973.8385929559101
236945,840.3626136487686
236946,2001.9010882009607
236947,1788.687415628582
236948,1326.1068090064787
236949,1421.2593316509767
236950,995.9437814869544
236951,2157.4822560391467
236952,1944.2685834667677
236953,1481.6879768446643
236954,1576.8404994891625
236955,-167.53576335789762
236956,994.0027111942944
236957,780.7890386219158
236958,318.2084319998123
236959,413.36095464431054
236960,279.88497533716895
236961,1441.423449889361
236962,1228.2097773169824
236963,765.629170694879
236964,860.7816933393772
236965,435.4661431753548
236966,1597.004617727547
236967,1383.7909451551682
236968,921.2103385330647
236969,1016.362861177563
236970,-201.59995878074233
236971,959.9385157714498
236972,746.7248431990711
236973,284.1442365769677
236974,379.29675922146595
236975,245.8207799143243
236976,1407.3592544665164
236977,1194.1455818941376
236978,731.5649752720343
236979,826.7174979165325
236980,401.4019477525102
236981,1562.9404223047022
236982,1349.7267497323237
236983,887.1461431102202
236984,982.2986657547184
236985,-193.52662083946598
236986,968.0118537127262
236987,754.7981811403473
236988,292.217574518244
236989,387.37009716274224
236990,253.89411785560065
236991,1415.4325924077928
236992,1202.218919835414
236993,739.6383132133107
236994,834.7908358578088
236995,409.47528569378653
236996,1571.0137602459786
236997,1357.8000876735998
236998,895.2194810514965
236999,990.3720036959946
237000,-399.45830916107025
237001,762.0801653911218
237002,548.866492818743
237003,86.2858861966397
237004,181.43840884113797
237005,47.96242953399633
237006,1209.5009040861883
237007,996.2872315138096
237008,533.7066248917063
237009,628.8591475362044
237010,203.54359737218215
237011,1365.082071924374
237012,1151.8683993519955
237013,689.2877927298921
237014,784.4403153743903
237015,-1024.350654061854
237016,137.18782049033803
237017,-76.02585208204073
237018,-538.606458704144
237019,-443.4539360596459
237020,-576.9299153667873
237021,584.6085591854046
237022,371.394886613026
237023,-91.18572000907727
237024,3.9668026354208905
237025,-421.3487475286015
237026,740.1897270235904
237027,526.9760544512118
237028,64.39544782910843
237029,159.5479704736067
237030,481.81322842570484
237031,1643.3517029778968
237032,1430.1380304055183
237033,967.5574237834148
237034,1062.709946427913
237035,929.2339671207715
237036,2090.7724416729634
237037,1877.5587691005849
237038,1414.9781624784814
237039,1510.1306851229797
237040,1084.8151349589573
237041,2246.3536095111494
237042,2033.1399369387707
237043,1570.5593303166672
237044,1665.7118529611655
237045,-78.66440988589466
237046,1082.8740646662973
237047,869.6603920939185
237048,407.0797854718152
237049,502.2323081163134
237050,368.75632880917186
237051,1530.2948033613638
237052,1317.0811307889853
237053,854.5005241668819
237054,949.65304681138
237055,524.3374966473577
237056,1685.8759711995497
237057,1472.6622986271711
237058,1010.0816920050677
237059,1105.2342146495657
237060,-189.2607103074664
237061,972.2777642447256
237062,759.0640916723469
237063,296.48348505024353
237064,391.6360076947417
237065,258.16002838760016
237066,1419.6985029397922
237067,1206.4848303674135
237068,743.9042237453101
237069,839.0567463898083
237070,413.74119622578604
237071,1575.279670777978
237072,1362.0659982055993
237073,899.485391583496
237074,994.6379142279941
237075,-181.18737236619017
237076,980.3511021860019
237077,767.1374296136231
237078,304.55682299151977
237079,399.709345636018
237080,266.2333663288765
237081,1427.7718408810686
237082,1214.5581683086898
237083,751.9775616865865
237084,847.1300843310846
237085,421.8145341670623
237086,1583.3530087192544
237087,1370.1393361468756
237088,907.5587295247723
237089,1002.7112521692704
237090,-387.1190606877942
237091,774.4194138643976
237092,561.205741292019
237093,98.6251346699155
237094,193.77765731441377
237095,60.30167800727213
237096,1221.840152559464
237097,1008.6264799870854
237098,546.0458733649821
237099,641.1983960094802
237100,215.88284584545795
237101,1377.42132039765
237102,1164.2076478252714
237103,701.6270412031679
237104,796.779563847666
237105,-1012.0114055885781
237106,149.52706896361394
237107,-63.68660360876481
237108,-526.2672102308682
237109,-431.1146875863699
237110,-564.5906668935115
237111,596.9478076586805
237112,383.7341350863018
237113,-78.84647153580158
237114,16.30605110869658
237115,-409.0094990553257
237116,752.5289754968663
237117,539.3153029244877
237118,76.73469630238424
237119,171.8872189468824
237120,494.1524768989807
237121,1655.6909514511726
237122,1442.4772788787939
237123,979.8966722566906
237124,1075.049194901189
237125,941.5732155940473
237126,2103.111690146239
237127,1889.8980175738604
237128,1427.3174109517572
237129,1522.4699335962555
237130,1097.154383432233
237131,2258.6928579844252
237132,2045.4791854120465
237133,1582.898578789943
237134,1678.0511014344413
237135,-66.32516141261897
237136,1095.213313139573
237137,881.9996405671943
237138,419.419033945091
237139,514.5715565895891
237140,381.0955772824476
237141,1542.6340518346396
237142,1329.420379262261
237143,866.8397726401577
237144,961.9922952846558
237145,536.6767451206335
237146,1698.2152196728255
237147,1485.0015471004467
237148,1022.4209404783435
237149,1117.5734631228415
237150,-339.81984171042996
237151,821.7186328417622
237152,608.5049602693834
237153,145.9243536472801
237154,241.07687629177826
237155,107.60089698463673
237156,1269.1393715368288
237157,1055.92569896445
237158,593.3450923423467
237159,688.4976149868448
237160,263.18206482282255
237161,1424.7205393750146
237162,1211.5068668026358
237163,748.9262601805325
237164,844.0787828250307
237165,-331.7465037691536
237166,829.7919707830384
237167,616.5782982106598
237168,153.99769158855634
237169,249.15021423305456
237170,115.67423492591308
237171,1277.2127094781051
237172,1063.9990369057264
237173,601.418430283623
237174,696.5709529281212
237175,271.2554027640989
237176,1432.793877316291
237177,1219.5802047439122
237178,756.9995981218087
237179,852.152120766307
237180,-537.6781920907579
237181,623.8602824614342
237182,410.64660988905536
237183,-51.933996733047934
237184,43.21852591145023
237185,-90.2574533956913
237186,1071.2810211565006
237187,858.067348584122
237188,395.48674196201864
237189,490.6392646065168
237190,65.32371444249452
237191,1226.8621889946867
237192,1013.6485164223078
237193,551.0679098002045
237194,646.2204324447026
237195,-1162.5705369915415
237196,-1.0320624393494882
237197,-214.24573501172824
237198,-676.8263416338316
237199,-581.6738189893333
237200,-715.149798296475
237201,446.3886762557171
237202,233.17500368333833
237203,-229.405602938765
237204,-134.25308029426685
237205,-559.5686304582891
237206,601.9698440939029
237207,388.75617152152415
237208,-73.8244351005792
237209,21.32808754391897
237210,343.5933454960172
237211,1505.1318200482092
237212,1291.9181474758304
237213,829.3375408537271
237214,924.4900634982253
237215,791.0140841910838
237216,1952.5525587432758
237217,1739.338886170897
237218,1276.7582795487938
237219,1371.910802193292
237220,946.5952520292697
237221,2108.133726581462
237222,1894.920054009083
237223,1432.3394473869796
237224,1527.4919700314776
237225,-216.8842928155825
237226,944.6541817366096
237227,731.4405091642309
237228,268.85990254212754
237229,364.0124251866257
237230,230.53644587948418
237231,1392.0749204316762
237232,1178.8612478592975
237233,716.2806412371942
237234,811.4331638816923
237235,386.11761371767
237236,1547.6560882698623
237237,1334.4424156974833
237238,871.8618090753799
237239,967.0143317198781
237240,-327.48059323715415
237241,834.0578813150379
237242,620.8442087426592
237243,158.2636021205558
237244,253.416124765054
237245,119.94014545791242
237246,1281.4786200101044
237247,1068.2649474377258
237248,605.6843408156225
237249,700.8368634601206
237250,275.52131329609836
237251,1437.0597878482904
237252,1223.8461152759116
237253,761.2655086538083
237254,856.4180312983065
237255,-319.4072552958778
237256,842.1312192563142
237257,628.9175466839355
237258,166.33694006183214
237259,261.4894627063303
237260,128.01348339918877
237261,1289.5519579513807
237262,1076.3382853790022
237263,613.7576787568988
237264,708.910201401397
237265,283.5946512373747
237266,1445.1331257895667
237267,1231.919453217188
237268,769.3388465950846
237269,864.4913692395828
237270,-525.3389436174821
237271,636.1995309347099
237272,422.9858583623312
237273,-39.59474825977213
237274,55.55777438472603
237275,-77.91820492241561
237276,1083.6202696297764
237277,870.4065970573978
237278,407.82599043529444
237279,502.9785130797926
237280,77.66296291577032
237281,1239.2014374679625
237282,1025.9877648955837
237283,563.4071582734803
237284,658.5596809179784
237285,-1150.2312885182657
237286,11.3071860339262
237287,-201.90648653845244
237288,-664.4870931605558
237289,-569.3345705160575
237290,-702.8105498231992
237291,458.72792472899283
237292,245.5142521566142
237293,-217.0663544654891
237294,-121.91383182099094
237295,-547.2293819850133
237296,614.3090925671786
237297,401.0954199948
237298,-61.48518662730339
237299,33.66733601719477
237300,355.93259396929295
237301,1517.471068521485
237302,1304.2573959491062
237303,841.6767893270029
237304,936.8293119715012
237305,803.3533326643595
237306,1964.8918072165516
237307,1751.678134644173
237308,1289.0975280220696
237309,1384.2500506665679
237310,958.9345005025455
237311,2120.4729750547376
237312,1907.2593024823589
237313,1444.6786958602554
237314,1539.8312185047537
237315,-204.5450443423067
237316,956.9934302098854
237317,743.7797576375067
237318,281.1991510154033
237319,376.3516736599015
237320,242.87569435275998
237321,1404.414168904952
237322,1191.2004963325733
237323,728.61988971047
237324,823.7724123549681
237325,398.4568621909458
237326,1559.9953367431378
237327,1346.781664170759
237328,884.2010575486557
237329,979.3535801931539
237330,-315.14134476387835
237331,846.3971297883137
237332,633.1834572159349
237333,170.6028505938316
237334,265.7553732383298
237335,132.27939393118822
237336,1293.8178684833804
237337,1080.6041959110016
237338,618.0235892888983
237339,713.1761119333964
237340,287.8605617693741
237341,1449.3990363215662
237342,1236.1853637491874
237343,773.6047571270841
237344,868.7572797715823
237345,-307.068006822602
237346,854.47046772959
237347,641.2567951572113
237348,178.67618853510794
237349,273.8287111796061
237350,140.35273187246457
237351,1301.8912064246565
237352,1088.677533852278
237353,626.0969272301746
237354,721.2494498746728
237355,295.93389971065045
237356,1457.4723742628425
237357,1244.2587016904638
237358,781.6780950683603
237359,876.8306177128586
237360,-512.9996951442063
237361,648.5387794079857
237362,435.325106835607
237363,-27.25549978649633
237364,67.89702285800195
237365,-65.57895644913981
237366,1095.9595181030522
237367,882.7458455306736
237368,420.16523890857025
237369,515.3177615530684
237370,90.00221138904612
237371,1251.540685941238
237372,1038.3270133688593
237373,575.7464067467561
237374,670.8989293912542
237375,-1137.89204004499
237376,23.646434507202116
237377,-189.56723806517664
237378,-652.14784468728
237379,-556.9953220427819
237380,-690.4713013499234
237381,471.0671732022687
237382,257.85350062988994
237383,-204.7271059922134
237384,-109.57458334771525
237385,-534.8901335117378
237386,626.6483410404545
237387,413.43466846807576
237388,-49.145938154027704
237389,46.00658449047057
237390,368.2718424425687
237391,1529.8103169947608
237392,1316.596644422382
237393,854.0160378002786
237394,949.1685604447769
237395,815.6925811376353
237396,1977.2310556898274
237397,1764.0173831174488
237398,1301.4367764953454
237399,1396.5892991398437
237400,971.2737489758213
237401,2132.8122235280134
237402,1919.5985509556347
237403,1457.0179443335312
237404,1552.1704669780295
237405,-192.2057958690309
237406,969.3326786831612
237407,756.1190061107825
237408,293.5383994886791
237409,388.6909221331773
237410,255.21494282603578
237411,1416.7534173782278
237412,1203.539744805849
237413,740.9591381837458
237414,836.1116608282439
237415,410.79611066422166
237416,1572.3345852164136
237417,1359.120912644035
237418,896.5403060219317
237419,991.6928286664298
237420,-302.80209629060255
237421,858.7363782615896
237422,645.5227056892109
237423,182.9420990671074
237424,278.09462171160567
237425,144.61864240446414
237426,1306.1571169566562
237427,1092.9434443842774
237428,630.3628377621741
237429,725.5153604066722
237430,300.19981024264996
237431,1461.738284794842
237432,1248.5246122224632
237433,785.9440056003599
237434,881.0965282448581
237435,-294.7287583493262
237436,866.8097162028658
237437,653.5960436304871
237438,191.01543700838374
237439,286.1679596528819
237440,152.6919803457405
237441,1314.2304548979325
237442,1101.0167823255538
237443,638.4361757034504
237444,733.5886983479486
237445,308.2731481839263
237446,1469.8116227361184
237447,1256.5979501637396
237448,794.0173435416363
237449,889.1698661861344
237450,-500.66044667093047
237451,660.8780278812616
237452,447.66435530888276
237453,-14.916251313220528
237454,80.23627133127763
237455,-53.239707975863894
237456,1108.298766576328
237457,895.0850940039494
237458,432.50448738184605
237459,527.6570100263442
237460,102.34145986232193
237461,1263.879934414514
237462,1050.666261842135
237463,588.0856552200319
237464,683.23817786453
237465,-1125.5527915717141
237466,35.98568298047792
237467,-177.22798959190084
237468,-639.8085962140044
237469,-544.6560735695061
237470,-678.1320528766475
237471,483.4064216755445
237472,270.19274910316574
237473,-192.3878575189376
237474,-97.23533487443945
237475,-522.5508850384617
237476,638.9875895137303
237477,425.77391694135156
237478,-36.80668968075179
237479,58.345832963746375
237480,380.6110909158446
237481,1542.1495654680366
237482,1328.9358928956578
237483,866.3552862735546
237484,961.5078089180527
237485,828.0318296109112
237486,1989.5703041631032
237487,1776.3566315907244
237488,1313.7760249686212
237489,1408.9285476131195
237490,983.6129974490971
237491,2145.151472001289
237492,1931.9377994289105
237493,1469.357192806807
237494,1564.509715451305
237495,-179.8665473957551
237496,981.671927156437
237497,768.4582545840583
237498,305.87764796195495
237499,401.0301706064531
237500,267.5541912993116
237501,1429.0926658515036
237502,1215.8789932791249
237503,753.2983866570216
237504,848.4509093015197
237505,423.1353591374974
237506,1584.6738336896897
237507,1371.4601611173107
237508,908.8795544952075
237509,1004.0320771397056
237510,-290.46284781732675
237511,871.0756267348653
237512,657.8619541624867
237513,195.2813475403832
237514,290.4338701848814
237515,156.95789087773983
237516,1318.4963654299318
237517,1105.2826928575532
237518,642.7020862354499
237519,737.854608879948
237520,312.53905871592576
237521,1474.0775332681178
237522,1260.863860695739
237523,798.2832540736357
237524,893.4357767181339
237525,-282.3895098760504
237526,879.1489646761416
237527,665.9352921037629
237528,203.35468548165954
237529,298.5072081261577
237530,165.03122881901618
237531,1326.569703371208
237532,1113.3560307988296
237533,650.7754241767262
237534,745.9279468212244
237535,320.6123966572021
237536,1482.1508712093942
237537,1268.9371986370154
237538,806.3565920149119
237539,901.5091146594102
237540,-488.32119819765467
237541,673.2172763545373
237542,460.0036037821586
237543,-2.5770028399447256
237544,92.57551980455344
237545,-40.900459502588205
237546,1120.6380150496038
237547,907.4243424772251
237548,444.84373585512185
237549,539.9962584996199
237550,114.68070833559773
237551,1276.2191828877899
237552,1063.005510315411
237553,600.4249036933077
237554,695.5774263378058
237555,-1113.2135430984383
237556,48.32493145375361
237557,-164.88874111862503
237558,-627.4693477407284
237559,-532.3168250962301
237560,-665.7928044033717
237561,495.74567014882024
237562,282.5319975764416
237563,-180.0486090456617
237564,-84.89608640116364
237565,-510.2116365651859
237566,651.326837987006
237567,438.11316541462736
237568,-24.467441207475986
237569,70.68508143702218
237570,392.95033938912036
237571,1554.4888139413124
237572,1341.2751413689336
237573,878.6945347468303
237574,973.8470573913285
237575,840.3710780841869
237576,2001.909552636379
237577,1788.6958800640002
237578,1326.115273441897
237579,1421.267796086395
237580,995.9522459223729
237581,2157.490720474565
237582,1944.2770479021863
237583,1481.6964412800828
237584,1576.8489639245809
237585,-167.5272989224793
237586,994.0111756297129
237587,780.7975030573341
237588,318.2168964352307
237589,413.3694190797289
237590,279.8934397725874
237591,1441.4319143247794
237592,1228.2182417524007
237593,765.6376351302974
237594,860.7901577747955
237595,435.4746076107732
237596,1597.0130821629652
237597,1383.7994095905865
237598,921.2188029684831
237599,1016.3713256129813
237600,-201.5914943453239
237601,959.9469802068681
237602,746.7333076344894
237603,284.1527010123861
237604,379.3052236568843
237605,245.82924434974268
237606,1407.367718901935
237607,1194.154046329556
237608,731.5734397074527
237609,826.7259623519509
237610,401.41041218792856
237611,1562.9488867401205
237612,1349.735214167742
237613,887.1546075456386
237614,982.3071301901367
237615,-193.51815640404755
237616,968.0203181481445
237617,754.8066455757657
237618,292.2260389536624
237619,387.3785615981606
237620,253.90258229101903
237621,1415.441056843211
237622,1202.2273842708323
237623,739.6467776487291
237624,834.7993002932272
237625,409.4837501292049
237626,1571.022224681397
237627,1357.8085521090181
237628,895.2279454869149
237629,990.3804681314131
237630,-399.4498447256517
237631,762.0886298265401
237632,548.8749572541615
237633,86.29435063205813
237634,181.4468732765563
237635,47.97089396941465
237636,1209.5093685216068
237637,996.295695949228
237638,533.7150893271247
237639,628.8676119716229
237640,203.55206180760047
237641,1365.0905363597926
237642,1151.8768637874139
237643,689.2962571653104
237644,784.4487798098087
237645,-1024.3421896264356
237646,137.19628492575657
237647,-76.01738764662218
237648,-538.5979942687256
237649,-443.44547162422737
237650,-576.921450931369
237651,584.6170236208231
237652,371.4033510484444
237653,-91.17725557365895
237654,3.975267070839209
237655,-421.3402830931832
237656,740.198191459009
237657,526.9845188866302
237658,64.40391226452675
237659,159.55643490902503
237660,481.8216928611232
237661,1643.3601674133154
237662,1430.1464948409366
237663,967.5658882188332
237664,1062.7184108633314
237665,929.2424315561898
237666,2090.7809061083817
237667,1877.5672335360032
237668,1414.9866269138997
237669,1510.139149558398
237670,1084.8235993943756
237671,2246.3620739465678
237672,2033.148401374189
237673,1570.5677947520855
237674,1665.7203173965838
237675,-78.65594545047634
237676,1082.8825291017156
237677,869.668856529337
237678,407.0882499072336
237679,502.24077255173177
237680,368.76479324459024
237681,1530.3032677967824
237682,1317.0895952244036
237683,854.5089886023003
237684,949.6615112467985
237685,524.3459610827761
237686,1685.8844356349682
237687,1472.6707630625895
237688,1010.090156440486
237689,1105.2426790849843
237690,-189.25224587204798
237691,972.286228680144
237692,759.0725561077653
237693,296.49194948566196
237694,391.6444721301601
237695,258.1684928230186
237696,1419.7069673752108
237697,1206.4932948028318
237698,743.9126881807285
237699,839.0652108252267
237700,413.7496606612044
237701,1575.2881352133963
237702,1362.0744626410178
237703,899.4938560189144
237704,994.6463786634125
237705,-181.17890793077174
237706,980.3595666214203
237707,767.1458940490415
237708,304.5652874269382
237709,399.7178100714364
237710,266.24183076429495
237711,1427.780305316487
237712,1214.5666327441081
237713,751.9860261220049
237714,847.138548766503
237715,421.82299860248065
237716,1583.3614731546727
237717,1370.1478005822942
237718,907.5671939601906
237719,1002.7197166046888
237720,-387.1105962523759
237721,774.427878299816
237722,561.2142057274373
237723,98.63359910533381
237724,193.7861217498321
237725,60.31014244269056
237726,1221.8486169948826
237727,1008.6349444225038
237728,546.0543378004005
237729,641.2068604448987
237730,215.89131028087638
237731,1377.4297848330684
237732,1164.2161122606897
237733,701.6355056385863
237734,796.7880282830845
237735,-1012.0029411531598
237736,149.53553339903237
237737,-63.67813917334638
237738,-526.2587457954498
237739,-431.10622315095156
237740,-564.5822024580932
237741,596.956272094099
237742,383.7425995217202
237743,-78.83800710038315
237744,16.31451554411501
237745,-409.00103461990716
237746,752.5374399322848
237747,539.323767359906
237748,76.74316073780255
237749,171.89568338230083
237750,494.1609413343991
237751,1655.6994158865912
237752,1442.4857433142124
237753,979.9051366921091
237754,1075.0576593366072
237755,941.5816800294657
237756,2103.1201545816575
237757,1889.906482009279
237758,1427.3258753871755
237759,1522.4783980316738
237760,1097.1628478676516
237761,2258.7013224198436
237762,2045.4876498474648
237763,1582.9070432253616
237764,1678.0595658698596
237765,-66.31669697720054
237766,1095.2217775749914
237767,882.0081050026128
237768,419.4274983805094
237769,514.5800210250077
237770,381.10404171786604
237771,1542.6425162700582
237772,1329.4288436976794
237773,866.8482370755761
237774,962.0007597200743
237775,536.6852095560519
237776,1698.223684108244
237777,1485.0100115358653
237778,1022.4294049137618
237779,1117.58192755826
237780,-339.8113772750114
237781,821.7270972771805
237782,608.5134247048018
237783,145.93281808269842
237784,241.08534072719664
237785,107.60936142005505
237786,1269.147835972247
237787,1055.9341633998683
237788,593.3535567777651
237789,688.5060794222633
237790,263.190529258241
237791,1424.729003810433
237792,1211.5153312380544
237793,748.9347246159509
237794,844.0872472604491
237795,-331.73803933373506
237796,829.8004352184569
237797,616.5867626460781
237798,154.00615602397465
237799,249.15867866847293
237800,115.6826993613314
237801,1277.2211739135234
237802,1064.0075013411447
237803,601.4268947190415
237804,696.5794173635395
237805,271.26386719951734
237806,1432.8023417517093
237807,1219.5886691793307
237808,757.0080625572272
237809,852.1605852017254
237810,-537.6697276553393
237811,623.8687468968525
237812,410.6550743244738
237813,-51.9255322976295
237814,43.22699034686866
237815,-90.24898896027298
237816,1071.289485591919
237817,858.0758130195404
237818,395.4952063974371
237819,490.6477290419352
237820,65.33217887791295
237821,1226.870653430105
237822,1013.6569808577262
237823,551.0763742356228
237824,646.228896880121
237825,-1162.5620725561232
237826,-1.0235980039311698
237827,-214.2372705763098
237828,-676.8178771984133
237829,-581.665354553915
237830,-715.1413338610566
237831,446.3971406911354
237832,233.18346811875676
237833,-229.39713850334647
237834,-134.24461585884842
237835,-559.5601660228706
237836,601.9783085293212
237837,388.7646359569426
237838,-73.81597066516076
237839,21.3365519793374
237840,343.6018099314356
237841,1505.1402844836275
237842,1291.926611911249
237843,829.3460052891455
237844,924.4985279336437
237845,791.0225486265022
237846,1952.561023178694
237847,1739.3473506063156
237848,1276.766743984212
237849,1371.9192666287104
237850,946.6037164646881
237851,2108.14219101688
237852,1894.9285184445014
237853,1432.347911822398
237854,1527.5004344668962
237855,-216.87582838016408
237856,944.662646172028
237857,731.4489735996493
237858,268.86836697754586
237859,364.0208896220441
237860,230.5449103149026
237861,1392.0833848670945
237862,1178.869712294716
237863,716.2891056726125
237864,811.4416283171107
237865,386.12607815308843
237866,1547.6645527052806
237867,1334.4508801329018
237868,871.8702735107984
237869,967.0227961552966
237870,-327.47212880173583
237871,834.0663457504563
237872,620.8526731780776
237873,158.27206655597422
237874,253.42458920047238
237875,119.94860989333085
237876,1281.487084445523
237877,1068.2734118731441
237878,605.6928052510409
237879,700.8453278955391
237880,275.52977773151673
237881,1437.0682522837087
237882,1223.8545797113302
237883,761.2739730892267
237884,856.4264957337249
237885,-319.3987908604595
237886,842.1396836917327
237887,628.9260111193539
237888,166.34540449725046
237889,261.49792714174873
237890,128.0219478346072
237891,1289.5604223867992
237892,1076.3467498144205
237893,613.7661431923173
237894,708.9186658368153
237895,283.6031156727931
237896,1445.141590224985
237897,1231.9279176526065
237898,769.3473110305031
237899,864.4998336750012
237900,-525.3304791820635
237901,636.2079953701283
237902,422.99432279774965
237903,-39.5862838243537
237904,55.56623882014446
237905,-77.90974048699718
237906,1083.6287340651947
237907,870.4150614928162
237908,407.8344548707129
237909,502.986977515211
237910,77.67142735118864
237911,1239.2099019033808
237912,1025.996229331002
237913,563.4156227088986
237914,658.5681453533969
237915,-1150.2228240828474
237916,11.315650469344632
237917,-201.89802210303412
237918,-664.4786287251375
237919,-569.3261060806392
237920,-702.8020853877808
237921,458.73638916441126
237922,245.52271659203262
237923,-217.05789003007067
237924,-121.9053673855725
237925,-547.2209175495948
237926,614.3175570025971
237927,401.1038844302184
237928,-61.47672219188496
237929,33.6758004526132
237930,355.9410584047113
237931,1517.4795329569033
237932,1304.2658603845246
237933,841.6852537624213
237934,936.8377764069196
237935,803.361797099778
237936,1964.9002716519701
237937,1751.6865990795914
237938,1289.105992457488
237939,1384.2585151019862
237940,958.9429649379638
237941,2120.481439490156
237942,1907.2677669177772
237943,1444.6871602956737
237944,1539.839682940172
237945,-204.5365799068884
237946,957.0018946453038
237947,743.788222072925
237948,281.20761545082166
237949,376.3601380953199
237950,242.88415878817835
237951,1404.4226333403703
237952,1191.2089607679918
237953,728.6283541458884
237954,823.7808767903865
237955,398.4653266263642
237956,1560.0038011785564
237957,1346.7901286061774
237958,884.2095219840742
237959,979.3620446285724
237960,-315.13288032846003
237961,846.4055942237321
237962,633.1919216513534
237963,170.61131502925002
237964,265.76383767374824
237965,132.28785836660666
237966,1293.8263329187987
237967,1080.61266034642
237968,618.0320537243167
237969,713.1845763688149
237970,287.8690262047925
237971,1449.4075007569845
237972,1236.193828184606
237973,773.6132215625025
237974,868.7657442070007
237975,-307.0595423871837
237976,854.4789321650085
237977,641.2652595926297
237978,178.68465297052626
237979,273.83717561502453
237980,140.361196307883
237981,1301.899670860075
237982,1088.6859982876963
237983,626.1053916655931
237984,721.2579143100911
237985,295.9423641460688
237986,1457.4808386982609
237987,1244.267166125882
237988,781.6865595037788
237989,876.839082148277
237990,-512.991230708788
237991,648.5472438434041
237992,435.33357127102533
237993,-27.24703535107801
237994,67.90548729342026
237995,-65.57049201372138
237996,1095.9679825384706
237997,882.754309966092
237998,420.1737033439887
237999,515.3262259884868
238000,90.01067582446444
238001,1251.5491503766566
238002,1038.3354778042778
238003,575.7548711821744
238004,670.9073938266727
238005,-1137.8835756095716
238006,23.654898942620548
238007,-189.5587736297582
238008,-652.1393802518617
238009,-556.9868576073636
238010,-690.462836914505
238011,471.0756376376871
238012,257.86196506530837
238013,-204.71864155679498
238014,-109.56611891229682
238015,-534.8816690763192
238016,626.6568054758729
238017,413.44313290349413
238018,-49.13747371860927
238019,46.015048925889005
238020,368.28030687798713
238021,1529.8187814301791
238022,1316.6051088578006
238023,854.0245022356971
238024,949.1770248801954
238025,815.7010455730538
238026,1977.239520125246
238027,1764.0258475528672
238028,1301.4452409307637
238029,1396.597763575262
238030,971.2822134112396
238031,2132.8206879634317
238032,1919.607015391053
238033,1457.0264087689495
238034,1552.1789314134478
238035,-192.19733143361236
238036,969.3411431185796
238037,756.1274705462009
238038,293.5468639240975
238039,388.69938656859574
238040,255.2234072614542
238041,1416.7618818136461
238042,1203.5482092412676
238043,740.9676026191642
238044,836.1201252636623
238045,410.80457509964003
238046,1572.3430496518322
238047,1359.1293770794532
238048,896.54877045735
238049,991.7012931018483
238050,-302.793631855184
238051,858.7448426970079
238052,645.5311701246292
238053,182.95056350252582
238054,278.103086147024
238055,144.62710683988257
238056,1306.1655813920745
238057,1092.9519088196957
238058,630.3713021975925
238059,725.5238248420907
238060,300.2082746780684
238061,1461.7467492302603
238062,1248.5330766578818
238063,785.9524700357783
238064,881.1049926802765
238065,-294.72029391390765
238066,866.8181806382843
238067,653.6045080659055
238068,191.02390144380206
238069,286.17642408830034
238070,152.70044478115892
238071,1314.2389193333509
238072,1101.025246760972
238073,638.4446401388689
238074,733.5971627833669
238075,308.28161261934474
238076,1469.8200871715367
238077,1256.6064145991581
238078,794.0258079770547
238079,889.1783306215528
238080,-500.6519822355119
238081,660.8864923166799
238082,447.6728197443012
238083,-14.90778687780221
238084,80.24473576669607
238085,-53.231243540445575
238086,1108.3072310117464
238087,895.0935584393678
238088,432.5129518172645
238089,527.6654744617626
238090,102.34992429774036
238091,1263.8883988499324
238092,1050.6747262775536
238093,588.0941196554502
238094,683.2466422999485
238095,-1125.5443271362958
238096,35.99414741589624
238097,-177.2195251564824
238098,-639.8001317785859
238099,-544.6476091340876
238100,-678.1235884412292
238101,483.4148861109628
238102,270.20121353858417
238103,-192.37939308351918
238104,-97.22687043902101
238105,-522.5424206030432
238106,638.9960539491486
238107,425.78238137677
238108,-36.79822524533347
238109,58.35429739916481
238110,380.619555351263
238111,1542.158029903455
238112,1328.9443573310764
238113,866.3637507089729
238114,961.5162733534711
238115,828.0402940463296
238116,1989.5787685985215
238117,1776.365096026143
238118,1313.7844894040395
238119,1408.9370120485378
238120,983.6214618845155
238121,2145.1599364367075
238122,1931.9462638643288
238123,1469.3656572422256
238124,1564.5181798867236
238125,-179.85808296033667
238126,981.6803915918554
238127,768.4667190194767
238128,305.88611239737327
238129,401.0386350418715
238130,267.56265573472996
238131,1429.101130286922
238132,1215.8874577145434
238133,753.30685109244
238134,848.4593737369381
238135,423.14382357291584
238136,1584.682298125108
238137,1371.4686255527292
238138,908.8880189306258
238139,1004.040541575124
238140,-290.4543833819084
238141,871.0840911702837
238142,657.870418597905
238143,195.28981197580163
238144,290.4423346202998
238145,156.96635531315826
238146,1318.5048298653505
238147,1105.2911572929715
238148,642.7105506708683
238149,737.8630733153665
238150,312.54752315134414
238151,1474.0859977035363
238152,1260.8723251311576
238153,798.2917185090541
238154,893.4442411535523
238155,-282.3810454406321
238156,879.1574291115601
238157,665.9437565391813
238158,203.36314991707786
238159,298.5156725615761
238160,165.0396932544346
238161,1326.5781678066269
238162,1113.364495234248
238163,650.7838886121447
238164,745.9364112566427
238165,320.6208610926205
238166,1482.1593356448125
238167,1268.945663072434
238168,806.3650564503304
238169,901.5175790948285
238170,-488.3127337622361
238171,673.2257407899557
238172,460.01206821757705
238173,-2.5685384045262936
238174,92.58398423997187
238175,-40.89199506716977
238176,1120.6464794850224
238177,907.4328069126436
238178,444.8522002905402
238179,540.0047229350384
238180,114.68917277101605
238181,1276.2276473232082
238182,1063.0139747508294
238183,600.433368128726
238184,695.5858907732243
238185,-1113.20507866302
238186,48.33339588917204
238187,-164.88027668320672
238188,-627.4608833053101
238189,-532.3083606608118
238190,-665.7843399679534
238191,495.7541345842388
238192,282.54046201186003
238193,-180.04014461024326
238194,-84.88762196574521
238195,-510.2031721297674
238196,651.3353024224245
238197,438.1216298500458
238198,-24.458976772057554
238199,70.69354587244061
238200,392.95880382453873
238201,1554.4972783767307
238202,1341.283605804352
238203,878.7029991822487
238204,973.8555218267468
238205,840.3795425196054
238206,2001.9180170717975
238207,1788.7043444994185
238208,1326.1237378773153
238209,1421.2762605218136
238210,995.9607103577912
238211,2157.4991849099833
238212,1944.2855123376046
238213,1481.7049057155011
238214,1576.8574283599994
238215,-167.51883448706099
238216,994.0196400651313
238217,780.8059674927524
238218,318.22536087064907
238219,413.3778835151473
238220,279.90190420800576
238221,1441.440378760198
238222,1228.2267061878192
238223,765.6460995657158
238224,860.7986222102139
238225,435.4830720461916
238226,1597.0215465983838
238227,1383.807874026005
238228,921.2272674039016
238229,1016.3797900483999
238230,-202.56799396605743
238231,958.9704805861346
238232,745.7568080137559
238233,283.17620139165257
238234,378.32872403615073
238235,244.85274472900915
238236,1406.3912192812013
238237,1193.1775467088223
238238,730.5969400867191
238239,825.7494627312174
238240,400.43391256719497
238241,1561.9723871193871
238242,1348.7587145470084
238243,886.1781079249049
238244,981.3306305694032
238245,-194.49465602478108
238246,967.0438185274108
238247,753.8301459550322
238248,291.24953933292886
238249,386.402061977427
238250,252.9260826702855
238251,1414.4645572224777
238252,1201.2508846500987
238253,738.6702780279954
238254,833.8228006724936
238255,408.5072505084713
238256,1570.0457250606632
238257,1356.8320524882847
238258,894.2514458661813
238259,989.4039685106794
238260,-400.42634434638535
238261,761.1121302058066
238262,547.8984576334278
238263,85.31785101132448
238264,180.47037365582264
238265,46.99439434868111
238266,1208.5328689008732
238267,995.3191963284944
238268,532.7385897063912
238269,627.8911123508892
238270,202.57556218686693
238271,1364.114036739059
238272,1150.9003641666802
238273,688.3197575445769
238274,783.472280189075
238275,-1025.318689247169
238276,136.21978530502292
238277,-76.99388726735583
238278,-539.5744938894591
238279,-444.4219712449608
238280,-577.8979505521027
238281,583.6405240000895
238282,370.42685142771074
238283,-92.1537551943926
238284,2.998767450105561
238285,-422.3167827139166
238286,739.2216918382753
238287,526.0080192658966
238288,63.42741264379322
238289,158.57993528829138
238290,480.84519324038956
238291,1642.3836677925817
238292,1429.169995220203
238293,966.5893885980996
238294,1061.7419112425978
238295,928.2659319354561
238296,2089.8044064876485
238297,1876.5907339152695
238298,1414.010127293166
238299,1509.1626499376644
238300,1083.847099773642
238301,2245.385574325834
238302,2032.1719017534554
238303,1569.5912951313521
238304,1664.7438177758502
238305,-79.63244507120999
238306,1081.9060294809822
238307,868.6923569086034
238308,406.11175028650007
238309,501.26427293099823
238310,367.78829362385665
238311,1529.3267681760487
238312,1316.11309560367
238313,853.5324889815666
238314,948.6850116260648
238315,523.3694614620424
238316,1684.9079360142346
238317,1471.6942634418558
238318,1009.1136568197525
238319,1104.2661794642506
238320,-190.22874549278163
238321,971.3097290594104
238322,758.0960564870317
238323,295.51544986492837
238324,390.66797250942653
238325,257.191993202285
238326,1418.730467754477
238327,1205.5167951820983
238328,742.9361885599949
238329,838.0887112044932
238330,412.7731610404709
238331,1574.311635592663
238332,1361.0979630202842
238333,898.5173563981808
238334,993.669879042679
238335,-182.15540755150528
238336,979.3830670006867
238337,766.1693944283079
238338,303.58878780620466
238339,398.7413104507028
238340,265.26533114356124
238341,1426.8038056957535
238342,1213.5901331233745
238343,751.0095265012712
238344,846.1620491457694
238345,420.8464989817471
238346,1582.384973533939
238347,1369.1713009615605
238348,906.5906943394571
238349,1001.7432169839553
238350,-388.08709587310955
238351,773.4513786790824
238352,560.2377061067036
238353,97.6570994846004
238354,192.80962212909856
238355,59.33364282195703
238356,1220.872117374149
238357,1007.6584448017702
238358,545.077838179667
238359,640.230360824165
238360,214.91481066014285
238361,1376.4532852123348
238362,1163.239612639956
238363,700.6590060178528
238364,795.811528662351
238365,-1012.9794407738932
238366,148.55903377829873
238367,-64.65463879407991
238368,-527.2352454161833
238369,-432.0827227716852
238370,-565.5587020788266
238371,595.9797724733654
238372,382.76609990098666
238373,-79.81450672111669
238374,15.338015923381477
238375,-409.9775342406408
238376,751.5609403115512
238377,538.3472677391724
238378,75.76666111706913
238379,170.9191837615673
238380,493.1844417136654
238381,1654.7229162658573
238382,1441.5092436934788
238383,978.9286370713753
238384,1074.0811597158736
238385,940.605180408732
238386,2102.1436549609243
238387,1888.9299823885453
238388,1426.349375766442
238389,1521.5018984109402
238390,1096.186348246918
238391,2257.72482279911
238392,2044.5111502267312
238393,1581.930543604628
238394,1677.083066249126
238395,-67.29319659793418
238396,1094.2452779542577
238397,881.0316053818791
238398,418.4509987597758
238399,513.603521404274
238400,380.1275420971324
238401,1541.6660166493245
238402,1328.4523440769458
238403,865.8717374548424
238404,961.0242600993406
238405,535.7087099353182
238406,1697.2471844875104
238407,1484.0335119151316
238408,1021.4529052930283
238409,1116.6054279375264
238410,-340.78787689574506
238411,820.750597656447
238412,607.5369250840681
238413,144.95631846196488
238414,240.10884110646305
238415,106.63286179932152
238416,1268.1713363515137
238417,1054.9576637791347
238418,592.3770571570315
238419,687.5295798015296
238420,262.2140296375074
238421,1423.7525041896993
238422,1210.5388316173207
238423,747.9582249952174
238424,843.1107476397156
238425,-332.7145389544687
238426,828.8239355977232
238427,615.6102630253445
238428,153.02965640324112
238429,248.18217904773928
238430,114.70619974059787
238431,1276.2446742927898
238432,1063.031001720411
238433,600.4503950983078
238434,695.602917742806
238435,270.28736757878374
238436,1431.8258421309756
238437,1218.612169558597
238438,756.0315629364936
238439,851.1840855809918
238440,-538.646227276073
238441,622.892247276119
238442,409.67857470374025
238443,-52.902031918363036
238444,42.250490726135126
238445,-91.22548858100652
238446,1070.3129859711855
238447,857.0993133988068
238448,394.5187067767034
238449,489.6712294212016
238450,64.35567925717942
238451,1225.8941538093713
238452,1012.6804812369926
238453,550.0998746148892
238454,645.2523972593874
238455,-1163.5385721768566
238456,-2.000097624664704
238457,-215.21377019704346
238458,-677.7943768191467
238459,-582.6418541746486
238460,-716.1178334817901
238461,445.42064107040187
238462,232.20696849802323
238463,-230.37363812408012
238464,-135.22111547958195
238465,-560.5366656436042
238466,601.0018089085877
238467,387.788136336209
238468,-74.7924702858943
238469,20.360052358603866
238470,342.6253103107019
238471,1504.1637848628939
238472,1290.950112290515
238473,828.3695056684119
238474,923.5220283129099
238475,790.0460490057685
238476,1951.5845235579604
238477,1738.370850985582
238478,1275.7902443634785
238479,1370.9427670079767
238480,945.6272168439543
238481,2107.165691396146
238482,1893.9520188237677
238483,1431.3714122016645
238484,1526.5239348461625
238485,-217.85232800089761
238486,943.6861465512944
238487,730.4724739789157
238488,267.8918673568123
238489,363.0443900013105
238490,229.56841069416896
238491,1391.106885246361
238492,1177.8932126739824
238493,715.312606051879
238494,810.4651286963772
238495,385.14957853235484
238496,1546.688053084547
238497,1333.4743805121682
238498,870.8937738900648
238499,966.046296534563
238500,-328.44862842246926
238501,833.0898461297228
238502,619.876173557344
238503,157.29556693524069
238504,252.44808957973885
238505,118.97211027259732
238506,1280.5105848247895
238507,1067.2969122524105
238508,604.7163056303073
238509,699.8688282748054
238510,274.55327811078314
238511,1436.091752662975
238512,1222.8780800905965
238513,760.2974734684932
238514,855.4499961129914
238515,-320.3752904811929
238516,841.163184070999
238517,627.9495114986203
238518,165.36890487651704
238519,260.52142752101514
238520,127.04544821387367
238521,1288.5839227660656
238522,1075.3702501936868
238523,612.7896435715836
238524,707.9421662160818
238525,282.6266160520595
238526,1444.1650906042514
238527,1230.951418031873
238528,768.3708114097694
238529,863.5233340542676
238530,-526.3069788027972
238531,635.2314957493948
238532,422.01782317701594
238533,-40.56278344508735
238534,54.589739199410815
238535,-78.88624010773071
238536,1082.6522344444613
238537,869.4385618720826
238538,406.8579552499792
238539,502.0104778944774
238540,76.6949277304551
238541,1238.2334022826471
238542,1025.0197297102684
238543,562.439123088165
238544,657.5916457326632
238545,-1151.199323703581
238546,10.339150848611098
238547,-202.87452172376766
238548,-665.4551283458711
238549,-570.3026057013728
238550,-703.7785850085145
238551,457.7598895436777
238552,244.54621697129892
238553,-218.03438965080443
238554,-122.88186700630627
238555,-548.1974171703284
238556,613.3410573818635
238557,400.1273848094848
238558,-62.45322181261861
238559,32.699300831879555
238560,354.9645587839777
238561,1516.5030333361697
238562,1303.289360763791
238563,840.7087541416877
238564,935.861276786186
238565,802.3852974790443
238566,1963.9237720312365
238567,1750.7100994588577
238568,1288.1294928367543
238569,1383.2820154812525
238570,957.9664653172301
238571,2119.504939869422
238572,1906.2912672970435
238573,1443.7106606749403
238574,1538.8631833194383
238575,-205.5130795276218
238576,956.0253950245702
238577,742.8117224521915
238578,280.23111583008813
238579,375.3836384745863
238580,241.90765916744476
238581,1403.4461337196367
238582,1190.2324611472582
238583,727.6518545251548
238584,822.804377169653
238585,397.4888270056306
238586,1559.0273015578227
238587,1345.813628985444
238588,883.2330223633406
238589,978.3855450078388
238590,-316.10937994919345
238591,845.4290946029985
238592,632.2154220306198
238593,169.6348154085165
238594,264.7873380530146
238595,131.31135874587312
238596,1292.8498332980653
238597,1079.6361607256863
238598,617.0555541035831
238599,712.2080767480812
238600,286.89252658405894
238601,1448.431001136251
238602,1235.2173285638723
238603,772.636721941769
238604,867.7892445862672
238605,-308.0360420079171
238606,853.5024325442748
238607,640.2887599718961
238608,177.70815334979272
238609,272.8606759942909
238610,139.38469668714947
238611,1300.9231712393416
238612,1087.7094986669626
238613,625.1288920448594
238614,720.2814146893576
238615,294.9658645253353
238616,1456.5043390775272
238617,1243.2906665051487
238618,780.7100598830452
238619,875.8625825275434
238620,-513.9677303295214
238621,647.5707442226706
238622,434.3570716502918
238623,-28.223534971811546
238624,66.92898767268662
238625,-66.54699163445503
238626,1094.9914829177371
238627,881.7778103453584
238628,419.19720372325503
238629,514.3497263677532
238630,89.03417620373091
238631,1250.572650755923
238632,1037.3589781835442
238633,574.7783715614408
238634,669.930894205939
238635,-1138.8600752303053
238636,22.678399321886786
238637,-190.53527325049197
238638,-653.1158798725953
238639,-557.963357228097
238640,-691.4393365352387
238641,470.09913801695353
238642,256.8854654445748
238643,-205.6951411775285
238644,-110.54261853303046
238645,-535.8581686970526
238646,625.6803058551393
238647,412.4666332827606
238648,-50.113973339342806
238649,45.03854930515536
238650,367.3038072572534
238651,1528.8422818094455
238652,1315.628609237067
238653,853.0480026149635
238654,948.2005252594616
238655,814.7245459523201
238656,1976.2630205045123
238657,1763.0493479321335
238658,1300.46874131003
238659,1395.6212639545283
238660,970.3057137905059
238661,2131.844188342698
238662,1918.6305157703193
238663,1456.049909148216
238664,1551.2024317927142
238665,-193.173831054346
238666,968.364643497846
238667,755.1509709254673
238668,292.57036430336393
238669,387.7228869478621
238670,254.24690764072056
238671,1415.7853821929127
238672,1202.571709620534
238673,739.9911029984306
238674,835.1436256429288
238675,409.8280754789065
238676,1571.3665500310985
238677,1358.1528774587198
238678,895.5722708366164
238679,990.7247934811146
238680,-303.77013147591765
238681,857.7683430762744
238682,644.5546705038955
238683,181.9740638817923
238684,277.1265865262904
238685,143.65060721914892
238686,1305.189081771341
238687,1091.975409198962
238688,629.3948025768589
238689,724.547325221357
238690,299.2317750573348
238691,1460.7702496095267
238692,1247.5565770371481
238693,784.9759704150447
238694,880.128493059543
238695,-295.6967935346413
238696,865.8416810175506
238697,652.6280084451719
238698,190.04740182306853
238699,285.1999244675667
238700,151.72394516042527
238701,1313.2624197126172
238702,1100.0487471402384
238703,637.4681405181352
238704,732.6206631626334
238705,307.30511299861115
238706,1468.843587550803
238707,1255.6299149784245
238708,793.049308356321
238709,888.2018310008192
238710,-501.62848185624557
238711,659.9099926959464
238712,446.6963201235676
238713,-15.88428649853563
238714,79.26823614596253
238715,-54.20774316117911
238716,1107.330731391013
238717,894.1170588186342
238718,431.53645219653083
238719,526.688974841029
238720,101.37342467700682
238721,1262.9118992291988
238722,1049.69822665682
238723,587.1176200347167
238724,682.2701426792148
238725,-1126.5208267570295
238726,35.0176477951627
238727,-178.19602477721605
238728,-640.7766313993195
238729,-545.6241087548215
238730,-679.1000880619627
238731,482.4383864902293
238732,269.22471391785064
238733,-193.3558927042527
238734,-98.20337005975455
238735,-523.5189202237768
238736,638.0195543284151
238737,424.80588175603634
238738,-37.77472486606689
238739,57.37779777843127
238740,379.6430557305293
238741,1541.1815302827213
238742,1327.9678577103425
238743,865.3872510882393
238744,960.5397737327373
238745,827.0637944255959
238746,1988.6022689777878
238747,1775.3885964054093
238748,1312.8079897833059
238749,1407.9605124278041
238750,982.6449622637817
238751,2144.1834368159734
238752,1930.9697642435951
238753,1468.389157621492
238754,1563.54168026599
238755,-180.8345825810702
238756,980.7038919711218
238757,767.4902193987431
238758,304.90961277663973
238759,400.0621354211379
238760,266.5861561139963
238761,1428.1246306661883
238762,1214.9109580938098
238763,752.3303514717064
238764,847.4828741162046
238765,422.16732395218224
238766,1583.7057985043743
238767,1370.4921259319956
238768,907.9115193098922
238769,1003.0640419543904
238770,-291.43088300264185
238771,870.1075915495501
238772,656.8939189771714
238773,194.3133123550681
238774,289.46583499956625
238775,155.98985569242473
238776,1317.5283302446169
238777,1104.314657672238
238778,641.7340510501347
238779,736.8865736946328
238780,311.57102353061055
238781,1473.1094980828025
238782,1259.895825510424
238783,797.3152188883206
238784,892.4677415328188
238785,-283.3575450613655
238786,878.1809294908264
238787,664.9672569184477
238788,202.38665029634433
238789,297.53917294084255
238790,164.06319363370108
238791,1325.601668185893
238792,1112.3879956135142
238793,649.807388991411
238794,744.9599116359092
238795,319.6443614718869
238796,1481.1828360240788
238797,1267.9691634517003
238798,805.3885568295968
238799,900.541079474095
238800,-489.28923338296977
238801,672.2492411692222
238802,459.03556859684335
238803,-3.5450380252599416
238804,91.60748461923822
238805,-41.86849468790331
238806,1119.6699798642887
238807,906.45630729191
238808,443.87570066980663
238809,539.0282233143048
238810,113.71267315028251
238811,1275.2511477024746
238812,1062.0374751300958
238813,599.4568685079925
238814,694.6093911524906
238815,-1114.1815782837537
238816,47.356896268438504
238817,-165.85677630394025
238818,-628.4373829260437
238819,-533.2848602815454
238820,-666.7608395886871
238821,494.7776349635051
238822,281.5639623911263
238823,-181.01664423097702
238824,-85.86412158647886
238825,-511.17967175050103
238826,650.3588028016909
238827,437.1451302293122
238828,-25.4354763927912
238829,69.71704625170696
238830,391.9823042038051
238831,1553.520778755997
238832,1340.3071061836183
238833,877.7264995615151
238834,972.8790222060131
238835,839.4030428988717
238836,2000.9415174510636
238837,1787.727844878685
238838,1325.1472382565817
238839,1420.29976090108
238840,994.9842107370575
238841,2156.5226852892492
238842,1943.309012716871
238843,1480.7284060947677
238844,1575.8809287392655
238845,-168.4953341077944
238846,993.0431404443976
238847,779.8294678720189
238848,317.24886124991554
238849,412.4013838944137
238850,278.92540458727217
238851,1440.463879139464
238852,1227.2502065670856
238853,764.6695999449822
238854,859.8221225894804
238855,434.506572425458
238856,1596.0450469776501
238857,1382.8313744052714
238858,920.250767783168
238859,1015.4032904276662
238860,-202.5595295306391
238861,958.978945021553
238862,745.7652724491743
238863,283.18466582707094
238864,378.3371884715691
238865,244.86120916442752
238866,1406.3996837166196
238867,1193.1860111442409
238868,730.6054045221375
238869,825.7579271666357
238870,400.4423770026134
238871,1561.9808515548054
238872,1348.7671789824267
238873,886.1865723603235
238874,981.3390950048215
238875,-194.48619158936276
238876,967.0522829628293
238877,753.8386103904505
238878,291.25800376834724
238879,386.4105264128454
238880,252.93454710570387
238881,1414.473021657896
238882,1201.2593490855172
238883,738.6787424634139
238884,833.831265107912
238885,408.51571494388975
238886,1570.0541894960818
238887,1356.840516923703
238888,894.2599103015997
238889,989.4124329460979
238890,-400.41787991096703
238891,761.120594641225
238892,547.9069220688463
238893,85.32631544674291
238894,180.47883809124107
238895,47.002858784099544
238896,1208.5413333362917
238897,995.3276607639128
238898,532.7470541418095
238899,627.8995767863076
238900,202.58402662228536
238901,1364.1225011744773
238902,1150.9088286020988
238903,688.3282219799953
238904,783.4807446244935
238905,-1025.3102248117507
238906,136.22824974044124
238907,-76.9854228319374
238908,-539.5660294540407
238909,-444.41350680954247
238910,-577.8894861166841
238911,583.6489884355079
238912,370.4353158631292
238913,-92.14529075897417
238914,3.007231885523993
238915,-422.3083182784983
238916,739.2301562736938
238917,526.016483701315
238918,63.43587707921165
238919,158.5883997237098
238920,480.85365767580794
238921,1642.392132228
238922,1429.1784596556213
238923,966.597853033518
238924,1061.750375678016
238925,928.2743963708746
238926,2089.812870923067
238927,1876.5991983506879
238928,1414.0185917285846
238929,1509.1711143730827
238930,1083.8555642090605
238931,2245.394038761253
238932,2032.1803661888737
238933,1569.5997595667704
238934,1664.7522822112687
238935,-79.62398063579155
238936,1081.9144939164005
238937,868.7008213440217
238938,406.12021472191844
238939,501.2727373664166
238940,367.796758059275
238941,1529.3352326114673
238942,1316.1215600390883
238943,853.5409534169851
238944,948.6934760614832
238945,523.377925897461
238946,1684.9164004496529
238947,1471.7027278772744
238948,1009.1221212551709
238949,1104.2746438996692
238950,-190.22028105736308
238951,971.3181934948288
238952,758.1045209224501
238953,295.5239143003468
238954,390.67643694484497
238955,257.20045763770344
238956,1418.7389321898954
238957,1205.5252596175167
238958,742.9446529954133
238959,838.0971756399115
238960,412.78162547588926
238961,1574.3201000280812
238962,1361.1064274557025
238963,898.5258208335993
238964,993.6783434780973
238965,-182.14694311608696
238966,979.3915314361052
238967,766.1778588637263
238968,303.5972522416231
238969,398.74977488612126
238970,265.2737955789797
238971,1426.8122701311718
238972,1213.598597558793
238973,751.0179909366897
238974,846.1705135811878
238975,420.8549634171655
238976,1582.3934379693574
238977,1369.1797653969788
238978,906.5991587748755
238979,1001.7516814193737
238980,-388.07863143769123
238981,773.4598431145008
238982,560.2461705421221
238983,97.66556392001871
238984,192.818086564517
238985,59.342107257375346
238986,1220.8805818095675
238987,1007.6669092371886
238988,545.0863026150853
238989,640.2388252595835
238990,214.92327509556128
238991,1376.461749647753
238992,1163.2480770753746
238993,700.6674704532711
238994,795.8199930977693
238995,-1012.9709763384749
238996,148.56749821371716
238997,-64.6461743586616
238998,-527.2267809807649
238999,-432.0742583362669
239000,-565.5502376434081
239001,595.9882369087837
239002,382.774564336405
239003,-79.80604228569825
239004,15.346480358799909
239005,-409.9690698052225
239006,751.5694047469696
239007,538.3557321745909
239008,75.77512555248745
239009,170.92764819698573
239010,493.19290614908385
239011,1654.7313807012758
239012,1441.517708128897
239013,978.9371015067939
239014,1074.089624151292
239015,940.6136448441505
239016,2102.1521193963426
239017,1888.9384468239637
239018,1426.3578402018604
239019,1521.5103628463585
239020,1096.1948126823363
239021,2257.7332872345282
239022,2044.5196146621495
239023,1581.9390080400462
239024,1677.0915306845443
239025,-67.28473216251575
239026,1094.2537423896763
239027,881.0400698172975
239028,418.45946319519425
239029,513.6119858396924
239030,380.1360065325508
239031,1541.6744810847429
239032,1328.460808512364
239033,865.8802018902609
239034,961.032724534759
239035,535.7171743707366
239036,1697.2556489229287
239037,1484.0419763505502
239038,1021.4613697284467
239039,1116.6138923729447
239040,-340.77941246032674
239041,820.7590620918653
239042,607.5453895194867
239043,144.96478289738332
239044,240.11730554188148
239045,106.64132623473995
239046,1268.179800786932
239047,1054.9661282145532
239048,592.3855215924499
239049,687.538044236948
239050,262.22249407292577
239051,1423.7609686251178
239052,1210.547296052739
239053,747.9666894306358
239054,843.1192120751339
239055,-332.7060745190504
239056,828.8324000331417
239057,615.6187274607629
239058,153.03812083865955
239059,248.19064348315771
239060,114.7146641760163
239061,1276.2531387282083
239062,1063.0394661558296
239063,600.4588595337262
239064,695.6113821782244
239065,270.2958320142021
239066,1431.8343065663942
239067,1218.6206339940154
239068,756.0400273719121
239069,851.1925500164102
239070,-538.6377628406547
239071,622.9007117115373
239072,409.68703913915857
239073,-52.89356748294472
239074,42.258955161553445
239075,-91.21702414558808
239076,1070.3214504066038
239077,857.1077778342252
239078,394.52717121212186
239079,489.67969385661996
239080,64.36414369259774
239081,1225.9026182447897
239082,1012.688945672411
239083,550.1083390503077
239084,645.2608616948058
239085,-1163.5301077414383
239086,-1.9916331892462722
239087,-215.20530576162503
239088,-677.7859123837284
239089,-582.6333897392303
239090,-716.1093690463717
239091,445.4291055058203
239092,232.21543293344155
239093,-230.3651736886618
239094,-135.21265104416364
239095,-560.5282012081859
239096,601.0102733440061
239097,387.7966007716274
239098,-74.78400585047598
239099,20.368516794022185
239100,342.6337747461203
239101,1504.1722492983122
239102,1290.9585767259337
239103,828.3779701038303
239104,923.5304927483285
239105,790.0545134411869
239106,1951.592987993379
239107,1738.3793154210002
239108,1275.798708798897
239109,1370.951231443395
239110,945.6356812793728
239111,2107.174155831565
239112,1893.960483259186
239113,1431.3798766370828
239114,1526.5323992815809
239115,-217.8438635654793
239116,943.6946109867129
239117,730.4809384143341
239118,267.90033179223076
239119,363.0528544367289
239120,229.5768751295874
239121,1391.1153496817794
239122,1177.9016771094007
239123,715.3210704872973
239124,810.4735931317955
239125,385.1580429677732
239126,1546.6965175199653
239127,1333.4828449475867
239128,870.9022383254833
239129,966.0547609699813
239130,-328.44016398705094
239131,833.0983105651411
239132,619.8846379927625
239133,157.30403137065912
239134,252.45655401515728
239135,118.98057470801575
239136,1280.5190492602078
239137,1067.305376687829
239138,604.7247700657257
239139,699.8772927102239
239140,274.5617425462016
239141,1436.1002170983936
239142,1222.8865445260149
239143,760.3059379039116
239144,855.4584605484097
239145,-320.3668260457746
239146,841.1716485064175
239147,627.9579759340388
239148,165.37736931193535
239149,260.5298919564336
239150,127.0539126492921
239151,1288.5923872014841
239152,1075.3787146291054
239153,612.798108007002
239154,707.9506306515002
239155,282.6350804874779
239156,1444.17355503967
239157,1230.9598824672912
239158,768.3792758451879
239159,863.531798489686
239160,-526.2985143673789
239161,635.2399601848131
239162,422.0262876124344
239163,-40.554319009668916
239164,54.59820363482925
239165,-78.87777567231228
239166,1082.6606988798796
239167,869.447026307501
239168,406.86641968539766
239169,502.0189423298958
239170,76.70339216587354
239171,1238.2418667180655
239172,1025.028194145687
239173,562.4475875235835
239174,657.6001101680816
239175,-1151.1908592681627
239176,10.347615284029416
239177,-202.86605728834923
239178,-665.4466639104528
239179,-570.2941412659545
239180,-703.7701205730959
239181,457.7683539790961
239182,244.55468140671735
239183,-218.025925215386
239184,-122.87340257088783
239185,-548.1889527349101
239186,613.3495218172819
239187,400.13584924490317
239188,-62.444757377200176
239189,32.70776526729799
239190,354.9730232193961
239191,1516.511497771588
239192,1303.2978251992095
239193,840.7172185771062
239194,935.8697412216043
239195,802.3937619144627
239196,1963.9322364666548
239197,1750.718563894276
239198,1288.1379572721728
239199,1383.2904799166708
239200,957.9749297526486
239201,2119.5134043048406
239202,1906.2997317324619
239203,1443.7191251103586
239204,1538.871647754857
239205,-205.5046150922035
239206,956.0338594599887
239207,742.8201868876099
239208,280.23958026550656
239209,375.3921029100047
239210,241.91612360286314
239211,1403.4545981550552
239212,1190.2409255826765
239213,727.6603189605731
239214,822.8128416050713
239215,397.497291441049
239216,1559.035765993241
239217,1345.8220934208625
239218,883.2414867987591
239219,978.3940094432571
239220,-316.10091551377513
239221,845.4375590384169
239222,632.2238864660383
239223,169.64327984393492
239224,264.795802488433
239225,131.31982318129144
239226,1292.8582977334836
239227,1079.6446251611048
239228,617.0640185390015
239229,712.2165411834997
239230,286.9009910194774
239231,1448.4394655716694
239232,1235.2257929992907
239233,772.6451863771874
239234,867.7977090216855
239235,-308.0275775724988
239236,853.5108969796933
239237,640.2972244073145
239238,177.71661778521116
239239,272.8691404297093
239240,139.3931611225678
239241,1300.93163567476
239242,1087.7179631023812
239243,625.1373564802778
239244,720.289879124776
239245,294.9743289607537
239246,1456.5128035129455
239247,1243.299130940567
239248,780.7185243184637
239249,875.8710469629618
239250,-513.959265894103
239251,647.5792086580889
239252,434.36553608571023
239253,-28.215070536393114
239254,66.93745210810505
239255,-66.5385271990366
239256,1094.9999473531554
239257,881.7862747807768
239258,419.20566815867346
239259,514.3581908031716
239260,89.04264063914934
239261,1250.5811151913415
239262,1037.3674426189627
239263,574.7868359968593
239264,669.9393586413574
239265,-1138.8516107948867
239266,22.68686375730522
239267,-190.52680881507342
239268,-653.1074154371768
239269,-557.9548927926785
239270,-691.4308720998201
239271,470.10760245237185
239272,256.8939298799932
239273,-205.6866767421102
239274,-110.53415409761192
239275,-535.8497042616343
239276,625.6887702905576
239277,412.475097718179
239278,-50.105508903924374
239279,45.04701374057379
239280,367.31227169267186
239281,1528.850746244864
239282,1315.6370736724853
239283,853.0564670503819
239284,948.2089896948801
239285,814.7330103877384
239286,1976.2714849399306
239287,1763.0578123675518
239288,1300.4772057454484
239289,1395.6297283899466
239290,970.3141782259244
239291,2131.8526527781164
239292,1918.6389802057377
239293,1456.0583735836344
239294,1551.2108962281327
239295,-193.16536661892758
239296,968.3731079332645
239297,755.1594353608857
239298,292.57882873878236
239299,387.7313513832805
239300,254.255372076139
239301,1415.793846628331
239302,1202.5801740559523
239303,739.999567433849
239304,835.1520900783471
239305,409.83653991432493
239306,1571.3750144665169
239307,1358.1613418941383
239308,895.5807352720349
239309,990.733257916533
239310,-303.76166704049933
239311,857.7768075116927
239312,644.5631349393141
239313,181.9825283172106
239314,277.1350509617088
239315,143.65907165456736
239316,1305.1975462067594
239317,1091.9838736343806
239318,629.4032670122773
239319,724.5557896567755
239320,299.2402394927532
239321,1460.7787140449452
239322,1247.5650414725665
239323,784.9844348504631
239324,880.1369574949613
239325,-295.688329099223
239326,865.8501454529691
239327,652.6364728805903
239328,190.05586625848696
239329,285.2083889029851
239330,151.7324095958437
239331,1313.2708841480357
239332,1100.057211575657
239333,637.4766049535536
239334,732.6291275980518
239335,307.3135774340295
239336,1468.8520519862216
239337,1255.6383794138428
239338,793.0577727917395
239339,888.2102954362376
239340,-501.62001742082725
239341,659.9184571313647
239342,446.7047845589859
239343,-15.875822063117312
239344,79.27670058138085
239345,-54.19927872576068
239346,1107.3391958264313
239347,894.1255232540525
239348,431.5449166319492
239349,526.6974392764473
239350,101.38188911242514
239351,1262.920363664617
239352,1049.7066910922385
239353,587.1260844701351
239354,682.2786071146332
239355,-1126.512362321611
239356,35.026112230581134
239357,-178.18756034179762
239358,-640.768166963901
239359,-545.6156443194029
239360,-679.0916236265443
239361,482.4468509256477
239362,269.23317835326895
239363,-193.3474282688344
239364,-98.19490562433623
239365,-523.5104557883585
239366,638.0280187638335
239367,424.8143461914548
239368,-37.76626043064857
239369,57.38626221384959
239370,379.6515201659477
239371,1541.1899947181396
239372,1327.976322145761
239373,865.3957155236578
239374,960.5482381681559
239375,827.0722588610143
239376,1988.6107334132064
239377,1775.3970608408276
239378,1312.8164542187244
239379,1407.9689768632225
239380,982.6534266992002
239381,2144.191901251392
239382,1930.9782286790135
239383,1468.3976220569102
239384,1563.5501447014083
239385,-180.8261181456519
239386,980.7123564065403
239387,767.4986838341615
239388,304.91807721205817
239389,400.0705998565563
239390,266.59462054941474
239391,1428.1330951016068
239392,1214.919422529228
239393,752.3388159071247
239394,847.4913385516229
239395,422.1757883876006
239396,1583.7142629397927
239397,1370.5005903674141
239398,907.9199837453107
239399,1003.0725063898087
239400,-291.42241856722353
239401,870.1160559849686
239402,656.9023834125899
239403,194.32177679048652
239404,289.4742994349847
239405,155.99832012784316
239406,1317.5367946800352
239407,1104.3231221076564
239408,641.7425154855531
239409,736.8950381300513
239410,311.579487966029
239411,1473.117962518221
239412,1259.9042899458423
239413,797.323683323739
239414,892.4762059682371
239415,-283.3490806259472
239416,878.1893939262449
239417,664.9757213538661
239418,202.39511473176276
239419,297.547637376261
239420,164.0716580691195
239421,1325.6101326213115
239422,1112.3964600489328
239423,649.8158534268294
239424,744.9683760713276
239425,319.6528259073053
239426,1481.1913004594974
239427,1267.9776278871186
239428,805.3970212650153
239429,900.5495439095134
239430,-489.28076894755145
239431,672.2577056046406
239432,459.0440330322618
239433,-3.5365735898415096
239434,91.61594905465665
239435,-41.860030252484876
239436,1119.678444299707
239437,906.4647717273283
239438,443.884165105225
239439,539.0366877497231
239440,113.72113758570094
239441,1275.2596121378929
239442,1062.0459395655143
239443,599.4653329434109
239444,694.617855587909
239445,-1114.1731138483349
239446,47.365360703856936
239447,-165.84831186852182
239448,-628.4289184906249
239449,-533.2763958461269
239450,-666.7523751532685
239451,494.7860993989235
239452,281.57242682654476
239453,-181.0081797955586
239454,-85.85565715106043
239455,-511.1712073150827
239456,650.3672672371093
239457,437.1535946647306
239458,-25.42701195737277
239459,69.7255106871254
239460,391.9907686392235
239461,1553.5292431914154
239462,1340.3155706190369
239463,877.7349639969336
239464,972.8874866414317
239465,839.4115073342901
239466,2000.9499818864822
239467,1787.7363093141034
239468,1325.1557026920002
239469,1420.3082253364983
239470,994.992675172476
239471,2156.531149724668
239472,1943.3174771522893
239473,1480.736870530186
239474,1575.889393174684
239475,-168.4868696723761
239476,993.0516048798161
239477,779.8379323074373
239478,317.25732568533397
239479,412.40984832983213
239480,278.93386902269054
239481,1440.4723435748826
239482,1227.258671002504
239483,764.6780643804005
239484,859.8305870248987
239485,434.5150368608764
239486,1596.0535114130685
239487,1382.8398388406897
239488,920.2592322185865
239489,1015.4117548630845
239490,-202.55106509522057
239491,958.9874094569714
239492,745.7737368845926
239493,283.1931302624894
239494,378.34565290698754
239495,244.86967359984595
239496,1406.408148152038
239497,1193.1944755796592
239498,730.613868957556
239499,825.7663916020541
239500,400.4508414380318
239501,1561.9893159902238
239502,1348.7756434178452
239503,886.1950367957418
239504,981.3475594402399
239505,-194.47772715394422
239506,967.0607473982477
239507,753.847074825869
239508,291.26646820376567
239509,386.41899084826383
239510,252.9430115411223
239511,1414.4814860933143
239512,1201.2678135209355
239513,738.6872068988323
239514,833.8397295433305
239515,408.5241793793081
239516,1570.0626539315
239517,1356.8489813591214
239518,894.2683747370181
239519,989.4208973815162
239520,-400.4094154755487
239521,761.1290590766434
239522,547.9153865042647
239523,85.33477988216134
239524,180.4873025266595
239525,47.01132321951786
239526,1208.54979777171
239527,995.3361251993313
239528,532.7555185772279
239529,627.9080412217261
239530,202.5924910577038
239531,1364.1309656098956
239532,1150.917293037517
239533,688.3366864154137
239534,783.4892090599119
239535,-1025.3017603763324
239536,136.23671417585967
239537,-76.97695839651908
239538,-539.5575650186224
239539,-444.40504237412415
239540,-577.8810216812656
239541,583.6574528709262
239542,370.4437802985476
239543,-92.13682632355574
239544,3.015696320942425
239545,-422.29985384308
239546,739.2386207091121
239547,526.0249481367334
239548,63.44434151463008
239549,158.59686415912824
239550,480.86212211122637
239551,1642.4005966634186
239552,1429.1869240910396
239553,966.6063174689364
239554,1061.7588401134346
239555,928.282860806293
239556,2089.821335358485
239557,1876.6076627861064
239558,1414.027056164003
239559,1509.179578808501
239560,1083.8640286444788
239561,2245.402503196671
239562,2032.1888306242922
239563,1569.6082240021888
239564,1664.760746646687
239565,-79.61551620037312
239566,1081.922958351819
239567,868.7092857794402
239568,406.1286791573369
239569,501.28120180183504
239570,367.80522249469345
239571,1529.3436970468856
239572,1316.1300244745066
239573,853.5494178524035
239574,948.7019404969017
239575,523.3863903328793
239576,1684.9248648850712
239577,1471.7111923126927
239578,1009.1305856905892
239579,1104.2831083350875
239580,-190.21181662194476
239581,971.3266579302472
239582,758.1129853578684
239583,295.5323787357652
239584,390.68490138026334
239585,257.2089220731218
239586,1418.7473966253137
239587,1205.5337240529352
239588,742.9531174308318
239589,838.1056400753299
239590,412.7900899113077
239591,1574.3285644634998
239592,1361.1148918911208
239593,898.5342852690176
239594,993.6868079135157
239595,-182.13847868066853
239596,979.3999958715235
239597,766.1863232991448
239598,303.6057166770414
239599,398.75823932153963
239600,265.28226001439805
239601,1426.82073456659
239602,1213.6070619942113
239603,751.0264553721081
239604,846.1789780166063
239605,420.8634278525839
239606,1582.401902404776
239607,1369.1882298323972
239608,906.6076232102939
239609,1001.7601458547921
239610,-388.0701670022727
239611,773.4683075499191
239612,560.2546349775405
239613,97.67402835543726
239614,192.82655099993542
239615,59.35057169279378
239616,1220.8890462449858
239617,1007.6753736726071
239618,545.0947670505037
239619,640.2472896950019
239620,214.9317395309797
239621,1376.4702140831716
239622,1163.2565415107929
239623,700.6759348886895
239624,795.8284575331877
239625,-1012.9625119030566
239626,148.5759626491356
239627,-64.63770992324316
239628,-527.2183165453466
239629,-432.0657939008486
239630,-565.5417732079898
239631,595.9967013442022
239632,382.7830287718234
239633,-79.79757785027994
239634,15.354944794218227
239635,-409.96060536980417
239636,751.577869182388
239637,538.3641966100092
239638,75.78358998790577
239639,170.93611263240405
239640,493.20137058450223
239641,1654.7398451366942
239642,1441.5261725643154
239643,978.9455659422122
239644,1074.0980885867102
239645,940.6221092795688
239646,2102.160583831761
239647,1888.9469112593822
239648,1426.366304637279
239649,1521.5188272817768
239650,1096.2032771177546
239651,2257.741751669947
239652,2044.5280790975678
239653,1581.9474724754646
239654,1677.0999951199628
239655,-67.27626772709732
239656,1094.2622068250946
239657,881.0485342527159
239658,418.4679276306126
239659,513.6204502751108
239660,380.1444709679692
239661,1541.6829455201614
239662,1328.4692729477824
239663,865.8886663256792
239664,961.0411889701775
239665,535.7256388061551
239666,1697.264113358347
239667,1484.0504407859685
239668,1021.469834163865
239669,1116.6223568083633
239670,-340.7709480249082
239671,820.7675265272837
239672,607.553853954905
239673,144.97324733280175
239674,240.1257699772999
239675,106.64979067015838
239676,1268.1882652223503
239677,1054.9745926499716
239678,592.3939860278683
239679,687.5465086723665
239680,262.2309585083442
239681,1423.7694330605364
239682,1210.5557604881574
239683,747.9751538660541
239684,843.1276765105523
239685,-332.69761008363184
239686,828.8408644685601
239687,615.6271918961813
239688,153.04658527407798
239689,248.19910791857615
239690,114.72312861143473
239691,1276.2616031636267
239692,1063.047930591248
239693,600.4673239691447
239694,695.6198466136427
239695,270.30429644962055
239696,1431.8427710018127
239697,1218.6290984294337
239698,756.0484918073305
239699,851.2010144518287
239700,-538.6292984052363
239701,622.9091761469558
239702,409.695503574577
239703,-52.885103047526286
239704,42.26741959697188
239705,-91.20855971016977
239706,1070.3299148420224
239707,857.1162422696435
239708,394.53563564754023
239709,489.6881582920384
239710,64.37260812801617
239711,1225.9110826802082
239712,1012.6974101078295
239713,550.1168034857261
239714,645.2693261302243
239715,-1163.52164330602
239716,-1.9831687538278402
239717,-215.1968413262066
239718,-677.77744794831
239719,-582.624925303812
239720,-716.1009046109532
239721,445.43756994123873
239722,232.22389736885998
239723,-230.35670925324337
239724,-135.2041866087452
239725,-560.5197367727676
239726,601.0187377794246
239727,387.8050652070458
239728,-74.77554141505755
239729,20.376981229440617
239730,342.64223918153874
239731,1504.1807137337307
239732,1290.967041161352
239733,828.3864345392487
239734,923.5389571837468
239735,790.0629778766054
239736,1951.6014524287973
239737,1738.3877798564185
239738,1275.8071732343155
239739,1370.9596958788134
239740,945.6441457147912
239741,2107.1826202669836
239742,1893.9689476946044
239743,1431.3883410725011
239744,1526.5408637169994
239745,-217.83539913006075
239746,943.7030754221312
239747,730.4894028497525
239748,267.9087962276492
239749,363.06131887214735
239750,229.58533956500582
239751,1391.123814117198
239752,1177.910141544819
239753,715.3295349227158
239754,810.4820575672139
239755,385.16650740319164
239756,1546.7049819553836
239757,1333.491309383005
239758,870.9107027609016
239759,966.0632254053999
239760,-328.4316995516326
239761,833.1067750005595
239762,619.8931024281808
239763,157.31249580607755
239764,252.46501845057566
239765,118.98903914343407
239766,1280.527513695626
239767,1067.3138411232476
239768,604.7332345011441
239769,699.8857571456423
239770,274.57020698162
239771,1436.108681533812
239772,1222.8950089614334
239773,760.31440233933
239774,855.4669249838281
239775,-320.35836161035627
239776,841.1801129418359
239777,627.9664403694571
239778,165.3858337473538
239779,260.53835639185195
239780,127.06237708471042
239781,1288.6008516369025
239782,1075.3871790645237
239783,612.8065724424205
239784,707.9590950869185
239785,282.64354492289635
239786,1444.1820194750883
239787,1230.9683469027095
239788,768.3877402806063
239789,863.5402629251045
239790,-526.2900499319605
239791,635.2484246202315
239792,422.0347520478528
239793,-40.545854574250484
239794,54.60666807024768
239795,-78.86931123689396
239796,1082.6691633152982
239797,869.4554907429194
239798,406.87488412081603
239799,502.0274067653142
239800,76.71185660129197
239801,1238.250331153484
239802,1025.0366585811053
239803,562.4560519590019
239804,657.6085746035001
239805,-1151.182394832744
239806,10.356079719447848
239807,-202.8575928529308
239808,-665.438199475034
239809,-570.285676830536
239810,-703.7616561376774
239811,457.7768184145144
239812,244.56314584213578
239813,-218.01746077996756
239814,-122.8649381354694
239815,-548.1804882994918
239816,613.3579862527002
239817,400.1443136803216
239818,-62.436292941781744
239819,32.71622970271642
239820,354.9814876548145
239821,1516.5199622070065
239822,1303.3062896346278
239823,840.7256830125245
239824,935.8782056570227
239825,802.4022263498811
239826,1963.940700902073
239827,1750.7270283296943
239828,1288.1464217075911
239829,1383.2989443520892
239830,957.983394188067
239831,2119.521868740259
239832,1906.3081961678802
239833,1443.727589545777
239834,1538.8801121902752
239835,-205.49615065678506
239836,956.042323895407
239837,742.8286513230283
239838,280.24804470092494
239839,375.4005673454231
239840,241.92458803828157
239841,1403.4630625904736
239842,1190.2493900180948
239843,727.6687833959916
239844,822.8213060404897
239845,397.50575587646745
239846,1559.0442304286594
239847,1345.8305578562808
239848,883.2499512341774
239849,978.4024738786757
239850,-316.0924510783568
239851,845.4460234738353
239852,632.2323509014566
239853,169.65174427935324
239854,264.8042669238514
239855,131.32828761670987
239856,1292.866762168902
239857,1079.6530895965234
239858,617.0724829744199
239859,712.2250056189181
239860,286.90945545489575
239861,1448.447930007088
239862,1235.234257434709
239863,772.6536508126057
239864,867.8061734571039
239865,-308.01911313708047
239866,853.5193614151117
239867,640.3056888427329
239868,177.72508222062947
239869,272.87760486512775
239870,139.40162555798622
239871,1300.9401001101783
239872,1087.7264275377995
239873,625.1458209156962
239874,720.2983435601943
239875,294.9827933961721
239876,1456.521267948364
239877,1243.3075953759853
239878,780.7269887538821
239879,875.8795113983803
239880,-513.9508014586847
239881,647.5876730935073
239882,434.37400052112866
239883,-28.206606100974682
239884,66.94591654352348
239885,-66.53006276361816
239886,1095.008411788574
239887,881.7947392161952
239888,419.21413259409184
239889,514.36665523859
239890,89.05110507456766
239891,1250.5895796267598
239892,1037.375907054381
239893,574.7953004322777
239894,669.9478230767759
239895,-1138.8431463594684
239896,22.69532819272365
239897,-190.5183443796551
239898,-653.0989510017585
239899,-557.9464283572602
239900,-691.4224076644018
239901,470.1160668877903
239902,256.9023943154115
239903,-205.67821230669188
239904,-110.5256896621936
239905,-535.841239826216
239906,625.697234725976
239907,412.4835621535974
239908,-50.097044468506056
239909,45.05547817599211
239910,367.32073612809023
239911,1528.8592106802823
239912,1315.6455381079036
239913,853.0649314858003
239914,948.2174541302984
239915,814.7414748231569
239916,1976.279949375349
239917,1763.0662768029702
239918,1300.485670180867
239919,1395.638192825365
239920,970.3226426613428
239921,2131.861117213535
239922,1918.6474446411562
239923,1456.0668380190527
239924,1551.219360663551
239925,-193.15690218350915
239926,968.3815723686828
239927,755.1678997963041
239928,292.58729317420074
239929,387.7398158186989
239930,254.26383651155737
239931,1415.8023110637496
239932,1202.5886384913706
239933,740.0080318692674
239934,835.1605545137655
239935,409.8450043497433
239936,1571.3834789019352
239937,1358.1698063295566
239938,895.5891997074532
239939,990.7417223519515
239940,-303.7532026050808
239941,857.7852719471111
239942,644.5715993747324
239943,181.99099275262915
239944,277.14351539712726
239945,143.6675360899858
239946,1305.2060106421777
239947,1091.992338069799
239948,629.4117314476957
239949,724.5642540921939
239950,299.2487039281716
239951,1460.7871784803638
239952,1247.5735059079848
239953,784.9928992858815
239954,880.1454219303797
239955,-295.67986466380444
239956,865.8586098883875
239957,652.6449373160087
239958,190.0643306939054
239959,285.21685333840355
239960,151.74087403126214
239961,1313.279348583454
239962,1100.0656760110753
239963,637.485069388972
239964,732.6375920334701
239965,307.32204186944796
239966,1468.86051642164
239967,1255.6468438492611
239968,793.0662372271579
239969,888.218759871656
239970,-501.61155298540893
239971,659.9269215667831
239972,446.71324899440435
239973,-15.867357627698993
239974,79.28516501679928
239975,-54.19081429034236
239976,1107.3476602618498
239977,894.1339876894709
239978,431.55338106736764
239979,526.7059037118657
239980,101.39035354784357
239981,1262.9288281000356
239982,1049.7151555276569
239983,587.1345489055534
239984,682.2870715500517
239985,-1126.5038978861924
239986,35.034576665999566
239987,-178.1790959063792
239988,-640.7597025284824
239989,-545.6071798839844
239990,-679.0831591911258
239991,482.45531536106614
239992,269.2416427886874
239993,-193.33896383341596
239994,-98.1864411889178
239995,-523.5019913529402
239996,638.036483199252
239997,424.8228106268732
239998,-37.75779599523025
239999,57.39472664926802
240000,379.65998460136615
240001,1541.1984591535581
240002,1327.9847865811794
240003,865.4041799590761
240004,960.5567026035742
240005,827.0807232964328
240006,1988.6191978486247
240007,1775.405525276246
240008,1312.824918654143
240009,1407.9774412986408
240010,982.6618911346186
240011,2144.200365686811
240012,1930.9866931144318
240013,1468.4060864923285
240014,1563.5586091368268
240015,-180.81765371023334
240016,980.7208208419586
240017,767.50714826958
240018,304.9265416474766
240019,400.07906429197476
240020,266.6030849848331
240021,1428.1415595370254
240022,1214.9278869646464
240023,752.3472803425432
240024,847.4998029870413
240025,422.18425282301905
240026,1583.722727375211
240027,1370.5090548028325
240028,907.928448180729
240029,1003.0809708252273
240030,-291.4139541318052
240031,870.124520420387
240032,656.9108478480082
240033,194.33024122590496
240034,289.482763870403
240035,156.00678456326148
240036,1317.5452591154535
240037,1104.3315865430748
240038,641.7509799209715
240039,736.9035025654697
240040,311.5879524014474
240041,1473.1264269536393
240042,1259.9127543812606
240043,797.3321477591574
240044,892.4846704036555
240045,-283.34061619052886
240046,878.1978583616633
240047,664.9841857892845
240048,202.4035791671812
240049,297.55610181167935
240050,164.08012250453783
240051,1325.6185970567299
240052,1112.404924484351
240053,649.8243178622478
240054,744.9768405067459
240055,319.66129034272376
240056,1481.1997648949157
240057,1267.986092322537
240058,805.4054857004337
240059,900.5580083449317
240060,-489.27230451213313
240061,672.2661700400589
240062,459.0524974676802
240063,-3.5281091544230776
240064,91.62441349007509
240065,-41.85156581706656
240066,1119.6869087351256
240067,906.4732361627467
240068,443.89262954064344
240069,539.0451521851415
240070,113.72960202111938
240071,1275.2680765733114
240072,1062.0544040009327
240073,599.4737973788293
240074,694.6263200233275
240075,-1114.1646494129166
240076,47.373825139275255
240077,-165.8398474331034
240078,-628.4204540552066
240079,-533.2679314107086
240080,-666.74391071785
240081,494.79456383434183
240082,281.5808912619632
240083,-180.99971536014016
240084,-85.847192715642
240085,-511.1627428796644
240086,650.3757316725276
240087,437.162059100149
240088,-25.418547521954338
240089,69.73397512254382
240090,391.9992330746419
240091,1553.537707626834
240092,1340.3240350544552
240093,877.743428432352
240094,972.89595107685
240095,839.4199717697085
240096,2000.9584463219005
240097,1787.7447737495218
240098,1325.1641671274185
240099,1420.3166897719166
240100,995.0011396078944
240101,2156.5396141600863
240102,1943.3259415877076
240103,1480.7453349656043
240104,1575.8978576101026
240105,-168.47840523695766
240106,993.0600693152344
240107,779.8463967428556
240108,317.26579012075234
240109,412.4183127652505
240110,278.942333458109
240111,1440.480808010301
240112,1227.2671354379222
240113,764.686528815819
240114,859.8390514603171
240115,434.52350129629485
240116,1596.0619758484868
240117,1382.8483032761083
240118,920.2676966540048
240119,1015.4202192985031
240120,-202.54260065980225
240121,958.9958738923898
240122,745.782201320011
240123,283.20159469790775
240124,378.3541173424059
240125,244.87813803526433
240126,1406.4166125874565
240127,1193.2029400150777
240128,730.6223333929744
240129,825.7748560374725
240130,400.4593058734502
240131,1561.9977804256423
240132,1348.7841078532635
240133,886.2035012311602
240134,981.3560238756584
240135,-194.4692627185259
240136,967.069211833666
240137,753.8555392612874
240138,291.27493263918404
240139,386.4274552836822
240140,252.95147597654068
240141,1414.4899505287326
240142,1201.276277956354
240143,738.6956713342506
240144,833.8481939787488
240145,408.53264381472655
240146,1570.0711183669187
240147,1356.8574457945397
240148,894.2768391724364
240149,989.4293618169347
240150,-400.40095104013017
240151,761.1375235120618
240152,547.9238509396831
240153,85.34324431757977
240154,180.49576696207794
240155,47.019787654936295
240156,1208.5582622071283
240157,995.3445896347496
240158,532.7639830126463
240159,627.9165056571445
240160,202.60095549312223
240161,1364.1394300453142
240162,1150.9257574729354
240163,688.3451508508322
240164,783.4976734953303
240165,-1025.293295940914
240166,136.2451786112781
240167,-76.96849396110065
240168,-539.5491005832041
240169,-444.39657793870583
240170,-577.8725572458472
240171,583.6659173063447
240172,370.45224473396604
240173,-92.12836188813742
240174,3.024160756360743
240175,-422.29138940766165
240176,739.2470851445305
240177,526.0334125721519
240178,63.4528059500484
240179,158.60532859454656
240180,480.87058654664474
240181,1642.409061098837
240182,1429.1953885264581
240183,966.6147819043548
240184,1061.767304548853
240185,928.2913252417113
240186,2089.8297997939035
240187,1876.6161272215247
240188,1414.0355205994215
240189,1509.1880432439195
240190,1083.8724930798971
240191,2245.4109676320895
240192,2032.1972950597105
240193,1569.6166884376073
240194,1664.7692110821054
240195,-79.6070517649548
240196,1081.9314227872374
240197,868.7177502148586
240198,406.13714359275525
240199,501.2896662372534
240200,367.8136869301118
240201,1529.352161482304
240202,1316.1384889099252
240203,853.5578822878219
240204,948.71040493232
240205,523.3948547682977
240206,1684.9333293204897
240207,1471.719656748111
240208,1009.1390501260078
240209,1104.2915727705058
240210,-190.20335218652633
240211,971.3351223656657
240212,758.1214497932868
240213,295.5408431711836
240214,390.6933658156818
240215,257.21738650854024
240216,1418.7558610607323
240217,1205.5421884883535
240218,742.9615818662502
240219,838.1141045107483
240220,412.79855434672606
240221,1574.337028898918
240222,1361.1233563265394
240223,898.542749704436
240224,993.6952723489342
240225,-182.1300142452501
240226,979.408460306942
240227,766.1947877345632
240228,303.61418111245985
240229,398.76670375695807
240230,265.2907244498165
240231,1426.8291990020086
240232,1213.6155264296299
240233,751.0349198075264
240234,846.1874424520246
240235,420.8718922880023
240236,1582.4103668401945
240237,1369.1966942678155
240238,906.6160876457122
240239,1001.7686102902105
240240,-388.06170256685436
240241,773.4767719853376
240242,560.2630994129588
240243,97.68249279085558
240244,192.83501543535374
240245,59.35903612821221
240246,1220.8975106804041
240247,1007.6838381080254
240248,545.1032314859222
240249,640.2557541304203
240250,214.94020396639803
240251,1376.4786785185902
240252,1163.2650059462112
240253,700.684399324108
240254,795.8369219686061
240255,-1012.954047467638
240256,148.58442708455402
240257,-64.62924548782473
240258,-527.2098521099281
240259,-432.05732946543003
240260,-565.5333087725714
240261,596.0051657796206
240262,382.79149320724184
240263,-79.7891134148615
240264,15.363409229636659
240265,-409.9521409343856
240266,751.5863336178064
240267,538.3726610454277
240268,75.79205442332432
240269,170.94457706782248
240270,493.20983501992066
240271,1654.7483095721127
240272,1441.534636999734
240273,978.9540303776306
240274,1074.1065530221288
240275,940.6305737149872
240276,2102.1690482671793
240277,1888.9553756948005
240278,1426.3747690726973
240279,1521.5272917171953
240280,1096.211741553173
240281,2257.7502161053653
240282,2044.5365435329863
240283,1581.9559369108829
240284,1677.1084595553812
240285,-67.267803291679
240286,1094.2706712605132
240287,881.0569986881344
240288,418.47639206603105
240289,513.6289147105292
240290,380.15293540338763
240291,1541.6914099555797
240292,1328.477737383201
240293,865.8971307610976
240294,961.0496534055958
240295,535.7341032415734
240296,1697.2725777937655
240297,1484.0589052213868
240298,1021.4782985992834
240299,1116.6308212437816
240300,-340.7624835894899
240301,820.7759909627022
240302,607.5623183903234
240303,144.98171176822007
240304,240.13423441271823
240305,106.6582551055767
240306,1268.1967296577686
240307,1054.98305708539
240308,592.4024504632866
240309,687.5549731077849
240310,262.23942294376263
240311,1423.7778974959547
240312,1210.564224923576
240313,747.9836183014726
240314,843.1361409459707
240315,-332.6891456482135
240316,828.8493289039784
240317,615.6356563315998
240318,153.05504970949642
240319,248.20757235399458
240320,114.73159304685305
240321,1276.270067599045
240322,1063.0563950266665
240323,600.475788404563
240324,695.6283110490612
240325,270.312760885039
240326,1431.851235437231
240327,1218.6375628648523
240328,756.0569562427488
240329,851.2094788872471
240330,-538.6208339698178
240331,622.9176405823741
240332,409.70396800999544
240333,-52.876638612107854
240334,42.27588403239031
240335,-91.20009527475133
240336,1070.3383792774407
240337,857.124706705062
240338,394.5441000829586
240339,489.69662272745677
240340,64.3810725634346
240341,1225.9195471156268
240342,1012.7058745432479
240343,550.1252679211445
240344,645.2777905656426
240345,-1163.5131788706015
240346,-1.9747043184095219
240347,-215.18837689078816
240348,-677.7689835128915
240349,-582.6164608683935
240350,-716.0924401755349
240351,445.44603437665705
240352,232.2323618042784
240353,-230.34824481782493
240354,-135.19572217332677
240355,-560.511272337349
240356,601.0272022148429
240357,387.81352964246423
240358,-74.76707697963911
240359,20.38544566485905
240360,342.6507036169571
240361,1504.1891781691493
240362,1290.9755055967703
240363,828.3948989746671
240364,923.5474216191652
240365,790.0714423120237
240366,1951.6099168642156
240367,1738.3962442918369
240368,1275.8156376697339
240369,1370.9681603142317
240370,945.6526101502096
240371,2107.191084702402
240372,1893.977412130023
240373,1431.3968055079195
240374,1526.5493281524177
240375,-217.82693469464243
240376,943.7115398575496
240377,730.4978672851709
240378,267.9172606630675
240379,363.06978330756573
240380,229.59380400042414
240381,1391.1322785526163
240382,1177.9186059802375
240383,715.3379993581342
240384,810.4905220026324
240385,385.1749718386101
240386,1546.713446390802
240387,1333.4997738184234
240388,870.91916719632
240389,966.0716898408182
240390,-328.4232351162141
240391,833.115239435978
240392,619.9015668635992
240393,157.32096024149587
240394,252.47348288599403
240395,118.9975035788525
240396,1280.5359781310444
240397,1067.322305558666
240398,604.7416989365624
240399,699.8942215810607
240400,274.5786714170384
240401,1436.1171459692305
240402,1222.9034733968517
240403,760.3228667747484
240404,855.4753894192465
240405,-320.3498971749377
240406,841.1885773772542
240407,627.9749048048755
240408,165.39429818277222
240409,260.5468208272703
240410,127.07084152012885
240411,1288.6093160723208
240412,1075.3956434999423
240413,612.8150368778388
240414,707.967559522337
240415,282.65200935831473
240416,1444.1904839105068
240417,1230.976811338128
240418,768.3962047160246
240419,863.5487273605229
240420,-526.281585496542
240421,635.2568890556499
240422,422.04321648327124
240423,-40.53739013883205
240424,54.61513250566611
240425,-78.86084680147553
240426,1082.6776277507165
240427,869.4639551783378
240428,406.8833485562344
240429,502.0358712007326
240430,76.7203210367104
240431,1238.2587955889023
240432,1025.0451230165236
240433,562.4645163944203
240434,657.6170390389185
240435,-1151.1739303973256
240436,10.36454415486628
240437,-202.84912841751247
240438,-665.4297350396157
240439,-570.2772123951177
240440,-703.7531917022591
240441,457.78528284993286
240442,244.5716102775541
240443,-218.00899634454925
240444,-122.85647370005108
240445,-548.1720238640735
240446,613.3664506881187
240447,400.15277811574
240448,-62.427828506363426
240449,32.72469413813474
240450,354.98995209023286
240451,1516.5284266424248
240452,1303.314754070046
240453,840.7341474479429
240454,935.8866700924411
240455,802.4106907852995
240456,1963.9491653374916
240457,1750.735492765113
240458,1288.1548861430097
240459,1383.3074087875077
240460,957.9918586234853
240461,2119.5303331756777
240462,1906.3166606032987
240463,1443.7360539811955
240464,1538.8885766256935
240465,-205.48768622136663
240466,956.0507883308254
240467,742.8371157584467
240468,280.2565091363433
240469,375.4090317808415
240470,241.93305247369995
240471,1403.471527025892
240472,1190.2578544535133
240473,727.67724783141
240474,822.8297704759082
240475,397.5142203118858
240476,1559.052694864078
240477,1345.8390222916992
240478,883.2584156695958
240479,978.410938314094
240480,-316.08398664293827
240481,845.4544879092538
240482,632.240815336875
240483,169.66020871477167
240484,264.81273135926983
240485,131.3367520521283
240486,1292.8752266043202
240487,1079.6615540319417
240488,617.0809474098382
240489,712.2334700543365
240490,286.9179198903141
240491,1448.4563944425063
240492,1235.2427218701275
240493,772.6621152480242
240494,867.8146378925223
240495,-308.0106487016619
240496,853.52782585053
240497,640.3141532781514
240498,177.73354665604802
240499,272.8860693005462
240500,139.41008999340465
240501,1300.9485645455966
240502,1087.734891973218
240503,625.1542853511146
240504,720.3068079956128
240505,294.9912578315905
240506,1456.5297323837826
240507,1243.3160598114036
240508,780.7354531893004
240509,875.8879758337987
240510,-513.9423370232664
240511,647.5961375289257
240512,434.382464956547
240513,-28.198141665556363
240514,66.9543809789418
240515,-66.52159832819973
240516,1095.0168762239923
240517,881.8032036516136
240518,419.2225970295102
240519,514.3751196740084
240520,89.05956950998609
240521,1250.5980440621781
240522,1037.3843714897994
240523,574.8037648676961
240524,669.9562875121943
240525,-1138.8346819240498
240526,22.703792628142082
240527,-190.50987994423667
240528,-653.0904865663399
240529,-557.9379639218416
240530,-691.4139432289833
240531,470.1245313232087
240532,256.91085875082996
240533,-205.66974787127333
240534,-110.51722522677528
240535,-535.8327753907977
240536,625.7056991613945
240537,412.4920265890158
240538,-50.088580033087624
240539,45.06394261141054
240540,367.32920056350866
240541,1528.8676751157009
240542,1315.6540025433221
240543,853.0733959212187
240544,948.2259185657169
240545,814.7499392585753
240546,1976.2884138107675
240547,1763.0747412383887
240548,1300.4941346162855
240549,1395.6466572607835
240550,970.3311070967611
240551,2131.8695816489535
240552,1918.6559090765745
240553,1456.075302454471
240554,1551.2278250989693
240555,-193.14843774809083
240556,968.3900368041013
240557,755.1763642317226
240558,292.59575760961917
240559,387.74828025411733
240560,254.27230094697575
240561,1415.810775499168
240562,1202.5971029267891
240563,740.0164963046858
240564,835.169018949184
240565,409.8534687851617
240566,1571.3919433373537
240567,1358.178270764975
240568,895.5976641428716
240569,990.7501867873698
240570,-303.74473816966247
240571,857.7937363825296
240572,644.5800638101508
240573,181.99945718804747
240574,277.15197983254563
240575,143.6760005254041
240576,1305.214475077596
240577,1092.0008025052175
240578,629.420195883114
240579,724.5727185276122
240580,299.25716836359004
240581,1460.795642915782
240582,1247.5819703434033
240583,785.0013637213
240584,880.1538863657981
240585,-295.6714002283861
240586,865.8670743238058
240587,652.6534017514272
240588,190.07279512932382
240589,285.2253177738219
240590,151.74933846668046
240591,1313.2878130188724
240592,1100.0741404464939
240593,637.4935338243904
240594,732.6460564688886
240595,307.3305063048664
240596,1468.8689808570584
240597,1255.6553082846797
240598,793.0747016625762
240599,888.2272243070744
240600,-501.6030885499904
240601,659.9353860022015
240602,446.7217134298228
240603,-15.858893192280448
240604,79.29362945221771
240605,-54.18234985492393
240606,1107.3561246972681
240607,894.1424521248894
240608,431.561845502786
240609,526.7143681472842
240610,101.398817983262
240611,1262.9372925354542
240612,1049.7236199630752
240613,587.1430133409718
240614,682.29553598547
240615,-1126.495433450774
240616,35.043041101417884
240617,-178.17063147096076
240618,-640.7512380930641
240619,-545.598715448566
240620,-679.0746947557075
240621,482.46377979648446
240622,269.2501072241058
240623,-193.33049939799753
240624,-98.17797675349937
240625,-523.4935269175216
240626,638.0449476346703
240627,424.83127506229164
240628,-37.74933155981171
240629,57.403191084686455
240630,379.6684490367845
240631,1541.2069235889767
240632,1327.9932510165977
240633,865.4126443944946
240634,960.5651670389926
240635,827.0891877318511
240636,1988.627662284043
240637,1775.4139897116643
240638,1312.8333830895613
240639,1407.985905734059
240640,982.670355570037
240641,2144.2088301222293
240642,1930.9951575498503
240643,1468.414550927747
240644,1563.5670735722451
240645,-180.80918927481503
240646,980.729285277377
240647,767.5156127049983
240648,304.9350060828949
240649,400.08752872739313
240650,266.61154942025155
240651,1428.1500239724437
240652,1214.936351400065
240653,752.3557447779616
240654,847.5082674224598
240655,422.1927172584375
240656,1583.7311918106293
240657,1370.5175192382508
240658,907.9369126161474
240659,1003.0894352606456
240660,-291.40548969638667
240661,870.1329848558053
240662,656.9193122834266
240663,194.33870566132327
240664,289.49122830582144
240665,156.0152489986799
240666,1317.5537235508718
240667,1104.3400509784933
240668,641.7594443563898
240669,736.911967000888
240670,311.5964168368658
240671,1473.1348913890579
240672,1259.9212188166791
240673,797.3406121945758
240674,892.493134839074
240675,-283.3321517551103
240676,878.2063227970816
240677,664.9926502247029
240678,202.4120436025995
240679,297.56456624709773
240680,164.08858693995626
240681,1325.6270614921482
240682,1112.4133889197697
240683,649.8327822976662
240684,744.9853049421644
240685,319.66975477814213
240686,1481.2082293303342
240687,1267.9945567579553
240688,805.413950135852
240689,900.5664727803503
240690,-489.2638400767146
240691,672.2746344754773
240692,459.06096190309864
240693,-3.5196447190046456
240694,91.63287792549352
240695,-41.843101381648125
240696,1119.695373170544
240697,906.4817005981652
240698,443.9010939760618
240699,539.05361662056
240700,113.73806645653781
240701,1275.2765410087297
240702,1062.062868436351
240703,599.4822618142477
240704,694.6347844587458
240705,-1114.1561849774982
240706,47.38228957469369
240707,-165.83138299768507
240708,-628.4119896197883
240709,-533.2594669752903
240710,-666.7354462824317
240711,494.80302826976026
240712,281.5893556973816
240713,-180.99125092472173
240714,-85.83872828022356
240715,-511.15427844424585
240716,650.3841961079461
240717,437.1705235355674
240718,-25.410083086535906
240719,69.74243955796226
240720,392.00769751006027
240721,1553.5461720622523
240722,1340.3324994898735
240723,877.7518928677703
240724,972.9044155122683
240725,839.4284362051269
240726,2000.9669107573188
240727,1787.7532381849403
240728,1325.172631562837
240729,1420.325154207335
240730,995.0096040433127
240731,2156.548078595505
240732,1943.3344060231261
240733,1480.753799401023
240734,1575.906322045521
240735,-168.46994080153922
240736,993.0685337506528
240737,779.8548611782741
240738,317.2742545561707
240739,412.4267772006689
240740,278.95079789352735
240741,1440.4892724457195
240742,1227.2755998733408
240743,764.6949932512374
240744,859.8475158957356
240745,434.5319657317132
240746,1596.0704402839053
240747,1382.8567677115266
240748,920.2761610894232
240749,1015.4286837339214
240750,-202.53413622438381
240751,959.0043383278082
240752,745.7906657554295
240753,283.2100591333262
240754,378.36258177782435
240755,244.88660247068276
240756,1406.425077022875
240757,1193.211404450496
240758,730.6307978283927
240759,825.783320472891
240760,400.4677703088686
240761,1562.0062448610606
240762,1348.7925722886819
240763,886.2119656665786
240764,981.3644883110767
240765,-194.46079828310747
240766,967.0776762690846
240767,753.8640036967058
240768,291.2833970746025
240769,386.43591971910064
240770,252.9599404119591
240771,1414.4984149641512
240772,1201.2847423917724
240773,738.704135769669
240774,833.8566584141672
240775,408.54110825014493
240776,1570.079582802337
240777,1356.8659102299582
240778,894.2853036078549
240779,989.437826252353
240780,-400.39248660471185
240781,761.1459879474802
240782,547.9323153751014
240783,85.35170875299809
240784,180.50423139749626
240785,47.02825209035473
240786,1208.5667266425467
240787,995.353054070168
240788,532.7724474480647
240789,627.9249700925628
240790,202.60941992854055
240791,1364.1478944807327
240792,1150.9342219083537
240793,688.3536152862505
240794,783.5061379307488
240795,-1025.2848315054955
240796,136.25364304669654
240797,-76.96002952568222
240798,-539.5406361477856
240799,-444.3881135032873
240800,-577.8640928104289
240801,583.6743817417631
240802,370.46070916938436
240803,-92.11989745271899
240804,3.032625191779175
240805,-422.2829249722431
240806,739.2555495799489
240807,526.0418770075703
240808,63.46127038546683
240809,158.613793029965
240810,480.8790509820632
240811,1642.4175255342552
240812,1429.2038529618765
240813,966.6232463397732
240814,1061.7757689842715
240815,928.2997896771298
240816,2089.838264229322
240817,1876.624591656943
240818,1414.0439850348398
240819,1509.196507679338
240820,1083.8809575153155
240821,2245.419432067508
240822,2032.205759495129
240823,1569.6251528730256
240824,1664.7776755175237
240825,-79.59858732953626
240826,1081.9398872226557
240827,868.7262146502769
240828,406.1456080281737
240829,501.29813067267185
240830,367.82215136553026
240831,1529.3606259177222
240832,1316.1469533453437
240833,853.5663467232403
240834,948.7188693677384
240835,523.4033192037161
240836,1684.9417937559083
240837,1471.7281211835293
240838,1009.1475145614261
240839,1104.3000372059241
240840,-190.1948877511079
240841,971.343586801084
240842,758.1299142287053
240843,295.549307606602
240844,390.70183025110015
240845,257.2258509439586
240846,1418.7643254961506
240847,1205.5506529237718
240848,742.9700463016685
240849,838.1225689461668
240850,412.8070187821445
240851,1574.3454933343364
240852,1361.131820761958
240853,898.5512141398544
240854,993.7037367843526
240855,-182.12154980983178
240856,979.4169247423604
240857,766.2032521699815
240858,303.6226455478783
240859,398.77516819237644
240860,265.29918888523486
240861,1426.837663437427
240862,1213.6239908650482
240863,751.0433842429449
240864,846.195906887443
240865,420.88035672342073
240866,1582.4188312756128
240867,1369.205158703234
240868,906.6245520811307
240869,1001.7770747256288
240870,-388.0532381314358
240871,773.485236420756
240872,560.2715638483772
240873,97.6909572262739
240874,192.84347987077217
240875,59.36750056363064
240876,1220.9059751158225
240877,1007.6923025434438
240878,545.1116959213405
240879,640.2642185658386
240880,214.94866840181646
240881,1376.4871429540085
240882,1163.2734703816297
240883,700.6928637595263
240884,795.8453864040246
240885,-1012.9455830322197
240886,148.59289151997234
240887,-64.62078105240641
240888,-527.2013876745098
240889,-432.0488650300117
240890,-565.5248443371531
240891,596.0136302150389
240892,382.7999576426603
240893,-79.78064897944307
240894,15.371873665055091
240895,-409.9436764989671
240896,751.5947980532247
240897,538.3811254808461
240898,75.80051885874263
240899,170.9530415032409
240900,493.21829945533904
240901,1654.756774007531
240902,1441.5431014351523
240903,978.962494813049
240904,1074.115017457547
240905,940.6390381504057
240906,2102.1775127025976
240907,1888.9638401302188
240908,1426.3832335081156
240909,1521.5357561526139
240910,1096.2202059885915
240911,2257.7586805407836
240912,2044.545007968405
240913,1581.9644013463014
240914,1677.1169239907995
240915,-67.25933885626057
240916,1094.2791356959315
240917,881.0654631235527
240918,418.4848565014494
240919,513.6373791459475
240920,380.161399838806
240921,1541.699874390998
240922,1328.4862018186195
240923,865.9055951965161
240924,961.0581178410142
240925,535.7425676769919
240926,1697.2810422291839
240927,1484.067369656805
240928,1021.4867630347019
240929,1116.6392856792
240930,-341.7377740051638
240931,819.8007005470283
240932,606.5870279746496
240933,144.00642135254623
240934,239.1589439970444
240935,105.68296468990297
240936,1267.221439242095
240937,1054.0077666697161
240938,591.4271600476129
240939,686.5796826921111
240940,261.2641325280887
240941,1422.8026070802807
240942,1209.588934507902
240943,747.0083278857987
240944,842.1608505302969
240945,-333.6644360638875
240946,827.8740384883047
240947,614.6603659159259
240948,152.07975929382246
240949,247.23228193832074
240950,113.75630263117921
240951,1275.2947771833713
240952,1062.0811046109925
240953,599.5004979888893
240954,694.6530206333873
240955,269.33747046936503
240956,1430.875945021557
240957,1217.6622724491783
240958,755.081665827075
240959,850.2341884715731
240960,-539.5961243854917
240961,621.9423501667003
240962,408.72867759432154
240963,-53.85192902778181
240964,41.30059361671647
240965,-92.17538569042517
240966,1069.3630888617668
240967,856.1494162893881
240968,393.5688096672848
240969,488.721332311783
240970,63.40578214776065
240971,1224.9442566999528
240972,1011.730584127574
240973,549.1499775054706
240974,644.3025001499689
240975,-1164.4884692862754
240976,-2.9499947340833614
240977,-216.16366730646212
240978,-678.7442739285655
240979,-583.5917512840672
240980,-717.0677305912088
240981,444.47074396098327
240982,231.25707138860457
240983,-231.32353523349877
240984,-136.1710125890006
240985,-561.486562753023
240986,600.0519117991691
240987,386.83823922679034
240988,-75.74236739531307
240989,19.41015524918521
240990,341.67541320128333
240991,1503.2138877534753
240992,1290.0002151810966
240993,827.4196085589933
240994,922.5721312034914
240995,789.09615189635
240996,1950.634626448542
240997,1737.4209538761634
240998,1274.84034725406
240999,1369.9928698985582
241000,944.6773197345358
241001,2106.215794286728
241002,1893.0021217143492
241003,1430.4215150922457
241004,1525.5740377367438
241005,-218.80222511031616
241006,942.7362494418758
241007,729.522576869497
241008,266.94197024739367
241009,362.0944928918919
241010,228.61851358475042
241011,1390.1569881369423
241012,1176.9433155645638
241013,714.3627089424604
241014,809.5152315869585
241015,384.19968142293624
241016,1545.7381559751284
241017,1332.5244834027494
241018,869.9438767806462
241019,965.0963994251443
241020,-329.3985255318878
241021,832.1399490203041
241022,618.9262764479254
241023,156.34566982582203
241024,251.4981924703202
241025,118.02221316317878
241026,1279.560687715371
241027,1066.347015142992
241028,603.7664085208887
241029,698.9189311653869
241030,273.6033810013646
241031,1435.1418555535565
241032,1221.928182981178
241033,759.3475763590745
241034,854.5000990035727
241035,-321.3251875906117
241036,840.2132869615804
241037,626.9996143892017
241038,164.41900776709826
241039,259.5715304115965
241040,126.0955511044549
241041,1287.634025656647
241042,1074.4203530842683
241043,611.8397464621651
241044,706.9922691066631
241045,281.67671894264083
241046,1443.2151934948329
241047,1230.0015209224541
241048,767.4209143003509
241049,862.573436944849
241050,-527.256875912216
241051,634.2815986399761
241052,421.06792606759734
241053,-41.512680554506005
241054,53.63984208999227
241055,-79.83613721714937
241056,1081.7023373350426
241057,868.4886647626639
241058,405.9080581405606
241059,501.0605807850588
241060,75.74503062103645
241061,1237.2835051732286
241062,1024.0698326008498
241063,561.4892259787464
241064,656.6417486232447
241065,-1152.1492208129996
241066,9.38925373919244
241067,-203.82441883318631
241068,-666.4050254552897
241069,-571.2525028107916
241070,-704.728482117933
241071,456.80999243425913
241072,243.59631986188037
241073,-218.98428676022297
241074,-123.83176411572481
241075,-549.1473142797472
241076,612.391160272445
241077,399.1774877000662
241078,-63.403118922037265
241079,31.74940372246101
241080,354.0146616745591
241081,1515.5531362267511
241082,1302.3394636543726
241083,839.7588570322691
241084,934.9113796767673
241085,801.4354003696258
241086,1962.9738749218177
241087,1749.760202349439
241088,1287.1795957273357
241089,1382.332118371834
241090,957.0165682078116
241091,2118.5550427600037
241092,1905.341370187625
241093,1442.7607635655215
241094,1537.9132862100198
241095,-206.46297663704047
241096,955.0754979151516
241097,741.8618253427728
241098,279.2812187206695
241099,374.43374136516763
241100,240.95776205802616
241101,1402.4962366102181
241102,1189.2825640378396
241103,726.7019574157362
241104,821.8544800602343
241105,396.53892989621204
241106,1558.0774044484042
241107,1344.8637318760252
241108,882.283125253922
241109,977.4356478984201
241110,-317.0592770586122
241111,844.4791974935799
241112,631.2655249212012
241113,168.68491829909783
241114,263.837440943596
241115,130.36146163645446
241116,1291.8999361886465
241117,1078.6862636162678
241118,616.1056569941645
241119,711.2581796386627
241120,285.9426294746402
241121,1447.4811040268323
241122,1234.2674314544538
241123,771.6868248323503
241124,866.8393474768485
241125,-308.9859391173359
241126,852.5525354348563
241127,639.3388628624774
241128,176.75825624037407
241129,271.9107788848723
241130,138.4347995777307
241131,1299.9732741299229
241132,1086.759601557544
241133,624.1789949354408
241134,719.3315175799389
241135,294.0159674159166
241136,1455.5544419681087
241137,1242.34076939573
241138,779.7601627736266
241139,874.9126854181247
241140,-514.9176274389401
241141,646.6208471132519
241142,433.4071745408732
241143,-29.17343208123009
241144,65.97909056326807
241145,-67.49688874387368
241146,1094.0415858083184
241147,880.8279132359397
241148,418.2473066138364
241149,513.3998292583345
241150,88.08427909431225
241151,1249.6227536465044
241152,1036.4090810741257
241153,573.8284744520222
241154,668.9809970965205
241155,-1139.8099723397238
241156,21.728502212468243
241157,-191.4851703599105
241158,-654.0657769820139
241159,-558.9132543375156
241160,-692.3892336446572
241161,469.1492409075348
241162,255.93556833515618
241163,-206.64503828694717
241164,-111.492515642449
241165,-536.8080658064714
241166,624.7304087457206
241167,411.51673617334194
241168,-51.06387044876135
241169,44.08865219573681
241170,366.3539101478348
241171,1527.892384700027
241172,1314.6787121276482
241173,852.0981055055449
241174,947.250628150043
241175,813.7746488429015
241176,1975.3131233950935
241177,1762.099450822715
241178,1299.5188442006115
241179,1394.6713668451098
241180,969.3558166810874
241181,2130.8942912332795
241182,1917.6806186609008
241183,1455.1000120387973
241184,1550.2525346832956
241185,-194.12372816376478
241186,967.4147463884274
241187,754.2010738160486
241188,291.6204671939453
241189,386.77298983844344
241190,253.29701053130196
241191,1414.835485083494
241192,1201.6218125111154
241193,739.041205889012
241194,834.1937285335101
241195,408.8781783694878
241196,1570.41665292168
241197,1357.202980349301
241198,894.6223737271978
241199,989.774896371696
241200,-304.7200285853364
241201,856.8184459668557
241202,643.604773394477
241203,181.02416677237363
241204,276.1766894168718
241205,142.70071010973038
241206,1304.2391846619223
241207,1091.0255120895436
241208,628.4449054674403
241209,723.5974281119385
241210,298.2818779479161
241211,1459.8203525001081
241212,1246.6066799277296
241213,784.0260733056261
241214,879.1785959501243
241215,-296.6466906440601
241216,864.8917839081321
241217,651.6781113357533
241218,189.09750471364987
241219,284.25002735814815
241220,150.77404805100662
241221,1312.3125226031987
241222,1099.09885003082
241223,636.5182434087166
241224,731.6707660532147
241225,306.35521588919244
241226,1467.8936904413845
241227,1254.680017869006
241228,792.0994112469024
241229,887.2519338914005
241230,-502.57837896566434
241231,658.9600955865277
241232,445.74642301414895
241233,-16.8341836079544
241234,78.31833903654376
241235,-55.15764027059777
241236,1106.3808342815942
241237,893.1671617092155
241238,430.58655508711223
241239,525.7390777316103
241240,100.42352756758805
241241,1261.9620021197802
241242,1048.7483295474015
241243,586.167722925298
241244,681.3202455697963
241245,-1127.470723866448
241246,34.067750685744045
241247,-179.1459218866347
241248,-641.726528508738
241249,-546.5740058642398
241250,-680.0499851713814
241251,481.4884893808107
241252,268.2748168084319
241253,-194.30578981367137
241254,-99.1532671691732
241255,-524.4688173331956
241256,637.0696572189964
241257,423.8559846466178
241258,-38.72462197548566
241259,56.4279006690125
241260,378.69315862111074
241261,1540.2316331733027
241262,1327.017960600924
241263,864.4373539788207
241264,959.5898766233188
241265,826.1138973161774
241266,1987.6523718683693
241267,1774.4386992959908
241268,1311.8580926738873
241269,1407.0106153183856
241270,981.6950651543632
241271,2143.2335397065553
241272,1930.0198671341766
241273,1467.4392605120731
241274,1562.5917831565712
241275,-181.78447969048898
241276,979.7539948617032
241277,766.5403222893244
241278,303.9597156672211
241279,399.1122383117193
241280,265.63625900457777
241281,1427.1747335567698
241282,1213.9610609843912
241283,751.3804543622878
241284,846.5329770067859
241285,421.21742684276353
241286,1582.7559013949558
241287,1369.542228822577
241288,906.9616222004736
241289,1002.1141448449717
241290,-292.3807801120604
241291,869.1576944401315
241292,655.9440218677528
241293,193.36341524564943
241294,288.5159378901476
241295,155.03995858300618
241296,1316.578433135198
241297,1103.3647605628194
241298,640.784153940716
241299,735.9366765852143
241300,310.621126421192
241301,1472.159600973384
241302,1258.9459284010054
241303,796.365321778902
241304,891.5178444234001
241305,-284.30744217078427
241306,877.2310323814078
241307,664.0173598090291
241308,201.43675318692567
241309,296.5892758314239
241310,163.1132965242823
241311,1324.6517710764745
241312,1111.4380985040957
241313,648.8574918819924
241314,744.0100145264905
241315,318.69446436246824
241316,1480.2329389146603
241317,1267.0192663422815
241318,804.4386597201782
241319,899.5911823646763
241320,-490.23913049238854
241321,671.2993440598035
241322,458.08567148742475
241323,-4.494935134678599
241324,90.65758750981968
241325,-42.818391797321965
241326,1118.72008275487
241327,905.5064101824913
241328,442.92580356038803
241329,538.0783262048861
241330,112.76277604086386
241331,1274.301250593056
241332,1061.0875780206773
241333,598.5069713985738
241334,693.6594940430721
241335,-1115.1314753931722
241336,46.40699915901985
241337,-166.8066734133589
241338,-629.3872800354623
241339,-534.2347573909642
241340,-667.7107366981056
241341,493.82773785408654
241342,280.6140652817078
241343,-181.96654134039557
241344,-86.8140186958974
241345,-512.1295688599198
241346,649.4089056922724
241347,436.19523311989354
241348,-26.38537350220986
241349,68.76714914228842
241350,391.0324070943865
241351,1552.5708816465785
241352,1339.3572090741998
241353,876.7766024520964
241354,971.9291250965946
241355,838.4531457894532
241356,1999.991620341645
241357,1786.7779477692663
241358,1324.1973411471631
241359,1419.3498637916612
241360,994.034313627639
241361,2155.572788179831
241362,1942.3591156074524
241363,1479.778508985349
241364,1574.931031629847
241365,-169.44523121721306
241366,992.093243334979
241367,778.8795707626002
241368,316.2989641404969
241369,411.45148678499504
241370,277.97550747785357
241371,1439.5139820300456
241372,1226.300309457667
241373,763.7197028355636
241374,858.8722254800617
241375,433.55667531603945
241376,1595.0951498682316
241377,1381.8814772958526
241378,919.3008706737494
241379,1014.4533933182475
241380,-203.50942664005777
241381,958.0290479121344
241382,744.8153753397556
241383,282.2347687176523
241384,377.38729136215045
241385,243.91131205500898
241386,1405.449786607201
241387,1192.236114034822
241388,729.6555074127189
241389,824.8080300572171
241390,399.4924798931947
241391,1561.0309544453867
241392,1347.8172818730081
241393,885.2366752509047
241394,980.389197895403
241395,-195.4360886987813
241396,966.1023858534107
241397,752.8887132810319
241398,290.3081066589286
241399,385.4606293034268
241400,251.98464999628533
241401,1413.5231245484774
241402,1200.3094519760984
241403,737.7288453539952
241404,832.8813679984934
241405,407.56581783447115
241406,1569.104292386663
241407,1355.8906198142845
241408,893.310013192181
241409,988.4625358366792
241410,-401.3677770203856
241411,760.1706975318064
241412,546.9570249594276
241413,84.37641833732437
241414,179.52894098182253
241415,46.05296167468077
241416,1207.591436226873
241417,994.3777636544942
241418,531.7971570323909
241419,626.949679676889
241420,201.6341295128666
241421,1363.1726040650587
241422,1149.95893149268
241423,687.3783248705766
241424,782.5308475150748
241425,-1026.2601219211695
241426,135.2783526310227
241427,-77.93531994135606
241428,-540.5159265634595
241429,-445.36340391896124
241430,-578.8393832261029
241431,582.6990913260893
241432,369.4854187537106
241433,-93.09518786839271
241434,2.0573347761054492
241435,-423.25821538791683
241436,738.2802591642751
241437,525.0665865918963
241438,62.48597996979311
241439,157.63850261429127
241440,479.90376056638934
241441,1641.4422351185815
241442,1428.2285625462027
241443,965.6479559240994
241444,1060.8004785685976
241445,927.3244992614559
241446,2088.862973813648
241447,1875.6493012412693
241448,1413.0686946191659
241449,1508.2212172636641
241450,1082.9056670996417
241451,2244.444141651834
241452,2031.2304690794551
241453,1568.649862457352
241454,1663.80238510185
241455,-80.57387774521021
241456,1080.964596806982
241457,867.7509242346031
241458,405.1703176124998
241459,500.32284025699795
241460,366.8468609498565
241461,1528.3853355020485
241462,1315.1716629296698
241463,852.5910563075664
241464,947.7435789520646
241465,522.4280287880422
241466,1683.9665033402343
241467,1470.7528307678558
241468,1008.1722241457522
241469,1103.3247467902504
241470,-191.17017816678185
241471,970.3682963854102
241472,757.1546238130314
241473,294.57401719092815
241474,389.7265398354263
241475,256.25056052828484
241476,1417.7890350804769
241477,1204.5753625080981
241478,741.9947558859948
241479,837.1472785304929
241480,411.8317283664706
241481,1573.3702029186627
241482,1360.156530346284
241483,897.5759237241806
241484,992.7284463686788
241485,-183.0968402255055
241486,978.4416343266864
241487,765.2279617543077
241488,302.64735513220444
241489,397.7998777767026
241490,264.3238984695611
241491,1425.8623730217532
241492,1212.6487004493742
241493,750.068093827271
241494,845.2206164717692
241495,419.90506630774695
241496,1581.4435408599388
241497,1368.2298682875603
241498,905.6492616654568
241499,1000.8017843099551
241500,-389.0285285471098
241501,772.5099460050822
241502,559.2962734327034
241503,96.71566681060006
241504,191.86818945509822
241505,58.39221014795669
241506,1219.9306847001487
241507,1006.71701212777
241508,544.1364055056667
241509,639.2889281501648
241510,213.9733779861425
241511,1375.5118525383346
241512,1162.2981799659558
241513,699.7175733438525
241514,794.8700959883506
241515,-1013.9208734478934
241516,147.6176011042985
241517,-65.59607146808025
241518,-528.1766780901835
241519,-433.0241554456852
241520,-566.5001347528271
241521,595.0383397993651
241522,381.82466722698643
241523,-80.75593939511691
241524,14.396583249381138
241525,-410.91896691464103
241526,750.6195076375509
241527,537.4058350651721
241528,74.8252284430688
241529,169.97775108756696
241530,492.24300903966525
241531,1653.7814835918573
241532,1440.5678110194785
241533,977.9872043973752
241534,1073.1397270418734
241535,939.6637477347318
241536,2101.2022222869236
241537,1887.9885497145451
241538,1425.4079430924417
241539,1520.56046573694
241540,1095.2449155729178
241541,2256.7833901251097
241542,2043.569717552731
241543,1580.9891109306277
241544,1676.1416335751258
241545,-68.23462927193441
241546,1093.3038452802575
241547,880.0901727078789
241548,417.5095660857756
241549,512.6620887302738
241550,379.1861094231322
241551,1540.7245839753243
241552,1327.5109114029456
241553,864.9303047808422
241554,960.0828274253404
241555,534.767277261318
241556,1696.3057518135101
241557,1483.0920792411314
241558,1020.511472619028
241559,1115.6639952635262
241560,-341.7293095697453
241561,819.8091649824466
241562,606.595492410068
241563,144.01488578796466
241564,239.16740843246282
241565,105.69142912532129
241566,1267.2299036775134
241567,1054.0162311051347
241568,591.4356244830312
241569,686.5881471275294
241570,261.2725969635071
241571,1422.8110715156993
241572,1209.5973989433205
241573,747.0167923212172
241574,842.1693149657153
241575,-333.65597162846893
241576,827.882502923723
241577,614.6688303513442
241578,152.0882237292409
241579,247.24074637373906
241580,113.76476706659764
241581,1275.3032416187898
241582,1062.0895690464108
241583,599.5089624243076
241584,694.6614850688057
241585,269.34593490478346
241586,1430.8844094569754
241587,1217.6707368845969
241588,755.0901302624934
241589,850.2426529069916
241590,-539.5876599500732
241591,621.9508146021187
241592,408.73714202973997
241593,-53.843464592363375
241594,41.30905805213479
241595,-92.16692125500686
241596,1069.3715532971853
241597,856.1578807248065
241598,393.5772741027032
241599,488.72979674720136
241600,63.41424658317908
241601,1224.9527211353711
241602,1011.7390485629924
241603,549.158441940889
241604,644.3109645853872
241605,-1164.480004850857
241606,-2.941530298665043
241607,-216.1552028710438
241608,-678.7358094931471
241609,-583.5832868486489
241610,-717.0592661557905
241611,444.4792083964017
241612,231.265535824023
241613,-231.31507079808034
241614,-136.16254815358218
241615,-561.4780983176045
241616,600.0603762345875
241617,386.84670366220877
241618,-75.73390295989464
241619,19.418619684603527
241620,341.6838776367017
241621,1503.2223521888936
241622,1290.008679616515
241623,827.4280729944117
241624,922.5805956389098
241625,789.1046163317683
241626,1950.6430908839604
241627,1737.4294183115817
241628,1274.8488116894782
241629,1370.0013343339765
241630,944.6857841699542
241631,2106.2242587221463
241632,1893.0105861497675
241633,1430.4299795276643
241634,1525.5825021721623
241635,-218.79376067489784
241636,942.7447138772942
241637,729.5310413049154
241638,266.9504346828121
241639,362.10295732731026
241640,228.62697802016874
241641,1390.165452572361
241642,1176.9517799999821
241643,714.3711733778788
241644,809.523696022377
241645,384.20814585835467
241646,1545.7466204105467
241647,1332.532947838168
241648,869.9523412160646
241649,965.1048638605628
241650,-329.3900610964695
241651,832.1484134557226
241652,618.9347408833438
241653,156.35413426124046
241654,251.50665690573862
241655,118.0306775985971
241656,1279.5691521507893
241657,1066.3554795784105
241658,603.774872956307
241659,698.9273956008052
241660,273.611845436783
241661,1435.1503199889748
241662,1221.9366474165963
241663,759.356040794493
241664,854.5085634389911
241665,-321.31672315519313
241666,840.2217513969988
241667,627.0080788246202
241668,164.4274722025168
241669,259.5799948470149
241670,126.10401553987333
241671,1287.6424900920654
241672,1074.4288175196866
241673,611.8482108975834
241674,707.0007335420815
241675,281.68518337805926
241676,1443.2236579302512
241677,1230.0099853578727
241678,767.4293787357692
241679,862.5819013802674
241680,-527.2484114767974
241681,634.2900630753945
241682,421.0763905030158
241683,-41.50421611908746
241684,53.6483065254107
241685,-79.82767278173105
241686,1081.710801770461
241687,868.4971291980823
241688,405.916522575979
241689,501.06904522047716
241690,75.75349505645488
241691,1237.291969608647
241692,1024.0782970362684
241693,561.4976904141648
241694,656.650213058663
241695,-1152.1407563775813
241696,9.397718174610873
241697,-203.81595439776777
241698,-666.3965610198711
241699,-571.2440383753731
241700,-704.7200176825147
241701,456.81845686967745
241702,243.6047842972988
241703,-218.97582232480454
241704,-123.82329968030638
241705,-549.1388498443287
241706,612.3996247078633
241707,399.1859521354845
241708,-63.39465448661872
241709,31.757868157879443
241710,354.0231261099775
241711,1515.5616006621697
241712,1302.347928089791
241713,839.7673214676875
241714,934.9198441121857
241715,801.4438648050441
241716,1962.982339357236
241717,1749.7686667848575
241718,1287.188060162754
241719,1382.3405828072523
241720,957.02503264323
241721,2118.563507195422
241722,1905.3498346230433
241723,1442.76922800094
241724,1537.9217506454384
241725,-206.45451220162204
241726,955.08396235057
241727,741.8702897781912
241728,279.2896831560879
241729,374.44220580058607
241730,240.96622649344454
241731,1402.5047010456365
241732,1189.291028473258
241733,726.7104218511546
241734,821.8629444956528
241735,396.54739433163047
241736,1558.0858688838225
241737,1344.8721963114438
241738,882.2915896893404
241739,977.4441123338386
241740,-317.0508126231939
241741,844.4876619289983
241742,631.2739893566196
241743,168.69338273451626
241744,263.8459053790144
241745,130.3699260718729
241746,1291.908400624065
241747,1078.694728051686
241748,616.1141214295828
241749,711.266644074081
241750,285.9510939100586
241751,1447.4895684622506
241752,1234.2758958898721
241753,771.6952892677687
241754,866.8478119122669
241755,-308.97747468191756
241756,852.5609998702746
241757,639.3473272978958
241758,176.7667206757925
241759,271.9192433202907
241760,138.44326401314913
241761,1299.9817385653412
241762,1086.7680659929624
241763,624.1874593708592
241764,719.3399820153574
241765,294.02443185133495
241766,1455.562906403527
241767,1242.3492338311485
241768,779.768627209045
241769,874.9211498535432
241770,-514.9091630035218
241771,646.6293115486703
241772,433.4156389762915
241773,-29.16496764581177
241774,65.98755499868639
241775,-67.48842430845525
241776,1094.050050243737
241777,880.8363776713582
241778,418.2557710492548
241779,513.408293693753
241780,88.09274352973057
241781,1249.6312180819227
241782,1036.417545509544
241783,573.8369388874406
241784,668.9894615319388
241785,-1139.8015079043055
241786,21.736966647886675
241787,-191.47670592449208
241788,-654.0573125465955
241789,-558.9047899020973
241790,-692.3807692092389
241791,469.15770534295325
241792,255.9440327705745
241793,-206.63657385152885
241794,-111.48405120703069
241795,-536.7996013710531
241796,624.7388731811391
241797,411.5252006087604
241798,-51.05540601334303
241799,44.09711663115513
241800,366.36237458325326
241801,1527.9008491354452
241802,1314.6871765630667
241803,852.1065699409633
241804,947.2590925854615
241805,813.7831132783199
241806,1975.321587830512
241807,1762.1079152581333
241808,1299.5273086360298
241809,1394.679831280528
241810,969.3642811165057
241811,2130.902755668698
241812,1917.689083096319
241813,1455.1084764742159
241814,1550.260999118714
241815,-194.11526372834624
241816,967.4232108238458
241817,754.209538251467
241818,291.6289316293637
241819,386.78145427386187
241820,253.3054749667204
241821,1414.8439495189125
241822,1201.6302769465337
241823,739.0496703244304
241824,834.2021929689286
241825,408.88664280490616
241826,1570.4251173570983
241827,1357.2114447847196
241828,894.6308381626162
241829,989.7833608071144
241830,-304.7115641499179
241831,856.826910402274
241832,643.6132378298954
241833,181.03263120779206
241834,276.1851538522902
241835,142.7091745451488
241836,1304.2476490973409
241837,1091.0339765249619
241838,628.4533699028586
241839,723.6058925473568
241840,298.2903423833345
241841,1459.8288169355267
241842,1246.615144363148
241843,784.0345377410445
241844,879.1870603855427
241845,-296.6382262086415
241846,864.9002483435504
241847,651.6865757711718
241848,189.10596914906841
241849,284.2584917935666
241850,150.78251248642505
241851,1312.3209870386172
241852,1099.1073144662382
241853,636.526707844135
241854,731.6792304886332
241855,306.36368032461087
241856,1467.9021548768028
241857,1254.6884823044243
241858,792.1078756823208
241859,887.260398326819
241860,-502.5699145302458
241861,658.9685600219461
241862,445.7548874495674
241863,-16.82571917253597
241864,78.3268034719622
241865,-55.14917583517945
241866,1106.3892987170127
241867,893.175626144634
241868,430.5950195225306
241869,525.7475421670288
241870,100.43199200300648
241871,1261.9704665551985
241872,1048.7567939828198
241873,586.1761873607164
241874,681.3287100052146
241875,-1127.4622594310297
241876,34.07621512116236
241877,-179.13745745121628
241878,-641.7180640733197
241879,-546.5655414288215
241880,-680.0415207359631
241881,481.4969538162291
241882,268.28328124385035
241883,-194.29732537825294
241884,-99.14480273375489
241885,-524.460352897777
241886,637.0781216544149
241887,423.8644490820362
241888,-38.71615754006723
241889,56.436365104430934
241890,378.7016230565292
241891,1540.240097608721
241892,1327.0264250363425
241893,864.445818414239
241894,959.5983410587373
241895,826.1223617515958
241896,1987.6608363037878
241897,1774.447163731409
241898,1311.8665571093056
241899,1407.019079753804
241900,981.7035295897816
241901,2143.2420041419737
241902,1930.028331569595
241903,1467.4477249474917
241904,1562.6002475919897
241905,-181.77601525507043
241906,979.7624592971216
241907,766.548786724743
241908,303.9681801026395
241909,399.1207027471377
241910,265.64472343999614
241911,1427.1831979921883
241912,1213.9695254198095
241913,751.3889187977062
241914,846.5414414422044
241915,421.22589127818196
241916,1582.7643658303741
241917,1369.5506932579954
241918,906.970086635892
241919,1002.1226092803902
241920,-292.3723156766421
241921,869.16615887555
241922,655.9524863031712
241923,193.37187968106787
241924,288.52440232556603
241925,155.0484230184245
241926,1316.5868975706164
241927,1103.3732249982377
241928,640.7926183761344
241929,735.9451410206326
241930,310.62959085661043
241931,1472.1680654088022
241932,1258.9543928364237
241933,796.3737862143204
241934,891.5263088588185
241935,-284.2989777353657
241936,877.2394968168262
241937,664.0258242444474
241938,201.4452176223441
241939,296.5977402668423
241940,163.12176095970074
241941,1324.6602355118928
241942,1111.446562939514
241943,648.8659563174108
241944,744.018478961909
241945,318.70292879788667
241946,1480.2414033500786
241947,1267.0277307777
241948,804.4471241555966
241949,899.5996468000948
241950,-490.23066605697
241951,671.3078084952219
241952,458.0941359228432
241953,-4.486470699260053
241954,90.66605194523811
241955,-42.80992736190365
241956,1118.7285471902885
241957,905.5148746179098
241958,442.9342679958064
241959,538.0867906403046
241960,112.77124047628229
241961,1274.3097150284743
241962,1061.0960424560956
241963,598.5154358339922
241964,693.6679584784904
241965,-1115.1230109577539
241966,46.41546359443828
241967,-166.79820897794036
241968,-629.3788156000437
241969,-534.2262929555457
241970,-667.7022722626873
241971,493.83620228950485
241972,280.6225297171262
241973,-181.95807690497713
241974,-86.80555426047897
241975,-512.1211044245013
241976,649.4173701276907
241977,436.2036975553119
241978,-26.376909066791313
241979,68.77561357770685
241980,391.0408715298049
241981,1552.5793460819968
241982,1339.3656735096183
241983,876.7850668875149
241984,971.937589532013
241985,838.4616102248715
241986,2000.0000847770634
241987,1786.786412204685
241988,1324.2058055825814
241989,1419.3583282270797
241990,994.0427780630574
241991,2155.5812526152495
241992,1942.3675800428707
241993,1479.7869734207675
241994,1574.9394960652655
241995,-169.43676678179463
241996,992.1017077703974
241997,778.8880351980187
241998,316.3074285759153
241999,411.4599512204135
242000,277.98397191327194
242001,1439.5224464654639
242002,1226.3087738930853
242003,763.728167270982
242004,858.8806899154802
242005,433.5651397514579
242006,1595.10361430365
242007,1381.8899417312712
242008,919.3093351091678
242009,1014.461857753666
242010,-203.50096220463934
242011,958.0375123475528
242012,744.8238397751741
242013,282.2432331530707
242014,377.3957557975689
242015,243.91977649042735
242016,1405.4582510426194
242017,1192.2445784702406
242018,729.6639718481373
242019,824.8164944926355
242020,399.5009443286131
242021,1561.0394188808052
242022,1347.8257463084265
242023,885.2451396863232
242024,980.3976623308214
242025,-195.42762426336287
242026,966.110850288829
242027,752.8971777164503
242028,290.316571094347
242029,385.46909373884523
242030,251.9931144317037
242031,1413.5315889838957
242032,1200.317916411517
242033,737.7373097894136
242034,832.8898324339118
242035,407.5742822698896
242036,1569.1127568220816
242037,1355.8990842497028
242038,893.3184776275995
242039,988.4710002720976
242040,-401.35931258496726
242041,760.1791619672248
242042,546.9654893948459
242043,84.38488277274269
242044,179.53740541724085
242045,46.061426110099205
242046,1207.5999006622915
242047,994.3862280899126
242048,531.8056214678093
242049,626.9581441123074
242050,201.64259394828503
242051,1363.181068500477
242052,1149.9673959280985
242053,687.3867893059951
242054,782.5393119504932
242055,-1026.251657485751
242056,135.28681706644113
242057,-77.92685550593762
242058,-540.507462128041
242059,-445.3549394835427
242060,-578.8309187906846
242061,582.7075557615077
242062,369.493883189129
242063,-93.0867234329744
242064,2.0657992115237676
242065,-423.2497509524985
242066,738.2887235996935
242067,525.0750510273148
242068,62.494444405211425
242069,157.6469670497096
242070,479.91222500180777
242071,1641.4506995539998
242072,1428.237026981621
242073,965.6564203595178
242074,1060.8089430040159
242075,927.3329636968743
242076,2088.871438249066
242077,1875.6577656766879
242078,1413.0771590545844
242079,1508.2296816990824
242080,1082.9141315350603
242081,2244.452606087252
242082,2031.2389335148735
242083,1568.6583268927702
242084,1663.8108495372685
242085,-80.56541330979178
242086,1080.9730612424003
242087,867.7593886700215
242088,405.1787820479182
242089,500.3313046924164
242090,366.85532538527485
242091,1528.393799937467
242092,1315.180127365088
242093,852.5995207429849
242094,947.752043387483
242095,522.4364932234607
242096,1683.9749677756527
242097,1470.7612952032741
242098,1008.1806885811707
242099,1103.333211225669
242100,-191.16171373136342
242101,970.3767608208286
242102,757.1630882484499
242103,294.5824816263466
242104,389.73500427084474
242105,256.25902496370327
242106,1417.7974995158952
242107,1204.5838269435164
242108,742.0032203214131
242109,837.1557429659113
242110,411.840192801889
242111,1573.378667354081
242112,1360.1649947817023
242113,897.584388159599
242114,992.7369108040971
242115,-183.08837579008707
242116,978.450098762105
242117,765.2364261897262
242118,302.65581956762287
242119,397.80834221212103
242120,264.3323629049795
242121,1425.8708374571715
242122,1212.6571648847928
242123,750.0765582626894
242124,845.2290809071876
242125,419.9135307431653
242126,1581.4520052953574
242127,1368.2383327229786
242128,905.6577261008753
242129,1000.8102487453734
242130,-389.02006411169145
242131,772.5184104405006
242132,559.3047378681218
242133,96.72413124601849
242134,191.87665389051665
242135,58.40067458337512
242136,1219.9391491355673
242137,1006.7254765631884
242138,544.1448699410851
242139,639.2973925855832
242140,213.98184242156094
242141,1375.5203169737529
242142,1162.3066444013743
242143,699.7260377792709
242144,794.878560423769
242145,-1013.9124090124751
242146,147.62606553971693
242147,-65.58760703266182
242148,-528.1682136547652
242149,-433.0156910102669
242150,-566.4916703174085
242151,595.0468042347836
242152,381.8331316624048
242153,-80.7474749596986
242154,14.40504768479957
242155,-410.9105024792227
242156,750.6279720729693
242157,537.4142995005906
242158,74.83369287848723
242159,169.9862155229854
242160,492.2514734750837
242161,1653.7899480272756
242162,1440.5762754548969
242163,977.9956688327936
242164,1073.1481914772917
242165,939.6722121701503
242166,2101.210686722342
242167,1887.9970141499634
242168,1425.4164075278602
242169,1520.5689301723583
242170,1095.253380008336
242171,2256.791854560528
242172,2043.5781819881493
242173,1580.997575366046
242174,1676.1500980105443
242175,-68.22616483651598
242176,1093.312309715676
242177,880.0986371432973
242178,417.518030521194
242179,512.6705531656922
242180,379.19457385855065
242181,1540.7330484107429
242182,1327.5193758383639
242183,864.9387692162607
242184,960.0912918607588
242185,534.7757416967364
242186,1696.3142162489285
242187,1483.10054367655
242188,1020.5199370544465
242189,1115.6724596989447
242190,-341.72084513432696
242191,819.8176294178652
242192,606.6039568454864
242193,144.0233502233831
242194,239.17587286788125
242195,105.69989356073972
242196,1267.2383681129318
242197,1054.024695540553
242198,591.4440889184497
242199,686.5966115629478
242200,261.28106139892554
242201,1422.8195359511176
242202,1209.6058633787388
242203,747.0252567566356
242204,842.1777794011336
242205,-333.6475071930506
242206,827.8909673591414
242207,614.6772947867628
242208,152.09668816465933
242209,247.2492108091575
242210,113.77323150201596
242211,1275.3117060542081
242212,1062.0980334818294
242213,599.517426859726
242214,694.6699495042242
242215,269.3543993402019
242216,1430.8928738923937
242217,1217.6792013200152
242218,755.0985946979118
242219,850.25111734241
242220,-539.5791955146549
242221,621.959279037537
242222,408.7456064651584
242223,-53.83500015694494
242224,41.31752248755333
242225,-92.15845681958842
242226,1069.3800177326036
242227,856.166345160225
242228,393.58573853812163
242229,488.7382611826198
242230,63.42271101859751
242231,1224.9611855707897
242232,1011.7475129984109
242233,549.1669063763075
242234,644.3194290208056
242235,-1164.4715404154385
242236,-2.933065863246611
242237,-216.14673843562525
242238,-678.7273450577286
242239,-583.5748224132303
242240,-717.050801720372
242241,444.48767283182
242242,231.27400025944144
242243,-231.3066063626619
242244,-136.15408371816375
242245,-561.4696338821861
242246,600.0688406700058
242247,386.85516809762714
242248,-75.7254385244762
242249,19.427084120022073
242250,341.69234207212014
242251,1503.2308166243122
242252,1290.0171440519334
242253,827.4365374298301
242254,922.5890600743282
242255,789.1130807671867
242256,1950.6515553193788
242257,1737.437882747
242258,1274.8572761248965
242259,1370.0097987693948
242260,944.6942486053726
242261,2106.2327231575646
242262,1893.0190505851858
242263,1430.4384439630826
242264,1525.5909666075809
242265,-218.7852962394794
242266,942.7531783127126
242267,729.5395057403339
242268,266.95889911823053
242269,362.1114217627287
242270,228.63544245558717
242271,1390.1739170077792
242272,1176.9602444354005
242273,714.3796378132972
242274,809.5321604577953
242275,384.2166102937731
242276,1545.755084845965
242277,1332.5414122735863
242278,869.960805651483
242279,965.1133282959812
242280,-329.38159666105116
242281,832.1568778911409
242282,618.9432053187622
242283,156.36259869665878
242284,251.515121341157
242285,118.03914203401553
242286,1279.5776165862076
242287,1066.3639440138288
242288,603.7833373917255
242289,698.9358600362236
242290,273.6203098722014
242291,1435.1587844243934
242292,1221.9451118520146
242293,759.3645052299114
242294,854.5170278744095
242295,-321.3082587197748
242296,840.2302158324172
242297,627.0165432600385
242298,164.43593663793513
242299,259.5884592824333
242300,126.11247997529176
242301,1287.650954527484
242302,1074.4372819551052
242303,611.8566753330018
242304,707.0091979775
242305,281.69364781347764
242306,1443.2321223656697
242307,1230.018449793291
242308,767.4378431711876
242309,862.5903658156858
242310,-527.2399470413791
242311,634.2985275108128
242312,421.0848549384342
242313,-41.49575168366914
242314,53.656770960829135
242315,-79.81920834631262
242316,1081.7192662058794
242317,868.5055936335008
242318,405.92498701139743
242319,501.0775096558956
242320,75.76195949187331
242321,1237.3004340440652
242322,1024.0867614716867
242323,561.5061548495833
242324,656.6586774940814
242325,-1152.132291942163
242326,9.406182610029305
242327,-203.80748996234945
242328,-666.3880965844528
242329,-571.2355739399547
242330,-704.7115532470964
242331,456.8269213050959
242332,243.61324873271712
242333,-218.96735788938622
242334,-123.81483524488806
242335,-549.1303854089103
242336,612.4080891432817
242337,399.19441657090294
242338,-63.3861900512004
242339,31.76633259329776
242340,354.0315905453959
242341,1515.570065097588
242342,1302.3563925252092
242343,839.7757859031059
242344,934.928308547604
242345,801.4523292404625
242346,1962.9908037926546
242347,1749.7771312202758
242348,1287.1965245981726
242349,1382.3490472426706
242350,957.0334970786485
242351,2118.5719716308404
242352,1905.3582990584619
242353,1442.7776924363584
242354,1537.9302150808567
242355,-206.44604776620372
242356,955.0924267859884
242357,741.8787542136097
242358,279.2981475915063
242359,374.4506702360045
242360,240.97469092886297
242361,1402.513165481055
242362,1189.2994929086763
242363,726.718886286573
242364,821.8714089310711
242365,396.55585876704885
242366,1558.0943333192408
242367,1344.8806607468623
242368,882.3000541247588
242369,977.452576769257
242370,-317.04234818777536
242371,844.4961263644168
242372,631.282453792038
242373,168.7018471699347
242374,263.85436981443286
242375,130.37839050729133
242376,1291.9168650594834
242377,1078.7031924871046
242378,616.1225858650013
242379,711.2751085094994
242380,285.95955834547703
242381,1447.4980328976692
242382,1234.2843603252904
242383,771.7037537031871
242384,866.8562763476853
242385,-308.969010246499
242386,852.569464305693
242387,639.3557917333143
242388,176.77518511121093
242389,271.92770775570915
242390,138.45172844856756
242391,1299.9902030007597
242392,1086.776530428381
242393,624.1959238062776
242394,719.3484464507758
242395,294.0328962867534
242396,1455.5713708389455
242397,1242.3576982665668
242398,779.7770916444633
242399,874.9296142889616
242400,-514.9006985681033
242401,646.6377759840888
242402,433.42410341170995
242403,-29.15650321039334
242404,65.99601943410482
242405,-67.47995987303693
242406,1094.0585146791552
242407,880.8448421067765
242408,418.26423548467324
242409,513.4167581291714
242410,88.101207965149
242411,1249.639682517341
242412,1036.4260099449625
242413,573.845403322859
242414,668.9979259673572
242415,-1139.7930434688872
242416,21.745431083305107
242417,-191.46824148907365
242418,-654.0488481111772
242419,-558.896325466679
242420,-692.3723047738206
242421,469.1661697783717
242422,255.95249720599293
242423,-206.62810941611042
242424,-111.47558677161226
242425,-536.7911369356345
242426,624.7473376165575
242427,411.53366504417875
242428,-51.0469415779246
242429,44.10558106657356
242430,366.3708390186717
242431,1527.9093135708638
242432,1314.695640998485
242433,852.1150343763818
242434,947.2675570208798
242435,813.7915777137383
242436,1975.3300522659304
242437,1762.1163796935516
242438,1299.5357730714484
242439,1394.6882957159464
242440,969.3727455519241
242441,2130.911220104116
242442,1917.6975475317374
242443,1455.1169409096342
242444,1550.2694635541325
242445,-194.10679929292792
242446,967.4316752592642
242447,754.2180026868855
242448,291.63739606478214
242449,386.7899187092803
242450,253.31393940213877
242451,1414.8524139543308
242452,1201.638741381952
242453,739.0581347598488
242454,834.2106574043469
242455,408.8951072403246
242456,1570.4335817925166
242457,1357.219909220138
242458,894.6393025980346
242459,989.7918252425328
242460,-304.70309971449956
242461,856.8353748376925
242462,643.6217022653138
242463,181.04109564321038
242464,276.1936182877086
242465,142.71763898056713
242466,1304.2561135327592
242467,1091.0424409603804
242468,628.4618343382771
242469,723.6143569827752
242470,298.29880681875295
242471,1459.837281370945
242472,1246.6236087985662
242473,784.0430021764629
242474,879.195524820961
242475,-296.6297617732232
242476,864.9087127789688
242477,651.6950402065901
242478,189.11443358448673
242479,284.2669562289849
242480,150.79097692184337
242481,1312.3294514740355
242482,1099.1157789016568
242483,636.5351722795534
242484,731.6876949240516
242485,306.3721447600293
242486,1467.9106193122211
242487,1254.6969467398426
242488,792.1163401177392
242489,887.2688627622374
242490,-502.5614500948275
242491,658.9770244573645
242492,445.7633518849858
242493,-16.817254737117537
242494,78.33526790738063
242495,-55.14071139976102
242496,1106.397763152431
242497,893.1840905800524
242498,430.60348395794904
242499,525.7560066024472
242500,100.44045643842492
242501,1261.978930990617
242502,1048.7652584182383
242503,586.1846517961349
242504,681.337174440633
242505,-1127.4537949956111
242506,34.084679556580795
242507,-179.12899301579785
242508,-641.7095996379012
242509,-546.5570769934029
242510,-680.0330563005446
242511,481.5054182516474
242512,268.2917456792688
242513,-194.2888609428345
242514,-99.13633829833634
242515,-524.4518884623587
242516,637.0865860898332
242517,423.8729135174546
242518,-38.7076931046488
242519,56.444829539849366
242520,378.71008749194755
242521,1540.2485620441396
242522,1327.0348894717608
242523,864.4542828496575
242524,959.6068054941557
242525,826.1308261870141
242526,1987.6693007392062
242527,1774.4556281668274
242528,1311.875021544724
242529,1407.0275441892222
242530,981.7119940252
242531,2143.250468577392
242532,1930.0367960050132
242533,1467.45618938291
242534,1562.6087120274083
242535,-181.76755081965212
242536,979.77092373254
242537,766.5572511601613
242538,303.97664453805794
242539,399.1291671825561
242540,265.6531878754146
242541,1427.1916624276066
242542,1213.9779898552279
242543,751.3973832331246
242544,846.5499058776228
242545,421.2343557136004
242546,1582.7728302657924
242547,1369.559157693414
242548,906.9785510713104
242549,1002.1310737158086
242550,-292.36385124122376
242551,869.1746233109683
242552,655.9609507385895
242553,193.38034411648619
242554,288.5328667609844
242555,155.05688745384293
242556,1316.595362006035
242557,1103.3816894336562
242558,640.8010828115529
242559,735.953605456051
242560,310.6380552920288
242561,1472.1765298442208
242562,1258.962857271842
242563,796.3822506497388
242564,891.5347732942369
242565,-284.2905132999474
242566,877.2479612522446
242567,664.0342886798659
242568,201.45368205776253
242569,296.6062047022607
242570,163.13022539511917
242571,1324.6686999473113
242572,1111.4550273749326
242573,648.8744207528292
242574,744.0269433973274
242575,318.71139323330505
242576,1480.2498677854971
242577,1267.0361952131184
242578,804.455588591015
242579,899.6081112355132
242580,-490.2222016215517
242581,671.3162729306403
242582,458.1026003582616
242583,-4.478006263841735
242584,90.67451638065654
242585,-42.801462926485215
242586,1118.7370116257068
242587,905.5233390533282
242588,442.94273243122484
242589,538.095255075723
242590,112.77970491170072
242591,1274.3181794638926
242592,1061.1045068915141
242593,598.5239002694107
242594,693.6764229139088
242595,-1115.1145465223356
242596,46.42392802985671
242597,-166.78974454252204
242598,-629.3703511646254
242599,-534.2178285201273
242600,-667.693807827269
242601,493.8446667249233
242602,280.63099415254453
242603,-181.94961246955882
242604,-86.79708982506065
242605,-512.1126399890829
242606,649.4258345631091
242607,436.21216199073035
242608,-26.368444631372995
242609,68.78407801312517
242610,391.0493359652233
242611,1552.5878105174152
242612,1339.3741379450366
242613,876.7935313229332
242614,971.9460539674315
242615,838.4700746602899
242616,2000.008549212482
242617,1786.7948766401032
242618,1324.2142700179998
242619,1419.366792662498
242620,994.0512424984759
242621,2155.589717050668
242622,1942.376044478289
242623,1479.7954378561858
242624,1574.9479605006838
242625,-169.4283023463763
242626,992.1101722058158
242627,778.8964996334371
242628,316.3158930113337
242629,411.4684156558319
242630,277.9924363486904
242631,1439.5309109008824
242632,1226.3172383285037
242633,763.7366317064004
242634,858.8891543508985
242635,433.57360418687625
242636,1595.1120787390682
242637,1381.8984061666897
242638,919.3177995445863
242639,1014.4703221890844
242640,-203.4924977692209
242641,958.0459767829711
242642,744.8323042105925
242643,282.25169758848915
242644,377.4042202329873
242645,243.92824092584578
242646,1405.4667154780377
242647,1192.2530429056592
242648,729.6724362835557
242649,824.8249589280539
242650,399.5094087640315
242651,1561.0478833162238
242652,1347.8342107438448
242653,885.2536041217415
242654,980.4061267662397
242655,-195.41915982794444
242656,966.1193147242475
242657,752.9056421518687
242658,290.32503552976544
242659,385.47755817426366
242660,252.00157886712213
242661,1413.540053419314
242662,1200.3263808469353
242663,737.7457742248321
242664,832.8982968693302
242665,407.58274670530795
242666,1569.1212212575
242667,1355.9075486851211
242668,893.3269420630179
242669,988.4794647075161
242670,-401.35084814954894
242671,760.1876264026432
242672,546.9739538302645
242673,84.393347208161
242674,179.54586985265928
242675,46.06989054551764
242676,1207.6083650977098
242677,994.394692525331
242678,531.8140859032277
242679,626.9666085477259
242680,201.65105838370346
242681,1363.1895329358956
242682,1149.9758603635169
242683,687.3952537414134
242684,782.5477763859117
242685,-1026.2431930503326
242686,135.29528150185956
242687,-77.91839107051919
242688,-540.4989976926227
242689,-445.3464750481244
242690,-578.822454355266
242691,582.7160201969261
242692,369.5023476245474
242693,-93.07825899755596
242694,2.0742636469421996
242695,-423.2412865170802
242696,738.297188035112
242697,525.0835154627332
242698,62.50290884062974
242699,157.65543148512802
242700,479.9206894372262
242701,1641.4591639894184
242702,1428.2454914170396
242703,965.6648847949363
242704,1060.8174074394344
242705,927.3414281322928
242706,2088.879902684485
242707,1875.6662301121062
242708,1413.085623490003
242709,1508.238146134501
242710,1082.9225959704786
242711,2244.4610705226705
242712,2031.247397950292
242713,1568.6667913281885
242714,1663.8193139726868
242715,-80.55694887437335
242716,1080.9815256778188
242717,867.7678531054399
242718,405.18724648333665
242719,500.3397691278348
242720,366.8637898206933
242721,1528.4022643728854
242722,1315.1885918005066
242723,852.6079851784033
242724,947.7605078229014
242725,522.444957658879
242726,1683.9834322110712
242727,1470.7697596386924
242728,1008.189153016589
242729,1103.3416756610873
242730,-191.153249295945
242731,970.3852252562469
242732,757.1715526838682
242733,294.59094606176495
242734,389.7434687062631
242735,256.26748939912164
242736,1417.8059639513135
242737,1204.592291378935
242738,742.0116847568315
242739,837.1642074013297
242740,411.8486572373074
242741,1573.3871317894993
242742,1360.1734592171208
242743,897.5928525950173
242744,992.7453752395156
242745,-183.07991135466864
242746,978.4585631975233
242747,765.2448906251445
242748,302.6642840030412
242749,397.8168066475394
242750,264.3408273403979
242751,1425.8793018925899
242752,1212.6656293202113
242753,750.0850226981079
242754,845.237545342606
242755,419.92199517858376
242756,1581.4604697307757
242757,1368.246797158397
242758,905.6661905362937
242759,1000.8187131807919
242760,-389.01159967627314
242761,772.526874875919
242762,559.3132023035403
242763,96.73259568143692
242764,191.88511832593508
242765,58.40913901879344
242766,1219.9476135709856
242767,1006.7339409986068
242768,544.1533343765035
242769,639.3058570210017
242770,213.99030685697937
242771,1375.5287814091712
242772,1162.3151088367927
242773,699.7345022146893
242774,794.8870248591875
242775,-1013.9039445770568
242776,147.63452997513525
242777,-65.5791425972435
242778,-528.1597492193468
242779,-433.0072265748486
242780,-566.48320588199
242781,595.0552686702019
242782,381.84159609782324
242783,-80.73901052428005
242784,14.413512120218002
242785,-410.9020380438044
242786,750.6364365083876
242787,537.422763936009
242788,74.84215731390566
242789,169.99467995840382
242790,492.25993791050206
242791,1653.7984124626942
242792,1440.5847398903152
242793,978.004133268212
242794,1073.1566559127102
242795,939.6806766055686
242796,2101.2191511577603
242797,1888.005478585382
242798,1425.4248719632787
242799,1520.5773946077768
242800,1095.2618444437544
242801,2256.8003189959463
242802,2043.5866464235678
242803,1581.0060398014643
242804,1676.1585624459626
242805,-68.21770040109755
242806,1093.3207741510946
242807,880.1071015787157
242808,417.5264949566124
242809,512.6790176011106
242810,379.20303829396903
242811,1540.7415128461612
242812,1327.5278402737824
242813,864.9472336516791
242814,960.0997562961772
242815,534.7842061321548
242816,1696.3226806843468
242817,1483.1090081119683
242818,1020.5284014898648
242819,1115.680924134363
242820,-341.71238069890865
242821,819.8260938532835
242822,606.6124212809048
242823,144.0318146588014
242824,239.18433730329957
242825,105.70835799615816
242826,1267.24683254835
242827,1054.0331599759716
242828,591.4525533538681
242829,686.6050759983663
242830,261.2895258343439
242831,1422.8280003865361
242832,1209.6143278141571
242833,747.0337211920539
242834,842.1862438365521
242835,-333.6390427576323
242836,827.8994317945599
242837,614.6857592221811
242838,152.10515260007764
242839,247.25767524457592
242840,113.78169593743439
242841,1275.3201704896264
242842,1062.1064979172477
242843,599.5258912951444
242844,694.6784139396425
242845,269.36286377562027
242846,1430.9013383278123
242847,1217.6876657554335
242848,755.1070591333303
242849,850.2595817778284
242850,-539.5707310792366
242851,621.9677434729555
242852,408.75407090057683
242853,-53.82653572152651
242854,41.32598692297165
242855,-92.14999238416999
242856,1069.3884821680222
242857,856.1748095956434
242858,393.59420297354006
242859,488.74672561803817
242860,63.43117545401583
242861,1224.969650006208
242862,1011.7559774338292
242863,549.1753708117259
242864,644.327893456224
242865,-1164.4630759800202
242866,-2.924601427828179
242867,-216.13827400020693
242868,-678.7188806223103
242869,-583.566357977812
242870,-717.0423372849536
242871,444.49613726723845
242872,231.28246469485975
242873,-231.2981419272436
242874,-136.14561928274543
242875,-561.4611694467678
242876,600.0773051054243
242877,386.8636325330456
242878,-75.71697408905789
242879,19.43554855544039
242880,341.7008065075385
242881,1503.2392810597305
242882,1290.0256084873517
242883,827.4450018652485
242884,922.5975245097466
242885,789.1215452026051
242886,1950.660019754797
242887,1737.4463471824183
242888,1274.865740560315
242889,1370.0182632048131
242890,944.702713040791
242891,2106.241187592983
242892,1893.0275150206044
242893,1430.446908398501
242894,1525.5994310429992
242895,-218.77683180406098
242896,942.761642748131
242897,729.5479701757522
242898,266.96736355364885
242899,362.11988619814707
242900,228.6439068910056
242901,1390.1823814431978
242902,1176.9687088708188
242903,714.3881022487155
242904,809.5406248932137
242905,384.2250747291915
242906,1545.7635492813833
242907,1332.5498767090048
242908,869.9692700869014
242909,965.1217927313996
242910,-329.3731322256326
242911,832.1653423265593
242912,618.9516697541806
242913,156.37106313207732
242914,251.52358577657543
242915,118.04760646943396
242916,1279.586081021626
242917,1066.3724084492474
242918,603.7918018271439
242919,698.9443244716421
242920,273.6287743076198
242921,1435.167248859812
242922,1221.953576287433
242923,759.3729696653297
242924,854.5254923098279
242925,-321.2997942843565
242926,840.2386802678357
242927,627.0250076954569
242928,164.44440107335356
242929,259.5969237178517
242930,126.1209444107102
242931,1287.6594189629022
242932,1074.4457463905235
242933,611.8651397684202
242934,707.0176624129183
242935,281.702112248896
242936,1443.2405868010883
242937,1230.0269142287093
242938,767.4463076066061
242939,862.5988302511042
242940,-527.2314826059608
242941,634.3069919462313
242942,421.0933193738525
242943,-41.48728724825082
242944,53.66523539624745
242945,-79.81074391089419
242946,1081.727730641298
242947,868.5140580689192
242948,405.93345144681587
242949,501.08597409131403
242950,75.77042392729163
242951,1237.3088984794838
242952,1024.095225907105
242953,561.5146192850017
242954,656.6671419294998
242955,-1152.1238275067446
242956,9.414647045447737
242957,-203.79902552693102
242958,-666.3796321490345
242959,-571.2271095045364
242960,-704.7030888116778
242961,456.8353857405143
242962,243.62171316813556
242963,-218.9588934539678
242964,-123.80637080946963
242965,-549.121920973492
242966,612.4165535787001
242967,399.2028810063214
242968,-63.37772561578208
242969,31.774797028716193
242970,354.0400549808143
242971,1515.5785295330065
242972,1302.3648569606278
242973,839.7842503385243
242974,934.9367729830226
242975,801.460793675881
242976,1962.9992682280729
242977,1749.7855956556941
242978,1287.2049890335911
242979,1382.3575116780892
242980,957.0419615140668
242981,2118.5804360662587
242982,1905.3667634938802
242983,1442.7861568717767
242984,1537.938679516275
242985,-206.43758333078517
242986,955.1008912214068
242987,741.8872186490281
242988,279.3066120269247
242989,374.45913467142293
242990,240.9831553642814
242991,1402.5216299164736
242992,1189.3079573440946
242993,726.7273507219913
242994,821.8798733664895
242995,396.5643232024672
242996,1558.1027977546592
242997,1344.8891251822806
242998,882.3085185601772
242999,977.4610412046754
243000,-317.03388375235704
243001,844.5045907998351
243002,631.2909182274564
243003,168.710311605353
243004,263.8628342498512
243005,130.38685494270965
243006,1291.9253294949017
243007,1078.711656922523
243008,616.1310503004197
243009,711.2835729449179
243010,285.96802278089547
243011,1447.5064973330875
243012,1234.2928247607088
243013,771.7122181386055
243014,866.8647407831037
243015,-308.9605458110807
243016,852.5779287411115
243017,639.3642561687327
243018,176.78364954662925
243019,271.9361721911275
243020,138.46019288398588
243021,1299.998667436178
243022,1086.7849948637993
243023,624.204388241696
243024,719.3569108861941
243025,294.0413607221718
243026,1455.5798352743639
243027,1242.366162701985
243028,779.7855560798818
243029,874.93807872438
243030,-514.892234132685
243031,646.6462404195071
243032,433.4325678471284
243033,-29.148038774974907
243034,66.00448386952326
243035,-67.4714954376185
243036,1094.0669791145738
243037,880.853306542195
243038,418.2726999200916
243039,513.4252225645898
243040,88.10967240056743
243041,1249.6481469527596
243042,1036.4344743803808
243043,573.8538677582774
243044,669.0063904027757
243045,-1139.7845790334686
243046,21.753895518723425
243047,-191.45977705365522
243048,-654.0403836757587
243049,-558.8878610312604
243050,-692.363840338402
243051,469.17463421379
243052,255.96096164141136
243053,-206.619644980692
243054,-111.46712233619382
243055,-536.7826725002162
243056,624.7558020519758
243057,411.5421294795972
243058,-51.03847714250617
243059,44.114045501991995
243060,366.37930345409006
243061,1527.9177780062823
243062,1314.7041054339034
243063,852.1234988118001
243064,947.2760214562983
243065,813.8000421491566
243066,1975.3385167013487
243067,1762.12484412897
243068,1299.5442375068667
243069,1394.6967601513647
243070,969.3812099873426
243071,2130.9196845395345
243072,1917.706011967156
243073,1455.1254053450525
243074,1550.2779279895508
243075,-194.09833485750949
243076,967.4401396946826
243077,754.2264671223039
243078,291.6458605002005
243079,386.79838314469873
243080,253.3224038375572
243081,1414.8608783897491
243082,1201.6472058173704
243083,739.0665991952671
243084,834.2191218397653
243085,408.903571675743
243086,1570.442046227935
243087,1357.2283736555564
243088,894.647767033453
243089,989.8002896779512
243090,-304.69463527908124
243091,856.8438392731109
243092,643.6301667007322
243093,181.04956007862882
243094,276.202082723127
243095,142.72610341598556
243096,1304.2645779681775
243097,1091.050905395799
243098,628.4702987736955
243099,723.6228214181937
243100,298.3072712541713
243101,1459.8457458063635
243102,1246.6320732339846
243103,784.0514666118813
243104,879.2039892563795
243105,-296.6212973378049
243106,864.9171772143873
243107,651.7035046420085
243108,189.12289801990505
243109,284.2754206644033
243110,150.7994413572618
243111,1312.3379159094538
243112,1099.124243337075
243113,636.5436367149719
243114,731.6961593594699
243115,306.3806091954477
243116,1467.9190837476397
243117,1254.705411175261
243118,792.1248045531577
243119,887.2773271976558
243120,-502.55298565940916
243121,658.9854888927829
243122,445.77181632040424
243123,-16.808790301699105
243124,78.34373234279906
243125,-55.132246964342585
243126,1106.4062275878496
243127,893.1925550154708
243128,430.6119483933674
243129,525.7644710378656
243130,100.44892087384324
243131,1261.9873954260354
243132,1048.7737228536566
243133,586.1931162315532
243134,681.3456388760515
243135,-1127.4453305601928
243136,34.09314399199923
243137,-179.12052858037953
243138,-641.7011352024829
243139,-546.5486125579846
243140,-680.0245918651262
243141,481.51388268706586
243142,268.3002101146871
243143,-194.28039650741619
243144,-99.12787386291802
243145,-524.4434240269404
243146,637.0950505252516
243147,423.881377952873
243148,-38.69922866923048
243149,56.453293975267684
243150,378.7185519273659
243151,1540.257026479558
243152,1327.0433539071792
243153,864.4627472850759
243154,959.615269929574
243155,826.1392906224326
243156,1987.6777651746245
243157,1774.4640926022457
243158,1311.8834859801425
243159,1407.0360086246405
243160,981.7204584606184
243161,2143.2589330128103
243162,1930.0452604404318
243163,1467.4646538183283
243164,1562.6171764628266
243165,-181.7590863842338
243166,979.7793881679584
243167,766.5657155955796
243168,303.98510897347626
243169,399.1376316179745
243170,265.66165231083295
243171,1427.2001268630252
243172,1213.9864542906462
243173,751.405847668543
243174,846.5583703130411
243175,421.24282014901877
243176,1582.7812947012108
243177,1369.5676221288322
243178,906.9870155067288
243179,1002.139538151227
243180,-292.3553868058052
243181,869.1830877463867
243182,655.969415174008
243183,193.38880855190473
243184,288.54133119640284
243185,155.06535188926136
243186,1316.6038264414533
243187,1103.3901538690748
243188,640.8095472469713
243189,735.9620698914695
243190,310.6465197274472
243191,1472.1849942796393
243192,1258.9713217072604
243193,796.3907150851571
243194,891.5432377296553
243195,-284.2820488645291
243196,877.2564256876631
243197,664.0427531152843
243198,201.46214649318097
243199,296.61466913767913
243200,163.1386898305376
243201,1324.6771643827296
243202,1111.463491810351
243203,648.8828851882477
243204,744.0354078327457
243205,318.7198576687234
243206,1480.2583322209155
243207,1267.0446596485367
243208,804.4640530264335
243209,899.6165756709316
243210,-490.21373718613336
243211,671.3247373660587
243212,458.11106479367993
243213,-4.4695418284234165
243214,90.68298081607486
243215,-42.79299849106678
243216,1118.7454760611254
243217,905.5318034887466
243218,442.9511968666432
243219,538.1037195111414
243220,112.78816934711904
243221,1274.3266438993112
243222,1061.1129713269324
243223,598.5323647048291
243224,693.6848873493273
243225,-1115.1060820869168
243226,46.43239246527514
243227,-166.7812801071036
243228,-629.3618867292068
243229,-534.2093640847088
243230,-667.6853433918504
243231,493.8531311603417
243232,280.63945858796296
243233,-181.94114803414038
243234,-86.78862538964222
243235,-512.1041755536646
243236,649.4342989985275
243237,436.2206264261487
243238,-26.359980195954677
243239,68.7925424485436
243240,391.0578004006417
243241,1552.5962749528337
243242,1339.382602380455
243243,876.8019957583517
243244,971.9545184028498
243245,838.4785390957084
243246,2000.0170136479003
243247,1786.8033410755215
243248,1324.2227344534183
243249,1419.3752570979163
243250,994.0597069338942
243251,2155.598181486086
243252,1942.3845089137074
243253,1479.8039022916041
243254,1574.9564249361024
243255,-169.41983791095777
243256,992.1186366412342
243257,778.9049640688555
243258,316.3243574467521
243259,411.47688009125034
243260,278.0009007841088
243261,1439.539375336301
243262,1226.325702763922
243263,763.7450961418187
243264,858.8976187863169
243265,433.5820686222946
243266,1595.1205431744866
243267,1381.906870602108
243268,919.3262639800046
243269,1014.4787866245028
243270,-203.48403333380247
243271,958.0544412183896
243272,744.8407686460108
243273,282.2601620239075
243274,377.4126846684057
243275,243.93670536126416
243276,1405.475179913456
243277,1192.2615073410775
243278,729.6809007189742
243279,824.8334233634723
243280,399.5178731994499
243281,1561.056347751642
243282,1347.8426751792633
243283,885.26206855716
243284,980.4145912016581
243285,-195.41069539252612
243286,966.1277791596659
243287,752.9141065872872
243288,290.3334999651838
243289,385.486022609682
243290,252.0100433025405
243291,1413.5485178547324
243292,1200.3348452823539
243293,737.7542386602505
243294,832.9067613047487
243295,407.5912111407264
243296,1569.1296856929184
243297,1355.9160131205397
243298,893.3354064984362
243299,988.4879291429345
243300,-401.3423837141306
243301,760.1960908380615
243302,546.9824182656828
243303,84.40181164357955
243304,179.5543342880777
243305,46.078354980935956
243306,1207.616829533128
243307,994.4031569607494
243308,531.8225503386461
243309,626.9750729831443
243310,201.6595228191219
243311,1363.197997371314
243312,1149.9843247989352
243313,687.4037181768318
243314,782.5562408213301
243315,-1026.2347286149143
243316,135.30374593727788
243317,-77.90992663510087
243318,-540.4905332572043
243319,-445.33801061270606
243320,-578.8139899198475
243321,582.7244846323445
243322,369.5108120599658
243323,-93.06979456213753
243324,2.0827280823606316
243325,-423.2328220816619
243326,738.3056524705303
243327,525.0919798981515
243328,62.51137327604829
243329,157.66389592054645
243330,479.9291538726446
243331,1641.4676284248367
243332,1428.253955852458
243333,965.6733492303547
243334,1060.8258718748527
243335,927.3498925677111
243336,2088.8883671199033
243337,1875.6746945475245
243338,1413.0940879254213
243339,1508.2466105699195
243340,1082.931060405897
243341,2244.469534958089
243342,2031.2558623857105
243343,1568.675255763607
243344,1663.8277784081051
243345,-80.54848443895503
243346,1080.9899901132371
243347,867.7763175408584
243348,405.195710918755
243349,500.3482335632532
243350,366.87225425611166
243351,1528.4107288083037
243352,1315.197056235925
243353,852.6164496138217
243354,947.7689722583198
243355,522.4534220942975
243356,1683.9918966464895
243357,1470.7782240741108
243358,1008.1976174520075
243359,1103.3501400965056
243360,-191.14478486052667
243361,970.3936896916654
243362,757.1800171192866
243363,294.5994104971833
243364,389.7519331416815
243365,256.2759538345401
243366,1417.814428386732
243367,1204.6007558143533
243368,742.02014919225
243369,837.1726718367481
243370,411.8571216727258
243371,1573.3955962249179
243372,1360.1819236525391
243373,897.6013170304358
243374,992.7538396749339
243375,-183.07144691925032
243376,978.4670276329416
243377,765.2533550605629
243378,302.6727484384596
243379,397.8252710829578
243380,264.3492917758163
243381,1425.8877663280082
243382,1212.6740937556297
243383,750.0934871335263
243384,845.2460097780245
243385,419.93045961400213
243386,1581.4689341661942
243387,1368.2552615938155
243388,905.674654971712
243389,1000.8271776162103
243390,-389.0031352408546
243391,772.5353393113373
243392,559.3216667389587
243393,96.74106011685535
243394,191.8935827613535
243395,58.41760345421187
243396,1219.956078006404
243397,1006.7424054340252
243398,544.1617988119219
243399,639.3143214564201
243400,213.9987712923978
243401,1375.5372458445897
243402,1162.323573272211
243403,699.7429666501077
243404,794.8954892946059
243405,-1013.8954801416385
243406,147.64299441055368
243407,-65.57067816182507
243408,-528.1512847839285
243409,-432.99876213943026
243410,-566.4747414465717
243411,595.0637331056203
243412,381.8500605332416
243413,-80.73054608886173
243414,14.421976555636434
243415,-410.89357360838585
243416,750.6449009438061
243417,537.4312283714274
243418,74.85062174932409
243419,170.00314439382225
243420,492.26840234592044
243421,1653.8068768981125
243422,1440.5932043257337
243423,978.0125977036304
243424,1073.1651203481285
243425,939.689141040987
243426,2101.227615593179
243427,1888.0139430208003
243428,1425.433336398697
243429,1520.5858590431951
243430,1095.270308879173
243431,2256.8087834313646
243432,2043.5951108589863
243433,1581.0145042368829
243434,1676.167026881381
243435,-68.20923596567923
243436,1093.329238586513
243437,880.1155660141341
243438,417.53495939203077
243439,512.687482036529
243440,379.21150272938746
243441,1540.7499772815795
243442,1327.5363047092007
243443,864.9556980870974
243444,960.1082207315956
243445,534.7926705675732
243446,1696.3311451197653
243447,1483.1174725473866
243448,1020.5368659252832
243449,1115.6893885697814
243450,-341.7039162634901
243451,819.8345582887019
243452,606.6208857163232
243453,144.04027909421984
243454,239.192801738718
243455,105.71682243157659
243456,1267.2552969837684
243457,1054.0416244113899
243458,591.4610177892864
243459,686.6135404337847
243460,261.2979902697623
243461,1422.8364648219545
243462,1209.6227922495757
243463,747.0421856274723
243464,842.1947082719705
243465,-333.63057832221375
243466,827.9078962299783
243467,614.6942236575995
243468,152.1136170354962
243469,247.26613967999435
243470,113.79016037285282
243471,1275.3286349250448
243472,1062.1149623526662
243473,599.5343557305628
243474,694.6868783750609
243475,269.37132821103864
243476,1430.9098027632308
243477,1217.696130190852
243478,755.1155235687486
243479,850.2680462132469
243480,-539.5622666438182
243481,621.9762079083739
243482,408.76253533599515
243483,-53.81807128610819
243484,41.33445135838997
243485,-92.14152794875156
243486,1069.3969466034405
243487,856.1832740310617
243488,393.60266740895844
243489,488.7551900534566
243490,63.43963988943426
243491,1224.9781144416263
243492,1011.7644418692475
243493,549.1838352471443
243494,644.3363578916425
243495,-1164.454611544602
243496,-2.916136992409747
243497,-216.1298095647885
243498,-678.710416186892
243499,-583.5578935423937
243500,-717.0338728495351
243501,444.5046017026569
243502,231.2909291302782
243503,-231.28967749182516
243504,-136.137154847327
243505,-561.4527050113495
243506,600.0857695408426
243507,386.87209696846395
243508,-75.70850965363945
243509,19.44401299085871
243510,341.70927094295695
243511,1503.247745495149
243512,1290.0340729227703
243513,827.4534663006668
243514,922.6059889451651
243515,789.1300096380236
243516,1950.6684841902156
243517,1737.4548116178369
243518,1274.8742049957336
243519,1370.0267276402317
243520,944.7111774762094
243521,2106.249652028401
243522,1893.0359794560227
243523,1430.4553728339192
243524,1525.6078954784175
243525,-218.76836736864266
243526,942.7701071835494
243527,729.5564346111707
243528,266.9758279890673
243529,362.1283506335655
243530,228.65237132642403
243531,1390.190845878616
243532,1176.9771733062373
243533,714.396566684134
243534,809.5490893286321
243535,384.23353916460985
243536,1545.772013716802
243537,1332.5583411444231
243538,869.9777345223198
243539,965.130257166818
243540,-329.3646677902143
243541,832.1738067619777
243542,618.960134189599
243543,156.37952756749564
243544,251.5320502119938
243545,118.05607090485228
243546,1279.5945454570442
243547,1066.3808728846657
243548,603.8002662625622
243549,698.9527889070605
243550,273.6372387430382
243551,1435.1757132952303
243552,1221.9620407228515
243553,759.3814341007482
243554,854.5339567452463
243555,-321.2913298489382
243556,840.247144703254
243557,627.0334721308753
243558,164.452865508772
243559,259.6053881532701
243560,126.12940884612863
243561,1287.6678833983206
243562,1074.454210825942
243563,611.8736042038386
243564,707.0261268483367
243565,281.71057668431445
243566,1443.2490512365066
243567,1230.0353786641278
243568,767.4547720420244
243569,862.6072946865227
243570,-527.2230181705424
243571,634.3154563816497
243572,421.10178380927096
243573,-41.47882281283228
243574,53.673699831665886
243575,-79.80227947547587
243576,1081.7361950767163
243577,868.5225225043375
243578,405.94191588223424
243579,501.0944385267324
243580,75.77888836271006
243581,1237.3173629149023
243582,1024.1036903425234
243583,561.5230837204201
243584,656.6756063649183
243585,-1152.1153630713259
243586,9.423111480866055
243587,-203.7905610915126
243588,-666.3711677136159
243589,-571.2186450691179
243590,-704.6946243762593
243591,456.84385017593263
243592,243.630177603554
243593,-218.95042901854936
243594,-123.7979063740512
243595,-549.1134565380737
243596,612.4250180141185
243597,399.2113454417398
243598,-63.36926118036354
243599,31.783261464134625
243600,354.0485194162327
243601,1515.5869939684248
243602,1302.373321396046
243603,839.7927147739426
243604,934.9452374184409
243605,801.4692581112993
243606,1963.0077326634912
243607,1749.7940600911127
243608,1287.2134534690094
243609,1382.3659761135075
243610,957.0504259494852
243611,2118.588900501677
243612,1905.3752279292987
243613,1442.7946213071953
243614,1537.9471439516933
243615,-206.42911889536686
243616,955.1093556568252
243617,741.8956830844464
243618,279.3150764623431
243619,374.46759910684125
243620,240.99161979969978
243621,1402.5300943518919
243622,1189.3164217795131
243623,726.7358151574098
243624,821.8883378019079
243625,396.57278763788565
243626,1558.1112621900775
243627,1344.897589617699
243628,882.3169829955956
243629,977.4695056400938
243630,-317.0254193169387
243631,844.5130552352535
243632,631.2993826628748
243633,168.71877604077144
243634,263.8712986852696
243635,130.39531937812808
243636,1291.9337939303202
243637,1078.7201213579415
243638,616.139514735838
243639,711.2920373803363
243640,285.97648721631384
243641,1447.514961768506
243642,1234.3012891961273
243643,771.720682574024
243644,866.8732052185221
243645,-308.9520813756624
243646,852.5863931765299
243647,639.372720604151
243648,176.79211398204768
243649,271.9446366265459
243650,138.46865731940431
243651,1300.0071318715966
243652,1086.7934592992178
243653,624.2128526771144
243654,719.3653753216125
243655,294.0498251575902
243656,1455.5882997097824
243657,1242.3746271374036
243658,779.7940205153002
243659,874.9465431597984
243660,-514.8837696972666
243661,646.6547048549255
243662,433.4410322825468
243663,-29.139574339556475
243664,66.01294830494169
243665,-67.46303100220007
243666,1094.075443549992
243667,880.8617709776133
243668,418.28116435551
243669,513.4336870000081
243670,88.11813683598575
243671,1249.656611388178
243672,1036.4429388157992
243673,573.8623321936958
243674,669.014854838194
243675,-1139.7761145980503
243676,21.762359954141857
243677,-191.4513126182369
243678,-654.0319192403404
243679,-558.8793965958421
243680,-692.3553759029835
243681,469.18309864920855
243682,255.9694260768298
243683,-206.61118054527356
243684,-111.45865790077539
243685,-536.7742080647979
243686,624.7642664873944
243687,411.55059391501555
243688,-51.030012707087735
243689,44.12250993741043
243690,366.38776788950844
243691,1527.9262424417007
243692,1314.712569869322
243693,852.1319632472184
243694,947.2844858917167
243695,813.8085065845751
243696,1975.3469811367672
243697,1762.1333085643885
243698,1299.5527019422852
243699,1394.7052245867833
243700,969.3896744227609
243701,2130.928148974953
243702,1917.7144764025743
243703,1455.133869780471
243704,1550.286392424969
243705,-194.08987042209105
243706,967.4486041301011
243707,754.2349315577222
243708,291.6543249356189
243709,386.80684758011705
243710,253.33086827297558
243711,1414.8693428251677
243712,1201.655670252789
243713,739.0750636306856
243714,834.2275862751837
243715,408.9120361111614
243716,1570.4505106633537
243717,1357.2368380909747
243718,894.6562314688714
243719,989.8087541133696
243720,-305.67113489981466
243721,855.8673396523774
243722,642.6536670799986
243723,180.07306045789528
243724,275.22558310239344
243725,141.74960379525191
243726,1303.2880783474438
243727,1090.0744057750653
243728,627.4937991529619
243729,722.64632179746
243730,297.33077163343773
243731,1458.86924618563
243732,1245.6555736132511
243733,783.0749669911477
243734,878.227489635646
243735,-297.5977969585383
243736,863.9406775936536
243737,650.7270050212749
243738,188.14639839917152
243739,283.29892104366974
243740,149.82294173652826
243741,1311.3614162887202
243742,1098.1477437163417
243743,635.5671370942382
243744,730.7196597387364
243745,305.4041095747141
243746,1466.9425841269062
243747,1253.7289115545273
243748,791.148304932424
243749,886.3008275769222
243750,-503.5294852801428
243751,658.0089892720493
243752,444.79531669967054
243753,-17.785289922432867
243754,77.36723272206541
243755,-56.10874658507612
243756,1105.429727967116
243757,892.2160553947372
243758,429.6354487726338
243759,524.787971417132
243760,99.4724212531097
243761,1261.0108958053017
243762,1047.797223232923
243763,585.2166166108196
243764,680.3691392553178
243765,-1128.4218301809262
243766,33.11664437126569
243767,-180.09702820111306
243768,-642.6776348232165
243769,-547.5251121787182
243770,-681.0010914858597
243771,480.53738306633227
243772,267.3237104939535
243773,-195.25689612814983
243774,-100.10437348365167
243775,-525.4199236476741
243776,636.1185509045181
243777,422.90487833213933
243778,-39.67572828996413
243779,55.47679435453415
243780,377.7420523066324
243781,1539.2805268588245
243782,1326.0668542864457
243783,863.4862476643423
243784,958.6387703088405
243785,825.162791001699
243786,1986.701265553891
243787,1773.4875929815123
243788,1310.906986359409
243789,1406.0595090039071
243790,980.7439588398848
243791,2142.282433392077
243792,1929.0687608196981
243793,1466.4881541975947
243794,1561.640676842093
243795,-182.73558600496722
243796,978.8028885472248
243797,765.5892159748461
243798,303.0086093527427
243799,398.1611319972409
243800,264.68515269009936
243801,1426.2236272422915
243802,1213.0099546699128
243803,750.4293480478094
243804,845.5818706923076
243805,420.2663205282852
243806,1581.8047950804773
243807,1368.5911225080986
243808,906.0105158859951
243809,1001.1630385304934
243810,-293.3318864265391
243811,868.2065881256531
243812,654.9929155532744
243813,192.41230893117108
243814,287.5648315756692
243815,154.08885226852772
243816,1315.6273268207196
243817,1102.4136542483411
243818,639.8330476262377
243819,734.9855702707358
243820,309.67002010671354
243821,1471.2084946589057
243822,1257.994822086527
243823,795.4142154644235
243824,890.5667381089218
243825,-285.25854848526274
243826,876.2799260669294
243827,663.0662534945507
243828,200.48564687244732
243829,295.6381695169455
243830,162.16219020980407
243831,1323.700664761996
243832,1110.4869921896175
243833,647.906385567514
243834,743.0589082120122
243835,317.7433580479899
243836,1479.281832600182
243837,1266.068160027803
243838,803.4875534056998
243839,898.640076050198
243840,-491.190236806867
243841,670.3482377453252
243842,457.1345651729464
243843,-5.446041449156951
243844,89.70648119534121
243845,-43.76949811180043
243846,1117.7689764403917
243847,904.555303868013
243848,441.9746972459096
243849,537.1272198904078
243850,111.8116697263855
243851,1273.3501442785773
243852,1060.1364717061988
243853,597.5558650840954
243854,692.7083877285936
243855,-1116.0825817076507
243856,45.45589284454138
243857,-167.75777972783737
243858,-630.3383863499407
243859,-535.1858637054424
243860,-668.6618430125839
243861,492.8766315396081
243862,279.6629589672294
243863,-182.91764765487392
243864,-87.76512501037587
243865,-513.0806751743983
243866,648.4577993777939
243867,435.2441268054152
243868,-27.33647981668821
243869,67.81604282780995
243870,390.08130077990813
243871,1551.6197753321003
243872,1338.4061027597213
243873,875.8254961376181
243874,970.9780187821162
243875,837.5020394749747
243876,1999.0405140271669
243877,1785.826841454788
243878,1323.2462348326846
243879,1418.398757477183
243880,993.0832073131606
243881,2154.621681865353
243882,1941.408009292974
243883,1478.8274026708705
243884,1573.9799253153687
243885,-170.39633753169153
243886,991.1421370205006
243887,777.9284644481219
243888,315.34785782601847
243889,410.5003804705167
243890,277.02440116337516
243891,1438.5628757155673
243892,1225.3492031431886
243893,762.7685965210852
243894,857.9211191655834
243895,432.605569001561
243896,1594.1440435537531
243897,1380.9303709813744
243898,918.3497643592709
243899,1013.5022870037692
243900,-204.46053295453612
243901,957.077941597656
243902,743.8642690252772
243903,281.2836624031739
243904,376.4361850476721
243905,242.9602057405305
243906,1404.4986802927226
243907,1191.2850077203439
243908,728.7044010982405
243909,823.8569237427387
243910,398.54137357871633
243911,1560.0798481309084
243912,1346.86617555853
243913,884.2855689364263
243914,979.4380915809245
243915,-196.38719501325966
243916,965.1512795389324
243917,751.9376069665535
243918,289.35700034445017
243919,384.5095229889484
243920,251.03354368180698
243921,1412.572018233999
243922,1199.3583456616202
243923,736.7777390395169
243924,831.930261684015
243925,406.6147115199928
243926,1568.1531860721848
243927,1354.939513499806
243928,892.3589068777026
243929,987.5114295222008
243930,-402.31888333486404
243931,759.219591217328
243932,546.0059186449492
243933,83.4253120228459
243934,178.57783466734418
243935,45.10185536020242
243936,1206.6403299123945
243937,993.4266573400158
243938,530.8460507179125
243939,625.9985733624106
243940,200.68302319838836
243941,1362.2214977505805
243942,1149.0078251782015
243943,686.4272185560983
243944,781.5797412005965
243945,-1027.2112282356477
243946,134.32724631654435
243947,-78.88642625583441
243948,-541.4670328779378
243949,-446.3145102334397
243950,-579.7904895405811
243951,581.7479850116109
243952,368.53431243923217
243953,-94.04629418287107
243954,1.1062284616270972
243955,-424.2093217023953
243956,737.3291528497967
243957,524.115480277418
243958,61.53487365531464
243959,156.68739629981292
243960,478.952654251911
243961,1640.491128804103
243962,1427.2774562317243
243963,964.6968496096209
243964,1059.8493722541193
243965,926.3733929469776
243966,2087.9118674991696
243967,1874.6981949267908
243968,1412.1175883046876
243969,1507.270110949186
243970,1081.9545607851635
243971,2243.4930353373556
243972,2030.279362764977
243973,1567.6987561428734
243974,1662.8512787873717
243975,-81.52498405968856
243976,1080.0134904925035
243977,866.7998179201247
243978,404.2192112980214
243979,499.37173394251954
243980,365.89575463537807
243981,1527.43422918757
243982,1314.2205566151913
243983,851.6399499930881
243984,946.7924726375861
243985,521.476922473564
243986,1683.0153970257559
243987,1469.8017244533773
243988,1007.2211178312739
243989,1102.373640475772
243990,-192.1212844812602
243991,969.4171900709318
243992,756.2035174985531
243993,293.62291087644974
243994,388.7754335209479
243995,255.29945421380637
243996,1416.8379287659984
243997,1203.6242561936197
243998,741.0436495715163
243999,836.1961722160145
244000,410.88062205199225
244001,1572.4190966041842
244002,1359.2054240318055
244003,896.6248174097022
244004,991.7773400542004
244005,-184.04794653998397
244006,977.4905280122081
244007,764.2768554398293
244008,301.696248817726
244009,396.84877146222425
244010,263.3727921550827
244011,1424.9112667072748
244012,1211.697594134896
244013,749.1169875127927
244014,844.2695101572908
244015,418.9539599932685
244016,1580.4924345454606
244017,1367.2787619730818
244018,904.6981553509785
244019,999.8506779954766
244020,-389.97963486158824
244021,771.5588396906038
244022,558.3451671182249
244023,95.7645604961217
244024,190.91708314061987
244025,57.44110383347834
244026,1218.9795783856703
244027,1005.7659058132916
244028,543.1852991911883
244029,638.3378218356864
244030,213.02227167166416
244031,1374.5607462238563
244032,1161.3470736514773
244033,698.7664670293741
244034,793.9189896738723
244035,-1014.8719797623719
244036,146.66649478982015
244037,-66.5471777825586
244038,-529.1277844046622
244039,-433.9752617601639
244040,-567.4512410673053
244041,594.0872334848867
244042,380.873560912508
244043,-81.70704570959538
244044,13.445476934902786
244045,-411.8700732291195
244046,749.6684013230725
244047,536.4547287506938
244048,73.87412212859044
244049,169.0266447730886
244050,491.2919027251869
244051,1652.8303772773788
244052,1439.616704705
244053,977.0360980828968
244054,1072.1886207273951
244055,938.7126414202535
244056,2100.2511159724454
244057,1887.0374434000666
244058,1424.4568367779634
244059,1519.6093594224617
244060,1094.2938092584393
244061,2255.8322838106315
244062,2042.6186112382527
244063,1580.0380046161492
244064,1675.1905272606475
244065,-69.18573558641276
244066,1092.3527389657793
244067,879.1390663934005
244068,416.5584597712972
244069,511.7109824157954
244070,378.2350031086538
244071,1539.7734776608459
244072,1326.559805088467
244073,863.9791984663639
244074,959.1317211108619
244075,533.8161709468397
244076,1695.3546454990317
244077,1482.140972926653
244078,1019.5603663045497
244079,1114.7128889490477
244080,-342.68041588422375
244081,818.8580586679683
244082,605.6443860955897
244083,143.0637794734862
244084,238.21630211798447
244085,104.74032281084283
244086,1266.278797363035
244087,1053.0651247906562
244088,590.4845181685529
244089,685.637040813051
244090,260.32149064902876
244091,1421.8599652012208
244092,1208.646292628842
244093,746.0656860067387
244094,841.2182086512369
244095,-334.6070779429474
244096,826.9313966092446
244097,613.7177240368659
244098,151.13711741476254
244099,246.2896400592607
244100,112.81366075211918
244101,1274.3521353043113
244102,1061.1384627319326
244103,598.5578561098292
244104,693.7103787543274
244105,268.3948285903051
244106,1429.9333031424972
244107,1216.7196305701184
244108,754.1390239480149
244109,849.2915465925132
244110,-540.5387662645517
244111,620.9997082876403
244112,407.78603571526156
244113,-54.79457090684173
244114,40.357951737656435
244115,-93.1180275694851
244116,1068.4204469827068
244117,855.2067744103282
244118,392.62616778822485
244119,487.778690432723
244120,62.46314026870073
244121,1224.0016148208927
244122,1010.787942248514
244123,548.2073356264107
244124,643.3598582709088
244125,-1165.4311111653353
244126,-3.892636613143395
244127,-217.10630918552215
244128,-679.6869158076256
244129,-584.5343931631273
244130,-718.0103724702687
244131,443.52810208192335
244132,230.31442950954454
244133,-232.2661771125588
244134,-137.11365446806064
244135,-562.4292046320829
244136,599.1092699201091
244137,385.89559734773036
244138,-76.68500927437299
244139,18.467513370125175
244140,340.73277132222336
244141,1502.2712458744154
244142,1289.0575733020366
244143,826.4769666799332
244144,921.6294893244315
244145,788.15351001729
244146,1949.691984569482
244147,1736.4783119971032
244148,1273.897705375
244149,1369.050228019498
244150,943.7346778554759
244151,2105.273152407668
244152,1892.0594798352893
244153,1429.4788732131858
244154,1524.6313958576839
244155,-219.7448669893762
244156,941.7936075628159
244157,728.5799349904371
244158,265.99932836833364
244159,361.1518510128319
244160,227.67587170569038
244161,1389.2143462578824
244162,1176.0006736855037
244163,713.4200670634004
244164,808.5725897078985
244165,383.2570395438763
244166,1544.7955140960685
244167,1331.5818415236895
244168,869.0012349015861
244169,964.1537575460844
244170,-330.34116741094795
244171,831.1973071412442
244172,617.9836345688653
244173,155.403027946762
244174,250.55555059126016
244175,117.07957128411863
244176,1278.6180458363106
244177,1065.404373263932
244178,602.8237666418287
244179,697.9762892863268
244180,272.6607391223045
244181,1434.1992136744966
244182,1220.9855411021178
244183,758.4049344800145
244184,853.5574571245127
244185,-322.2678294696716
244186,839.2706450825204
244187,626.0569725101417
244188,163.47636588803834
244189,258.6288885325365
244190,125.15290922539498
244191,1286.691383777587
244192,1073.4777112052084
244193,610.897104583105
244194,706.0496272276032
244195,280.73407706358086
244196,1442.272551615773
244197,1229.0588790433942
244198,766.4782724212907
244199,861.630795065789
244200,-528.1995177912759
244201,633.3389567609162
244202,420.1252841885374
244203,-42.455322433565925
244204,52.69720021093235
244205,-80.7787790962094
244206,1080.7596954559826
244207,867.546022883604
244208,404.96541626150065
244209,500.11793890599876
244210,74.80238874197653
244211,1236.3408632941687
244212,1023.1271907217898
244213,560.5465840996865
244214,655.6991067441846
244215,-1153.0918626920597
244216,8.446611860132407
244217,-204.76706071224635
244218,-667.3476673343498
244219,-572.1951446898515
244220,-705.671123996993
244221,455.86735055519904
244222,242.6536779828204
244223,-219.9269286392829
244224,-124.77440599478473
244225,-550.0899561588071
244226,611.4485183933848
244227,398.23484582100616
244228,-64.34576080109719
244229,30.80676184340109
244230,353.0720197954991
244231,1514.6104943476912
244232,1301.3968217753124
244233,838.816215153209
244234,933.9687377977073
244235,800.4927584905657
244236,1962.0312330427578
244237,1748.8175604703792
244238,1286.2369538482758
244239,1381.389476492774
244240,956.0739263287517
244241,2117.612400880944
244242,1904.3987283085648
244243,1441.8181216864616
244244,1536.9706443309599
244245,-207.4056185161005
244246,954.1328560360917
244247,740.9191834637129
244248,278.33857684160944
244249,373.49109948610766
244250,240.01512017896619
244251,1401.5535947311582
244252,1188.3399221587795
244253,725.7593155366761
244254,820.9118381811743
244255,395.59628801715195
244256,1557.134762569344
244257,1343.9210899969653
244258,881.340483374862
244259,976.4930060193601
244260,-318.00191893767214
244261,843.5365556145199
244262,630.3228830421413
244263,167.7422764200378
244264,262.894799064536
244265,129.41881975739443
244266,1290.9572943095866
244267,1077.7436217372078
244268,615.1630151151045
244269,710.3155377596026
244270,284.99998759558025
244271,1446.5384621477724
244272,1233.3247895753937
244273,770.7441829532903
244274,865.8967055977885
244275,-309.9285809963958
244276,851.6098935557962
244277,638.3962209834175
244278,175.81561436131415
244279,270.9681370058123
244280,137.49215769867078
244281,1299.0306322508627
244282,1085.8169596784842
244283,623.2363530563808
244284,718.388875700879
244285,293.0733255368566
244286,1454.6118000890488
244287,1241.39812751667
244288,778.8175208945665
244289,873.9700435390648
244290,-515.8602693180003
244291,645.6782052341919
244292,432.4645326618131
244293,-30.116073960290237
244294,65.03644868420804
244295,-68.4395306229336
244296,1093.0989439292584
244297,879.8852713568798
244298,417.30466473477645
244299,512.4571873792745
244300,87.14163721525222
244301,1248.6801117674445
244302,1035.4664391950655
244303,572.8858325729623
244304,668.0383552174604
244305,-1140.7526142187837
244306,20.785860333408323
244307,-192.42781223897043
244308,-655.0084188610738
244309,-559.8558962165757
244310,-693.3318755237171
244311,468.2065990284749
244312,254.99292645609614
244313,-207.5876801660072
244314,-112.43515752150904
244315,-537.7507076855316
244316,623.7877668666607
244317,410.57409429428196
244318,-52.0065123278215
244319,43.14601031667678
244320,365.4112682687749
244321,1526.949742820967
244322,1313.7360702485882
244323,851.1554636264848
244324,946.3079862709831
244325,812.8320069638415
244326,1974.3704815160336
244327,1761.156808943655
244328,1298.5762023215516
244329,1393.7287249660499
244330,968.4131748020274
244331,2129.9516493542196
244332,1916.7379767818409
244333,1454.1573701597372
244334,1549.3098928042355
244335,-195.0663700428247
244336,966.4721045093675
244337,753.2584319369887
244338,290.6778253148853
244339,385.8303479593835
244340,252.354368652242
244341,1413.892843204434
244342,1200.6791706320553
244343,738.098564009952
244344,833.2510866544501
244345,407.9355364904278
244346,1569.4740110426198
244347,1356.260338470241
244348,893.6797318481377
244349,988.832254492636
244350,-305.66267046439634
244351,855.8758040877957
244352,642.662131515417
244353,180.0815248933136
244354,275.2340475378118
244355,141.75806823067023
244356,1303.2965427828624
244357,1090.0828702104836
244358,627.5022635883803
244359,722.6547862328785
244360,297.33923606885617
244361,1458.8777106210482
244362,1245.6640380486695
244363,783.0834314265661
244364,878.2359540710643
244365,-297.58933252312
244366,863.949142029072
244367,650.7354694566933
244368,188.15486283458995
244369,283.3073854790881
244370,149.83140617194658
244371,1311.3698807241387
244372,1098.15620815176
244373,635.5756015296566
244374,730.7281241741548
244375,305.4125740101325
244376,1466.9510485623246
244377,1253.7373759899458
244378,791.1567693678423
244379,886.3092920123406
244380,-503.52102084472426
244381,658.0174537074677
244382,444.80378113508897
244383,-17.77682548701432
244384,77.37569715748384
244385,-56.10028214965769
244386,1105.4381924025342
244387,892.2245198301556
244388,429.64391320805225
244389,524.7964358525504
244390,99.48088568852813
244391,1261.01936024072
244392,1047.8056876683413
244393,585.2250810462381
244394,680.3776036907362
244395,-1128.413365745508
244396,33.12510880668401
244397,-180.08856376569474
244398,-642.6691703877982
244399,-547.5166477432999
244400,-680.9926270504413
244401,480.5458475017507
244402,267.33217492937194
244403,-195.2484316927314
244404,-100.09590904823324
244405,-525.4114592122555
244406,636.1270153399365
244407,422.91334276755777
244408,-39.66726385454558
244409,55.48525878995258
244410,377.75051674205076
244411,1539.2889912942428
244412,1326.075318721864
244413,863.4947120997606
244414,958.6472347442589
244415,825.1712554371175
244416,1986.7097299893094
244417,1773.4960574169306
244418,1310.9154507948274
244419,1406.0679734393254
244420,980.7524232753033
244421,2142.2908978274954
244422,1929.0772252551167
244423,1466.4966186330132
244424,1561.6491412775113
244425,-182.7271215695489
244426,978.8113529826433
244427,765.5976804102645
244428,303.01707378816104
244429,398.1695964326593
244430,264.69361712551773
244431,1426.2320916777098
244432,1213.018419105331
244433,750.4378124832278
244434,845.5903351277259
244435,420.2747849637036
244436,1581.8132595158959
244437,1368.599586943517
244438,906.0189803214136
244439,1001.1715029659118
244440,-293.32342199112054
244441,868.2150525610715
244442,655.0013799886929
244443,192.4207733665894
244444,287.5732960110876
244445,154.09731670394603
244446,1315.635791256138
244447,1102.4221186837594
244448,639.8415120616561
244449,734.9940347061543
244450,309.67848454213197
244451,1471.216959094324
244452,1258.0032865219453
244453,795.4226798998419
244454,890.5752025443401
244455,-285.2500840498442
244456,876.2883905023479
244457,663.0747179299691
244458,200.49411130786575
244459,295.6466339523639
244460,162.17065464522238
244461,1323.7091291974143
244462,1110.4954566250358
244463,647.9148500029324
244464,743.0673726474306
244465,317.7518224834083
244466,1479.2902970356004
244467,1266.0766244632216
244468,803.4960178411181
244469,898.6485404856164
244470,-491.18177237144846
244471,670.3567021807435
244472,457.1430296083648
244473,-5.437577013738519
244474,89.71494563075964
244475,-43.761033676382
244476,1117.77744087581
244477,904.5637683034314
244478,441.98316168132806
244479,537.1356843258262
244480,111.82013416180394
244481,1273.358608713996
244482,1060.1449361416173
244483,597.5643295195139
244484,692.716852164012
244485,-1116.0741172722321
244486,45.46435727995981
244487,-167.74931529241883
244488,-630.3299219145222
244489,-535.1773992700239
244490,-668.6533785771655
244491,492.88509597502645
244492,279.6714234026478
244493,-182.90918321945549
244494,-87.75666057495744
244495,-513.0722107389797
244496,648.4662638132122
244497,435.25259124083357
244498,-27.32801538126978
244499,67.82450726322838
244500,390.08976521532657
244501,1551.6282397675186
244502,1338.4145671951399
244503,875.8339605730365
244504,970.9864832175347
244505,837.5105039103931
244506,1999.0489784625852
244507,1785.8353058902064
244508,1323.2546992681032
244509,1418.4072219126012
244510,993.0916717485791
244511,2154.6301463007712
244512,1941.4164737283922
244513,1478.835867106289
244514,1573.988389750787
244515,-170.3878730962731
244516,991.1506014559191
244517,777.9369288835403
244518,315.3563222614369
244519,410.5088449059351
244520,277.0328655987936
244521,1438.5713401509856
244522,1225.3576675786069
244523,762.7770609565036
244524,857.9295836010017
244525,432.6140334369794
244526,1594.1525079891715
244527,1380.9388354167927
244528,918.3582287946894
244529,1013.5107514391876
244530,-204.4520685191177
244531,957.0864060330744
244532,743.8727334606956
244533,281.2921268385923
244534,376.44464948309053
244535,242.9686701759489
244536,1404.5071447281412
244537,1191.2934721557622
244538,728.7128655336589
244539,823.8653881781571
244540,398.54983801413476
244541,1560.0883125663267
244542,1346.8746399939482
244543,884.2940333718448
244544,979.446556016343
244545,-196.37873057784122
244546,965.1597439743507
244547,751.946071401972
244548,289.3654647798686
244549,384.5179874243668
244550,251.04200811722535
244551,1412.5804826694175
244552,1199.3668100970385
244553,736.7862034749353
244554,831.9387261194335
244555,406.6231759554112
244556,1568.161650507603
244557,1354.9479779352243
244558,892.3673713131211
244559,987.5198939576193
244560,-402.3104188994457
244561,759.2280556527463
244562,546.0143830803676
244563,83.43377645826422
244564,178.5862991027625
244565,45.11031979562085
244566,1206.648794347813
244567,993.4351217754343
244568,530.8545151533309
244569,626.0070377978291
244570,200.69148763380667
244571,1362.2299621859988
244572,1149.01628961362
244573,686.4356829915166
244574,781.5882056360149
244575,-1027.2027638002294
244576,134.33571075196278
244577,-78.87796182041598
244578,-541.4585684425194
244579,-446.3060457980214
244580,-579.7820251051628
244581,581.7564494470294
244582,368.5427768746506
244583,-94.03782974745275
244584,1.1146928970454155
244585,-424.200857266977
244586,737.3376172852152
244587,524.1239447128364
244588,61.54333809073296
244589,156.69586073523124
244590,478.9611186873294
244591,1640.4995932395216
244592,1427.2859206671428
244593,964.7053140450394
244594,1059.8578366895376
244595,926.381857382396
244596,2087.920331934588
244597,1874.7066593622094
244598,1412.126052740106
244599,1507.2785753846042
244600,1081.9630252205818
244601,2243.501499772774
244602,2030.2878272003952
244603,1567.7072205782918
244604,1662.85974322279
244605,-81.51651962427013
244606,1080.0219549279218
244607,866.8082823555432
244608,404.2276757334398
244609,499.380198377938
244610,365.90421907079644
244611,1527.4426936229886
244612,1314.2290210506098
244613,851.6484144285065
244614,946.8009370730045
244615,521.4853869089823
244616,1683.0238614611744
244617,1469.8101888887957
244618,1007.2295822666922
244619,1102.3821049111905
244620,-192.11282004584177
244621,969.4256545063502
244622,756.2119819339715
244623,293.63137531186817
244624,388.78389795636633
244625,255.3079186492248
244626,1416.846393201417
244627,1203.632720629038
244628,741.0521140069347
244629,836.2046366514329
244630,410.8890864874106
244631,1572.4275610396026
244632,1359.213888467224
244633,896.6332818451206
244634,991.7858044896187
244635,-184.03948210456554
244636,977.4989924476265
244637,764.2853198752478
244638,301.7047132531444
244639,396.8572358976427
244640,263.38125659050115
244641,1424.9197311426933
244642,1211.7060585703143
244643,749.1254519482111
244644,844.2779745927093
244645,418.96242442868686
244646,1580.500898980879
244647,1367.2872264085004
244648,904.7066197863968
244649,999.8591424308951
244650,-389.9711704261697
244651,771.5673041260221
244652,558.3536315536435
244653,95.77302493154002
244654,190.9255475760383
244655,57.44956826889677
244656,1218.9880428210888
244657,1005.77437024871
244658,543.1937636266067
244659,638.3462862711049
244660,213.0307361070826
244661,1374.5692106592746
244662,1161.3555380868959
244663,698.7749314647924
244664,793.9274541092907
244665,-1014.8635153269536
244666,146.67495922523847
244667,-66.53871334714017
244668,-529.1193199692436
244669,-433.96679732474536
244670,-567.442776631887
244671,594.0956979203052
244672,380.8820253479264
244673,-81.69858127417695
244674,13.453941370321218
244675,-411.86160879370095
244676,749.676865758491
244677,536.4631931861122
244678,73.88258656400876
244679,169.03510920850704
244680,491.30036716060533
244681,1652.8388417127971
244682,1439.6251691404186
244683,977.0445625183153
244684,1072.1970851628134
244685,938.7211058556719
244686,2100.2595804078637
244687,1887.0459078354852
244688,1424.4653012133817
244689,1519.61782385788
244690,1094.3022736938578
244691,2255.8407482460498
244692,2042.627075673671
244693,1580.0464690515678
244694,1675.1989916960658
244695,-69.17727115099433
244696,1092.3612034011976
244697,879.147530828819
244698,416.5669242067156
244699,511.71944685121383
244700,378.24346754407225
244701,1539.7819420962644
244702,1326.5682695238856
244703,863.9876629017823
244704,959.1401855462803
244705,533.8246353822581
244706,1695.3631099344502
244707,1482.1494373620715
244708,1019.568830739968
244709,1114.7213533844663
244710,-342.6719514488052
244711,818.8665231033867
244712,605.652850531008
244713,143.07224390890462
244714,238.2247665534028
244715,104.74878724626126
244716,1266.2872617984533
244717,1053.0735892260745
244718,590.4929826039713
244719,685.6455052484695
244720,260.3299550844472
244721,1421.8684296366391
244722,1208.6547570642606
244723,746.0741504421571
244724,841.2266730866553
244725,-334.59861350752885
244726,826.9398610446631
244727,613.7261884722843
244728,151.14558185018086
244729,246.29810449467914
244730,112.82212518753761
244731,1274.3605997397297
244732,1061.146927167351
244733,598.5663205452477
244734,693.7188431897457
244735,268.40329302572354
244736,1429.9417675779155
244737,1216.7280950055367
244738,754.1474883834334
244739,849.3000110279316
244740,-540.5303018291331
244741,621.0081727230587
244742,407.79450015068
244743,-54.786106471423295
244744,40.36641617307487
244745,-93.10956313406678
244746,1068.4289114181254
244747,855.2152388457466
244748,392.6346322236433
244749,487.7871548681414
244750,62.47160470411916
244751,1224.0100792563112
244752,1010.7964066839324
244753,548.215800061829
244754,643.3683227063273
244755,-1165.422646729917
244756,-3.884172177724963
244757,-217.0978447501036
244758,-679.6784513722071
244759,-584.5259287277088
244760,-718.0019080348504
244761,443.53656651734167
244762,230.32289394496297
244763,-232.25771267714026
244764,-137.1051900326422
244765,-562.4207401966644
244766,599.1177343555274
244767,385.90406178314873
244768,-76.67654483895456
244769,18.475977805543607
244770,340.7412357576418
244771,1502.2797103098337
244772,1289.0660377374552
244773,826.4854311153517
244774,921.6379537598499
244775,788.1619744527084
244776,1949.7004490049003
244777,1736.4867764325218
244778,1273.9061698104183
244779,1369.0586924549166
244780,943.7431422908943
244781,2105.2816168430863
244782,1892.0679442707076
244783,1429.4873376486041
244784,1524.6398602931024
244785,-219.73640255395776
244786,941.8020719982342
244787,728.5883994258555
244788,266.00779280375207
244789,361.16031544825034
244790,227.68433614110882
244791,1389.2228106933007
244792,1176.0091381209222
244793,713.4285314988188
244794,808.5810541433169
244795,383.26550397929475
244796,1544.8039785314868
244797,1331.5903059591078
244798,869.0096993370046
244799,964.1622219815029
244800,-330.3327029755296
244801,831.2057715766625
244802,617.9920990042838
244803,155.41149238218043
244804,250.5640150266786
244805,117.08803571953706
244806,1278.626510271729
244807,1065.4128376993503
244808,602.8322310772471
244809,697.9847537217453
244810,272.6692035577229
244811,1434.207678109915
244812,1220.9940055375364
244813,758.4133989154329
244814,853.5659215599311
244815,-322.2593650342533
244816,839.2791095179389
244817,626.0654369455601
244818,163.48483032345666
244819,258.63735296795494
244820,125.16137366081341
244821,1286.6998482130055
244822,1073.4861756406267
244823,610.9055690185235
244824,706.0580916630215
244825,280.74254149899923
244826,1442.2810160511913
244827,1229.0673434788127
244828,766.4867368567092
244829,861.6392595012074
244830,-528.1910533558575
244831,633.3474211963345
244832,420.13374862395574
244833,-42.44685799814761
244834,52.70566464635067
244835,-80.77031466079097
244836,1080.768159891401
244837,867.5544873190223
244838,404.973880696919
244839,500.1264033414172
244840,74.81085317739485
244841,1236.349327729587
244842,1023.1356551572082
244843,560.5550485351048
244844,655.7075711796031
244845,-1153.0833982566412
244846,8.455076295550953
244847,-204.7585962768278
244848,-667.3392028989313
244849,-572.186680254433
244850,-705.6626595615746
244851,455.87581499061747
244852,242.66214241823872
244853,-219.91846420386457
244854,-124.76594155936641
244855,-550.0814917233888
244856,611.4569828288033
244857,398.2433102564246
244858,-64.33729636567887
244859,30.81522627881941
244860,353.08048423091753
244861,1514.6189587831095
244862,1301.4052862107308
244863,838.8246795886275
244864,933.9772022331258
244865,800.5012229259842
244866,1962.0396974781763
244867,1748.8260249057976
244868,1286.245418283694
244869,1381.3979409281924
244870,956.08239076417
244871,2117.620865316362
244872,1904.4071927439834
244873,1441.82658612188
244874,1536.9791087663782
244875,-207.39715408068218
244876,954.14132047151
244877,740.9276478991312
244878,278.34704127702787
244879,373.4995639215261
244880,240.0235846143845
244881,1401.5620591665765
244882,1188.348386594198
244883,725.7677799720946
244884,820.9203026165927
244885,395.6047524525703
244886,1557.1432270047626
244887,1343.9295544323838
244888,881.3489478102804
244889,976.5014704547785
244890,-317.9934545022538
244891,843.5450200499383
244892,630.3313474775596
244893,167.75074085545623
244894,262.90326349995445
244895,129.42728419281286
244896,1290.9657587450051
244897,1077.7520861726262
244898,615.1714795505229
244899,710.3240021950211
244900,285.0084520309987
244901,1446.5469265831907
244902,1233.3332540108122
244903,770.7526473887087
244904,865.9051700332069
244905,-309.9201165609775
244906,851.6183579912147
244907,638.4046854188359
244908,175.82407879673246
244909,270.97660144123074
244910,137.5006221340892
244911,1299.0390966862813
244912,1085.8254241139025
244913,623.2448174917993
244914,718.3973401362973
244915,293.08178997227503
244916,1454.620264524467
244917,1241.4065919520883
244918,778.825985329985
244919,873.9785079744833
244920,-515.8518048825817
244921,645.6866696696103
244922,432.47299709723154
244923,-30.107609524871805
244924,65.04491311962647
244925,-68.43106618751517
244926,1093.107408364677
244927,879.8937357922981
244928,417.3131291701948
244929,512.465651814693
244930,87.15010165067065
244931,1248.6885762028628
244932,1035.474903630484
244933,572.8942970083806
244934,668.0468196528789
244935,-1140.7441497833654
244936,20.794324768826755
244937,-192.419347803552
244938,-654.9999544256552
244939,-559.8474317811572
244940,-693.3234110882988
244941,468.21506346389333
244942,255.00139089151457
244943,-207.57921573058877
244944,-112.42669308609061
244945,-537.742243250113
244946,623.7962313020791
244947,410.5825587297004
244948,-51.998047892403065
244949,43.15447475209521
244950,365.41973270419334
244951,1526.9582072563853
244952,1313.7445346840068
244953,851.1639280619033
244954,946.3164507064016
244955,812.84047139926
244956,1974.3789459514521
244957,1761.1652733790734
244958,1298.58466675697
244959,1393.7371894014682
244960,968.4216392374458
244961,2129.960113789638
244962,1916.7464412172592
244963,1454.1658345951557
244964,1549.318357239654
244965,-195.05790560740616
244966,966.4805689447859
244967,753.2668963724071
244968,290.68628975030373
244969,385.83881239480195
244970,252.36283308766036
244971,1413.9013076398523
244972,1200.6876350674738
244973,738.1070284453704
244974,833.2595510898685
244975,407.94400092584624
244976,1569.4824754780384
244977,1356.2688029056596
244978,893.6881962835562
244979,988.8407189280545
244980,-305.6542060289778
244981,855.8842685232141
244982,642.6705959508354
244983,180.08998932873203
244984,275.24251197323025
244985,141.76653266608866
244986,1303.3050072182807
244987,1090.091334645902
244988,627.5107280237987
244989,722.6632506682969
244990,297.3477005042746
244991,1458.8861750564665
244992,1245.672502484088
244993,783.0918958619845
244994,878.2444185064827
244995,-297.58086808770145
244996,863.9576064644905
244997,650.7439338921117
244998,188.16332727000827
244999,283.31584991450654
245000,149.83987060736501
245001,1311.378345159557
245002,1098.1646725871783
245003,635.5840659650751
245004,730.7365886095731
245005,305.42103844555095
245006,1466.9595129977429
245007,1253.7458404253641
245008,791.1652338032608
245009,886.317756447759
245010,-503.5125564093057
245011,658.0259181428861
245012,444.8122455705074
245013,-17.768361051596003
245014,77.38416159290227
245015,-56.09181771423937
245016,1105.4466568379526
245017,892.232984265574
245018,429.65237764347063
245019,524.8049002879688
245020,99.48935012394656
245021,1261.0278246761386
245022,1047.8141521037599
245023,585.2335454816564
245024,680.3860681261547
245025,-1128.4049013100896
245026,33.13357324210244
245027,-180.0800993302762
245028,-642.6607059523797
245029,-547.5081833078814
245030,-680.984162615023
245031,480.554311937169
245032,267.3406393647904
245033,-195.23996725731297
245034,-100.0874446128148
245035,-525.402994776837
245036,636.1354797753548
245037,422.92180720297614
245038,-39.65879941912726
245039,55.49372322537101
245040,377.7589811774692
245041,1539.2974557296611
245042,1326.0837831572826
245043,863.5031765351791
245044,958.6556991796773
245045,825.1797198725358
245046,1986.7181944247277
245047,1773.5045218523492
245048,1310.9239152302457
245049,1406.076437874744
245050,980.7608877107217
245051,2142.2993622629137
245052,1929.085689690535
245053,1466.5050830684315
245054,1561.6576057129298
245055,-182.71865713413047
245056,978.8198174180616
245057,765.6061448456829
245058,303.0255382235795
245059,398.17806086807775
245060,264.7020815609361
245061,1426.2405561131282
245062,1213.0268835407496
245063,750.4462769186462
245064,845.5987995631443
245065,420.28324939912204
245066,1581.8217239513142
245067,1368.6080513789352
245068,906.027444756832
245069,1001.1799674013303
245070,-293.3149575557022
245071,868.2235169964899
245072,655.0098444241112
245073,192.42923780200783
245074,287.581760446506
245075,154.10578113936447
245076,1315.6442556915565
245077,1102.4305831191778
245078,639.8499764970745
245079,735.0024991415727
245080,309.68694897755034
245081,1471.2254235297423
245082,1258.0117509573638
245083,795.4311443352603
245084,890.5836669797585
245085,-285.2416196144259
245086,876.2968549377663
245087,663.0831823653875
245088,200.50257574328407
245089,295.65509838778235
245090,162.17911908064082
245091,1323.7175936328329
245092,1110.503921060454
245093,647.9233144383509
245094,743.0758370828489
245095,317.7602869188267
245096,1479.2987614710187
245097,1266.0850888986402
245098,803.5044822765366
245099,898.6570049210349
245100,-491.1733079360299
245101,670.3651666161619
245102,457.15149404378326
245103,-5.429112578320087
245104,89.72341006617808
245105,-43.75256924096357
245106,1117.7859053112284
245107,904.5722327388498
245108,441.99162611674643
245109,537.1441487612447
245110,111.82859859722225
245111,1273.3670731494144
245112,1060.1534005770357
245113,597.5727939549322
245114,692.7253165994305
245115,-1116.0656528368138
245116,45.472821715378245
245117,-167.7408508570005
245118,-630.3214574791039
245119,-535.1689348346056
245120,-668.6449141417472
245121,492.8935604104449
245122,279.6798878380661
245123,-182.90071878403717
245124,-87.74819613953912
245125,-513.0637463035614
245126,648.4747282486306
245127,435.261055676252
245128,-27.31955094585146
245129,67.8329716986467
245130,390.09822965074494
245131,1551.636704202937
245132,1338.4230316305582
245133,875.8424250084549
245134,970.994947652953
245135,837.5189683458116
245136,1999.0574428980035
245137,1785.8437703256247
245138,1323.2631637035215
245139,1418.4156863480198
245140,993.1001361839974
245141,2154.6386107361895
245142,1941.4249381638108
245143,1478.8443315417073
245144,1573.9968541862056
245145,-170.37940866085478
245146,991.1590658913374
245147,777.9453933189586
245148,315.3647866968553
245149,410.5173093413535
245150,277.04133003421197
245151,1438.579804586404
245152,1225.3661320140254
245153,762.785525391922
245154,857.9380480364201
245155,432.6224978723978
245156,1594.16097242459
245157,1380.9472998522112
245158,918.3666932301078
245159,1013.5192158746061
245160,-204.44360408369926
245161,957.0948704684929
245162,743.881197896114
245163,281.30059127401074
245164,376.45311391850896
245165,242.97713461136732
245166,1404.5156091635595
245167,1191.3019365911807
245168,728.7213299690774
245169,823.8738526135755
245170,398.55830244955314
245171,1560.0967770017453
245172,1346.8831044293665
245173,884.3024978072631
245174,979.4550204517614
245175,-196.3702661424228
245176,965.1682084097691
245177,751.9545358373904
245178,289.37392921528703
245179,384.52645185978525
245180,251.05047255264378
245181,1412.5889471048358
245182,1199.3752745324568
245183,736.7946679103537
245184,831.9471905548519
245185,406.6316403908296
245186,1568.1701149430216
245187,1354.956442370643
245188,892.3758357485394
245189,987.5283583930377
245190,-402.3019544640272
245191,759.2365200881648
245192,546.022847515786
245193,83.44224089368265
245194,178.59476353818093
245195,45.118784231039285
245196,1206.6572587832316
245197,993.4435862108526
245198,530.8629795887493
245199,626.0155022332474
245200,200.6999520692251
245201,1362.2384266214171
245202,1149.0247540490384
245203,686.444147426935
245204,781.5966700714333
245205,-1027.194299364811
245206,134.3441751873812
245207,-78.86949738499754
245208,-541.4501040071011
245209,-446.29758136260284
245210,-579.7735606697445
245211,581.7649138824478
245212,368.55124131006903
245213,-94.02936531203432
245214,1.1231573324638475
245215,-424.19239283155844
245216,737.3460817206336
245217,524.1324091482547
245218,61.55180252615139
245219,156.70432517064967
245220,478.96958312274785
245221,1640.50805767494
245222,1427.2943851025611
245223,964.7137784804578
245224,1059.866301124956
245225,926.3903218178144
245226,2087.9287963700062
245227,1874.7151237976277
245228,1412.1345171755243
245229,1507.2870398200225
245230,1081.9714896560004
245231,2243.5099642081923
245232,2030.2962916358135
245233,1567.7156850137103
245234,1662.8682076582086
245235,-81.5080551888517
245236,1080.0304193633403
245237,866.8167467909616
245238,404.23614016885824
245239,499.3886628133564
245240,365.9126835062149
245241,1527.451158058407
245242,1314.2374854860282
245243,851.6568788639249
245244,946.809401508423
245245,521.4938513444007
245246,1683.0323258965927
245247,1469.818653324214
245248,1007.2380467021106
245249,1102.3905693466088
245250,-192.10435561042345
245251,969.4341189417686
245252,756.2204463693898
245253,293.63983974728654
245254,388.7923623917847
245255,255.31638308464318
245256,1416.8548576368353
245257,1203.6411850644565
245258,741.0605784423532
245259,836.2131010868513
245260,410.89755092282905
245261,1572.4360254750209
245262,1359.2223529026423
245263,896.641746280539
245264,991.7942689250372
245265,-184.0310176691471
245266,977.5074568830449
245267,764.2937843106662
245268,301.71317768856284
245269,396.865700333061
245270,263.3897210259195
245271,1424.9281955781116
245272,1211.7145230057326
245273,749.1339163836295
245274,844.2864390281277
245275,418.9708888641053
245276,1580.5093634162972
245277,1367.2956908439187
245278,904.7150842218152
245279,999.8676068663135
245280,-389.9627059907514
245281,771.5757685614406
245282,558.3620959890618
245283,95.78148936695857
245284,190.93401201145673
245285,57.4580327043152
245286,1218.9965072565071
245287,1005.7828346841284
245288,543.2022280620251
245289,638.3547507065232
245290,213.03920054250102
245291,1374.577675094693
245292,1161.3640025223144
245293,698.7833959002108
245294,793.9359185447091
245295,-1014.8550508915353
245296,146.6834236606569
245297,-66.53024891172186
245298,-529.1108555338253
245299,-433.95833288932704
245300,-567.4343121964685
245301,594.1041623557235
245302,380.89048978334483
245303,-81.69011683875851
245304,13.46240580573965
245305,-411.85314435828263
245306,749.6853301939093
245307,536.4716576215307
245308,73.8910509994273
245309,169.04357364392547
245310,491.3088315960237
245311,1652.8473061482157
245312,1439.633633575837
245313,977.0530269537337
245314,1072.2055495982318
245315,938.7295702910903
245316,2100.268044843282
245317,1887.0543722709035
245318,1424.4737656488
245319,1519.6262882932983
245320,1094.3107381292762
245321,2255.849212681468
245322,2042.6355401090893
245323,1580.054933486986
245324,1675.2074561314844
245325,-69.16880671557601
245326,1092.3696678366161
245327,879.1559952642374
245328,416.575388642134
245329,511.7279112866322
245330,378.2519319794906
245331,1539.7904065316827
245332,1326.576733959304
245333,863.9961273372006
245334,959.1486499816988
245335,533.8330998176765
245336,1695.3715743698685
245337,1482.1579017974898
245338,1019.5772951753864
245339,1114.7298178198846
245340,-342.6634870133869
245341,818.8749875388052
245342,605.6613149664264
245343,143.08070834432306
245344,238.23323098882122
245345,104.75725168167969
245346,1266.2957262338718
245347,1053.082053661493
245348,590.5014470393896
245349,685.6539696838879
245350,260.33841951986557
245351,1421.8768940720574
245352,1208.663221499679
245353,746.0826148775756
245354,841.2351375220737
245355,-334.59014907211053
245356,826.9483254800814
245357,613.7346529077026
245358,151.1540462855993
245359,246.3065689300975
245360,112.83058962295604
245361,1274.3690641751482
245362,1061.1553916027692
245363,598.574784980666
245364,693.7273076251641
245365,268.4117574611419
245366,1429.9502320133338
245367,1216.7365594409553
245368,754.1559528188518
245369,849.3084754633501
245370,-540.5218373937148
245371,621.0166371584771
245372,407.8029645860984
245373,-54.77764203600486
245374,40.3748806084933
245375,-93.10109869864834
245376,1068.4373758535437
245377,855.223703281165
245378,392.64309665906165
245379,487.7956193035598
245380,62.48006913953759
245381,1224.0185436917295
245382,1010.8048711193508
245383,548.2242644972474
245384,643.3767871417457
245385,-1165.4141822944987
245386,-3.875707742306531
245387,-217.0893803146853
245388,-679.6699869367887
245389,-584.5174642922905
245390,-717.9934435994321
245391,443.5450309527601
245392,230.3313583803813
245393,-232.24924824172194
245394,-137.0967255972239
245395,-562.4122757612461
245396,599.1261987909459
245397,385.91252621856717
245398,-76.66808040353624
245399,18.484442240961926
245400,340.74970019306016
245401,1502.288174745252
245402,1289.0745021728735
245403,826.49389555077
245404,921.6464181952683
245405,788.1704388881268
245406,1949.7089134403188
245407,1736.49524086794
245408,1273.9146342458366
245409,1369.067156890335
245410,943.7516067263127
245411,2105.2900812785047
245412,1892.076408706126
245413,1429.4958020840227
245414,1524.6483247285207
245415,-219.72793811853944
245416,941.8105364336526
245417,728.5968638612738
245418,266.0162572391705
245419,361.16877988366866
245420,227.69280057652713
245421,1389.231275128719
245422,1176.0176025563405
245423,713.4369959342372
245424,808.5895185787354
245425,383.2739684147131
245426,1544.812442966905
245427,1331.5987703945264
245428,869.018163772423
245429,964.1706864169212
245430,-330.3242385401111
245431,831.214236012081
245432,618.0005634397022
245433,155.41995681759886
245434,250.57247946209702
245435,117.09650015495549
245436,1278.6349747071476
245437,1065.421302134769
245438,602.8406955126654
245439,697.9932181571637
245440,272.6776679931413
245441,1434.2161425453335
245442,1221.0024699729547
245443,758.4218633508513
245444,853.5743859953495
245445,-322.25090059883473
245446,839.2875739533573
245447,626.0739013809786
245448,163.4932947588752
245449,258.64581740337337
245450,125.16983809623184
245451,1286.708312648424
245452,1073.494640076045
245453,610.9140334539418
245454,706.06655609844
245455,280.75100593441766
245456,1442.2894804866096
245457,1229.075807914231
245458,766.4952012921276
245459,861.6477239366258
245460,-528.182588920439
245461,633.3558856317529
245462,420.14221305937417
245463,-42.438393562729175
245464,52.71412908176899
245465,-80.76185022537265
245466,1080.7766243268195
245467,867.5629517544407
245468,404.9823451323374
245469,500.13486777683556
245470,74.81931761281328
245471,1236.3577921650053
245472,1023.1441195926266
245473,560.5635129705232
245474,655.7160356150214
245475,-1153.0749338212227
245476,8.463540730969271
245477,-204.75013184140948
245478,-667.3307384635127
245479,-572.1782158190144
245480,-705.6541951261563
245481,455.8842794260359
245482,242.67060685365715
245483,-219.90999976844614
245484,-124.75747712394798
245485,-550.0730272879703
245486,611.4654472642217
245487,398.25177469184297
245488,-64.32883193026044
245489,30.823690714237728
245490,353.08894866633597
245491,1514.6274232185278
245492,1301.4137506461493
245493,838.8331440240459
245494,933.9856666685441
245495,800.5096873614026
245496,1962.0481619135946
245497,1748.8344893412159
245498,1286.2538827191124
245499,1381.4064053636107
245500,956.0908551995884
245501,2117.6293297517805
245502,1904.4156571794017
245503,1441.8350505572985
245504,1536.9875732017967
245505,-207.38868964526364
245506,954.1497849069284
245507,740.9361123345498
245508,278.3555057124463
245509,373.5080283569445
245510,240.03204904980294
245511,1401.570523601995
245512,1188.3568510296163
245513,725.776244407513
245514,820.9287670520112
245515,395.61321688798876
245516,1557.151691440181
245517,1343.9380188678022
245518,881.3574122456987
245519,976.509934890197
245520,-317.9849900668353
245521,843.5534844853568
245522,630.339811912978
245523,167.75920529087466
245524,262.9117279353728
245525,129.43574862823118
245526,1290.9742231804235
245527,1077.7605506080447
245528,615.1799439859412
245529,710.3324666304395
245530,285.0169164664171
245531,1446.555391018609
245532,1233.3417184462305
245533,770.761111824127
245534,865.9136344686253
245535,-309.91165212555893
245536,851.626822426633
245537,638.4131498542544
245538,175.8325432321509
245539,270.9850658766491
245540,137.50908656950753
245541,1299.0475611216996
245542,1085.8338885493208
245543,623.2532819272176
245544,718.4058045717157
245545,293.09025440769346
245546,1454.6287289598854
245547,1241.4150563875069
245548,778.8344497654034
245549,873.9869724099016
245550,-515.8433404471632
245551,645.6951341050287
245552,432.48146153265
245553,-30.099145089453373
245554,65.0533775550449
245555,-68.42260175209685
245556,1093.1158728000953
245557,879.9022002277165
245558,417.3215936056132
245559,512.4741162501114
245560,87.15856608608908
245561,1248.6970406382811
245562,1035.4833680659026
245563,572.902761443799
245564,668.0552840882972
245565,-1140.735685347947
245566,20.802789204245073
245567,-192.41088336813357
245568,-654.9914899902369
245569,-559.8389673457389
245570,-693.3149466528805
245571,468.22352789931165
245572,255.009855326933
245573,-207.57075129517034
245574,-112.41822865067218
245575,-537.7337788146945
245576,623.8046957374975
245577,410.5910231651188
245578,-51.98958345698463
245579,43.16293918751364
245580,365.4281971396117
245581,1526.9666716918039
245582,1313.752999119425
245583,851.1723924973217
245584,946.3249151418199
245585,812.8489358346783
245586,1974.3874103868704
245587,1761.1737378144917
245588,1298.5931311923882
245589,1393.7456538368865
245590,968.4301036728642
245591,2129.9685782250563
245592,1916.7549056526775
245593,1454.1742990305743
245594,1549.3268216750726
245595,-195.04944117198784
245596,966.4890333802042
245597,753.2753608078256
245598,290.6947541857221
245599,385.8472768302203
245600,252.3712975230788
245601,1413.9097720752707
245602,1200.6960995028921
245603,738.1154928807888
245604,833.268015525287
245605,407.9524653612647
245606,1569.4909399134567
245607,1356.277267341078
245608,893.6966607189746
245609,988.8491833634728
245610,-305.6457415935595
245611,855.8927329586326
245612,642.6790603862538
245613,180.09845376415046
245614,275.2509764086486
245615,141.7749971015071
245616,1303.3134716536993
245617,1090.0997990813205
245618,627.519192459217
245619,722.6717151037152
245620,297.356164939693
245621,1458.8946394918848
245622,1245.6809669195063
245623,783.1003602974029
245624,878.2528829419011
245625,-297.5724036522831
245626,863.9660708999088
245627,650.75239832753
245628,188.1717917054267
245629,283.3243143499249
245630,149.84833504278345
245631,1311.3868095949756
245632,1098.1731370225966
245633,635.5925304004934
245634,730.7450530449916
245635,305.4295028809693
245636,1466.9679774331612
245637,1253.7543048607827
245638,791.1736982386792
245639,886.3262208831775
245640,-503.5040919738874
245641,658.0343825783045
245642,444.82071000592583
245643,-17.759896616177457
245644,77.3926260283207
245645,-56.08335327882094
245646,1105.455121273371
245647,892.2414487009924
245648,429.66084207888906
245649,524.8133647233872
245650,99.497814559365
245651,1261.036289111557
245652,1047.8226165391782
245653,585.2420099170748
245654,680.3945325615731
245655,-1128.3964368746713
245656,33.142037677520875
245657,-180.07163489485788
245658,-642.6522415169613
245659,-547.4997188724631
245660,-680.9756981796047
245661,480.56277637258745
245662,267.3491038002087
245663,-195.23150282189465
245664,-100.07898017739649
245665,-525.3945303414187
245666,636.1439442107733
245667,422.9302716383946
245668,-39.650334983708944
245669,55.50218766078933
245670,377.76744561288757
245671,1539.3059201650794
245672,1326.092247592701
245673,863.5116409705975
245674,958.6641636150957
245675,825.1881843079542
245676,1986.7266588601462
245677,1773.5129862877675
245678,1310.932379665664
245679,1406.0849023101623
245680,980.7693521461401
245681,2142.307826698332
245682,1929.0941541259533
245683,1466.51354750385
245684,1561.6660701483481
245685,-182.71019269871204
245686,978.82828185348
245687,765.6146092811013
245688,303.0340026589979
245689,398.18652530349607
245690,264.71054599635454
245691,1426.2490205485465
245692,1213.035347976168
245693,750.4547413540646
245694,845.6072639985628
245695,420.2917138345404
245696,1581.8301883867325
245697,1368.6165158143538
245698,906.0359091922504
245699,1001.1884318367486
245700,-293.3064931202837
245701,868.2319814319084
245702,655.0183088595296
245703,192.43770223742627
245704,287.5902248819244
245705,154.1142455747829
245706,1315.652720126975
245707,1102.4390475545963
245708,639.8584409324928
245709,735.010963576991
245710,309.6954134129687
245711,1471.2338879651609
245712,1258.0202153927821
245713,795.4396087706788
245714,890.5921314151769
245715,-285.2331551790073
245716,876.3053193731846
245717,663.091646800806
245718,200.5110401787025
245719,295.6635628232008
245720,162.18758351605925
245721,1323.7260580682514
245722,1110.5123854958724
245723,647.9317788737692
245724,743.0843015182674
245725,317.76875135424507
245726,1479.307225906437
245727,1266.0935533340585
245728,803.512946711955
245729,898.6654693564533
245730,-491.1648435006116
245731,670.3736310515803
245732,457.1599584792016
245733,-5.4206481429017686
245734,89.7318745015964
245735,-43.744104805545135
245736,1117.794369746647
245737,904.5806971742682
245738,442.00009055216486
245739,537.152613196663
245740,111.83706303264069
245741,1273.3755375848327
245742,1060.161865012454
245743,597.5812583903506
245744,692.7337810348489
245745,-1116.0571884013955
245746,45.48128615079668
245747,-167.73238642158208
245748,-630.3129930436855
245749,-535.1604703991873
245750,-668.6364497063289
245751,492.9020248458633
245752,279.68835227348455
245753,-182.89225434861874
245754,-87.73973170412069
245755,-513.0552818681429
245756,648.4831926840491
245757,435.2695201116704
245758,-27.31108651043303
245759,67.84143613406513
245760,390.1066940861634
245761,1551.6451686383552
245762,1338.4314960659767
245763,875.8508894438733
245764,971.0034120883715
245765,837.52743278123
245766,1999.065907333422
245767,1785.8522347610433
245768,1323.2716281389398
245769,1418.424150783438
245770,993.1086006194158
245771,2154.647075171608
245772,1941.433402599229
245773,1478.8527959771259
245774,1574.005318621624
245775,-170.37094422543623
245776,991.1675303267558
245777,777.9538577543772
245778,315.3732511322737
245779,410.5257737767719
245780,277.04979446963034
245781,1438.5882690218225
245782,1225.3745964494437
245783,762.7939898273404
245784,857.9465124718386
245785,432.63096230781616
245786,1594.1694368600083
245787,1380.9557642876296
245788,918.3751576655262
245789,1013.5276803100244
245790,-204.43513964828094
245791,957.1033349039112
245792,743.8896623315325
245793,281.3090557094291
245794,376.46157835392734
245795,242.9855990467857
245796,1404.5240735989778
245797,1191.310401026599
245798,728.7297944044957
245799,823.882317048994
245800,398.56676688497157
245801,1560.1052414371636
245802,1346.8915688647849
245803,884.3109622426816
245804,979.4634848871798
245805,-196.36180170700436
245806,965.1766728451876
245807,751.9630002728088
245808,289.3823936507054
245809,384.53491629520363
245810,251.05893698806216
245811,1412.5974115402541
245812,1199.3837389678754
245813,736.803132345772
245814,831.9556549902702
245815,406.64010482624803
245816,1568.17857937844
245817,1354.9649068060612
245818,892.3843001839579
245819,987.536822828456
245820,-402.29349002860886
245821,759.2449845235832
245822,546.0313119512044
245823,83.45070532910108
245824,178.60322797359936
245825,45.12724866645772
245826,1206.6657232186499
245827,993.452050646271
245828,530.8714440241677
245829,626.0239666686658
245830,200.70841650464354
245831,1362.2468910568355
245832,1149.033218484457
245833,686.4526118623535
245834,781.6051345068518
245835,-1027.1858349293927
245836,134.35263962279953
245837,-78.86103294957923
245838,-541.4416395716828
245839,-446.2891169271845
245840,-579.7650962343259
245841,581.7733783178661
245842,368.55970574548746
245843,-94.02090087661588
245844,1.1316217678822795
245845,-424.1839283961401
245846,737.3545461560519
245847,524.1408735836733
245848,61.56026696156982
245849,156.7127896060681
245850,478.9780475581662
245851,1640.5165221103584
245852,1427.3028495379795
245853,964.7222429158762
245854,1059.8747655603745
245855,926.3987862532329
245856,2087.9372608054246
245857,1874.7235882330463
245858,1412.1429816109428
245859,1507.295504255441
245860,1081.9799540914187
245861,2243.5184286436106
245862,2030.304756071232
245863,1567.7241494491286
245864,1662.876672093627
245865,-81.49959075343327
245866,1080.0388837987587
245867,866.8252112263799
245868,404.2446046042766
245869,499.39712724877484
245870,365.92114794163325
245871,1527.4596224938252
245872,1314.2459499214465
245873,851.6653432993432
245874,946.8178659438414
245875,521.5023157798191
245876,1683.040790332011
245877,1469.8271177596325
245878,1007.2465111375291
245879,1102.3990337820273
245880,-192.09589117500502
245881,969.442583377187
245882,756.2289108048083
245883,293.6483041827049
245884,388.8008268272031
245885,255.32484752006155
245886,1416.8633220722536
245887,1203.6496494998748
245888,741.0690428777715
245889,836.2215655222697
245890,410.90601535824743
245891,1572.4444899104394
245892,1359.2308173380607
245893,896.6502107159574
245894,991.8027333604556
245895,-184.0225532337288
245896,977.5159213184633
245897,764.3022487460845
245898,301.72164212398116
245899,396.87416476847943
245900,263.3981854613379
245901,1424.93666001353
245902,1211.7229874411512
245903,749.1423808190478
245904,844.294903463546
245905,418.97935329952367
245906,1580.5178278517158
245907,1367.304155279337
245908,904.7235486572337
245909,999.8760713017318
245910,-389.95424155533306
245911,771.584232996859
245912,558.3705604244803
245913,95.78995380237689
245914,190.94247644687516
245915,57.46649713973352
245916,1219.0049716919257
245917,1005.7912991195468
245918,543.2106924974435
245919,638.3632151419416
245920,213.04766497791934
245921,1374.5861395301113
245922,1161.3724669577327
245923,698.7918603356293
245924,793.9443829801274
245925,-1014.8465864561165
245926,146.69188809607533
245927,-66.52178447630342
245928,-529.1023910984068
245929,-433.9498684539085
245930,-567.4258477610501
245931,594.1126267911419
245932,380.8989542187632
245933,-81.6816524033402
245934,13.470870241157968
245935,-411.8446799228643
245936,749.6937946293277
245937,536.4801220569491
245938,73.89951543484563
245939,169.0520380793438
245940,491.3172960314421
245941,1652.855770583634
245942,1439.6420980112553
245943,977.061491389152
245944,1072.21401403365
245945,938.7380347265087
245946,2100.2765092787004
245947,1887.062836706322
245948,1424.4822300842184
245949,1519.6347527287166
245950,1094.3192025646945
245951,2255.8576771168864
245952,2042.6440045445077
245953,1580.0633979224044
245954,1675.2159205669027
245955,-69.16034228015758
245956,1092.3781322720345
245957,879.1644596996557
245958,416.58385307755236
245959,511.7363757220506
245960,378.260396414909
245961,1539.798870967101
245962,1326.5851983947223
245963,864.004591772619
245964,959.1571144171172
245965,533.8415642530949
245966,1695.3800388052869
245967,1482.166366232908
245968,1019.5857596108049
245969,1114.7382822553031
245970,-342.65502257796857
245971,818.8834519742236
245972,605.6697794018448
245973,143.0891727797415
245974,238.24169542423965
245975,104.76571611709812
245976,1266.3041906692902
245977,1053.0905180969114
245978,590.5099114748081
245979,685.6624341193062
245980,260.34688395528394
245981,1421.885358507476
245982,1208.6716859350972
245983,746.091079312994
245984,841.2436019574922
245985,-334.5816846366922
245986,826.9567899154998
245987,613.7431173431212
245988,151.16251072101772
245989,246.31503336551594
245990,112.83905405837447
245991,1274.3775286105665
245992,1061.1638560381878
245993,598.5832494160844
245994,693.7357720605826
245995,268.4202218965603
245996,1429.9586964487523
245997,1216.7450238763736
245998,754.1644172542702
245999,849.3169398987684
246000,-540.5133729582965
246001,621.0251015938956
246002,407.81142902151674
246003,-54.769177600586545
246004,40.38334504391162
246005,-93.09263426322991
246006,1068.4458402889622
246007,855.2321677165834
246008,392.65156109448003
246009,487.8040837389782
246010,62.48853357495591
246011,1224.0270081271478
246012,1010.8133355547692
246013,548.2327289326659
246014,643.3852515771641
246015,-1165.40571785908
246016,-3.867243306888099
246017,-217.08091587926685
246018,-679.6615225013702
246019,-584.5089998568719
246020,-717.9849791640136
246021,443.55349538817853
246022,230.33982281579972
246023,-232.24078380630363
246024,-137.08826116180546
246025,-562.4038113258277
246026,599.1346632263643
246027,385.92099065398554
246028,-76.6596159681178
246029,18.492906676380358
246030,340.7581646284786
246031,1502.2966391806706
246032,1289.0829666082918
246033,826.5023599861885
246034,921.6548826306866
246035,788.1789033235452
246036,1949.7173778757372
246037,1736.5037053033584
246038,1273.9230986812552
246039,1369.0756213257532
246040,943.760071161731
246041,2105.298545713923
246042,1892.0848731415442
246043,1429.504266519441
246044,1524.6567891639393
246045,-219.7194736831209
246046,941.819000869071
246047,728.6053282966923
246048,266.02472167458893
246049,361.1772443190871
246050,227.70126501194557
246051,1389.2397395641376
246052,1176.0260669917589
246053,713.4454603696556
246054,808.5979830141538
246055,383.2824328501315
246056,1544.8209074023234
246057,1331.607234829945
246058,869.0266282078414
246059,964.1791508523396
246060,-330.31577410469276
246061,831.2227004474994
246062,618.0090278751206
246063,155.42842125301718
246064,250.58094389751545
246065,117.10496459037381
246066,1278.643439142566
246067,1065.4297665701872
246068,602.8491599480839
246069,698.001682592582
246070,272.68613242855974
246071,1434.2246069807518
246072,1221.010934408373
246073,758.4303277862697
246074,853.5828504307678
246075,-322.2424361634164
246076,839.2960383887756
246077,626.0823658163969
246078,163.50175919429353
246079,258.65428183879175
246080,125.17830253165016
246081,1286.7167770838423
246082,1073.5031045114636
246083,610.9224978893602
246084,706.0750205338584
246085,280.7594703698361
246086,1442.297944922028
246087,1229.0842723496494
246088,766.503665727546
246089,861.6561883720442
246090,-528.1741244850207
246091,633.3643500671714
246092,420.1506774947926
246093,-42.42992912731074
246094,52.72259351718753
246095,-80.75338578995422
246096,1080.7850887622378
246097,867.5714161898592
246098,404.99080956775583
246099,500.143332212254
246100,74.82778204823171
246101,1236.3662566004239
246102,1023.1525840280451
246103,560.5719774059417
246104,655.7245000504398
246105,-1153.0664693858043
246106,8.47200516638759
246107,-204.74166740599094
246108,-667.3222740280944
246109,-572.1697513835961
246110,-705.6457306907378
246111,455.8927438614542
246112,242.67907128907558
246113,-219.9015353330277
246114,-124.74901268852955
246115,-550.064562852552
246116,611.47391169964
246117,398.2602391272614
246118,-64.320367494842
246119,30.832155149656273
246120,353.09741310175434
246121,1514.6358876539464
246122,1301.4222150815676
246123,838.8416084594643
246124,933.9941311039626
246125,800.5181517968209
246126,1962.056626349013
246127,1748.8429537766342
246128,1286.2623471545307
246129,1381.414869799029
246130,956.0993196350069
246131,2117.637794187199
246132,1904.42412161482
246133,1441.8435149927168
246134,1536.996037637215
246135,-207.38022520984532
246136,954.1582493423468
246137,740.9445767699681
246138,278.3639701478647
246139,373.5164927923629
246140,240.04051348522137
246141,1401.5789880374134
246142,1188.3653154650347
246143,725.7847088429314
246144,820.9372314874295
246145,395.6216813234072
246146,1557.1601558755992
246147,1343.9464833032207
246148,881.3658766811171
246149,976.5183993256154
246150,-317.97652563141696
246151,843.5619489207751
246152,630.3482763483964
246153,167.76766972629298
246154,262.9201923707912
246155,129.4442130636496
246156,1290.9826876158418
246157,1077.769015043463
246158,615.1884084213597
246159,710.3409310658578
246160,285.0253809018355
246161,1446.5638554540276
246162,1233.3501828816488
246163,770.7695762595455
246164,865.9220989040437
246165,-309.9031876901406
246166,851.6352868620514
246167,638.4216142896727
246168,175.84100766756933
246169,270.9935303120675
246170,137.51755100492596
246171,1299.0560255571181
246172,1085.8423529847394
246173,623.261746362636
246174,718.4142690071342
246175,293.09871884311184
246176,1454.637193395304
246177,1241.4235208229252
246178,778.8429142008217
246179,873.99543684532
246180,-515.8348760117449
246181,645.703598540447
246182,432.4899259680684
246183,-30.09068065403494
246184,65.06184199046334
246185,-68.41413731667842
246186,1093.1243372355136
246187,879.910664663135
246188,417.33005804103163
246189,512.4825806855298
246190,87.16703052150751
246191,1248.7055050736994
246192,1035.491832501321
246193,572.9112258792175
246194,668.0637485237156
246195,-1140.7272209125288
246196,20.811253639663505
246197,-192.40241893271525
246198,-654.9830255548186
246199,-559.8305029103205
246200,-693.306482217462
246201,468.2319923347301
246202,255.01831976235144
246203,-207.5622868597519
246204,-112.40976421525374
246205,-537.7253143792761
246206,623.8131601729159
246207,410.59948760053715
246208,-51.9811190215662
246209,43.171403622932075
246210,365.4366615750301
246211,1526.9751361272222
246212,1313.7614635548434
246213,851.18085693274
246214,946.3333795772382
246215,812.8574002700967
246216,1974.3958748222888
246217,1761.18220224991
246218,1298.6015956278065
246219,1393.7541182723048
246220,968.4385681082827
246221,2129.9770426604746
246222,1916.763370088096
246223,1454.1827634659926
246224,1549.3352861104909
246225,-195.04097673656952
246226,966.4974978156226
246227,753.2838252432439
246228,290.7032186211405
246229,385.8557412656387
246230,252.37976195849717
246231,1413.9182365106892
246232,1200.7045639383105
246233,738.1239573162072
246234,833.2764799607054
246235,407.96092979668305
246236,1569.499404348875
246237,1356.2857317764965
246238,893.705125154393
246239,988.8576477988912
246240,-305.63727715814116
246241,855.901197394051
246242,642.6875248216722
246243,180.10691819956878
246244,275.25944084406706
246245,141.78346153692553
246246,1303.3219360891176
246247,1090.1082635167388
246248,627.5276568946355
246249,722.6801795391336
246250,297.36462937511135
246251,1458.9031039273034
246252,1245.6894313549246
246253,783.1088247328213
246254,878.2613473773196
246255,-297.5639392168648
246256,863.9745353353272
246257,650.7608627629486
246258,188.18025614084513
246259,283.33277878534335
246260,149.85679947820188
246261,1311.395274030394
246262,1098.1816014580152
246263,635.6009948359118
246264,730.75351748041
246265,305.4379673163877
246266,1466.9764418685797
246267,1253.762769296201
246268,791.1821626740976
246269,886.3346853185958
246270,-503.4956275384691
246271,658.042847013723
246272,444.82917444134415
246273,-17.75143218075914
246274,77.40109046373902
246275,-56.074888843402505
246276,1105.4635857087897
246277,892.2499131364108
246278,429.66930651430744
246279,524.8218291588056
246280,99.50627899478332
246281,1261.0447535469752
246282,1047.8310809745967
246283,585.2504743524933
246284,680.4029969969914
246285,-1128.387972439253
246286,33.15050211293931
246287,-180.06317045943945
246288,-642.643777081543
246289,-547.4912544370447
246290,-680.9672337441862
246291,480.5712408080059
246292,267.3575682356271
246293,-195.22303838647622
246294,-100.07051574197806
246295,-525.3860659060003
246296,636.1524086461917
246297,422.93873607381295
246298,-39.6418705482904
246299,55.510652096207764
246300,377.775910048306
246301,1539.314384600498
246302,1326.1007120281192
246303,863.5201054060159
246304,958.672628050514
246305,825.1966487433726
246306,1986.7351232955646
246307,1773.5214507231858
246308,1310.9408441010826
246309,1406.0933667455806
246310,980.7778165815585
246311,2142.3162911337504
246312,1929.1026185613716
246313,1466.5220119392684
246314,1561.6745345837667
246315,-182.70172826329372
246316,978.8367462888984
246317,765.6230737165197
246318,303.04246709441634
246319,398.1949897389145
246320,264.719010431773
246321,1426.257484983965
246322,1213.0438124115863
246323,750.463205789483
246324,845.6157284339811
246325,420.3001782699588
246326,1581.8386528221508
246327,1368.6249802497723
246328,906.0443736276688
246329,1001.196896272167
246330,-293.29802868486536
246331,868.2404458673267
246332,655.026773294948
246333,192.44616667284458
246334,287.5986893173428
246335,154.12271001020122
246336,1315.6611845623934
246337,1102.4475119900146
246338,639.8669053679113
246339,735.0194280124094
246340,309.70387784838715
246341,1471.2423524005792
246342,1258.0286798282004
246343,795.4480732060972
246344,890.6005958505953
246345,-285.224690743589
246346,876.313783808603
246347,663.1001112362243
246348,200.51950461412093
246349,295.6720272586191
246350,162.19604795147757
246351,1323.7345225036697
246352,1110.520849931291
246353,647.9402433091876
246354,743.0927659536858
246355,317.7772157896635
246356,1479.3156903418553
246357,1266.1020177694768
246358,803.5214111473734
246359,898.6739337918716
246360,-491.1563790651933
246361,670.3820954869987
246362,457.16842291462
246363,-5.4121837074833365
246364,89.74033893701483
246365,-43.7356403701267
246366,1117.8028341820652
246367,904.5891616096866
246368,442.00855498758324
246369,537.1610776320814
246370,111.84552746805912
246371,1273.384002020251
246372,1060.1703294478725
246373,597.5897228257691
246374,692.7422454702672
246375,-1116.048723965977
246376,45.489750586214996
246377,-167.72392198616365
246378,-630.304528608267
246379,-535.1520059637687
246380,-668.6279852709104
246381,492.9104892812816
246382,279.696816708903
246383,-182.8837899132003
246384,-87.73126726870225
246385,-513.0468174327245
246386,648.4916571194674
246387,435.2779845470888
246388,-27.302622075014597
246389,67.84990056948357
246390,390.11515852158175
246391,1551.6536330737738
246392,1338.439960501395
246393,875.8593538792917
246394,971.0118765237899
246395,837.5358972166484
246396,1999.0743717688404
246397,1785.8606991964616
246398,1323.2800925743584
246399,1418.4326152188564
246400,993.1170650548343
246401,2154.655539607026
246402,1941.4418670346474
246403,1478.8612604125442
246404,1574.0137830570425
246405,-170.36247979001791
246406,991.1759947621742
246407,777.9623221897955
246408,315.3817155676921
246409,410.5342382121903
246410,277.0582589050488
246411,1438.5967334572408
246412,1225.383060884862
246413,762.8024542627588
246414,857.9549769072569
246415,432.6394267432346
246416,1594.1779012954266
246417,1380.964228723048
246418,918.3836221009446
246419,1013.5361447454428
246420,-205.41043006395466
246421,956.1280444882374
246422,742.9143719158586
246423,280.33376529375533
246424,375.4862879382535
246425,242.0103086311119
246426,1403.548783183304
246427,1190.3351106109253
246428,727.754503988822
246429,822.9070266333201
246430,397.59147646929773
246431,1559.12995102149
246432,1345.9162784491111
246433,883.3356718270077
246434,978.488194471506
246435,-197.3370921226783
246436,964.2013824295136
246437,750.987709857135
246438,288.4071032350316
246439,383.5596258795298
246440,250.08364657238826
246441,1411.6221211245802
246442,1198.4084485522017
246443,735.8278419300982
246444,830.9803645745964
246445,405.6648144105741
246446,1567.2032889627662
246447,1353.9896163903873
246448,891.409009768284
246449,986.5615324127822
246450,-403.2687804442828
246451,758.2696941079093
246452,545.0560215355306
246453,82.47541491342724
246454,177.6279375579254
246455,44.15195825078388
246456,1205.690432802976
246457,992.4767602305972
246458,529.8961536084939
246459,625.048676252992
246460,199.7331260889697
246461,1361.2716006411617
246462,1148.057928068783
246463,685.4773214466796
246464,780.6298440911778
246465,-1028.1611253450662
246466,133.3773492071257
246467,-79.83632336525307
246468,-542.4169299873563
246469,-447.264407342858
246470,-580.7403866499997
246471,580.7980879021923
246472,367.58441532981357
246473,-94.99619129228972
246474,0.15633135220832628
246475,-425.15921881181407
246476,736.3792557403781
246477,523.1655831679993
246478,60.584976545895984
246479,155.73749919039415
246480,478.0027571424923
246481,1639.5412316946845
246482,1426.3275591223057
246483,963.7469525002024
246484,1058.8994751447005
246485,925.4234958375589
246486,2086.961970389751
246487,1873.7482978173723
246488,1411.167691195269
246489,1506.3202138397671
246490,1081.0046636757447
246491,2242.5431382279367
246492,2029.3294656555581
246493,1566.7488590334547
246494,1661.901381677953
246495,-82.4748811691071
246496,1079.063593383085
246497,865.8499208107062
246498,403.26931418860283
246499,498.421836833101
246500,364.94585752595947
246501,1526.4843320781515
246502,1313.2706595057728
246503,850.6900528836695
246504,945.8425755281676
246505,520.5270253641453
246506,1682.0654999163373
246507,1468.8518273439586
246508,1006.2712207218552
246509,1101.4237433663534
246510,-193.07118159067886
246511,968.4672929615132
246512,755.2536203891344
246513,292.67301376703114
246514,387.8255364115293
246515,254.34955710438777
246516,1415.8880316565799
246517,1202.6743590842011
246518,740.0937524620978
246519,835.2462751065959
246520,409.93072494257365
246521,1571.4691994947657
246522,1358.255526922387
246523,895.6749203002836
246524,990.8274429447818
246525,-184.9978436494025
246526,976.5406309027894
246527,763.3269583304107
246528,300.74635170830743
246529,395.8988743528056
246530,262.422895045664
246531,1423.9613695978562
246532,1210.7476970254775
246533,748.167090403374
246534,843.3196130478722
246535,418.0040628838499
246536,1579.542537436042
246537,1366.328864863663
246538,903.7482582415598
246539,998.9007808860581
246540,-390.9295319710068
246541,770.6089425811851
246542,557.3952700088064
246543,94.81466338670316
246544,189.96718603120132
246545,56.49120672405979
246546,1218.0296812762517
246547,1004.816008703873
246548,542.2354020817697
246549,637.3879247262678
246550,212.0723745622456
246551,1373.6108491144378
246552,1160.3971765420588
246553,697.8165699199556
246554,792.9690925644537
246555,-1015.8218768717904
246556,145.7165976804015
246557,-67.49707489197715
246558,-530.0776815140805
246559,-434.92515886958245
246560,-568.4011381767239
246561,593.1373363754682
246562,379.9236638030894
246563,-82.65694281901392
246564,12.495579825484242
246565,-412.81997033853804
246566,748.718504213654
246567,535.5048316412751
246568,72.9242250191719
246569,168.07674766367006
246570,490.3420056157682
246571,1651.8804801679603
246572,1438.6668075955813
246573,976.0862009734781
246574,1071.2387236179763
246575,937.7627443108348
246576,2099.301218863027
246577,1886.087546290648
246578,1423.5069396685449
246579,1518.659462313043
246580,1093.3439121490205
246581,2254.8823867012125
246582,2041.668714128834
246583,1579.0881075067305
246584,1674.2406301512287
246585,-70.13563269583142
246586,1091.4028418563607
246587,878.1891692839819
246588,415.6085626618786
246589,510.76108530637674
246590,377.2851059992352
246591,1538.8235805514273
246592,1325.6099079790486
246593,863.0293013569452
246594,958.1818240014434
246595,532.866273837421
246596,1694.4047483896131
246597,1481.1910758172344
246598,1018.610469195131
246599,1113.7629918396292
246600,-343.6303129936423
246601,817.9081615585498
246602,604.6944889861709
246603,142.11388236406765
246604,237.2664050085658
246605,103.79042570142428
246606,1265.3289002536162
246607,1052.1152276812377
246608,589.5346210591342
246609,684.6871437036324
246610,259.37159353961016
246611,1420.9100680918023
246612,1207.6963955194235
246613,745.1157888973202
246614,840.2683115418183
246615,-335.55697505236594
246616,825.981499499826
246617,612.7678269274472
246618,150.18722030534389
246619,245.33974294984205
246620,111.86376364270063
246621,1273.4022381948926
246622,1060.188565622514
246623,597.6079590004106
246624,692.7604816449087
246625,267.4449314808865
246626,1428.9834060330786
246627,1215.7697334606996
246628,753.1891268385964
246629,848.3416494830946
246630,-541.4886633739702
246631,620.0498111782217
246632,406.836138605843
246633,-55.74446801626027
246634,39.40805462823789
246635,-94.06792467890375
246636,1067.4705498732883
246637,854.2568773009095
246638,391.6762706788062
246639,486.82879332330435
246640,61.51324315928218
246641,1223.0517177114743
246642,1009.8380451390954
246643,547.257438516992
246644,642.4099611614902
246645,-1166.3810082747539
246646,-4.842533722561939
246647,-218.0562062949407
246648,-680.6368129170439
246649,-585.4842902725459
246650,-718.9602695796873
246651,442.57820497250464
246652,229.364532400126
246653,-233.21607422197735
246654,-138.0635515774792
246655,-563.3791017415015
246656,598.1593728106905
246657,384.94570023831176
246658,-77.63490638379153
246659,17.51761626070663
246660,339.78287421280464
246661,1501.3213487649969
246662,1288.1076761926179
246663,825.5270695705146
246664,920.6795922150127
246665,787.2036129078713
246666,1948.7420874600632
246667,1735.5284148876844
246668,1272.9478082655814
246669,1368.1003309100793
246670,942.7847807460571
246671,2104.323255298249
246672,1891.1095827258705
246673,1428.528976103767
246674,1523.6814987482653
246675,-220.69476409879485
246676,940.8437104533972
246677,727.6300378810184
246678,265.0494312589151
246679,360.20195390341325
246680,226.72597459627184
246681,1388.2644491484639
246682,1175.0507765760851
246683,712.4701699539818
246684,807.62269259848
246685,382.3071424344576
246686,1543.8456169866495
246687,1330.631944414271
246688,868.0513377921676
246689,963.2038604366658
246690,-331.2910645203665
246691,830.2474100318256
246692,617.0337374594468
246693,154.45313083734345
246694,249.6056534818416
246695,116.12967417470009
246696,1277.668148726892
246697,1064.4544761545135
246698,601.87386953241
246699,697.0263921769082
246700,271.7108420128859
246701,1433.249316565078
246702,1220.0356439926993
246703,757.455037370596
246704,852.6075600150941
246705,-323.21772657909014
246706,838.3207479731018
246707,625.107075400723
246708,162.5264687786198
246709,257.6789914231179
246710,124.20301211597643
246711,1285.7414866681684
246712,1072.5278140957898
246713,609.9472074736864
246714,705.0997301181845
246715,279.78417995416225
246716,1441.3226545063544
246717,1228.1089819339757
246718,765.5283753118722
246719,860.6808979563704
246720,-529.1494149006946
246721,632.3890596514975
246722,419.1753870791187
246723,-43.40521954298458
246724,51.74730310151358
246725,-81.72867620562795
246726,1079.809798346564
246727,866.5961257741853
246728,404.015519152082
246729,499.16804179658016
246730,73.85249163255787
246731,1235.39096618475
246732,1022.1772936123712
246733,559.5966869902678
246734,654.749209634766
246735,-1154.041759801478
246736,7.496714750713863
246737,-205.7169578216649
246738,-668.2975644437681
246739,-573.1450417992701
246740,-706.6210211064115
246741,454.91745344578044
246742,241.70378087340168
246743,-220.87682574870155
246744,-125.7243031042035
246745,-551.0398532682259
246746,610.4986212839663
246747,397.28494871158756
246748,-65.29565791051584
246749,29.85686473398232
246750,352.12212268608044
246751,1513.6605972382724
246752,1300.4469246658937
246753,837.8663180437904
246754,933.0188406882887
246755,799.5428613811471
246756,1961.0813359333392
246757,1747.8676633609605
246758,1285.2870567388572
246759,1380.4395793833553
246760,955.1240292193329
246761,2116.662503771525
246762,1903.4488311991463
246763,1440.8682245770428
246764,1536.0207472215411
246765,-208.35551562551905
246766,953.182958926673
246767,739.9692863542942
246768,277.3886797321909
246769,372.54120237668906
246770,239.06522306954753
246771,1400.6036976217397
246772,1187.390025049361
246773,724.8094184272576
246774,819.9619410717557
246775,394.64639090773335
246776,1556.1848654599255
246777,1342.9711928875467
246778,880.3905862654434
246779,975.5431089099416
246780,-318.9518160470909
246781,842.5866585051012
246782,629.3729859327226
246783,166.79237931061925
246784,261.94490195511736
246785,128.4689226479759
246786,1290.0073972001678
246787,1076.7937246277893
246788,614.2131180056858
246789,709.365640650184
246790,284.0500904861617
246791,1445.5885650383539
246792,1232.374892465975
246793,769.7942858438718
246794,864.9468084883699
246795,-310.87847810581457
246796,850.6599964463776
246797,637.4463238739988
246798,174.8657172518955
246799,270.01823989639365
246800,136.54226058925224
246801,1298.0807351414442
246802,1084.8670625690656
246803,622.2864559469622
246804,717.4389785914603
246805,292.12342842743806
246806,1453.6619029796302
246807,1240.4482304072512
246808,777.867623785148
246809,873.0201464296462
246810,-516.8101664274188
246811,644.7283081247733
246812,431.51463555239457
246813,-31.06597106970878
246814,64.08655157478938
246815,-69.38942773235226
246816,1092.14904681984
246817,878.9353742474611
246818,416.3547676253578
246819,511.50729026985596
246820,86.19174010583367
246821,1247.7302146580257
246822,1034.516542085647
246823,571.9359354635436
246824,667.0884581080418
246825,-1141.7025113282025
246826,19.835963223989552
246827,-193.3777093483892
246828,-655.9583159704925
246829,-560.8057933259943
246830,-694.2817726331357
246831,467.2567019190563
246832,254.04302934667754
246833,-208.53757727542575
246834,-113.38505463092758
246835,-538.7006047949501
246836,622.8378697572421
246837,409.62419718486336
246838,-52.95640943724004
246839,42.19611320725812
246840,364.4613711593562
246841,1525.9998457115485
246842,1312.7861731391695
246843,850.2055665170662
246844,945.3580891615644
246845,811.8821098544229
246846,1973.420584406615
246847,1760.2069118342363
246848,1297.6263052121328
246849,1392.778827856631
246850,967.4632776926087
246851,2129.0017522448006
246852,1915.788079672422
246853,1453.2074730503186
246854,1548.359995694817
246855,-196.01626715224324
246856,965.5222073999488
246857,752.30853482757
246858,289.7279282054667
246859,384.88045084996486
246860,251.4044715428234
246861,1412.9429460950155
246862,1199.7292735226367
246863,737.1486669005334
246864,832.3011895450315
246865,406.98563938100926
246866,1568.5241139332013
246867,1355.3104413608226
246868,892.7298347387192
246869,987.8823573832174
246870,-306.6125675738149
246871,854.9259069783772
246872,641.7122344059983
246873,179.13162778389506
246874,274.28415042839316
246875,140.8081711212517
246876,1302.3466456734436
246877,1089.132973101065
246878,626.5523664789616
246879,721.7048891234598
246880,296.38933895943757
246881,1457.9278135116297
246882,1244.714140939251
246883,782.1335343171475
246884,877.2860569616457
246885,-298.53922963253854
246886,862.9992449196534
246887,649.7855723472746
246888,187.2049657251713
246889,282.35748836966945
246890,148.88150906252804
246891,1310.41998361472
246892,1097.2063110423414
246893,634.625704420238
246894,729.7782270647361
246895,304.4626769007139
246896,1466.001151452906
246897,1252.787478880527
246898,790.2068722584238
246899,885.359394902922
246900,-504.4709179541428
246901,657.0675565980491
246902,443.85388402567037
246903,-18.726722596432865
246904,76.4258000480653
246905,-57.050179259076344
246906,1104.4882952931157
246907,891.2746227207369
246908,428.6940160986336
246909,523.8465387431318
246910,98.53098857910959
246911,1260.0694631313017
246912,1046.8557905589228
246913,584.2751839368194
246914,679.4277065813176
246915,-1129.3632628549267
246916,32.17521169726547
246917,-181.0384608751133
246918,-643.6190674972167
246919,-548.4665448527187
246920,-681.9425241598599
246921,479.59595039233204
246922,266.3822778199534
246923,-196.19832880214994
246924,-101.04580615765178
246925,-526.3613563216741
246926,635.1771182305179
246927,421.9634456581391
246928,-40.617160963964125
246929,54.53536168053404
246930,376.80061963263205
246931,1538.3390941848243
246932,1325.1254216124453
246933,862.544814990342
246934,957.6973376348401
246935,824.2213583276987
246936,1985.7598328798906
246937,1772.5461603075119
246938,1309.9655536854088
246939,1405.1180763299067
246940,979.8025261658845
246941,2141.3410007180764
246942,1928.127328145698
246943,1465.5467215235944
246944,1560.6992441680927
246945,-183.67701867896744
246946,977.8614558732246
246947,764.6477833008458
246948,302.0671766787425
246949,397.21969932324066
246950,263.74372001609913
246951,1425.2821945682913
246952,1212.0685219959125
246953,749.4879153738092
246954,844.6404380183073
246955,419.324887854285
246956,1580.8633624064769
246957,1367.6496898340984
246958,905.069083211995
246959,1000.2216058564932
246960,-294.2733191005391
246961,867.2651554516528
246962,654.0514828792742
246963,191.47087625717086
246964,286.623398901669
246965,153.1474195945275
246966,1314.6858941467194
246967,1101.472221574341
246968,638.8916149522374
246969,734.0441375967356
246970,308.7285874327133
246971,1470.2670619849055
246972,1257.0533894125267
246973,794.4727827904234
246974,889.6253054349215
246975,-286.19998115926273
246976,875.3384933929292
246977,662.1248208205504
246978,199.5442141984471
246979,294.6967368429453
246980,161.22075753580384
246981,1322.7592320879958
246982,1109.5455595156172
246983,646.9649528935138
246984,742.117475538012
246985,316.80192537398966
246986,1478.3403999261818
246987,1265.1267273538028
246988,802.5461207316996
246989,897.6986433761978
246990,-492.13166948086723
246991,669.4068050713249
246992,456.1931324989461
246993,-6.387474123157176
246994,88.76504852134099
246995,-44.71093078580054
246996,1116.8275437663915
246997,903.6138711940127
246998,441.0332645719094
246999,536.1857872164076
247000,110.87023705238528
247001,1272.4087116045773
247002,1059.1950390321986
247003,596.6144324100952
247004,691.7669550545934
247005,-1117.0240143816507
247006,44.51446017054127
247007,-168.69921240183749
247008,-631.2798190239407
247009,-536.1272963794427
247010,-669.6032756865841
247011,491.93519886560784
247012,278.7215262932291
247013,-183.85908032887426
247014,-88.7065576843761
247015,-514.0221078483985
247016,647.5163667037937
247017,434.30269413141497
247018,-28.277912490688436
247019,66.87461015380973
247020,389.13986810590785
247021,1550.6783426580998
247022,1337.464670085721
247023,874.8840634636178
247024,970.0365861081159
247025,836.5606068009745
247026,1998.0990813531664
247027,1784.8854087807877
247028,1322.3048021586847
247029,1417.4573248031825
247030,992.1417746391603
247031,2153.6802491913522
247032,1940.4665766189737
247033,1477.8859699968702
247034,1573.0384926413685
247035,-171.33777020569164
247036,990.2007043465004
247037,776.9870317741216
247038,314.4064251520183
247039,409.55894779651646
247040,276.082968489375
247041,1437.621443041567
247042,1224.4077704691883
247043,761.827163847085
247044,856.9796864915832
247045,431.66413632756075
247046,1593.202610879753
247047,1379.9889383073742
247048,917.4083316852708
247049,1012.560854329769
247050,-205.40196562853635
247051,956.1365089236558
247052,742.922836351277
247053,280.3422297291737
247054,375.4947523736719
247055,242.0187730665303
247056,1403.5572476187226
247057,1190.3435750463436
247058,727.7629684242403
247059,822.9154910687384
247060,397.59994090471616
247061,1559.1384154569082
247062,1345.9247428845295
247063,883.3441362624262
247064,978.4966589069243
247065,-197.32862768726
247066,964.209846864932
247067,750.9961742925533
247068,288.41556767045
247069,383.56809031494817
247070,250.09211100780664
247071,1411.6305855599987
247072,1198.41691298762
247073,735.8363063655166
247074,830.9888290100148
247075,405.6732788459925
247076,1567.2117533981846
247077,1353.9980808258058
247078,891.4174742037025
247079,986.5699968482006
247080,-403.26031600886427
247081,758.2781585433278
247082,545.064485970949
247083,82.48387934884568
247084,177.63640199334384
247085,44.16042268620231
247086,1205.6988972383942
247087,992.4852246660156
247088,529.9046180439123
247089,625.0571406884104
247090,199.74159052438813
247091,1361.2800650765803
247092,1148.0663925042013
247093,685.4857858820981
247094,780.6383085265962
247095,-1028.152660909648
247096,133.385813642544
247097,-79.82785892983463
247098,-542.408465551938
247099,-447.2559429074397
247100,-580.7319222145813
247101,580.8065523376108
247102,367.592879765232
247103,-94.98772685687129
247104,0.16479578762675828
247105,-425.1507543763955
247106,736.3877201757965
247107,523.1740476034178
247108,60.593440981314416
247109,155.74596362581258
247110,478.0112215779107
247111,1639.5496961301028
247112,1426.336023557724
247113,963.7554169356208
247114,1058.9079395801189
247115,925.4319602729773
247116,2086.97043482517
247117,1873.7567622527906
247118,1411.1761556306874
247119,1506.3286782751857
247120,1081.013128111163
247121,2242.551602663355
247122,2029.3379300909767
247123,1566.7573234688732
247124,1661.9098461133713
247125,-82.46641673368867
247126,1079.0720578185033
247127,865.8583852461245
247128,403.2777786240212
247129,498.4303012685194
247130,364.95432196137784
247131,1526.4927965135698
247132,1313.2791239411913
247133,850.6985173190878
247134,945.851039963586
247135,520.5354897995637
247136,1682.0739643517559
247137,1468.860291779377
247138,1006.2796851572737
247139,1101.4322078017717
247140,-193.06271715526032
247141,968.4757573969316
247142,755.2620848245529
247143,292.68147820244957
247144,387.83400084694773
247145,254.3580215398062
247146,1415.8964960919982
247147,1202.6828235196194
247148,740.1022168975161
247149,835.2547395420142
247150,409.939189377992
247151,1571.477663930184
247152,1358.2639913578055
247153,895.683384735702
247154,990.8359073802001
247155,-184.9893792139842
247156,976.549095338208
247157,763.3354227658291
247158,300.75481614372586
247159,395.907338788224
247160,262.43135948108244
247161,1423.9698340332745
247162,1210.7561614608958
247163,748.1755548387924
247164,843.3280774832906
247165,418.01252731926826
247166,1579.5510018714604
247167,1366.3373292990816
247168,903.7567226769783
247169,998.9092453214764
247170,-390.92106753558824
247171,770.6174070166036
247172,557.4037344442248
247173,94.82312782212148
247174,189.97565046661975
247175,56.49967115947811
247176,1218.03814571167
247177,1004.8244731392914
247178,542.243866517188
247179,637.3963891616862
247180,212.08083899766405
247181,1373.619313549856
247182,1160.4056409774773
247183,697.8250343553739
247184,792.977556999872
247185,-1015.8134124363721
247186,145.72506211581992
247187,-67.48861045655883
247188,-530.0692170786622
247189,-434.9166944341641
247190,-568.3926737413055
247191,593.1458008108865
247192,379.93212823850774
247193,-82.64847838359549
247194,12.504044260902674
247195,-412.8115059031195
247196,748.7269686490723
247197,535.5132960766937
247198,72.93268945459022
247199,168.0852120990885
247200,490.3504700511866
247201,1651.8889446033786
247202,1438.6752720309998
247203,976.0946654088966
247204,1071.2471880533947
247205,937.7712087462533
247206,2099.309683298445
247207,1886.0960107260664
247208,1423.5154041039632
247209,1518.6679267484612
247210,1093.352376584439
247211,2254.8908511366308
247212,2041.6771785642525
247213,1579.096571942149
247214,1674.249094586647
247215,-70.12716826041299
247216,1091.411306291779
247217,878.1976337194003
247218,415.617027097297
247219,510.7695497417952
247220,377.29357043465365
247221,1538.8320449868456
247222,1325.6183724144669
247223,863.0377657923636
247224,958.1902884368618
247225,532.8747382728394
247226,1694.4132128250315
247227,1481.1995402526527
247228,1018.6189336305495
247229,1113.7714562750475
247230,-343.621848558224
247231,817.9166259939681
247232,604.7029534215894
247233,142.12234679948608
247234,237.27486944398424
247235,103.79889013684272
247236,1265.3373646890348
247237,1052.123692116656
247238,589.5430854945527
247239,684.6956081390508
247240,259.38005797502854
247241,1420.9185325272206
247242,1207.7048599548418
247243,745.1242533327386
247244,840.2767759772366
247245,-335.5485106169476
247246,825.9899639352444
247247,612.7762913628657
247248,150.19568474076232
247249,245.34820738526048
247250,111.87222807811906
247251,1273.4107026303109
247252,1060.1970300579324
247253,597.616423435829
247254,692.7689460803272
247255,267.4533959163049
247256,1428.991870468497
247257,1215.7781978961182
247258,753.1975912740148
247259,848.350113918513
247260,-541.4801989385519
247261,620.05827561364
247262,406.84460304126134
247263,-55.73600358084195
247264,39.41651906365621
247265,-94.05946024348532
247266,1067.4790143087066
247267,854.265341736328
247268,391.6847351142246
247269,486.8372577587228
247270,61.5217075947005
247271,1223.0601821468927
247272,1009.8465095745138
247273,547.2659029524104
247274,642.4184255969086
247275,-1166.3725438393355
247276,-4.834069287143507
247277,-218.04774185952226
247278,-680.6283484816256
247279,-585.4758258371276
247280,-718.951805144269
247281,442.58666940792307
247282,229.3729968355443
247283,-233.20760978655903
247284,-138.05508714206087
247285,-563.3706373060832
247286,598.1678372461089
247287,384.9541646737302
247288,-77.62644194837321
247289,17.52608069612495
247290,339.7913386482231
247291,1501.3298132004152
247292,1288.1161406280364
247293,825.5355340059331
247294,920.6880566504312
247295,787.2120773432897
247296,1948.7505518954817
247297,1735.536879323103
247298,1272.9562727009998
247299,1368.1087953454978
247300,942.7932451814755
247301,2104.3317197336673
247302,1891.1180471612888
247303,1428.5374405391856
247304,1523.6899631836836
247305,-220.68629966337653
247306,940.8521748888156
247307,727.6385023164369
247308,265.0578956943335
247309,360.2104183388317
247310,226.73443903169016
247311,1388.2729135838822
247312,1175.0592410115034
247313,712.4786343894002
247314,807.6311570338983
247315,382.315606869876
247316,1543.854081422068
247317,1330.6404088496893
247318,868.059802227586
247319,963.2123248720841
247320,-331.28260008494817
247321,830.2558744672439
247322,617.0422018948652
247323,154.46159527276188
247324,249.61411791726005
247325,116.13813861011852
247326,1277.6766131623106
247327,1064.4629405899318
247328,601.8823339678285
247329,697.0348566123266
247330,271.71930644830434
247331,1433.2577810004964
247332,1220.0441084281176
247333,757.4635018060144
247334,852.6160244505124
247335,-323.2092621436718
247336,838.3292124085202
247337,625.1155398361416
247338,162.53493321403812
247339,257.68745585853634
247340,124.21147655139487
247341,1285.749951103587
247342,1072.5362785312082
247343,609.9556719091048
247344,705.108194553603
247345,279.7926443895807
247346,1441.3311189417727
247347,1228.117446369394
247348,765.5368397472906
247349,860.6893623917888
247350,-529.1409504652761
247351,632.3975240869158
247352,419.18385151453714
247353,-43.39675510756615
247354,51.75576753693201
247355,-81.72021177020952
247356,1079.8182627819824
247357,866.6045902096038
247358,404.0239835875004
247359,499.1765062319986
247360,73.8609560679763
247361,1235.3994306201682
247362,1022.1857580477896
247363,559.6051514256862
247364,654.7576740701844
247365,-1154.0332953660597
247366,7.505179186132182
247367,-205.70849338624646
247368,-668.2891000083498
247369,-573.1365773638518
247370,-706.6125566709932
247371,454.92591788119887
247372,241.71224530882012
247373,-220.86836131328323
247374,-125.71583866878507
247375,-551.0313888328074
247376,610.5070857193847
247377,397.29341314700594
247378,-65.28719347509741
247379,29.865329169400752
247380,352.1305871214989
247381,1513.669061673691
247382,1300.4553891013122
247383,837.874782479209
247384,933.027305123707
247385,799.5513258165655
247386,1961.0898003687576
247387,1747.8761277963788
247388,1285.2955211742756
247389,1380.4480438187738
247390,955.1324936547513
247391,2116.670968206943
247392,1903.4572956345646
247393,1440.8766890124614
247394,1536.0292116569594
247395,-208.34705119010073
247396,953.1914233620914
247397,739.9777507897127
247398,277.3971441676093
247399,372.5496668121075
247400,239.07368750496596
247401,1400.612162057158
247402,1187.3984894847792
247403,724.817882862676
247404,819.9704055071741
247405,394.6548553431518
247406,1556.193329895344
247407,1342.979657322965
247408,880.3990507008618
247409,975.5515733453599
247410,-318.94335161167237
247411,842.5951229405197
247412,629.381450368141
247413,166.80084374603769
247414,261.9533663905358
247415,128.4773870833942
247416,1290.0158616355861
247417,1076.8021890632076
247418,614.2215824411043
247419,709.3741050856024
247420,284.05855492158014
247421,1445.5970294737722
247422,1232.3833569013934
247423,769.8027502792902
247424,864.9552729237882
247425,-310.870013670396
247426,850.668460881796
247427,637.4547883094173
247428,174.87418168731392
247429,270.0267043318121
247430,136.55072502467056
247431,1298.0891995768625
247432,1084.875527004484
247433,622.2949203823806
247434,717.4474430268788
247435,292.1318928628565
247436,1453.6703674150485
247437,1240.4566948426698
247438,777.8760882205664
247439,873.0286108650646
247440,-516.8017019920003
247441,644.7367725601916
247442,431.523099987813
247443,-31.05750663429035
247444,64.09501601020781
247445,-69.38096329693383
247446,1092.1575112552582
247447,878.9438386828796
247448,416.3632320607762
247449,511.5157547052744
247450,86.2002045412521
247451,1247.7386790934443
247452,1034.5250065210655
247453,571.944399898962
247454,667.0969225434602
247455,-1141.694046892784
247456,19.844427659407984
247457,-193.36924491297066
247458,-655.949851535074
247459,-560.7973288905757
247460,-694.2733081977174
247461,467.2651663544746
247462,254.05149378209597
247463,-208.52911284000731
247464,-113.37659019550915
247465,-538.6921403595315
247466,622.8463341926604
247467,409.63266162028174
247468,-52.94794500182161
247469,42.204577642676554
247470,364.4698355947746
247471,1526.0083101469668
247472,1312.794637574588
247473,850.2140309524847
247474,945.3665535969828
247475,811.8905742898412
247476,1973.4290488420334
247477,1760.2153762696546
247478,1297.6347696475514
247479,1392.7872922920494
247480,967.4717421280271
247481,2129.010216680219
247482,1915.7965441078404
247483,1453.2159374857372
247484,1548.3684601302352
247485,-196.0078027168248
247486,965.5306718353672
247487,752.3169992629885
247488,289.73639264088513
247489,384.8889152853833
247490,251.41293597824176
247491,1412.9514105304338
247492,1199.737737958055
247493,737.1571313359518
247494,832.3096539804499
247495,406.9941038164277
247496,1568.5325783686196
247497,1355.3189057962409
247498,892.7382991741376
247499,987.8908218186358
247500,-306.60410313839657
247501,854.9343714137955
247502,641.7206988414168
247503,179.14009221931337
247504,274.2926148638116
247505,140.81663555667012
247506,1302.3551101088622
247507,1089.1414375364834
247508,626.5608309143801
247509,721.7133535588782
247510,296.39780339485594
247511,1457.936277947048
247512,1244.7226053746692
247513,782.1419987525659
247514,877.294521397064
247515,-298.5307651971202
247516,863.0077093550718
247517,649.7940367826931
247518,187.21343016058972
247519,282.3659528050879
247520,148.88997349794647
247521,1310.4284480501383
247522,1097.2147754777598
247523,634.6341688556564
247524,729.7866915001546
247525,304.4711413361323
247526,1466.0096158883243
247527,1252.7959433159456
247528,790.2153366938422
247529,885.3678593383404
247530,-504.4624535187245
247531,657.0760210334674
247532,443.8623484610887
247533,-18.718258161014546
247534,76.43426448348362
247535,-57.04171482365791
247536,1104.496759728534
247537,891.2830871561553
247538,428.70248053405203
247539,523.8550031785501
247540,98.53945301452791
247541,1260.07792756672
247542,1046.864254994341
247543,584.2836483722378
247544,679.436171016736
247545,-1129.3547984195081
247546,32.1836761326839
247547,-181.02999643969486
247548,-643.6106030617982
247549,-548.4580804173002
247550,-681.9340597244416
247551,479.6044148277505
247552,266.3907422553717
247553,-196.18986436673163
247554,-101.03734172223346
247555,-526.3528918862557
247556,635.1855826659363
247557,421.97191009355754
247558,-40.608696528545806
247559,54.543826115952356
247560,376.8090840680505
247561,1538.3475586202426
247562,1325.1338860478638
247563,862.5532794257605
247564,957.7058020702586
247565,824.2298227631171
247566,1985.7682973153092
247567,1772.5546247429304
247568,1309.9740181208272
247569,1405.1265407653252
247570,979.8109906013029
247571,2141.3494651534947
247572,1928.1357925811162
247573,1465.555185959013
247574,1560.707708603511
247575,-183.66855424354912
247576,977.869920308643
247577,764.6562477362643
247578,302.07564111416093
247579,397.2281637586591
247580,263.75218445151756
247581,1425.2906590037096
247582,1212.0769864313309
247583,749.4963798092276
247584,844.6489024537257
247585,419.3333522897034
247586,1580.8718268418954
247587,1367.6581542695167
247588,905.0775476474134
247589,1000.2300702919115
247590,-294.26485466512077
247591,867.2736198870714
247592,654.0599473146926
247593,191.4793406925893
247594,286.63186333708745
247595,153.15588402994592
247596,1314.694358582138
247597,1101.4806860097592
247598,638.9000793876559
247599,734.052602032154
247600,308.73705186813174
247601,1470.2755264203238
247602,1257.061853847945
247603,794.4812472258418
247604,889.6337698703398
247605,-286.1915167238444
247606,875.3469578283476
247607,662.1332852559689
247608,199.55267863386553
247609,294.70520127836375
247610,161.22922197122227
247611,1322.7676965234143
247612,1109.5540239510356
247613,646.9734173289322
247614,742.1259399734304
247615,316.8103898094081
247616,1478.3488643616001
247617,1265.1351917892214
247618,802.554585167118
247619,897.7071078116162
247620,-492.1232050454487
247621,669.4152695067434
247622,456.20159693436455
247623,-6.379009687738744
247624,88.77351295675942
247625,-44.70246635038211
247626,1116.8360082018098
247627,903.6223356294311
247628,441.04172900732783
247629,536.194251651826
247630,110.87870148780371
247631,1272.4171760399959
247632,1059.2035034676169
247633,596.6228968455137
247634,691.7754194900118
247635,-1117.0155499462323
247636,44.5229246059597
247637,-168.69074796641905
247638,-631.2713545885224
247639,-536.1188319440241
247640,-669.5948112511658
247641,491.9436633010263
247642,278.7299907286475
247643,-183.85061589345582
247644,-88.69809324895766
247645,-514.01364341298
247646,647.5248311392121
247647,434.31115856683334
247648,-28.269448055270004
247649,66.88307458922816
247650,389.1483325413263
247651,1550.6868070935184
247652,1337.4731345211396
247653,874.8925278990364
247654,970.0450505435344
247655,836.5690712363929
247656,1998.107545788585
247657,1784.8938732162062
247658,1322.313266594103
247659,1417.465789238601
247660,992.1502390745787
247661,2153.6887136267706
247662,1940.475041054392
247663,1477.8944344322888
247664,1573.0469570767868
247665,-171.32930577027332
247666,990.2091687819188
247667,776.9954962095401
247668,314.41488958743673
247669,409.5674122319349
247670,276.09143292479337
247671,1437.6299074769854
247672,1224.4162349046067
247673,761.8356282825034
247674,856.9881509270015
247675,431.6726007629792
247676,1593.2110753151712
247677,1379.9974027427925
247678,917.4167961206892
247679,1012.5693187651873
247680,-205.3935011931178
247681,956.1449733590741
247682,742.9313007866954
247683,280.35069416459214
247684,375.5032168090903
247685,242.02723750194872
247686,1403.565712054141
247687,1190.352039481762
247688,727.7714328596587
247689,822.9239555041569
247690,397.60840534013454
247691,1559.1468798923265
247692,1345.933207319948
247693,883.3526006978445
247694,978.5051233423427
247695,-197.32016325184145
247696,964.2183113003505
247697,751.0046387279717
247698,288.42403210586843
247699,383.5765547503666
247700,250.10057544322507
247701,1411.639049995417
247702,1198.4253774230383
247703,735.8447708009351
247704,830.9972934454332
247705,405.6817432814109
247706,1567.2202178336029
247707,1354.0065452612243
247708,891.4259386391209
247709,986.5784612836189
247710,-403.2518515734457
247711,758.2866229787462
247712,545.0729504063675
247713,82.49234378426411
247714,177.64486642876227
247715,44.16888712162063
247716,1205.7073616738128
247717,992.493689101434
247718,529.9130824793307
247719,625.0656051238288
247720,199.75005495980656
247721,1361.2885295119986
247722,1148.0748569396198
247723,685.4942503175165
247724,780.6467729620147
247725,-1028.1441964742296
247726,133.39427807796244
247727,-79.81939449441631
247728,-542.4000011165197
247729,-447.2474784720214
247730,-580.723457779163
247731,580.8150167730291
247732,367.6013442006504
247733,-94.97926242145286
247734,0.1732602230451903
247735,-425.142289940977
247736,736.3961846112148
247737,523.1825120388362
247738,60.60190541673285
247739,155.754428061231
247740,478.01968601332914
247741,1639.5581605655211
247742,1426.3444879931426
247743,963.7638813710391
247744,1058.9164040155374
247745,925.4404247083958
247746,2086.978899260588
247747,1873.765226688209
247748,1411.1846200661057
247749,1506.337142710604
247750,1081.0215925465816
247751,2242.5600670987733
247752,2029.346394526395
247753,1566.7657879042915
247754,1661.9183105487898
247755,-82.45795229827036
247756,1079.0805222539216
247757,865.8668496815429
247758,403.28624305943964
247759,498.4387657039378
247760,364.9627863967963
247761,1526.5012609489881
247762,1313.2875883766096
247763,850.7069817545063
247764,945.8595043990044
247765,520.543954234982
247766,1682.0824287871742
247767,1468.8687562147954
247768,1006.288149592692
247769,1101.4406722371903
247770,-193.054252719842
247771,968.4842218323499
247772,755.2705492599712
247773,292.68994263786794
247774,387.8424652823661
247775,254.36648597522458
247776,1415.9049605274167
247777,1202.6912879550378
247778,740.1106813329345
247779,835.2632039774327
247780,409.94765381341045
247781,1571.4861283656023
247782,1358.2724557932238
247783,895.6918491711203
247784,990.8443718156185
247785,-184.98091477856576
247786,976.5575597736263
247787,763.3438872012475
247788,300.7632805791442
247789,395.9158032236424
247790,262.4398239165008
247791,1423.9782984686929
247792,1210.764625896314
247793,748.1840192742109
247794,843.336541918709
247795,418.0209917546867
247796,1579.5594663068787
247797,1366.3457937345
247798,903.7651871123967
247799,998.9177097568949
247800,-390.9126031001699
247801,770.6258714520219
247802,557.4121988796433
247803,94.83159225754002
247804,189.9841149020382
247805,56.508135594896544
247806,1218.0466101470886
247807,1004.8329375747098
247808,542.2523309526065
247809,637.4048535971046
247810,212.08930343308248
247811,1373.6277779852744
247812,1160.4141054128957
247813,697.8334987907923
247814,792.9860214352905
247815,-1015.8049480009538
247816,145.73352655123836
247817,-67.4801460211404
247818,-530.0607526432439
247819,-434.9082299987458
247820,-568.3842093058872
247821,593.1542652463049
247822,379.9405926739262
247823,-82.64001394817717
247824,12.512508696320992
247825,-412.8030414677012
247826,748.7354330844908
247827,535.521760512112
247828,72.94115389000854
247829,168.0936765345068
247830,490.358934486605
247831,1651.897409038797
247832,1438.6837364664182
247833,976.1031298443149
247834,1071.2556524888132
247835,937.7796731816716
247836,2099.318147733864
247837,1886.1044751614847
247838,1423.5238685393815
247839,1518.6763911838798
247840,1093.3608410198574
247841,2254.899315572049
247842,2041.6856429996708
247843,1579.1050363775673
247844,1674.2575590220656
247845,-70.11870382499455
247846,1091.4197707271974
247847,878.2060981548186
247848,415.6254915327154
247849,510.77801417721355
247850,377.302034870072
247851,1538.840509422264
247852,1325.6268368498854
247853,863.0462302277821
247854,958.1987528722802
247855,532.8832027082578
247856,1694.42167726045
247857,1481.208004688071
247858,1018.6273980659678
247859,1113.779920710466
247860,-343.6133841228054
247861,817.9250904293865
247862,604.7114178570077
247863,142.1308112349045
247864,237.28333387940268
247865,103.80735457226115
247866,1265.3458291244533
247867,1052.1321565520743
247868,589.5515499299711
247869,684.7040725744693
247870,259.38852241044697
247871,1420.926996962639
247872,1207.7133243902604
247873,745.1327177681569
247874,840.2852404126551
247875,-335.5400461815291
247876,825.9984283706629
247877,612.7847557982841
247878,150.20414917618075
247879,245.3566718206789
247880,111.8806925135375
247881,1273.4191670657294
247882,1060.2054944933507
247883,597.6248878712474
247884,692.7774105157455
247885,267.4618603517233
247886,1429.0003349039152
247887,1215.7866623315367
247888,753.2060557094333
247889,848.3585783539314
247890,-541.4717345031333
247891,620.0667400490586
247892,406.85306747667977
247893,-55.72753914542352
247894,39.42498349907464
247895,-94.050995808067
247896,1067.4874787441252
247897,854.2738061717464
247898,391.69319954964305
247899,486.84572219414116
247900,61.53017203011893
247901,1223.068646582311
247902,1009.8549740099322
247903,547.2743673878289
247904,642.426890032327
247905,-1166.3640794039172
247906,-4.825604851725075
247907,-218.03927742410383
247908,-680.6198840462073
247909,-585.4673614017092
247910,-718.9433407088507
247911,442.5951338433415
247912,229.38146127096275
247913,-233.1991453511406
247914,-138.04662270664244
247915,-563.3621728706646
247916,598.1763016815273
247917,384.96262910914857
247918,-77.61797751295478
247919,17.534545131543382
247920,339.7998030836415
247921,1501.3382776358335
247922,1288.1246050634547
247923,825.5439984413515
247924,920.6965210858496
247925,787.2205417787081
247926,1948.7590163309
247927,1735.5453437585213
247928,1272.964737136418
247929,1368.1172597809164
247930,942.801709616894
247931,2104.3401841690857
247932,1891.1265115967074
247933,1428.545904974604
247934,1523.698427619102
247935,-220.67783522795798
247936,940.860639324234
247937,727.6469667518553
247938,265.06636012975196
247939,360.2188827742501
247940,226.7429034671086
247941,1388.2813780193005
247942,1175.067705446922
247943,712.4870988248185
247944,807.6396214693167
247945,382.3240713052944
247946,1543.8625458574866
247947,1330.6488732851076
247948,868.0682666630044
247949,963.2207893075026
247950,-331.2741356495296
247951,830.2643389026623
247952,617.0506663302835
247953,154.47005970818032
247954,249.62258235267842
247955,116.14660304553684
247956,1277.6850775977289
247957,1064.4714050253501
247958,601.8907984032469
247959,697.043321047745
247960,271.72777088372277
247961,1433.2662454359147
247962,1220.0525728635362
247963,757.4719662414327
247964,852.6244888859309
247965,-323.2007977082533
247966,838.3376768439387
247967,625.1240042715599
247968,162.54339764945655
247969,257.6959202939547
247970,124.21994098681319
247971,1285.7584155390052
247972,1072.5447429666265
247973,609.9641363445232
247974,705.1166589890213
247975,279.8011088249991
247976,1441.339583377191
247977,1228.1259108048125
247978,765.5453041827091
247979,860.6978268272072
247980,-529.1324860298575
247981,632.4059885223343
247982,419.19231594995557
247983,-43.38829067214772
247984,51.764231972350444
247985,-81.7117473347912
247986,1079.8267272174007
247987,866.6130546450222
247988,404.03244802291886
247989,499.18497066741696
247990,73.86942050339474
247991,1235.4078950555868
247992,1022.194222483208
247993,559.6136158611047
247994,654.7661385056028
247995,-1154.0248309306414
247996,7.513643621550614
247997,-205.70002895082803
247998,-668.2806355729315
247999,-573.1281129284332
248000,-706.6040922355749
248001,454.9343823166172
248002,241.72070974423855
248003,-220.85989687786468
248004,-125.70737423336664
248005,-551.0229243973888
248006,610.515550154803
248007,397.30187758242437
248008,-65.27872903967898
248009,29.873793604819184
248010,352.13905155691725
248011,1513.6775261091093
248012,1300.4638535367305
248013,837.8832469146273
248014,933.0357695591255
248015,799.5597902519838
248016,1961.0982648041759
248017,1747.8845922317973
248018,1285.3039856096939
248019,1380.4565082541922
248020,955.1409580901698
248021,2116.6794326423615
248022,1903.4657600699832
248023,1440.88515344788
248024,1536.037676092378
248025,-208.3385867546823
248026,953.1998877975097
248027,739.9862152251311
248028,277.4056086030277
248029,372.55813124752586
248030,239.0821519403844
248031,1400.6206264925763
248032,1187.4069539201978
248033,724.8263472980943
248034,819.9788699425925
248035,394.6633197785702
248036,1556.2017943307624
248037,1342.9881217583836
248038,880.4075151362802
248039,975.5600377807784
248040,-318.93488717625405
248041,842.6035873759381
248042,629.3899148035593
248043,166.809308181456
248044,261.96183082595417
248045,128.48585151881264
248046,1290.0243260710047
248047,1076.810653498626
248048,614.2300468765227
248049,709.3825695210209
248050,284.0670193569985
248051,1445.6054939091905
248052,1232.391821336812
248053,769.8112147147085
248054,864.9637373592067
248055,-310.8615492349777
248056,850.6769253172145
248057,637.4632527448357
248058,174.88264612273224
248059,270.0351687672305
248060,136.559189460089
248061,1298.097664012281
248062,1084.8839914399023
248063,622.303384817799
248064,717.4559074622971
248065,292.14035729827486
248066,1453.6788318504668
248067,1240.4651592780883
248068,777.8845526559849
248069,873.037075300483
248070,-516.7932375565817
248071,644.7452369956101
248072,431.53156442323143
248073,-31.049042198871916
248074,64.10348044562625
248075,-69.3724988615154
248076,1092.1659756906765
248077,878.952303118298
248078,416.37169649619466
248079,511.52421914069276
248080,86.20866897667042
248081,1247.7471435288626
248082,1034.5334709564838
248083,571.9528643343805
248084,667.1053869788786
248085,-1141.6855824573656
248086,19.852892094826416
248087,-193.36078047755234
248088,-655.9413870996557
248089,-560.7888644551574
248090,-694.264843762299
248091,467.27363078989305
248092,254.0599582175143
248093,-208.520648404589
248094,-113.36812576009083
248095,-538.6836759241132
248096,622.8547986280789
248097,409.64112605570017
248098,-52.93948056640329
248099,42.21304207809487
248100,364.478300030193
248101,1526.016774582385
248102,1312.8031020100063
248103,850.2224953879031
248104,945.3750180324012
248105,811.8990387252596
248106,1973.4375132774517
248107,1760.2238407050731
248108,1297.6432340829697
248109,1392.795756727468
248110,967.4802065634456
248111,2129.0186811156373
248112,1915.805008543259
248113,1453.2244019211555
248114,1548.3769245656538
248115,-195.99933828140638
248116,965.5391362707855
248117,752.3254636984069
248118,289.7448570763035
248119,384.89737972080167
248120,251.4214004136602
248121,1412.9598749658521
248122,1199.7462023934736
248123,737.1655957713701
248124,832.3181184158683
248125,407.00256825184607
248126,1568.5410428040382
248127,1355.3273702316594
248128,892.746763609556
248129,987.8992862540542
248130,-306.595638702978
248131,854.9428358492139
248132,641.7291632768352
248133,179.14855665473192
248134,274.30107929923
248135,140.82509999208855
248136,1302.3635745442807
248137,1089.1499019719017
248138,626.5692953497985
248139,721.7218179942967
248140,296.4062678302744
248141,1457.9447423824663
248142,1244.7310698100878
248143,782.1504631879843
248144,877.3029858324825
248145,-298.5223007617017
248146,863.0161737904903
248147,649.8025012181115
248148,187.22189459600816
248149,282.3744172405063
248150,148.8984379333649
248151,1310.4369124855568
248152,1097.223239913178
248153,634.6426332910748
248154,729.7951559355729
248155,304.4796057715507
248156,1466.0180803237427
248157,1252.804407751364
248158,790.2238011292607
248159,885.3763237737587
248160,-504.45398908330594
248161,657.0844854688859
248162,443.8708128965071
248163,-18.709793725596228
248164,76.44272891890205
248165,-57.033250388239594
248166,1104.5052241639526
248167,891.2915515915738
248168,428.7109449694704
248169,523.8634676139686
248170,98.54791744994634
248171,1260.0863920021384
248172,1046.8727194297596
248173,584.2921128076562
248174,679.4446354521544
248175,-1129.3463339840896
248176,32.19214056810233
248177,-181.02153200427642
248178,-643.6021386263797
248179,-548.4496159818816
248180,-681.9255952890232
248181,479.6128792631689
248182,266.39920669079015
248183,-196.1813999313132
248184,-101.02887728681503
248185,-526.3444274508372
248186,635.1940471013547
248187,421.980374528976
248188,-40.60023209312749
248189,54.55229055137079
248190,376.8175485034689
248191,1538.356023055661
248192,1325.1423504832821
248193,862.5617438611789
248194,957.714266505677
248195,824.2382871985355
248196,1985.7767617507275
248197,1772.5630891783487
248198,1309.9824825562455
248199,1405.1350052007438
248200,979.8194550367214
248201,2141.357929588913
248202,1928.1442570165348
248203,1465.5636503944313
248204,1560.7161730389294
248205,-183.66008980813058
248206,977.8783847440613
248207,764.6647121716827
248208,302.08410554957936
248209,397.2366281940775
248210,263.76064888693594
248211,1425.299123439128
248212,1212.0854508667494
248213,749.5048442446459
248214,844.6573668891441
248215,419.3418167251218
248216,1580.880291277314
248217,1367.666618704935
248218,905.0860120828318
248219,1000.23853472733
248220,-294.2563902297022
248221,867.2820843224897
248222,654.068411750111
248223,191.48780512800772
248224,286.64032777250577
248225,153.16434846536424
248226,1314.7028230175563
248227,1101.4891504451775
248228,638.9085438230743
248229,734.0610664675725
248230,308.7455163035502
248231,1470.283990855742
248232,1257.0703182833636
248233,794.4897116612601
248234,889.6422343057583
248235,-286.18305228842587
248236,875.3554222637661
248237,662.1417496913873
248238,199.56114306928396
248239,294.7136657137821
248240,161.2376864066406
248241,1322.7761609588326
248242,1109.5624883864539
248243,646.9818817643506
248244,742.1344044088487
248245,316.8188542448265
248246,1478.3573287970185
248247,1265.14365622464
248248,802.5630496025365
248249,897.7155722470345
248250,-492.11474061003014
248251,669.4237339421617
248252,456.210061369783
248253,-6.370545252320312
248254,88.78197739217785
248255,-44.69400191496379
248256,1116.8444726372281
248257,903.6308000648496
248258,441.0501934427462
248259,536.2027160872444
248260,110.88716592322214
248261,1272.4256404754142
248262,1059.2119679030354
248263,596.6313612809321
248264,691.7838839254302
248265,-1117.007085510814
248266,44.53138904137802
248267,-168.68228353100062
248268,-631.2628901531041
248269,-536.1103675086058
248270,-669.5863468157474
248271,491.9521277364446
248272,278.73845516406595
248273,-183.8421514580374
248274,-88.68962881353923
248275,-514.0051789775614
248276,647.5332955746304
248277,434.3196230022518
248278,-28.260983619851572
248279,66.89153902464659
248280,389.15679697674466
248281,1550.6952715289367
248282,1337.481598956558
248283,874.9009923344547
248284,970.0535149789528
248285,836.5775356718112
248286,1998.1160102240033
248287,1784.9023376516245
248288,1322.3217310295213
248289,1417.4742536740193
248290,992.1587035099972
248291,2153.697178062189
248292,1940.4835054898106
248293,1477.9028988677073
248294,1573.0554215122052
248295,-171.3208413348549
248296,990.2176332173372
248297,777.0039606449584
248298,314.4233540228551
248299,409.57587666735327
248300,276.0998973602118
248301,1437.6383719124037
248302,1224.4246993400252
248303,761.8440927179217
248304,856.9966153624199
248305,431.6810651983976
248306,1593.2195397505895
248307,1380.005867178211
248308,917.4252605561076
248309,1012.5777832006058
248310,-205.38503675769948
248311,956.1534377944926
248312,742.9397652221138
248313,280.3591586000105
248314,375.5116812445087
248315,242.0357019373671
248316,1403.5741764895592
248317,1190.3605039171805
248318,727.7798972950771
248319,822.9324199395753
248320,397.61686977555297
248321,1559.155344327745
248322,1345.9416717553663
248323,883.361065133263
248324,978.5135877777611
248325,-197.31169881642313
248326,964.2267757357688
248327,751.0131031633902
248328,288.4324965412868
248329,383.585019185785
248330,250.10903987864344
248331,1411.6475144308356
248332,1198.4338418584566
248333,735.8532352363535
248334,831.0057578808517
248335,405.6902077168293
248336,1567.2286822690212
248337,1354.0150096966427
248338,891.4344030745392
248339,986.5869257190375
248340,-403.2433871380274
248341,758.2950874141645
248342,545.0814148417859
248343,82.50080821968254
248344,177.6533308641807
248345,44.17735155703906
248346,1205.715826109231
248347,992.5021535368523
248348,529.9215469147491
248349,625.0740695592473
248350,199.758519395225
248351,1361.296993947417
248352,1148.0833213750384
248353,685.5027147529349
248354,780.6552373974331
248355,-1028.1357320388113
248356,133.40274251338087
248357,-79.81093005899788
248358,-542.3915366811013
248359,-447.23901403660307
248360,-580.7149933437447
248361,580.8234812084474
248362,367.6098086360688
248363,-94.97079798603454
248364,0.1817246584635086
248365,-425.13382550555866
248366,736.4046490466333
248367,523.1909764742546
248368,60.610369852151166
248369,155.76289249664933
248370,478.0281504487475
248371,1639.5666250009397
248372,1426.352952428561
248373,963.7723458064576
248374,1058.9248684509557
248375,925.4488891438141
248376,2086.9873636960065
248377,1873.7736911236275
248378,1411.193084501524
248379,1506.3456071460223
248380,1081.030056982
248381,2242.568531534192
248382,2029.3548589618133
248383,1566.77425233971
248384,1661.9267749842081
248385,-82.44948786285192
248386,1079.0889866893401
248387,865.8753141169614
248388,403.294707494858
248389,498.4472301393562
248390,364.97125083221465
248391,1526.5097253844067
248392,1313.296052812028
248393,850.7154461899247
248394,945.8679688344228
248395,520.5524186704006
248396,1682.0908932225925
248397,1468.8772206502138
248398,1006.2966140281105
248399,1101.4491366726086
248400,-193.04578828442357
248401,968.4926862677685
248402,755.2790136953896
248403,292.6984070732864
248404,387.85092971778454
248405,254.374950410643
248406,1415.913424962835
248407,1202.6997523904563
248408,740.119145768353
248409,835.2716684128511
248410,409.95611824882883
248411,1571.4945928010209
248412,1358.2809202286421
248413,895.7003136065388
248414,990.8528362510369
248415,-184.97245034314733
248416,976.5660242090447
248417,763.352351636666
248418,300.7717450145626
248419,395.92426765906083
248420,262.44828835191925
248421,1423.9867629041114
248422,1210.7730903317324
248423,748.1924837096293
248424,843.3450063541275
248425,418.02945619010507
248426,1579.567930742297
248427,1366.3542581699185
248428,903.773651547815
248429,998.9261741923133
248430,-390.9041386647516
248431,770.6343358874403
248432,557.4206633150616
248433,94.84005669295834
248434,189.9925793374565
248435,56.516600030314976
248436,1218.0550745825071
248437,1004.8414020101281
248438,542.2607953880249
248439,637.4133180325231
248440,212.0977678685008
248441,1373.6362424206927
248442,1160.422569848314
248443,697.8419632262107
248444,792.9944858707089
248445,-1015.7964835655353
248446,145.7419909866568
248447,-67.47168158572197
248448,-530.0522882078253
248449,-434.89976556332726
248450,-568.3757448704687
248451,593.1627296817234
248452,379.9490571093446
248453,-82.63154951275874
248454,12.520973131739424
248455,-412.79457703228286
248456,748.7438975199092
248457,535.5302249475304
248458,72.94961832542708
248459,168.10214096992524
248460,490.3673989220234
248461,1651.9058734742155
248462,1438.6922009018367
248463,976.1115942797334
248464,1071.2641169242315
248465,937.78813761709
248466,2099.3266121692823
248467,1886.1129395969033
248468,1423.5323329748
248469,1518.684855619298
248470,1093.369305455276
248471,2254.907780007468
248472,2041.694107435089
248473,1579.1135008129859
248474,1674.266023457484
248475,-70.11023938957624
248476,1091.428235162616
248477,878.2145625902372
248478,415.6339559681338
248479,510.786478612632
248480,377.31049930549045
248481,1538.8489738576825
248482,1325.6353012853037
248483,863.0546946632005
248484,958.2072173076986
248485,532.8916671436762
248486,1694.4301416958683
248487,1481.2164691234896
248488,1018.6358625013862
248489,1113.7883851458844
248490,-343.6049196873871
248491,817.9335548648049
248492,604.7198822924262
248493,142.13927567032283
248494,237.291798314821
248495,103.81581900767947
248496,1265.3542935598716
248497,1052.1406209874929
248498,589.5600143653894
248499,684.7125370098877
248500,259.3969868458654
248501,1420.9354613980572
248502,1207.7217888256787
248503,745.1411822035753
248504,840.2937048480735
248505,-335.53158174611076
248506,826.0068928060812
248507,612.7932202337025
248508,150.21261361159918
248509,245.36513625609734
248510,111.88915694895582
248511,1273.4276315011477
248512,1060.213958928769
248513,597.6333523066658
248514,692.7858749511639
248515,267.47032478714175
248516,1429.0087993393336
248517,1215.795126766955
248518,753.2145201448516
248519,848.3670427893499
248520,-541.463270067715
248521,620.0752044844769
248522,406.8615319120982
248523,-55.71907471000509
248524,39.433447934493074
248525,-94.04253137264857
248526,1067.4959431795435
248527,854.2822706071647
248528,391.70166398506143
248529,486.85418662955954
248530,61.538636465537365
248531,1223.0771110177293
248532,1009.8634384453507
248533,547.2828318232473
248534,642.4353544677454
248535,-1166.3556149684987
248536,-4.817140416306756
248537,-218.0308129886854
248538,-680.6114196107887
248539,-585.4588969662907
248540,-718.9348762734321
248541,442.6035982787598
248542,229.38992570638118
248543,-233.19068091572217
248544,-138.038158271224
248545,-563.3537084352463
248546,598.1847661169456
248547,384.971093544567
248548,-77.60951307753635
248549,17.543009566961814
248550,339.8082675190599
248551,1501.3467420712518
248552,1288.1330694988733
248553,825.5524628767698
248554,920.704985521268
248555,787.2290062141265
248556,1948.7674807663184
248557,1735.5538081939399
248558,1272.9732015718364
248559,1368.1257242163347
248560,942.8101740523124
248561,2104.348648604504
248562,1891.1349760321257
248563,1428.5543694100224
248564,1523.7068920545205
248565,-220.66937079253967
248566,940.8691037596524
248567,727.6554311872736
248568,265.0748245651703
248569,360.2273472096685
248570,226.75136790252702
248571,1388.2898424547188
248572,1175.0761698823403
248573,712.495563260237
248574,807.6480859047351
248575,382.33253574071284
248576,1543.8710102929049
248577,1330.6573377205261
248578,868.0767310984228
248579,963.229253742921
248580,-331.2656712141113
248581,830.2728033380807
248582,617.059130765702
248583,154.47852414359863
248584,249.6310467880968
248585,116.15506748095527
248586,1277.6935420331474
248587,1064.4798694607687
248588,601.8992628386652
248589,697.0517854831635
248590,271.73623531914114
248591,1433.274709871333
248592,1220.0610372989545
248593,757.4804306768511
248594,852.6329533213493
248595,-323.19233327283496
248596,838.346141279357
248597,625.1324687069782
248598,162.55186208487498
248599,257.7043847293731
248600,124.22840542223162
248601,1285.7668799744238
248602,1072.5532074020448
248603,609.9726007799416
248604,705.1251234244397
248605,279.8095732604175
248606,1441.3480478126094
248607,1228.1343752402308
248608,765.5537686181274
248609,860.7062912626257
248610,-529.1240215944392
248611,632.4144529577527
248612,419.200780385374
248613,-43.379826236729286
248614,51.772696407768876
248615,-81.70328289937277
248616,1079.8351916528193
248617,866.6215190804405
248618,404.04091245833723
248619,499.19343510283534
248620,73.87788493881317
248621,1235.416359491005
248622,1022.2026869186263
248623,559.6220802965231
248624,654.7746029410213
248625,-1154.016366495223
248626,7.522108056969046
248627,-205.6915645154097
248628,-668.2721711375132
248629,-573.1196484930149
248630,-706.5956278001565
248631,454.9428467520356
248632,241.72917417965687
248633,-220.85143244244637
248634,-125.69890979794832
248635,-551.0144599619705
248636,610.5240145902214
248637,397.31034201784274
248638,-65.27026460426066
248639,29.882258040237502
248640,352.1475159923356
248641,1513.6859905445276
248642,1300.4723179721489
248643,837.8917113500456
248644,933.0442339945439
248645,799.5682546874023
248646,1961.1067292395944
248647,1747.8930566672157
248648,1285.3124500451122
248649,1380.4649726896105
248650,955.1494225255881
248651,2116.68789707778
248652,1903.4742245054015
248653,1440.8936178832982
248654,1536.0461405277963
248655,-208.33012231926386
248656,953.2083522329282
248657,739.9946796605494
248658,277.4140730384461
248659,372.56659568294424
248660,239.0906163758027
248661,1400.6290909279946
248662,1187.415418355616
248663,724.8348117335128
248664,819.9873343780109
248665,394.6717842139886
248666,1556.2102587661807
248667,1342.996586193802
248668,880.4159795716986
248669,975.5685022161967
248670,-318.9264227408355
248671,842.6120518113565
248672,629.3983792389778
248673,166.81777261687444
248674,261.9702952613726
248675,128.49431595423107
248676,1290.0327905064232
248677,1076.8191179340445
248678,614.238511311941
248679,709.3910339564393
248680,284.0754837924169
248681,1445.613958344609
248682,1232.4002857722303
248683,769.819679150127
248684,864.9722017946251
248685,-310.85308479955916
248686,850.6853897526328
248687,637.4717171802541
248688,174.89111055815079
248689,270.04363320264895
248690,136.56765389550742
248691,1298.1061284476996
248692,1084.8924558753206
248693,622.3118492532174
248694,717.4643718977155
248695,292.14882173369324
248696,1453.6872962858852
248697,1240.4736237135066
248698,777.8930170914032
248699,873.0455397359015
248700,-516.7847731211634
248701,644.7537014310285
248702,431.54002885864975
248703,-31.040577763453598
248704,64.11194488104456
248705,-69.36403442609696
248706,1092.174440126095
248707,878.9607675537163
248708,416.38016093161303
248709,511.53268357611114
248710,86.21713341208886
248711,1247.755607964281
248712,1034.5419353919021
248713,571.9613287697989
248714,667.1138514142971
248715,-1141.677118021947
248716,19.861356530244848
248717,-193.3523160421339
248718,-655.9329226642371
248719,-560.7804000197389
248720,-694.2563793268807
248721,467.2820952253115
248722,254.06842265293272
248723,-208.51218396917056
248724,-113.3596613246724
248725,-538.6752114886947
248726,622.8632630634972
248727,409.64959049111854
248728,-52.93101613098486
248729,42.221506513513305
248730,364.48676446561143
248731,1526.0252390178034
248732,1312.811566445425
248733,850.2309598233214
248734,945.3834824678197
248735,811.9075031606781
248736,1973.4459777128702
248737,1760.2323051404915
248738,1297.651698518388
248739,1392.8042211628863
248740,967.4886709988639
248741,2129.027145551056
248742,1915.8134729786773
248743,1453.232866356574
248744,1548.385389001072
248745,-195.99087384598806
248746,965.5476007062041
248747,752.3339281338253
248748,289.75332151172194
248749,384.9058441562201
248750,251.42986484907863
248751,1412.9683394012707
248752,1199.754666828892
248753,737.1740602067886
248754,832.3265828512867
248755,407.01103268726445
248756,1568.5495072394565
248757,1355.3358346670777
248758,892.7552280449744
248759,987.9077506894726
248760,-306.5871742675597
248761,854.9513002846323
248762,641.7376277122536
248763,179.15702109015024
248764,274.3095437346484
248765,140.83356442750687
248766,1302.372038979699
248767,1089.1583664073203
248768,626.5777597852168
248769,721.7302824297151
248770,296.4147322656928
248771,1457.9532068178846
248772,1244.739534245506
248773,782.1589276234027
248774,877.3114502679009
248775,-298.51383632628335
248776,863.0246382259086
248777,649.8109656535299
248778,187.2303590314266
248779,282.3828816759247
248780,148.90690236878322
248781,1310.4453769209751
248782,1097.2317043485964
248783,634.6510977264932
248784,729.8036203709913
248785,304.48807020696916
248786,1466.026544759161
248787,1252.8128721867824
248788,790.232265564679
248789,885.3847882091771
248790,-504.4455246478876
248791,657.0929499043043
248792,443.87927733192555
248793,-18.701329290177682
248794,76.45119335432048
248795,-57.02478595282116
248796,1104.5136885993709
248797,891.3000160269921
248798,428.71940940488884
248799,523.8719320493869
248800,98.55638188536477
248801,1260.0948564375567
248802,1046.8811838651782
248803,584.3005772430746
248804,679.4530998875728
248805,-1129.3378695486713
248806,32.20060500352065
248807,-181.013067568858
248808,-643.5936741909613
248809,-548.4411515464633
248810,-681.9171308536047
248811,479.6213436985872
248812,266.4076711262086
248813,-196.17293549589476
248814,-101.0204128513966
248815,-526.3359630154189
248816,635.202511536773
248817,421.9888389643944
248818,-40.59176765770894
248819,54.56075498678922
248820,376.8260129388873
248821,1538.3644874910792
248822,1325.1508149187007
248823,862.5702082965972
248824,957.7227309410954
248825,824.2467516339539
248826,1985.7852261861458
248827,1772.5715536137673
248828,1309.9909469916638
248829,1405.143469636162
248830,979.8279194721398
248831,2141.3663940243314
248832,1928.152721451953
248833,1465.5721148298499
248834,1560.724637474348
248835,-183.65162537271226
248836,977.8868491794798
248837,764.673176607101
248838,302.0925699849977
248839,397.2450926294959
248840,263.76911332235437
248841,1425.3075878745462
248842,1212.0939153021677
248843,749.5133086800644
248844,844.6658313245625
248845,419.35028116054025
248846,1580.8887557127323
248847,1367.6750831403535
248848,905.0944765182502
248849,1000.2469991627484
248850,-294.2479257942839
248851,867.290548757908
248852,654.0768761855294
248853,191.49626956342604
248854,286.6487922079242
248855,153.17281290078267
248856,1314.7112874529748
248857,1101.497614880596
248858,638.9170082584926
248859,734.0695309029909
248860,308.75398073896855
248861,1470.2924552911604
248862,1257.078782718782
248863,794.4981760966785
248864,889.6506987411767
248865,-286.17458785300755
248866,875.3638866991844
248867,662.1502141268056
248868,199.56960750470228
248869,294.7221301492005
248870,161.24615084205902
248871,1322.784625394251
248872,1109.5709528218722
248873,646.990346199769
248874,742.1428688442671
248875,316.8273186802449
248876,1478.3657932324368
248877,1265.1521206600582
248878,802.5715140379548
248879,897.7240366824531
248880,-492.1062761746118
248881,669.4321983775801
248882,456.2185258052014
248883,-6.36208081690188
248884,88.79044182759628
248885,-44.68553747954536
248886,1116.8529370726467
248887,903.6392645002679
248888,441.05865787816464
248889,536.2111805226627
248890,110.89563035864057
248891,1272.4341049108325
248892,1059.2204323384537
248893,596.6398257163505
248894,691.7923483608486
248895,-1116.9986210753957
248896,44.53985347679645
248897,-168.6738190955823
248898,-631.2544257176858
248899,-536.1019030731875
248900,-669.5778823803289
248901,491.960592171863
248902,278.7469195994844
248903,-183.83368702261896
248904,-88.6811643781208
248905,-513.9967145421431
248906,647.5417600100488
248907,434.32808743767015
248908,-28.25251918443314
248909,66.90000346006502
248910,389.16526141216303
248911,1550.703735964355
248912,1337.4900633919763
248913,874.909456769873
248914,970.0619794143711
248915,836.5860001072297
248916,1998.1244746594216
248917,1784.9108020870428
248918,1322.3301954649396
248919,1417.4827181094379
248920,992.1671679454155
248921,2153.705642497607
248922,1940.491969925229
248923,1477.9113633031257
248924,1573.0638859476237
248925,-171.31237689943646
248926,990.2260976527556
248927,777.0124250803768
248928,314.4318184582735
248929,409.58434110277165
248930,276.1083617956302
248931,1437.646836347822
248932,1224.4331637754435
248933,761.8525571533402
248934,857.0050797978383
248935,431.689529633816
248936,1593.228004186008
248937,1380.0143316136293
248938,917.433724991526
248939,1012.5862476360242
248940,-205.37657232228105
248941,956.161902229911
248942,742.9482296575322
248943,280.36762303542895
248944,375.5201456799271
248945,242.04416637278553
248946,1403.5826409249776
248947,1190.3689683525988
248948,727.7883617304956
248949,822.9408843749937
248950,397.62533421097135
248951,1559.1638087631634
248952,1345.9501361907846
248953,883.3695295686814
248954,978.5220522131794
248955,-197.3032343810047
248956,964.2352401711873
248957,751.0215675988086
248958,288.44096097670524
248959,383.5934836212034
248960,250.11750431406188
248961,1411.655978866254
248962,1198.4423062938752
248963,735.8616996717718
248964,831.01422231627
248965,405.6986721522477
248966,1567.2371467044397
248967,1354.023474132061
248968,891.4428675099576
248969,986.5953901544558
248970,-403.2349227026091
248971,758.303551849583
248972,545.0898792772042
248973,82.50927265510086
248974,177.66179529959902
248975,44.18581599245749
248976,1205.7242905446496
248977,992.5106179722708
248978,529.9300113501674
248979,625.0825339946657
248980,199.7669838306433
248981,1361.3054583828352
248982,1148.0917858104567
248983,685.5111791883533
248984,780.6637018328515
248985,-1028.1272676033927
248986,133.4112069487993
248987,-79.80246562357945
248988,-542.3830722456828
248989,-447.2305496011845
248990,-580.7065289083262
248991,580.831945643866
248992,367.6182730714872
248993,-94.96233355061611
248994,0.1901890938819406
248995,-425.12536107014034
248996,736.4131134820517
248997,523.1994409096731
248998,60.6188342875696
248999,155.77135693206776
249000,478.03661488416594
249001,1639.575089436358
249002,1426.3614168639792
249003,963.780810241876
249004,1058.933332886374
249005,925.4573535792325
249006,2086.995828131425
249007,1873.7821555590458
249008,1411.2015489369426
249009,1506.3540715814406
249010,1081.0385214174185
249011,2242.576995969611
249012,2029.3633233972316
249013,1566.7827167751284
249014,1661.9352394196267
249015,-82.44102342743349
249016,1079.0974511247584
249017,865.8837785523797
249018,403.30317193027645
249019,498.4556945747746
249020,364.9797152676331
249021,1526.5181898198252
249022,1313.3045172474463
249023,850.723910625343
249024,945.8764332698412
249025,520.5608831058189
249026,1682.0993576580108
249027,1468.8856850856323
249028,1006.3050784635288
249029,1101.4576011080271
249030,-193.03732384900513
249031,968.5011507031868
249032,755.287478130808
249033,292.70687150870475
249034,387.8593941532029
249035,254.38341484606138
249036,1415.9218893982534
249037,1202.7082168258746
249038,740.1276102037714
249039,835.2801328482695
249040,409.96458268424726
249041,1571.5030572364392
249042,1358.2893846640604
249043,895.7087780419572
249044,990.8613006864554
249045,-184.963985907729
249046,976.5744886444631
249047,763.3608160720843
249048,300.78020944998104
249049,395.9327320944792
249050,262.4567527873376
249051,1423.9952273395297
249052,1210.781554767151
249053,748.2009481450476
249054,843.3534707895458
249055,418.0379206255235
249056,1579.5763951777153
249057,1366.3627226053368
249058,903.7821159832334
249059,998.9346386277316
249060,-390.8956742293333
249061,770.6428003228588
249062,557.42912775048
249063,94.84852112837666
249064,190.00104377287494
249065,56.52506446573341
249066,1218.0635390179255
249067,1004.8498664455466
249068,542.2692598234433
249069,637.4217824679415
249070,212.10623230391923
249071,1373.644706856111
249072,1160.4310342837325
249073,697.850427661629
249074,793.0029503061273
249075,-1015.7880191301169
249076,145.7504554220751
249077,-67.46321715030365
249078,-530.043823772407
249079,-434.89130112790895
249080,-568.3672804350501
249081,593.1711941171417
249082,379.95752154476304
249083,-82.6230850773403
249084,12.529437567157856
249085,-412.78611259686454
249086,748.7523619553275
249087,535.5386893829489
249088,72.9580827608454
249089,168.11060540534368
249090,490.3758633574418
249091,1651.9143379096338
249092,1438.700665337255
249093,976.1200587151518
249094,1071.2725813596498
249095,937.7966020525084
249096,2099.3350766047006
249097,1886.1214040323216
249098,1423.5407974102186
249099,1518.6933200547164
249100,1093.3777698906943
249101,2254.916244442886
249102,2041.7025718705074
249103,1579.1219652484042
249104,1674.2744878929025
249105,-70.1017749541578
249106,1091.4366995980342
249107,878.2230270256555
249108,415.6424204035522
249109,510.79494304805036
249110,377.3189637409088
249111,1538.8574382931008
249112,1325.643765720722
249113,863.0631590986188
249114,958.215681743117
249115,532.9001315790947
249116,1694.4386061312866
249117,1481.224933558908
249118,1018.6443269368046
249119,1113.796849581303
249120,-343.5964552519688
249121,817.9420193002234
249122,604.7283467278446
249123,142.14774010574126
249124,237.30026275023943
249125,103.8242834430979
249126,1265.36275799529
249127,1052.1490854229112
249128,589.568478800808
249129,684.721001445306
249130,259.4054512812838
249131,1420.943925833476
249132,1207.730253261097
249133,745.1496466389938
249134,840.3021692834919
249135,-335.52311731069244
249136,826.0153572414997
249137,612.8016846691208
249138,150.2210780470175
249139,245.37360069151566
249140,111.89762138437425
249141,1273.4360959365663
249142,1060.2224233641875
249143,597.6418167420842
249144,692.7943393865824
249145,267.4787892225601
249146,1429.0172637747523
249147,1215.8035912023734
249148,753.22298458027
249149,848.3755072247682
249150,-541.4548056322967
249151,620.0836689198953
249152,406.86999634751663
249153,-55.71061027458666
249154,39.441912369911506
249155,-94.03406693723014
249156,1067.504407614962
249157,854.2907350425832
249158,391.7101284204798
249159,486.86265106497797
249160,61.547100900955684
249161,1223.0855754531476
249162,1009.8719028807691
249163,547.2912962586656
249164,642.4438189031638
249165,-1166.3471505330804
249166,-4.808675980888324
249167,-218.02234855326708
249168,-680.6029551753704
249169,-585.4504325308724
249170,-718.9264118380136
249171,442.61206271417836
249172,229.3983901417996
249173,-233.18221648030374
249174,-138.02969383580557
249175,-563.345243999828
249176,598.1932305523642
249177,384.9795579799854
249178,-77.60104864211792
249179,17.551474002380246
249180,339.81673195447826
249181,1501.3552065066704
249182,1288.1415339342916
249183,825.5609273121883
249184,920.7134499566864
249185,787.2374706495449
249186,1948.775945201737
249187,1735.5622726293582
249188,1272.981666007255
249189,1368.134188651753
249190,942.8186384877308
249191,2104.357113039923
249192,1891.143440467544
249193,1428.5628338454408
249194,1523.7153564899388
249195,-220.66090635712135
249196,940.8775681950708
249197,727.663895622692
249198,265.0832890005887
249199,360.23581164508687
249200,226.75983233794545
249201,1388.2983068901376
249202,1175.0846343177586
249203,712.5040276956554
249204,807.6565503401536
249205,382.3410001761312
249206,1543.8794747283232
249207,1330.6658021559447
249208,868.0851955338412
249209,963.2377181783394
249210,-332.24217083484496
249211,829.2963037173471
249212,616.0826311449684
249213,153.50202452286499
249214,248.6545471673632
249215,115.17856786022173
249216,1276.7170424124138
249217,1063.503369840035
249218,600.9227632179317
249219,696.0752858624298
249220,270.75973569840755
249221,1432.2982102505996
249222,1219.0845376782208
249223,756.5039310561175
249224,851.6564537006157
249225,-324.1688328935686
249226,837.3696416586234
249227,624.1559690862447
249228,161.57536246414134
249229,256.7278851086395
249230,123.25190580149797
249231,1284.7903803536901
249232,1071.5767077813114
249233,608.9961011592079
249234,704.1486238037062
249235,278.8330736396838
249236,1440.371548191876
249237,1227.1578756194972
249238,764.5772689973938
249239,859.729791641892
249240,-530.1005212151729
249241,631.437953337019
249242,418.22428076464035
249243,-44.356325857462934
249244,50.79619678703523
249245,-82.67978252010641
249246,1078.8586920320856
249247,865.645019459707
249248,403.06441283760364
249249,498.2169354821018
249250,72.9013853180794
249251,1234.4398598702714
249252,1021.2261872978928
249253,558.6455806757895
249254,653.7981033202876
249255,-1154.9928661159568
249256,6.545608436235511
249257,-206.66806413614324
249258,-669.2486707582466
249259,-574.0961481137485
249260,-707.5721274208902
249261,453.9663471313021
249262,240.75267455892333
249263,-221.82793206318001
249264,-126.67540941868185
249265,-551.9909595827041
249266,609.5475149694879
249267,396.33384239710915
249268,-66.2467642249942
249269,28.905758419503968
249270,351.1710163716021
249271,1512.7094909237942
249272,1299.4958183514154
249273,836.9152117293121
249274,932.0677343738103
249275,798.5917550666687
249276,1960.1302296188608
249277,1746.916557046482
249278,1284.3359504243788
249279,1379.4884730688768
249280,954.1729229048545
249281,2115.7113974570466
249282,1902.4977248846678
249283,1439.9171182625646
249284,1535.0696409070629
249285,-209.3066219399975
249286,952.2318526121946
249287,739.0181800398159
249288,276.4375734177125
249289,371.5900960622107
249290,238.11411675506918
249291,1399.6525913072612
249292,1186.4389187348825
249293,723.8583121127791
249294,819.0108347572773
249295,393.695284593255
249296,1555.233759145447
249297,1342.0200865730683
249298,879.4394799509649
249299,974.5920025954631
249300,-319.90292236156915
249301,841.6355521906229
249302,628.4218796182441
249303,165.8412729961408
249304,260.993795640639
249305,127.51781633349742
249306,1289.0562908856896
249307,1075.8426183133108
249308,613.2620116912075
249309,708.4145343357056
249310,283.09898417168336
249311,1444.6374587238754
249312,1231.4237861514966
249313,768.8431795293933
249314,863.9957021738915
249315,-311.8295844202928
249316,849.7088901318992
249317,636.4952175595205
249318,173.91461093741714
249319,269.0671335819153
249320,135.59115427477377
249321,1297.129628826966
249322,1083.9159562545872
249323,621.3353496324837
249324,716.487872276982
249325,291.1723221129596
249326,1452.7107966651517
249327,1239.497124092773
249328,776.9165174706695
249329,872.0690401151678
249330,-517.7612727418971
249331,643.7772018102949
249332,430.56352923791616
249333,-32.01707738418713
249334,63.13544526031103
249335,-70.3405340468305
249336,1091.1979405053614
249337,877.9842679329828
249338,415.40366131087944
249339,510.5561839553776
249340,85.24063379135521
249341,1246.7791083435473
249342,1033.5654357711687
249343,570.9848291490653
249344,666.1373517935634
249345,-1142.653617642681
249346,18.8848569095112
249347,-194.32881566286756
249348,-656.909422284971
249349,-561.7568996404727
249350,-695.2328789476142
249351,466.3055956045779
249352,253.09192303219913
249353,-209.4886835899042
249354,-114.33616094540605
249355,-539.6517111094283
249356,621.8867634427637
249357,408.67309087038495
249358,-53.90751575171839
249359,41.24500689277977
249360,363.51026484487784
249361,1525.04873939707
249362,1311.8350668246912
249363,849.2544602025879
249364,944.406982847086
249365,810.9310035399444
249366,1972.4694780921366
249367,1759.2558055197578
249368,1296.6751988976546
249369,1391.8277215421526
249370,966.5121713781303
249371,2128.0506459303224
249372,1914.8369733579436
249373,1452.2563667358404
249374,1547.4088893803387
249375,-196.9673734667217
249376,964.5711010854704
249377,751.3574285130917
249378,288.7768218909883
249379,383.9293445354865
249380,250.45336522834498
249381,1411.991839780537
249382,1198.7781672081583
249383,736.197560586055
249384,831.3500832305531
249385,406.0345330665308
249386,1567.5730076187228
249387,1354.3593350463443
249388,891.7787284242409
249389,986.931251068739
249390,-307.56367388829335
249391,853.9748006638988
249392,640.7611280915199
249393,178.1805214694166
249394,273.33304411391475
249395,139.85706480677334
249396,1301.3955393589654
249397,1088.1818667865866
249398,625.6012601644833
249399,720.7537828089814
249400,295.4382326449592
249401,1456.9767071971512
249402,1243.7630346247724
249403,781.1824280026691
249404,876.3349506471673
249405,-299.490335947017
249406,862.048138605175
249407,648.8344660327963
249408,186.25385941069294
249409,281.4063820551911
249410,147.9304027480497
249411,1309.4688773002417
249412,1096.255204727863
249413,633.6745981057596
249414,728.8271207502578
249415,303.51157058623545
249416,1465.0500451384273
249417,1251.8363725660488
249418,789.2557659439453
249419,884.4082885884436
249420,-505.42202426862127
249421,656.1164502835708
249422,442.902777711192
249423,-19.67782891091133
249424,75.47469373358695
249425,-58.001285573554696
249426,1103.5371889786372
249427,890.3235164062585
249428,427.7429097841552
249429,522.8954324286533
249430,97.57988226463112
249431,1259.1183568168233
249432,1045.9046842444445
249433,583.3240776223411
249434,678.4766002668392
249435,-1130.314369169405
249436,31.224105382787002
249437,-181.98956718959175
249438,-644.570173811695
249439,-549.4176511671967
249440,-682.8936304743381
249441,478.64484407785363
249442,265.431171505475
249443,-197.1494351166283
249444,-101.99691247213013
249445,-527.3124626361525
249446,634.2260119160394
249447,421.01233934366076
249448,-41.56826727844259
249449,53.584255366055686
249450,375.8495133181537
249451,1537.3879878703458
249452,1324.174315297967
249453,861.5937086758636
249454,956.7462313203619
249455,823.2702520132203
249456,1984.8087265654124
249457,1771.5950539930336
249458,1309.0144473709302
249459,1404.1669700154284
249460,978.8514198514063
249461,2140.389894403598
249462,1927.1762218312194
249463,1464.5956152091162
249464,1559.7481378536143
249465,-184.6281249934459
249466,976.9103495587462
249467,763.6966769863675
249468,301.11607036426403
249469,396.26859300876225
249470,262.7926137016207
249471,1424.3310882538128
249472,1211.117415681434
249473,748.5368090593307
249474,843.6893317038289
249475,418.37378153980654
249476,1579.9122560919986
249477,1366.6985835196201
249478,904.1179768975165
249479,999.2704995420147
249480,-295.22442541501755
249481,866.3140491371745
249482,653.1003765647959
249483,190.5197699426924
249484,285.6722925871906
249485,152.19631328004914
249486,1313.7347878322412
249487,1100.5211152598624
249488,637.9405086377591
249489,733.0930312822572
249490,307.77748111823496
249491,1469.315955670427
249492,1256.1022830980482
249493,793.5216764759449
249494,888.6741991204431
249495,-287.1510874737412
249496,874.3873870784508
249497,661.1737145060721
249498,198.59310788396874
249499,293.7456305284669
249500,160.26965122132538
249501,1321.8081257735175
249502,1108.5944532011388
249503,646.0138465790354
249504,741.1663692235336
249505,315.8508190595112
249506,1477.3892936117034
249507,1264.1756210393246
249508,801.5950144172211
249509,896.7475370617194
249510,-493.08277579534547
249511,668.4556987568465
249512,455.2420261844677
249513,-7.338580437635528
249514,87.81394220686263
249515,-45.66203710027901
249516,1115.876437451913
249517,902.6627648795343
249518,440.082158257431
249519,535.2346809019291
249520,109.91913073790681
249521,1271.4576052900989
249522,1058.2439327177203
249523,595.6633260956169
249524,690.815848740115
249525,-1117.9751206961294
249526,43.56335385606292
249527,-169.65031871631584
249528,-632.2309253384192
249529,-537.0784026939211
249530,-670.5543820010628
249531,490.9840925511295
249532,277.77041997875074
249533,-184.8101866433526
249534,-89.65766399885445
249535,-514.9732141628767
249536,646.5652603893153
249537,433.35158781693656
249538,-29.22901880516679
249539,65.92350383933137
249540,388.1887617914295
249541,1549.7272363436214
249542,1336.5135637712428
249543,873.9329571491394
249544,969.0854797936377
249545,835.6095004864961
249546,1997.1479750386882
249547,1783.9343024663094
249548,1321.353695844206
249549,1416.5062184887042
249550,991.190668324682
249551,2152.729142876874
249552,1939.5154703044952
249553,1476.934863682392
249554,1572.08738632689
249555,-172.2888765201701
249556,989.249598032022
249557,776.0359254596433
249558,313.4553188375399
249559,408.6078414820381
249560,275.1318621748966
249561,1436.6703367270886
249562,1223.4566641547099
249563,760.8760575326065
249564,856.0285801771047
249565,430.7130300130824
249566,1592.2515045652744
249567,1379.037831992896
249568,916.4572253707923
249569,1011.6097480152905
249570,-206.35307194301458
249571,955.1854026091773
249572,741.9717300367986
249573,279.3911234146953
249574,374.5436460591935
249575,241.06766675205193
249576,1402.606141304244
249577,1189.3924687318654
249578,726.8118621097619
249579,821.9643847542601
249580,396.6488345902378
249581,1558.18730914243
249582,1344.973636570051
249583,882.3930299479478
249584,977.5455525924459
249585,-198.27973400173823
249586,963.2587405504537
249587,750.0450679780749
249588,287.4644613559716
249589,382.6169840004698
249590,249.14100469332828
249591,1410.6794792455203
249592,1197.4658066731415
249593,734.8852000510383
249594,830.0377226955364
249595,404.72217253151416
249596,1566.2606470837063
249597,1353.0469745113273
249598,890.4663678892241
249599,985.6188905337223
249600,-404.21142232334273
249601,757.3270522288493
249602,544.1133796564707
249603,81.53277303436721
249604,176.6852956788655
249605,43.20931637172396
249606,1204.747790923916
249607,991.5341183515372
249608,528.9535117294339
249609,624.1060343739321
249610,198.79048420990966
249611,1360.3289587621018
249612,1147.115286189723
249613,684.5346795676196
249614,779.6872022121179
249615,-1029.1037672241264
249616,132.43470732806566
249617,-80.77896524431299
249618,-543.3595718664164
249619,-448.20704922191817
249620,-581.6830285290596
249621,579.8554460231323
249622,366.6417734507536
249623,-95.93883317134976
249624,-0.7863105268515937
249625,-426.101860690874
249626,735.4366138613182
249627,522.2229412889394
249628,59.64233466683595
249629,154.79485731133423
249630,477.06011526343235
249631,1638.5985898156246
249632,1425.3849172432456
249633,962.8043106211423
249634,1057.9568332656406
249635,924.480853958499
249636,2086.019328510691
249637,1872.8056559383124
249638,1410.2250493162092
249639,1505.3775719607072
249640,1080.0620217966848
249641,2241.6004963488767
249642,2028.3868237764982
249643,1565.8062171543947
249644,1660.958739798893
249645,-83.41752304816714
249646,1078.120951504025
249647,864.9072789316461
249648,402.3266723095428
249649,497.47919495404096
249650,364.00321564689943
249651,1525.5416901990916
249652,1312.3280176267128
249653,849.7474110046095
249654,944.8999336491077
249655,519.5843834850853
249656,1681.1228580372774
249657,1467.9091854648987
249658,1005.3285788427952
249659,1100.4811014872935
249660,-194.01382346973878
249661,967.5246510824531
249662,754.3109785100744
249663,291.7303718879711
249664,386.88289453246927
249665,253.40691522532785
249666,1414.9453897775197
249667,1201.7317172051412
249668,739.1511105830377
249669,834.3036332275359
249670,408.98808306351367
249671,1570.5265576157058
249672,1357.312885043327
249673,894.7322784212236
249674,989.8848010657217
249675,-185.94048552846255
249676,975.5979890237295
249677,762.3843164513507
249678,299.8037098292474
249679,394.95623247374556
249680,261.4802531666041
249681,1423.018727718796
249682,1209.8050551464173
249683,747.2244485243141
249684,842.3769711688122
249685,417.0614210047899
249686,1578.599895556982
249687,1365.3862229846031
249688,902.8056163624998
249689,997.958139006998
249690,-391.87217385006693
249691,769.6663007021252
249692,556.4526281297465
249693,93.87202150764313
249694,189.0245441521413
249695,55.54856484499976
249696,1217.0870393971918
249697,1003.873366824813
249698,541.2927602027097
249699,636.4452828472079
249700,211.12973268318547
249701,1372.6682072353774
249702,1159.4545346629989
249703,696.8739280408954
249704,792.0264506853937
249705,-1016.7645187508506
249706,144.77395580134146
249707,-68.4397167710373
249708,-531.0203233931406
249709,-435.86780074864237
249710,-569.3437800557838
249711,592.1946944964081
249712,378.9810219240294
249713,-83.59958469807384
249714,11.552937946424208
249715,-413.7626122175982
249716,747.7758623345939
249717,534.5621897622152
249718,71.98158314011187
249719,167.13410578461003
249720,489.3993637367082
249721,1650.9378382889004
249722,1437.7241657165214
249723,975.1435590944182
249724,1070.2960817389162
249725,936.8201024317748
249726,2098.3585769839665
249727,1885.1449044115882
249728,1422.5642977894847
249729,1517.7168204339828
249730,1092.4012702699606
249731,2253.9397448221525
249732,2040.726072249774
249733,1578.1454656276705
249734,1673.2979882721688
249735,-71.07827457489134
249736,1090.4601999773008
249737,877.2465274049218
249738,414.66592078281855
249739,509.81844342731677
249740,376.34246412017524
249741,1537.8809386723674
249742,1324.6672660999884
249743,862.0866594778852
249744,957.2391821223833
249745,531.923631958361
249746,1693.462106510553
249747,1480.2484339381745
249748,1017.667827316071
249749,1112.8203499605693
249750,-344.5729548727022
249751,816.9655196794897
249752,603.751847107111
249753,141.17124048500762
249754,236.32376312950578
249755,102.84778382236436
249756,1264.3862583745563
249757,1051.1725858021775
249758,588.5919791800743
249759,683.7445018245725
249760,258.4289516605502
249761,1419.9674262127423
249762,1206.7537536403636
249763,744.1731470182601
249764,839.3256696627583
249765,-336.4996169314261
249766,825.0388576207661
249767,611.8251850483873
249768,149.24457842628385
249769,244.39710107078213
249770,110.92112176364071
249771,1272.4595963158326
249772,1059.245923743454
249773,596.6653171213507
249774,691.8178397658487
249775,266.5022896018264
249776,1428.0407641540185
249777,1214.8270915816397
249778,752.2464849595364
249779,847.3990076040346
249780,-542.4313052530304
249781,619.1071692991617
249782,405.8934967267829
249783,-56.68710989532042
249784,38.46541274917786
249785,-95.01056655796367
249786,1066.5279079942284
249787,853.3142354218496
249788,390.7336287997462
249789,485.8861514442444
249790,60.570601280222036
249791,1222.1090758324142
249792,1008.8954032600354
249793,546.314796637932
249794,641.4673192824303
249795,-1167.323650153814
249796,-5.785175601621859
249797,-218.9988481740006
249798,-681.5794547961041
249799,-586.4269321516058
249800,-719.9029114587472
249801,441.63556309344466
249802,228.42189052106596
249803,-234.15871610103738
249804,-139.00619345653922
249805,-564.3217436205616
249806,597.2167309316305
249807,384.0030583592518
249808,-78.57754826285168
249809,16.574974381646598
249810,338.8402323337447
249811,1500.3787068859367
249812,1287.165034313558
249813,824.5844276914547
249814,919.7369503359528
249815,786.2609710288114
249816,1947.7994455810033
249817,1734.5857730086245
249818,1272.0051663865213
249819,1367.1576890310193
249820,941.8421388669972
249821,2103.380613419189
249822,1890.1669408468106
249823,1427.5863342247071
249824,1522.7388568692054
249825,-221.63740597785477
249826,939.9010685743372
249827,726.6873960019585
249828,264.10678937985506
249829,359.2593120243533
249830,225.7833327172118
249831,1387.321807269404
249832,1174.108134697025
249833,711.5275280749217
249834,806.6800507194199
249835,381.3645005553976
249836,1542.9029751075896
249837,1329.689302535211
249838,867.1086959131076
249839,962.2612185576058
249840,-332.23370639942664
249841,829.3047681527655
249842,616.0910955803868
249843,153.51048895828342
249844,248.66301160278158
249845,115.18703229564017
249846,1276.725506847832
249847,1063.5118342754536
249848,600.9312276533501
249849,696.0837502978483
249850,270.768200133826
249851,1432.3066746860181
249852,1219.0930021136392
249853,756.5123954915359
249854,851.6649181360341
249855,-324.1603684581503
249856,837.3781060940419
249857,624.1644335216631
249858,161.58382689955965
249859,256.73634954405793
249860,123.26037023691629
249861,1284.7988447891084
249862,1071.5851722167297
249863,609.0045655946265
249864,704.1570882391245
249865,278.8415380751022
249866,1440.3800126272945
249867,1227.1663400549155
249868,764.5857334328123
249869,859.7382560773104
249870,-530.0920567797546
249871,631.4464177724375
249872,418.2327452000588
249873,-44.347861422044616
249874,50.80466122245366
249875,-82.67131808468798
249876,1078.8671564675042
249877,865.6534838951254
249878,403.072877273022
249879,498.2253999175202
249880,72.90984975349784
249881,1234.4483243056898
249882,1021.2346517333112
249883,558.6540451112078
249884,653.806567755706
249885,-1154.9844016805384
249886,6.55407287165383
249887,-206.65959970072493
249888,-669.2402063228283
249889,-574.0876836783302
249890,-707.5636629854716
249891,453.9748115667205
249892,240.76113899434176
249893,-221.81946762776158
249894,-126.66694498326342
249895,-551.9824951472858
249896,609.5559794049063
249897,396.3423068325276
249898,-66.23829978957588
249899,28.9142228549224
249900,351.17948080702047
249901,1512.7179553592127
249902,1299.5042827868338
249903,836.9236761647305
249904,932.0761988092287
249905,798.6002195020872
249906,1960.138694054279
249907,1746.9250214819003
249908,1284.344414859797
249909,1379.4969375042954
249910,954.181387340273
249911,2115.719861892465
249912,1902.5061893200864
249913,1439.925582697983
249914,1535.0781053424812
249915,-209.29815750457908
249916,952.240317047613
249917,739.0266444752342
249918,276.44603785313086
249919,371.5985604976291
249920,238.1225811904876
249921,1399.6610557426798
249922,1186.4473831703008
249923,723.8667765481975
249924,819.0192991926957
249925,393.7037490286734
249926,1555.2422235808654
249927,1342.0285510084868
249928,879.4479443863834
249929,974.6004670308816
249930,-319.89445792615084
249931,841.6440166260413
249932,628.4303440536626
249933,165.84973743155922
249934,261.00226007605744
249935,127.52628076891585
249936,1289.064755321108
249937,1075.8510827487294
249938,613.2704761266259
249939,708.4229987711241
249940,283.1074486071018
249941,1444.6459231592937
249942,1231.432250586915
249943,768.8516439648117
249944,864.0041666093099
249945,-311.8211199848745
249946,849.7173545673177
249947,636.5036819949389
249948,173.92307537283546
249949,269.07559801733373
249950,135.5996187101922
249951,1297.1380932623842
249952,1083.9244206900055
249953,621.3438140679023
249954,716.4963367124003
249955,291.180786548378
249956,1452.71926110057
249957,1239.5055885281913
249958,776.924981906088
249959,872.0775045505862
249960,-517.7528083064788
249961,643.7856662457133
249962,430.5719936733346
249963,-32.0086129487687
249964,63.14390969572946
249965,-70.33206961141218
249966,1091.20640494078
249967,877.9927323684012
249968,415.4121257462978
249969,510.564648390796
249970,85.24909822677364
249971,1246.7875727789658
249972,1033.573900206587
249973,570.9932935844836
249974,666.1458162289819
249975,-1142.6451532072624
249976,18.893321344929632
249977,-194.320351227449
249978,-656.9009578495525
249979,-561.7484352050542
249980,-695.2244145121956
249981,466.3140600399962
249982,253.10038746761757
249983,-209.48021915448578
249984,-114.32769650998762
249985,-539.64324667401
249986,621.895227878182
249987,408.68155530580333
249988,-53.89905131629996
249989,41.2534713281982
249990,363.51872928029627
249991,1525.0572038324885
249992,1311.8435312601096
249993,849.2629246380063
249994,944.4154472825045
249995,810.9394679753628
249996,1972.477942527555
249997,1759.2642699551761
249998,1296.683663333073
249999,1391.836185977571
250000,966.5206358135488
250001,2128.0591103657407
250002,1914.8454377933622
250003,1452.2648311712587
250004,1547.417353815757
250005,-196.95890903130328
250006,964.5795655208888
250007,751.3658929485101
250008,288.7852863264067
250009,383.93780897090494
250010,250.4618296637634
250011,1412.0003042159553
250012,1198.7866316435766
250013,736.2060250214734
250014,831.3585476659715
250015,406.04299750194923
250016,1567.5814720541412
250017,1354.3677994817626
250018,891.7871928596592
250019,986.9397155041574
250020,-307.5552094528748
250021,853.9832650993171
250022,640.7695925269384
250023,178.18898590483502
250024,273.3415085493332
250025,139.86552924219177
250026,1301.4040037943837
250027,1088.190331222005
250028,625.6097245999017
250029,720.7622472443999
250030,295.4466970803776
250031,1456.9851716325697
250032,1243.7714990601908
250033,781.1908924380875
250034,876.3434150825857
250035,-299.4818715115987
250036,862.0566030405935
250037,648.8429304682147
250038,186.26232384611126
250039,281.41484649060953
250040,147.93886718346812
250041,1309.47734173566
250042,1096.2636691632813
250043,633.683062541178
250044,728.8355851856761
250045,303.5200350216538
250046,1465.0585095738459
250047,1251.844837001467
250048,789.2642303793638
250049,884.4167530238619
250050,-505.41355983320295
250051,656.1249147189891
250052,442.91124214661033
250053,-19.669364475493012
250054,75.48315816900526
250055,-57.992821138136264
250056,1103.5456534140558
250057,890.331980841677
250058,427.7513742195736
250059,522.9038968640717
250060,97.58834670004944
250061,1259.1268212522416
250062,1045.9131486798628
250063,583.3325420577594
250064,678.4850647022577
250065,-1130.3059047339866
250066,31.232569818205548
250067,-181.9811027541732
250068,-644.5617093762767
250069,-549.4091867317784
250070,-682.8851660389198
250071,478.65330851327207
250072,265.4396359408933
250073,-197.14097068120998
250074,-101.98844803671182
250075,-527.3039982007342
250076,634.2344763514579
250077,421.0208037790792
250078,-41.55980284302427
250079,53.592719801474004
250080,375.85797775357213
250081,1537.3964523057641
250082,1324.1827797333854
250083,861.6021731112821
250084,956.7546957557802
250085,823.2787164486388
250086,1984.8171910008307
250087,1771.603518428452
250088,1309.0229118063487
250089,1404.1754344508468
250090,978.8598842868246
250091,2140.3983588390165
250092,1927.184686266638
250093,1464.6040796445345
250094,1559.7566022890328
250095,-184.6196605580276
250096,976.9188139941646
250097,763.7051414217859
250098,301.12453479968246
250099,396.2770574441807
250100,262.80107813703916
250101,1424.3395526892314
250102,1211.1258801168524
250103,748.5452734947492
250104,843.6977961392473
250105,418.3822459752249
250106,1579.920720527417
250107,1366.7070479550384
250108,904.126441332935
250109,999.2789639774332
250110,-295.215960979599
250111,866.3225135725929
250112,653.1088410002142
250113,190.52823437811094
250114,285.68075702260904
250115,152.20477771546757
250116,1313.7432522676595
250117,1100.5295796952807
250118,637.9489730731775
250119,733.1014957176757
250120,307.7859455536534
250121,1469.3244201058455
250122,1256.1107475334666
250123,793.5301409113633
250124,888.6826635558615
250125,-287.1426230383229
250126,874.3958515138692
250127,661.1821789414905
250128,198.60157231938717
250129,293.75409496388534
250130,160.2781156567438
250131,1321.8165902089358
250132,1108.602917636557
250133,646.0223110144537
250134,741.1748336589519
250135,315.8592834949296
250136,1477.397758047122
250137,1264.184085474743
250138,801.6034788526396
250139,896.7560014971377
250140,-493.07431135992715
250141,668.4641631922649
250142,455.25049061988614
250143,-7.33011600221721
250144,87.82240664228107
250145,-45.653572664860576
250146,1115.8849018873316
250147,902.6712293149528
250148,440.0906226928494
250149,535.2431453373476
250150,109.92759517332524
250151,1271.4660697255172
250152,1058.2523971531386
250153,595.6717905310352
250154,690.8243131755335
250155,-1117.966656260711
250156,43.571818291481236
250157,-169.6418542808974
250158,-632.2224609030009
250159,-537.0699382585028
250160,-670.5459175656442
250161,490.9925569865479
250162,277.77888441416917
250163,-184.80172220793418
250164,-89.64919956343601
250165,-514.9647497274584
250166,646.5737248247337
250167,433.360052252355
250168,-29.22055436974847
250169,65.9319682747498
250170,388.19722622684793
250171,1549.73570077904
250172,1336.5220282066612
250173,873.9414215845579
250174,969.093944229056
250175,835.6179649219146
250176,1997.1564394741065
250177,1783.9427669017277
250178,1321.3621602796245
250179,1416.5146829241226
250180,991.1991327601004
250181,2152.7376073122923
250182,1939.5239347399136
250183,1476.9433281178103
250184,1572.0958507623086
250185,-172.28041208475156
250186,989.2580624674404
250187,776.0443898950617
250188,313.4637832729583
250189,408.61630591745654
250190,275.14032661031496
250191,1436.6788011625072
250192,1223.4651285901282
250193,760.884521968025
250194,856.0370446125231
250195,430.72149444850083
250196,1592.259969000693
250197,1379.0462964283142
250198,916.4656898062108
250199,1011.618212450709
250200,-206.34460750759627
250201,955.1938670445958
250202,741.980194472217
250203,279.39958785011373
250204,374.55211049461195
250205,241.07613118747037
250206,1402.6146057396622
250207,1189.4009331672837
250208,726.8203265451804
250209,821.9728491896785
250210,396.6572990256562
250211,1558.1957735778483
250212,1344.9821010054695
250213,882.4014943833661
250214,977.5540170278643
250215,-198.27126956631992
250216,963.2672049858721
250217,750.0535324134934
250218,287.47292579139
250219,382.62544843588825
250220,249.14946912874672
250221,1410.6879436809386
250222,1197.47427110856
250223,734.8936644864566
250224,830.0461871309549
250225,404.73063696693254
250226,1566.2691115191246
250227,1353.0554389467459
250228,890.4748323246424
250229,985.6273549691407
250230,-404.2029578879244
250231,757.3355166642677
250232,544.121844091889
250233,81.54123746978576
250234,176.69376011428392
250235,43.21778080714239
250236,1204.7562553593343
250237,991.5425827869556
250238,528.9619761648523
250239,624.1144988093505
250240,198.7989486453281
250241,1360.3374231975201
250242,1147.1237506251414
250243,684.543144003038
250244,779.6956666475363
250245,-1029.095302788708
250246,132.4431717634841
250247,-80.77050080889467
250248,-543.3511074309981
250249,-448.19858478649985
250250,-581.6745640936413
250251,579.8639104585507
250252,366.65023788617196
250253,-95.93036873593132
250254,-0.7778460914331617
250255,-426.0933962554557
250256,735.4450782967365
250257,522.2314057243578
250258,59.650799102254496
250259,154.80332174675266
250260,477.0685796988508
250261,1638.6070542510429
250262,1425.3933816786641
250263,962.8127750565609
250264,1057.965297701059
250265,924.4893183939173
250266,2086.0277929461095
250267,1872.8141203737307
250268,1410.2335137516275
250269,1505.3860363961255
250270,1080.0704862321031
250271,2241.608960784295
250272,2028.3952882119167
250273,1565.8146815898133
250274,1660.9672042343113
250275,-83.40905861274882
250276,1078.1294159394433
250277,864.9157433670646
250278,402.33513674496123
250279,497.4876593894594
250280,364.01168008231787
250281,1525.55015463451
250282,1312.3364820621312
250283,849.7558754400279
250284,944.908398084526
250285,519.5928479205036
250286,1681.1313224726957
250287,1467.917649900317
250288,1005.3370432782136
250289,1100.4895659227118
250290,-194.00535903432035
250291,967.5331155178716
250292,754.3194429454928
250293,291.73883632338953
250294,386.8913589678877
250295,253.41537966074623
250296,1414.9538542129383
250297,1201.7401816405595
250298,739.1595750184562
250299,834.3120976629543
250300,408.9965474989321
250301,1570.535022051124
250302,1357.3213494787453
250303,894.740742856642
250304,989.8932655011401
250305,-185.9320210930441
250306,975.6064534591478
250307,762.3927808867692
250308,299.8121742646658
250309,394.964696909164
250310,261.48871760202246
250311,1423.0271921542144
250312,1209.8135195818359
250313,747.2329129597324
250314,842.3854356042306
250315,417.06988544020834
250316,1578.6083599924004
250317,1365.3946874200215
250318,902.8140807979182
250319,997.9666034424165
250320,-391.8637094146486
250321,769.6747651375435
250322,556.4610925651648
250323,93.88048594306144
250324,189.0330085875596
250325,55.55702928041819
250326,1217.0955038326101
250327,1003.8818312602314
250328,541.3012246381281
250329,636.4537472826262
250330,211.1381971186039
250331,1372.676671670796
250332,1159.4629990984172
250333,696.8823924763138
250334,792.034915120812
250335,-1016.756054315432
250336,144.7824202367599
250337,-68.43125233561886
250338,-531.0118589577221
250339,-435.8593363132238
250340,-569.3353156203655
250341,592.2031589318265
250342,378.9894863594478
250343,-83.59112026265552
250344,11.561402381842527
250345,-413.75414778217987
250346,747.7843267700123
250347,534.5706541976335
250348,71.99004757553018
250349,167.14257022002835
250350,489.40782817212664
250351,1650.9463027243187
250352,1437.73263015194
250353,975.1520235298366
250354,1070.3045461743347
250355,936.8285668671932
250356,2098.3670414193853
250357,1885.1533688470065
250358,1422.5727622249033
250359,1517.7252848694013
250360,1092.4097347053792
250361,2253.948209257571
250362,2040.7345366851923
250363,1578.153930063089
250364,1673.3064527075871
250365,-71.06981013947302
250366,1090.4686644127191
250367,877.2549918403404
250368,414.674385218237
250369,509.8269078627352
250370,376.3509285555936
250371,1537.8894031077857
250372,1324.675730535407
250373,862.0951239133036
250374,957.2476465578018
250375,531.9320963937795
250376,1693.4705709459715
250377,1480.2568983735928
250378,1017.6762917514894
250379,1112.8288143959876
250380,-344.5644904372839
250381,816.9739841149081
250382,603.7603115425294
250383,141.17970492042605
250384,236.3322275649242
250385,102.8562482577828
250386,1264.3947228099746
250387,1051.181050237596
250388,588.6004436154926
250389,683.7529662599909
250390,258.4374160959686
250391,1419.9758906481607
250392,1206.762218075782
250393,744.1816114536786
250394,839.3341340981767
250395,-336.49115249600754
250396,825.0473220561845
250397,611.8336494838057
250398,149.2530428617024
250399,244.40556550620056
250400,110.92958619905914
250401,1272.468060751251
250402,1059.2543881788724
250403,596.673781556769
250404,691.8263042012671
250405,266.51075403724485
250406,1428.049228589437
250407,1214.8355560170583
250408,752.2549493949548
250409,847.4074720394531
250410,-542.422840817612
250411,619.1156337345801
250412,405.90196116220136
250413,-56.678645459901986
250414,38.47387718459618
250415,-95.00210212254524
250416,1066.5363724296467
250417,853.3226998572679
250418,390.7420932351646
250419,485.89461587966275
250420,60.57906571564047
250421,1222.1175402678325
250422,1008.9038676954538
250423,546.3232610733504
250424,641.4757837178486
250425,-1167.3151857183955
250426,-5.77671116620354
250427,-218.9903837385823
250428,-681.5709903606855
250429,-586.4184677161873
250430,-719.8944470233289
250431,441.6440275288631
250432,228.4303549564844
250433,-234.15025166561895
250434,-138.9977290211208
250435,-564.3132791851433
250436,597.2251953670489
250437,384.01152279467016
250438,-78.56908382743325
250439,16.583438817064916
250440,338.84869676916315
250441,1500.3871713213553
250442,1287.1734987489765
250443,824.592892126873
250444,919.7454147713713
250445,786.2694354642298
250446,1947.8079100164218
250447,1734.594237444043
250448,1272.0136308219398
250449,1367.166153466438
250450,941.8506033024156
250451,2103.3890778546074
250452,1890.175405282229
250453,1427.5947986601254
250454,1522.7473213046237
250455,-221.62894154243645
250456,939.9095330097557
250457,726.695860437377
250458,264.1152538152735
250459,359.2677764597717
250460,225.79179715263024
250461,1387.3302717048223
250462,1174.1165991324435
250463,711.5359925103402
250464,806.6885151548383
250465,381.37296499081606
250466,1542.911439543008
250467,1329.6977669706293
250468,867.117160348526
250469,962.2696829930242
250470,-332.2252419640081
250471,829.313232588184
250472,616.0995600158052
250473,153.51895339370185
250474,248.6714760382
250475,115.19549673105848
250476,1276.7339712832504
250477,1063.5202987108719
250478,600.9396920887684
250479,696.0922147332667
250480,270.7766645692444
250481,1432.3151391214365
250482,1219.1014665490577
250483,756.5208599269544
250484,851.6733825714525
250485,-324.15190402273197
250486,837.3865705294602
250487,624.1728979570815
250488,161.5922913349782
250489,256.74481397947636
250490,123.26883467233472
250491,1284.8073092245268
250492,1071.5936366521482
250493,609.0130300300448
250494,704.1655526745429
250495,278.85000251052065
250496,1440.3884770627128
250497,1227.1748044903338
250498,764.5941978682306
250499,859.7467205127289
250500,-530.0835923443362
250501,631.4548822078559
250502,418.2412096354772
250503,-44.33939698662607
250504,50.81312565787209
250505,-82.66285364926966
250506,1078.8756209029225
250507,865.6619483305437
250508,403.0813417084404
250509,498.23386435293855
250510,72.91831418891627
250511,1234.4567887411085
250512,1021.2431161687297
250513,558.6625095466262
250514,653.8150321911245
250515,-1154.9759372451197
250516,6.562537307072262
250517,-206.65113526530638
250518,-669.2317418874097
250519,-574.0792192429117
250520,-707.5551985500531
250521,453.98327600213884
250522,240.7696034297602
250523,-221.81100319234315
250524,-126.65848054784499
250525,-551.9740307118675
250526,609.5644438403247
250527,396.35077126794596
250528,-66.22983535415733
250529,28.922687290340832
250530,351.1879452424389
250531,1512.726419794631
250532,1299.5127472222523
250533,836.9321406001488
250534,932.0846632446471
250535,798.6086839375055
250536,1960.1471584896974
250537,1746.9334859173186
250538,1284.3528792952156
250539,1379.5054019397137
250540,954.1898517756914
250541,2115.728326327883
250542,1902.5146537555047
250543,1439.9340471334012
250544,1535.0865697778995
250545,-209.28969306916065
250546,952.2487814830314
250547,739.0351089106526
250548,276.4545022885493
250549,371.6070249330475
250550,238.13104562590593
250551,1399.669520178098
250552,1186.4558476057193
250553,723.875240983616
250554,819.0277636281141
250555,393.71221346409186
250556,1555.2506880162837
250557,1342.0370154439051
250558,879.4564088218018
250559,974.6089314663
250560,-319.8859934907323
250561,841.6524810614598
250562,628.438808489081
250563,165.85820186697765
250564,261.0107245114758
250565,127.53474520433429
250566,1289.0732197565262
250567,1075.8595471841477
250568,613.2789405620442
250569,708.4314632065425
250570,283.11591304252016
250571,1444.6543875947123
250572,1231.4407150223335
250573,768.8601084002302
250574,864.0126310447283
250575,-311.81265554945617
250576,849.725819002736
250577,636.5121464303572
250578,173.9315398082539
250579,269.0840624527521
250580,135.60808314561064
250581,1297.1465576978026
250582,1083.932885125424
250583,621.3522785033206
250584,716.5048011478187
250585,291.1892509837964
250586,1452.7277255359886
250587,1239.5140529636099
250588,776.9334463415064
250589,872.0859689860047
250590,-517.7443438710604
250591,643.7941306811317
250592,430.580458108753
250593,-32.00014851335027
250594,63.152374131147894
250595,-70.32360517599375
250596,1091.2148693761983
250597,878.0011968038195
250598,415.4205901817162
250599,510.57311282621436
250600,85.25756266219196
250601,1246.7960372143841
250602,1033.5823646420054
250603,571.001758019902
250604,666.1542806644003
250605,-1142.636688771844
250606,18.901785780348064
250607,-194.3118867920307
250608,-656.8924934141342
250609,-561.7399707696359
250610,-695.2159500767773
250611,466.32252447541464
250612,253.10885190303588
250613,-209.47175471906746
250614,-114.3192320745693
250615,-539.6347822385917
250616,621.9036923136005
250617,408.69001974122176
250618,-53.89058688088164
250619,41.26193576361652
250620,363.52719371571465
250621,1525.0656682679069
250622,1311.851995695528
250623,849.2713890734246
250624,944.4239117179229
250625,810.9479324107813
250626,1972.4864069629734
250627,1759.2727343905947
250628,1296.6921277684914
250629,1391.8446504129895
250630,966.5291002489671
250631,2128.067574801159
250632,1914.8539022287805
250633,1452.2732956066773
250634,1547.4258182511753
250635,-196.95044459588485
250636,964.5880299563072
250637,751.3743573839284
250638,288.7937507618251
250639,383.9462734063233
250640,250.47029409918179
250641,1412.0087686513739
250642,1198.7950960789951
250643,736.2144894568918
250644,831.36701210139
250645,406.0514619373676
250646,1567.5899364895597
250647,1354.376263917181
250648,891.7956572950776
250649,986.9481799395758
250650,-307.5467450174565
250651,853.9917295347356
250652,640.7780569623568
250653,178.19745034025345
250654,273.3499729847516
250655,139.8739936776102
250656,1301.412468229802
250657,1088.1987956574235
250658,625.61818903532
250659,720.7707116798182
250660,295.455161515796
250661,1456.993636067988
250662,1243.7799634956093
250663,781.1993568735058
250664,876.3518795180041
250665,-299.47340707618014
250666,862.0650674760119
250667,648.8513949036331
250668,186.2707882815298
250669,281.42331092602797
250670,147.94733161888655
250671,1309.4858061710784
250672,1096.2721335986998
250673,633.6915269765964
250674,728.8440496210945
250675,303.52849945707226
250676,1465.0669740092644
250677,1251.8533014368857
250678,789.2726948147822
250679,884.4252174592804
250680,-505.40509539778463
250681,656.1333791544075
250682,442.91970658202877
250683,-19.66090004007458
250684,75.49162260442358
250685,-57.98435670271783
250686,1103.554117849474
250687,890.3404452770953
250688,427.759838654992
250689,522.9123612994902
250690,97.59681113546787
250691,1259.13528568766
250692,1045.9216131152812
250693,583.3410064931778
250694,678.493529137676
250695,-1130.2974402985683
250696,31.241034253623866
250697,-181.9726383187549
250698,-644.5532449408583
250699,-549.4007222963601
250700,-682.8767016035015
250701,478.6617729486905
250702,265.44810037631174
250703,-197.13250624579155
250704,-101.97998360129338
250705,-527.2955337653159
250706,634.2429407868763
250707,421.02926821449756
250708,-41.55133840760584
250709,53.60118423689232
250710,375.86644218899056
250711,1537.4049167411827
250712,1324.191244168804
250713,861.6106375467004
250714,956.7631601911987
250715,823.2871808840572
250716,1984.8256554362492
250717,1771.6119828638705
250718,1309.0313762417672
250719,1404.1838988862653
250720,978.868348722243
250721,2140.406823274435
250722,1927.1931507020563
250723,1464.6125440799528
250724,1559.7650667244511
250725,-184.61119612260904
250726,976.9272784295831
250727,763.7136058572044
250728,301.1329992351009
250729,396.2855218795991
250730,262.80954257245753
250731,1424.3480171246497
250732,1211.134344552271
250733,748.5537379301676
250734,843.7062605746657
250735,418.39071041064335
250736,1579.9291849628355
250737,1366.7155123904568
250738,904.1349057683534
250739,999.2874284128516
250740,-295.2074965441807
250741,866.3309780080114
250742,653.1173054356326
250743,190.53669881352926
250744,285.6892214580274
250745,152.2132421508859
250746,1313.7517167030778
250747,1100.5380441306993
250748,637.9574375085958
250749,733.1099601530941
250750,307.7944099890718
250751,1469.3328845412639
250752,1256.119211968885
250753,793.5386053467818
250754,888.6911279912799
250755,-287.13415860290456
250756,874.4043159492876
250757,661.190643376909
250758,198.6100367548055
250759,293.7625593993037
250760,160.28658009216213
250761,1321.8250546443542
250762,1108.6113820719756
250763,646.0307754498722
250764,741.1832980943703
250765,315.86774793034806
250766,1477.4062224825402
250767,1264.1925499101615
250768,801.611943288058
250769,896.7644659325563
250770,-493.06584692450883
250771,668.4726276276833
250772,455.25895505530457
250773,-7.321651566798664
250774,87.8308710776995
250775,-45.64510822944226
250776,1115.89336632275
250777,902.6796937503711
250778,440.0990871282678
250779,535.251609772766
250780,109.93605960874368
250781,1271.474534160936
250782,1058.260861588557
250783,595.6802549664536
250784,690.8327776109518
250785,-1117.9581918252923
250786,43.58028272689967
250787,-169.63338984547897
250788,-632.2139964675823
250789,-537.0614738230843
250790,-670.5374531302257
250791,491.00102142196624
250792,277.7873488495876
250793,-184.79325777251574
250794,-89.64073512801758
250795,-514.9562852920401
250796,646.5821892601521
250797,433.3685166877734
250798,-29.212089934329924
250799,65.94043271016824
250800,388.2056906622663
250801,1549.7441652144585
250802,1336.5304926420795
250803,873.9498860199762
250804,969.1024086644744
250805,835.6264293573329
250806,1997.1649039095248
250807,1783.9512313371463
250808,1321.3706247150428
250809,1416.5231473595409
250810,991.2075971955188
250811,2152.7460717477106
250812,1939.532399175332
250813,1476.9517925532286
250814,1572.104315197727
250815,-172.27194764933324
250816,989.2665269028588
250817,776.0528543304802
250818,313.4722477083767
250819,408.6247703528749
250820,275.1487910457334
250821,1436.6872655979255
250822,1223.4735930255467
250823,760.8929864034434
250824,856.0455090479416
250825,430.72995888391927
250826,1592.2684334361113
250827,1379.0547608637326
250828,916.4741542416292
250829,1011.6266768861274
250830,-206.33614307217783
250831,955.2023314800142
250832,741.9886589076355
250833,279.4080522855321
250834,374.5605749300303
250835,241.08459562288874
250836,1402.6230701750808
250837,1189.409397602702
250838,726.8287909805987
250839,821.981313625097
250840,396.6657634610746
250841,1558.2042380132666
250842,1344.9905654408878
250843,882.4099588187846
250844,977.5624814632828
250845,-198.26280513090148
250846,963.2756694212906
250847,750.0619968489117
250848,287.4813902268084
250849,382.6339128713066
250850,249.1579335641651
250851,1410.6964081163571
250852,1197.4827355439784
250853,734.902128921875
250854,830.0546515663732
250855,404.73910140235097
250856,1566.277575954543
250857,1353.0639033821642
250858,890.4832967600609
250859,985.635819404559
250860,-404.19449345250587
250861,757.3439810996862
250862,544.1303085273075
250863,81.54970190520407
250864,176.70222454970235
250865,43.22624524256071
250866,1204.7647197947526
250867,991.551047222374
250868,528.9704406002706
250869,624.1229632447689
250870,198.80741308074653
250871,1360.3458876329387
250872,1147.13221506056
250873,684.5516084384565
250874,779.7041310829547
250875,-1029.0868383532895
250876,132.45163619890252
250877,-80.76203637347623
250878,-543.3426429955796
250879,-448.1901203510813
250880,-581.666099658223
250881,579.8723748939691
250882,366.6587023215904
250883,-95.921904300513
250884,-0.7693816560148434
250885,-426.08493182003735
250886,735.4535427321549
250887,522.2398701597763
250888,59.659263537672814
250889,154.81178618217098
250890,477.07704413426916
250891,1638.6155186864612
250892,1425.4018461140824
250893,962.8212394919792
250894,1057.9737621364775
250895,924.4977828293357
250896,2086.0362573815282
250897,1872.822584809149
250898,1410.2419781870458
250899,1505.394500831544
250900,1080.0789506675217
250901,2241.6174252197134
250902,2028.403752647335
250903,1565.8231460252316
250904,1660.9756686697299
250905,-83.40059417733039
250906,1078.1378803748617
250907,864.9242078024829
250908,402.3436011803796
250909,497.49612382487777
250910,364.02014451773624
250911,1525.5586190699282
250912,1312.3449464975497
250913,849.7643398754462
250914,944.9168625199444
250915,519.6013123559221
250916,1681.1397869081143
250917,1467.9261143357353
250918,1005.3455077136321
250919,1100.49803035813
250920,-193.99689459890192
250921,967.54157995329
250922,754.3279073809113
250923,291.74730075880797
250924,386.89982340330613
250925,253.42384409616466
250926,1414.9623186483568
250927,1201.7486460759778
250928,739.1680394538745
250929,834.3205620983726
250930,409.0050119343505
250931,1570.5434864865424
250932,1357.3298139141639
250933,894.7492072920604
250934,989.9017299365585
250935,-185.92355665762568
250936,975.6149178945664
250937,762.4012453221876
250938,299.82063870008426
250939,394.9731613445824
250940,261.4971820374409
250941,1423.035656589633
250942,1209.8219840172542
250943,747.2413773951508
250944,842.393900039649
250945,417.0783498756267
250946,1578.6168244278188
250947,1365.40315185544
250948,902.8225452333367
250949,997.9750678778348
250950,-391.85524497923006
250951,769.683229572962
250952,556.4695570005832
250953,93.88895037847988
250954,189.04147302297804
250955,55.565493715836624
250956,1217.1039682680287
250957,1003.8902956956498
250958,541.3096890735465
250959,636.4622117180446
250960,211.14666155402233
250961,1372.6851361062145
250962,1159.4714635338357
250963,696.8908569117323
250964,792.0433795562304
250965,-1016.7475898800137
250966,144.79088467217832
250967,-68.42278790020043
250968,-531.0033945223038
250969,-435.8508718778055
250970,-569.3268511849471
250971,592.211623367245
250972,378.9979507948662
250973,-83.5826558272372
250974,11.569866817260959
250975,-413.7456833467613
250976,747.7927912054307
250977,534.5791186330521
250978,71.99851201094862
250979,167.15103465544678
250980,489.4162926075451
250981,1650.954767159737
250982,1437.7410945873582
250983,975.160487965255
250984,1070.3130106097533
250985,936.8370313026116
250986,2098.375505854804
250987,1885.1618332824248
250988,1422.5812266603216
250989,1517.7337493048199
250990,1092.4181991407975
250991,2253.956673692989
250992,2040.7430011206109
250993,1578.1623944985074
250994,1673.3149171430055
250995,-71.06134570405447
250996,1090.4771288481375
250997,877.2634562757587
250998,414.6828496536554
250999,509.83537229815363
251000,376.35939299101204
251001,1537.897867543204
251002,1324.6841949708253
251003,862.103588348722
251004,957.2561109932202
251005,531.9405608291979
251006,1693.47903538139
251007,1480.265362809011
251008,1017.6847561869079
251009,1112.837278831406
251010,-344.55602600186535
251011,816.9824485503266
251012,603.7687759779478
251013,141.18816935584448
251014,236.34069200034264
251015,102.86471269320111
251016,1264.403187245393
251017,1051.1895146730144
251018,588.608908050911
251019,683.7614306954092
251020,258.44588053138705
251021,1419.984355083579
251022,1206.7706825112004
251023,744.190075889097
251024,839.3425985335952
251025,-336.4826880605892
251026,825.0557864916028
251027,611.8421139192242
251028,149.26150729712072
251029,244.41402994161894
251030,110.93805063447746
251031,1272.4765251866693
251032,1059.2628526142908
251033,596.6822459921874
251034,691.8347686366856
251035,266.5192184726633
251036,1428.0576930248553
251037,1214.8440204524766
251038,752.2634138303732
251039,847.4159364748714
251040,-542.4143763821935
251041,619.1240981699984
251042,405.9104255976198
251043,-56.670181024483554
251044,38.48234162001472
251045,-94.99363768712692
251046,1066.544836865065
251047,853.3311642926864
251048,390.750557670583
251049,485.9030803150812
251050,60.5875301510589
251051,1222.126004703251
251052,1008.9123321308723
251053,546.3317255087688
251054,641.484248153267
251055,-1167.3067212829772
251056,-5.768246730785222
251057,-218.98191930316375
251058,-681.5625259252672
251059,-586.4100032807689
251060,-719.8859825879106
251061,441.6524919642814
251062,228.43881939190283
251063,-234.14178723020052
251064,-138.98926458570236
251065,-564.3048147497248
251066,597.2336598024672
251067,384.0199872300886
251068,-78.56061939201481
251069,16.591903252483462
251070,338.85716120458153
251071,1500.3956357567736
251072,1287.1819631843948
251073,824.6013565622915
251074,919.7538792067896
251075,786.2778998996481
251076,1947.8163744518401
251077,1734.6027018794614
251078,1272.0220952573582
251079,1367.1746179018562
251080,941.859067737834
251081,2103.3975422900257
251082,1890.1838697176474
251083,1427.603263095544
251084,1522.755785740042
251085,-221.62047710701802
251086,939.917997445174
251087,726.7043248727953
251088,264.1237182506919
251089,359.2762408951901
251090,225.80026158804856
251091,1387.3387361402406
251092,1174.1250635678618
251093,711.5444569457586
251094,806.6969795902568
251095,381.3814294262345
251096,1542.9199039784264
251097,1329.7062314060477
251098,867.1256247839444
251099,962.2781474284426
251100,-332.2167775285898
251101,829.3216970236023
251102,616.1080244512236
251103,153.52741782912017
251104,248.6799404736184
251105,115.20396116647692
251106,1276.742435718669
251107,1063.5287631462902
251108,600.9481565241869
251109,696.100679168685
251110,270.7851290046628
251111,1432.3236035568548
251112,1219.109930984476
251113,756.5293243623728
251114,851.681847006871
251115,-324.1434395873134
251116,837.3950349648786
251117,624.1813623924999
251118,161.60075577039652
251119,256.7532784148947
251120,123.27729910775315
251121,1284.815773659945
251122,1071.6021010875666
251123,609.0214944654632
251124,704.1740171099614
251125,278.858466945939
251126,1440.3969414981311
251127,1227.1832689257524
251128,764.602662303649
251129,859.7551849481472
251130,-530.0751279089177
251131,631.4633466432742
251132,418.24967407089565
251133,-44.33093255120775
251134,50.821590093290524
251135,-82.65438921385123
251136,1078.8840853383408
251137,865.6704127659622
251138,403.0898061438588
251139,498.242328788357
251140,72.9267786243347
251141,1234.4652531765269
251142,1021.2515806041481
251143,558.6709739820446
251144,653.8234966265428
251145,-1154.9674728097013
251146,6.571001742490694
251147,-206.64267082988806
251148,-669.2232774519914
251149,-574.0707548074934
251150,-707.5467341146348
251151,453.99174043755727
251152,240.7780678651785
251153,-221.80253875692483
251154,-126.65001611242667
251155,-551.9655662764492
251156,609.5729082757431
251157,396.3592357033644
251158,-66.22137091873901
251159,28.93115172575915
251160,351.1964096778573
251161,1512.7348842300494
251162,1299.5212116576706
251163,836.9406050355673
251164,932.0931276800654
251165,798.6171483729239
251166,1960.155622925116
251167,1746.9419503527372
251168,1284.361343730634
251169,1379.5138663751322
251170,954.1983162111098
251171,2115.7367907633015
251172,1902.5231181909232
251173,1439.9425115688198
251174,1535.095034213318
251175,-209.28122863374233
251176,952.2572459184498
251177,739.0435733460711
251178,276.46296672396767
251179,371.6154893684659
251180,238.13951006132436
251181,1399.6779846135164
251182,1186.4643120411376
251183,723.8837054190344
251184,819.0362280635325
251185,393.72067789951024
251186,1555.2591524517022
251187,1342.0454798793235
251188,879.4648732572202
251189,974.6173959017184
251190,-319.87752905531397
251191,841.6609454968782
251192,628.4472729244994
251193,165.86666630239608
251194,261.01918894689425
251195,127.54320963975272
251196,1289.0816841919448
251197,1075.868011619566
251198,613.2874049974627
251199,708.4399276419608
251200,283.12437747793854
251201,1444.6628520301306
251202,1231.4491794577518
251203,768.8685728356486
251204,864.0210954801468
251205,-311.8041911140376
251206,849.7342834381544
251207,636.5206108657758
251208,173.94000424367232
251209,269.09252688817054
251210,135.61654758102907
251211,1297.155022133221
251212,1083.9413495608424
251213,621.360742938739
251214,716.5132655832372
251215,291.1977154192148
251216,1452.736189971407
251217,1239.5225173990282
251218,776.9419107769248
251219,872.094433421423
251220,-517.7358794356421
251221,643.8025951165502
251222,430.58892254417134
251223,-31.99168407793195
251224,63.16083856656621
251225,-70.31514074057532
251226,1091.2233338116166
251227,878.009661239238
251228,415.4290546171346
251229,510.5815772616328
251230,85.26602709761039
251231,1246.8045016498027
251232,1033.5908290774237
251233,571.0102224553204
251234,666.1627450998186
251235,-1142.6282243364258
251236,18.910250215766496
251237,-194.30342235661226
251238,-656.8840289787158
251239,-561.7315063342176
251240,-695.207485641359
251241,466.33098891083307
251242,253.11731633845432
251243,-209.46329028364903
251244,-114.31076763915087
251245,-539.6263178031734
251246,621.9121567490189
251247,408.69848417664014
251248,-53.88212244546321
251249,41.27040019903495
251250,363.5356581511331
251251,1525.0741327033252
251252,1311.8604601309464
251253,849.2798535088432
251254,944.4323761533412
251255,810.9563968461997
251256,1972.4948713983918
251257,1759.2811988260132
251258,1296.7005922039098
251259,1391.853114848408
251260,966.5375646843855
251261,2128.0760392365773
251262,1914.862366664199
251263,1452.2817600420956
251264,1547.4342826865936
251265,-196.94198016046653
251266,964.5964943917256
251267,751.3828218193469
251268,288.8022151972435
251269,383.95473784174175
251270,250.47875853460016
251271,1412.0172330867922
251272,1198.8035605144137
251273,736.2229538923102
251274,831.3754765368084
251275,406.059926372786
251276,1567.5984009249783
251277,1354.3847283525993
251278,891.804121730496
251279,986.9566443749942
251280,-307.53828058203794
251281,854.000193970154
251282,640.7865213977752
251283,178.20591477567177
251284,273.35843742017005
251285,139.88245811302852
251286,1301.4209326652203
251287,1088.2072600928418
251288,625.6266534707385
251289,720.7791761152366
251290,295.46362595121445
251291,1457.0021005034064
251292,1243.7884279310279
251293,781.2078213089243
251294,876.3603439534224
251295,-299.4649426407618
251296,862.0735319114302
251297,648.8598593390515
251298,186.27925271694812
251299,281.4317753614463
251300,147.95579605430487
251301,1309.4942706064967
251302,1096.2805980341182
251303,633.6999914120148
251304,728.852514056513
251305,303.5369638924907
251306,1465.0754384446827
251307,1251.861765872304
251308,789.2811592502006
251309,884.4336818946988
251310,-505.3966309623661
251311,656.141843589826
251312,442.9281710174472
251313,-19.652435604656148
251314,75.50008703984213
251315,-57.975892267299514
251316,1103.5625822848924
251317,890.3489097125138
251318,427.7683030904104
251319,522.9208257349086
251320,97.6052755708863
251321,1259.1437501230785
251322,1045.9300775506997
251323,583.3494709285962
251324,678.5019935730944
251325,-1130.2889758631497
251326,31.249498689042184
251327,-181.96417388333634
251328,-644.5447805054398
251329,-549.3922578609415
251330,-682.8682371680832
251331,478.6702373841088
251332,265.4565648117302
251333,-197.12404181037311
251334,-101.97151916587495
251335,-527.2870693298973
251336,634.2514052222946
251337,421.037732649916
251338,-41.54287397218741
251339,53.60964867231087
251340,375.87490662440894
251341,1537.413381176601
251342,1324.1997086042222
251343,861.6191019821189
251344,956.771624626617
251345,823.2956453194755
251346,1984.8341198716676
251347,1771.6204472992888
251348,1309.0398406771856
251349,1404.1923633216836
251350,978.8768131576614
251351,2140.415287709853
251352,1927.2016151374748
251353,1464.6210085153714
251354,1559.7735311598694
251355,-184.60273168719073
251356,976.9357428650014
251357,763.7220702926227
251358,301.14146367051933
251359,396.2939863150175
251360,262.81800700787596
251361,1424.356481560068
251362,1211.1428089876892
251363,748.562202365586
251364,843.7147250100842
251365,418.3991748460618
251366,1579.9376493982538
251367,1366.723976825875
251368,904.1433702037718
251369,999.29589284827
251370,-295.19903210876237
251371,866.3394424434297
251372,653.125769871051
251373,190.54516324894757
251374,285.6976858934458
251375,152.22170658630432
251376,1313.7601811384964
251377,1100.5465085661176
251378,637.9659019440143
251379,733.1184245885124
251380,307.8028744244902
251381,1469.3413489766822
251382,1256.1276764043034
251383,793.5470697822002
251384,888.6995924266982
251385,-287.125694167486
251386,874.412780384706
251387,661.1991078123273
251388,198.61850119022392
251389,293.7710238347221
251390,160.29504452758056
251391,1321.8335190797725
251392,1108.619846507394
251393,646.0392398852906
251394,741.1917625297888
251395,315.87621236576643
251396,1477.4146869179585
251397,1264.2010143455798
251398,801.6204077234764
251399,896.7729303679746
251400,-493.0573824890903
251401,668.4810920631016
251402,455.267419490723
251403,-7.313187131380346
251404,87.83933551311793
251405,-45.636643794023826
251406,1115.9018307581682
251407,902.6881581857896
251408,440.10755156368623
251409,535.2600742081844
251410,109.94452404416211
251411,1271.4829985963543
251412,1058.2693260239753
251413,595.688719401872
251414,690.8412420463702
251415,-1117.949727389874
251416,43.5887471623181
251417,-169.62492541006065
251418,-632.205532032164
251419,-537.053009387666
251420,-670.5289886948074
251421,491.0094858573847
251422,277.7958132850059
251423,-184.78479333709743
251424,-89.63227069259926
251425,-514.9478208566218
251426,646.5906536955705
251427,433.37698112319174
251428,-29.203625498911606
251429,65.94889714558656
251430,388.2141550976847
251431,1549.7526296498768
251432,1336.538957077498
251433,873.9583504553946
251434,969.1108730998928
251435,835.6348937927513
251436,1997.1733683449434
251437,1783.9596957725646
251438,1321.3790891504614
251439,1416.5316117949594
251440,991.2160616309372
251441,2152.754536183129
251442,1939.5408636107504
251443,1476.9602569886472
251444,1572.1127796331452
251445,-172.26348321391492
251446,989.2749913382772
251447,776.0613187658985
251448,313.4807121437951
251449,408.6332347882933
251450,275.15725548115176
251451,1436.6957300333438
251452,1223.482057460965
251453,760.9014508388618
251454,856.0539734833599
251455,430.73842331933764
251456,1592.2768978715296
251457,1379.0632252991509
251458,916.4826186770476
251459,1011.6351413215458
251460,-206.3276786367594
251461,955.2107959154326
251462,741.9971233430539
251463,279.41651672095054
251464,374.56903936544876
251465,241.09306005830717
251466,1402.6315346104993
251467,1189.4178620381203
251468,726.8372554160171
251469,821.9897780605153
251470,396.674227896493
251471,1558.212702448685
251472,1344.9990298763064
251473,882.4184232542029
251474,977.5709458987011
251475,-198.25434069548305
251476,963.2841338567089
251477,750.0704612843301
251478,287.48985466222683
251479,382.64237730672505
251480,249.16639799958352
251481,1410.7048725517757
251482,1197.4911999793967
251483,734.9105933572935
251484,830.0631160017916
251485,404.74756583776934
251486,1566.2860403899613
251487,1353.0723678175827
251488,890.4917611954793
251489,985.6442838399774
251490,-404.18602901708755
251491,757.3524455351046
251492,544.1387729627259
251493,81.55816634062239
251494,176.71068898512067
251495,43.23470967797914
251496,1204.7731842301712
251497,991.5595116577924
251498,528.9789050356891
251499,624.1314276801872
251500,198.81587751616485
251501,1360.354352068357
251502,1147.1406794959782
251503,684.5600728738749
251504,779.7125955183731
251505,-1029.0783739178712
251506,132.46010063432095
251507,-80.7535719380578
251508,-543.3341785601613
251509,-448.181655915663
251510,-581.6576352228046
251511,579.8808393293875
251512,366.6671667570088
251513,-95.91343986509457
251514,-0.7609172205964114
251515,-426.0764673846188
251516,735.4620071675733
251517,522.2483345951946
251518,59.66772797309113
251519,154.8202506175894
251520,477.0855085696876
251521,1638.6239831218797
251522,1425.410310549501
251523,962.8297039273976
251524,1057.9822265718958
251525,924.5062472647542
251526,2086.0447218169465
251527,1872.8310492445676
251528,1410.250442622464
251529,1505.4029652669624
251530,1080.08741510294
251531,2241.625889655132
251532,2028.4122170827534
251533,1565.8316104606502
251534,1660.9841331051482
251535,-83.39212974191196
251536,1078.1463448102802
251537,864.9326722379014
251538,402.35206561579804
251539,497.5045882602962
251540,364.0286089531547
251541,1525.5670835053468
251542,1312.353410932968
251543,849.7728043108647
251544,944.9253269553628
251545,519.6097767913404
251546,1681.1482513435326
251547,1467.9345787711538
251548,1005.3539721490504
251549,1100.5064947935487
251550,-193.9884301634836
251551,967.5500443887083
251552,754.3363718163297
251553,291.75576519422634
251554,386.9082878387245
251555,253.43230853158303
251556,1414.9707830837751
251557,1201.7571105113961
251558,739.1765038892929
251559,834.3290265337911
251560,409.0134763697689
251561,1570.5519509219607
251562,1357.3382783495822
251563,894.7576717274787
251564,989.910194371977
251565,-185.91509222220725
251566,975.6233823299847
251567,762.4097097576059
251568,299.8291031355026
251569,394.9816257800008
251570,261.50564647285927
251571,1423.0441210250513
251572,1209.8304484526725
251573,747.2498418305693
251574,842.4023644750674
251575,417.08681431104515
251576,1578.625288863237
251577,1365.4116162908585
251578,902.8310096687551
251579,997.9835323132532
251580,-391.8467805438115
251581,769.6916940083804
251582,556.4780214360017
251583,93.89741481389831
251584,189.04993745839647
251585,55.573958151255056
251586,1217.112432703447
251587,1003.8987601310682
251588,541.3181535089649
251589,636.470676153463
251590,211.15512598944076
251591,1372.6936005416328
251592,1159.479927969254
251593,696.8993213471507
251594,792.0518439916489
251595,-1016.7391254445954
251596,144.79934910759664
251597,-68.41432346478211
251598,-530.9949300868855
251599,-435.8424074423872
251600,-569.3183867495286
251601,592.2200878026633
251602,379.00641523028463
251603,-83.57419139181866
251604,11.57833125267939
251605,-413.7372189113428
251606,747.801255640849
251607,534.5875830684704
251608,72.00697644636705
251609,167.1594990908652
251610,489.42475704296345
251611,1650.9632315951553
251612,1437.7495590227768
251613,975.1689524006733
251614,1070.3214750451716
251615,936.84549573803
251616,2098.3839702902224
251617,1885.1702977178434
251618,1422.58969109574
251619,1517.7422137402382
251620,1092.426663576216
251621,2253.9651381284075
251622,2040.7514655560292
251623,1578.170858933926
251624,1673.323381578424
251625,-71.05288126863616
251626,1090.4855932835558
251627,877.2719207111771
251628,414.6913140890738
251629,509.843836733572
251630,376.3678574264304
251631,1537.9063319786223
251632,1324.6926594062438
251633,862.1120527841405
251634,957.2645754286386
251635,531.9490252646162
251636,1693.4874998168084
251637,1480.2738272444296
251638,1017.6932206223262
251639,1112.8457432668245
251640,-344.54756156644703
251641,816.9909129857449
251642,603.7772404133661
251643,141.1966337912628
251644,236.34915643576096
251645,102.87317712861955
251646,1264.4116516808115
251647,1051.1979791084327
251648,588.6173724863295
251649,683.7698951308276
251650,258.4543449668054
251651,1419.9928195189973
251652,1206.7791469466188
251653,744.1985403245153
251654,839.3510629690135
251655,-336.4742236251709
251656,825.0642509270212
251657,611.8505783546425
251658,149.26997173253903
251659,244.4224943770373
251660,110.9465150698959
251661,1272.4849896220878
251662,1059.271317049709
251663,596.6907104276058
251664,691.843233072104
251665,266.52768290808166
251666,1428.0661574602736
251667,1214.8524848878951
251668,752.2718782657917
251669,847.4244009102898
251670,-542.405911946775
251671,619.1325626054169
251672,405.9188900330382
251673,-56.66171658906512
251674,38.49080605543304
251675,-94.98517325170849
251676,1066.5533013004833
251677,853.3396287281048
251678,390.75902210600145
251679,485.9115447504996
251680,60.59599458647722
251681,1222.1344691386694
251682,1008.9207965662906
251683,546.3401899441873
251684,641.4927125886854
251685,-1167.2982568475588
251686,-5.759782295366676
251687,-218.97345486774543
251688,-681.5540614898489
251689,-586.4015388453506
251690,-719.877518152492
251691,441.66095639969984
251692,228.44728382732126
251693,-234.1333227947821
251694,-138.98080015028393
251695,-564.2963503143062
251696,597.2421242378857
251697,384.02845166550696
251698,-78.55215495659638
251699,16.60036768790178
251700,338.8656256399999
251701,1500.404100192192
251702,1287.1904276198131
251703,824.6098209977099
251704,919.762343642208
251705,786.2863643350665
251706,1947.8248388872585
251707,1734.61116631488
251708,1272.0305596927765
251709,1367.1830823372748
251710,941.8675321732524
251711,2103.406006725444
251712,1890.1923341530658
251713,1427.6117275309623
251714,1522.7642501754606
251715,-221.6120126715996
251716,939.9264618805923
251717,726.7127893082137
251718,264.13218268611024
251719,359.28470533060846
251720,225.808726023467
251721,1387.347200575659
251722,1174.1335280032804
251723,711.5529213811769
251724,806.7054440256751
251725,381.38989386165287
251726,1542.928368413845
251727,1329.7146958414662
251728,867.1340892193627
251729,962.286611863861
251730,-332.2083130931712
251731,829.3301614590207
251732,616.116488886642
251733,153.5358822645387
251734,248.68840490903682
251735,115.21242560189535
251736,1276.7509001540875
251737,1063.5372275817085
251738,600.9566209596053
251739,696.1091436041035
251740,270.79359344008117
251741,1432.332067992273
251742,1219.1183954198946
251743,756.5377887977911
251744,851.6903114422893
251745,-324.1349751518951
251746,837.403499400297
251747,624.1898268279183
251748,161.60922020581495
251749,256.7617428503131
251750,123.28576354317158
251751,1284.8242380953636
251752,1071.6105655229849
251753,609.0299589008816
251754,704.1824815453798
251755,278.8669313813574
251756,1440.4054059335494
251757,1227.191733361171
251758,764.6111267390675
251759,859.7636493835656
251760,-530.0666634734994
251761,631.4718110786928
251762,418.25813850631397
251763,-44.322468115789434
251764,50.83005452870884
251765,-82.6459247784328
251766,1078.8925497737594
251767,865.6788772013806
251768,403.09827057927725
251769,498.2507932237754
251770,72.93524305975302
251771,1234.4737176119452
251772,1021.2600450395664
251773,558.6794384174631
251774,653.8319610619612
251775,-1154.959008374283
251776,6.579466177909126
251777,-206.63420639446963
251778,-669.2148130165731
251779,-574.062290372075
251780,-707.5382696792165
251781,454.0002048729757
251782,240.78653230059695
251783,-221.7940743215064
251784,-126.64155167700824
251785,-551.9571018410306
251786,609.5813727111615
251787,396.36770013878277
251788,-66.2129064833207
251789,28.939616161177582
251790,351.2048741132757
251791,1512.7433486654677
251792,1299.5296760930892
251793,836.9490694709857
251794,932.101592115484
251795,798.6256128083423
251796,1960.1640873605343
251797,1746.9504147881557
251798,1284.3698081660523
251799,1379.5223308105506
251800,954.2067806465282
251801,2115.7452551987203
251802,1902.5315826263416
251803,1439.9509760042383
251804,1535.1034986487364
251805,-209.27276419832378
251806,952.2657103538681
251807,739.0520377814895
251808,276.4714311593861
251809,371.6239538038843
251810,238.1479744967428
251811,1399.6864490489347
251812,1186.4727764765562
251813,723.8921698544527
251814,819.0446924989509
251815,393.7291423349286
251816,1555.2676168871208
251817,1342.0539443147418
251818,879.4733376926386
251819,974.6258603371368
251820,-319.8690646198954
251821,841.6694099322965
251822,628.4557373599177
251823,165.8751307378144
251824,261.0276533823126
251825,127.55167407517115
251826,1289.090148627363
251827,1075.8764760549843
251828,613.2958694328811
251829,708.4483920773793
251830,283.13284191335697
251831,1444.671316465549
251832,1231.4576438931704
251833,768.8770372710669
251834,864.0295599155651
251835,-311.7957266786193
251836,849.7427478735729
251837,636.5290753011941
251838,173.94846867909064
251839,269.1009913235889
251840,135.6250120164475
251841,1297.1634865686394
251842,1083.9498139962607
251843,621.3692073741574
251844,716.5217300186556
251845,291.2061798546332
251846,1452.7446544068252
251847,1239.5309818344467
251848,776.9503752123433
251849,872.1028978568414
251850,-517.7274150002236
251851,643.8110595519685
251852,430.59738697958977
251853,-31.983219642513518
251854,63.169303001984645
251855,-70.306676305157
251856,1091.231798247035
251857,878.0181256746564
251858,415.43751905255306
251859,510.5900416970512
251860,85.27449153302882
251861,1246.812966085221
251862,1033.5992935128422
251863,571.0186868907389
251864,666.171209535237
251865,-1142.6197599010072
251866,18.918714651184814
251867,-194.29495792119383
251868,-656.8755645432973
251869,-561.723041898799
251870,-695.1990212059407
251871,466.3394533462514
251872,253.12578077387275
251873,-209.4548258482306
251874,-114.30230320373244
251875,-539.6178533677548
251876,621.9206211844372
251877,408.70694861205857
251878,-53.87365801004478
251879,41.278864634453384
251880,363.54412258655145
251881,1525.0825971387435
251882,1311.868924566365
251883,849.2883179442615
251884,944.4408405887597
251885,810.9648612816181
251886,1972.50333583381
251887,1759.2896632614315
251888,1296.709056639328
251889,1391.8615792838264
251890,966.546029119804
251891,2128.0845036719957
251892,1914.8708310996174
251893,1452.2902244775141
251894,1547.4427471220122
251895,-196.9335157250481
251896,964.604958827144
251897,751.3912862547653
251898,288.8106796326619
251899,383.9632022771601
251900,250.4872229700186
251901,1412.0256975222105
251902,1198.812024949832
251903,736.2314183277285
251904,831.3839409722268
251905,406.0683908082044
251906,1567.6068653603966
251907,1354.3931927880178
251908,891.8125861659144
251909,986.9651088104126
251910,-307.5298161466196
251911,854.0086584055723
251912,640.7949858331936
251913,178.2143792110902
251914,273.36690185558837
251915,139.89092254844695
251916,1301.429397100639
251917,1088.2157245282601
251918,625.6351179061569
251919,720.787640550655
251920,295.47209038663283
251921,1457.010564938825
251922,1243.7968923664462
251923,781.2162857443427
251924,876.3688083888409
251925,-299.4564782053435
251926,862.0819963468487
251927,648.8683237744699
251928,186.28771715236644
251929,281.4402397968647
251930,147.9642604897233
251931,1309.5027350419155
251932,1096.2890624695365
251933,633.7084558474332
251934,728.8609784919314
251935,303.54542832790906
251936,1465.083902880101
251937,1251.8702303077225
251938,789.2896236856191
251939,884.4421463301172
251940,-505.38816652694754
251941,656.1503080252444
251942,442.93663545286563
251943,-19.643971169237716
251944,75.50855147526045
251945,-57.96742783188108
251946,1103.571046720311
251947,890.3573741479322
251948,427.7767675258288
251949,522.929290170327
251950,97.61374000630462
251951,1259.1522145584968
251952,1045.938541986118
251953,583.3579353640146
251954,678.5104580085128
251955,-1130.2805114277314
251956,31.25796312446073
251957,-181.95570944791803
251958,-644.5363160700215
251959,-549.3837934255232
251960,-682.8597727326646
251961,478.67870181952736
251962,265.4650292471486
251963,-197.11557737495468
251964,-101.96305473045652
251965,-527.2786048944788
251966,634.2598696577131
251967,421.04619708533437
251968,-41.534409536768976
251969,53.61811310772919
251970,375.8833710598273
251971,1537.4218456120193
251972,1324.2081730396405
251973,861.6275664175373
251974,956.7800890620354
251975,823.304109754894
251976,1984.842584307086
251977,1771.6289117347073
251978,1309.0483051126039
251979,1404.2008277571022
251980,978.8852775930798
251981,2140.423752145272
251982,1927.2100795728932
251983,1464.6294729507897
251984,1559.781995595288
251985,-184.5942672517724
251986,976.9442073004199
251987,763.7305347280411
251988,301.14992810593765
251989,396.30245075043587
251990,262.82647144329434
251991,1424.3649459954866
251992,1211.1512734231078
251993,748.5706668010043
251994,843.7231894455025
251995,418.40763928148016
251996,1579.9461138336724
251997,1366.7324412612936
251998,904.1518346391902
251999,999.3043572836884
252000,-296.175531729496
252001,865.3629428226961
252002,652.1492702503174
252003,189.56866362821415
252004,284.7211862727122
252005,151.24520696557067
252006,1312.7836815177627
252007,1099.570008945384
252008,636.9894023232806
252009,732.1419249677789
252010,306.8263748037565
252011,1468.3648493559485
252012,1255.1511767835698
252013,792.5705701614665
252014,887.7230928059647
252015,-288.10219378821967
252016,873.4362807639725
252017,660.2226081915937
252018,197.6420015694904
252019,292.79452421398855
252020,159.31854490684702
252021,1320.857019459039
252022,1107.6433468866603
252023,645.062740264557
252024,740.2152629090551
252025,314.89971274503284
252026,1476.4381872972249
252027,1263.2245147248461
252028,800.6439081027429
252029,895.796430747241
252030,-494.03388210982394
252031,667.5045924423681
252032,454.29091986998935
252033,-8.289686752113994
252034,86.86283589238417
252035,-46.61314341475736
252036,1114.9253311374346
252037,901.7116585650559
252038,439.13105194295264
252039,534.2835745874507
252040,108.96802442342846
252041,1270.5064989756206
252042,1057.2928264032419
252043,594.7122197811385
252044,689.8647424256367
252045,-1118.9262270106076
252046,42.61224754158445
252047,-170.6014250307943
252048,-633.1820316528976
252049,-538.0295090083994
252050,-671.505488315541
252051,490.0329862366511
252052,276.81931366427233
252053,-185.76129295783096
252054,-90.6087703133328
252055,-515.9243204773552
252056,645.6141540748368
252057,432.40048150245815
252058,-30.180125119645254
252059,64.97239752485291
252060,387.23765547695115
252061,1548.7761300291431
252062,1335.5624574567644
252063,872.9818508346611
252064,968.1343734791592
252065,834.6583941720178
252066,1996.1968687242097
252067,1782.983196151831
252068,1320.4025895297277
252069,1415.555112174226
252070,990.2395620102036
252071,2151.7780365623958
252072,1938.564363990017
252073,1475.9837573679135
252074,1571.1362800124116
252075,-173.23998283464857
252076,988.2984917175436
252077,775.0848191451648
252078,312.50421252306154
252079,407.6567351675597
252080,274.1807558604181
252081,1435.7192304126102
252082,1222.5055578402316
252083,759.9249512181282
252084,855.0774738626263
252085,429.76192369860394
252086,1591.3003982507962
252087,1378.0867256784172
252088,915.506119056314
252089,1010.6586417008122
252090,-207.30417825749305
252091,954.234296294699
252092,741.0206237223202
252093,278.44001710021695
252094,373.5925397447151
252095,240.11656043757353
252096,1401.6550349897657
252097,1188.441362417387
252098,725.8607557952836
252099,821.0132784397817
252100,395.69772827575935
252101,1557.2362028279515
252102,1344.0225302555727
252103,881.4419236334694
252104,976.5944462779676
252105,-199.2308403162167
252106,962.3076342359752
252107,749.0939616635965
252108,286.51335504149324
252109,381.6658776859914
252110,248.18989837884993
252111,1409.728372931042
252112,1196.514700358663
252113,733.9340937365598
252114,829.086616381058
252115,403.7710662170358
252116,1565.3095407692279
252117,1352.095868196849
252118,889.5152615747456
252119,984.6677842192439
252120,-405.16252863782097
252121,756.375945914371
252122,543.1622733419922
252123,80.58166671988897
252124,175.73418936438713
252125,42.25821005724549
252126,1203.7966846094375
252127,990.5830120370588
252128,528.0024054149555
252129,623.1549280594536
252130,197.8393778954313
252131,1359.3778524476234
252132,1146.1641798752446
252133,683.5835732531414
252134,778.7360958976395
252135,-1030.0548735386049
252136,131.4836010135873
252137,-81.73007155879134
252138,-544.3106781808947
252139,-449.15815553639663
252140,-582.6341348435383
252141,578.904339708654
252142,365.69066713627524
252143,-96.88993948582811
252144,-1.7374168413299458
252145,-427.05296700535223
252146,734.4855075468398
252147,521.271834974461
252148,58.69122835235771
252149,153.84375099685587
252150,476.109008948954
252151,1637.647483501146
252152,1424.4338109287673
252153,961.8532043066641
252154,1057.0057269511622
252155,923.5297476440206
252156,2085.0682221962124
252157,1871.854549623834
252158,1409.2739430017307
252159,1504.4264656462287
252160,1079.1109154822066
252161,2240.6493900343985
252162,2027.4357174620197
252163,1564.8551108399165
252164,1660.0076334844148
252165,-84.3686293626456
252166,1077.1698451895465
252167,863.9561726171678
252168,401.37556599506445
252169,496.5280886395626
252170,363.052109332421
252171,1524.5905838846134
252172,1311.3769113122344
252173,848.7963046901311
252174,943.9488273346292
252175,518.6332771706069
252176,1680.171751722799
252177,1466.9580791504202
252178,1004.377472528317
252179,1099.529995172815
252180,-194.96492978421725
252181,966.5735447679748
252182,753.359872195596
252183,290.77926557349275
252184,385.93178821799086
252185,252.45580891084938
252186,1413.9942834630415
252187,1200.7806108906627
252188,738.2000042685594
252189,833.3525269130575
252190,408.0369767490352
252191,1569.575451301227
252192,1356.3617787288485
252193,893.7811721067452
252194,988.9336947512434
252195,-186.891591842941
252196,974.6468827092511
252197,761.4332101368723
252198,298.85260351476904
252199,394.0051261592672
252200,260.52914685212573
252201,1422.0676214043178
252202,1208.8539488319389
252203,746.2733422098356
252204,841.4258648543338
252205,416.11031469031144
252206,1577.6487892425034
252207,1364.435116670125
252208,901.8545100480214
252209,997.0070326925196
252210,-392.82328016454517
252211,768.7151943876468
252212,555.501521815268
252213,92.92091519316477
252214,188.07343783766294
252215,54.597458530521294
252216,1216.1359330827136
252217,1002.9222605103346
252218,540.3416538882313
252219,635.4941765327294
252220,210.17862636870723
252221,1371.7171009208992
252222,1158.5034283485204
252223,695.9228217264172
252224,791.0753443709152
252225,-1017.715625065329
252226,143.8228494868631
252227,-69.39082308551565
252228,-531.9714297076191
252229,-436.81890706312083
252230,-570.2948863702622
252231,591.2435881819297
252232,378.02991560955104
252233,-84.5506910125523
252234,10.601831631945856
252235,-414.7137185320764
252236,746.8247560201155
252237,533.6110834477367
252238,71.03047682563351
252239,166.18299947013168
252240,488.44825742222986
252241,1649.986731974422
252242,1436.7730594020431
252243,974.1924527799398
252244,1069.344975424438
252245,935.8689961172964
252246,2097.4074706694882
252247,1884.1937980971097
252248,1421.6131914750063
252249,1516.7657141195045
252250,1091.4501639554824
252251,2252.9886385076743
252252,2039.7749659352955
252253,1577.1943593131923
252254,1672.3468819576904
252255,-72.0293808893698
252256,1089.5090936628224
252257,876.2954210904435
252258,413.7148144683402
252259,508.86733711283836
252260,375.3913578056968
252261,1536.929832357889
252262,1323.7161597855102
252263,861.1355531634068
252264,956.288075807905
252265,530.9725256438826
252266,1692.5110001960747
252267,1479.297327623696
252268,1016.7167210015926
252269,1111.8692436460908
252270,-345.5240611871807
252271,816.0144133650114
252272,602.8007407926326
252273,140.22013417052926
252274,235.37265681502743
252275,101.8966775078859
252276,1263.435152060078
252277,1050.2214794876993
252278,587.6408728655958
252279,682.7933955100941
252280,257.4778453460717
252281,1419.0163198982636
252282,1205.8026473258851
252283,743.2220407037818
252284,838.3745633482799
252285,-337.4507232459043
252286,824.0877513062876
252287,610.8740787339088
252288,148.2934721118056
252289,243.44599475630372
252290,109.97001544916225
252291,1271.5084900013544
252292,1058.2948174289754
252293,595.7142108068722
252294,690.8667334513704
252295,265.55118328734807
252296,1427.08965783954
252297,1213.8759852671615
252298,751.295378645058
252299,846.4479012895562
252300,-543.3824115675086
252301,618.1560629846833
252302,404.9423904123046
252303,-57.63821620979877
252304,37.51430643469939
252305,-95.96167287244214
252306,1065.57680167975
252307,852.3631291073712
252308,389.7825224852678
252309,484.93504512976597
252310,59.619494965743684
252311,1221.1579695179357
252312,1007.944296945557
252313,545.3636903234537
252314,640.5162129679518
252315,-1168.2747564682925
252316,-6.7362819161003245
252317,-219.94995448847908
252318,-682.5305611105823
252319,-587.3780384660843
252320,-720.8540177732259
252321,440.6844567789663
252322,227.4707842065875
252323,-235.10982241551574
252324,-139.9572997710177
252325,-565.2728499350399
252326,596.2656246171521
252327,383.05195204477343
252328,-79.52865457733003
252329,15.623868067168132
252330,337.88912601926637
252331,1499.4276005714582
252332,1286.2139279990797
252333,823.6333213769763
252334,918.7858440214745
252335,785.309864714333
252336,1946.848339266525
252337,1733.6346666941463
252338,1271.0540600720428
252339,1366.206582716541
252340,940.8910325525188
252341,2102.429507104711
252342,1889.215834532332
252343,1426.6352279102289
252344,1521.787750554727
252345,-222.58851229233323
252346,938.9499622598588
252347,725.73628968748
252348,263.1556830653767
252349,358.30820570987487
252350,224.83222640273334
252351,1386.3707009549255
252352,1173.1570283825467
252353,710.5764217604434
252354,805.7289444049416
252355,380.4133942409193
252356,1541.9518687931113
252357,1328.7381962207326
252358,866.1575895986292
252359,961.3101122431274
252360,-333.1848127139049
252361,828.353661838287
252362,615.1399892659084
252363,152.55938264380507
252364,247.71190528830323
252365,114.2359259811617
252366,1275.7744005333539
252367,1062.560727960975
252368,599.9801213388716
252369,695.1326439833699
252370,269.8170938193475
252371,1431.3555683715397
252372,1218.141895799161
252373,755.5612891770576
252374,850.7138118215557
252375,-325.1114747726285
252376,836.4269997795634
252377,623.2133272071846
252378,160.63272058508142
252379,255.78524322957952
252380,122.30926392243805
252381,1283.8477384746302
252382,1070.6340659022512
252383,608.053459280148
252384,703.2059819246462
252385,277.89043176062387
252386,1439.4289063128158
252387,1226.2152337404373
252388,763.6346271183338
252389,858.787149762832
252390,-531.0431630942328
252391,630.4953114579591
252392,417.2816388855804
252393,-45.298967736522854
252394,49.853554907975195
252395,-83.62242439916645
252396,1077.9160501530257
252397,864.702377580647
252398,402.1217709585436
252399,497.27429360304177
252400,71.95874343901949
252401,1233.4972179912115
252402,1020.2835454188328
252403,557.7029387967295
252404,652.8554614412276
252405,-1155.9355079950167
252406,5.602966557175478
252407,-207.61070601520328
252408,-670.1913126373067
252409,-575.0387899928085
252410,-708.5147692999501
252411,453.0237052522421
252412,239.8100326798634
252413,-222.77057394223993
252414,-127.61805129774177
252415,-552.933601461764
252416,608.6048730904279
252417,395.3912005180492
252418,-67.18940610405411
252419,27.963116540443934
252420,350.2283744925421
252421,1511.766849044734
252422,1298.5531764723555
252423,835.9725698502521
252424,931.1250924947503
252425,797.6491131876087
252426,1959.1875877398008
252427,1745.973915167422
252428,1283.3933085453186
252429,1378.545831189817
252430,953.2302810257946
252431,2114.7687555779867
252432,1901.555083005608
252433,1438.9744763835047
252434,1534.126999028003
252435,-210.24926381905755
252436,951.2892107331346
252437,738.0755381607559
252438,275.4949315386525
252439,370.64745418315067
252440,237.17147487600914
252441,1398.7099494282013
252442,1185.4962768558225
252443,722.9156702337192
252444,818.0681928782174
252445,392.75264271419496
252446,1554.2911172663871
252447,1341.0774446940084
252448,878.496838071905
252449,973.6493607164032
252450,-320.8455642406293
252451,840.692910311563
252452,627.4792377391841
252453,164.89863111708087
252454,260.051153761579
252455,126.57517445443739
252456,1288.1136490066297
252457,1074.8999764342507
252458,612.3193698121474
252459,707.4718924566456
252460,282.15634229262326
252461,1443.6948168448153
252462,1230.4811442724367
252463,767.9005376503334
252464,863.0530602948315
252465,-312.77222629935295
252466,848.7662482528392
252467,635.5525756804604
252468,172.9719690583571
252469,268.12449170285527
252470,134.64851239571374
252471,1296.1869869479058
252472,1082.973314375527
252473,620.3927077534238
252474,715.545230397922
252475,290.2296802338996
252476,1451.7681547860916
252477,1238.554482213713
252478,775.9738755916096
252479,871.1263982361078
252480,-518.703914620957
252481,642.8345599312349
252482,429.6208873588562
252483,-32.95971926324705
252484,62.19280338125111
252485,-71.28317592589065
252486,1090.2552986263015
252487,877.0416260539228
252488,414.4610194318194
252489,509.6135420763176
252490,84.29799191229517
252491,1245.8364664644873
252492,1032.6227938921086
252493,570.0421872700052
252494,665.1947099145034
252495,-1143.5962595217409
252496,17.94221503045128
252497,-195.27145754192748
252498,-657.8520641640309
252499,-562.6995415195329
252500,-696.1755208266743
252501,465.36295372551785
252502,252.1492811531392
252503,-210.43132546896413
252504,-115.27880282446597
252505,-540.5943529884883
252506,620.9441215637037
252507,407.7304489913249
252508,-54.85015763077831
252509,40.30236501371985
252510,362.56762296581786
252511,1524.10609751801
252512,1310.8924249456313
252513,848.3118183235279
252514,943.4643409680261
252515,809.9883616608845
252516,1971.5268362130766
252517,1758.313163640698
252518,1295.7325570185944
252519,1390.8850796630927
252520,965.5695294990703
252521,2127.1080040512625
252522,1913.8943314788837
252523,1451.3137248567805
252524,1546.4662475012785
252525,-197.91001534578163
252526,963.6284592064104
252527,750.4147866340317
252528,287.8341800119283
252529,382.9867026564265
252530,249.51072334928494
252531,1411.0491979014769
252532,1197.8355253290983
252533,735.254918706995
252534,830.4074413514932
252535,405.0918911874708
252536,1566.630365739663
252537,1353.4166931672842
252538,890.8360865451808
252539,985.988609189679
252540,-308.50631576735327
252541,853.0321587848388
252542,639.81848621246
252543,177.23787959035667
252544,272.39040223485483
252545,138.9144229277133
252546,1300.4528974799055
252547,1087.2392249075265
252548,624.6586182854232
252549,719.8111409299214
252550,294.4955907658991
252551,1456.034065318091
252552,1242.8203927457125
252553,780.2397861236092
252554,875.3923087681073
252555,-300.4329778260769
252556,861.105496726115
252557,647.8918241537363
252558,185.31121753163302
252559,280.4637401761311
252560,146.98776086898965
252561,1308.5262354211818
252562,1095.3125628488028
252563,632.7319562266996
252564,727.8844788711978
252565,302.5689287071755
252566,1464.1074032593674
252567,1250.8937306869889
252568,788.3131240648854
252569,883.4656467093836
252570,-506.3646661476812
252571,655.1738084045107
252572,441.9601358321319
252573,-20.620470789971364
252574,74.5320518545268
252575,-58.94392745261473
252576,1102.5945470995773
252577,889.3808745271986
252578,426.8002679050952
252579,521.9527905495934
252580,96.63724038557109
252581,1258.1757149377631
252582,1044.9620423653844
252583,582.381435743281
252584,677.5339583877792
252585,-1131.257011048465
252586,30.281463503727082
252587,-182.93220906865167
252588,-645.5128156907551
252589,-550.3602930462569
252590,-683.8362723533985
252591,477.70220219879366
252592,264.4885296264149
252593,-198.09207699568844
252594,-102.93955435119028
252595,-528.2551045152125
252596,633.2833700369795
252597,420.0696974646008
252598,-42.510909157502624
252599,52.64161348699554
252600,374.9068714390938
252601,1536.4453459912856
252602,1323.2316734189071
252603,860.6510667968037
252604,955.8035894413019
252605,822.3276101341604
252606,1983.8660846863525
252607,1770.6524121139737
252608,1308.0718054918702
252609,1403.2243281363685
252610,977.9087779723462
252611,2139.4472525245383
252612,1926.2335799521595
252613,1463.6529733300563
252614,1558.8054959745543
252615,-185.57076687250583
252616,975.9677076796862
252617,762.7540351073075
252618,300.1734284852041
252619,395.3259511297023
252620,261.84997182256075
252621,1423.388446374753
252622,1210.1747738023741
252623,747.5941671802708
252624,842.746689824769
252625,417.43113966074657
252626,1578.9696142129387
252627,1365.75594164056
252628,903.1753350184566
252629,998.3278576629548
252630,-296.16706729407747
252631,865.3714072581145
252632,652.1577346857358
252633,189.57712806363247
252634,284.7296507081306
252635,151.2536714009891
252636,1312.7921459531813
252637,1099.5784733808023
252638,636.997866758699
252639,732.1503894031972
252640,306.8348392391749
252641,1468.373313791367
252642,1255.1596412189883
252643,792.579034596885
252644,887.7315572413831
252645,-288.0937293528011
252646,873.4447451993908
252647,660.231072627012
252648,197.6504660049087
252649,292.80298864940687
252650,159.32700934226546
252651,1320.8654838944576
252652,1107.6518113220786
252653,645.0712046999754
252654,740.2237273444736
252655,314.9081771804513
252656,1476.4466517326432
252657,1263.2329791602647
252658,800.6523725381612
252659,895.8048951826594
252660,-494.0254176744054
252661,667.5130568777865
252662,454.2993843054078
252663,-8.281222316695448
252664,86.8713003278026
252665,-46.60467897933904
252666,1114.9337955728531
252667,901.7201230004744
252668,439.139516378371
252669,534.2920390228692
252670,108.97648885884689
252671,1270.514963411039
252672,1057.3012908386602
252673,594.720684216557
252674,689.873206861055
252675,-1118.9177625751893
252676,42.62071197700277
252677,-170.59296059537598
252678,-633.1735672174793
252679,-538.021044572981
252680,-671.4970238801227
252681,490.0414506720695
252682,276.82777809969076
252683,-185.75282852241253
252684,-90.60030587791437
252685,-515.9158560419366
252686,645.6226185102553
252687,432.4089459378766
252688,-30.17166068422671
252689,64.98086196027134
252690,387.2461199123695
252691,1548.7845944645615
252692,1335.570921892183
252693,872.9903152700795
252694,968.1428379145776
252695,834.6668586074361
252696,1996.2053331596283
252697,1782.9916605872495
252698,1320.411053965146
252699,1415.5635766096443
252700,990.248026445622
252701,2151.786500997814
252702,1938.5728284254353
252703,1475.992221803332
252704,1571.1447444478301
252705,-173.23151839923014
252706,988.306956152962
252707,775.0932835805833
252708,312.5126769584799
252709,407.6651996029781
252710,274.18922029583655
252711,1435.7276948480287
252712,1222.51402227565
252713,759.9334156535466
252714,855.0859382980448
252715,429.77038813402237
252716,1591.3088626862145
252717,1378.0951901138358
252718,915.5145834917324
252719,1010.6671061362306
252720,-207.29571382207473
252721,954.2427607301174
252722,741.0290881577387
252723,278.4484815356354
252724,373.60100418013354
252725,240.12502487299184
252726,1401.663499425184
252727,1188.4498268528052
252728,725.8692202307019
252729,821.0217428752002
252730,395.7061927111777
252731,1557.2446672633698
252732,1344.030994690991
252733,881.4503880688878
252734,976.6029107133859
252735,-199.22237588079815
252736,962.3160986713938
252737,749.102426099015
252738,286.5218194769117
252739,381.67434212140984
252740,248.19836281426836
252741,1409.7368373664603
252742,1196.5231647940816
252743,733.9425581719782
252744,829.0950808164764
252745,403.7795306524542
252746,1565.3180052046462
252747,1352.1043326322674
252748,889.5237260101641
252749,984.6762486546622
252750,-405.15406420240265
252751,756.3844103497894
252752,543.1707377774106
252753,80.59013115530729
252754,175.74265379980557
252755,42.266674492663924
252756,1203.805149044856
252757,990.5914764724772
252758,528.0108698503739
252759,623.1633924948721
252760,197.84784233084974
252761,1359.3863168830417
252762,1146.1726443106631
252763,683.5920376885597
252764,778.744560333058
252765,-1030.0464091031865
252766,131.49206544900574
252767,-81.72160712337302
252768,-544.3022137454764
252769,-449.1496911009783
252770,-582.6256704081197
252771,578.9128041440723
252772,365.69913157169356
252773,-96.88147505040968
252774,-1.7289524059115138
252775,-427.0445025699339
252776,734.4939719822581
252777,521.2802994098795
252778,58.69969278777603
252779,153.8522154322743
252780,476.11747338437243
252781,1637.6559479365646
252782,1424.4422753641857
252783,961.8616687420824
252784,1057.0141913865807
252785,923.5382120794391
252786,2085.0766866316308
252787,1871.8630140592525
252788,1409.282407437149
252789,1504.434930081647
252790,1079.1193799176249
252791,2240.657854469817
252792,2027.4441818974383
252793,1564.8635752753348
252794,1660.016097919833
252795,-84.36016492722706
252796,1077.1783096249649
252797,863.9646370525861
252798,401.3840304304829
252799,496.53655307498104
252800,363.06057376783946
252801,1524.5990483200317
252802,1311.3853757476527
252803,848.8047691255495
252804,943.9572917700476
252805,518.6417416060253
252806,1680.1802161582173
252807,1466.9665435858387
252808,1004.3859369637353
252809,1099.5384596082336
252810,-194.95646534879882
252811,966.5820092033932
252812,753.3683366310145
252813,290.7877300089112
252814,385.9402526534093
252815,252.46427334626776
252816,1414.0027478984598
252817,1200.789075326081
252818,738.2084687039777
252819,833.3609913484759
252820,408.04544118445364
252821,1569.5839157366456
252822,1356.3702431642669
252823,893.7896365421636
252824,988.9421591866618
252825,-186.88312740752258
252826,974.6553471446695
252827,761.4416745722907
252828,298.8610679501875
252829,394.01359059468564
252830,260.5376112875441
252831,1422.0760858397362
252832,1208.8624132673574
252833,746.281806645254
252834,841.4343292897522
252835,416.1187791257299
252836,1577.657253677922
252837,1364.4435811055432
252838,901.8629744834399
252839,997.015497127938
252840,-392.81481572912685
252841,768.7236588230652
252842,555.5099862506863
252843,92.92937962858309
252844,188.08190227308125
252845,54.605922965939726
252846,1216.1443975181319
252847,1002.930724945753
252848,540.3501183236497
252849,635.5026409681478
252850,210.18709080412555
252851,1371.7255653563175
252852,1158.511892783939
252853,695.9312861618355
252854,791.0838088063336
252855,-1017.7071606299107
252856,143.83131392228154
252857,-69.38235865009722
252858,-531.9629652722008
252859,-436.8104426277025
252860,-570.2864219348439
252861,591.2520526173481
252862,378.0383800449695
252863,-84.54222657713399
252864,10.610296067364175
252865,-414.7052540966581
252866,746.8332204555339
252867,533.6195478831552
252868,71.03894126105183
252869,166.19146390555
252870,488.4567218576483
252871,1649.9951964098402
252872,1436.7815238374615
252873,974.2009172153582
252874,1069.3534398598563
252875,935.8774605527149
252876,2097.4159351049066
252877,1884.2022625325283
252878,1421.6216559104248
252879,1516.7741785549229
252880,1091.4586283909007
252881,2252.9971029430926
252882,2039.7834303707139
252883,1577.2028237486106
252884,1672.355346393109
252885,-72.02091645395137
252886,1089.5175580982407
252887,876.3038855258619
252888,413.7232789037586
252889,508.8758015482568
252890,375.3998222411152
252891,1536.9382967933075
252892,1323.7246242209285
252893,861.1440175988253
252894,956.2965402433234
252895,530.9809900793011
252896,1692.519464631493
252897,1479.3057920591143
252898,1016.7251854370111
252899,1111.8777080815094
252900,-345.51559675176236
252901,816.0228778004297
252902,602.809205228051
252903,140.2285986059477
252904,235.38112125044586
252905,101.90514194330433
252906,1263.4436164954964
252907,1050.2299439231176
252908,587.6493373010143
252909,682.8018599455124
252910,257.48630978149015
252911,1419.0247843336822
252912,1205.8111117613034
252913,743.2305051392002
252914,838.3830277836983
252915,-337.442258810486
252916,824.096215741706
252917,610.8825431693274
252918,148.30193654722393
252919,243.45445919172215
252920,109.97847988458068
252921,1271.5169544367727
252922,1058.303281864394
252923,595.7226752422906
252924,690.8751978867888
252925,265.5596477227665
252926,1427.0981222749585
252927,1213.8844497025798
252928,751.3038430804764
252929,846.4563657249746
252930,-543.3739471320903
252931,618.1645274201016
252932,404.950854847723
252933,-57.62975177438034
252934,37.522770870117824
252935,-95.9532084370237
252936,1065.5852661151682
252937,852.3715935427896
252938,389.79098692068624
252939,484.9435095651844
252940,59.627959401162116
252941,1221.166433953354
252942,1007.9527613809754
252943,545.3721547588721
252944,640.5246774033702
252945,-1168.2662920328742
252946,-6.727817480682006
252947,-219.94149005306065
252948,-682.522096675164
252949,-587.369574030666
252950,-720.8455533378074
252951,440.69292121438474
252952,227.47924864200593
252953,-235.10135798009742
252954,-139.94883533559926
252955,-565.2643854996215
252956,596.2740890525705
252957,383.06041648019175
252958,-79.5201901419116
252959,15.632332502586564
252960,337.8975904546848
252961,1499.4360650068768
252962,1286.222392434498
252963,823.6417858123948
252964,918.7943084568928
252965,785.3183291497514
252966,1946.8568037019434
252967,1733.6431311295646
252968,1271.0625245074614
252969,1366.2150471519594
252970,940.8994969879373
252971,2102.437971540129
252972,1889.2242989677504
252973,1426.6436923456472
252974,1521.7962149901455
252975,-222.5800478569147
252976,938.9584266952772
252977,725.7447541228985
252978,263.16414750079514
252979,358.3166701452933
252980,224.84069083815177
252981,1386.3791653903438
252982,1173.165492817965
252983,710.5848861958618
252984,805.73740884036
252985,380.4218586763377
252986,1541.9603332285296
252987,1328.746660656151
252988,866.1660540340476
252989,961.3185766785458
252990,-333.17634827848656
252991,828.3621262737056
252992,615.1484537013268
252993,152.5678470792235
252994,247.72036972372166
252995,114.24439041658002
252996,1275.7828649687722
252997,1062.5691923963934
252998,599.9885857742901
252999,695.1411084187882
253000,269.82555825476595
253001,1431.364032806958
253002,1218.1503602345792
253003,755.569753612476
253004,850.722276256974
253005,-325.1030103372102
253006,836.4354642149818
253007,623.2217916426032
253008,160.64118502049973
253009,255.79370766499795
253010,122.31772835785637
253011,1283.8562029100485
253012,1070.6425303376698
253013,608.0619237155664
253014,703.2144463600646
253015,277.8988961960423
253016,1439.4373707482341
253017,1226.2236981758556
253018,763.6430915537522
253019,858.7956141982504
253020,-531.0346986588145
253021,630.5037758933776
253022,417.2901033209988
253023,-45.290503301104536
253024,49.86201934339374
253025,-83.61395996374802
253026,1077.924514588444
253027,864.7108420160654
253028,402.13023539396204
253029,497.2827580384602
253030,71.96720787443792
253031,1233.50568242663
253032,1020.2920098542513
253033,557.7114032321479
253034,652.863925876646
253035,-1155.9270435595981
253036,5.611430992593796
253037,-207.60224157978473
253038,-670.1828482018882
253039,-575.0303255573899
253040,-708.5063048645316
253041,453.0321696876604
253042,239.81849711528184
253043,-222.7621095068215
253044,-127.60958686232334
253045,-552.9251370263457
253046,608.6133375258462
253047,395.39966495346755
253048,-67.1809416686358
253049,27.97158097586248
253050,350.23683892796055
253051,1511.7753134801526
253052,1298.5616409077738
253053,835.9810342856706
253054,931.1335569301688
253055,797.6575776230271
253056,1959.1960521752192
253057,1745.9823796028404
253058,1283.401772980737
253059,1378.5542956252352
253060,953.238745461213
253061,2114.777220013405
253062,1901.5635474410262
253063,1438.982940818923
253064,1534.1354634634213
253065,-210.24079938363911
253066,951.297675168553
253067,738.0840025961743
253068,275.50339597407094
253069,370.6559186185691
253070,237.17993931142757
253071,1398.7184138636196
253072,1185.5047412912409
253073,722.9241346691376
253074,818.0766573136357
253075,392.7611071496134
253076,1554.2995817018054
253077,1341.0859091294267
253078,878.5053025073234
253079,973.6578251518216
253080,-320.83709980521076
253081,840.7013747469813
253082,627.4877021746026
253083,164.9070955524993
253084,260.0596181969974
253085,126.58363888985582
253086,1288.122113442048
253087,1074.9084408696692
253088,612.3278342475659
253089,707.480356892064
253090,282.16480672804164
253091,1443.7032812802338
253092,1230.489608707855
253093,767.9090020857518
253094,863.0615247302499
253095,-312.7637618639344
253096,848.7747126882576
253097,635.5610401158789
253098,172.98043349377554
253099,268.1329561382737
253100,134.65697683113217
253101,1296.1954513833243
253102,1082.9817788109456
253103,620.4011721888422
253104,715.5536948333404
253105,290.238144669318
253106,1451.7766192215101
253107,1238.5629466491314
253108,775.982340027028
253109,871.1348626715262
253110,-518.6954501855387
253111,642.8430243666533
253112,429.6293517942745
253113,-32.951254827828734
253114,62.20126781666943
253115,-71.27471149047221
253116,1090.2637630617198
253117,877.0500904893412
253118,414.46948386723784
253119,509.622006511736
253120,84.3064563477136
253121,1245.8449308999056
253122,1032.6312583275271
253123,570.0506517054237
253124,665.2031743499218
253125,-1143.5877950863226
253126,17.95067946586971
253127,-195.26299310650904
253128,-657.8435997286124
253129,-562.6910770841143
253130,-696.167056391256
253131,465.3714181609363
253132,252.15774558855753
253133,-210.42286103354581
253134,-115.27033838904765
253135,-540.5858885530699
253136,620.9525859991221
253137,407.73891342674335
253138,-54.841693195359994
253139,40.31082944913817
253140,362.5760874012363
253141,1524.1145619534284
253142,1310.9008893810496
253143,848.3202827589464
253144,943.4728054034445
253145,809.9968260963029
253146,1971.535300648495
253147,1758.3216280761162
253148,1295.741021454013
253149,1390.893544098511
253150,965.5779939344887
253151,2127.116468486681
253152,1913.9027959143023
253153,1451.3221892921988
253154,1546.474711936697
253155,-197.9015509103633
253156,963.6369236418288
253157,750.4232510694501
253158,287.84264444734674
253159,382.9951670918449
253160,249.51918778470338
253161,1411.0576623368954
253162,1197.8439897645167
253163,735.2633831424134
253164,830.4159057869116
253165,405.1003556228892
253166,1566.6388301750812
253167,1353.4251576027027
253168,890.8445509805993
253169,985.9970736250974
253170,-308.49785133193495
253171,853.0406232202572
253172,639.8269506478784
253173,177.2463440257751
253174,272.39886667027326
253175,138.92288736313174
253176,1300.4613619153238
253177,1087.247689342945
253178,624.6670827208417
253179,719.8196053653398
253180,294.50405520131756
253181,1456.0425297535096
253182,1242.8288571811308
253183,780.2482505590276
253184,875.4007732035257
253185,-300.4245133906586
253186,861.1139611615334
253187,647.9002885891548
253188,185.31968196705134
253189,280.47220461154956
253190,146.99622530440809
253191,1308.5346998566001
253192,1095.3210272842214
253193,632.740420662118
253194,727.8929433066162
253195,302.5773931425939
253196,1464.115867694786
253197,1250.9021951224072
253198,788.3215885003038
253199,883.474111144802
253200,-506.3562017122629
253201,655.1822728399292
253202,441.96860026755036
253203,-20.612006354552932
253204,74.54051628994523
253205,-58.9354630171963
253206,1102.6030115349959
253207,889.389338962617
253208,426.80873234051364
253209,521.9612549850118
253210,96.64570482098952
253211,1258.1841793731815
253212,1044.970506800803
253213,582.3899001786995
253214,677.5424228231976
253215,-1131.2485466130463
253216,30.289927939145514
253217,-182.92374463323324
253218,-645.5043512553364
253219,-550.3518286108383
253220,-683.82780791798
253221,477.7106666342121
253222,264.49699406183333
253223,-198.08361256027
253224,-102.93108991577185
253225,-528.2466400797941
253226,633.2918344723979
253227,420.07816190001915
253228,-42.50244472208419
253229,52.65007792241397
253230,374.9153358745122
253231,1536.4538104267042
253232,1323.2401378543254
253233,860.6595312322222
253234,955.8120538767203
253235,822.3360745695788
253236,1983.8745491217708
253237,1770.660876549392
253238,1308.0802699272888
253239,1403.2327925717868
253240,977.9172424077647
253241,2139.4557169599566
253242,1926.2420443875778
253243,1463.6614377654746
253244,1558.8139604099729
253245,-185.5623024370875
253246,975.9761721151046
253247,762.7624995427259
253248,300.18189292062254
253249,395.3344155651207
253250,261.8584362579791
253251,1423.3969108101712
253252,1210.1832382377925
253253,747.6026316156892
253254,842.7551542601874
253255,417.439604096165
253256,1578.978078648357
253257,1365.7644060759785
253258,903.183799453875
253259,998.3363220983732
253260,-296.15860285865915
253261,865.3798716935329
253262,652.1661991211542
253263,189.5855924990509
253264,284.738115143549
253265,151.26213583640742
253266,1312.8006103885996
253267,1099.5869378162208
253268,637.0063311941175
253269,732.1588538386156
253270,306.84330367459336
253271,1468.3817782267854
253272,1255.1681056544066
253273,792.5874990323034
253274,887.7400216768015
253275,-288.0852649173828
253276,873.4532096348092
253277,660.2395370624305
253278,197.65893044032714
253279,292.8114530848253
253280,159.33547377768377
253281,1320.873948329876
253282,1107.6602757574972
253283,645.0796691353938
253284,740.232191779892
253285,314.9166416158697
253286,1476.4551161680615
253287,1263.241443595683
253288,800.6608369735796
253289,895.8133596180778
253290,-494.01695323898707
253291,667.5215213132049
253292,454.3078487408262
253293,-8.27275788127713
253294,86.87976476322103
253295,-46.59621454392061
253296,1114.9422600082714
253297,901.7285874358928
253298,439.14798081378945
253299,534.3005034582876
253300,108.98495329426532
253301,1270.5234278464573
253302,1057.3097552740787
253303,594.7291486519753
253304,689.8816712964734
253305,-1118.9092981397707
253306,42.6291764124212
253307,-170.58449615995744
253308,-633.1651027820608
253309,-538.0125801375625
253310,-671.4885594447042
253311,490.04991510748783
253312,276.8362425351092
253313,-185.7443640869941
253314,-90.59184144249593
253315,-515.9073916065183
253316,645.6310829456736
253317,432.41741037329496
253318,-30.16319624880839
253319,64.98932639568977
253320,387.25458434778795
253321,1548.79305889998
253322,1335.5793863276012
253323,872.9987797054979
253324,968.1513023499961
253325,834.6753230428545
253326,1996.2137975950466
253327,1783.0001250226678
253328,1320.4195184005644
253329,1415.5720410450626
253330,990.2564908810405
253331,2151.7949654332324
253332,1938.5812928608536
253333,1476.0006862387504
253334,1571.1532088832487
253335,-173.2230539638117
253336,988.3154205883804
253337,775.1017480160017
253338,312.52114139389835
253339,407.6736640383965
253340,274.197684731255
253341,1435.736159283447
253342,1222.5224867110683
253343,759.941880088965
253344,855.0944027334631
253345,429.7788525694408
253346,1591.3173271216328
253347,1378.103654549254
253348,915.5230479271509
253349,1010.675570571649
253350,-207.2872493866563
253351,954.2512251655357
253352,741.037552593157
253353,278.45694597105376
253354,373.6094686155519
253355,240.13348930841028
253356,1401.6719638606023
253357,1188.4582912882238
253358,725.8776846661203
253359,821.0302073106185
253360,395.71465714659615
253361,1557.2531316987884
253362,1344.0394591264094
253363,881.4588525043062
253364,976.6113751488044
253365,-199.21391144537984
253366,962.3245631068121
253367,749.1108905344333
253368,286.53028391233005
253369,381.6828065568282
253370,248.20682724968674
253371,1409.7453018018787
253372,1196.5316292295001
253373,733.9510226073967
253374,829.1035452518948
253375,403.7879950878726
253376,1565.3264696400645
253377,1352.1127970676857
253378,889.5321904455825
253379,984.6847130900807
253380,-405.14559976698433
253381,756.3928747852077
253382,543.1792022128291
253383,80.59859559072584
253384,175.751118235224
253385,42.27513892808224
253386,1203.8136134802744
253387,990.5999409078956
253388,528.0193342857923
253389,623.1718569302905
253390,197.85630676626806
253391,1359.3947813184602
253392,1146.1811087460815
253393,683.6005021239781
253394,778.7530247684763
253395,-1030.0379446677682
253396,131.50052988442417
253397,-81.71314268795459
253398,-544.293749310058
253399,-449.14122666556
253400,-582.6172059727014
253401,578.9212685794907
253402,365.707596007112
253403,-96.87301061499136
253404,-1.7204879704931955
253405,-427.0360381345156
253406,734.5024364176766
253407,521.2887638452978
253408,58.70815722319435
253409,153.86067986769262
253410,476.1259378197908
253411,1637.664412371983
253412,1424.4507397996042
253413,961.8701331775009
253414,1057.022655821999
253415,923.5466765148574
253416,2085.0851510670495
253417,1871.8714784946708
253418,1409.2908718725675
253419,1504.4433945170656
253420,1079.1278443530432
253421,2240.666318905235
253422,2027.4526463328566
253423,1564.8720397107534
253424,1660.0245623552514
253425,-84.35170049180874
253426,1077.1867740603834
253427,863.9731014880045
253428,401.39249486590126
253429,496.54501751039936
253430,363.06903820325783
253431,1524.60751275545
253432,1311.3938401830712
253433,848.8132335609679
253434,943.965756205466
253435,518.6502060414437
253436,1680.1886805936358
253437,1466.975008021257
253438,1004.3944013991537
253439,1099.5469240436519
253440,-194.94800091338038
253441,966.5904736388117
253442,753.3768010664329
253443,290.7961944443296
253444,385.9487170888277
253445,252.4727377816862
253446,1414.0112123338783
253447,1200.7975397614996
253448,738.2169331393961
253449,833.3694557838943
253450,408.053905619872
253451,1569.5923801720642
253452,1356.3787075996852
253453,893.798100977582
253454,988.9506236220801
253455,-186.87466297210415
253456,974.6638115800879
253457,761.4501390077091
253458,298.8695323856059
253459,394.02205503010407
253460,260.54607572296254
253461,1422.0845502751545
253462,1208.8708777027757
253463,746.2902710806725
253464,841.4427937251706
253465,416.12724356114825
253466,1577.6657181133405
253467,1364.4520455409615
253468,901.8714389188583
253469,997.0239615633565
253470,-392.80635129370853
253471,768.7321232584836
253472,555.5184506861049
253473,92.93784406400152
253474,188.0903667084997
253475,54.61438740135816
253476,1216.1528619535502
253477,1002.9391893811714
253478,540.3585827590681
253479,635.5111054035663
253480,210.19555523954398
253481,1371.734029791736
253482,1158.5203572193573
253483,695.9397505972539
253484,791.0922732417521
253485,-1017.698696194492
253486,143.83977835769997
253487,-69.37389421467878
253488,-531.954500836782
253489,-436.80197819228397
253490,-570.2779574994254
253491,591.2605170527665
253492,378.0468444803878
253493,-84.53376214171556
253494,10.618760502782607
253495,-414.6967896612398
253496,746.8416848909524
253497,533.6280123185736
253498,71.04740569647026
253499,166.19992834096843
253500,488.4651862930667
253501,1650.0036608452588
253502,1436.78998827288
253503,974.2093816507767
253504,1069.3619042952748
253505,935.8859249881333
253506,2097.4243995403253
253507,1884.2107269679466
253508,1421.6301203458434
253509,1516.7826429903414
253510,1091.467092826319
253511,2253.005567378511
253512,2039.7918948061324
253513,1577.211288184029
253514,1672.3638108285272
253515,-72.01245201853294
253516,1089.5260225336592
253517,876.3123499612803
253518,413.73174333917706
253519,508.8842659836752
253520,375.40828667653363
253521,1536.9467612287258
253522,1323.7330886563468
253523,861.1524820342437
253524,956.3050046787419
253525,530.9894545147195
253526,1692.5279290669116
253527,1479.3142564945329
253528,1016.7336498724294
253529,1111.8861725169277
253530,-345.50713231634404
253531,816.0313422358481
253532,602.8176696634694
253533,140.23706304136613
253534,235.38958568586418
253535,101.91360637872265
253536,1263.4520809309147
253537,1050.2384083585362
253538,587.6578017364327
253539,682.8103243809309
253540,257.4947742169086
253541,1419.0332487691005
253542,1205.819576196722
253543,743.2389695746185
253544,838.3914922191167
253545,-337.4337943750677
253546,824.1046801771245
253547,610.8910076047457
253548,148.31040098264236
253549,243.46292362714053
253550,109.986944319999
253551,1271.525418872191
253552,1058.3117462998123
253553,595.731139677709
253554,690.8836623222072
253555,265.56811215818493
253556,1427.1065867103769
253557,1213.892914137998
253558,751.3123075158949
253559,846.464830160393
253560,-543.365482696672
253561,618.1729918555202
253562,404.95931928314144
253563,-57.621287338961906
253564,37.531235305536256
253565,-95.94474400160539
253566,1065.5937305505868
253567,852.380057978208
253568,389.79945135610467
253569,484.9519740006028
253570,59.63642383658055
253571,1221.1748983887726
253572,1007.9612258163938
253573,545.3806191942905
253574,640.5331418387887
253575,-1168.2578275974554
253576,-6.719353045263574
253577,-219.93302561764222
253578,-682.5136322397454
253579,-587.3611095952474
253580,-720.8370889023888
253581,440.70138564980306
253582,227.48771307742436
253583,-235.09289354467887
253584,-139.94037090018082
253585,-565.2559210642032
253586,596.2825534879888
253587,383.0688809156102
253588,-79.51172570649317
253589,15.640796938004996
253590,337.9060548901032
253591,1499.4445294422953
253592,1286.2308568699164
253593,823.6502502478131
253594,918.8027728923113
253595,785.3267935851698
253596,1946.8652681373617
253597,1733.651595564983
253598,1271.0709889428797
253599,1366.2235115873777
253600,940.9079614233557
253601,2102.4464359755475
253602,1889.232763403169
253603,1426.6521567810655
253604,1521.8046794255638
253605,-222.57158342149637
253606,938.9668911306956
253607,725.7532185583169
253608,263.17261193621357
253609,358.32513458071173
253610,224.8491552735702
253611,1386.3876298257621
253612,1173.1739572533834
253613,710.5933506312801
253614,805.7458732757783
253615,380.43032311175614
253616,1541.968797663948
253617,1328.7551250915694
253618,866.174518469466
253619,961.3270411139642
253620,-333.16788384306824
253621,828.3705907091239
253622,615.1569181367452
253623,152.57631151464193
253624,247.72883415913998
253625,114.25285485199845
253626,1275.7913294041905
253627,1062.577656831812
253628,599.9970502097085
253629,695.1495728542067
253630,269.8340226901843
253631,1431.3724972423765
253632,1218.1588246699976
253633,755.5782180478943
253634,850.7307406923925
253635,-325.0945459017919
253636,836.4439286504003
253637,623.2302560780215
253638,160.64964945591817
253639,255.80217210041633
253640,122.3261927932748
253641,1283.8646673454668
253642,1070.650994773088
253643,608.0703881509849
253644,703.222910795483
253645,277.9073606314607
253646,1439.4458351836527
253647,1226.232162611274
253648,763.6515559891707
253649,858.8040786336688
253650,-531.0262342233962
253651,630.5122403287959
253652,417.29856775641724
253653,-45.28203886568599
253654,49.87048377881206
253655,-83.60549552832958
253656,1077.9329790238626
253657,864.7193064514838
253658,402.13869982938047
253659,497.29122247387863
253660,71.97567230985624
253661,1233.5141468620484
253662,1020.3004742896696
253663,557.7198676675663
253664,652.8723903120645
253665,-1155.9185791241798
253666,5.619895428012342
253667,-207.5937771443664
253668,-670.1743837664699
253669,-575.0218611219716
253670,-708.4978404291132
253671,453.04063412307886
253672,239.82696155070016
253673,-222.75364507140318
253674,-127.60112242690502
253675,-552.9166725909274
253676,608.6218019612647
253677,395.408129388886
253678,-67.17247723321748
253679,27.9800454112808
253680,350.2453033633789
253681,1511.783777915571
253682,1298.5701053431922
253683,835.9894987210889
253684,931.1420213655872
253685,797.6660420584456
253686,1959.2045166106377
253687,1745.990844038259
253688,1283.4102374161555
253689,1378.5627600606538
253690,953.2472098966314
253691,2114.7856844488233
253692,1901.5720118764448
253693,1438.9914052543413
253694,1534.1439278988396
253695,-210.2323349482208
253696,951.3061396039714
253697,738.0924670315926
253698,275.5118604094893
253699,370.6643830539875
253700,237.188403746846
253701,1398.7268782990382
253702,1185.5132057266592
253703,722.932599104556
253704,818.0851217490541
253705,392.76957158503177
253706,1554.3080461372238
253707,1341.0943735648452
253708,878.5137669427418
253709,973.66628958724
253710,-320.82863536979244
253711,840.7098391823997
253712,627.496166610021
253713,164.91555998791773
253714,260.06808263241584
253715,126.59210332527425
253716,1288.1305778774663
253717,1074.9169053050878
253718,612.3362986829843
253719,707.4888213274825
253720,282.1732711634601
253721,1443.7117457156523
253722,1230.4980731432734
253723,767.9174665211701
253724,863.0699891656683
253725,-312.7552974285161
253726,848.7831771236761
253727,635.5695045512973
253728,172.98889792919397
253729,268.14142057369213
253730,134.6654412665506
253731,1296.2039158187426
253732,1082.990243246364
253733,620.4096366242607
253734,715.5621592687587
253735,290.2466091047364
253736,1451.7850836569287
253737,1238.5714110845497
253738,775.9908044624465
253739,871.1433271069446
253740,-518.6869857501204
253741,642.8514888020717
253742,429.63781622969293
253743,-32.9427903924103
253744,62.20973225208786
253745,-71.26624705505378
253746,1090.2722274971384
253747,877.0585549247596
253748,414.4779483026562
253749,509.6304709471544
253750,84.31492078313204
253751,1245.8533953353242
253752,1032.6397227629454
253753,570.0591161408421
253754,665.2116387853403
253755,-1143.5793306509038
253756,17.959143901288144
253757,-195.2545286710906
253758,-657.8351352931938
253759,-562.6826126486958
253760,-696.1585919558374
253761,465.3798825963547
253762,252.16621002397596
253763,-210.41439659812738
253764,-115.26187395362922
253765,-540.5774241176516
253766,620.9610504345405
253767,407.7473778621618
253768,-54.83322875994156
253769,40.3192938845566
253770,362.5845518366547
253771,1524.123026388847
253772,1310.9093538164682
253773,848.3287471943647
253774,943.481269838863
253775,810.0052905317214
253776,1971.5437650839135
253777,1758.3300925115348
253778,1295.7494858894315
253779,1390.9020085339296
253780,965.5864583699072
253781,2127.124932922099
253782,1913.9112603497206
253783,1451.3306537276171
253784,1546.4831763721154
253785,-197.89308647494477
253786,963.6453880772473
253787,750.4317155048685
253788,287.8511088827652
253789,383.00363152726334
253790,249.52765222012175
253791,1411.066126772314
253792,1197.852454199935
253793,735.2718475778317
253794,830.4243702223299
253795,405.10882005830763
253796,1566.6472946104998
253797,1353.433622038121
253798,890.8530154160176
253799,986.0055380605158
253800,-308.48938689651663
253801,853.0490876556755
253802,639.8354150832968
253803,177.25480846119353
253804,272.40733110569164
253805,138.93135179855005
253806,1300.469826350742
253807,1087.2561537783636
253808,624.6755471562601
253809,719.8280698007583
253810,294.512519636736
253811,1456.050994188928
253812,1242.8373216165494
253813,780.2567149944459
253814,875.4092376389441
253815,-300.4160489552403
253816,861.1224255969519
253817,647.9087530245731
253818,185.32814640246977
253819,280.48066904696793
253820,147.0046897398264
253821,1308.5431642920184
253822,1095.3294917196397
253823,632.7488850975365
253824,727.9014077420345
253825,302.58585757801234
253826,1464.1243321302043
253827,1250.9106595578255
253828,788.3300529357223
253829,883.4825755802204
253830,-506.34773727684455
253831,655.1907372753475
253832,441.9770647029688
253833,-20.6035419191345
253834,74.54898072536366
253835,-58.92699858177798
253836,1102.6114759704142
253837,889.3978033980354
253838,426.817196775932
253839,521.9697194204302
253840,96.65416925640795
253841,1258.1926438086
253842,1044.9789712362212
253843,582.3983646141179
253844,677.5508872586161
253845,-1131.240082177628
253846,30.298392374563832
253847,-182.9152801978148
253848,-645.495886819918
253849,-550.34336417542
253850,-683.8193434825614
253851,477.7191310696304
253852,264.50545849725177
253853,-198.07514812485158
253854,-102.92262548035342
253855,-528.2381756443758
253856,633.3002989078162
253857,420.0866263354376
253858,-42.49398028666576
253859,52.6585423578324
253860,374.9238003099306
253861,1536.4622748621227
253862,1323.2486022897438
253863,860.6679956676405
253864,955.8205183121387
253865,822.3445390049972
253866,1983.883013557189
253867,1770.6693409848103
253868,1308.088734362707
253869,1403.2412570072051
253870,977.9257068431831
253871,2139.464181395375
253872,1926.2505088229964
253873,1463.669902200893
253874,1558.8224248453912
253875,-185.55383800166908
253876,975.984636550523
253877,762.7709639781443
253878,300.190357356041
253879,395.34288000053914
253880,261.86690069339755
253881,1423.4053752455895
253882,1210.1917026732108
253883,747.6110960511076
253884,842.7636186956057
253885,417.44806853158343
253886,1578.9865430837754
253887,1365.7728705113968
253888,903.1922638892934
253889,998.3447865337916
253890,-296.15013842324083
253891,865.3883361289513
253892,652.1746635565726
253893,189.59405693446934
253894,284.7465795789674
253895,151.27060027182586
253896,1312.809074824018
253897,1099.5954022516394
253898,637.0147956295359
253899,732.1673182740341
253900,306.85176811001173
253901,1468.390242662204
253902,1255.176570089825
253903,792.5959634677217
253904,887.7484861122199
253905,-288.0768004819645
253906,873.4616740702277
253907,660.2480014978489
253908,197.66739487574557
253909,292.81991752024373
253910,159.3439382131022
253911,1320.8824127652942
253912,1107.6687401929155
253913,645.0881335708123
253914,740.2406562153103
253915,314.9251060512881
253916,1476.46358060348
253917,1263.2499080311013
253918,800.6693014089981
253919,895.8218240534962
253920,-494.00848880356875
253921,667.5299857486233
253922,454.31631317624465
253923,-8.264293445858584
253924,86.88822919863946
253925,-46.58775010850218
253926,1114.95072444369
253927,901.7370518713112
253928,439.1564452492078
253929,534.308967893706
253930,108.99341772968364
253931,1270.5318922818756
253932,1057.318219709497
253933,594.7376130873937
253934,689.8901357318919
253935,-1118.9008337043524
253936,42.637640847839634
253937,-170.57603172453912
253938,-633.1566383466425
253939,-538.0041157021442
253940,-671.4800950092858
253941,490.05837954290627
253942,276.8447069705275
253943,-185.73589965157578
253944,-90.58337700707762
253945,-515.8989271711
253946,645.639547381092
253947,432.4258748087134
253948,-30.15473181339007
253949,64.99779083110809
253950,387.26304878320633
253951,1548.8015233353983
253952,1335.5878507630196
253953,873.0072441409163
253954,968.1597667854144
253955,834.683787478273
253956,1996.222262030465
253957,1783.0085894580864
253958,1320.427982835983
253959,1415.580505480481
253960,990.2649553164588
253961,2151.8034298686507
253962,1938.5897572962722
253963,1476.0091506741687
253964,1571.161673318667
253965,-173.2145895283934
253966,988.3238850237988
253967,775.11021245142
253968,312.5296058293167
253969,407.6821284738149
253970,274.20614916667336
253971,1435.7446237188656
253972,1222.5309511464866
253973,759.9503445243834
253974,855.1028671688815
253975,429.7873170048592
253976,1591.3257915570512
253977,1378.1121189846726
253978,915.5315123625692
253979,1010.6840350070675
253980,-207.27878495123787
253981,954.2596896009543
253982,741.0460170285754
253983,278.4654104064722
253984,373.61793305097035
253985,240.1419537438287
253986,1401.6804282960209
253987,1188.466755723642
253988,725.8861491015388
253989,821.0386717460369
253990,395.7231215820145
253991,1557.2615961342067
253992,1344.047923561828
253993,881.4673169397246
253994,976.6198395842227
253995,-199.2054470099614
253996,962.3330275422305
253997,749.1193549698518
253998,286.5387483477485
253999,381.69127099224664
254000,248.21529168510517
254001,1409.7537662372972
254002,1196.5400936649185
254003,733.9594870428151
254004,829.1120096873133
254005,403.796459523291
254006,1565.334934075483
254007,1352.1212615031043
254008,889.5406548810008
254009,984.6931775254991
254010,-405.137135331566
254011,756.4013392206261
254012,543.1876666482474
254013,80.60706002614415
254014,175.75958267064232
254015,42.283603363500674
254016,1203.8220779156927
254017,990.608405343314
254018,528.0277987212107
254019,623.1803213657089
254020,197.8647712016865
254021,1359.4032457538788
254022,1146.1895731814998
254023,683.6089665593965
254024,778.7614892038947
254025,-1030.0294802323494
254026,131.5089943198426
254027,-81.70467825253616
254028,-544.2852848746395
254029,-449.13276223014145
254030,-582.6087415372829
254031,578.9297330149092
254032,365.7160604425304
254033,-96.86454617957293
254034,-1.7120235350747635
254035,-427.0275736990973
254036,734.510900853095
254037,521.2972282807162
254038,58.716621658612894
254039,153.86914430311106
254040,476.13440225520924
254041,1637.6728768074013
254042,1424.4592042350225
254043,961.8785976129193
254044,1057.0311202574176
254045,923.5551409502758
254046,2085.0936155024683
254047,1871.879942930089
254048,1409.2993363079859
254049,1504.4518589524841
254050,1079.1363087884615
254051,2240.6747833406534
254052,2027.4611107682751
254053,1564.8805041461717
254054,1660.0330267906697
254055,-84.34323605639031
254056,1077.1952384958017
254057,863.981565923423
254058,401.4009593013197
254059,496.5534819458178
254060,363.07750263867626
254061,1524.6159771908683
254062,1311.4023046184896
254063,848.8216979963863
254064,943.9742206408844
254065,518.6586704768621
254066,1680.1971450290541
254067,1466.9834724566754
254068,1004.4028658345721
254069,1099.5553884790702
254070,-194.93953647796206
254071,966.59893807423
254072,753.3852655018512
254073,290.804658879748
254074,385.9571815242461
254075,252.48120221710457
254076,1414.0196767692967
254077,1200.806004196918
254078,738.2253975748146
254079,833.3779202193127
254080,408.06237005529044
254081,1569.6008446074825
254082,1356.3871720351037
254083,893.8065654130005
254084,988.9590880574985
254085,-186.86619853668572
254086,974.6722760155063
254087,761.4586034431276
254088,298.8779968210242
254089,394.0305194655224
254090,260.5545401583809
254091,1422.0930147105728
254092,1208.8793421381943
254093,746.2987355160909
254094,841.4512581605891
254095,416.1357079965667
254096,1577.6741825487588
254097,1364.46050997638
254098,901.8799033542767
254099,997.0324259987749
254100,-392.79788685829
254101,768.740587693902
254102,555.5269151215232
254103,92.94630849941996
254104,188.09883114391812
254105,54.62285183677659
254106,1216.1613263889685
254107,1002.9476538165898
254108,540.3670471944865
254109,635.5195698389847
254110,210.2040196749624
254111,1371.7424942271543
254112,1158.5288216547756
254113,695.9482150326724
254114,791.1007376771705
254115,-1017.6902317590736
254116,143.8482427931183
254117,-69.36542977926047
254118,-531.9460364013637
254119,-436.79351375686565
254120,-570.2694930640071
254121,591.2689814881849
254122,378.0553089158062
254123,-84.52529770629712
254124,10.627224938201039
254125,-414.68832522582125
254126,746.8501493263707
254127,533.636476753992
254128,71.0558701318887
254129,166.20839277638686
254130,488.4736507284851
254131,1650.012125280677
254132,1436.7984527082983
254133,974.2178460861951
254134,1069.3703687306931
254135,935.8943894235517
254136,2097.4328639757437
254137,1884.219191403365
254138,1421.6385847812617
254139,1516.79110742576
254140,1091.4755572617375
254141,2253.0140318139293
254142,2039.800359241551
254143,1577.2197526194475
254144,1672.3722752639455
254145,-72.00398758311462
254146,1089.5344869690775
254147,876.3208143966988
254148,413.74020777459543
254149,508.8927304190936
254150,375.416751111952
254151,1536.955225664144
254152,1323.7415530917654
254153,861.160946469662
254154,956.3134691141602
254155,530.9979189501379
254156,1692.53639350233
254157,1479.3227209299512
254158,1016.7421143078479
254159,1111.894636952346
254160,-345.4986678809255
254161,816.0398066712665
254162,602.8261340988878
254163,140.24552747678445
254164,235.3980501212826
254165,101.92207081414108
254166,1263.460545366333
254167,1050.2468727939545
254168,587.666266171851
254169,682.8187888163493
254170,257.50323865232696
254171,1419.041713204519
254172,1205.8280406321403
254173,743.247434010037
254174,838.3999566545351
254175,-337.42532993964915
254176,824.1131446125428
254177,610.899472040164
254178,148.3188654180608
254179,243.4713880625589
254180,109.99540875541743
254181,1271.5338833076094
254182,1058.3202107352308
254183,595.7396041131274
254184,690.8921267576255
254185,265.5765765936033
254186,1427.1150511457954
254187,1213.9013785734167
254188,751.3207719513132
254189,846.4732945958115
254190,-543.3570182612534
254191,618.1814562909385
254192,404.9677837185599
254193,-57.612822903543474
254194,37.53969974095469
254195,-95.93627956618695
254196,1065.602194986005
254197,852.3885224136263
254198,389.80791579152304
254199,484.9604384360212
254200,59.64488827199898
254201,1221.183362824191
254202,1007.9696902518123
254203,545.3890836297089
254204,640.5416062742071
254205,-1168.249363162037
254206,-6.710888609845142
254207,-219.9245611822239
254208,-682.5051678043271
254209,-587.3526451598291
254210,-720.8286244669705
254211,440.7098500852215
254212,227.49617751284268
254213,-235.08442910926055
254214,-139.9319064647625
254215,-565.2474566287849
254216,596.2910179234073
254217,383.0773453510286
254218,-79.50326127107485
254219,15.649261373423315
254220,337.91451932552155
254221,1499.4529938777137
254222,1286.239321305335
254223,823.6587146832314
254224,918.8112373277297
254225,785.3352580205882
254226,1946.8737325727802
254227,1733.6600600004015
254228,1271.0794533782982
254229,1366.2319760227963
254230,940.9164258587741
254231,2102.454900410966
254232,1889.2412278385873
254233,1426.660621216484
254234,1521.813143860982
254235,-222.56311898607805
254236,938.975355566114
254237,725.7616829937352
254238,263.1810763716319
254239,358.33359901613005
254240,224.85761970898852
254241,1386.3960942611807
254242,1173.182421688802
254243,710.6018150666986
254244,805.7543377111967
254245,380.4387875471745
254246,1541.9772620993665
254247,1328.7635895269877
254248,866.1829829048844
254249,961.3355055493826
254250,-333.1594194076497
254251,828.3790551445423
254252,615.1653825721636
254253,152.58477595006025
254254,247.7372985945584
254255,114.26131928741688
254256,1275.7997938396088
254257,1062.5861212672303
254258,600.0055146451268
254259,695.1580372896251
254260,269.8424871256027
254261,1431.3809616777949
254262,1218.167289105416
254263,755.5866824833128
254264,850.7392051278109
254265,-325.08608146637334
254266,836.4523930858187
254267,623.23872051344
254268,160.6581138913366
254269,255.81063653583476
254270,122.33465722869323
254271,1283.8731317808852
254272,1070.6594592085066
254273,608.0788525864032
254274,703.2313752309013
254275,277.91582506687905
254276,1439.4542996190712
254277,1226.2406270466925
254278,763.6600204245891
254279,858.8125430690873
254280,-531.0177697879778
254281,630.5207047642143
254282,417.30703219183556
254283,-45.27357443026767
254284,49.87894821423038
254285,-83.59703109291115
254286,1077.941443459281
254287,864.7277708869021
254288,402.14716426479885
254289,497.299686909297
254290,71.98413674527467
254291,1233.5226112974667
254292,1020.308938725088
254293,557.7283321029847
254294,652.8808547474829
254295,-1155.9101146887613
254296,5.62835986343066
254297,-207.5853127089481
254298,-670.1659193310513
254299,-575.013396686553
254300,-708.4893759936947
254301,453.0490985584973
254302,239.8354259861186
254303,-222.74518063598475
254304,-127.59265799148659
254305,-552.9082081555091
254306,608.630266396683
254307,395.41659382430436
254308,-67.16401279779893
254309,27.988509846699117
254310,350.25376779879736
254311,1511.7922423509895
254312,1298.5785697786107
254313,835.9979631565074
254314,931.1504858010055
254315,797.674506493864
254316,1959.212981046056
254317,1745.9993084736775
254318,1283.418701851574
254319,1378.5712244960723
254320,953.2556743320498
254321,2114.7941488842416
254322,1901.580476311863
254323,1438.9998696897599
254324,1534.152392334258
254325,-210.22387051280225
254326,951.3146040393898
254327,738.1009314670112
254328,275.52032484490775
254329,370.6728474894059
254330,237.19686818226432
254331,1398.7353427344565
254332,1185.5216701620777
254333,722.9410635399744
254334,818.0935861844725
254335,392.77803602045014
254336,1554.3165105726423
254337,1341.1028380002635
254338,878.5222313781602
254339,973.6747540226584
254340,-320.8201709343741
254341,840.7183036178182
254342,627.5046310454394
254343,164.92402442333605
254344,260.0765470678342
254345,126.60056776069257
254346,1288.1390423128846
254347,1074.925369740506
254348,612.3447631184026
254349,707.4972857629009
254350,282.1817355988785
254351,1443.7202101510707
254352,1230.506537578692
254353,767.9259309565886
254354,863.0784536010867
254355,-312.74683299309777
254356,848.7916415590944
254357,635.5779689867157
254358,172.9973623646124
254359,268.1498850091105
254360,134.67390570196892
254361,1296.212380254161
254362,1082.9987076817824
254363,620.418101059679
254364,715.5706237041771
254365,290.25507354015485
254366,1451.793548092347
254367,1238.5798755199683
254368,775.9992688978648
254369,871.151791542363
254370,-518.678521314702
254371,642.8599532374901
254372,429.64628066511136
254373,-32.93432595699187
254374,62.21819668750629
254375,-71.25778261963546
254376,1090.2806919325567
254377,877.0670193601779
254378,414.4864127380746
254379,509.63893538257275
254380,84.32338521855047
254381,1245.8618597707427
254382,1032.6481871983638
254383,570.0675805762605
254384,665.2201032207586
254385,-1143.5708662154855
254386,17.967608336706462
254387,-195.24606423567218
254388,-657.8266708577755
254389,-562.6741482132775
254390,-696.1501275204189
254391,465.38834703177304
254392,252.1746744593944
254393,-210.40593216270895
254394,-115.25340951821079
254395,-540.5689596822333
254396,620.9695148699589
254397,407.7558422975802
254398,-54.82476432452313
254399,40.32775831997503
254400,362.5930162720731
254401,1524.1314908242653
254402,1310.9178182518865
254403,848.3372116297832
254404,943.4897342742813
254405,810.0137549671397
254406,1971.5522295193318
254407,1758.338556946953
254408,1295.7579503248498
254409,1390.910472969348
254410,965.5949228053256
254411,2127.1333973575174
254412,1913.9197247851391
254413,1451.3391181630357
254414,1546.4916408075337
254415,-197.88462203952645
254416,963.6538525126656
254417,750.440179940287
254418,287.85957331818355
254419,383.0120959626817
254420,249.53611665554018
254421,1411.0745912077323
254422,1197.8609186353535
254423,735.2803120132502
254424,830.4328346577483
254425,405.11728449372606
254426,1566.655759045918
254427,1353.4420864735393
254428,890.861479851436
254429,986.0140024959342
254430,-308.4809224610981
254431,853.057552091094
254432,639.8438795187152
254433,177.26327289661185
254434,272.41579554111
254435,138.9398162339685
254436,1300.4782907861604
254437,1087.264618213782
254438,624.6840115916784
254439,719.8365342361767
254440,294.52098407215436
254441,1456.0594586243465
254442,1242.8457860519677
254443,780.2651794298644
254444,875.4177020743625
254445,-300.40758451982174
254446,861.1308900323702
254447,647.9172174599914
254448,185.3366108378882
254449,280.4891334823863
254450,147.01315417524484
254451,1308.5516287274368
254452,1095.3379561550582
254453,632.7573495329548
254454,727.9098721774529
254455,302.5943220134307
254456,1464.1327965656228
254457,1250.919123993244
254458,788.3385173711406
254459,883.4910400156389
254460,-506.339272841426
254461,655.1992017107659
254462,441.9855291383872
254463,-20.595077483716068
254464,74.5574451607821
254465,-58.91853414635955
254466,1102.6199404058325
254467,889.4062678334537
254468,426.82566121135045
254469,521.9781838558486
254470,96.66263369182639
254471,1258.2011082440183
254472,1044.9874356716396
254473,582.4068290495363
254474,677.5593516940345
254475,-1131.2316177422097
254476,30.306856809982264
254477,-182.9068157623965
254478,-645.4874223844997
254479,-550.3348997400017
254480,-683.8108790471431
254481,477.72759550504884
254482,264.5139229326702
254483,-198.06668368943315
254484,-102.91416104493499
254485,-528.2297112089573
254486,633.3087633432347
254487,420.09509077085596
254488,-42.48551585124733
254489,52.667006793250835
254490,374.93226474534896
254491,1536.470739297541
254492,1323.2570667251623
254493,860.6764601030588
254494,955.8289827475571
254495,822.3530034404156
254496,1983.8914779926076
254497,1770.6778054202289
254498,1308.0971987981256
254499,1403.2497214426237
254500,977.9341712786015
254501,2139.472645830793
254502,1926.2589732584147
254503,1463.6783666363115
254504,1558.8308892808095
254505,-185.54537356625065
254506,975.9931009859414
254507,762.7794284135626
254508,300.1988217914593
254509,395.35134443595746
254510,261.87536512881593
254511,1423.413839681008
254512,1210.2001671086293
254513,747.619560486526
254514,842.7720831310241
254515,417.4565329670018
254516,1578.995007519194
254517,1365.7813349468152
254518,903.2007283247118
254519,998.35325096921
254520,-296.1416739878223
254521,865.3968005643698
254522,652.183127991991
254523,189.60252136988765
254524,284.7550440143858
254525,151.2790647072443
254526,1312.8175392594362
254527,1099.6038666870577
254528,637.0232600649542
254529,732.1757827094525
254530,306.8602325454301
254531,1468.3987070976223
254532,1255.1850345252435
254533,792.6044279031402
254534,887.7569505476383
254535,-288.06833604654594
254536,873.470138505646
254537,660.2564659332674
254538,197.675859311164
254539,292.82838195566217
254540,159.35240264852064
254541,1320.8908772007126
254542,1107.677204628334
254543,645.0965980062306
254544,740.2491206507287
254545,314.93357048670646
254546,1476.4720450388986
254547,1263.2583724665196
254548,800.6777658444164
254549,895.8302884889147
254550,-494.00002436815043
254551,667.5384501840417
254552,454.32477761166297
254553,-8.255829010440266
254554,86.89669363405778
254555,-46.579285673083746
254556,1114.9591888791083
254557,901.7455163067295
254558,439.16490968462625
254559,534.3174323291244
254560,109.00188216510207
254561,1270.5403567172941
254562,1057.3266841449154
254563,594.7460775228121
254564,689.8986001673103
254565,-1118.892369268934
254566,42.646105283258066
254567,-170.5675672891207
254568,-633.1481739112241
254569,-537.9956512667259
254570,-671.4716305738673
254571,490.0668439783247
254572,276.85317140594594
254573,-185.72743521615735
254574,-90.57491257165918
254575,-515.8904627356817
254576,645.6480118165105
254577,432.43433924413176
254578,-30.146267377971526
254579,65.00625526652652
254580,387.27151321862476
254581,1548.8099877708169
254582,1335.596315198438
254583,873.0157085763346
254584,968.1682312208329
254585,834.6922519136914
254586,1996.2307264658834
254587,1783.0170538935047
254588,1320.4364472714014
254589,1415.5889699158995
254590,990.2734197518772
254591,2151.811894304069
254592,1938.5982217316905
254593,1476.017615109587
254594,1571.1701377540853
254595,-173.20612509297484
254596,988.3323494592172
254597,775.1186768868386
254598,312.53807026473515
254599,407.6905929092333
254600,274.21461360209173
254601,1435.753088154284
254602,1222.5394155819051
254603,759.9588089598018
254604,855.1113316043
254605,429.79578144027755
254606,1591.3342559924697
254607,1378.120583420091
254608,915.5399767979876
254609,1010.6924994424858
254610,-207.27032051581955
254611,954.2681540363726
254612,741.0544814639939
254613,278.47387484189056
254614,373.6263974863887
254615,240.15041817924714
254616,1401.6888927314392
254617,1188.4752201590604
254618,725.8946135369572
254619,821.0471361814554
254620,395.73158601743296
254621,1557.270060569625
254622,1344.0563879972465
254623,881.475781375143
254624,976.6283040196412
254625,-199.19698257454297
254626,962.341491977649
254627,749.1278194052702
254628,286.54721278316686
254629,381.699735427665
254630,248.22375612052355
254631,1409.7622306727155
254632,1196.5485581003368
254633,733.9679514782334
254634,829.1204741227316
254635,403.8049239587094
254636,1565.3433985109014
254637,1352.1297259385226
254638,889.5491193164194
254639,984.7016419609174
254640,-405.12867089614747
254641,756.4098036560446
254642,543.1961310836658
254643,80.61552446156247
254644,175.76804710606075
254645,42.292067798919106
254646,1203.830542351111
254647,990.6168697787324
254648,528.036263156629
254649,623.1887858011273
254650,197.87323563710493
254651,1359.411710189297
254652,1146.1980376169183
254653,683.6174309948149
254654,778.7699536393131
254655,-1030.0210157969311
254656,131.51745875526092
254657,-81.69621381711784
254658,-544.2768204392212
254659,-449.12429779472313
254660,-582.6002771018645
254661,578.9381974503275
254662,365.72452487794885
254663,-96.8560817441545
254664,-1.7035590996563315
254665,-427.01910926367873
254666,734.5193652885133
254667,521.3056927161347
254668,58.72508609403121
254669,153.8776087385295
254670,476.1428666906276
254671,1637.6813412428196
254672,1424.467668670441
254673,961.8870620483376
254674,1057.039584692836
254675,923.5636053856942
254676,2085.1020799378866
254677,1871.8884073655076
254678,1409.3078007434042
254679,1504.4603233879025
254680,1079.14477322388
254681,2240.6832477760718
254682,2027.4695752036935
254683,1564.8889685815902
254684,1660.0414912260883
254685,-84.33477162097188
254686,1077.20370293122
254687,863.9900303588413
254688,401.40942373673806
254689,496.5619463812362
254690,363.08596707409464
254691,1524.6244416262866
254692,1311.410769053908
254693,848.8301624318046
254694,943.9826850763028
254695,518.6671349122805
254696,1680.2056094644724
254697,1466.991936892094
254698,1004.4113302699905
254699,1099.5638529144885
254700,-195.9148268936358
254701,965.6236476585561
254702,752.4099750861774
254703,289.82936846407415
254704,384.9818911085723
254705,251.50591180143078
254706,1413.044386353623
254707,1199.830713781244
254708,737.2501071591407
254709,832.4026298036389
254710,407.0870796396166
254711,1568.6255541918085
254712,1355.41188161943
254713,892.8312749973265
254714,987.9837976418247
254715,-187.84148895235955
254716,973.6969855998325
254717,760.4833130274537
254718,297.9027064053504
254719,393.0552290498486
254720,259.579249742707
254721,1421.117724294899
254722,1207.9040517225203
254723,745.3234451004171
254724,840.4759677449152
254725,415.16041758089284
254726,1576.6988921330849
254727,1363.4852195607061
254728,900.9046129386028
254729,996.057135583101
254730,-393.7731772739637
254731,767.7652972782282
254732,554.5516247058493
254733,91.971018083746
254734,187.12354072824428
254735,53.64756142110275
254736,1215.1860359732948
254737,1001.972363400916
254738,539.3917567788127
254739,634.5442794233109
254740,209.22872925928857
254741,1370.7672038114806
254742,1157.5535312391019
254743,694.9729246169985
254744,790.1254472614967
254745,-1018.6655221747474
254746,142.87295237744456
254747,-70.34072019493419
254748,-532.9213268170374
254749,-437.7688041725394
254750,-571.244783479681
254751,590.2936910725111
254752,377.0800185001324
254753,-85.50058812197096
254754,9.651934522527199
254755,-415.66361564149497
254756,745.874858910697
254757,532.6611863383182
254758,70.08057971621474
254759,165.23310236071302
254760,487.4983603128113
254761,1649.0368348650034
254762,1435.8231622926246
254763,973.2425556705211
254764,1068.3950783150194
254765,934.9190990078779
254766,2096.45757356007
254767,1883.2439009876912
254768,1420.6632943655877
254769,1515.815817010086
254770,1090.5002668460638
254771,2252.0387413982558
254772,2038.825068825877
254773,1576.2444622037735
254774,1671.3969848482718
254775,-72.97927799878835
254776,1088.5591965534036
254777,875.3455239810249
254778,412.7649173589216
254779,507.91744000341976
254780,374.4414606962782
254781,1535.9799352484704
254782,1322.7662626760916
254783,860.1856560539882
254784,955.3381786984864
254785,530.022628534464
254786,1691.5611030866562
254787,1478.3474305142772
254788,1015.766823892174
254789,1110.919346536672
254790,-346.4739582965992
254791,815.0645162555927
254792,601.850843683214
254793,139.2702370611106
254794,234.42275970560877
254795,100.94678039846735
254796,1262.4852549506595
254797,1049.2715823782805
254798,586.6909757561773
254799,681.8434984006755
254800,256.5279482366532
254801,1418.066422788845
254802,1204.8527502164666
254803,742.2721435943631
254804,837.4246662388613
254805,-338.40062035532287
254806,823.1378541968691
254807,609.9241816244903
254808,147.34357500238684
254809,242.49609764688512
254810,109.0201183397437
254811,1270.5585928919356
254812,1057.3449203195569
254813,594.7643136974536
254814,689.9168363419517
254815,264.6012861779295
254816,1426.1397607301215
254817,1212.926088157743
254818,750.3454815356395
254819,845.4980041801376
254820,-544.3323086769271
254821,617.2061658752647
254822,403.992493302886
254823,-58.588113319217314
254824,36.56440932528085
254825,-96.9115699818608
254826,1064.6269045703311
254827,851.4132319979526
254828,388.83262537584926
254829,483.98514802034737
254830,58.66959785632514
254831,1220.2080724085172
254832,1006.9943998361384
254833,544.4137932140351
254834,639.5663158585332
254835,-1169.224653577711
254836,-7.686179025518982
254837,-220.89985159789774
254838,-683.4804582200011
254839,-588.3279355755028
254840,-721.8039148826444
254841,439.7345596695477
254842,226.52088709716895
254843,-236.0597195249344
254844,-140.90719688043623
254845,-566.2227470444584
254846,595.3157275077335
254847,382.1020549353548
254848,-80.47855168674857
254849,14.673970957749589
254850,336.93922890984777
254851,1498.4777034620397
254852,1285.2640308896612
254853,822.6834242675577
254854,917.8359469120559
254855,784.3599676049143
254856,1945.8984421571065
254857,1732.6847695847277
254858,1270.1041629626243
254859,1365.2566856071226
254860,939.9411354431003
254861,2101.4796099952923
254862,1888.2659374229136
254863,1425.68533080081
254864,1520.8378534453084
254865,-223.5384094017519
254866,938.0000651504402
254867,724.7863925780614
254868,262.20578595595805
254869,357.35830860045627
254870,223.8823292933148
254871,1385.4208038455067
254872,1172.2071312731282
254873,709.6265246510247
254874,804.7790472955229
254875,379.4634971315006
254876,1541.0019716836928
254877,1327.788299111314
254878,865.2076924892106
254879,960.3602151337088
254880,-334.13470982332365
254881,827.4037647288685
254882,614.1900921564898
254883,151.6094855343864
254884,246.76200817888457
254885,113.28602887174304
254886,1274.824503423935
254887,1061.6108308515563
254888,599.0302242294531
254889,694.1827468739513
254890,268.8671967099289
254891,1430.405671262121
254892,1217.1919986897424
254893,754.6113920676389
254894,849.7639147121371
254895,-326.0613718820473
254896,835.4771026701449
254897,622.2634300977661
254898,159.68282347566264
254899,254.83534612016086
254900,121.35936681301939
254901,1282.8978413652114
254902,1069.6841687928327
254903,607.1035621707294
254904,702.2560848152275
254905,276.94053465120527
254906,1438.4790092033973
254907,1225.2653366310185
254908,762.6847300089153
254909,857.8372526534134
254910,-531.9930602036513
254911,629.5454143485405
254912,416.33174177616183
254913,-46.24886484594151
254914,48.90365779855665
254915,-84.57232150858499
254916,1076.9661530436072
254917,863.7524804712283
254918,401.171873849125
254919,496.32439649362317
254920,71.00884632960083
254921,1232.547320881793
254922,1019.3336483094142
254923,556.7530416873108
254924,651.905564331809
254925,-1156.8854051044352
254926,4.65306944775682
254927,-208.56060312462193
254928,-671.1412097467253
254929,-575.988687102227
254930,-709.4646664093686
254931,452.07380814282345
254932,238.86013557044475
254933,-223.72047105165848
254934,-128.56794840716043
254935,-553.8834985711826
254936,607.6549759810092
254937,394.4413034086306
254938,-68.13930321347277
254939,27.01321943102539
254940,349.2784773831235
254941,1510.8169519353157
254942,1297.603279362937
254943,835.0226727408335
254944,930.1751953853318
254945,796.6992160781901
254946,1958.237690630382
254947,1745.0240180580035
254948,1282.4434114359
254949,1377.5959340803984
254950,952.280383916376
254951,2113.818858468568
254952,1900.6051858961894
254953,1438.024579274086
254954,1533.1771019185842
254955,-211.1991609284762
254956,950.339313623716
254957,737.1256410513372
254958,274.54503442923385
254959,369.697557073732
254960,236.2215777665906
254961,1397.7600523187825
254962,1184.546379746404
254963,721.9657731243005
254964,817.1182957687987
254965,391.80274560477636
254966,1553.3412201569686
254967,1340.1275475845896
254968,877.5469409624864
254969,972.6994636069845
254970,-321.79546135004784
254971,839.7430132021443
254972,626.5293406297656
254973,163.9487340076622
254974,259.1012566521604
254975,125.62527734501884
254976,1287.163751897211
254977,1073.9500793248321
254978,611.3694727027289
254979,706.5219953472271
254980,281.20644518320466
254981,1442.7449197353967
254982,1229.5312471630182
254983,766.9506405409147
254984,862.1031631854129
254985,-313.7221234087715
254986,847.8163511434207
254987,634.6026785710419
254988,172.02207194893845
254989,267.1745945934367
254990,133.6986152862952
254991,1295.2370898384872
254992,1082.0234172661085
254993,619.4428106440052
254994,714.5953332885033
254995,289.279783124481
254996,1450.818257676673
254997,1237.6045851042945
254998,775.023978482191
254999,870.1765011266892
255000,-519.6538117303758
255001,641.8846628218163
255002,428.6709902494375
255003,-33.90961637266582
255004,61.24290627183245
255005,-72.23307303530919
255006,1089.3054015168827
255007,876.0917289445041
255008,413.5111223224008
255009,508.66364496689897
255010,83.34809480287663
255011,1244.8865693550688
255012,1031.67289678269
255013,569.0922901605866
255014,664.2448128050848
255015,-1144.5461566311594
255016,16.992317921032736
255017,-196.22135465134602
255018,-658.8019612734495
255019,-563.6494386289512
255020,-697.1254179360928
255021,464.41305661609925
255022,251.1993840437205
255023,-211.3812225783828
255024,-116.22869993388463
255025,-541.544250097907
255026,619.9942244542851
255027,406.7805518819064
255028,-55.80005474019708
255029,39.35246790430119
255030,361.6177258563993
255031,1523.1562004085913
255032,1309.9425278362128
255033,847.3619212141093
255034,942.5144438586076
255035,809.038464551466
255036,1970.576939103658
255037,1757.3632665312794
255038,1294.782659909176
255039,1389.9351825536742
255040,964.6196323896518
255041,2126.158106941844
255042,1912.9444343694652
255043,1450.3638277473617
255044,1545.51635039186
255045,-198.85991245520017
255046,962.6785620969918
255047,749.4648895246131
255048,286.8842829025097
255049,382.03680554700793
255050,248.5608262398664
255051,1410.0993007920583
255052,1196.8856282196798
255053,734.3050215975763
255054,829.4575442420745
255055,404.1419940780522
255056,1565.6804686302444
255057,1352.4667960578656
255058,889.8861894357622
255059,985.0387120802604
255060,-309.4562128767718
255061,852.0822616754201
255062,638.8685891030414
255063,176.287982480938
255064,271.4405051254362
255065,137.96452581829476
255066,1299.503000370487
255067,1086.289327798108
255068,623.7087211760047
255069,718.8612438205029
255070,293.5456936564806
255071,1455.0841682086725
255072,1241.870495636294
255073,779.2898890141905
255074,874.4424116586887
255075,-301.38287493549547
255076,860.1555996166965
255077,646.9419270443177
255078,184.36132042221425
255079,279.5138430667125
255080,146.0378637595711
255081,1307.576338311763
255082,1094.3626657393843
255083,631.782059117281
255084,726.9345817617791
255085,301.61903159775693
255086,1463.1575061499489
255087,1249.9438335775703
255088,787.3632269554669
255089,882.515749599965
255090,-507.31456325709973
255091,654.2239112950921
255092,441.0102387227134
255093,-21.57036789939002
255094,73.58215474510826
255095,-59.89382456203339
255096,1101.6446499901585
255097,888.43097741778
255098,425.8503707956766
255099,521.0028934401748
255100,95.68734327615255
255101,1257.2258178283446
255102,1044.0121452559658
255103,581.4315386338624
255104,676.5840612783607
255105,-1132.2069081578836
255106,29.331566394308425
255107,-183.88210617807033
255108,-646.4627128001737
255109,-551.3101901556756
255110,-684.786169462817
255111,476.7523050893751
255112,263.53863251699636
255113,-199.041974105107
255114,-103.88945146060883
255115,-529.205001624631
255116,632.3334729275609
255117,419.1198003551822
255118,-43.46080626692128
255119,51.691716377576995
255120,373.9569743296752
255121,1535.495448881867
255122,1322.2817763094886
255123,859.7011696873851
255124,954.8536923318833
255125,821.3777130247418
255126,1982.916187576934
255127,1769.7025150045552
255128,1307.1219083824517
255129,1402.27443102695
255130,976.9588808629277
255131,2138.4973554151197
255132,1925.283682842741
255133,1462.7030762206375
255134,1557.8555988651358
255135,-186.52066398192449
255136,975.0178105702676
255137,761.8041379978888
255138,299.22353137578546
255139,394.3760540202837
255140,260.90007471314215
255141,1422.4385492653341
255142,1209.2248766929556
255143,746.6442700708521
255144,841.7967927153503
255145,416.481242551328
255146,1578.0197171035202
255147,1364.8060445311414
255148,902.225437909038
255149,997.3779605535362
255150,-297.11696440349624
255151,864.4215101486959
255152,651.2078375763172
255153,188.62723095421381
255154,283.779753598712
255155,150.30377429157045
255156,1311.8422488437625
255157,1098.6285762713837
255158,636.0479696492805
255159,731.2004922937787
255160,305.8849421297563
255161,1467.4234166819483
255162,1254.2097441095698
255163,791.6291374874663
255164,886.7816601319645
255165,-289.0436264622199
255166,872.4948480899723
255167,659.2811755175935
255168,196.70056889549005
255169,291.85309153998827
255170,158.3771122328468
255171,1319.9155867850388
255172,1106.70191421266
255173,644.1213075905567
255174,739.2738302350549
255175,313.9582800710327
255176,1475.4967546232247
255177,1262.283082050846
255178,799.7024754287426
255179,894.8549980732407
255180,-494.97531478382393
255181,666.5631597683679
255182,453.3494871959892
255183,-9.231119426114105
255184,85.92140321838406
255185,-47.554576088757585
255186,1113.9838984634343
255187,900.7702258910557
255188,438.1896192689524
255189,533.3421419134505
255190,108.02659174942823
255191,1269.5650663016204
255192,1056.3513937292416
255193,593.7707871071382
255194,688.9233097516365
255195,-1119.8676596846078
255196,41.67081486758423
255197,-171.54285770479453
255198,-634.1234643268979
255199,-538.9709416823998
255200,-672.4469209895412
255201,489.0915535626508
255202,275.87788099027216
255203,-186.70272563183119
255204,-91.55020298733302
255205,-516.8657531513552
255206,644.6727214008366
255207,431.4590488284579
255208,-31.121557793645366
255209,64.0309648508528
255210,386.2962228029509
255211,1547.834697355143
255212,1334.6210247827642
255213,872.0404181606609
255214,967.192940805159
255215,833.7169614980176
255216,1995.2554360502095
255217,1782.0417634778307
255218,1319.4611568557275
255219,1414.6136795002258
255220,989.2981293362034
255221,2150.836603888395
255222,1937.6229313160168
255223,1475.0423246939133
255224,1570.1948473384116
255225,-174.1814155086488
255226,987.3570590435434
255227,774.1433864711646
255228,311.56277984906126
255229,406.7153024935594
255230,273.23932318641795
255231,1434.77779773861
255232,1221.5641251662314
255233,758.983518544128
255234,854.1360411886261
255235,428.82049102460377
255236,1590.358965576796
255237,1377.145293004417
255238,914.5646863823138
255239,1009.7172090268119
255240,-208.24561093149327
255241,953.2928636206988
255242,740.07919104832
255243,277.4985844262167
255244,372.6511070707149
255245,239.1751277635733
255246,1400.7136023157655
255247,1187.4999297433867
255248,724.9193231212834
255249,820.0718457657815
255250,394.7562956017592
255251,1556.2947701539513
255252,1343.0810975815725
255253,880.5004909594692
255254,975.6530136039673
255255,-200.17227299021692
255256,961.3662015619751
255257,748.1525289895964
255258,285.571922367493
255259,380.7244450119912
255260,247.24846570484965
255261,1408.7869402570418
255262,1195.573267684663
255263,732.9926610625597
255264,828.1451837070579
255265,402.8296335430355
255266,1564.3681080952274
255267,1351.1544355228489
255268,888.5738289007454
255269,983.7263515452437
255270,-406.1039613118212
255271,755.4345132403707
255272,542.220840667992
255273,79.64023404588863
255274,174.7927566903868
255275,41.31677738324527
255276,1202.8552519354373
255277,989.6415793630586
255278,527.0609727409553
255279,622.2134953854534
255280,196.8979452214311
255281,1358.4364197736231
255282,1145.2227472012444
255283,682.642140579141
255284,777.7946632236393
255285,-1030.9963062126048
255286,130.54216833958708
255287,-82.67150423279168
255288,-545.2521108548949
255289,-450.09958821039663
255290,-583.5755675175385
255291,577.9629070346537
255292,364.749234462275
255293,-97.83137215982833
255294,-2.678849515330171
255295,-427.99439967935245
255296,733.5440748728395
255297,520.3304023004607
255298,57.74979567835737
255299,152.90231832285554
255300,475.16757627495383
255301,1636.7060508271459
255302,1423.4923782547671
255303,960.9117716326638
255304,1056.064294277162
255305,922.5883149700204
255306,2084.1267895222127
255307,1870.913116949834
255308,1408.3325103277302
255309,1503.4850329722285
255310,1078.1694828082063
255311,2239.7079573603987
255312,2026.4942847880195
255313,1563.9136781659163
255314,1659.0662008104146
255315,-85.31006203664572
255316,1076.2284125155463
255317,863.0147399431676
255318,400.4341333210642
255319,495.5866559655624
255320,362.11067665842086
255321,1523.649151210613
255322,1310.4354786382341
255323,847.8548720161309
255324,943.007394660629
255325,517.6918444966068
255326,1679.2303190487987
255327,1466.01664647642
255328,1003.4360398543167
255329,1098.5885624988148
255330,-195.90636245821747
255331,965.6321120939746
255332,752.4184395215958
255333,289.8378328994925
255334,384.9903555439907
255335,251.51437623684916
255336,1413.0528507890413
255337,1199.8391782166625
255338,737.2585715945592
255339,832.4110942390573
255340,407.09554407503504
255341,1568.634018627227
255342,1355.4203460548483
255343,892.839739432745
255344,987.9922620772431
255345,-187.83302451694112
255346,973.7054500352508
255347,760.491777462872
255348,297.9111708407688
255349,393.063693485267
255350,259.5877141781254
255351,1421.1261887303176
255352,1207.9125161579386
255353,745.3319095358354
255354,840.4844321803336
255355,415.1688820163113
255356,1576.7073565685034
255357,1363.4936839961247
255358,900.9130773740212
255359,996.0656000185195
255360,-393.7647128385454
255361,767.7737617136465
255362,554.5600891412678
255363,91.97948251916455
255364,187.1320051636627
255365,53.65602585652118
255366,1215.194500408713
255367,1001.9808278363344
255368,539.4002212142311
255369,634.5527438587292
255370,209.237193694707
255371,1370.775668246899
255372,1157.5619956745204
255373,694.981389052417
255374,790.1339116969151
255375,-1018.657057739329
255376,142.88141681286288
255377,-70.33225575951576
255378,-532.9128623816191
255379,-437.76033973712106
255380,-571.2363190442625
255381,590.3021555079296
255382,377.0884829355508
255383,-85.49212368655253
255384,9.660398957945631
255385,-415.65515120607665
255386,745.8833233461154
255387,532.6696507737366
255388,70.08904415163329
255389,165.24156679613145
255390,487.5068247482297
255391,1649.0452993004217
255392,1435.831626728043
255393,973.2510201059395
255394,1068.4035427504377
255395,934.9275634432963
255396,2096.4660379954885
255397,1883.2523654231095
255398,1420.6717588010063
255399,1515.8242814455043
255400,1090.5087312814821
255401,2252.0472058336745
255402,2038.8335332612953
255403,1576.252926639192
255404,1671.4054492836904
255405,-72.97081356337003
255406,1088.567660988822
255407,875.3539884164433
255408,412.77338179433997
255409,507.9259044388382
255410,374.4499251316966
255411,1535.9883996838887
255412,1322.77472711151
255413,860.1941204894066
255414,955.3466431339048
255415,530.0310929698825
255416,1691.5695675220745
255417,1478.3558949496958
255418,1015.7752883275924
255419,1110.9278109720906
255420,-346.4654938611809
255421,815.0729806910111
255422,601.8593081186324
255423,139.27870149652904
255424,234.4312241410272
255425,100.95524483388567
255426,1262.4937193860778
255427,1049.280046813699
255428,586.6994401915956
255429,681.8519628360939
255430,256.5364126720716
255431,1418.0748872242634
255432,1204.861214651885
255433,742.2806080297815
255434,837.4331306742797
255435,-338.39215591990455
255436,823.1463186322875
255437,609.9326460599087
255438,147.3520394378054
255439,242.50456208230355
255440,109.02858277516202
255441,1270.567057327354
255442,1057.3533847549752
255443,594.772778132872
255444,689.9253007773701
255445,264.60975061334796
255446,1426.1482251655398
255447,1212.9345525931612
255448,750.3539459710578
255449,845.5064686155561
255450,-544.3238442415088
255451,617.2146303106831
255452,404.0009577383044
255453,-58.57964888379888
255454,36.57287376069928
255455,-96.90310554644236
255456,1064.6353690057497
255457,851.4216964333709
255458,388.84108981126764
255459,483.9936124557658
255460,58.67806229174357
255461,1220.2165368439355
255462,1007.0028642715569
255463,544.4222576494535
255464,639.5747802939517
255465,-1169.2161891422925
255466,-7.67771459010055
255467,-220.8913871624792
255468,-683.4719937845825
255469,-588.3194711400845
255470,-721.7954504472259
255471,439.743024104966
255472,226.52935153258738
255473,-236.05125508951596
255474,-140.8987324450178
255475,-566.2142826090401
255476,595.3241919431518
255477,382.11051937077315
255478,-80.47008725133014
255479,14.68243539316802
255480,336.9476933452662
255481,1498.4861678974582
255482,1285.2724953250795
255483,822.691888702976
255484,917.8444113474743
255485,784.3684320403328
255486,1945.9069065925248
255487,1732.693234020146
255488,1270.1126273980426
255489,1365.2651500425409
255490,939.9495998785187
255491,2101.4880744307106
255492,1888.2744018583319
255493,1425.6937952362287
255494,1520.846317880727
255495,-223.52994496633346
255496,938.0085295858586
255497,724.7948570134799
255498,262.2142503913765
255499,357.3667730358747
255500,223.89079372873323
255501,1385.429268280925
255502,1172.2155957085465
255503,709.6349890864432
255504,804.7875117309413
255505,379.47196156691905
255506,1541.010436119111
255507,1327.7967635467323
255508,865.216156924629
255509,960.3686795691272
255510,-334.1262453879051
255511,827.4122291642869
255512,614.1985565919082
255513,151.61794996980484
255514,246.770472614303
255515,113.29449330716147
255516,1274.8329678593536
255517,1061.6192952869749
255518,599.0386886648714
255519,694.1912113093697
255520,268.8756611453473
255521,1430.4141356975395
255522,1217.2004631251607
255523,754.6198565030573
255524,849.7723791475555
255525,-326.05290744662875
255526,835.4855671055632
255527,622.2718945331844
255528,159.6912879110812
255529,254.8438105555793
255530,121.36783124843782
255531,1282.90630580063
255532,1069.692633228251
255533,607.1120266061478
255534,702.2645492506459
255535,276.94899908662364
255536,1438.4874736388156
255537,1225.273801066437
255538,762.6931944443336
255539,857.8457170888317
255540,-531.984595768233
255541,629.5538787839589
255542,416.34020621158015
255543,-46.24040041052319
255544,48.91212223397497
255545,-84.56385707316656
255546,1076.9746174790255
255547,863.7609449066467
255548,401.1803382845434
255549,496.33286092904154
255550,71.01731076501926
255551,1232.5557853172113
255552,1019.3421127448325
255553,556.7615061227292
255554,651.9140287672274
255555,-1156.876940669017
255556,4.661533883175252
255557,-208.5521386892035
255558,-671.132745311307
255559,-575.9802226668087
255560,-709.4562019739503
255561,452.0822725782419
255562,238.86860000586307
255563,-223.71200661624016
255564,-128.5594839717421
255565,-553.8750341357643
255566,607.6634404164276
255567,394.449767844049
255568,-68.13083877805445
255569,27.02168386644371
255570,349.28694181854195
255571,1510.825416370734
255572,1297.6117437983553
255573,835.0311371762518
255574,930.1836598207501
255575,796.7076805136086
255576,1958.2461550658006
255577,1745.0324824934219
255578,1282.4518758713184
255579,1377.6043985158167
255580,952.2888483517944
255581,2113.827322903987
255582,1900.613650331608
255583,1438.0330437095045
255584,1533.1855663540027
255585,-211.19069649305766
255586,950.3477780591344
255587,737.1341054867556
255588,274.5534988646523
255589,369.70602150915045
255590,236.23004220200892
255591,1397.768516754201
255592,1184.5548441818223
255593,721.974237559719
255594,817.1267602042171
255595,391.81121004019474
255596,1553.349684592387
255597,1340.1360120200081
255598,877.5554053979048
255599,972.707928042403
255600,-321.7869969146293
255601,839.7514776375626
255602,626.537805065184
255603,163.95719844308064
255604,259.1097210875788
255605,125.63374178043728
255606,1287.1722163326294
255607,1073.9585437602507
255608,611.3779371381472
255609,706.5304597826455
255610,281.2149096186231
255611,1442.7533841708153
255612,1229.5397115984365
255613,766.9591049763332
255614,862.1116276208313
255615,-313.71365897335295
255616,847.824815578839
255617,634.6111430064603
255618,172.030536384357
255619,267.18305902885515
255620,133.70707972171363
255621,1295.2455542739058
255622,1082.0318817015268
255623,619.4512750794236
255624,714.6037977239217
255625,289.28824755989945
255626,1450.8267221120914
255627,1237.6130495397128
255628,775.0324429176094
255629,870.1849655621075
255630,-519.6453472949572
255631,641.8931272572347
255632,428.67945468485595
255633,-33.90115193724739
255634,61.25137070725077
255635,-72.22460859989087
255636,1089.3138659523013
255637,876.1001933799225
255638,413.5195867578192
255639,508.67210940231735
255640,83.35655923829506
255641,1244.895033790487
255642,1031.6813612181083
255643,569.100754596005
255644,664.2532772405032
255645,-1144.537692195741
255646,17.000782356451055
255647,-196.2128902159277
255648,-658.7934968380312
255649,-563.6409741935329
255650,-697.1169535006745
255651,464.4215210515177
255652,251.20784847913893
255653,-211.37275814296436
255654,-116.2202354984662
255655,-541.5357856624885
255656,620.0026888897034
255657,406.78901631732475
255658,-55.79159030477865
255659,39.36093233971951
255660,361.62619029181775
255661,1523.1646648440098
255662,1309.950992271631
255663,847.3703856495276
255664,942.5229082940259
255665,809.0469289868844
255666,1970.5854035390764
255667,1757.3717309666977
255668,1294.7911243445942
255669,1389.9436469890925
255670,964.6280968250702
255671,2126.1665713772627
255672,1912.9528988048835
255673,1450.3722921827803
255674,1545.5248148272785
255675,-198.85144801978186
255676,962.6870265324102
255677,749.4733539600315
255678,286.89274733792814
255679,382.04526998242636
255680,248.56929067528478
255681,1410.1077652274769
255682,1196.8940926550981
255683,734.3134860329948
255684,829.4660086774929
255685,404.15045851347065
255686,1565.6889330656627
255687,1352.475260493284
255688,889.8946538711806
255689,985.0471765156788
255690,-309.4477484413535
255691,852.0907261108385
255692,638.8770535384598
255693,176.29644691635644
255694,271.4489695608546
255695,137.97299025371308
255696,1299.5114648059052
255697,1086.2977922335265
255698,623.717185611423
255699,718.8697082559213
255700,293.554158091899
255701,1455.0926326440908
255702,1241.8789600717123
255703,779.298353449609
255704,874.4508760941071
255705,-301.37441050007715
255706,860.1640640521148
255707,646.9503914797361
255708,184.3697848576328
255709,279.52230750213096
255710,146.04632819498943
255711,1307.5848027471814
255712,1094.3711301748026
255713,631.7905235526994
255714,726.9430461971975
255715,301.62749603317536
255716,1463.1659705853672
255717,1249.9522980129886
255718,787.3716913908852
255719,882.5242140353835
255720,-507.3060988216814
255721,654.2323757305105
255722,441.0187031581318
255723,-21.561903463971476
255724,73.59061918052669
255725,-59.885360126614955
255726,1101.653114425577
255727,888.4394418531983
255728,425.85883523109504
255729,521.0113578755931
255730,95.69580771157098
255731,1257.234282263763
255732,1044.0206096913844
255733,581.4400030692808
255734,676.5925257137791
255735,-1132.198443722465
255736,29.340030829726857
255737,-183.87364174265178
255738,-646.4542483647551
255739,-551.3017257202571
255740,-684.7777050273985
255741,476.76076952479343
255742,263.5470969524148
255743,-199.03350966968856
255744,-103.8809870251904
255745,-529.1965371892127
255746,632.3419373629793
255747,419.12826479060055
255748,-43.452341831502736
255749,51.70018081299543
255750,373.9654387650936
255751,1535.5039133172857
255752,1322.290240744907
255753,859.7096341228034
255754,954.8621567673017
255755,821.3861774601602
255756,1982.9246520123522
255757,1769.7109794399735
255758,1307.13037281787
255759,1402.2828954623683
255760,976.9673452983461
255761,2138.505819850538
255762,1925.2921472781593
255763,1462.711540656056
255764,1557.8640633005543
255765,-186.51219954650605
255766,975.026275005686
255767,761.8126024333073
255768,299.2319958112039
255769,394.3845184557021
255770,260.9085391485605
255771,1422.4470137007524
255772,1209.233341128374
255773,746.6527345062706
255774,841.8052571507687
255775,416.48970698674646
255776,1578.0281815389385
255777,1364.8145089665597
255778,902.2339023444564
255779,997.3864249889546
255780,-297.1084999680777
255781,864.4299745841143
255782,651.2163020117356
255783,188.63569538963225
255784,283.7882180341304
255785,150.31223872698888
255786,1311.850713279181
255787,1098.637040706802
255788,636.0564340846988
255789,731.208956729197
255790,305.8934065651747
255791,1467.4318811173666
255792,1254.218208544988
255793,791.6376019228848
255794,886.7901245673829
255795,-289.03516202680134
255796,872.5033125253906
255797,659.2896399530118
255798,196.70903333090848
255799,291.8615559754067
255800,158.38557666826523
255801,1319.9240512204574
255802,1106.7103786480784
255803,644.1297720259752
255804,739.2822946704733
255805,313.96674450645105
255806,1475.505219058643
255807,1262.2915464862645
255808,799.710939864161
255809,894.8634625086592
255810,-494.9668503484056
255811,666.5716242037863
255812,453.3579516314075
255813,-9.222654990695787
255814,85.92986765380238
255815,-47.54611165333915
255816,1113.992362898853
255817,900.7786903264741
255818,438.1980837043708
255819,533.350606348869
255820,108.03505618484667
255821,1269.5735307370387
255822,1056.35985816466
255823,593.7792515425566
255824,688.9317741870548
255825,-1119.8591952491895
255826,41.67927930300266
255827,-171.5343932693761
255828,-634.1149998914796
255829,-538.9624772469813
255830,-672.4384565541229
255831,489.10001799806923
255832,275.8863454256905
255833,-186.69426119641287
255834,-91.5417385519147
255835,-516.8572887159369
255836,644.681185836255
255837,431.46751326387636
255838,-31.113093358227047
255839,64.03942928627112
255840,386.30468723836935
255841,1547.8431617905612
255842,1334.6294892181827
255843,872.0488825960792
255844,967.2014052405775
255845,833.725425933436
255846,1995.263900485628
255847,1782.0502279132493
255848,1319.4696212911458
255849,1414.622143935644
255850,989.3065937716218
255851,2150.845068323814
255852,1937.631395751435
255853,1475.0507891293319
255854,1570.20331177383
255855,-174.17295107323025
255856,987.3655234789618
255857,774.151850906583
255858,311.5712442844797
255859,406.72376692897785
255860,273.2477876218364
255861,1434.7862621740285
255862,1221.5725896016497
255863,758.9919829795464
255864,854.1445056240445
255865,428.82895546002214
255866,1590.3674300122143
255867,1377.1537574398355
255868,914.5731508177322
255869,1009.7256734622304
255870,-208.23714649607484
255871,953.3013280561172
255872,740.0876554837384
255873,277.50704886163516
255874,372.6595715061333
255875,239.18359219899173
255876,1400.7220667511838
255877,1187.508394178805
255878,724.9277875567017
255879,820.0803102012
255880,394.76476003717755
255881,1556.3032345893698
255882,1343.0895620169908
255883,880.5089553948876
255884,975.6614780393858
255885,-200.1638085547985
255886,961.3746659973935
255887,748.1609934250148
255888,285.58038680291145
255889,380.7329094474096
255890,247.25693014026808
255891,1408.7954046924601
255892,1195.5817321200814
255893,733.001125497978
255894,828.1536481424762
255895,402.8380979784539
255896,1564.376572530646
255897,1351.1628999582672
255898,888.5822933361638
255899,983.734815980662
255900,-406.0954968764029
255901,755.4429776757892
255902,542.2293051034104
255903,79.64869848130706
255904,174.80122112580534
255905,41.3252418186637
255906,1202.8637163708559
255907,989.650043798477
255908,527.0694371763736
255909,622.2219598208718
255910,196.90640965684952
255911,1358.4448842090414
255912,1145.231211636663
255913,682.6506050145595
255914,777.8031276590577
255915,-1030.9878417771865
255916,130.5506327750055
255917,-82.66303979737324
255918,-545.2436464194766
255919,-450.0911237749783
255920,-583.56710308212
255921,577.9713714700722
255922,364.7576988976934
255923,-97.8229077244099
255924,-2.670385079911739
255925,-427.98593524393414
255926,733.5525393082579
255927,520.3388667358793
255928,57.758260113775805
255929,152.91078275827408
255930,475.17604071037226
255931,1636.7145152625644
255932,1423.5008426901857
255933,960.9202360680822
255934,1056.0727587125805
255935,922.5967794054388
255936,2084.135253957631
255937,1870.9215813852522
255938,1408.3409747631488
255939,1503.493497407647
255940,1078.1779472436247
255941,2239.716421795817
255942,2026.502749223438
255943,1563.9221426013346
255944,1659.0746652458329
255945,-85.30159760122729
255946,1076.2368769509649
255947,863.023204378586
255948,400.44259775648266
255949,495.5951204009808
255950,362.1191410938393
255951,1523.6576156460314
255952,1310.4439430736525
255953,847.8633364515492
255954,943.0158590960474
255955,517.7003089320251
255956,1679.238783484217
255957,1466.0251109118385
255958,1003.444504289735
255959,1098.5970269342333
255960,-195.89789802279893
255961,965.640576529393
255962,752.4269039570142
255963,289.84629733491096
255964,384.9988199794091
255965,251.5228406722676
255966,1413.0613152244596
255967,1199.8476426520808
255968,737.2670360299775
255969,832.4195586744756
255970,407.1040085104534
255971,1568.6424830626454
255972,1355.4288104902666
255973,892.8482038681634
255974,988.0007265126615
255975,-187.8245600815228
255976,973.7139144706694
255977,760.5002418982906
255978,297.91963527618725
255979,393.0721579206854
255980,259.5961786135438
255981,1421.134653165736
255982,1207.9209805933572
255983,745.3403739712538
255984,840.492896615752
255985,415.17734645172965
255986,1576.7158210039217
255987,1363.502148431543
255988,900.9215418094396
255989,996.0740644539378
255990,-393.7562484031271
255991,767.782226149065
255992,554.5685535766862
255993,91.98794695458287
255994,187.14046959908114
255995,53.6644902919395
255996,1215.2029648441317
255997,1001.9892922717528
255998,539.4086856496494
255999,634.5612082941476
256000,209.24565813012543
256001,1370.7841326823172
256002,1157.5704601099387
256003,694.9898534878353
256004,790.1423761323335
256005,-1018.6485933039107
256006,142.8898812482813
256007,-70.32379132409744
256008,-532.9043979462008
256009,-437.75187530170274
256010,-571.2278546088439
256011,590.3106199433479
256012,377.0969473709692
256013,-85.4836592511341
256014,9.668863393364063
256015,-415.64668677065833
256016,745.8917877815337
256017,532.6781152091551
256018,70.0975085870516
256019,165.25003123154988
256020,487.5152891836481
256021,1649.0537637358402
256022,1435.8400911634612
256023,973.259484541358
256024,1068.4120071858563
256025,934.9360278787146
256026,2096.474502430907
256027,1883.260829858528
256028,1420.6802232364246
256029,1515.8327458809226
256030,1090.5171957169005
256031,2252.055670269093
256032,2038.8419976967139
256033,1576.2613910746104
256034,1671.4139137191087
256035,-72.96234912795148
256036,1088.5761254242404
256037,875.3624528518617
256038,412.7818462297584
256039,507.9343688742566
256040,374.45838956711503
256041,1535.996864119307
256042,1322.7831915469283
256043,860.202584924825
256044,955.3551075693232
256045,530.0395574053009
256046,1691.5780319574928
256047,1478.3643593851143
256048,1015.7837527630109
256049,1110.9362754075091
256050,-346.4570294257626
256051,815.0814451264295
256052,601.8677725540508
256053,139.28716593194747
256054,234.43968857644563
256055,100.9637092693041
256056,1262.5021838214961
256057,1049.2885112491174
256058,586.707904627014
256059,681.8604272715122
256060,256.54487710749
256061,1418.083351659682
256062,1204.8696790873032
256063,742.2890724652
256064,837.4415951096981
256065,-338.38369148448623
256066,823.1547830677058
256067,609.9411104953272
256068,147.3605038732237
256069,242.51302651772187
256070,109.03704721058045
256071,1270.5755217627725
256072,1057.3618491903937
256073,594.7812425682904
256074,689.9337652127886
256075,264.61821504876633
256076,1426.1566896009583
256077,1212.9430170285796
256078,750.3624104064762
256079,845.5149330509744
256080,-544.3153798060905
256081,617.2230947461014
256082,404.00942217372284
256083,-58.57118444838045
256084,36.58133819611771
256085,-96.89464111102393
256086,1064.643833441168
256087,851.4301608687894
256088,388.849554246686
256089,484.0020768911842
256090,58.68652672716189
256091,1220.2250012793538
256092,1007.0113287069753
256093,544.4307220848718
256094,639.5832447293701
256095,-1169.2077247068742
256096,-7.669250154682118
256097,-220.88292272706087
256098,-683.4635293491642
256099,-588.3110067046662
256100,-721.7869860118076
256101,439.75148854038446
256102,226.5378159680057
256103,-236.04279065409764
256104,-140.89026800959948
256105,-566.2058181736218
256106,595.3326563785703
256107,382.1189838061916
256108,-80.46162281591182
256109,14.690899828586339
256110,336.9561577806846
256111,1498.4946323328766
256112,1285.2809597604978
256113,822.7003531383945
256114,917.8528757828926
256115,784.3768964757512
256116,1945.9153710279431
256117,1732.7016984555644
256118,1270.1210918334612
256119,1365.2736144779592
256120,939.958064313937
256121,2101.4965388661294
256122,1888.2828662937504
256123,1425.702259671647
256124,1520.8547823161452
256125,-223.52148053091514
256126,938.016994021277
256127,724.8033214488983
256128,262.2227148267949
256129,357.3752374712931
256130,223.89925816415166
256131,1385.4377327163436
256132,1172.2240601439648
256133,709.6434535218616
256134,804.7959761663598
256135,379.4804260023374
256136,1541.0189005545294
256137,1327.8052279821509
256138,865.2246213600474
256139,960.3771440045456
256140,-334.1177809524868
256141,827.4206935997054
256142,614.2070210273266
256143,151.62641440522327
256144,246.77893704972143
256145,113.3029577425799
256146,1274.841432294772
256147,1061.6277597223932
256148,599.0471531002898
256149,694.199675744788
256150,268.8841255807657
256151,1430.4226001329578
256152,1217.208927560579
256153,754.6283209384758
256154,849.7808435829738
256155,-326.04444301121043
256156,835.4940315409816
256157,622.280358968603
256158,159.6997523464995
256159,254.85227499099773
256160,121.37629568385626
256161,1282.9147702360483
256162,1069.7010976636695
256163,607.1204910415662
256164,702.2730136860644
256165,276.9574635220421
256166,1438.4959380742341
256167,1225.2822655018554
256168,762.701658879752
256169,857.8541815242502
256170,-531.9761313328147
256171,629.5623432193773
256172,416.3486706469986
256173,-46.23193597510476
256174,48.9205866693934
256175,-84.55539263774813
256176,1076.983081914444
256177,863.7694093420652
256178,401.1888027199618
256179,496.34132536446
256180,71.02577520043769
256181,1232.5642497526296
256182,1019.350577180251
256183,556.7699705581476
256184,651.9224932026458
256185,-1156.8684762335986
256186,4.669998318593684
256187,-208.54367425378507
256188,-671.1242808758886
256189,-575.9717582313904
256190,-709.4477375385318
256191,452.0907370136603
256192,238.8770644412815
256193,-223.70354218082184
256194,-128.55101953632368
256195,-553.866569700346
256196,607.6719048518461
256197,394.4582322794673
256198,-68.12237434263602
256199,27.03014830186214
256200,349.2954062539604
256201,1510.8338808061526
256202,1297.6202082337738
256203,835.0396016116704
256204,930.1921242561687
256205,796.716144949027
256206,1958.254619501219
256207,1745.0409469288402
256208,1282.460340306737
256209,1377.6128629512352
256210,952.2973127872128
256211,2113.835787339405
256212,1900.6221147670262
256213,1438.0415081449228
256214,1533.194030789421
256215,-211.18223205763934
256216,950.3562424945528
256217,737.1425699221741
256218,274.5619633000707
256219,369.7144859445689
256220,236.23850663742735
256221,1397.7769811896194
256222,1184.5633086172406
256223,721.9827019951374
256224,817.1352246396355
256225,391.81967447561317
256226,1553.3581490278052
256227,1340.1444764554267
256228,877.5638698333232
256229,972.7163924778214
256230,-321.778532479211
256231,839.7599420729812
256232,626.5462695006024
256233,163.96566287849907
256234,259.11818552299724
256235,125.6422062158556
256236,1287.1806807680478
256237,1073.967008195669
256238,611.3864015735656
256239,706.5389242180638
256240,281.2233740540415
256241,1442.7618486062336
256242,1229.5481760338548
256243,766.9675694117516
256244,862.1200920562496
256245,-313.70519453793463
256246,847.8332800142574
256247,634.6196074418787
256248,172.0390008197753
256249,267.19152346427353
256250,133.71554415713194
256251,1295.254018709324
256252,1082.0403461369453
256253,619.459739514842
256254,714.6122621593402
256255,289.2967119953179
256256,1450.8351865475097
256257,1237.6215139751312
256258,775.0409073530278
256259,870.193429997526
256260,-519.6368828595389
256261,641.9015916926531
256262,428.6879191202744
256263,-33.89268750182896
256264,61.25983514266932
256265,-72.21614416447244
256266,1089.3223303877196
256267,876.108657815341
256268,413.5280511932376
256269,508.6805738377358
256270,83.3650236737135
256271,1244.9034982259057
256272,1031.689825653527
256273,569.1092190314234
256274,664.2617416759216
256275,-1144.5292277603226
256276,17.009246791869373
256277,-196.20442578050915
256278,-658.7850324026126
256279,-563.6325097581143
256280,-697.108489065256
256281,464.429985486936
256282,251.21631291455736
256283,-211.36429370754593
256284,-116.21177106304776
256285,-541.5273212270702
256286,620.0111533251218
256287,406.7974807527432
256288,-55.78312586936022
256289,39.36939677513806
256290,361.6346547272361
256291,1523.1731292794284
256292,1309.9594567070494
256293,847.3788500849461
256294,942.5313727294443
256295,809.0553934223027
256296,1970.5938679744947
256297,1757.380195402116
256298,1294.7995887800125
256299,1389.9521114245108
256300,964.6365612604886
256301,2126.175035812681
256302,1912.961363240302
256303,1450.3807566181986
256304,1545.5332792626969
256305,-198.84298358436342
256306,962.6954909678286
256307,749.4818183954499
256308,286.9012117733465
256309,382.0537344178447
256310,248.5777551107032
256311,1410.1162296628952
256312,1196.9025570905164
256313,734.3219504684132
256314,829.4744731129114
256315,404.1589229488891
256316,1565.697397501081
256317,1352.4837249287025
256318,889.903118306599
256319,985.0556409510972
256320,-309.4392840059352
256321,852.0991905462569
256322,638.8855179738782
256323,176.30491135177476
256324,271.457433996273
256325,137.9814546891315
256326,1299.5199292413236
256327,1086.3062566689448
256328,623.7256500468415
256329,718.8781726913396
256330,293.5626225273174
256331,1455.1010970795094
256332,1241.8874245071306
256333,779.3068178850274
256334,874.4593405295255
256335,-301.36594606465883
256336,860.1725284875332
256337,646.9588559151545
256338,184.3782492930511
256339,279.5307719375493
256340,146.05479263040786
256341,1307.5932671826
256342,1094.3795946102211
256343,631.7989879881178
256344,726.951510632616
256345,301.63596046859374
256346,1463.1744350207857
256347,1249.960762448407
256348,787.3801558263036
256349,882.5326784708018
256350,-507.2976343862631
256351,654.2408401659288
256352,441.02716759355025
256353,-21.553439028553157
256354,73.59908361594512
256355,-59.87689569119652
256356,1101.6615788609954
256357,888.4479062886168
256358,425.8672996665134
256359,521.0198223110116
256360,95.7042721469893
256361,1257.2427466991812
256362,1044.0290741268027
256363,581.4484675046992
256364,676.6009901491974
256365,-1132.1899792870468
256366,29.34849526514529
256367,-183.86517730723347
256368,-646.4457839293368
256369,-551.2932612848388
256370,-684.7692405919802
256371,476.76923396021186
256372,263.5555613878331
256373,-199.02504523427024
256374,-103.87252258977207
256375,-529.1880727537944
256376,632.3504017983977
256377,419.136729226019
256378,-43.44387739608442
256379,51.708645248413745
256380,373.973903200512
256381,1535.512377752704
256382,1322.2987051803252
256383,859.7180985582219
256384,954.87062120272
256385,821.3946418955786
256386,1982.9331164477705
256387,1769.7194438753918
256388,1307.1388372532886
256389,1402.2913598977866
256390,976.9758097337644
256391,2138.514284285957
256392,1925.3006117135778
256393,1462.7200050914744
256394,1557.8725277359727
256395,-186.50373511108774
256396,975.0347394411044
256397,761.8210668687257
256398,299.2404602466223
256399,394.3929828911205
256400,260.91700358397895
256401,1422.455478136171
256402,1209.2418055637922
256403,746.661198941689
256404,841.8137215861871
256405,416.49817142216483
256406,1578.0366459743568
256407,1364.8229734019783
256408,902.2423667798748
256409,997.394889424373
256410,-297.1000355326594
256411,864.4384390195328
256412,651.224766447154
256413,188.64415982505068
256414,283.79668246954884
256415,150.3207031624073
256416,1311.8591777145994
256417,1098.6455051422206
256418,636.0648985201173
256419,731.2174211646154
256420,305.90187100059313
256421,1467.4403455527852
256422,1254.2266729804064
256423,791.6460663583032
256424,886.7985890028012
256425,-289.026697591383
256426,872.511776960809
256427,659.2981043884304
256428,196.71749776632691
256429,291.87002041082513
256430,158.39404110368366
256431,1319.9325156558757
256432,1106.718843083497
256433,644.1382364613936
256434,739.2907591058918
256435,313.9752089418695
256436,1475.5136834940615
256437,1262.3000109216828
256438,799.7194042995794
256439,894.8719269440776
256440,-494.9583859129873
256441,666.5800886392047
256442,453.36641606682593
256443,-9.214190555277355
256444,85.93833208922081
256445,-47.53764721792072
256446,1114.0008273342714
256447,900.7871547618926
256448,438.2065481397892
256449,533.3590707842874
256450,108.0435206202651
256451,1269.581995172457
256452,1056.3683226000785
256453,593.787715977975
256454,688.9402386224732
256455,-1119.8507308137707
256456,41.68774373842109
256457,-171.52592883395766
256458,-634.1065354560608
256459,-538.9540128115627
256460,-672.4299921187044
256461,489.10848243348767
256462,275.8948098611089
256463,-186.68579676099444
256464,-91.53327411649627
256465,-516.8488242805186
256466,644.6896502716735
256467,431.47597769929473
256468,-31.104628922808615
256469,64.04789372168955
256470,386.3131516737878
256471,1547.8516262259798
256472,1334.637953653601
256473,872.0573470314978
256474,967.2098696759958
256475,833.7338903688544
256476,1995.2723649210463
256477,1782.0586923486676
256478,1319.4780857265644
256479,1414.6306083710624
256480,989.3150582070402
256481,2150.8535327592326
256482,1937.6398601868534
256483,1475.0592535647502
256484,1570.2117762092485
256485,-174.16448663781193
256486,987.3739879143802
256487,774.1603153420015
256488,311.5797087198981
256489,406.7322313643963
256490,273.25625205725476
256491,1434.7947266094468
256492,1221.581054037068
256493,759.0004474149648
256494,854.152970059463
256495,428.8374198954406
256496,1590.3758944476326
256497,1377.162221875254
256498,914.5816152531506
256499,1009.7341378976488
256500,-208.2286820606564
256501,953.3097924915355
256502,740.0961199191569
256503,277.51551329705353
256504,372.6680359415517
256505,239.19205663441016
256506,1400.730531186602
256507,1187.5168586142236
256508,724.9362519921201
256509,820.0887746366183
256510,394.773224472596
256511,1556.3116990247881
256512,1343.0980264524094
256513,880.5174198303059
256514,975.6699424748042
256515,-200.15534411938006
256516,961.3831304328119
256517,748.1694578604331
256518,285.5888512383298
256519,380.74137388282804
256520,247.26539457568646
256521,1408.8038691278784
256522,1195.5901965555
256523,733.0095899333965
256524,828.1621125778946
256525,402.84656241387233
256526,1564.3850369660643
256527,1351.1713643936855
256528,888.5907577715823
256529,983.7432804160804
256530,-406.08703244098456
256531,755.4514421112076
256532,542.2377695388288
256533,79.6571629167255
256534,174.80968556122366
256535,41.33370625408202
256536,1202.8721808062742
256537,989.6585082338954
256538,527.0779016117921
256539,622.2304242562902
256540,196.91487409226795
256541,1358.4533486444598
256542,1145.2396760720812
256543,682.6590694499779
256544,777.811592094476
256545,-1030.9793773417682
256546,130.55909721042383
256547,-82.65457536195493
256548,-545.2351819840583
256549,-450.08265933956
256550,-583.5586386467014
256551,577.9798359054905
256552,364.7661633331118
256553,-97.81444328899147
256554,-2.661920644493307
256555,-427.9774708085158
256556,733.5610037436762
256557,520.3473311712976
256558,57.76672454919424
256559,152.9192471936924
256560,475.18450514579064
256561,1636.7229796979827
256562,1423.509307125604
256563,960.9287005035005
256564,1056.0812231479988
256565,922.6052438408572
256566,2084.1437183930493
256567,1870.9300458206706
256568,1408.3494391985673
256569,1503.5019618430656
256570,1078.186411679043
256571,2239.7248862312354
256572,2026.5112136588566
256573,1563.930607036753
256574,1659.0831296812512
256575,-85.29313316580897
256576,1076.2453413863832
256577,863.0316688140043
256578,400.45106219190103
256579,495.6035848363992
256580,362.12760552925766
256581,1523.6660800814498
256582,1310.452407509071
256583,847.8718008869677
256584,943.0243235314658
256585,517.7087733674435
256586,1679.2472479196354
256587,1466.0335753472568
256588,1003.4529687251535
256589,1098.6054913696516
256590,-195.8894335873806
256591,965.6490409648113
256592,752.4353683924326
256593,289.85476177032933
256594,385.0072844148275
256595,251.53130510768597
256596,1413.069779659878
256597,1199.8561070874994
256598,737.2755004653959
256599,832.4280231098941
256600,407.11247294587184
256601,1568.650947498064
256602,1355.437274925685
256603,892.8566683035817
256604,988.00919094808
256605,-187.81609564610437
256606,973.7223789060877
256607,760.5087063337089
256608,297.92809971160557
256609,393.0806223561038
256610,259.6046430489622
256611,1421.1431176011542
256612,1207.9294450287755
256613,745.3488384066723
256614,840.5013610511704
256615,415.1858108871481
256616,1576.72428543934
256617,1363.5106128669613
256618,900.9300062448581
256619,996.0825288893562
256620,-393.74778396770853
256621,767.7906905844834
256622,554.5770180121046
256623,91.99641139000141
256624,187.14893403449958
256625,53.67295472735793
256626,1215.21142927955
256627,1001.9977567071712
256628,539.4171500850679
256629,634.569672729566
256630,209.25412256554387
256631,1370.7925971177358
256632,1157.578924545357
256633,694.9983179232537
256634,790.1508405677519
256635,-1018.6401288684924
256636,142.89834568369974
256637,-70.31532688867901
256638,-532.8959335107825
256639,-437.7434108662844
256640,-571.2193901734256
256641,590.3190843787663
256642,377.1054118063876
256643,-85.47519481571578
256644,9.677327828782381
256645,-415.63822233524
256646,745.9002522169521
256647,532.6865796445734
256648,70.10597302246993
256649,165.2584956669682
256650,487.5237536190665
256651,1649.0622281712585
256652,1435.8485555988798
256653,973.2679489767763
256654,1068.4204716212746
256655,934.9444923141331
256656,2096.482966866325
256657,1883.2692942939464
256658,1420.6886876718431
256659,1515.8412103163412
256660,1090.525660152319
256661,2252.064134704511
256662,2038.8504621321322
256663,1576.2698555100287
256664,1671.422378154527
256665,-72.95388469253317
256666,1088.584589859659
256667,875.3709172872801
256668,412.7903106651768
256669,507.94283330967494
256670,374.4668540025334
256671,1536.0053285547256
256672,1322.7916559823468
256673,860.2110493602435
256674,955.3635720047416
256675,530.0480218407192
256676,1691.5864963929112
256677,1478.3728238205326
256678,1015.7922171984292
256679,1110.9447398429274
256680,-346.44856499034404
256681,815.0899095618479
256682,601.8762369894692
256683,139.2956303673659
256684,234.44815301186406
256685,100.97217370472254
256686,1262.5106482569145
256687,1049.296975684536
256688,586.7163690624325
256689,681.8688917069306
256690,256.55334154290836
256691,1418.0918160951005
256692,1204.8781435227215
256693,742.2975369006183
256694,837.4500595451166
256695,-338.3752270490677
256696,823.1632475031242
256697,609.9495749307455
256698,147.36896830864214
256699,242.5214909531403
256700,109.04551164599889
256701,1270.5839861981908
256702,1057.3703136258123
256703,594.7897070037088
256704,689.942229648207
256705,264.6266794841847
256706,1426.1651540363769
256707,1212.9514814639979
256708,750.3708748418946
256709,845.5233974863928
256710,-544.3069153706722
256711,617.23155918152
256712,404.01788660914116
256713,-58.56272001296213
256714,36.58980263153603
256715,-96.8861766756055
256716,1064.6522978765865
256717,851.4386253042078
256718,388.85801868210444
256719,484.0105413266026
256720,58.69499116258032
256721,1220.2334657147724
256722,1007.0197931423936
256723,544.4391865202903
256724,639.5917091647884
256725,-1169.1992602714558
256726,-7.660785719263686
256727,-220.87445829164244
256728,-683.4550649137459
256729,-588.3025422692479
256730,-721.778521576389
256731,439.7599529758029
256732,226.54628040342413
256733,-236.0343262186792
256734,-140.88180357418105
256735,-566.1973537382034
256736,595.3411208139887
256737,382.12744824160995
256738,-80.45315838049339
256739,14.699364264004771
256740,336.964622216103
256741,1498.503096768295
256742,1285.2894241959164
256743,822.7088175738129
256744,917.8613402183112
256745,784.3853609111696
256746,1945.9238354633617
256747,1732.710162890983
256748,1270.1295562688797
256749,1365.2820789133777
256750,939.9665287493555
256751,2101.5050033015477
256752,1888.2913307291687
256753,1425.7107241070653
256754,1520.8632467515636
256755,-223.5130160954966
256756,938.0254584566954
256757,724.8117858843167
256758,262.23117926221335
256759,357.3837019067115
256760,223.90772259956998
256761,1385.4461971517621
256762,1172.2325245793832
256763,709.6519179572799
256764,804.8044406017781
256765,379.4888904377558
256766,1541.027364989948
256767,1327.8136924175692
256768,865.2330857954657
256769,960.385608439964
256770,-334.10931651706846
256771,827.4291580351237
256772,614.2154854627449
256773,151.6348788406417
256774,246.7874014851398
256775,113.31142217799822
256776,1274.8498967301903
256777,1061.6362241578117
256778,599.0556175357083
256779,694.2081401802064
256780,268.89259001618416
256781,1430.431064568376
256782,1217.2173919959976
256783,754.6367853738941
256784,849.7893080183923
256785,-326.0359785757921
256786,835.5024959764
256787,622.2888234040213
256788,159.70821678191794
256789,254.8607394264161
256790,121.38476011927457
256791,1282.9232346714666
256792,1069.7095620990879
256793,607.1289554769846
256794,702.2814781214828
256795,276.9659279574605
256796,1438.5044025096524
256797,1225.2907299372737
256798,762.7101233151704
256799,857.8626459596686
256800,-531.9676668973964
256801,629.5708076547957
256802,416.357135082417
256803,-46.22347153968633
256804,48.92905110481183
256805,-84.54692820232981
256806,1076.9915463498623
256807,863.7778737774836
256808,401.19726715538025
256809,496.34978979987835
256810,71.03423963585612
256811,1232.5727141880482
256812,1019.3590416156694
256813,556.7784349935661
256814,651.9309576380642
256815,-1156.8600117981798
256816,4.678462754012003
256817,-208.53520981836664
256818,-671.1158164404699
256819,-575.9632937959718
256820,-709.4392731031132
256821,452.09920144907863
256822,238.88552887669994
256823,-223.6950777454033
256824,-128.54255510090525
256825,-553.8581052649276
256826,607.6803692872644
256827,394.46669671488576
256828,-68.11390990721759
256829,27.038612737280573
256830,349.30387068937875
256831,1510.842345241571
256832,1297.6286726691922
256833,835.0480660470887
256834,930.200588691587
256835,796.7246093844453
256836,1958.2630839366373
256837,1745.0494113642585
256838,1282.4688047421553
256839,1377.6213273866535
256840,952.3057772226313
256841,2113.8442517748235
256842,1900.6305792024448
256843,1438.049972580341
256844,1533.2024952248394
256845,-211.1737676222209
256846,950.3647069299711
256847,737.1510343575925
256848,274.5704277354891
256849,369.7229503799873
256850,236.24697107284578
256851,1397.7854456250377
256852,1184.571773052659
256853,721.9911664305557
256854,817.1436890750539
256855,391.8281389110316
256856,1553.3666134632235
256857,1340.152940890845
256858,877.5723342687415
256859,972.7248569132398
256860,-321.77006804379266
256861,839.7684065083995
256862,626.5547339360207
256863,163.9741273139174
256864,259.12664995841556
256865,125.65067065127403
256866,1287.189145203466
256867,1073.9754726310875
256868,611.3948660089841
256869,706.5473886534822
256870,281.2318384894599
256871,1442.7703130416521
256872,1229.5566404692731
256873,766.9760338471699
256874,862.1285564916681
256875,-313.6967301025163
256876,847.8417444496758
256877,634.6280718772971
256878,172.04746525519363
256879,267.1999878996919
256880,133.72400859255038
256881,1295.2624831447424
256882,1082.0488105723637
256883,619.4682039502604
256884,714.6207265947585
256885,289.30517643073625
256886,1450.8436509829282
256887,1237.6299784105495
256888,775.0493717884463
256889,870.2018944329444
256890,-519.6284184241206
256891,641.9100561280715
256892,428.6963835556928
256893,-33.88422306641053
256894,61.268299578087635
256895,-72.20767972905401
256896,1089.3307948231381
256897,876.1171222507594
256898,413.53651562865605
256899,508.6890382731542
256900,83.37348810913181
256901,1244.911962661324
256902,1031.6982900889452
256903,569.1176834668419
256904,664.27020611134
256905,-1144.5207633249042
256906,17.01771122728792
256907,-196.19596134509084
256908,-658.7765679671943
256909,-563.624045322696
256910,-697.1000246298377
256911,464.43844992235444
256912,251.22477734997568
256913,-211.3558292721276
256914,-116.20330662762944
256915,-541.5188567916518
256916,620.0196177605403
256917,406.80594518816156
256918,-55.7746614339419
256919,39.377861210556375
256920,361.6431191626545
256921,1523.1815937148467
256922,1309.967921142468
256923,847.3873145203645
256924,942.5398371648628
256925,809.0638578577211
256926,1970.6023324099133
256927,1757.3886598375345
256928,1294.808053215431
256929,1389.9605758599293
256930,964.645025695907
256931,2126.1835002480993
256932,1912.9698276757204
256933,1450.389221053617
256934,1545.5417436981152
256935,-198.834519148945
256936,962.7039554032469
256937,749.4902828308683
256938,286.9096762087649
256939,382.0621988532631
256940,248.58621954612158
256941,1410.1246940983137
256942,1196.911021525935
256943,734.3304149038315
256944,829.4829375483297
256945,404.16738738430746
256946,1565.7058619364993
256947,1352.4921893641208
256948,889.9115827420173
256949,985.0641053865156
256950,-309.43081957051663
256951,852.1076549816753
256952,638.8939824092967
256953,176.3133757871933
256954,271.4658984316914
256955,137.98991912454994
256956,1299.5283936767419
256957,1086.3147211043633
256958,623.7341144822599
256959,718.886637126758
256960,293.57108696273576
256961,1455.109561514928
256962,1241.895888942549
256963,779.3152823204457
256964,874.4678049649439
256965,-301.3574816292403
256966,860.1809929229516
256967,646.9673203505729
256968,184.38671372846954
256969,279.5392363729677
256970,146.0632570658263
256971,1307.6017316180182
256972,1094.3880590456395
256973,631.8074524235362
256974,726.9599750680344
256975,301.6444249040121
256976,1463.1828994562043
256977,1249.9692268838253
256978,787.388620261722
256979,882.5411429062202
256980,-507.2891699508448
256981,654.2493046013474
256982,441.03563202896856
256983,-21.54497459313484
256984,73.60754805136344
256985,-59.86843125577809
256986,1101.670043296414
256987,888.4563707240352
256988,425.87576410193185
256989,521.02828674643
256990,95.71273658240773
256991,1257.2512111345998
256992,1044.037538562221
256993,581.4569319401177
256994,676.6094545846158
256995,-1132.1815148516282
256996,29.35695970056372
256997,-183.85671287181503
256998,-646.4373194939183
256999,-551.2847968494202
257000,-684.7607761565616
257001,476.7776983956303
257002,263.56402582325154
257003,-199.0165807988518
257004,-103.86405815435364
257005,-529.179608318376
257006,632.3588662338161
257007,419.14519366143736
257008,-43.4354129606661
257009,51.71710968383218
257010,373.9823676359304
257011,1535.5208421881225
257012,1322.3071696157438
257013,859.7265629936403
257014,954.8790856381386
257015,821.403106330997
257016,1982.941580883189
257017,1769.7279083108103
257018,1307.147301688707
257019,1402.2998243332052
257020,976.9842741691829
257021,2138.522748721375
257022,1925.3090761489962
257023,1462.7284695268927
257024,1557.880992171391
257025,-186.4952706756692
257026,975.0432038765229
257027,761.8295313041441
257028,299.24892468204075
257029,394.4014473265389
257030,260.9254680193974
257031,1422.4639425715895
257032,1209.2502699992106
257033,746.6696633771073
257034,841.8221860216055
257035,416.5066358575832
257036,1578.0451104097754
257037,1364.8314378373966
257038,902.2508312152931
257039,997.4033538597914
257040,-297.09157109724106
257041,864.4469034549511
257042,651.2332308825723
257043,188.6526242604691
257044,283.8051469049672
257045,150.32916759782563
257046,1311.8676421500177
257047,1098.6539695776391
257048,636.0733629555357
257049,731.2258856000338
257050,305.91033543601156
257051,1467.4488099882035
257052,1254.235137415825
257053,791.6545307937215
257054,886.8070534382197
257055,-289.0182331559647
257056,872.5202413962274
257057,659.3065688238487
257058,196.72596220174535
257059,291.8784848462435
257060,158.40250553910198
257061,1319.940980091294
257062,1106.7273075189153
257063,644.146700896812
257064,739.2992235413101
257065,313.9836733772879
257066,1475.5221479294798
257067,1262.308475357101
257068,799.7278687349979
257069,894.880391379496
257070,-494.949921477569
257071,666.5885530746231
257072,453.37488050224437
257073,-9.205726119858923
257074,85.94679652463924
257075,-47.5291827825024
257076,1114.0092917696898
257077,900.795619197311
257078,438.2150125752076
257079,533.3675352197058
257080,108.05198505568353
257081,1269.5904596078756
257082,1056.3767870354968
257083,593.7961804133935
257084,688.9487030578916
257085,-1119.8422663783524
257086,41.69620817383941
257087,-171.51746439853923
257088,-634.0980710206425
257089,-538.9455483761444
257090,-672.4215276832858
257091,489.116946868906
257092,275.90327429652734
257093,-186.677332325576
257094,-91.52480968107784
257095,-516.8403598451002
257096,644.6981147070918
257097,431.48444213471316
257098,-31.096164487390183
257099,64.05635815710798
257100,386.32161610920616
257101,1547.8600906613983
257102,1334.6464180890193
257103,872.0658114669161
257104,967.2183341114143
257105,833.7423548042727
257106,1995.2808293564647
257107,1782.0671567840861
257108,1319.4865501619827
257109,1414.6390728064807
257110,989.3235226424587
257111,2150.861997194651
257112,1937.648324622272
257113,1475.0677180001685
257114,1570.2202406446668
257115,-174.1560222023935
257116,987.3824523497985
257117,774.1687797774199
257118,311.5881731553165
257119,406.7406957998147
257120,273.2647164926732
257121,1434.8031910448651
257122,1221.5895184724864
257123,759.0089118503831
257124,854.1614344948813
257125,428.845884330859
257126,1590.384358883051
257127,1377.1706863106724
257128,914.590079688569
257129,1009.7426023330672
257130,-208.2202176252381
257131,953.318256926954
257132,740.1045843545752
257133,277.5239777324719
257134,372.67650037697007
257135,239.20052106982848
257136,1400.7389956220206
257137,1187.5253230496419
257138,724.9447164275385
257139,820.0972390720367
257140,394.78168890801436
257141,1556.3201634602065
257142,1343.106490887828
257143,880.5258842657244
257144,975.6784069102225
257145,-200.14687968396174
257146,961.3915948682303
257147,748.1779222958515
257148,285.5973156737482
257149,380.74983831824636
257150,247.2738590111049
257151,1408.8123335632968
257152,1195.5986609909182
257153,733.0180543688149
257154,828.170577013313
257155,402.8550268492907
257156,1564.3935014014828
257157,1351.179828829104
257158,888.5992222070006
257159,983.7517448514989
257160,-406.078568005566
257161,755.4599065466259
257162,542.2462339742473
257163,79.66562735214393
257164,174.8181499966422
257165,41.34217068950045
257166,1202.8806452416925
257167,989.6669726693137
257168,527.0863660472105
257169,622.2388886917087
257170,196.92333852768638
257171,1358.4618130798783
257172,1145.2481405074996
257173,682.6675338853963
257174,777.8200565298945
257175,-1030.97091290635
257176,130.56756164584226
257177,-82.6461109265365
257178,-545.22671754864
257179,-450.0741949041417
257180,-583.5501742112831
257181,577.9883003409088
257182,364.7746277685302
257183,-97.80597885357304
257184,-2.653456209074875
257185,-427.9690063730973
257186,733.5694681790947
257187,520.355795606716
257188,57.77518898461267
257189,152.92771162911095
257190,475.192969581209
257191,1636.731444133401
257192,1423.5177715610223
257193,960.937164938919
257194,1056.0896875834173
257195,922.6137082762756
257196,2084.1521828284676
257197,1870.9385102560889
257198,1408.3579036339856
257199,1503.510426278484
257200,1078.1948761144615
257201,2239.7333506666537
257202,2026.519678094275
257203,1563.9390714721715
257204,1659.0915941166697
257205,-85.28466873039054
257206,1076.2538058218015
257207,863.0401332494228
257208,400.4595266273194
257209,495.61204927181757
257210,362.1360699646761
257211,1523.674544516868
257212,1310.4608719444893
257213,847.8802653223861
257214,943.0327879668841
257215,517.717237802862
257216,1679.255712355054
257217,1466.0420397826751
257218,1003.4614331605719
257219,1098.61395580507
257220,-195.88096915196218
257221,965.6575054002299
257222,752.4438328278511
257223,289.86322620574776
257224,385.0157488502459
257225,251.5397695431044
257226,1413.0782440952964
257227,1199.8645715229177
257228,737.2839649008143
257229,832.4364875453125
257230,407.1209373812902
257231,1568.6594119334823
257232,1355.4457393611035
257233,892.8651327390002
257234,988.0176553834983
257235,-187.80763121068594
257236,973.7308433415061
257237,760.5171707691273
257238,297.936564147024
257239,393.0890867915222
257240,259.61310748438063
257241,1421.1515820365728
257242,1207.937909464194
257243,745.3573028420907
257244,840.5098254865889
257245,415.19427532256645
257246,1576.7327498747586
257247,1363.5190773023799
257248,900.9384706802764
257249,996.0909933247747
257250,-393.7393195322902
257251,767.7991550199018
257252,554.585482447523
257253,92.00487582541973
257254,187.1573984699179
257255,53.681419162776365
257256,1215.2198937149683
257257,1002.0062211425895
257258,539.4256145204863
257259,634.5781371649845
257260,209.26258700096218
257261,1370.8010615531543
257262,1157.5873889807754
257263,695.0067823586721
257264,790.1593050031703
257265,-1018.6316644330739
257266,142.90681011911818
257267,-70.30686245326058
257268,-532.8874690753639
257269,-437.7349464308659
257270,-571.2109257380073
257271,590.3275488141848
257272,377.113876241806
257273,-85.46673038029735
257274,9.685792264200813
257275,-415.62975789982147
257276,745.9087166523706
257277,532.6950440799918
257278,70.11443745788847
257279,165.26696010238663
257280,487.53221805448493
257281,1649.0706926066769
257282,1435.857020034298
257283,973.2764134121948
257284,1068.4289360566931
257285,934.9529567495515
257286,2096.4914313017434
257287,1883.2777587293647
257288,1420.6971521072614
257289,1515.8496747517597
257290,1090.5341245877373
257291,2252.0725991399295
257292,2038.8589265675507
257293,1576.278319945447
257294,1671.4308425899453
257295,-72.94542025711473
257296,1088.5930542950773
257297,875.3793817226986
257298,412.7987751005952
257299,507.95129774509337
257300,374.47531843795184
257301,1536.0137929901439
257302,1322.8001204177651
257303,860.2195137956619
257304,955.37203644016
257305,530.0564862761377
257306,1691.5949608283297
257307,1478.381288255951
257308,1015.8006816338476
257309,1110.9532042783458
257310,-346.4401005549257
257311,815.0983739972663
257312,601.8847014248876
257313,139.30409480278422
257314,234.45661744728238
257315,100.98063814014085
257316,1262.5191126923328
257317,1049.3054401199543
257318,586.7248334978509
257319,681.8773561423491
257320,256.5618059783268
257321,1418.1002805305188
257322,1204.88660795814
257323,742.3060013360367
257324,837.4585239805349
257325,-338.36676261364937
257326,823.1717119385427
257327,609.9580393661639
257328,147.37743274406057
257329,242.52995538855873
257330,109.0539760814172
257331,1270.5924506336091
257332,1057.3787780612306
257333,594.7981714391271
257334,689.9506940836253
257335,264.63514391960314
257336,1426.1736184717952
257337,1212.9599458994164
257338,750.379339277313
257339,845.5318619218112
257340,-544.2984509352536
257341,617.2400236169383
257342,404.0263510445596
257343,-58.5542555775437
257344,36.59826706695446
257345,-96.87771224018707
257346,1064.6607623120049
257347,851.4470897396261
257348,388.8664831175229
257349,484.019005762021
257350,58.703455597998754
257351,1220.241930150191
257352,1007.028257577812
257353,544.4476509557087
257354,639.6001736002069
257355,-1169.1907958360373
257356,-7.652321283845367
257357,-220.865993856224
257358,-683.4466004783274
257359,-588.2940778338291
257360,-721.7700571409707
257361,439.7684174112212
257362,226.55474483884257
257363,-236.02586178326078
257364,-140.87333913876262
257365,-566.1888893027849
257366,595.349585249407
257367,382.1359126770284
257368,-80.44469394507496
257369,14.707828699423203
257370,336.9730866515214
257371,1498.5115612037134
257372,1285.2978886313347
257373,822.7172820092312
257374,917.8698046537295
257375,784.3938253465881
257376,1945.93229989878
257377,1732.7186273264012
257378,1270.138020704298
257379,1365.290543348796
257380,939.9749931847739
257381,2101.513467736966
257382,1888.2997951645873
257383,1425.7191885424838
257384,1520.8717111869819
257385,-223.50455166007828
257386,938.0339228921138
257387,724.8202503197351
257388,262.23964369763166
257389,357.3921663421299
257390,223.9161870349884
257391,1385.4546615871805
257392,1172.2409890148017
257393,709.6603823926984
257394,804.8129050371965
257395,379.49735487317423
257396,1541.0358294253663
257397,1327.8221568529875
257398,865.2415502308842
257399,960.3940728753823
257400,-334.1008520816499
257401,827.4376224705421
257402,614.2239498981634
257403,151.64334327606002
257404,246.79586592055819
257405,113.31988661341666
257406,1274.8583611656088
257407,1061.64468859323
257408,599.0640819711266
257409,694.2166046156249
257410,268.90105445160253
257411,1430.4395290037946
257412,1217.2258564314159
257413,754.6452498093125
257414,849.7977724538107
257415,-326.02751414037357
257416,835.5109604118185
257417,622.2972878394396
257418,159.71668121733637
257419,254.86920386183448
257420,121.393224554693
257421,1282.9316991068852
257422,1069.7180265345064
257423,607.137419912403
257424,702.2899425569011
257425,276.9743923928789
257426,1438.512866945071
257427,1225.2991943726922
257428,762.7185877505888
257429,857.871110395087
257430,-531.9592024619778
257431,629.5792720902141
257432,416.36559951783545
257433,-46.2150071042679
257434,48.937515540230265
257435,-84.53846376691138
257436,1077.0000107852807
257437,863.7863382129019
257438,401.2057315907986
257439,496.3582542352968
257440,71.04270407127456
257441,1232.5811786234665
257442,1019.3675060510878
257443,556.7868994289845
257444,651.9394220734827
257445,-1156.8515473627615
257446,4.686927189430435
257447,-208.52674538294832
257448,-671.1073520050516
257449,-575.9548293605535
257450,-709.4308086676949
257451,452.1076658844972
257452,238.89399331211837
257453,-223.68661330998498
257454,-128.53409066548681
257455,-553.8496408295091
257456,607.688833722683
257457,394.4751611503042
257458,-68.10544547179916
257459,27.047077172699005
257460,349.31233512479713
257461,1510.8508096769892
257462,1297.6371371046105
257463,835.056530482507
257464,930.2090531270053
257465,796.7330738198638
257466,1958.2715483720558
257467,1745.057875799677
257468,1282.4772691775738
257469,1377.629791822072
257470,952.3142416580497
257471,2113.852716210242
257472,1900.639043637863
257473,1438.0584370157596
257474,1533.210959660258
257475,-211.16530318680248
257476,950.3731713653897
257477,737.1594987930108
257478,274.57889217090747
257479,369.7314148154056
257480,236.2554355082642
257481,1397.7939100604563
257482,1184.5802374880775
257483,721.9996308659742
257484,817.1521535104723
257485,391.83660334645
257486,1553.3750778986423
257487,1340.1614053262633
257488,877.58079870416
257489,972.7333213486581
257490,-322.7465676645261
257491,838.791906887666
257492,625.5782343152872
257493,162.99762769318386
257494,258.150150337682
257495,124.67417103054049
257496,1286.2126455827324
257497,1072.998973010354
257498,610.4183663882504
257499,705.5708890327486
257500,280.2553388687263
257501,1441.7938134209185
257502,1228.5801408485397
257503,765.9995342264363
257504,861.1520568709345
257505,-314.67322972324996
257506,846.8652448289422
257507,633.6515722565636
257508,171.0709656344601
257509,266.2234882789583
257510,132.74750897181684
257511,1294.2859835240088
257512,1081.0723109516302
257513,618.4917043295268
257514,713.644226974025
257515,288.32867681000255
257516,1449.8671513621948
257517,1236.6534787898158
257518,774.0728721677126
257519,869.2253948122108
257520,-520.6049180448542
257521,640.9335565073379
257522,427.71988393495917
257523,-34.860722687144175
257524,60.29179995735399
257525,-73.18417934978754
257526,1088.3542952024045
257527,875.1406226300257
257528,412.5600160079224
257529,507.71253865242056
257530,82.39698848839816
257531,1243.9354630405903
257532,1030.7217904682116
257533,568.1411838461082
257534,663.2937064906064
257535,-1145.4972629456379
257536,16.04121160655427
257537,-197.17246096582448
257538,-659.753067587928
257539,-564.6005449434297
257540,-698.0765242505711
257541,463.4619503016209
257542,250.24827772924215
257543,-212.33232889286114
257544,-117.17980624836309
257545,-542.4953564123855
257546,619.0431181398067
257547,405.8294455674279
257548,-56.751161054675435
257549,38.40136158982273
257550,360.66661954192085
257551,1522.205094094113
257552,1308.9914215217343
257553,846.4108148996309
257554,941.5633375441291
257555,808.0873582369875
257556,1969.6258327891796
257557,1756.4121602168009
257558,1293.8315535946977
257559,1388.9840762391957
257560,963.6685260751733
257561,2125.2070006273652
257562,1911.9933280549867
257563,1449.4127214328832
257564,1544.5652440773815
257565,-199.81101876967864
257566,961.7274557825134
257567,748.5137832101348
257568,285.9331765880313
257569,381.0856992325295
257570,247.60971992538794
257571,1409.14819447758
257572,1195.9345219052013
257573,733.353915283098
257574,828.5064379275962
257575,403.19088776357387
257576,1564.729362315766
257577,1351.5156897433872
257578,888.9350831212838
257579,984.087605765782
257580,-310.4073191912503
257581,851.1311553609418
257582,637.917482788563
257583,175.33687616645966
257584,270.4893988109578
257585,137.0134195038163
257586,1298.5518940560085
257587,1085.3382214836297
257588,622.7576148615262
257589,717.9101375060244
257590,292.5945873420022
257591,1454.1330618941943
257592,1240.9193893218155
257593,778.338782699712
257594,873.4913053442103
257595,-302.33398124997416
257596,859.204493302218
257597,645.9908207298392
257598,183.4102141077359
257599,278.5627367522341
257600,145.08675744509264
257601,1306.6252319972846
257602,1093.411559424906
257603,630.8309528028026
257604,725.9834754473007
257605,300.66792528327846
257606,1462.2063998354706
257607,1248.9927272630919
257608,786.4121206409884
257609,881.5646432854867
257610,-508.2656695715784
257611,653.2728049806137
257612,440.059132408235
257613,-22.521474213868373
257614,72.6310484306299
257615,-60.844930876511626
257616,1100.6935436756803
257617,887.4798711033015
257618,424.89926448119826
257619,520.0517871256964
257620,94.73623696167408
257621,1256.2747115138661
257622,1043.0610389414874
257623,580.480432319384
257624,675.6329549638823
257625,-1133.158014472362
257626,28.380460079830073
257627,-184.83321249254868
257628,-647.4138191146521
257629,-552.2612964701539
257630,-685.7372757772953
257631,475.80119877489676
257632,262.587526202518
257633,-199.99308041958534
257634,-104.84055777508718
257635,-530.1561079391097
257636,631.3823666130826
257637,418.16869404070377
257638,-44.41191258139963
257639,50.74061006309864
257640,373.0058680151967
257641,1534.5443425673889
257642,1321.3306699950099
257643,858.7500633729067
257644,953.9025860174048
257645,820.4266067102633
257646,1981.9650812624554
257647,1768.7514086900767
257648,1306.1708020679732
257649,1401.3233247124715
257650,976.0077745484492
257651,2137.546249100641
257652,1924.3325765282625
257653,1461.751969906159
257654,1556.9044925506573
257655,-187.47177029640295
257656,974.0667042557892
257657,760.8530316834104
257658,298.2724250613071
257659,393.42494770580527
257660,259.94896839866374
257661,1421.487442950856
257662,1208.2737703784771
257663,745.6931637563738
257664,840.845686400872
257665,415.53013623684956
257666,1577.0686107890417
257667,1363.854938216663
257668,901.2743315945596
257669,996.4268542390578
257670,-298.0680707179745
257671,863.4704038342176
257672,650.2567312618388
257673,187.67612463973546
257674,282.82864728423357
257675,149.3526679770921
257676,1310.891142529284
257677,1097.6774699569055
257678,635.096863334802
257679,730.2493859793002
257680,304.933835815278
257681,1466.47231036747
257682,1253.2586377950913
257683,790.6780311729879
257684,885.8305538174861
257685,-289.99473277669813
257686,871.5437417754938
257687,658.330069203115
257688,195.7494625810117
257689,290.90198522550986
257690,157.42600591836845
257691,1318.9644804705604
257692,1105.7508078981818
257693,643.1702012760784
257694,738.3227239205765
257695,313.0071737565543
257696,1474.5456483087464
257697,1261.3319757363674
257698,798.7513691142642
257699,893.9038917587624
257700,-495.9264210983024
257701,665.6120534538895
257702,452.39838088151083
257703,-10.182225740592457
257704,84.9702969039057
257705,-48.50568240323594
257706,1113.032792148956
257707,899.8191195765774
257708,437.238512954474
257709,532.3910355989722
257710,107.07548543495
257711,1268.6139599871422
257712,1055.4002874147632
257713,592.8196807926598
257714,687.972203437158
257715,-1120.818765999086
257716,40.719708553105875
257717,-172.49396401927288
257718,-635.0745706413761
257719,-539.9220479968781
257720,-673.3980273040195
257721,488.14044724817245
257722,274.9267746757938
257723,-187.65383194630954
257724,-92.50130930181138
257725,-517.8168594658337
257726,643.7216150863583
257727,430.5079425139796
257728,-32.07266410812372
257729,63.079858536374445
257730,385.34511648847246
257731,1546.8835910406647
257732,1333.6699184682857
257733,871.0893118461825
257734,966.2418344906805
257735,832.7658551835391
257736,1994.304329735731
257737,1781.0906571633525
257738,1318.510050541249
257739,1413.662573185747
257740,988.3470230217249
257741,2149.885497573917
257742,1936.6718250015383
257743,1474.0912183794348
257744,1569.2437410239331
257745,-175.13252182312704
257746,986.405952729065
257747,773.1922801566863
257748,310.61167353458285
257749,405.76419617908107
257750,272.28821687193954
257751,1433.8266914241317
257752,1220.613018851753
257753,758.0324122296496
257754,853.1849348741478
257755,427.8693847101254
257756,1589.4078592623175
257757,1376.1941866899388
257758,913.6135800678353
257759,1008.7661027123336
257760,-209.19671724597163
257761,952.3417573062204
257762,739.1280847338417
257763,276.5474781117383
257764,371.70000075623653
257765,238.22402144909495
257766,1399.762496001287
257767,1186.5488234289082
257768,723.9682168068049
257769,819.1207394513032
257770,393.8051892872808
257771,1555.3436638394728
257772,1342.129991267094
257773,879.5493846449908
257774,974.701907289489
257775,-201.12337930469528
257776,960.4150952474968
257777,747.201422675118
257778,284.6208160530146
257779,379.7733386975128
257780,246.2973593903713
257781,1407.8358339425633
257782,1194.6221613701846
257783,732.0415547480812
257784,827.1940773925794
257785,401.8785272285572
257786,1563.4170017807492
257787,1350.2033292083704
257788,887.6227225862671
257789,982.7752452307652
257790,-407.0550676262999
257791,754.4834069258924
257792,541.2697343535135
257793,78.68912773141028
257794,173.84165037590844
257795,40.365671068766915
257796,1201.9041456209588
257797,988.6904730485802
257798,526.1098664264769
257799,621.262389070975
257800,195.94683890695262
257801,1357.485313459145
257802,1144.271640886766
257803,681.6910342646627
257804,776.843556909161
257805,-1031.9474125270835
257806,129.59106202510873
257807,-83.62261054727003
257808,-546.2032171693736
257809,-451.0506945248753
257810,-584.5266738320167
257811,577.0118007201753
257812,363.79812814779666
257813,-98.7824784743068
257814,-3.6299558298086367
257815,-428.94550599383115
257816,732.5929685583611
257817,519.3792959859825
257818,56.79868936387902
257819,151.95121200837718
257820,474.21646996047537
257821,1635.7549445126674
257822,1422.5412719402887
257823,959.9606653181854
257824,1055.1131879626837
257825,921.6372086555419
257826,2083.1756832077344
257827,1869.9620106353552
257828,1407.381404013252
257829,1502.5339266577503
257830,1077.2183764937279
257831,2238.7568510459196
257832,2025.5431784735413
257833,1562.9625718514378
257834,1658.115094495936
257835,-86.26116835112407
257836,1075.2773062010679
257837,862.0636336286891
257838,399.4830270065858
257839,494.63554965108403
257840,361.15957034394245
257841,1522.6980448961344
257842,1309.484372323756
257843,846.9037657016524
257844,942.0562883461506
257845,516.7407381821283
257846,1678.2792127343205
257847,1465.0655401619415
257848,1002.4849335398383
257849,1097.6374561843363
257850,-196.8574687726957
257851,964.6810057794962
257852,751.4673332071175
257853,288.8867265850141
257854,384.0392492295123
257855,250.5632699223708
257856,1412.101744474563
257857,1198.888071902184
257858,736.3074652800807
257859,831.4599879245789
257860,406.1444377605567
257861,1567.6829123127486
257862,1354.46923974037
257863,891.8886331182666
257864,987.0411557627648
257865,-188.7841308314196
257866,972.7543437207725
257867,759.5406711483937
257868,296.96006452629035
257869,392.11258717078863
257870,258.63660786364704
257871,1420.1750824158391
257872,1206.9614098434604
257873,744.380803221357
257874,839.5333258658552
257875,414.2177757018329
257876,1575.756250254025
257877,1362.5425776816462
257878,899.9619710595429
257879,995.114493704041
257880,-394.71581915302386
257881,766.8226553991682
257882,553.6089828267894
257883,91.02837620468608
257884,186.18089884918436
257885,52.70491954204283
257886,1214.2433940942346
257887,1001.029721521856
257888,538.4491148997527
257889,633.6016375442508
257890,208.28608738022854
257891,1369.8245619324207
257892,1156.610889360042
257893,694.0302827379385
257894,789.1828053824368
257895,-1019.6081640538075
257896,141.93031049838442
257897,-71.28336207399411
257898,-533.8639686960976
257899,-438.7114460515993
257900,-572.1874253587409
257901,589.3510491934512
257902,376.1373766210724
257903,-86.44323000103088
257904,8.709292643467279
257905,-416.6062575205551
257906,744.932217031637
257907,531.7185444592583
257908,69.13793783715482
257909,164.2904604816531
257910,486.5557184337512
257911,1648.0941929859432
257912,1434.8805204135645
257913,972.2999137914612
257914,1067.4524364359593
257915,933.9764571288179
257916,2095.5149316810102
257917,1882.301259108631
257918,1419.7206524865278
257919,1514.873175131026
257920,1089.5576249670037
257921,2251.0960995191954
257922,2037.882426946817
257923,1575.3018203247136
257924,1670.4543429692117
257925,-73.92191987784838
257926,1087.6165546743437
257927,874.4028821019649
257928,411.82227547986156
257929,506.9747981243598
257930,373.4988188172182
257931,1535.0372933694102
257932,1321.8236207970315
257933,859.2430141749282
257934,954.3955368194264
257935,529.0799866554041
257936,1690.6184612075963
257937,1477.4047886352173
257938,1014.8241820131141
257939,1109.9767046576121
257940,-347.41660017565937
257941,814.1218743765328
257942,600.908201804154
257943,138.32759518205057
257944,233.48011782654885
257945,100.00413851940732
257946,1261.5426130715994
257947,1048.3289404992206
257948,585.7483338771173
257949,680.9008565216154
257950,255.5853063575932
257951,1417.1237809097852
257952,1203.9101083374064
257953,741.3295017153031
257954,836.4820243598012
257955,-339.343262234383
257956,822.195212317809
257957,608.9815397454303
257958,146.40093312332692
257959,241.55345576782508
257960,108.07747646068367
257961,1269.6159510128755
257962,1056.402278440497
257963,593.8216718183936
257964,688.9741944628918
257965,263.65864429886943
257966,1425.1971188510615
257967,1211.9834462786828
257968,749.4028396565793
257969,844.5553623010776
257970,-545.2749505559873
257971,616.2635239962048
257972,403.049851423826
257973,-59.53075519827735
257974,35.62176744622093
257975,-97.85421186092071
257976,1063.6842626912712
257977,850.4705901188926
257978,387.8899834967892
257979,483.0425061412874
257980,57.726955977265106
257981,1219.2654305294573
257982,1006.0517579570784
257983,543.471151334975
257984,638.6236739794732
257985,-1170.1672954567712
257986,-8.628820904578902
257987,-221.84249347695766
257988,-684.4231000990612
257989,-589.270577454563
257990,-722.7465567617044
257991,438.7919177904877
257992,225.57824521810903
257993,-237.0023614039943
257994,-141.84983875949615
257995,-567.1653889235185
257996,594.3730856286735
257997,381.15941305629474
257998,-81.42119356580861
257999,13.731329078689669
258000,335.9965870307877
258001,1497.5350615829798
258002,1284.321389010601
258003,821.7407823884976
258004,916.8933050329958
258005,783.4173257258543
258006,1944.9558002780464
258007,1731.7421277056676
258008,1269.1615210835644
258009,1364.3140437280624
258010,938.9984935640402
258011,2100.536968116232
258012,1887.3232955438534
258013,1424.7426889217502
258014,1519.8952115662482
258015,-224.48105128081193
258016,937.0574232713802
258017,723.8437506990015
258018,261.263144076898
258019,356.4156667213963
258020,222.93968741425476
258021,1384.4781619664468
258022,1171.264489394068
258023,708.6838827719648
258024,803.8364054164629
258025,378.52085525244064
258026,1540.0593298046326
258027,1326.8456572322539
258028,864.2650506101505
258029,959.4175732546488
258030,-335.07735170238357
258031,826.4611228498086
258032,613.2474502774298
258033,150.66684365532637
258034,245.81936629982465
258035,112.34338699268312
258036,1273.8818615448752
258037,1060.6681889724964
258038,598.0875823503931
258039,693.2401049948912
258040,267.92455483086894
258041,1429.463029383061
258042,1216.2493568106825
258043,753.6687501885789
258044,848.821272833077
258045,-327.0040137611072
258046,834.5344607910848
258047,621.3207882187062
258048,158.74018159660272
258049,253.89270424110094
258050,120.41672493395947
258051,1281.9551994861515
258052,1068.7415269137728
258053,606.1609202916694
258054,701.3134429361676
258055,275.9978927721453
258056,1437.5363673243373
258057,1224.3226947519586
258058,761.7420881298552
258059,856.8946107743534
258060,-532.9357020827115
258061,628.6027724694806
258062,415.38909989710174
258063,-47.191506725001545
258064,47.96101591949662
258065,-85.51496338764491
258066,1076.023511164547
258067,862.8098385921684
258068,400.22923197006503
258069,495.3817546145632
258070,70.06620445054091
258071,1231.604679002733
258072,1018.3910064303542
258073,555.8103998082508
258074,650.962922452749
258075,-1157.8280469834951
258076,3.7104275686969004
258077,-209.50324500368185
258078,-672.0838516257852
258079,-576.9313289812869
258080,-710.4073082884286
258081,451.1311662637635
258082,237.91749369138472
258083,-224.66311293071863
258084,-129.51059028622046
258085,-554.8261404502427
258086,606.7123341019493
258087,393.4986615295706
258088,-69.0819450925328
258089,26.070577551965357
258090,348.3358355040635
258091,1509.8743100562556
258092,1296.6606374838768
258093,834.0800308617735
258094,929.2325535062716
258095,795.7565741991301
258096,1957.2950487513222
258097,1744.0813761789434
258098,1281.5007695568402
258099,1376.6532922013384
258100,951.3377420373159
258101,2112.8762165895077
258102,1899.6625440171294
258103,1437.081937395026
258104,1532.234460039524
258105,-212.14180280753612
258106,949.396671744656
258107,736.1829991722773
258108,273.6023925501739
258109,368.7549151946721
258110,235.27893588753057
258111,1396.8174104397226
258112,1183.6037378673439
258113,721.0231312452406
258114,816.1756538897387
258115,390.8601037257164
258116,1552.3985782779084
258117,1339.1849057055297
258118,876.6042990834263
258119,971.7568217279246
258120,-322.73810322910776
258121,838.8003713230843
258122,625.5866987507056
258123,163.00609212860218
258124,258.1586147731004
258125,124.68263546595881
258126,1286.221110018151
258127,1073.0074374457722
258128,610.4268308236689
258129,705.579353468167
258130,280.26380330414474
258131,1441.8022778563368
258132,1228.588605283958
258133,766.0079986618547
258134,861.1605213063528
258135,-314.66476528783164
258136,846.8737092643606
258137,633.6600366919819
258138,171.07943006987853
258139,266.2319527143767
258140,132.75597340723516
258141,1294.2944479594273
258142,1081.0807753870486
258143,618.5001687649452
258144,713.6526914094434
258145,288.337141245421
258146,1449.8756157976131
258147,1236.6619432252344
258148,774.0813366031309
258149,869.2338592476292
258150,-520.5964536094359
258151,640.9420209427562
258152,427.7283483703776
258153,-34.85225825172574
258154,60.30026439277242
258155,-73.17571491436911
258156,1088.3627596378228
258157,875.1490870654442
258158,412.56848044334083
258159,507.721003087839
258160,82.4054529238166
258161,1243.9439274760086
258162,1030.7302549036299
258163,568.1496482815267
258164,663.3021709260248
258165,-1145.4887985102196
258166,16.04967604197259
258167,-197.16399653040617
258168,-659.7446031525096
258169,-564.5920805080113
258170,-698.0680598151528
258171,463.47041473703933
258172,250.25674216466058
258173,-212.32386445744282
258174,-117.17134181294466
258175,-542.4868919769672
258176,619.0515825752251
258177,405.83791000284634
258178,-56.742696619257
258179,38.40982602524116
258180,360.6750839773392
258181,1522.2135585295314
258182,1308.9998859571526
258183,846.4192793350493
258184,941.5718019795474
258185,808.0958226724058
258186,1969.634297224598
258187,1756.4206246522192
258188,1293.840018030116
258189,1388.992540674614
258190,963.6769905105917
258191,2125.2154650627836
258192,1912.0017924904053
258193,1449.4211858683018
258194,1544.5737085127998
258195,-199.8025543342602
258196,961.7359202179318
258197,748.5222476455531
258198,285.9416410234497
258199,381.0941636679479
258200,247.61818436080637
258201,1409.1566589129984
258202,1195.9429863406197
258203,733.3623797185164
258204,828.5149023630146
258205,403.1993521989923
258206,1564.7378267511845
258207,1351.5241541788055
258208,888.9435475567022
258209,984.0960702012004
258210,-310.39885475583174
258211,851.1396197963602
258212,637.9259472239814
258213,175.34534060187798
258214,270.49786324637626
258215,137.02188393923473
258216,1298.5603584914268
258217,1085.346685919048
258218,622.7660792969447
258219,717.9186019414428
258220,292.60305177742066
258221,1454.1415263296126
258222,1240.9278537572338
258223,778.3472471351305
258224,873.4997697796288
258225,-302.3255168145556
258226,859.2129577376364
258227,645.9992851652578
258228,183.41867854315433
258229,278.57120118765255
258230,145.09522188051108
258231,1306.633696432703
258232,1093.4200238603244
258233,630.839417238221
258234,725.9919398827192
258235,300.6763897186969
258236,1462.214864270889
258237,1249.0011916985102
258238,786.4205850764068
258239,881.573107720905
258240,-508.2572051361599
258241,653.2812694160322
258242,440.0675968436534
258243,-22.51300977844994
258244,72.63951286604834
258245,-60.83646644109331
258246,1100.7020081110986
258247,887.48833553872
258248,424.90772891661663
258249,520.0602515611148
258250,94.74470139709251
258251,1256.2831759492847
258252,1043.069503376906
258253,580.4888967548025
258254,675.6414193993006
258255,-1133.1495500369435
258256,28.388924515248505
258257,-184.82474805713014
258258,-647.4053546792336
258259,-552.2528320347353
258260,-685.728811341877
258261,475.8096632103151
258262,262.59599063793644
258263,-199.9846159841669
258264,-104.83209333966875
258265,-530.1476435036911
258266,631.3908310485009
258267,418.17715847612214
258268,-44.4034481459812
258269,50.749074498517075
258270,373.01433245061514
258271,1534.5528070028072
258272,1321.3391344304284
258273,858.7585278083251
258274,953.9110504528232
258275,820.4350711456817
258276,1981.9735456978738
258277,1768.759873125495
258278,1306.1792665033918
258279,1401.3317891478898
258280,976.0162389838677
258281,2137.5547135360594
258282,1924.3410409636808
258283,1461.7604343415776
258284,1556.9129569860756
258285,-187.46330586098452
258286,974.0751686912076
258287,760.8614961188289
258288,298.28088949672554
258289,393.4334121412237
258290,259.95743283408217
258291,1421.4959073862742
258292,1208.2822348138955
258293,745.7016281917922
258294,840.8541508362903
258295,415.538600672268
258296,1577.07707522446
258297,1363.8634026520813
258298,901.282796029978
258299,996.4353186744762
258300,-298.05960628255616
258301,863.4788682696359
258302,650.2651956972572
258303,187.68458907515378
258304,282.837111719652
258305,149.36113241251053
258306,1310.8996069647026
258307,1097.6859343923238
258308,635.1053277702205
258309,730.2578504147186
258310,304.94230025069635
258311,1466.4807748028884
258312,1253.2671022305096
258313,790.6864956084063
258314,885.8390182529045
258315,-289.9862683412798
258316,871.5522062109122
258317,658.3385336385335
258318,195.75792701643013
258319,290.9104496609283
258320,157.43447035378688
258321,1318.9729449059787
258322,1105.7592723336002
258323,643.1786657114968
258324,738.331188355995
258325,313.0156381919727
258326,1474.5541127441647
258327,1261.340440171786
258328,798.7598335496825
258329,893.9123561941808
258330,-495.9179566628841
258331,665.6205178893078
258332,452.40684531692915
258333,-10.17376130517414
258334,84.97876133932402
258335,-48.497217967817505
258336,1113.0412565843744
258337,899.8275840119958
258338,437.24697738989244
258339,532.3995000343906
258340,107.08394987036831
258341,1268.6224244225605
258342,1055.4087518501815
258343,592.8281452280783
258344,687.9806678725764
258345,-1120.8103015636677
258346,40.72817298852431
258347,-172.48549958385445
258348,-635.0661062059578
258349,-539.9135835614597
258350,-673.3895628686012
258351,488.1489116835909
258352,274.9352391112121
258353,-187.64536751089122
258354,-92.49284486639306
258355,-517.8083950304153
258356,643.7300795217767
258357,430.516406949398
258358,-32.0641996727054
258359,63.08832297179276
258360,385.3535809238909
258361,1546.892055476083
258362,1333.6783829037042
258363,871.0977762816008
258364,966.250298926099
258365,832.7743196189575
258366,1994.3127941711496
258367,1781.0991215987708
258368,1318.5185149766676
258369,1413.6710376211656
258370,988.3554874571433
258371,2149.893962009335
258372,1936.6802894369566
258373,1474.0996828148532
258374,1569.2522054593514
258375,-175.12405738770872
258376,986.4144171644834
258377,773.2007445921047
258378,310.6201379700013
258379,405.7726606144995
258380,272.29668130735797
258381,1433.83515585955
258382,1220.6214832871713
258383,758.040876665068
258384,853.1933993095661
258385,427.8778491455438
258386,1589.4163236977358
258387,1376.202651125357
258388,913.6220445032537
258389,1008.774567147752
258390,-209.1882528105532
258391,952.3502217416387
258392,739.1365491692601
258393,276.55594254715675
258394,371.70846519165497
258395,238.23248588451338
258396,1399.7709604367055
258397,1186.5572878643266
258398,723.9766812422233
258399,819.1292038867215
258400,393.8136537226992
258401,1555.3521282748911
258402,1342.1384557025126
258403,879.5578490804091
258404,974.7103717249074
258405,-201.11491486927684
258406,960.4235596829151
258407,747.2098871105363
258408,284.62928048843304
258409,379.78180313293126
258410,246.30582382578973
258411,1407.8442983779819
258412,1194.630625805603
258413,732.0500191834997
258414,827.2025418279978
258415,401.88699166397555
258416,1563.4254662161675
258417,1350.211793643789
258418,887.6311870216855
258419,982.7837096661837
258420,-407.04660319088134
258421,754.4918713613107
258422,541.2781987889321
258423,78.6975921668286
258424,173.85011481132688
258425,40.37413550418535
258426,1201.9126100563774
258427,988.6989374839986
258428,526.1183308618953
258429,621.2708535063935
258430,195.95530334237105
258431,1357.4937778945632
258432,1144.2801053221845
258433,681.699498700081
258434,776.8520213445793
258435,-1031.938948091665
258436,129.59952646052704
258437,-83.6141461118516
258438,-546.194752733955
258439,-451.0422300894568
258440,-584.5182093965984
258441,577.0202651555937
258442,363.806592583215
258443,-98.77401403888837
258444,-3.6214913943902047
258445,-428.9370415584126
258446,732.6014329937796
258447,519.3877604214008
258448,56.80715379929734
258449,151.95967644379562
258450,474.2249343958938
258451,1635.7634089480857
258452,1422.5497363757072
258453,959.9691297536039
258454,1055.121652398102
258455,921.6456730909604
258456,2083.1841476431528
258457,1869.9704750707738
258458,1407.3898684486703
258459,1502.5423910931686
258460,1077.2268409291462
258461,2238.7653154813383
258462,2025.5516429089596
258463,1562.9710362868564
258464,1658.1235589313544
258465,-86.25270391570564
258466,1075.2857706364862
258467,862.0720980641076
258468,399.49149144200425
258469,494.64401408650247
258470,361.1680347793609
258471,1522.706509331553
258472,1309.4928367591742
258473,846.9122301370709
258474,942.064752781569
258475,516.7492026175468
258476,1678.2876771697388
258477,1465.07400459736
258478,1002.4933979752566
258479,1097.6459206197549
258480,-196.8490043372774
258481,964.6894702149146
258482,751.4757976425359
258483,288.89519102043255
258484,384.0477136649307
258485,250.57173435778924
258486,1412.1102089099813
258487,1198.8965363376024
258488,736.3159297154991
258489,831.4684523599973
258490,406.15290219597506
258491,1567.691376748167
258492,1354.4777041757884
258493,891.897097553685
258494,987.0496201981831
258495,-188.77566639600104
258496,972.7628081561909
258497,759.5491355838121
258498,296.9685289617088
258499,392.12105160620706
258500,258.6450722990655
258501,1420.1835468512575
258502,1206.9698742788787
258503,744.3892676567755
258504,839.5417903012736
258505,414.2262401372513
258506,1575.7647146894433
258507,1362.5510421170648
258508,899.9704354949612
258509,995.1229581394595
258510,-394.7073547176053
258511,766.8311198345866
258512,553.6174472622079
258513,91.03684064010451
258514,186.18936328460268
258515,52.71338397746126
258516,1214.2518585296532
258517,1001.0381859572744
258518,538.4575793351711
258519,633.6101019796693
258520,208.29455181564697
258521,1369.833026367839
258522,1156.6193537954603
258523,694.0387471733569
258524,789.1912698178551
258525,-1019.5996996183892
258526,141.93877493380296
258527,-71.2748976385758
258528,-533.8555042606793
258529,-438.702981616181
258530,-572.1789609233224
258531,589.3595136288695
258532,376.1458410564908
258533,-86.43476556561245
258534,8.717757078885711
258535,-416.5977930851366
258536,744.9406814670554
258537,531.7270088946766
258538,69.14640227257325
258539,164.29892491707142
258540,486.56418286916966
258541,1648.1026574213615
258542,1434.888984848983
258543,972.3083782268795
258544,1067.4609008713778
258545,933.9849215642362
258546,2095.5233961164286
258547,1882.3097235440493
258548,1419.7291169219461
258549,1514.8816395664444
258550,1089.566089402422
258551,2251.1045639546137
258552,2037.8908913822354
258553,1575.310284760132
258554,1670.4628074046302
258555,-73.91345544242995
258556,1087.625019109762
258557,874.4113465373833
258558,411.83073991528
258559,506.9832625597782
258560,373.5072832526366
258561,1535.0457578048286
258562,1321.83208523245
258563,859.2514786103467
258564,954.4040012548448
258565,529.0884510908224
258566,1690.6269256430146
258567,1477.4132530706358
258568,1014.8326464485324
258569,1109.9851690930307
258570,-347.4081357402408
258571,814.1303388119511
258572,600.9166662395724
258573,138.336059617469
258574,233.48858226196717
258575,100.01260295482575
258576,1261.5510775070177
258577,1048.337404934639
258578,585.7567983125357
258579,680.9093209570339
258580,255.59377079301157
258581,1417.1322453452035
258582,1203.918572772825
258583,741.3379661507215
258584,836.4904887952197
258585,-339.3347977989647
258586,822.2036767532275
258587,608.9900041808487
258588,146.40939755874524
258589,241.56192020324352
258590,108.0859408961021
258591,1269.624415448294
258592,1056.4107428759153
258593,593.830136253812
258594,688.9826588983101
258595,263.6671087342878
258596,1425.2055832864799
258597,1211.9919107141013
258598,749.4113040919977
258599,844.563826736496
258600,-545.266486120569
258601,616.2719884316232
258602,403.0583158592443
258603,-59.52229076285903
258604,35.63023188163925
258605,-97.84574742550228
258606,1063.6927271266898
258607,850.479054554311
258608,387.89844793220766
258609,483.05097057670577
258610,57.735420412683425
258611,1219.2738949648756
258612,1006.0602223924968
258613,543.4796157703934
258614,638.6321384148916
258615,-1170.1588310213526
258616,-8.62035646916047
258617,-221.83402904153922
258618,-684.4146356636427
258619,-589.2621130191444
258620,-722.738092326286
258621,438.8003822259061
258622,225.58670965352735
258623,-236.993896968576
258624,-141.84137432407783
258625,-567.1569244881002
258626,594.3815500640919
258627,381.16787749171317
258628,-81.41272913039029
258629,13.739793514107987
258630,336.0050514662061
258631,1497.543526018398
258632,1284.3298534460193
258633,821.7492468239161
258634,916.9017694684142
258635,783.4257901612727
258636,1944.9642647134647
258637,1731.7505921410861
258638,1269.1699855189827
258639,1364.322508163481
258640,939.0069579994586
258641,2100.5454325516503
258642,1887.331759979272
258643,1424.7511533571685
258644,1519.9036760016666
258645,-224.47258684539338
258646,937.0658877067985
258647,723.8522151344199
258648,261.27160851231645
258649,356.4241311568147
258650,222.9481518496732
258651,1384.4866264018651
258652,1171.2729538294866
258653,708.6923472073831
258654,803.8448698518813
258655,378.529319687859
258656,1540.0677942400512
258657,1326.8541216676724
258658,864.273515045569
258659,959.4260376900672
258660,-335.068887266965
258661,826.4695872852269
258662,613.2559147128483
258663,150.67530809074492
258664,245.82783073524308
258665,112.35185142810155
258666,1273.8903259802937
258667,1060.6766534079147
258668,598.0960467858115
258669,693.2485694303097
258670,267.9330192662874
258671,1429.4714938184793
258672,1216.2578212461008
258673,753.6772146239973
258674,848.8297372684955
258675,-326.99554932568867
258676,834.5429252265033
258677,621.3292526541245
258678,158.74864603202116
258679,253.90116867651938
258680,120.4251893693779
258681,1281.9636639215698
258682,1068.749991349191
258683,606.1693847270878
258684,701.321907371586
258685,276.0063572075637
258686,1437.5448317597557
258687,1224.3311591873771
258688,761.7505525652737
258689,856.9030752097718
258690,-532.9272376472929
258691,628.611236904899
258692,415.3975643325202
258693,-47.18304228958323
258694,47.96948035491505
258695,-85.5064989522266
258696,1076.0319755999656
258697,862.8183030275868
258698,400.23769640548346
258699,495.39021904998157
258700,70.07466888595934
258701,1231.6131434381514
258702,1018.3994708657726
258703,555.8188642436692
258704,650.9713868881674
258705,-1157.8195825480766
258706,3.7188920041153324
258707,-209.49478056826342
258708,-672.0753871903667
258709,-576.9228645458686
258710,-710.3988438530102
258711,451.1396306991819
258712,237.92595812680315
258713,-224.6546484953002
258714,-129.50212585080203
258715,-554.8176760148242
258716,606.7207985373677
258717,393.507125964989
258718,-69.07348065711449
258719,26.07904198738379
258720,348.3442999394819
258721,1509.882774491674
258722,1296.6691019192954
258723,834.0884952971919
258724,929.2410179416902
258725,795.7650386345485
258726,1957.3035131867405
258727,1744.0898406143617
258728,1281.5092339922585
258729,1376.6617566367568
258730,951.3462064727344
258731,2112.8846810249265
258732,1899.6710084525478
258733,1437.0904018304443
258734,1532.2429244749426
258735,-212.13333837211758
258736,949.4051361800745
258737,736.1914636076957
258738,273.6108569855923
258739,368.7633796300905
258740,235.287400322949
258741,1396.825874875141
258742,1183.6122023027624
258743,721.0315956806589
258744,816.1841183251571
258745,390.8685681611348
258746,1552.407042713327
258747,1339.1933701409482
258748,876.6127635188448
258749,971.765286163343
258750,-322.7296387936892
258751,838.8088357585027
258752,625.595163186124
258753,163.0145565640206
258754,258.1670792085188
258755,124.69109990137724
258756,1286.2295744535693
258757,1073.0159018811905
258758,610.4352952590873
258759,705.5878179035855
258760,280.2722677395632
258761,1441.810742291755
258762,1228.5970697193766
258763,766.0164630972731
258764,861.1689857417713
258765,-314.6563008524131
258766,846.8821736997791
258767,633.6685011274003
258768,171.08789450529684
258769,266.2404171497951
258770,132.7644378426536
258771,1294.3029123948456
258772,1081.0892398224669
258773,618.5086332003636
258774,713.6611558448617
258775,288.3456056808394
258776,1449.8840802330315
258777,1236.6704076606527
258778,774.0898010385494
258779,869.2423236830476
258780,-520.5879891740174
258781,640.9504853781747
258782,427.73681280579603
258783,-34.84379381630731
258784,60.30872882819085
258785,-73.16725047895079
258786,1088.3712240732414
258787,875.1575515008626
258788,412.57694487875926
258789,507.72946752325737
258790,82.41391735923503
258791,1243.9523919114272
258792,1030.7387193390484
258793,568.158112716945
258794,663.3106353614432
258795,-1145.480334074801
258796,16.05814047739102
258797,-197.15553209498762
258798,-659.7361387170911
258799,-564.5836160725928
258800,-698.0595953797344
258801,463.47887917245765
258802,250.265206600079
258803,-212.31540002202428
258804,-117.16287737752623
258805,-542.4784275415486
258806,619.0600470106434
258807,405.8463744382648
258808,-56.73423218383857
258809,38.41829046065959
258810,360.68354841275766
258811,1522.2220229649497
258812,1309.0083503925712
258813,846.4277437704677
258814,941.5802664149659
258815,808.1042871078242
258816,1969.6427616600163
258817,1756.4290890876377
258818,1293.8484824655343
258819,1389.0010051100326
258820,963.6854549460102
258821,2125.223929498202
258822,1912.0102569258236
258823,1449.4296503037203
258824,1544.5821729482184
258825,-199.79408989884178
258826,961.7443846533503
258827,748.5307120809715
258828,285.9501054588681
258829,381.1026281033663
258830,247.6266487962248
258831,1409.1651233484167
258832,1195.9514507760382
258833,733.3708441539347
258834,828.5233667984329
258835,403.20781663441073
258836,1564.7462911866028
258837,1351.532618614224
258838,888.9520119921206
258839,984.1045346366188
258840,-310.3903903204134
258841,851.1480842317785
258842,637.9344116593998
258843,175.3538050372964
258844,270.50632768179463
258845,137.03034837465316
258846,1298.568822926845
258847,1085.3551503544663
258848,622.7745437323631
258849,717.9270663768613
258850,292.61151621283904
258851,1454.149990765031
258852,1240.9363181926524
258853,778.3557115705489
258854,873.5082342150471
258855,-302.3170523791373
258856,859.2214221730549
258857,646.0077496006761
258858,183.42714297857265
258859,278.5796656230709
258860,145.1036863159295
258861,1306.6421608681214
258862,1093.4284882957427
258863,630.8478816736394
258864,726.0004043181376
258865,300.68485415411527
258866,1462.2233287063073
258867,1249.0096561339287
258868,786.4290495118253
258869,881.5815721563234
258870,-508.24874070074134
258871,653.2897338514505
258872,440.07606127907184
258873,-22.50454534303151
258874,72.64797730146677
258875,-60.828002005674875
258876,1100.710472546517
258877,887.4967999741384
258878,424.91619335203507
258879,520.0687159965332
258880,94.75316583251083
258881,1256.291640384703
258882,1043.0779678123242
258883,580.4973611902208
258884,675.649883834719
258885,-1133.1410856015252
258886,28.397388950666937
258887,-184.81628362171182
258888,-647.3968902438153
258889,-552.244367599317
258890,-685.7203469064586
258891,475.8181276457335
258892,262.60445507335476
258893,-199.9761515487486
258894,-104.82362890425043
258895,-530.1391790682728
258896,631.3992954839193
258897,418.1856229115406
258898,-44.39498371056288
258899,50.75753893393539
258900,373.0227968860335
258901,1534.5612714382255
258902,1321.3475988658467
258903,858.7669922437435
258904,953.9195148882416
258905,820.4435355811002
258906,1981.982010133292
258907,1768.7683375609136
258908,1306.18773093881
258909,1401.3402535833084
258910,976.024703419286
258911,2137.5631779714777
258912,1924.3495053990994
258913,1461.768898776996
258914,1556.9214214214942
258915,-187.4548414255662
258916,974.083633126626
258917,760.8699605542473
258918,298.28935393214385
258919,393.44187657664213
258920,259.96589726950054
258921,1421.5043718216925
258922,1208.290699249314
258923,745.7100926272105
258924,840.8626152717087
258925,415.54706510768636
258926,1577.0855396598786
258927,1363.8718670874998
258928,901.2912604653964
258929,996.4437831098946
258930,-298.0511418471376
258931,863.4873327050543
258932,650.2736601326757
258933,187.69305351057233
258934,282.84557615507043
258935,149.36959684792896
258936,1310.9080714001211
258937,1097.6943988277421
258938,635.1137922056389
258939,730.2663148501371
258940,304.9507646861148
258941,1466.4892392383067
258942,1253.2755666659282
258943,790.6949600438247
258944,885.8474826883229
258945,-289.97780390586126
258946,871.5606706463307
258947,658.3469980739519
258948,195.76639145184856
258949,290.9189140963467
258950,157.4429347892053
258951,1318.9814093413972
258952,1105.7677367690185
258953,643.1871301469153
258954,738.3396527914133
258955,313.02410262739113
258956,1474.562577179583
258957,1261.3489046072045
258958,798.768297985101
258959,893.9208206295992
258960,-495.90949222746553
258961,665.6289823247264
258962,452.4153097523476
258963,-10.16529686975582
258964,84.98722577474246
258965,-48.48875353239919
258966,1113.049721019793
258967,899.8360484474142
258968,437.2554418253108
258969,532.407964469809
258970,107.09241430578675
258971,1268.6308888579788
258972,1055.4172162856
258973,592.8366096634966
258974,687.9891323079949
258975,-1120.8018371282494
258976,40.73663742394274
258977,-172.47703514843602
258978,-635.0576417705395
258979,-539.9051191260414
258980,-673.3810984331828
258981,488.1573761190093
258982,274.94370354663056
258983,-187.6369030754728
258984,-92.48438043097462
258985,-517.7999305949968
258986,643.7385439571951
258987,430.5248713848164
258988,-32.05573523728708
258989,63.096787407211195
258990,385.3620453593093
258991,1546.9005199115013
258992,1333.6868473391226
258993,871.1062407170193
258994,966.2587633615174
258995,832.782784054376
258996,1994.3212586065679
258997,1781.1075860341891
258998,1318.526979412086
258999,1413.6795020565842
259000,988.3639518925618
259001,2149.9024264447535
259002,1936.6887538723752
259003,1474.1081472502717
259004,1569.2606698947698
259005,-175.11559295229017
259006,986.4228815999019
259007,773.2092090275231
259008,310.6286024054197
259009,405.78112504991793
259010,272.30514574277635
259011,1433.8436202949683
259012,1220.6299477225898
259013,758.0493411004863
259014,853.2018637449845
259015,427.8863135809622
259016,1589.4247881331544
259017,1376.2111155607756
259018,913.6305089386722
259019,1008.7830315831704
259020,-209.17978837513488
259021,952.3586861770573
259022,739.1450136046784
259023,276.5644069825751
259024,371.71692962707334
259025,238.2409503199318
259026,1399.7794248721239
259027,1186.565752299745
259028,723.9851456776418
259029,819.1376683221399
259030,393.82211815811763
259031,1555.3605927103094
259032,1342.146920137931
259033,879.5663135158276
259034,974.7188361603257
259035,-201.10645043385853
259036,960.4320241183335
259037,747.2183515459548
259038,284.6377449238514
259039,379.79026756834963
259040,246.3142882612081
259041,1407.8527628134002
259042,1194.6390902410214
259043,732.0584836189181
259044,827.2110062634163
259045,401.895456099394
259046,1563.4339306515858
259047,1350.2202580792073
259048,887.6396514571038
259049,982.7921741016021
259050,-407.0381387554628
259051,754.5003357967291
259052,541.2866632243504
259053,78.70605660224714
259054,173.8585792467453
259055,40.38259993960378
259056,1201.921074491796
259057,988.707401919417
259058,526.1267952973137
259059,621.2793179418119
259060,195.96376777778949
259061,1357.5022423299815
259062,1144.288569757603
259063,681.7079631354994
259064,776.8604857799977
259065,-1031.9304836562467
259066,129.60799089594548
259067,-83.60568167643328
259068,-546.1862882985367
259069,-451.03376565403846
259070,-584.5097449611799
259071,577.028729591012
259072,363.8150570186334
259073,-98.76554960346994
259074,-3.6130269589717727
259075,-428.92857712299406
259076,732.6098974291979
259077,519.3962248568192
259078,56.815618234715885
259079,151.96814087921405
259080,474.2333988313122
259081,1635.7718733835043
259082,1422.5582008111255
259083,959.9775941890223
259084,1055.1301168335203
259085,921.6541375263787
259086,2083.192612078571
259087,1869.978939506192
259088,1407.3983328840889
259089,1502.550855528587
259090,1077.2353053645647
259091,2238.7737799167567
259092,2025.560107344378
259093,1562.9795007222747
259094,1658.132023366773
259095,-86.2442394802872
259096,1075.2942350719047
259097,862.080562499526
259098,399.4999558774226
259099,494.6524785219208
259100,361.17649921477926
259101,1522.7149737669713
259102,1309.5013011945925
259103,846.9206945724893
259104,942.0732172169874
259105,516.7576670529652
259106,1678.2961416051571
259107,1465.0824690327786
259108,1002.5018624106751
259109,1097.6543850551734
259110,-196.84053990185896
259111,964.697934650333
259112,751.4842620779542
259113,288.9036554558509
259114,384.0561781003491
259115,250.58019879320761
259116,1412.1186733453997
259117,1198.905000773021
259118,736.3243941509176
259119,831.4769167954157
259120,406.1613666313935
259121,1567.6998411835855
259122,1354.4861686112067
259123,891.9055619891034
259124,987.0580846336015
259125,-188.76720196058272
259126,972.7712725916093
259127,759.5576000192306
259128,296.9769933971272
259129,392.1295160416254
259130,258.65353673448385
259131,1420.192011286676
259132,1206.978338714297
259133,744.3977320921939
259134,839.5502547366921
259135,414.2347045726697
259136,1575.7731791248616
259137,1362.559506552483
259138,899.9788999303796
259139,995.1314225748779
259140,-394.698890282187
259141,766.8395842700049
259142,553.6259116976263
259143,91.04530507552295
259144,186.19782772002122
259145,52.72184841287958
259146,1214.2603229650715
259147,1001.0466503926928
259148,538.4660437705895
259149,633.6185664150877
259150,208.3030162510654
259151,1369.8414908032573
259152,1156.6278182308788
259153,694.0472116087753
259154,789.1997342532735
259155,-1019.5912351829706
259156,141.94723936922128
259157,-71.26643320315748
259158,-533.8470398252607
259159,-438.69451718076243
259160,-572.1704964879041
259161,589.3679780642879
259162,376.1543054919092
259163,-86.42630113019413
259164,8.72622151430403
259165,-416.58932864971825
259166,744.9491459024737
259167,531.735473330095
259168,69.15486670799157
259169,164.30738935248974
259170,486.57264730458803
259171,1648.11112185678
259172,1434.8974492844013
259173,972.316842662298
259174,1067.4693653067961
259175,933.9933859996546
259176,2095.531860551847
259177,1882.318187979468
259178,1419.7375813573644
259179,1514.8901040018627
259180,1089.5745538378405
259181,2251.1130283900325
259182,2037.8993558176537
259183,1575.3187491955505
259184,1670.4712718400485
259185,-73.90499100701163
259186,1087.6334835451805
259187,874.4198109728018
259188,411.83920435069837
259189,506.9917269951966
259190,373.515747688055
259191,1535.054222240247
259192,1321.8405496678683
259193,859.2599430457651
259194,954.4124656902632
259195,529.0969155262409
259196,1690.635390078433
259197,1477.4217175060542
259198,1014.8411108839508
259199,1109.993633528449
259200,-347.3996713048225
259201,814.1388032473695
259202,600.9251306749909
259203,138.34452405288744
259204,233.4970466973857
259205,100.02106739024418
259206,1261.5595419424362
259207,1048.3458693700575
259208,585.765262747954
259209,680.9177853924523
259210,255.60223522843
259211,1417.140709780622
259212,1203.9270372082433
259213,741.34643058614
259214,836.4989532306381
259215,-339.32633336354615
259216,822.2121411886459
259217,608.9984686162671
259218,146.4178619941638
259219,241.57038463866195
259220,108.09440533152053
259221,1269.6328798837126
259222,1056.4192073113336
259223,593.8386006892304
259224,688.9911233337285
259225,263.67557316970624
259226,1425.2140477218984
259227,1212.0003751495196
259228,749.4197685274162
259229,844.5722911719145
259230,-545.2580216851504
259231,616.2804528670415
259232,403.06678029466275
259233,-59.5138263274406
259234,35.63869631705768
259235,-97.83728299008385
259236,1063.701191562108
259237,850.4875189897293
259238,387.90691236762603
259239,483.0594350121242
259240,57.74388484810186
259241,1219.282359400294
259242,1006.0686868279153
259243,543.4880802058118
259244,638.6406028503101
259245,-1170.150366585934
259246,-8.611892033742038
259247,-221.8255646061208
259248,-684.4061712282241
259249,-589.2536485837259
259250,-722.7296278908675
259251,438.80884666132454
259252,225.59517408894578
259253,-236.98543253315756
259254,-141.8329098886594
259255,-567.1484600526817
259256,594.3900144995104
259257,381.1763419271316
259258,-81.40426469497186
259259,13.748257949526419
259260,336.01351590162454
259261,1497.5519904538164
259262,1284.338317881438
259263,821.7577112593344
259264,916.9102339038327
259265,783.4342545966912
259266,1944.9727291488832
259267,1731.7590565765045
259268,1269.178449954401
259269,1364.3309725988993
259270,939.015422434877
259271,2100.553896987069
259272,1887.3402244146903
259273,1424.759617792587
259274,1519.912140437085
259275,-224.46412240997506
259276,937.0743521422171
259277,723.8606795698383
259278,261.2800729477349
259279,356.43259559223316
259280,222.95661628509163
259281,1384.4950908372837
259282,1171.281418264905
259283,708.7008116428016
259284,803.8533342872997
259285,378.53778412327745
259286,1540.0762586754695
259287,1326.8625861030907
259288,864.2819794809874
259289,959.4345021254856
259290,-335.0604228315467
259291,826.4780517206453
259292,613.2643791482666
259293,150.68377252616324
259294,245.8362951706614
259295,112.36031586351987
259296,1273.898790415712
259297,1060.6851178433333
259298,598.1045112212298
259299,693.2570338657281
259300,267.9414837017058
259301,1429.4799582538976
259302,1216.266285681519
259303,753.6856790594157
259304,848.8382017039139
259305,-326.98708489027035
259306,834.5513896619217
259307,621.3377170895429
259308,158.7571104674396
259309,253.90963311193775
259310,120.43365380479622
259311,1281.9721283569882
259312,1068.7584557846094
259313,606.1778491625062
259314,701.3303718070043
259315,276.01482164298216
259316,1437.553296195174
259317,1224.3396236227954
259318,761.759017000692
259319,856.9115396451903
259320,-532.9187732118746
259321,628.6197013403173
259322,415.4060287679386
259323,-47.17457785416468
259324,47.97794479033348
259325,-85.49803451680816
259326,1076.0404400353839
259327,862.8267674630051
259328,400.24616084090184
259329,495.3986834854
259330,70.08313332137777
259331,1231.6216078735697
259332,1018.4079353011911
259333,555.8273286790876
259334,650.9798513235859
259335,-1157.8111181126583
259336,3.7273564395336507
259337,-209.486316132845
259338,-672.0669227549483
259339,-576.9144001104503
259340,-710.3903794175917
259341,451.1480951346002
259342,237.93442256222158
259343,-224.64618405988176
259344,-129.4936614153836
259345,-554.8092115794059
259346,606.729262972786
259347,393.5155904004074
259348,-69.06501622169594
259349,26.08750642280222
259350,348.3527643749003
259351,1509.8912389270924
259352,1296.6775663547137
259353,834.0969597326102
259354,929.2494823771085
259355,795.7735030699669
259356,1957.3119776221588
259357,1744.0983050497803
259358,1281.5176984276768
259359,1376.670221072175
259360,951.3546709081528
259361,2112.893145460345
259362,1899.679472887966
259363,1437.0988662658629
259364,1532.2513889103611
259365,-212.12487393669926
259366,949.4136006154928
259367,736.1999280431141
259368,273.6193214210107
259369,368.7718440655089
259370,235.29586475836732
259371,1396.8343393105592
259372,1183.6206667381807
259373,721.0400601160774
259374,816.1925827605755
259375,390.87703259655325
259376,1552.4155071487453
259377,1339.2018345763665
259378,876.6212279542632
259379,971.7737505987614
259380,-322.7211743582709
259381,838.8173001939211
259382,625.6036276215424
259383,163.02302099943904
259384,258.1755436439372
259385,124.69956433679567
259386,1286.2380388889878
259387,1073.024366316609
259388,610.4437596945056
259389,705.5962823390039
259390,280.28073217498155
259391,1441.8192067271737
259392,1228.605534154795
259393,766.0249275326915
259394,861.1774501771897
259395,-314.6478364169948
259396,846.8906381351974
259397,633.6769655628187
259398,171.09635894071528
259399,266.2488815852135
259400,132.77290227807202
259401,1294.3113768302642
259402,1081.0977042578852
259403,618.517097635782
259404,713.6696202802801
259405,288.3540701162578
259406,1449.8925446684498
259407,1236.6788720960712
259408,774.0982654739678
259409,869.2507881184661
259410,-520.5795247385988
259411,640.9589498135931
259412,427.74527724121447
259413,-34.83532938088888
259414,60.31719326360928
259415,-73.15878604353236
259416,1088.3796885086597
259417,875.1660159362809
259418,412.58540931417764
259419,507.7379319586758
259420,82.42238179465335
259421,1243.9608563468455
259422,1030.747183774467
259423,568.1665771523634
259424,663.3190997968617
259425,-1145.4718696393827
259426,16.066604912809453
259427,-197.1470676595693
259428,-659.7276742816728
259429,-564.5751516371745
259430,-698.0511309443161
259431,463.4873436078761
259432,250.27367103549733
259433,-212.30693558660596
259434,-117.15441294210791
259435,-542.4699631061303
259436,619.0685114460618
259437,405.8548388736832
259438,-56.72576774842025
259439,38.42675489607791
259440,360.69201284817603
259441,1522.230487400368
259442,1309.0168148279895
259443,846.436208205886
259444,941.5887308503843
259445,808.1127515432427
259446,1969.6512260954348
259447,1756.437553523056
259448,1293.8569469009526
259449,1389.0094695454509
259450,963.6939193814285
259451,2125.2323939336206
259452,1912.018721361242
259453,1449.4381147391387
259454,1544.5906373836367
259455,-199.78562546342346
259456,961.7528490887686
259457,748.53917651639
259458,285.9585698942865
259459,381.1110925387847
259460,247.63511323164317
259461,1409.1735877838353
259462,1195.9599152114565
259463,733.3793085893532
259464,828.5318312338513
259465,403.2162810698291
259466,1564.754755622021
259467,1351.5410830496423
259468,888.960476427539
259469,984.1129990720372
259470,-310.3819258849951
259471,851.156548667197
259472,637.9428760948182
259473,175.36226947271484
259474,270.51479211721306
259475,137.0388128100716
259476,1298.5772873622636
259477,1085.3636147898849
259478,622.7830081677814
259479,717.9355308122797
259480,292.6199806482574
259481,1454.1584552004495
259482,1240.9447826280707
259483,778.3641760059674
259484,873.5166986504655
259485,-302.30858794371875
259486,859.2298866084733
259487,646.0162140360945
259488,183.4356074139912
259489,278.58813005848936
259490,145.11215075134794
259491,1306.65062530354
259492,1093.4369527311612
259493,630.8563461090578
259494,726.0088687535559
259495,300.69331858953365
259496,1462.2317931417258
259497,1249.018120569347
259498,786.4375139472436
259499,881.5900365917419
259500,-508.240276265323
259501,653.2981982868689
259502,440.08452571449016
259503,-22.49608090761319
259504,72.65644173688509
259505,-60.81953757025644
259506,1100.7189369819355
259507,887.5052644095567
259508,424.92465778745344
259509,520.0771804319515
259510,94.76163026792926
259511,1256.3001048201213
259512,1043.0864322477426
259513,580.5058256256392
259514,675.6583482701375
259515,-1133.132621166107
259516,28.40585338608537
259517,-184.8078191862934
259518,-647.388425808397
259519,-552.2359031638987
259520,-685.7118824710401
259521,475.82659208115194
259522,262.6129195087732
259523,-199.96768711333016
259524,-104.815164468832
259525,-530.1307146328543
259526,631.4077599193378
259527,418.19408734695895
259528,-44.38651927514445
259529,50.766003369353825
259530,373.03126132145195
259531,1534.5697358736438
259532,1321.3560633012653
259533,858.7754566791618
259534,953.9279793236601
259535,820.4520000165186
259536,1981.9904745687106
259537,1768.7768019963319
259538,1306.1961953742284
259539,1401.3487180187267
259540,976.0331678547044
259541,2137.5716424068964
259542,1924.3579698345177
259543,1461.7773632124145
259544,1556.9298858569125
259545,-187.44637699014766
259546,974.0920975620445
259547,760.8784249896657
259548,298.2978183675623
259549,393.45034101206056
259550,259.9743617049189
259551,1421.512836257111
259552,1208.2991636847323
259553,745.718557062629
259554,840.8710797071271
259555,415.55552954310474
259556,1577.094004095297
259557,1363.8803315229181
259558,901.2997249008148
259559,996.452247545313
259560,-298.0426774117193
259561,863.4957971404727
259562,650.282124568094
259563,187.70151794599064
259564,282.8540405904888
259565,149.37806128334728
259566,1310.9165358355394
259567,1097.7028632631607
259568,635.1222566410572
259569,730.2747792855555
259570,304.9592291215332
259571,1466.497703673725
259572,1253.2840311013465
259573,790.7034244792432
259574,885.8559471237413
259575,-289.96933947044295
259576,871.569135081749
259577,658.3554625093703
259578,195.77485588726688
259579,290.92737853176516
259580,157.45139922462363
259581,1318.9898737768156
259582,1105.7762012044368
259583,643.1955945823336
259584,738.3481172268317
259585,313.03256706280956
259586,1474.5710416150014
259587,1261.3573690426228
259588,798.7767624205194
259589,893.9292850650177
259590,-495.9010277920472
259591,665.6374467601447
259592,452.423774187766
259593,-10.156832434337275
259594,84.99569021016089
259595,-48.480289096980755
259596,1113.0581854552113
259597,899.8445128828325
259598,437.26390626072924
259599,532.4164289052273
259600,107.10087874120518
259601,1268.639353293397
259602,1055.4256807210186
259603,592.845074098915
259604,687.9975967434133
259605,-1120.7933726928309
259606,40.74510185936106
259607,-172.46857071301758
259608,-635.0491773351209
259609,-539.8966546906229
259610,-673.3726339977643
259611,488.16584055442763
259612,274.952167982049
259613,-187.62843864005436
259614,-92.47591599555619
259615,-517.7914661595785
259616,643.7470083926135
259617,430.5333358202348
259618,-32.047270801868535
259619,63.10525184262963
259620,385.3705097947277
259621,1546.9089843469196
259622,1333.695311774541
259623,871.1147051524376
259624,966.2672277969358
259625,832.7912484897943
259626,1994.3297230419862
259627,1781.1160504696077
259628,1318.5354438475042
259629,1413.6879664920025
259630,988.3724163279802
259631,2149.910890880172
259632,1936.6972183077935
259633,1474.1166116856903
259634,1569.2691343301883
259635,-175.10712851687185
259636,986.4313460353202
259637,773.2176734629415
259638,310.6370668408381
259639,405.7895894853363
259640,272.3136101781948
259641,1433.8520847303867
259642,1220.6384121580081
259643,758.0578055359048
259644,853.2103281804029
259645,427.89477801638066
259646,1589.4332525685727
259647,1376.219579996194
259648,913.6389733740906
259649,1008.7914960185888
259650,-209.17132393971644
259651,952.3671506124756
259652,739.1534780400968
259653,276.5728714179935
259654,371.7253940624917
259655,238.24941475535013
259656,1399.7878893075422
259657,1186.5742167351634
259658,723.9936101130602
259659,819.1461327575583
259660,393.830582593536
259661,1555.369057145728
259662,1342.1553845733492
259663,879.574777951246
259664,974.7273005957442
259665,-201.0979859984401
259666,960.440488553752
259667,747.2268159813732
259668,284.6462093592698
259669,379.798732003768
259670,246.32275269662648
259671,1407.8612272488185
259672,1194.6475546764398
259673,732.0669480543364
259674,827.2194706988346
259675,401.90392053481236
259676,1563.4423950870043
259677,1350.2287225146256
259678,887.6481158925222
259679,982.8006385370204
259680,-407.0296743200445
259681,754.5088002321476
259682,541.2951276597689
259683,78.71452103766546
259684,173.86704368216374
259685,40.3910643750221
259686,1201.9295389272143
259687,988.7158663548354
259688,526.135259732732
259689,621.2877823772303
259690,195.97223221320792
259691,1357.5107067653998
259692,1144.2970341930213
259693,681.7164275709179
259694,776.8689502154161
259695,-1031.9220192208281
259696,129.6164553313639
259697,-83.59721724101485
259698,-546.1778238631182
259699,-451.0253012186199
259700,-584.5012805257616
259701,577.0371940264305
259702,363.82352145405184
259703,-98.75708516805162
259704,-3.6045625235534544
259705,-428.92011268757574
259706,732.6183618646163
259707,519.4046892922377
259708,56.8240826701342
259709,151.97660531463237
259710,474.24186326673055
259711,1635.7803378189226
259712,1422.5666652465438
259713,959.9860586244406
259714,1055.1385812689387
259715,921.6626019617971
259716,2083.2010765139894
259717,1869.9874039416106
259718,1407.4067973195072
259719,1502.5593199640052
259720,1077.243769799983
259721,2238.7822443521754
259722,2025.5685717797962
259723,1562.987965157693
259724,1658.1404878021913
259725,-86.23577504486889
259726,1075.302699507323
259727,862.0890269349443
259728,399.508420312841
259729,494.6609429573392
259730,361.18496365019763
259731,1522.7234382023898
259732,1309.5097656300109
259733,846.9291590079076
259734,942.0816816524058
259735,516.7661314883835
259736,1678.3046060405754
259737,1465.090933468197
259738,1002.5103268460934
259739,1097.6628494905917
259740,-196.83207546644053
259741,964.7063990857514
259742,751.4927265133726
259743,288.91211989126936
259744,384.0646425357675
259745,250.58866322862605
259746,1412.127137780818
259747,1198.9134652084392
259748,736.332858586336
259749,831.4853812308342
259750,406.16983106681187
259751,1567.708305619004
259752,1354.494633046625
259753,891.9140264245218
259754,987.06654906902
259755,-188.7587375251643
259756,972.7797370270277
259757,759.566064454649
259758,296.98545783254565
259759,392.1379804770438
259760,258.6620011699023
259761,1420.2004757220943
259762,1206.9868031497156
259763,744.4061965276122
259764,839.5587191721104
259765,414.2431690080881
259766,1575.7816435602801
259767,1362.5679709879014
259768,899.987364365798
259769,995.1398870102962
259770,-394.6904258467687
259771,766.8480487054234
259772,553.6343761330446
259773,91.05376951094127
259774,186.20629215543954
259775,52.73031284829801
259776,1214.26878740049
259777,1001.0551148281113
259778,538.474508206008
259779,633.6270308505061
259780,208.31148068648372
259781,1369.8499552386759
259782,1156.6362826662971
259783,694.0556760441937
259784,789.2081986886919
259785,-1019.5827707475523
259786,141.95570380463982
259787,-71.25796876773893
259788,-533.8385753898424
259789,-438.6860527453441
259790,-572.1620320524855
259791,589.3764424997064
259792,376.1627699273276
259793,-86.4178366947757
259794,8.734685949722461
259795,-416.58086421429994
259796,744.9576103378922
259797,531.7439377655135
259798,69.16333114341
259799,164.31585378790828
259800,486.58111174000646
259801,1648.1195862921984
259802,1434.9059137198196
259803,972.3253070977164
259804,1067.4778297422145
259805,934.001850435073
259806,2095.540324987265
259807,1882.3266524148862
259808,1419.746045792783
259809,1514.898568437281
259810,1089.5830182732589
259811,2251.1214928254512
259812,2037.907820253072
259813,1575.3272136309688
259814,1670.479736275467
259815,-73.89652657159309
259816,1087.6419479805988
259817,874.4282754082201
259818,411.8476687861168
259819,507.000191430615
259820,373.52421212347343
259821,1535.0626866756656
259822,1321.8490141032867
259823,859.2684074811834
259824,954.4209301256816
259825,529.1053799616593
259826,1690.6438545138512
259827,1477.4301819414727
259828,1014.8495753193693
259829,1110.0020979638675
259830,-347.3912068694042
259831,814.147267682788
259832,600.9335951104092
259833,138.35298848830587
259834,233.50551113280403
259835,100.0295318256625
259836,1261.5680063778545
259837,1048.3543338054758
259838,585.7737271833726
259839,680.9262498278706
259840,255.61069966384844
259841,1417.1491742160404
259842,1203.9355016436616
259843,741.3548950215584
259844,836.5074176660565
259845,-339.31786892812784
259846,822.2206056240642
259847,609.0069330516856
259848,146.4263264295821
259849,241.57884907408032
259850,108.10286976693885
259851,1269.641344319131
259852,1056.4276717467521
259853,593.8470651246488
259854,688.999587769147
259855,263.6840376051247
259856,1425.2225121573167
259857,1212.008839584938
259858,749.4282329628346
259859,844.5807556073328
259860,-545.2495572497321
259861,616.2889173024599
259862,403.0752447300812
259863,-59.505361892022165
259864,35.64716075247611
259865,-97.82881855466553
259866,1063.7096559975266
259867,850.4959834251478
259868,387.9153768030444
259869,483.0678994475426
259870,57.75234928352029
259871,1219.2908238357124
259872,1006.0771512633337
259873,543.4965446412302
259874,638.6490672857285
259875,-1170.1419021505158
259876,-8.60342759832372
259877,-221.81710017070236
259878,-684.3977067928058
259879,-589.2451841483075
259880,-722.721163455449
259881,438.81731109674286
259882,225.60363852436421
259883,-236.97696809773913
259884,-141.82444545324097
259885,-567.1399956172634
259886,594.3984789349287
259887,381.18480636255003
259888,-81.39580025955343
259889,13.756722384944851
259890,336.0219803370429
259891,1497.560454889235
259892,1284.3467823168562
259893,821.7661756947529
259894,916.918698339251
259895,783.4427190321095
259896,1944.9811935843015
259897,1731.7675210119228
259898,1269.1869143898193
259899,1364.3394370343176
259900,939.0238868702954
259901,2100.5623614224874
259902,1887.3486888501086
259903,1424.7680822280054
259904,1519.9206048725036
259905,-224.45565797455663
259906,937.0828165776354
259907,723.8691440052567
259908,261.2885373831533
259909,356.4410600276515
259910,222.96508072050995
259911,1384.503555272702
259912,1171.2898827003232
259913,708.70927607822
259914,803.8617987227182
259915,378.5462485586959
259916,1540.0847231108878
259917,1326.8710505385093
259918,864.2904439164058
259919,959.442966560904
259920,-335.0519583961284
259921,826.4865161560638
259922,613.272843583685
259923,150.69223696158156
259924,245.84475960607983
259925,112.3687802989383
259926,1273.9072548511303
259927,1060.6935822787516
259928,598.1129756566484
259929,693.2654983011464
259930,267.9499481371242
259931,1429.4884226893162
259932,1216.2747501169374
259933,753.6941434948342
259934,848.8466661393323
259935,-326.97862045485203
259936,834.55985409734
259937,621.3461815249614
259938,158.7655749028579
259939,253.91809754735613
259940,120.44211824021465
259941,1281.9805927924067
259942,1068.766920220028
259943,606.1863135979246
259944,701.3388362424228
259945,276.02328607840053
259946,1437.5617606305925
259947,1224.3480880582138
259948,761.7674814361104
259949,856.9200040806086
259950,-532.9103087764563
259951,628.6281657757357
259952,415.41449320335704
259953,-47.16611341874636
259954,47.98640922575191
259955,-85.48957008138973
259956,1076.0489044708022
259957,862.8352318984236
259958,400.2546252763202
259959,495.4071479208184
259960,70.09159775679609
259961,1231.630072308988
259962,1018.4163997366095
259963,555.835793114506
259964,650.9883157590043
259965,-1157.80265367724
259966,3.7358208749520827
259967,-209.47785169742667
259968,-672.05845831953
259969,-576.905935675032
259970,-710.3819149821732
259971,451.15655957001866
259972,237.94288699764002
259973,-224.63771962446333
259974,-129.48519697996517
259975,-554.8007471439876
259976,606.7377274082045
259977,393.5240548358258
259978,-69.05655178627762
259979,26.095970858220653
259980,348.36122881031866
259981,1509.8997033625108
259982,1296.686030790132
259983,834.1054241680287
259984,929.2579468125268
259985,795.7819675053853
259986,1957.3204420575773
259987,1744.1067694851986
259988,1281.5261628630954
259989,1376.6786855075934
259990,951.3631353435712
259991,2112.9016098957636
259992,1899.6879373233846
259993,1437.1073307012812
259994,1532.2598533457794
259995,-212.11640950128094
259996,949.4220650509112
259997,736.2083924785325
259998,273.62778585642906
259999,368.7803085009273
260000,235.30432919378575
260001,1396.8428037459778
260002,1183.629131173599
260003,721.0485245514958
260004,816.201047195994
260005,390.8854970319716
260006,1552.4239715841636
260007,1339.210299011785
260008,876.6296923896816
260009,971.7822150341798
260010,-322.7127099228526
260011,838.8257646293396
260012,625.6120920569608
260013,163.03148543485747
260014,258.18400807935564
260015,124.7080287722141
260016,1286.2465033244061
260017,1073.0328307520274
260018,610.452224129924
260019,705.6047467744222
260020,280.2891966103999
260021,1441.827671162592
260022,1228.6139985902132
260023,766.03339196811
260024,861.1859146126081
260025,-314.63937198157623
260026,846.8991025706158
260027,633.6854299982372
260028,171.1048233761337
260029,266.2573460206319
260030,132.78136671349046
260031,1294.3198412656825
260032,1081.1061686933037
260033,618.5255620712004
260034,713.6780847156986
260035,288.36253455167616
260036,1449.9010091038683
260037,1236.6873365314896
260038,774.1067299093862
260039,869.2592525538844
260040,-520.5710603031805
260041,640.9674142490115
260042,427.7537416766328
260043,-34.82686494547056
260044,60.3256576990276
260045,-73.15032160811393
260046,1088.3881529440782
260047,875.1744803716994
260048,412.593873749596
260049,507.7463963940942
260050,82.43084623007178
260051,1243.9693207822638
260052,1030.7556482098853
260053,568.1750415877818
260054,663.3275642322801
260055,-1145.4634052039644
260056,16.075069348227885
260057,-197.13860322415087
260058,-659.7192098462544
260059,-564.5666872017562
260060,-698.0426665088976
260061,463.4958080432945
260062,250.28213547091576
260063,-212.29847115118764
260064,-117.14594850668948
260065,-542.4614986707118
260066,619.0769758814803
260067,405.8633033091015
260068,-56.71730331300182
260069,38.43521933149634
260070,360.70047728359447
260071,1522.2389518357866
260072,1309.0252792634078
260073,846.4446726413046
260074,941.5971952858026
260075,808.1212159786611
260076,1969.6596905308531
260077,1756.4460179584744
260078,1293.8654113363712
260079,1389.0179339808692
260080,963.7023838168469
260081,2125.2408583690394
260082,1912.0271857966602
260083,1449.446579174557
260084,1544.5991018190552
260085,-199.7771610280049
260086,961.761313524187
260087,748.5476409518083
260088,285.9670343297049
260089,381.11955697420314
260090,247.64357766706155
260091,1409.1820522192536
260092,1195.9683796468748
260093,733.3877730247716
260094,828.5402956692698
260095,403.2247455052475
260096,1564.7632200574394
260097,1351.5495474850609
260098,888.9689408629574
260099,984.1214635074556
260100,-310.3734614495768
260101,851.1650131026154
260102,637.9513405302366
260103,175.37073390813316
260104,270.52325655263144
260105,137.04727724549002
260106,1298.585751797682
260107,1085.3720792253032
260108,622.7914726032
260109,717.943995247698
260110,292.62844508367584
260111,1454.1669196358678
260112,1240.953247063489
260113,778.3726404413858
260114,873.525163085884
260115,-302.30012350830043
260116,859.2383510438916
260117,646.024678471513
260118,183.4440718494095
260119,278.59659449390773
260120,145.12061518676637
260121,1306.6590897389583
260122,1093.4454171665795
260123,630.8648105444762
260124,726.0173331889744
260125,300.7017830249521
260126,1462.2402575771441
260127,1249.0265850047654
260128,786.445978382662
260129,881.5985010271602
260130,-508.2318118299047
260131,653.3066627222873
260132,440.0929901499086
260133,-22.48761647219476
260134,72.66490617230352
260135,-60.811073134838125
260136,1100.727401417354
260137,887.5137288449752
260138,424.9331222228719
260139,520.08564486737
260140,94.7700947033477
260141,1256.3085692555399
260142,1043.094896683161
260143,580.5142900610576
260144,675.6668127055559
260145,-1133.1241567306884
260146,28.414317821503687
260147,-184.79935475087495
260148,-647.3799613729784
260149,-552.2274387284801
260150,-685.7034180356216
260151,475.83505651657026
260152,262.6213839441916
260153,-199.95922267791173
260154,-104.80670003341356
260155,-530.122250197436
260156,631.4162243547561
260157,418.2025517823774
260158,-44.37805483972602
260159,50.77446780477226
260160,373.0397257568703
260161,1534.5782003090624
260162,1321.3645277366836
260163,858.7839211145803
260164,953.9364437590784
260165,820.460464451937
260166,1981.998939004129
260167,1768.7852664317502
260168,1306.204659809647
260169,1401.357182454145
260170,976.0416322901228
260171,2137.5801068423148
260172,1924.366434269936
260173,1461.7858276478328
260174,1556.938350292331
260175,-187.43791255472934
260176,974.1005619974628
260177,760.8868894250841
260178,298.3062828029807
260179,393.4588054474789
260180,259.98282614033735
260181,1421.5213006925294
260182,1208.3076281201506
260183,745.7270214980474
260184,840.8795441425456
260185,415.5639939785232
260186,1577.1024685307152
260187,1363.8887959583367
260188,901.3081893362332
260189,996.4607119807314
260190,-299.01796782739325
260191,862.5205067247989
260192,649.3068341524202
260193,186.72622753031692
260194,281.87875017481497
260195,148.40277086767355
260196,1309.9412454198655
260197,1096.7275728474867
260198,634.1469662253835
260199,729.2994888698817
260200,303.98393870585926
260201,1465.5224132580515
260202,1252.3087406856725
260203,789.7281340635693
260204,884.8806567080675
260205,-290.9446298861169
260206,870.5938446660753
260207,657.3801720936965
260208,194.79956547159316
260209,289.9520881160913
260210,156.4761088089498
260211,1318.0145833611418
260212,1104.800910788763
260213,642.2203041666598
260214,737.3728268111579
260215,312.0572766471356
260216,1473.5957511993277
260217,1260.382078626949
260218,797.8014720048457
260219,892.9539946493437
260220,-496.87631820772117
260221,664.6621563444709
260222,451.4484837720921
260223,-11.132122850011228
260224,84.02039979448705
260225,-49.455579512654595
260226,1112.0828950395376
260227,898.8692224671588
260228,436.2886158450554
260229,531.4411384895536
260230,106.12558832553123
260231,1267.6640628777234
260232,1054.4503903053446
260233,591.8697836832413
260234,687.0223063277394
260235,-1121.7686631085048
260236,39.76981144368733
260237,-173.44386112869142
260238,-636.0244677507949
260239,-540.8719451062966
260240,-674.3479244134382
260241,487.19055013875385
260242,273.9768775663751
260243,-188.6037290557282
260244,-93.45120641123003
260245,-518.7667565752524
260246,642.7717179769397
260247,429.5580454045609
260248,-33.02256121754249
260249,62.12996142695579
260250,384.3952193790539
260251,1545.933693931246
260252,1332.7200213588671
260253,870.1394147367639
260254,965.291937381262
260255,831.8159580741205
260256,1993.3544326263125
260257,1780.1407600539337
260258,1317.5601534318305
260259,1412.7126760763285
260260,987.3971259123064
260261,2148.9356004644987
260262,1935.7219278921195
260263,1473.1413212700163
260264,1568.2938439145146
260265,-176.08241893254558
260266,985.4560556196463
260267,772.2423830472677
260268,309.6617764251643
260269,404.81429906966247
260270,271.338319762521
260271,1432.8767943147132
260272,1219.6631217423342
260273,757.0825151202309
260274,852.2350377647291
260275,426.9194876007068
260276,1588.4579621528987
260277,1375.2442895805202
260278,912.6636829584168
260279,1007.816205602915
260280,-210.14661435539028
260281,951.3918601968018
260282,738.178187624423
260283,275.5975810023197
260284,370.7501036468179
260285,237.2741243396764
260286,1398.8125988918684
260287,1185.5989263194897
260288,723.0183196973863
260289,818.1708423418845
260290,392.8552921778621
260291,1554.3937667300543
260292,1341.1800941576755
260293,878.5994875355722
260294,973.7520101800703
260295,-202.07327641411393
260296,959.465198138078
260297,746.2515255656994
260298,283.670918943596
260299,378.82344158809417
260300,245.3474622809527
260301,1406.8859368331448
260302,1193.672264260766
260303,731.0916576386627
260304,826.2441802831609
260305,400.9286301191386
260306,1562.4671046713306
260307,1349.2534320989519
260308,886.6728254768484
260309,981.8253481213467
260310,-408.00496473571843
260311,753.5335098164737
260312,540.319837244095
260313,77.73923062199174
260314,172.8917532664899
260315,39.41577395934826
260316,1200.9542485115403
260317,987.7405759391615
260318,525.1599693170583
260319,620.3124919615565
260320,194.99694179753408
260321,1356.5354163497263
260322,1143.3217437773474
260323,680.7411371552441
260324,775.8936597997423
260325,-1032.8973096365019
260326,128.64116491569007
260327,-84.57250765668857
260328,-547.1531142787919
260329,-452.00059163429387
260330,-585.4765709414353
260331,576.0619036107568
260332,362.848231038378
260333,-99.73237558372534
260334,-4.57985293922718
260335,-429.8954031032497
260336,731.6430714489426
260337,518.4293988765638
260338,55.84879225446048
260339,151.00131489895864
260340,473.26657285105676
260341,1634.8050474032489
260342,1421.59137483087
260343,959.0107682087669
260344,1054.163290853265
260345,920.6873115461234
260346,2082.2257860983154
260347,1869.0121135259367
260348,1406.4315069038335
260349,1501.5840295483317
260350,1076.268479384309
260351,2237.8069539365015
260352,2024.5932813641227
260353,1562.0126747420193
260354,1657.1651973865173
260355,-87.21106546054284
260356,1074.3274090916493
260357,861.1137365192706
260358,398.5331298971672
260359,493.6856525416654
260360,360.2096732345238
260361,1521.748147786716
260362,1308.5344752143371
260363,845.9538685922339
260364,941.106391236732
260365,515.7908410727097
260366,1677.3293156249017
260367,1464.115643052523
260368,1001.5350364304197
260369,1096.6875590749178
260370,-197.80736588211448
260371,963.7311086700777
260372,750.5174360976988
260373,287.9368294755955
260374,383.0893521200937
260375,249.61337281295226
260376,1411.1518473651442
260377,1197.9381747927655
260378,735.3575681706621
260379,830.5100908151603
260380,405.19454065113797
260381,1566.73301520333
260382,1353.5193426309513
260383,890.938736008848
260384,986.0912586533461
260385,-189.73402794083813
260386,971.8044466113539
260387,758.590774038975
260388,296.0101674168718
260389,391.16269006137
260390,257.6867107542285
260391,1419.2251853064204
260392,1206.0115127340418
260393,743.4309061119385
260394,838.5834287564365
260395,413.2678785924143
260396,1574.8063531446064
260397,1361.5926805722277
260398,899.0120739501242
260399,994.1645965946225
260400,-395.6657162624424
260401,765.8727582897495
260402,552.6590857173708
260403,90.07847909526754
260404,185.2310017397657
260405,51.75502243262406
260406,1213.293496984816
260407,1000.0798244124373
260408,537.4992177903341
260409,632.6517404348322
260410,207.33619027081
260411,1368.874664823002
260412,1155.6609922506232
260413,693.0803856285199
260414,788.232908273018
260415,-1020.5580611632261
260416,140.98041338896587
260417,-72.23325918341288
260418,-534.8138658055161
260419,-439.66134316101807
260420,-573.1373224681595
260421,588.4011520840324
260422,375.1874795116538
260423,-87.39312711044954
260424,7.759395534048622
260425,-417.55615462997366
260426,743.9823199222183
260427,530.7686473498395
260428,68.18804072773628
260429,163.34056337223444
260430,485.6058213243326
260431,1647.1442958765247
260432,1433.930623304146
260433,971.3500166820426
260434,1066.5025393265407
260435,933.0265600193992
260436,2094.5650345715912
260437,1881.3513619992125
260438,1418.7707553771093
260439,1513.9232780216073
260440,1088.6077278575851
260441,2250.1462024097773
260442,2036.9325298373985
260443,1574.351923215295
260444,1669.5044458597931
260445,-74.87181698726704
260446,1086.6666575649251
260447,873.4529849925462
260448,410.87237837044296
260449,506.0249010149411
260450,372.5489217077996
260451,1534.0873962599917
260452,1320.873723687613
260453,858.2931170655096
260454,953.4456397100078
260455,528.1300895459854
260456,1689.6685640981775
260457,1476.4548915257988
260458,1013.8742849036954
260459,1109.0268075481936
260460,-348.3664972850779
260461,813.1719772671141
260462,599.9583046947354
260463,137.37769807263203
260464,232.5302207171302
260465,99.05424140998878
260466,1260.5927159621806
260467,1047.379043389802
260468,584.7984367676986
260469,679.9509594121969
260470,254.63540924817448
260471,1416.1738838003666
260472,1202.9602112279879
260473,740.3796046058845
260474,835.5321272503827
260475,-340.29315934380156
260476,821.2453152083904
260477,608.0316426360117
260478,145.45103601390838
260479,240.60355865840654
260480,107.12757935126501
260481,1268.666053903457
260482,1055.4523813310784
260483,592.871774708975
260484,688.0242973534731
260485,262.70874718945083
260486,1424.247221741643
260487,1211.0335491692642
260488,748.4529425471608
260489,843.605465191659
260490,-546.2248476654061
260491,615.3136268867861
260492,402.09995431440734
260493,-60.480652307696005
260494,34.67187033680216
260495,-98.80410897033937
260496,1062.7343655818527
260497,849.5206930094739
260498,386.9400863873706
260499,482.09260903186873
260500,56.77705886784645
260501,1218.3155334200385
260502,1005.1018608476597
260503,542.5212542255565
260504,637.6737768700546
260505,-1171.1171925661895
260506,-9.578718013997559
260507,-222.7923905863763
260508,-685.3729972084795
260509,-590.2204745639815
260510,-723.6964538711229
260511,437.8420206810691
260512,224.62834810869026
260513,-237.95225851341297
260514,-142.79973586891492
260515,-568.1152860329373
260516,593.4231885192548
260517,380.2095159468762
260518,-82.37109067522726
260519,12.781431969270898
260520,335.04668992136914
260521,1496.5851644735612
260522,1283.3714919011825
260523,820.790885279079
260524,915.9434079235773
260525,782.4674286164358
260526,1944.0059031686278
260527,1730.792230596249
260528,1268.2116239741458
260529,1363.3641466186439
260530,938.0485964546216
260531,2099.587071006814
260532,1886.3733984344349
260533,1423.7927918123314
260534,1518.9453144568297
260535,-225.43094839023047
260536,936.1075261619616
260537,722.8938535895828
260538,260.3132469674795
260539,355.4657696119777
260540,221.98979030483622
260541,1383.5282648570283
260542,1170.3145922846495
260543,707.7339856625462
260544,802.8865083070443
260545,377.57095814302204
260546,1539.109432695214
260547,1325.8957601228353
260548,863.315153500732
260549,958.4676761452301
260550,-336.02724881180234
260551,825.5112257403899
260552,612.2975531680112
260553,149.71694654590783
260554,244.869469190406
260555,111.39348988326446
260556,1272.9319644354566
260557,1059.7182918630779
260558,597.1376852409744
260559,692.2902078854727
260560,266.9746577214503
260561,1428.5131322736424
260562,1215.2994597012637
260563,752.7188530791603
260564,847.8713757236585
260565,-327.953910870526
260566,833.5845636816662
260567,620.3708911092874
260568,157.79028448718418
260569,252.9428071316823
260570,119.46682782454081
260571,1281.0053023767327
260572,1067.7916298043542
260573,605.2110231822508
260574,700.3635458267489
260575,275.04799566272663
260576,1436.5864702149188
260577,1223.37279764254
260578,760.7921910204366
260579,855.9447136649349
260580,-533.8855991921303
260581,627.6528753600619
260582,414.43920278768314
260583,-48.14140383442009
260584,47.011118810078074
260585,-86.46486049706368
260586,1075.0736140551285
260587,861.8599414827497
260588,399.27933486064643
260589,494.43185750514454
260590,69.11630734112225
260591,1230.6547818933143
260592,1017.4411093209355
260593,554.8605026988323
260594,650.0130253433305
260595,-1158.777944092914
260596,2.760530459278243
260597,-210.4531421131005
260598,-673.033748735204
260599,-577.8812260907057
260600,-711.3572053978471
260601,450.18126915434493
260602,236.96759658196618
260603,-225.61301004013717
260604,-130.460487395639
260605,-555.7760375596615
260606,605.7624369925306
260607,392.54876442015194
260608,-70.03184220195135
260609,25.120680442546814
260610,347.3859383946449
260611,1508.924412946837
260612,1295.710740374458
260613,833.1301337523548
260614,928.2826563968531
260615,794.8066770897115
260616,1956.3451516419036
260617,1743.1314790695249
260618,1280.5508724474214
260619,1375.7033950919197
260620,950.3878449278974
260621,2111.9263194800897
260622,1898.7126469077107
260623,1436.1320402856074
260624,1531.2845629301055
260625,-213.09169991695467
260626,948.4467746352374
260627,735.2331020628586
260628,272.6524954407553
260629,367.80501808525344
260630,234.3290387781119
260631,1395.867513330304
260632,1182.6538407579253
260633,720.073234135822
260634,815.2257567803201
260635,389.91020661629784
260636,1551.4486811684899
260637,1338.2350085961111
260638,875.6544019740078
260639,970.806924618506
260640,-323.68800033852654
260641,837.8504742136657
260642,624.636801641287
260643,162.05619501918363
260644,257.20871766368174
260645,123.73273835654027
260646,1285.2712129087322
260647,1072.0575403363537
260648,609.4769337142502
260649,704.6294563587484
260650,279.31390619472603
260651,1440.8523807469182
260652,1227.6387081745395
260653,765.0581015524361
260654,860.2106241969343
260655,-315.6146623972502
260656,845.923812154942
260657,632.7101395825632
260658,170.12953296045987
260659,265.28205560495803
260660,131.8060762978165
260661,1293.3445508500085
260662,1080.13087827763
260663,617.5502716555266
260664,712.7027943000247
260665,287.3872441360024
260666,1448.9257186881946
260667,1235.7120461158156
260668,773.1314394937124
260669,868.2839621382105
260670,-521.5463507188545
260671,639.9921238333377
260672,426.778451260959
260673,-35.80215536114429
260674,59.350367283353876
260675,-74.12561202378788
260676,1087.4128625284043
260677,874.1991899560255
260678,411.6185833339222
260679,506.77110597842034
260680,81.45555581439794
260681,1242.9940303665903
260682,1029.7803577942113
260683,567.199751172108
260684,662.3522738166062
260685,-1146.4386956196383
260686,15.099778932554045
260687,-198.1138936398247
260688,-660.6945002619282
260689,-565.5419776174301
260690,-699.0179569245713
260691,462.5205176276206
260692,249.30684505524198
260693,-213.27376156686137
260694,-118.1212389223632
260695,-543.4367890863857
260696,618.1016854658064
260697,404.88801289342774
260698,-57.69259372867555
260699,37.459928915822616
260700,359.7251868679206
260701,1521.2636614201128
260702,1308.049988847734
260703,845.4693822256306
260704,940.6219048701289
260705,807.1459255629873
260706,1968.6844001151794
260707,1755.4707275428007
260708,1292.8901209206974
260709,1388.0426435651955
260710,962.7270934011731
260711,2124.2655679533655
260712,1911.0518953809865
260713,1448.4712887588832
260714,1543.6238114033813
260715,-200.75245144367886
260716,960.7860231085133
260717,747.5723505361344
260718,284.9917439140311
260719,380.14426655852924
260720,246.6682872513877
260721,1408.2067618035799
260722,1194.993089231201
260723,732.4124826090978
260724,827.5650052535959
260725,402.2494550895736
260726,1563.7879296417657
260727,1350.574257069387
260728,887.9936504472836
260729,983.1461730917817
260730,-311.3487518652505
260731,850.1897226869415
260732,636.9760501145628
260733,174.39544349245944
260734,269.5479661369576
260735,136.07198682981618
260736,1297.610461382008
260737,1084.3967888096295
260738,621.816182187526
260739,716.9687048320243
260740,291.6531546680019
260741,1453.191629220194
260742,1239.9779566478153
260743,777.397350025712
260744,872.5498726702101
260745,-303.27541392397416
260746,858.2630606282178
260747,645.0493880558391
260748,182.46878143373578
260749,277.6213040782339
260750,144.14532477109242
260751,1305.6837993232843
260752,1092.4701267509058
260753,629.8895201288024
260754,725.0420427733005
260755,299.72649260927824
260756,1461.2649671614704
260757,1248.0512945890916
260758,785.4706879669882
260759,880.6232106114863
260760,-509.20710224557865
260761,652.3313723066135
260762,439.11769973423475
260763,-23.4629068878686
260764,71.68961575662956
260765,-61.786363550511965
260766,1099.75211100168
260767,886.5384384293013
260768,423.95783180719803
260769,519.1103544516961
260770,93.79480428767386
260771,1255.333278839866
260772,1042.1196062674871
260773,579.5389996453838
260774,674.691522289882
260775,-1134.099447146362
260776,27.439027405829847
260777,-185.7746451665489
260778,-648.3552517886521
260779,-553.2027291441541
260780,-686.6787084512955
260781,474.8597661008965
260782,261.6460935285177
260783,-200.93451309358557
260784,-105.78199044908752
260785,-531.0975406131099
260786,630.4409339390822
260787,417.2272613667036
260788,-45.35334525539986
260789,49.799177389098304
260790,372.06443534119654
260791,1533.6029098933886
260792,1320.38923732101
260793,857.8086306989064
260794,952.9611533434047
260795,819.4851740362632
260796,1981.0236485884552
260797,1767.8099760160765
260798,1305.2293693939732
260799,1400.3818920384713
260800,975.066341874449
260801,2136.6048164266413
260802,1923.3911438542623
260803,1460.8105372321588
260804,1555.963059876657
260805,-188.41320297040306
260806,973.125271581789
260807,759.9115990094102
260808,297.3309923873069
260809,392.4835150318051
260810,259.0075357246635
260811,1420.5460102768557
260812,1207.332337704477
260813,744.7517310823736
260814,839.9042537268717
260815,414.58870356284933
260816,1576.1271781150415
260817,1362.9135055426627
260818,900.3328989205594
260819,995.4854215650575
260820,-299.00950339197493
260821,862.5289711602172
260822,649.3152985878386
260823,186.73469196573524
260824,281.8872146102334
260825,148.41123530309187
260826,1309.9497098552838
260827,1096.7360372829053
260828,634.1554306608018
260829,729.3079533053
260830,303.9924031412777
260831,1465.5308776934698
260832,1252.317205121091
260833,789.7365984989877
260834,884.8891211434859
260835,-290.9361654506986
260836,870.6023091014936
260837,657.3886365291148
260838,194.80802990701147
260839,289.9605525515097
260840,156.48457324436822
260841,1318.0230477965601
260842,1104.8093752241816
260843,642.2287686020782
260844,737.3812912465763
260845,312.06574108255404
260846,1473.6042156347462
260847,1260.3905430623674
260848,797.809936440264
260849,892.9624590847623
260850,-496.86785377230285
260851,664.6706207798893
260852,451.45694820751055
260853,-11.123658414592683
260854,84.02886422990537
260855,-49.447115077236276
260856,1112.0913594749559
260857,898.8776869025771
260858,436.29708028047384
260859,531.4496029249719
260860,106.13405276094966
260861,1267.6725273131417
260862,1054.458854740763
260863,591.8782481186597
260864,687.0307707631578
260865,-1121.7601986730865
260866,39.77827587910565
260867,-173.4353966932731
260868,-636.0160033153766
260869,-540.8634806708783
260870,-674.3394599780197
260871,487.1990145741723
260872,273.9853420017935
260873,-188.59526462030976
260874,-93.4427419758116
260875,-518.7582921398341
260876,642.780182412358
260877,429.56650983997935
260878,-33.01409678212394
260879,62.138425862374106
260880,384.4036838144723
260881,1545.9421583666644
260882,1332.7284857942855
260883,870.1478791721822
260884,965.3004018166804
260885,831.8244225095389
260886,1993.362897061731
260887,1780.1492244893523
260888,1317.5686178672488
260889,1412.721140511747
260890,987.4055903477248
260891,2148.944064899917
260892,1935.730392327538
260893,1473.1497857054346
260894,1568.302308349933
260895,-176.07395449712726
260896,985.4645200550648
260897,772.250847482686
260898,309.6702408605827
260899,404.82276350508084
260900,271.34678419793937
260901,1432.8852587501315
260902,1219.6715861777527
260903,757.0909795556494
260904,852.2435022001475
260905,426.92795203612525
260906,1588.4664265883173
260907,1375.2527540159385
260908,912.6721473938352
260909,1007.8246700383334
260910,-210.13814991997197
260911,951.4003246322202
260912,738.1866520598414
260913,275.60604543773815
260914,370.7585680822363
260915,237.28258877509472
260916,1398.8210633272868
260917,1185.607390754908
260918,723.0267841328048
260919,818.1793067773029
260920,392.8637566132805
260921,1554.4022311654726
260922,1341.188558593094
260923,878.6079519709906
260924,973.7604746154886
260925,-202.0648119786954
260926,959.4736625734965
260927,746.2599900011178
260928,283.67938337901444
260929,378.8319060235126
260930,245.35592671637113
260931,1406.8944012685631
260932,1193.6807286961844
260933,731.100122074081
260934,826.2526447185792
260935,400.93709455455695
260936,1562.475569106749
260937,1349.2618965343704
260938,886.6812899122668
260939,981.833812556765
260940,-407.9965003002999
260941,753.5419742518922
260942,540.3283016795134
260943,77.74769505741006
260944,172.90021770190833
260945,39.42423839476669
260946,1200.9627129469588
260947,987.74904037458
260948,525.1684337524766
260949,620.3209563969749
260950,195.0054062329525
260951,1356.5438807851447
260952,1143.330208212766
260953,680.7496015906625
260954,775.9021242351607
260955,-1032.8888452010835
260956,128.6496293511085
260957,-84.56404322127025
260958,-547.1446498433736
260959,-451.99212719887555
260960,-585.468106506017
260961,576.0703680461751
260962,362.8566954737964
260963,-99.72391114830691
260964,-4.571388503808748
260965,-429.88693866783115
260966,731.6515358843609
260967,518.4378633119823
260968,55.857256689878795
260969,151.00977933437707
260970,473.2750372864752
260971,1634.8135118386672
260972,1421.5998392662887
260973,959.0192326441852
260974,1054.1717552886835
260975,920.6957759815418
260976,2082.2342505337338
260977,1869.020577961355
260978,1406.4399713392518
260979,1501.59249398375
260980,1076.2769438197276
260981,2237.81541837192
260982,2024.601745799541
260983,1562.0211391774376
260984,1657.1736618219359
260985,-87.2026010251243
260986,1074.3358735270676
260987,861.1222009546889
260988,398.54159433258565
260989,493.6941169770838
260990,360.2181376699422
260991,1521.7566122221342
260992,1308.5429396497557
260993,845.9623330276522
260994,941.1148556721504
260995,515.7993055081281
260996,1677.33778006032
260997,1464.1241074879415
260998,1001.543500865838
260999,1096.696023510336
261000,-197.79890144669605
261001,963.739573105496
261002,750.5259005331172
261003,287.94529391101395
261004,383.0978165555121
261005,249.62183724837064
261006,1411.1603118005626
261007,1197.9466392281838
261008,735.3660326060806
261009,830.5185552505787
261010,405.2030050865564
261011,1566.7414796387484
261012,1353.5278070663696
261013,890.9472004442664
261014,986.0997230887646
261015,-189.7255635054197
261016,971.8129110467723
261017,758.5992384743935
261018,296.01863185229024
261019,391.1711544967884
261020,257.6951751896469
261021,1419.233649741839
261022,1206.0199771694602
261023,743.4393705473568
261024,838.591893191855
261025,413.27634302783275
261026,1574.8148175800247
261027,1361.601145007646
261028,899.0205383855426
261029,994.1730610300408
261030,-395.6572518270241
261031,765.881222725168
261032,552.6675501527891
261033,90.08694353068586
261034,185.23946617518402
261035,51.76348686804249
261036,1213.3019614202344
261037,1000.0882888478558
261038,537.5076822257524
261039,632.6602048702506
261040,207.3446547062283
261041,1368.8831292584205
261042,1155.6694566860415
261043,693.0888500639383
261044,788.2413727084364
261045,-1020.5495967278077
261046,140.9888778243843
261047,-72.22479474799445
261048,-534.8054013700978
261049,-439.65287872559975
261050,-573.1288580327412
261051,588.4096165194509
261052,375.19594394707224
261053,-87.38466267503122
261054,7.76785996946694
261055,-417.54769019455534
261056,743.9907843576367
261057,530.7771117852581
261058,68.1965051631546
261059,163.34902780765276
261060,485.61428575975106
261061,1647.152760311943
261062,1433.9390877395642
261063,971.358481117461
261064,1066.5110037619593
261065,933.0350244548176
261066,2094.5734990070096
261067,1881.3598264346308
261068,1418.7792198125276
261069,1513.9317424570258
261070,1088.6161922930035
261071,2250.1546668451956
261072,2036.9409942728169
261073,1574.3603876507134
261074,1669.5129102952117
261075,-74.8633525518486
261076,1086.6751220003434
261077,873.4614494279647
261078,410.8808428058614
261079,506.03336545035955
261080,372.55738614321797
261081,1534.09586069541
261082,1320.8821881230315
261083,858.301581500928
261084,953.4541041454262
261085,528.1385539814039
261086,1689.6770285335958
261087,1476.463355961217
261088,1013.8827493391138
261089,1109.035271983612
261090,-348.3580328496596
261091,813.1804417025324
261092,599.9667691301538
261093,137.38616250805046
261094,232.53868515254862
261095,99.06270584540721
261096,1260.6011803975991
261097,1047.3875078252204
261098,584.8069012031171
261099,679.9594238476152
261100,254.64387368359291
261101,1416.182348235785
261102,1202.9686756634062
261103,740.388069041303
261104,835.5405916858011
261105,-340.28469490838324
261106,821.2537796438088
261107,608.0401070714302
261108,145.4595004493267
261109,240.61202309382497
261110,107.13604378668344
261111,1268.6745183388755
261112,1055.4608457664967
261113,592.8802391443934
261114,688.0327617888915
261115,262.71721162486926
261116,1424.2556861770613
261117,1211.0420136046826
261118,748.4614069825792
261119,843.6139296270774
261120,-546.2163832299875
261121,615.3220913222044
261122,402.1084187498258
261123,-60.47218787227757
261124,34.68033477222059
261125,-98.79564453492094
261126,1062.742830017271
261127,849.5291574448923
261128,386.948550822789
261129,482.10107346728716
261130,56.78552330326488
261131,1218.3239978554568
261132,1005.1103252830782
261133,542.5297186609748
261134,637.682241305473
261135,-1171.1087281307712
261136,-9.57025357857924
261137,-222.78392615095788
261138,-685.3645327730612
261139,-590.2120101285632
261140,-723.6879894357046
261141,437.8504851164875
261142,224.6368125441087
261143,-237.94379407799454
261144,-142.79127143349638
261145,-568.1068215975188
261146,593.4316529546733
261147,380.2179803822945
261148,-82.36262623980883
261149,12.78989640468933
261150,335.05515435678757
261151,1496.5936289089796
261152,1283.3799563366008
261153,820.7993497144976
261154,915.9518723589956
261155,782.4758930518542
261156,1944.0143676040461
261157,1730.8006950316674
261158,1268.2200884095641
261159,1363.3726110540624
261160,938.05706089004
261161,2099.595535442232
261162,1886.3818628698534
261163,1423.80125624775
261164,1518.953778892248
261165,-225.42248395481192
261166,936.11599059738
261167,722.9023180250013
261168,260.3217114028979
261169,355.4742340473961
261170,221.99825474025465
261171,1383.5367292924466
261172,1170.3230567200678
261173,707.7424500979646
261174,802.8949727424628
261175,377.5794225784405
261176,1539.1178971306326
261177,1325.9042245582536
261178,863.3236179361504
261179,958.4761405806486
261180,-336.0187843763838
261181,825.5196901758084
261182,612.3060176034296
261183,149.72541098132626
261184,244.87793362582443
261185,111.4019543186829
261186,1272.940428870875
261187,1059.7267562984962
261188,597.1461496763928
261189,692.298672320891
261190,266.9831221568687
261191,1428.5215967090608
261192,1215.307924136682
261193,752.7273175145788
261194,847.8798401590769
261195,-327.94544643510744
261196,833.5930281170846
261197,620.379355544706
261198,157.7987489226025
261199,252.95127156710072
261200,119.47529225995913
261201,1281.013766812151
261202,1067.8000942397725
261203,605.2194876176692
261204,700.3720102621674
261205,275.05646009814507
261206,1436.594934650337
261207,1223.3812620779584
261208,760.800655455855
261209,855.9531781003532
261210,-533.8771347567117
261211,627.6613397954803
261212,414.4476672231016
261213,-48.13293939900177
261214,47.019583245496506
261215,-86.45639606164525
261216,1075.0820784905468
261217,861.8684059181682
261218,399.2877992960648
261219,494.44032194056297
261220,69.12477177654068
261221,1230.6632463287328
261222,1017.4495737563541
261223,554.8689671342506
261224,650.0214897787489
261225,-1158.7694796574954
261226,2.768994894696675
261227,-210.44467767768197
261228,-673.0252842997854
261229,-577.8727616552871
261230,-711.3487409624288
261231,450.18973358976325
261232,236.9760610173846
261233,-225.60454560471874
261234,-130.45202296022057
261235,-555.767573124243
261236,605.770901427949
261237,392.5572288555703
261238,-70.02337776653303
261239,25.129144877965246
261240,347.3944028300633
261241,1508.9328773822554
261242,1295.7192048098766
261243,833.1385981877734
261244,928.2911208322715
261245,794.8151415251299
261246,1956.353616077322
261247,1743.1399435049434
261248,1280.55933688284
261249,1375.7118595273382
261250,950.3963093633158
261251,2111.934783915508
261252,1898.721111343129
261253,1436.1405047210258
261254,1531.293027365524
261255,-213.08323548153624
261256,948.4552390706558
261257,735.241566498277
261258,272.6609598761737
261259,367.81348252067187
261260,234.33750321353034
261261,1395.8759777657224
261262,1182.6623051933436
261263,720.0816985712404
261264,815.2342212157384
261265,389.9186710517163
261266,1551.4571456039082
261267,1338.2434730315294
261268,875.6628664094262
261269,970.8153890539244
261270,-323.679535903108
261271,837.858938649084
261272,624.6452660767054
261273,162.06465945460207
261274,257.21718209910017
261275,123.7412027919587
261276,1285.2796773441507
261277,1072.066004771772
261278,609.4853981496686
261279,704.6379207941668
261280,279.3223706301444
261281,1440.8608451823366
261282,1227.6471726099578
261283,765.0665659878546
261284,860.2190886323526
261285,-315.60619796183164
261286,845.9322765903604
261287,632.7186040179816
261288,170.1379973958783
261289,265.29052004037646
261290,131.81454073323494
261291,1293.3530152854269
261292,1080.1393427130483
261293,617.558736090945
261294,712.7112587354432
261295,287.39570857142076
261296,1448.934183123613
261297,1235.7205105512342
261298,773.1399039291308
261299,868.292426573629
261300,-521.5378862834361
261301,640.000588268756
261302,426.7869156963773
261303,-35.79369092572597
261304,59.358831718772194
261305,-74.11714758836945
261306,1087.4213269638226
261307,874.207654391444
261308,411.6270477693406
261309,506.77957041383877
261310,81.46402024981637
261311,1243.0024948020086
261312,1029.7888222296297
261313,567.2082156075264
261314,662.3607382520246
261315,-1146.4302311842196
261316,15.108243367972477
261317,-198.10542920440628
261318,-660.6860358265096
261319,-565.5335131820116
261320,-699.009492489153
261321,462.52898206303905
261322,249.3153094906603
261323,-213.26529713144305
261324,-118.11277448694489
261325,-543.4283246509674
261326,618.1101499012249
261327,404.8964773288462
261328,-57.68412929325723
261329,37.468393351240934
261330,359.73365130333906
261331,1521.2721258555312
261332,1308.0584532831524
261333,845.4778466610492
261334,940.6303693055472
261335,807.1543899984057
261336,1968.6928645505977
261337,1755.4791919782192
261338,1292.8985853561157
261339,1388.051108000614
261340,962.7355578365915
261341,2124.274032388784
261342,1911.060359816405
261343,1448.4797531943016
261344,1543.6322758387996
261345,-200.74398700826055
261346,960.7944875439316
261347,747.5808149715529
261348,285.0002083494495
261349,380.15273099394767
261350,246.67675168680614
261351,1408.2152262389982
261352,1195.0015536666194
261353,732.4209470445162
261354,827.5734696890144
261355,402.25791952499196
261356,1563.7963940771842
261357,1350.5827215048052
261358,888.002114882702
261359,983.1546375272002
261360,-311.3402874298322
261361,850.19818712236
261362,636.9845145499812
261363,174.40390792787787
261364,269.55643057237603
261365,136.08045126523461
261366,1297.6189258174265
261367,1084.4052532450478
261368,621.8246466229444
261369,716.9771692674426
261370,291.6616191034203
261371,1453.2000936556124
261372,1239.9864210832336
261373,777.4058144611304
261374,872.5583371056284
261375,-303.26694948855584
261376,858.2715250636362
261377,645.0578524912576
261378,182.4772458691541
261379,277.6297685136523
261380,144.15378920651085
261381,1305.692263758703
261382,1092.4785911863241
261383,629.8979845642208
261384,725.050507208719
261385,299.73495704469667
261386,1461.2734315968887
261387,1248.05975902451
261388,785.4791524024066
261389,880.6316750469048
261390,-509.1986378101601
261391,652.3398367420319
261392,439.1261641696532
261393,-23.454442452450166
261394,71.698080192048
261395,-61.77789911509353
261396,1099.7605754370984
261397,886.5469028647198
261398,423.9662962426164
261399,519.1188188871146
261400,93.80326872309229
261401,1255.3417432752844
261402,1042.1280707029055
261403,579.5474640808022
261404,674.6999867253004
261405,-1134.0909827109438
261406,27.44749184124828
261407,-185.76618073113048
261408,-648.3467873532338
261409,-553.1942647087355
261410,-686.6702440158772
261411,474.8682305363149
261412,261.65455796393616
261413,-200.92604865816713
261414,-105.77352601366908
261415,-531.0890761776914
261416,630.4493983745007
261417,417.2357258021219
261418,-45.34488081998143
261419,49.807641824516736
261420,372.072899776615
261421,1533.611374328807
261422,1320.3977017564282
261423,857.817095134325
261424,952.969617778823
261425,819.4936384716816
261426,1981.0321130238735
261427,1767.8184404514948
261428,1305.2378338293915
261429,1400.3903564738898
261430,975.0748063098674
261431,2136.6132808620596
261432,1923.3996082896808
261433,1460.8190016675774
261434,1555.9715243120754
261435,-188.40473853498474
261436,973.1337360172074
261437,759.9200634448287
261438,297.3394568227253
261439,392.49197946722353
261440,259.0160001600819
261441,1420.554474712274
261442,1207.3408021398952
261443,744.760195517792
261444,839.9127181622902
261445,414.59716799826776
261446,1576.13564255046
261447,1362.921969978081
261448,900.3413633559778
261449,995.493886000476
261450,-299.0010389565564
261451,862.5374355956358
261452,649.323763023257
261453,186.74315640115367
261454,281.89567904565183
261455,148.4196997385103
261456,1309.9581742907021
261457,1096.7445017183236
261458,634.1638950962202
261459,729.3164177407184
261460,304.0008675766961
261461,1465.5393421288882
261462,1252.3256695565094
261463,789.7450629344062
261464,884.8975855789042
261465,-290.92770101528004
261466,870.610773536912
261467,657.3971009645333
261468,194.8164943424299
261469,289.9690169869281
261470,156.49303767978654
261471,1318.0315122319785
261472,1104.8178396596
261473,642.2372330374966
261474,737.3897556819948
261475,312.0742055179725
261476,1473.6126800701645
261477,1260.3990074977858
261478,797.8184008756824
261479,892.9709235201806
261480,-496.8593893368843
261481,664.6790852153077
261482,451.465412642929
261483,-11.115193979174364
261484,84.03732866532391
261485,-49.438650641817844
261486,1112.0998239103742
261487,898.8861513379956
261488,436.3055447158922
261489,531.4580673603904
261490,106.14251719636809
261491,1267.6809917485602
261492,1054.4673191761815
261493,591.886712554078
261494,687.0392351985762
261495,-1121.751734237668
261496,39.78674031452397
261497,-173.42693225785456
261498,-636.007538879958
261499,-540.8550162354597
261500,-674.3309955426014
261501,487.2074790095906
261502,273.99380643721196
261503,-188.58680018489133
261504,-93.43427754039317
261505,-518.7498277044156
261506,642.7886468477764
261507,429.5749742753977
261508,-33.005632346705625
261509,62.14689029779265
261510,384.4121482498907
261511,1545.9506228020828
261512,1332.736950229704
261513,870.1563436076007
261514,965.3088662520988
261515,831.8328869449573
261516,1993.3713614971493
261517,1780.1576889247706
261518,1317.5770823026673
261519,1412.7296049471654
261520,987.4140547831432
261521,2148.9525293353354
261522,1935.7388567629564
261523,1473.1582501408532
261524,1568.3107727853512
261525,-176.06549006170883
261526,985.4729844904832
261527,772.2593119181045
261528,309.6787052960011
261529,404.8312279404993
261530,271.35524863335775
261531,1432.8937231855498
261532,1219.680050613171
261533,757.0994439910678
261534,852.2519666355659
261535,426.9364164715437
261536,1588.4748910237356
261537,1375.2612184513569
261538,912.6806118292536
261539,1007.8331344737518
261540,-210.12968548455353
261541,951.4087890676385
261542,738.1951164952598
261543,275.6145098731565
261544,370.7670325176547
261545,237.29105321051316
261546,1398.8295277627053
261547,1185.6158551903263
261548,723.0352485682231
261549,818.1877712127214
261550,392.8722210486989
261551,1554.410695600891
261552,1341.1970230285124
261553,878.6164164064089
261554,973.7689390509072
261555,-202.05634754327707
261556,959.4821270089149
261557,746.2684544365361
261558,283.6878478144328
261559,378.840370458931
261560,245.3643911517895
261561,1406.9028657039817
261562,1193.6891931316027
261563,731.1085865094994
261564,826.2611091539976
261565,400.9455589899754
261566,1562.4840335421673
261567,1349.2703609697887
261568,886.6897543476853
261569,981.8422769921834
261570,-407.98803586488134
261571,753.5504386873106
261572,540.3367661149318
261573,77.7561594928286
261574,172.90868213732676
261575,39.43270283018501
261576,1200.9711773823772
261577,987.7575048099984
261578,525.1768981878952
261579,620.3294208323932
261580,195.01387066837083
261581,1356.552345220563
261582,1143.3386726481842
261583,680.7580660260809
261584,775.910588670579
261585,-1032.8803807656652
261586,128.65809378652693
261587,-84.55557878585182
261588,-547.1361854079553
261589,-451.98366276345723
261590,-585.4596420705986
261591,576.0788324815935
261592,362.8651599092148
261593,-99.71544671288859
261594,-4.56292406839043
261595,-429.8784742324128
261596,731.6600003197793
261597,518.4463277474006
261598,55.865721125297114
261599,151.0182437697954
261600,473.2835017218936
261601,1634.8219762740857
261602,1421.608303701707
261603,959.0276970796036
261604,1054.1802197241018
261605,920.7042404169601
261606,2082.242714969152
261607,1869.0290423967735
261608,1406.44843577467
261609,1501.6009584191684
261610,1076.285408255146
261611,2237.823882807338
261612,2024.6102102349594
261613,1562.0296036128561
261614,1657.1821262573542
261615,-87.19413658970598
261616,1074.344337962486
261617,861.1306653901073
261618,398.550058768004
261619,493.7025814125022
261620,360.2266021053606
261621,1521.7650766575528
261622,1308.551404085174
261623,845.9707974630707
261624,941.1233201075688
261625,515.8077699435464
261626,1677.3462444957386
261627,1464.1325719233598
261628,1001.5519653012565
261629,1096.7044879457546
261630,-197.79043701127762
261631,963.7480375409144
261632,750.5343649685357
261633,287.9537583464324
261634,383.10628099093054
261635,249.63030168378907
261636,1411.168776235981
261637,1197.9551036636021
261638,735.3744970414989
261639,830.5270196859971
261640,405.2114695219748
261641,1566.7499440741667
261642,1353.5362715017882
261643,890.9556648796847
261644,986.1081875241829
261645,-189.71709907000127
261646,971.8213754821907
261647,758.6077029098119
261648,296.0270962877087
261649,391.17961893220684
261650,257.7036396250653
261651,1419.2421141772575
261652,1206.0284416048785
261653,743.4478349827752
261654,838.6003576272734
261655,413.2848074632511
261656,1574.823282015443
261657,1361.6096094430645
261658,899.0290028209611
261659,994.1815254654592
261660,-395.64878739160554
261661,765.8896871605864
261662,552.6760145882076
261663,90.09540796610429
261664,185.24793061060245
261665,51.771951303460924
261666,1213.310425855653
261667,1000.0967532832742
261668,537.5161466611709
261669,632.668669305669
261670,207.35311914164674
261671,1368.8915936938388
261672,1155.67792112146
261673,693.0973144993567
261674,788.2498371438548
261675,-1020.5411322923894
261676,140.99734225980274
261677,-72.21633031257602
261678,-534.7969369346795
261679,-439.6444142901812
261680,-573.1203935973228
261681,588.4180809548693
261682,375.20440838249056
261683,-87.37619823961268
261684,7.776324404885372
261685,-417.5392257591368
261686,743.9992487930551
261687,530.7855762206764
261688,68.20496959857303
261689,163.3574922430712
261690,485.6227501951695
261691,1647.1612247473615
261692,1433.9475521749828
261693,971.3669455528794
261694,1066.5194681973776
261695,933.0434888902361
261696,2094.581963442428
261697,1881.3682908700493
261698,1418.787684247946
261699,1513.9402068924442
261700,1088.624656728422
261701,2250.163131280614
261702,2036.9494587082352
261703,1574.368852086132
261704,1669.52137473063
261705,-74.85488811643017
261706,1086.6835864357618
261707,873.4699138633831
261708,410.8893072412798
261709,506.041829885778
261710,372.5658505786364
261711,1534.1043251308286
261712,1320.8906525584498
261713,858.3100459363465
261714,953.4625685808446
261715,528.1470184168222
261716,1689.6854929690144
261717,1476.4718203966356
261718,1013.8912137745322
261719,1109.0437364190304
261720,-348.34956841424105
261721,813.1889061379509
261722,599.9752335655721
261723,137.3946269434689
261724,232.54714958796706
261725,99.07117028082553
261726,1260.6096448330175
261727,1047.3959722606387
261728,584.8153656385355
261729,679.9678882830336
261730,254.65233811901135
261731,1416.1908126712033
261732,1202.9771400988247
261733,740.3965334767213
261734,835.5490561212195
261735,-340.2762304729647
261736,821.2622440792272
261737,608.0485715068485
261738,145.46796488474513
261739,240.6204875292433
261740,107.14450822210176
261741,1268.6829827742938
261742,1055.469310201915
261743,592.8887035798118
261744,688.04122622431
261745,262.7256760602877
261746,1424.2641506124796
261747,1211.050478040101
261748,748.4698714179976
261749,843.6223940624958
261750,-546.207918794569
261751,615.330555757623
261752,402.1168831852442
261753,-60.46372343685914
261754,34.68879920763902
261755,-98.78718009950262
261756,1062.7512944526895
261757,849.5376218803108
261758,386.95701525820743
261759,482.1095379027056
261760,56.79398773868331
261761,1218.3324622908754
261762,1005.1187897184966
261763,542.5381830963933
261764,637.6907057408914
261765,-1171.1002636953529
261766,-9.561789143160809
261767,-222.77546171553945
261768,-685.3560683376427
261769,-590.2035456931446
261770,-723.6795250002863
261771,437.8589495519058
261772,224.64527697952713
261773,-237.9353296425761
261774,-142.78280699807806
261775,-568.0983571621002
261776,593.4401173900916
261777,380.22644481771295
261778,-82.3541618043904
261779,12.798360840107762
261780,335.06361879220594
261781,1496.6020933443979
261782,1283.3884207720193
261783,820.8078141499159
261784,915.960336794414
261785,782.4843574872725
261786,1944.0228320394644
261787,1730.809159467086
261788,1268.2285528449825
261789,1363.3810754894807
261790,938.0655253254585
261791,2099.6039998776505
261792,1886.3903273052717
261793,1423.8097206831685
261794,1518.9622433276666
261795,-225.4140195193936
261796,936.1244550327983
261797,722.9107824604197
261798,260.33017583831634
261799,355.4826984828145
261800,222.00671917567297
261801,1383.545193727865
261802,1170.3315211554864
261803,707.750914533383
261804,802.9034371778811
261805,377.5878870138589
261806,1539.126361566051
261807,1325.9126889936722
261808,863.3320823715687
261809,958.484605016067
261810,-336.0103199409655
261811,825.5281546112267
261812,612.3144820388479
261813,149.7338754167447
261814,244.8863980612428
261815,111.41041875410133
261816,1272.9488933062933
261817,1059.7352207339145
261818,597.1546141118113
261819,692.3071367563094
261820,266.9915865922871
261821,1428.530061144479
261822,1215.3163885721005
261823,752.7357819499971
261824,847.8883045944953
261825,-327.9369819996891
261826,833.601492552503
261827,620.3878199801243
261828,157.80721335802093
261829,252.9597360025191
261830,119.48375669537756
261831,1281.0222312475696
261832,1067.8085586751909
261833,605.2279520530876
261834,700.3804746975858
261835,275.06492453356344
261836,1436.6033990857554
261837,1223.389726513377
261838,760.8091198912734
261839,855.9616425357716
261840,-533.8686703212932
261841,627.6698042308986
261842,414.45613165852
261843,-48.124474963583225
261844,47.02804768091494
261845,-86.44793162622682
261846,1075.090542925965
261847,861.8768703535866
261848,399.29626373148324
261849,494.4487863759814
261850,69.133236211959
261851,1230.6717107641512
261852,1017.4580381917724
261853,554.877431569669
261854,650.0299542141672
261855,-1158.761015222077
261856,2.777459330115107
261857,-210.43621324226365
261858,-673.0168198643671
261859,-577.8642972198688
261860,-711.3402765270105
261861,450.1981980251817
261862,236.98452545280293
261863,-225.59608116930042
261864,-130.44355852480226
261865,-555.7591086888247
261866,605.7793658633675
261867,392.56569329098875
261868,-70.01491333111471
261869,25.137609313383564
261870,347.4028672654817
261871,1508.9413418176737
261872,1295.727669245295
261873,833.1470626231917
261874,928.29958526769
261875,794.8236059605483
261876,1956.3620805127405
261877,1743.1484079403617
261878,1280.5678013182583
261879,1375.7203239627565
261880,950.4047737987341
261881,2111.9432483509263
261882,1898.7295757785475
261883,1436.1489691564443
261884,1531.3014918009424
261885,-213.0747710461178
261886,948.4637035060741
261887,735.2500309336955
261888,272.6694243115921
261889,367.82194695609024
261890,234.34596764894877
261891,1395.8844422011407
261892,1182.6707696287622
261893,720.0901630066587
261894,815.2426856511569
261895,389.92713548713465
261896,1551.4656100393267
261897,1338.251937466948
261898,875.6713308448445
261899,970.8238534893428
261900,-323.67107146768967
261901,837.8674030845025
261902,624.6537305121238
261903,162.0731238900205
261904,257.2256465345186
261905,123.74966722737713
261906,1285.2881417795693
261907,1072.0744692071903
261908,609.4938625850871
261909,704.6463852295852
261910,279.33083506556284
261911,1440.8693096177549
261912,1227.6556370453764
261913,765.0750304232729
261914,860.227553067771
261915,-315.5977335264133
261916,845.9407410257788
261917,632.7270684534001
261918,170.14646183129673
261919,265.2989844757949
261920,131.82300516865337
261921,1293.3614797208454
261922,1080.1478071484667
261923,617.5672005263634
261924,712.7197231708615
261925,287.4041730068392
261926,1448.9426475590312
261927,1235.7289749866527
261928,773.1483683645492
261929,868.3008910090474
261930,-521.5294218480176
261931,640.0090527041746
261932,426.79538013179575
261933,-35.78522649030754
261934,59.367296154190626
261935,-74.10868315295102
261936,1087.4297913992411
261937,874.2161188268624
261938,411.63551220475904
261939,506.78803484925714
261940,81.4724846852348
261941,1243.010959237427
261942,1029.7972866650482
261943,567.2166800429449
261944,662.369202687443
261945,-1146.4217667488012
261946,15.11670780339091
261947,-198.09696476898785
261948,-660.6775713910911
261949,-565.525048746593
261950,-699.0010280537347
261951,462.5374464984575
261952,249.32377392607873
261953,-213.25683269602462
261954,-118.10431005152645
261955,-543.4198602155489
261956,618.1186143366433
261957,404.90494176426455
261958,-57.6756648578388
261959,37.476857786659366
261960,359.7421157387575
261961,1521.2805902909495
261962,1308.066917718571
261963,845.4863110964675
261964,940.6388337409658
261965,807.1628544338241
261966,1968.7013289860163
261967,1755.4876564136375
261968,1292.907049791534
261969,1388.0595724360323
261970,962.7440222720099
261971,2124.282496824202
261972,1911.0688242518233
261973,1448.48821762972
261974,1543.6407402742182
261975,-200.735522572842
261976,960.80295197935
261977,747.5892794069713
261978,285.00867278486794
261979,380.1611954293661
261980,246.68521612222452
261981,1408.2236906744165
261982,1195.010018102038
261983,732.4294114799346
261984,827.5819341244327
261985,402.2663839604104
261986,1563.8048585126026
261987,1350.5911859402238
261988,888.0105793181203
261989,983.1631019626186
261990,-311.33182299441364
261991,850.2066515577783
261992,636.9929789853995
261993,174.4123723632963
261994,269.5648950077944
261995,136.08891570065293
261996,1297.6273902528449
261997,1084.413717680466
261998,621.8331110583629
261999,716.985633702861
262000,291.67008353883875
262001,1453.2085580910307
262002,1239.9948855186522
262003,777.4142788965487
262004,872.5668015410469
262005,-303.2584850531373
262006,858.2799894990546
262007,645.0663169266759
262008,182.48571030457254
262009,277.6382329490707
262010,144.16225364192917
262011,1305.7007281941212
262012,1092.4870556217425
262013,629.9064489996392
262014,725.0589716441374
262015,299.7434214801151
262016,1461.281896032307
262017,1248.0682234599285
262018,785.487616837825
262019,880.6401394823232
262020,-509.19017337474156
262021,652.3483011774503
262022,439.1346286050716
262023,-23.445978017031734
262024,71.70654462746643
262025,-61.769434679675214
262026,1099.769039872517
262027,886.5553673001382
262028,423.97476067803484
262029,519.127283322533
262030,93.81173315851072
262031,1255.3502077107028
262032,1042.136535138324
262033,579.5559285162207
262034,674.7084511607188
262035,-1134.0825182755254
262036,27.455956276666598
262037,-185.75771629571204
262038,-648.3383229178155
262039,-553.1858002733172
262040,-686.6617795804589
262041,474.87669497173323
262042,261.6630223993546
262043,-200.9175842227487
262044,-105.76506157825065
262045,-531.0806117422728
262046,630.457862809919
262047,417.24419023754035
262048,-45.336416384562995
262049,49.81610625993517
262050,372.08136421203335
262051,1533.6198387642253
262052,1320.4061661918468
262053,857.8255595697433
262054,952.9780822142415
262055,819.5021029070999
262056,1981.0405774592919
262057,1767.8269048869133
262058,1305.2462982648099
262059,1400.3988209093081
262060,975.0832707452859
262061,2136.621745297478
262062,1923.4080727250991
262063,1460.827466102996
262064,1555.979988747494
262065,-188.3962740995663
262066,973.1422004526257
262067,759.9285278802471
262068,297.34792125814374
262069,392.5004439026419
262070,259.0244645955003
262071,1420.5629391476923
262072,1207.3492665753138
262073,744.7686599532104
262074,839.9211825977085
262075,414.6056324336862
262076,1576.1441069858784
262077,1362.9304344134996
262078,900.3498277913961
262079,995.5023504358944
262080,-298.99257452113807
262081,862.5459000310541
262082,649.3322274586753
262083,186.7516208365721
262084,281.90414348107015
262085,148.42816417392874
262086,1309.9666387261207
262087,1096.752966153742
262088,634.1723595316387
262089,729.3248821761368
262090,304.0093320121145
262091,1465.5478065643065
262092,1252.334133991928
262093,789.7535273698245
262094,884.9060500143227
262095,-290.9192365798617
262096,870.6192379723304
262097,657.4055653999517
262098,194.82495877784834
262099,289.9774814223465
262100,156.50150211520497
262101,1318.039976667397
262102,1104.8263040950183
262103,642.245697472915
262104,737.3982201174131
262105,312.08266995339085
262106,1473.6211445055828
262107,1260.4074719332043
262108,797.8268653111008
262109,892.979387955599
262110,-496.85092490146576
262111,664.687549650726
262112,451.4738770783474
262113,-11.106729543755819
262114,84.04579310074223
262115,-49.43018620639941
262116,1112.1082883457925
262117,898.894615773414
262118,436.31400915131064
262119,531.4665317958088
262120,106.15098163178641
262121,1267.6894561839786
262122,1054.4757836115998
262123,591.8951769894965
262124,687.0476996339946
262125,-1121.7432698022496
262126,39.79520474994251
262127,-173.41846782243624
262128,-635.9990744445397
262129,-540.8465518000414
262130,-674.3225311071831
262131,487.21594344500903
262132,274.0022708726303
262133,-188.578335749473
262134,-93.42581310497485
262135,-518.7413632689972
262136,642.7971112831949
262137,429.58343871081615
262138,-32.997167911287306
262139,62.15535473321097
262140,384.4206126853091
262141,1545.959087237501
262142,1332.7454146651223
262143,870.1648080430191
262144,965.3173306875171
262145,831.8413513803757
262146,1993.3798259325677
262147,1780.166153360189
262148,1317.5855467380857
262149,1412.738069382584
262150,987.4225192185615
262151,2148.9609937707537
262152,1935.747321198375
262153,1473.1667145762715
262154,1568.3192372207698
262155,-176.0570256262904
262156,985.4814489259015
262157,772.2677763535229
262158,309.6871697314195
262159,404.83969237591765
262160,271.3637130687762
262161,1432.902187620968
262162,1219.6885150485896
262163,757.1079084264861
262164,852.2604310709843
262165,426.94488090696206
262166,1588.4833554591542
262167,1375.2696828867754
262168,912.6890762646719
262169,1007.8415989091702
262170,-210.1212210491351
262171,951.417253503057
262172,738.2035809306783
262173,275.62297430857495
262174,370.7754969530731
262175,237.2995176459316
262176,1398.8379921981236
262177,1185.6243196257449
262178,723.0437130036415
262179,818.1962356481397
262180,392.8806854841173
262181,1554.4191600363094
262182,1341.2054874639307
262183,878.6248808418273
262184,973.7774034863255
262185,-202.04788310785864
262186,959.4905914443333
262187,746.2769188719545
262188,283.69631224985125
262189,378.8488348943494
262190,245.37285558720794
262191,1406.9113301394
262192,1193.697657567021
262193,731.1170509449179
262194,826.269573589416
262195,400.95402342539376
262196,1562.4924979775858
262197,1349.278825405207
262198,886.6982187831036
262199,981.8507414276019
262200,-407.979571429463
262201,753.558903122729
262202,540.3452305503502
262203,77.76462392824692
262204,172.91714657274508
262205,39.44116726560344
262206,1200.9796418177957
262207,987.7659692454167
262208,525.1853626233135
262209,620.3378852678117
262210,195.02233510378926
262211,1356.5608096559813
262212,1143.3471370836028
262213,680.7665304614993
262214,775.9190531059975
262215,-1032.871916330247
262216,128.66655822194537
262217,-84.54711435043339
262218,-547.1277209725367
262219,-451.9751983280387
262220,-585.4511776351803
262221,576.0872969170119
262222,362.8736243446332
262223,-99.70698227747016
262224,-4.554459632971998
262225,-429.8700097969943
262226,731.6684647551978
262227,518.454792182819
262228,55.87418556071566
262229,151.02670820521382
262230,473.291966157312
262231,1634.830440709504
262232,1421.6167681371253
262233,959.0361615150221
262234,1054.18868415952
262235,920.7127048523786
262236,2082.2511794045704
262237,1869.0375068321919
262238,1406.4569002100886
262239,1501.6094228545867
262240,1076.2938726905645
262241,2237.8323472427564
262242,2024.6186746703777
262243,1562.0380680482745
262244,1657.1905906927727
262245,-87.18567215428754
262246,1074.3528023979045
262247,861.1391298255257
262248,398.55852320342245
262249,493.7110458479206
262250,360.23506654077903
262251,1521.7735410929713
262252,1308.5598685205923
262253,845.9792618984891
262254,941.1317845429871
262255,515.8162343789649
262256,1677.354708931157
262257,1464.1410363587781
262258,1001.5604297366749
262259,1096.712952381173
262260,-197.7819725758593
262261,963.7565019763329
262262,750.542829403954
262263,287.96222278185076
262264,383.1147454263489
262265,249.63876611920745
262266,1411.1772406713994
262267,1197.9635680990207
262268,735.3829614769173
262269,830.5354841214155
262270,405.2199339573932
262271,1566.758408509585
262272,1353.5447359372065
262273,890.9641293151033
262274,986.1166519596013
262275,-189.70863463458295
262276,971.8298399176091
262277,758.6161673452303
262278,296.035560723127
262279,391.1880833676252
262280,257.7121040604837
262281,1419.2505786126758
262282,1206.036906040297
262283,743.4562994181937
262284,838.6088220626918
262285,413.29327189866956
262286,1574.8317464508614
262287,1361.6180738784828
262288,899.0374672563795
262289,994.1899899008777
262290,-395.6403229561872
262291,765.8981515960047
262292,552.684479023626
262293,90.10387240152272
262294,185.25639504602088
262295,51.780415738879356
262296,1213.3188902910715
262297,1000.1052177186925
262298,537.5246110965893
262299,632.6771337410875
262300,207.36158357706518
262301,1368.900058129257
262302,1155.6863855568786
262303,693.1057789347751
262304,788.2583015792733
262305,-1020.5326678569711
262306,141.00580669522105
262307,-72.2078658771577
262308,-534.7884724992612
262309,-439.6359498547629
262310,-573.1119291619043
262311,588.4265453902876
262312,375.212872817909
262313,-87.36773380419436
262314,7.784788840303804
262315,-417.5307613237185
262316,744.0077132284734
262317,530.7940406560948
262318,68.21343403399146
262319,163.36595667848962
262320,485.63121463058786
262321,1647.1696891827798
262322,1433.956016610401
262323,971.3754099882979
262324,1066.527932632796
262325,933.0519533256545
262326,2094.590427877846
262327,1881.3767553054677
262328,1418.7961486833644
262329,1513.9486713278625
262330,1088.6331211638403
262331,2250.1715957160322
262332,2036.9579231436535
262333,1574.3773165215503
262334,1669.5298391660485
262335,-74.84642368101186
262336,1086.6920508711803
262337,873.4783782988015
262338,410.8977716766982
262339,506.05029432119636
262340,372.5743150140548
262341,1534.1127895662469
262342,1320.8991169938681
262343,858.3185103717649
262344,953.4710330162629
262345,528.1554828522407
262346,1689.6939574044327
262347,1476.480284832054
262348,1013.8996782099507
262349,1109.0522008544488
262350,-348.34110397882273
262351,813.1973705733693
262352,599.9836980009906
262353,137.4030913788872
262354,232.55561402338537
262355,99.07963471624396
262356,1260.618109268436
262357,1047.4044366960572
262358,584.8238300739539
262359,679.9763527184521
262360,254.66080255442972
262361,1416.1992771066218
262362,1202.985604534243
262363,740.4049979121397
262364,835.5575205566379
262365,-340.2677660375464
262366,821.2707085146455
262367,608.0570359422669
262368,145.47642932016356
262369,240.62895196466172
262370,107.1529726575202
262371,1268.6914472097124
262372,1055.4777746373336
262373,592.8971680152301
262374,688.0496906597283
262375,262.7341404957061
262376,1424.272615047898
262377,1211.0589424755194
262378,748.478335853416
262379,843.6308584979142
262380,-546.1994543591506
262381,615.3390201930413
262382,402.12534762066264
262383,-60.45525900144071
262384,34.697263643057454
262385,-98.77871566408419
262386,1062.7597588881079
262387,849.5460863157291
262388,386.96547969362587
262389,482.118002338124
262390,56.802452174101745
262391,1218.3409267262937
262392,1005.127254153915
262393,542.5466475318117
262394,637.6991701763098
262395,-1171.0917992599345
262396,-9.553324707742377
262397,-222.76699728012113
262398,-685.3476039022244
262399,-590.1950812577263
262400,-723.671060564868
262401,437.86741398732426
262402,224.65374141494544
262403,-237.9268652071578
262404,-142.77434256265974
262405,-568.0898927266819
262406,593.44858182551
262407,380.2349092531314
262408,-82.34569736897208
262409,12.80682527552608
262410,335.0720832276243
262411,1496.6105577798162
262412,1283.3968852074377
262413,820.8162785853342
262414,915.9688012298325
262415,782.492821922691
262416,1944.031296474883
262417,1730.8176239025042
262418,1268.2370172804008
262419,1363.389539924899
262420,938.0739897608769
262421,2099.612464313069
262422,1886.39879174069
262423,1423.8181851185868
262424,1518.9707077630849
262425,-225.4055550839753
262426,936.1329194682168
262427,722.919246895838
262428,260.33864027373465
262429,355.4911629182329
262430,222.0151836110914
262431,1383.5536581632834
262432,1170.3399855909047
262433,707.7593789688013
262434,802.9119016132995
262435,377.5963514492773
262436,1539.1348260014693
262437,1325.9211534290905
262438,863.3405468069872
262439,958.4930694514853
262440,-336.0018555055469
262441,825.5366190466451
262442,612.3229464742665
262443,149.742339852163
262444,244.89486249666123
262445,111.41888318951976
262446,1272.9573577417118
262447,1059.743685169333
262448,597.1630785472297
262449,692.3156011917279
262450,267.00005102770547
262451,1428.5385255798976
262452,1215.3248530075189
262453,752.7442463854155
262454,847.8967690299137
262455,-327.9285175642706
262456,833.6099569879215
262457,620.3962844155427
262458,157.81567779343936
262459,252.96820043793753
262460,119.492221130796
262461,1281.0306956829882
262462,1067.8170231106094
262463,605.2364164885059
262464,700.3889391330041
262465,275.0733889689818
262466,1436.611863521174
262467,1223.3981909487952
262468,760.8175843266919
262469,855.97010697119
262470,-533.8602058858748
262471,627.6782686663171
262472,414.4645960939383
262473,-48.11601052816491
262474,47.036512116333256
262475,-86.43946719080839
262476,1075.0990073613837
262477,861.8853347890049
262478,399.30472816690167
262479,494.4572508113998
262480,69.14170064737743
262481,1230.6801751995695
262482,1017.4665026271907
262483,554.8858960050875
262484,650.0384186495857
262485,-1158.7525507866585
262486,2.785923765533539
262487,-210.42774880684522
262488,-673.0083554289486
262489,-577.8558327844503
262490,-711.3318120915922
262491,450.2066624606001
262492,236.99298988822136
262493,-225.587616733882
262494,-130.43509408938382
262495,-555.7506442534061
262496,605.7878302987858
262497,392.5741577264071
262498,-70.00644889569617
262499,25.146073748801996
262500,347.4113317009001
262501,1508.949806253092
262502,1295.7361336807135
262503,833.1555270586101
262504,928.3080497031083
262505,794.8320703959668
262506,1956.3705449481588
262507,1743.15687237578
262508,1280.5762657536766
262509,1375.7287883981749
262510,950.4132382341526
262511,2111.9517127863446
262512,1898.7380402139659
262513,1436.1574335918626
262514,1531.309956236361
262515,-213.06630661069948
262516,948.4721679414927
262517,735.2584953691139
262518,272.6778887470105
262519,367.8304113915087
262520,234.3544320843672
262521,1395.8929066365592
262522,1182.6792340641805
262523,720.0986274420771
262524,815.2511500865753
262525,389.935599922553
262526,1551.474074474745
262527,1338.2604019023663
262528,875.679795280263
262529,970.8323179247611
262530,-323.6626070322711
262531,837.8758675199209
262532,624.6621949475422
262533,162.08158832543882
262534,257.234110969937
262535,123.75813166279545
262536,1285.2966062149876
262537,1072.0829336426089
262538,609.5023270205054
262539,704.6548496650037
262540,279.33929950098127
262541,1440.8777740531732
262542,1227.6641014807947
262543,765.0834948586913
262544,860.2360175031895
262545,-315.5892690909948
262546,845.9492054611972
262547,632.7355328888185
262548,170.15492626671517
262549,265.3074489112133
262550,131.83146960407169
262551,1293.3699441562637
262552,1080.156271583885
262553,617.5756649617817
262554,712.7281876062799
262555,287.4126374422576
262556,1448.9511119944495
262557,1235.737439422071
262558,773.1568327999676
262559,868.3093554444658
262560,-521.520957412599
262561,640.0175171395929
262562,426.8038445672142
262563,-35.776762054889105
262564,59.37576058960906
262565,-74.1002187175327
262566,1087.4382558346595
262567,874.2245832622807
262568,411.6439766401774
262569,506.7964992846755
262570,81.48094912065324
262571,1243.0194236728453
262572,1029.8057511004668
262573,567.2251444783633
262574,662.3776671228615
262575,-1146.413302313383
262576,15.125172238809228
262577,-198.0885003335694
262578,-660.6691069556728
262579,-565.5165843111747
262580,-698.9925636183164
262581,462.5459109338758
262582,249.33223836149716
262583,-213.24836826060618
262584,-118.09584561610802
262585,-543.4113957801303
262586,618.1270787720616
262587,404.913406199683
262588,-57.667200422420365
262589,37.4853222220778
262590,359.75058017417587
262591,1521.289054726368
262592,1308.0753821539893
262593,845.4947755318859
262594,940.6472981763841
262595,807.1713188692424
262596,1968.7097934214346
262597,1755.4961208490558
262598,1292.9155142269524
262599,1388.0680368714507
262600,962.7524867074284
262601,2124.2909612596204
262602,1911.0772886872417
262603,1448.4966820651384
262604,1543.6492047096367
262605,-200.72705813742368
262606,960.8114164147685
262607,747.5977438423897
262608,285.0171372202863
262609,380.1696598647845
262610,246.69368055764295
262611,1408.2321551098348
262612,1195.0184825374563
262613,732.437875915353
262614,827.5903985598511
262615,402.2748483958288
262616,1563.8133229480209
262617,1350.5996503756423
262618,888.0190437535388
262619,983.1715663980369
262620,-311.3233585589953
262621,850.2151159931967
262622,637.001443420818
262623,174.42083679871462
262624,269.5733594432128
262625,136.09738013607137
262626,1297.6358546882634
262627,1084.4221821158847
262628,621.8415754937813
262629,716.9940981382795
262630,291.6785479742571
262631,1453.2170225264492
262632,1240.0033499540705
262633,777.4227433319671
262634,872.5752659764653
262635,-303.250020617719
262636,858.288453934473
262637,645.0747813620943
262638,182.49417473999097
262639,277.6466973844891
262640,144.1707180773476
262641,1305.7091926295398
262642,1092.4955200571608
262643,629.9149134350577
262644,725.0674360795557
262645,299.7518859155335
262646,1461.2903604677253
262647,1248.0766878953468
262648,785.4960812732434
262649,880.6486039177416
262650,-509.18170893932324
262651,652.3567656128687
262652,439.14309304049004
262653,-23.437513581613302
262654,71.71500906288486
262655,-61.76097024425678
262656,1099.7775043079353
262657,886.5638317355565
262658,423.9832251134532
262659,519.1357477579513
262660,93.82019759392915
262661,1255.358672146121
262662,1042.1449995737426
262663,579.5643929516391
262664,674.7169155961373
262665,-1134.0740538401071
262666,27.46442071208503
262667,-185.74925186029373
262668,-648.3298584823972
262669,-553.1773358378989
262670,-686.6533151450403
262671,474.88515940715166
262672,261.671486834773
262673,-200.90911978733027
262674,-105.75659714283222
262675,-531.0721473068545
262676,630.4663272453374
262677,417.2526546729588
262678,-45.32795194914456
262679,49.8245706953536
262680,372.0898286474517
262681,1533.6283031996436
262682,1320.414630627265
262683,857.8340240051616
262684,952.9865466496599
262685,819.5105673425184
262686,1981.0490418947104
262687,1767.8353693223316
262688,1305.2547627002282
262689,1400.4072853447265
262690,975.0917351807043
262691,2136.630209732896
262692,1923.4165371605175
262693,1460.8359305384142
262694,1555.9884531829123
262695,-188.38780966414788
262696,973.1506648880442
262697,759.9369923156654
262698,297.35638569356206
262699,392.5089083380603
262700,259.0329290309187
262701,1420.5714035831109
262702,1207.357731010732
262703,744.7771243886287
262704,839.9296470331269
262705,414.61409686910457
262706,1576.1525714212967
262707,1362.938898848918
262708,900.3582922268146
262709,995.5108148713127
262710,-298.9841100857195
262711,862.5543644664725
262712,649.3406918940938
262713,186.76008527199042
262714,281.9126079164886
262715,148.43662860934717
262716,1309.9751031615392
262717,1096.7614305891605
262718,634.1808239670571
262719,729.3333466115553
262720,304.0177964475329
262721,1465.556270999725
262722,1252.3425984273463
262723,789.7619918052429
262724,884.9145144497411
262725,-290.9107721444432
262726,870.6277024077489
262727,657.4140298353701
262728,194.83342321326677
262729,289.98594585776493
262730,156.5099665506234
262731,1318.0484411028156
262732,1104.8347685304366
262733,642.2541619083333
262734,737.4066845528315
262735,312.0911343888092
262736,1473.6296089410012
262737,1260.4159363686226
262738,797.8353297465192
262739,892.9878523910174
262740,-496.84246046604744
262741,664.6960140861445
262742,451.48234151376573
262743,-11.0982651083375
262744,84.05425753616055
262745,-49.42172177098098
262746,1112.116752781211
262747,898.9030802088323
262748,436.322473586729
262749,531.4749962312271
262750,106.15944606720484
262751,1267.6979206193969
262752,1054.4842480470181
262753,591.9036414249149
262754,687.0561640694131
262755,-1121.7348053668313
262756,39.80366918536083
262757,-173.41000338701792
262758,-635.9906100091214
262759,-540.8380873646231
262760,-674.3140666717647
262761,487.22440788042746
262762,274.0107353080487
262763,-188.56987131405458
262764,-93.41734866955642
262765,-518.7328988335787
262766,642.8055757186132
262767,429.59190314623453
262768,-32.98870347586876
262769,62.16381916862929
262770,384.4290771207275
262771,1545.9675516729194
262772,1332.7538791005409
262773,870.1732724784374
262774,965.3257951229357
262775,831.8498158157942
262776,1993.3882903679862
262777,1780.1746177956074
262778,1317.594011173504
262779,1412.7465338180023
262780,987.43098365398
262781,2148.969458206172
262782,1935.7557856337933
262783,1473.17517901169
262784,1568.327701656188
262785,-176.04856119087208
262786,985.4899133613201
262787,772.2762407889413
262788,309.6956341668379
262789,404.8481568113361
262790,271.3721775041946
262791,1432.9106520563867
262792,1219.696979484008
262793,757.1163728619046
262794,852.2688955064027
262795,426.95334534238043
262796,1588.4918198945725
262797,1375.2781473221937
262798,912.6975407000904
262799,1007.8500633445885
262800,-210.11275661371678
262801,951.4257179384754
262802,738.2120453660966
262803,275.63143874399333
262804,370.7839613884915
262805,237.30798208135002
262806,1398.846456633542
262807,1185.6327840611632
262808,723.05217743906
262809,818.2047000835581
262810,392.8891499195357
262811,1554.4276244717278
262812,1341.213951899349
262813,878.6333452772458
262814,973.7858679217439
262815,-202.0394186724402
262816,959.4990558797517
262817,746.285383307373
262818,283.7047766852696
262819,378.8572993297678
262820,245.3813200226263
262821,1406.9197945748183
262822,1193.7061220024395
262823,731.1255153803363
262824,826.2780380248344
262825,400.9624878608122
262826,1562.5009624130041
262827,1349.2872898406254
262828,886.7066832185221
262829,981.8592058630202
262830,-407.9711069940447
262831,753.5673675581473
262832,540.3536949857686
262833,77.77308836366524
262834,172.92561100816351
262835,39.44963170102187
262836,1200.988106253214
262837,987.7744336808353
262838,525.1938270587319
262839,620.3463497032301
262840,195.0307995392077
262841,1356.5692740913996
262842,1143.355601519021
262843,680.7749948969176
262844,775.9275175414159
262845,-1032.8634518948286
262846,128.67502265736368
262847,-84.53864991501507
262848,-547.1192565371184
262849,-451.96673389262037
262850,-585.4427131997618
262851,576.0957613524303
262852,362.8820887800516
262853,-99.69851784205173
262854,-4.545995197553566
262855,-429.86154536157596
262856,731.6769291906161
262857,518.4632566182374
262858,55.88264999613398
262859,151.03517264063225
262860,473.3004305927304
262861,1634.8389051449226
262862,1421.6252325725436
262863,959.0446259504404
262864,1054.1971485949387
262865,920.721169287797
262866,2082.2596438399887
262867,1869.0459712676104
262868,1406.4653646455072
262869,1501.6178872900052
262870,1076.3023371259828
262871,2237.8408116781748
262872,2024.6271391057962
262873,1562.0465324836928
262874,1657.199055128191
262875,-87.17720771886911
262876,1074.3612668333228
262877,861.1475942609441
262878,398.5669876388408
262879,493.719510283339
262880,360.2435309761974
262881,1521.7820055283896
262882,1308.5683329560106
262883,845.9877263339075
262884,941.1402489784056
262885,515.8246988143833
262886,1677.3631733665752
262887,1464.1495007941967
262888,1001.5688941720932
262889,1096.7214168165915
262890,-197.77350814044087
262891,963.7649664117512
262892,750.5512938393724
262893,287.97068721726913
262894,383.1232098617673
262895,249.64723055462588
262896,1411.185705106818
262897,1197.972032534439
262898,735.3914259123358
262899,830.5439485568339
262900,405.2283983928116
262901,1566.7668729450038
262902,1353.5532003726248
262903,890.9725937505216
262904,986.1251163950197
262905,-189.70017019916452
262906,971.8383043530275
262907,758.6246317806487
262908,296.0440251585454
262909,391.1965478030436
262910,257.7205684959021
262911,1419.259043048094
262912,1206.0453704757153
262913,743.4647638536121
262914,838.6172864981102
262915,413.30173633408793
262916,1574.8402108862801
262917,1361.6265383139012
262918,899.0459316917978
262919,994.198454336296
262920,-395.6318585207689
262921,765.9066160314231
262922,552.6929434590445
262923,90.11233683694115
262924,185.26485948143932
262925,51.788880174297674
262926,1213.3273547264898
262927,1000.113682154111
262928,537.5330755320077
262929,632.6855981765059
262930,207.3700480124835
262931,1368.9085225646756
262932,1155.694849992297
262933,693.1142433701934
262934,788.2667660146917
262935,-1020.5242034215523
262936,141.0142711306395
262937,-72.19940144173927
262938,-534.7800080638424
262939,-439.62748541934434
262940,-573.1034647264858
262941,588.4350098257062
262942,375.2213372533274
262943,-87.35926936877581
262944,7.793253275722236
262945,-417.52229688830016
262946,744.016177663892
262947,530.8025050915132
262948,68.2218984694099
262949,163.37442111390806
262950,485.63967906600624
262951,1647.1781536181984
262952,1433.9644810458194
262953,971.3838744237162
262954,1066.5363970682142
262955,933.0604177610728
262956,2094.598892313265
262957,1881.3852197408862
262958,1418.8046131187828
262959,1513.9571357632808
262960,1088.6415855992586
262961,2250.1800601514506
262962,2036.966387579072
262963,1574.3857809569686
262964,1669.5383036014669
262965,-74.83795924559342
262966,1086.7005153065986
262967,873.4868427342199
262968,410.9062361121166
262969,506.05875875661474
262970,372.5827794494732
262971,1534.1212540016654
262972,1320.9075814292864
262973,858.3269748071832
262974,953.4794974516814
262975,528.1639472876591
262976,1689.7024218398512
262977,1476.4887492674725
262978,1013.908142645369
262979,1109.0606652898673
262980,-347.6164096121822
262981,813.9220649400098
262982,600.7083923676311
262983,138.12778574552772
262984,233.28030839002588
262985,99.80432908288435
262986,1261.3428036350765
262987,1048.1291310626978
262988,585.5485244405943
262989,680.7010470850925
262990,255.38549692107028
262991,1416.923971473262
262992,1203.7102989008836
262993,741.1296922787801
262994,836.2822149232784
262995,-339.5430716709059
262996,821.995402881286
262997,608.7817303089073
262998,146.20112368680395
262999,241.35364633130217
263000,107.8776670241607
263001,1269.4161415763529
263002,1056.2024690039739
263003,593.6218623818706
263004,688.7743850263688
263005,263.45883486234663
263006,1424.9973094145384
263007,1211.78363684216
263008,749.2030302200565
263009,844.3555528645546
263010,-545.4747599925101
263011,616.0637145596818
263012,402.85004198730303
263013,-59.73056463480032
263014,35.42195800969796
263015,-98.05402129744368
263016,1063.4844532547484
263017,850.2707806823696
263018,387.69017406026626
263019,482.8426967047644
263020,57.52714654074225
263021,1219.0656210929342
263022,1005.8519485205555
263023,543.2713418984521
263024,638.4238645429502
263025,-1170.3671048932938
263026,-8.82863034110187
263027,-222.0423029134805
263028,-684.6229095355839
263029,-589.4703868910858
263030,-722.9463661982272
263031,438.59210835396476
263032,225.37843578158606
263033,-237.20217084051728
263034,-142.04964819601912
263035,-567.3651983600414
263036,594.1732761921505
263037,380.95960361977177
263038,-81.62100300233158
263039,13.5315196421667
263040,335.79677759426477
263041,1497.3352521464567
263042,1284.1215795740782
263043,821.5409729519747
263044,916.6934955964729
263045,783.2175162893313
263046,1944.7559908415235
263047,1731.5423182691447
263048,1268.9617116470413
263049,1364.1142342915396
263050,938.7986841275173
263051,2100.3371586797093
263052,1887.1234861073306
263053,1424.5428794852273
263054,1519.6954021297254
263055,-224.68086071733478
263056,936.8576138348573
263057,723.6439412624785
263058,261.06333464037516
263059,356.2158572848733
263060,222.7398779777318
263061,1384.278352529924
263062,1171.0646799575452
263063,708.4840733354418
263064,803.63659597994
263065,378.3210458159177
263066,1539.8595203681098
263067,1326.645847795731
263068,864.0652411736276
263069,959.2177638181258
263070,-335.2771611389064
263071,826.2613134132855
263072,613.0476408409069
263073,150.46703421880352
263074,245.61955686330168
263075,112.14357755616015
263076,1273.6820521083523
263077,1060.4683795359736
263078,597.8877729138701
263079,693.0402955583683
263080,267.72474539434603
263081,1429.2632199465381
263082,1216.0495473741594
263083,753.4689407520559
263084,848.6214633965542
263085,-327.2038231976303
263086,834.3346513545619
263087,621.1209787821831
263088,158.54037216007976
263089,253.69289480457797
263090,120.2169154974365
263091,1281.7553900496287
263092,1068.5417174772497
263093,605.9611108551464
263094,701.1136334996446
263095,275.79808333562227
263096,1437.3365578878145
263097,1224.1228853154357
263098,761.5422786933323
263099,856.6948013378304
263100,-533.1355115192343
263101,628.4029630329576
263102,415.1892904605789
263103,-47.3913161615244
263104,47.76120648297376
263105,-85.71477282416788
263106,1075.8237017280242
263107,862.6100291556454
263108,400.02942253354206
263109,495.1819451780402
263110,69.86639501401783
263111,1231.40486956621
263112,1018.1911969938312
263113,555.6105903717279
263114,650.763113016226
263115,-1158.0278564200182
263116,3.5106181321739314
263117,-209.70305444020482
263118,-672.2836610623083
263119,-577.13113841781
263120,-710.6071177249516
263121,450.93135682724056
263122,237.71768425486175
263123,-224.8629223672416
263124,-129.71039972274343
263125,-555.0259498867658
263126,606.5125246654263
263127,393.2988520930476
263128,-69.28175452905589
263129,25.870768115442388
263130,348.1360260675405
263131,1509.6745006197325
263132,1296.4608280473537
263133,833.8802214252505
263134,929.0327440697488
263135,795.5567647626071
263136,1957.0952393147993
263137,1743.8815667424205
263138,1281.300960120317
263139,1376.4534827648154
263140,951.137932600793
263141,2112.676407152985
263142,1899.4627345806064
263143,1436.8821279585031
263144,1532.0346506030012
263145,-212.34161224405898
263146,949.1968623081331
263147,735.9831897357543
263148,273.4025831136509
263149,368.5551057581491
263150,235.0791264510076
263151,1396.6176010031998
263152,1183.403928430821
263153,720.8233218087177
263154,815.9758444532158
263155,390.6602942891935
263156,1552.1987688413856
263157,1338.9850962690068
263158,876.4044896469034
263159,971.5570122914016
263160,-322.9379126656306
263161,838.6005618865614
263162,625.3868893141826
263163,162.8062826920792
263164,257.9588053365774
263165,124.48282602943596
263166,1286.021300581628
263167,1072.8076280092491
263168,610.2270213871459
263169,705.3795440316441
263170,280.0639938676218
263171,1441.602468419814
263172,1228.3887958474352
263173,765.8081892253317
263174,860.96071186983
263175,-314.86457472435427
263176,846.6738998278377
263177,633.4602272554589
263178,170.87962063335544
263179,266.0321432778537
263180,132.5561639707123
263181,1294.0946385229042
263182,1080.8809659505255
263183,618.3003593284222
263184,713.4528819729204
263185,288.1373318088981
263186,1449.67580636109
263187,1236.4621337887115
263188,773.8815271666081
263189,869.0340498111062
263190,-520.7962630459585
263191,640.7422115062334
263192,427.52853893385463
263193,-35.05206768824871
263194,60.10045495624945
263195,-73.37552435089219
263196,1088.1629502013
263197,874.9492776289212
263198,412.36867100681786
263199,507.521193651316
263200,82.20564348729374
263201,1243.7441180394858
263202,1030.530445467107
263203,567.9498388450037
263204,663.1023614895018
263205,-1145.6886079467424
263206,15.849866605449733
263207,-197.36380596692914
263208,-659.9444125890325
263209,-564.7918899445342
263210,-698.2678692516758
263211,463.2706053005163
263212,250.0569327281376
263213,-212.52367389396568
263214,-117.37115124946763
263215,-542.6867014134898
263216,618.8517731387021
263217,405.6381005663234
263218,-56.94250605577997
263219,38.21001658871819
263220,360.47527454081626
263221,1522.0137490930083
263222,1308.8000765206298
263223,846.2194698985263
263224,941.3719925430245
263225,807.896013235883
263226,1969.434487788075
263227,1756.2208152156963
263228,1293.640208593593
263229,1388.7927312380912
263230,963.4771810740688
263231,2125.015655626261
263232,1911.8019830538822
263233,1449.221376431779
263234,1544.373899076277
263235,-200.0023637707833
263236,961.5361107814089
263237,748.3224382090301
263238,285.7418315869267
263239,380.8943542314249
263240,247.4183749242834
263241,1408.9568494764753
263242,1195.7431769040968
263243,733.1625702819935
263244,828.3150929264916
263245,402.9995427624692
263246,1564.5380173146614
263247,1351.3243447422826
263248,888.7437381201792
263249,983.8962607646774
263250,-310.5986641923548
263251,850.9398103598372
263252,637.7261377874585
263253,175.14553116535512
263254,270.2980538098533
263255,136.82207450271176
263256,1298.360549054904
263257,1085.146876482525
263258,622.5662698604217
263259,717.7187925049199
263260,292.4032423408977
263261,1453.9417168930895
263262,1240.728044320711
263263,778.1474376986075
263264,873.2999603431058
263265,-302.52532625107847
263266,859.0131483011135
263267,645.7994757287347
263268,183.21886910663136
263269,278.3713917511296
263270,144.8954124439881
263271,1306.4338869961803
263272,1093.2202144238013
263273,630.639607801698
263274,725.7921304461962
263275,300.47658028217404
263276,1462.0150548343659
263277,1248.8013822619873
263278,786.2207756398839
263279,881.373298284382
263280,-508.45701457268274
263281,653.0814599795092
263282,439.86778740713044
263283,-22.71281921497291
263284,72.43970342952537
263285,-61.036275877616276
263286,1100.5021986745758
263287,887.288526102197
263288,424.70791948009366
263289,519.8604421245918
263290,94.54489196056966
263291,1256.0833665127616
263292,1042.8696939403828
263293,580.2890873182795
263294,675.4416099627776
263295,-1133.3493594734664
263296,28.189115078725536
263297,-185.0245574936531
263298,-647.6051641157567
263299,-552.4526414712584
263300,-685.9286207783998
263301,475.6098537737921
263302,262.39618120141347
263303,-200.18442542068988
263304,-105.03190277619171
263305,-530.347452940214
263306,631.1910216119779
263307,417.97734903959923
263308,-44.60325758250417
263309,50.549265061994106
263310,372.8145230140922
263311,1534.352997566284
263312,1321.1393249939056
263313,858.5587183718021
263314,953.7112410163003
263315,820.2352617091587
263316,1981.773736261351
263317,1768.5600636889721
263318,1305.9794570668687
263319,1401.131979711367
263320,975.8164295473447
263321,2137.3549040995367
263322,1924.141231527158
263323,1461.5606249050547
263324,1556.7131475495528
263325,-187.66311529750737
263326,973.8753592546847
263327,760.6616866823059
263328,298.08108006020257
263329,393.23360270470073
263330,259.7576233975592
263331,1421.2960979497514
263332,1208.0824253773726
263333,745.5018187552693
263334,840.6543413997674
263335,415.33879123574513
263336,1576.8772657879372
263337,1363.6635932155584
263338,901.082986593455
263339,996.2355092379532
263340,-298.259415719079
263341,863.2790588331129
263342,650.0653862607343
263343,187.48477963863093
263344,282.63730228312903
263345,149.16132297598756
263346,1310.6997975281797
263347,1097.4861249558007
263348,634.9055183336975
263349,730.0580409781957
263350,304.74249081417344
263351,1466.2809653663655
263352,1253.0672927939868
263353,790.4866861718833
263354,885.6392088163816
263355,-290.1860777778029
263356,871.3523967743893
263357,658.1387242020105
263358,195.55811757990716
263359,290.7106402244053
263360,157.2346609172639
263361,1318.773135469456
263362,1105.559462897077
263363,642.9788562749739
263364,738.131378919472
263365,312.8158287554497
263366,1474.3543033076419
263367,1261.1406307352631
263368,798.5600241131597
263369,893.7125467576578
263370,-496.11776609940694
263371,665.420708452785
263372,452.2070358804063
263373,-10.373570741696994
263374,84.77895190280117
263375,-48.697027404340474
263376,1112.8414471478516
263377,899.6277745754728
263378,437.04716795336947
263379,532.1996905978676
263380,106.88414043384523
263381,1268.4226149860374
263382,1055.2089424136586
263383,592.6283357915553
263384,687.7808584360534
263385,-1121.0101110001908
263386,40.52836355200134
263387,-172.68530902037742
263388,-635.2659156424809
263389,-540.1133929979826
263390,-673.5893723051242
263391,487.94910224706797
263392,274.73542967468916
263393,-187.8451769474142
263394,-92.69265430291603
263395,-518.0082044669384
263396,643.5302700852537
263397,430.31659751287503
263398,-32.26400910922848
263399,62.888513535269794
263400,385.1537714873679
263401,1546.69224603956
263402,1333.4785734671811
263403,870.8979668450779
263404,966.050489489576
263405,832.5745101824346
263406,1994.1129847346267
263407,1780.8993121622477
263408,1318.3187055401445
263409,1413.4712281846428
263410,988.1556780206204
263411,2149.6941525728125
263412,1936.4804800004338
263413,1473.8998733783303
263414,1569.0523960228286
263415,-175.32386682423157
263416,986.2146077279605
263417,773.0009351555817
263418,310.4203285334783
263419,405.57285117797653
263420,272.096871870835
263421,1433.6353464230272
263422,1220.4216738506484
263423,757.8410672285451
263424,852.9935898730432
263425,427.6780397090209
263426,1589.216514261213
263427,1376.0028416888342
263428,913.4222350667308
263429,1008.574757711229
263430,-209.38806224707628
263431,952.1504123051159
263432,738.936739732737
263433,276.3561331106337
263434,371.50865575513194
263435,238.0326764479904
263436,1399.5711510001825
263437,1186.3574784278037
263438,723.7768718057004
263439,818.9293944501985
263440,393.61384428617623
263441,1555.152318838368
263442,1341.9386462659895
263443,879.3580396438862
263444,974.5105622883843
263445,-201.31472430579993
263446,960.2237502463922
263447,747.0100776740134
263448,284.42947105191
263449,379.58199369640823
263450,246.10601438926676
263451,1407.6444889414588
263452,1194.43081636908
263453,731.8502097469767
263454,827.0027323914749
263455,401.6871822274526
263456,1563.2256567796444
263457,1350.0119842072659
263458,887.4313775851624
263459,982.5839002296607
263460,-407.2464126274042
263461,754.2920619247878
263462,541.078389352409
263463,78.49778273030574
263464,173.6503053748039
263465,40.17432606766238
263466,1201.7128006198545
263467,988.4991280474757
263468,525.9185214253723
263469,621.0710440698705
263470,195.7554939058482
263471,1357.2939684580401
263472,1144.0802958856616
263473,681.4996892635581
263474,776.6522119080563
263475,-1032.1387575281879
263476,129.3997170240042
263477,-83.81395554837457
263478,-546.3945621704779
263479,-451.24203952597964
263480,-584.7180188331213
263481,576.8204557190708
263482,363.606783146692
263483,-98.97382347541134
263484,-3.8213008309131737
263485,-429.13685099493546
263486,732.4016235572566
263487,519.1879509848778
263488,56.607344362774484
263489,151.75986700727265
263490,474.02512495937077
263491,1635.5635995115629
263492,1422.3499269391841
263493,959.7693203170809
263494,1054.921842961579
263495,921.4458636544374
263496,2082.984338206629
263497,1869.7706656342507
263498,1407.1900590121475
263499,1502.3425816566455
263500,1077.0270314926233
263501,2238.5655060448153
263502,2025.3518334724365
263503,1562.7712268503333
263504,1657.9237494948316
263505,-86.45251335222872
263506,1075.0859611999633
263507,861.8722886275846
263508,399.2916820054812
263509,494.4442046499794
263510,360.9682253428379
263511,1522.50669989503
263512,1309.2930273226511
263513,846.7124207005479
263514,941.8649433450461
263515,516.5493931810238
263516,1678.0878677332157
263517,1464.8741951608372
263518,1002.2935885387337
263519,1097.446111183232
263520,-197.04881377380025
263521,964.4896607783917
263522,751.2759882060129
263523,288.6953815839096
263524,383.84790422840774
263525,250.37192492126627
263526,1411.9103994734583
263527,1198.6967269010795
263528,736.1161202789762
263529,831.2686429234743
263530,405.95309275945215
263531,1567.4915673116443
263532,1354.2778947392653
263533,891.6972881171621
263534,986.8498107616603
263535,-188.97547583252413
263536,972.5629987196679
263537,759.3493261472892
263538,296.7687195251858
263539,391.9212421696841
263540,258.4452628625425
263541,1419.9837374147346
263542,1206.7700648423559
263543,744.1894582202525
263544,839.3419808647507
263545,414.0264307007284
263546,1575.5649052529204
263547,1362.3512326805417
263548,899.7706260584383
263549,994.9231487029365
263550,-394.9071641541284
263551,766.6313103980636
263552,553.4176378256849
263553,90.83703120358155
263554,185.9895538480797
263555,52.51357454093818
263556,1214.0520490931303
263557,1000.8383765207515
263558,538.2577698986481
263559,633.4102925431463
263560,208.0947423791241
263561,1369.633216931316
263562,1156.4195443589374
263563,693.8389377368339
263564,788.9914603813321
263565,-1019.799509054912
263566,141.73896549727988
263567,-71.47470707509888
263568,-534.0553136972023
263569,-438.90279105270406
263570,-572.3787703598452
263571,589.1597041923466
263572,375.94603161996787
263573,-86.63457500213542
263574,8.517947642362742
263575,-416.79760252165966
263576,744.7408720305324
263577,531.5271994581536
263578,68.94659283605029
263579,164.09911548054845
263580,486.3643734326467
263581,1647.9028479848387
263582,1434.68917541246
263583,972.1085687903567
263584,1067.2610914348547
263585,933.7851121277133
263586,2095.323586679905
263587,1882.1099141075265
263588,1419.5293074854233
263589,1514.6818301299213
263590,1089.3662799658991
263591,2250.904754518091
263592,2037.6910819457123
263593,1575.110475323609
263594,1670.2629979681074
263595,-74.11326487895292
263596,1087.4252096732391
263597,874.2115371008604
263598,411.630930478757
263599,506.78345312325524
263600,373.30747381611366
263601,1534.8459483683057
263602,1321.632275795927
263603,859.0516691738237
263604,954.2041918183218
263605,528.8886416542996
263606,1690.4271162064915
263607,1477.213443634113
263608,1014.6328370120095
263609,1109.7853596565078
263610,-347.6079451767639
263611,813.9305293754281
263612,600.7168568030495
263613,138.13625018094604
263614,233.2887728254443
263615,99.81279351830278
263616,1261.3512680704948
263617,1048.137595498116
263618,585.5569888760127
263619,680.7095115205109
263620,255.39396135648866
263621,1416.9324359086809
263622,1203.718763336302
263623,741.1381567141985
263624,836.2906793586967
263625,-339.53460723548756
263626,822.0038673167045
263627,608.7901947443257
263628,146.20958812222239
263629,241.36211076672055
263630,107.88613145957913
263631,1269.4246060117712
263632,1056.2109334393924
263633,593.6303268172891
263634,688.7828494617872
263635,263.467299297765
263636,1425.0057738499572
263637,1211.7921012775782
263638,749.2114946554748
263639,844.364017299973
263640,-545.4662955570918
263641,616.0721789951001
263642,402.85850642272146
263643,-59.722100199381885
263644,35.43042244511639
263645,-98.04555686202525
263646,1063.4929176901667
263647,850.279245117788
263648,387.6986384956847
263649,482.85116114018285
263650,57.53561097616057
263651,1219.0740855283525
263652,1005.8604129559739
263653,543.2798063338705
263654,638.4323289783687
263655,-1170.3586404578755
263656,-8.820165905683439
263657,-222.0338384780622
263658,-684.6144451001655
263659,-589.4619224556675
263660,-722.9379017628089
263661,438.6005727893832
263662,225.38690021700438
263663,-237.19370640509896
263664,-142.0411837606008
263665,-567.3567339246231
263666,594.181740627569
263667,380.9680680551902
263668,-81.61253856691326
263669,13.539984077585018
263670,335.80524202968314
263671,1497.343716581875
263672,1284.1300440094965
263673,821.549437387393
263674,916.7019600318913
263675,783.2259807247498
263676,1944.7644552769418
263677,1731.550782704563
263678,1268.9701760824596
263679,1364.1226987269579
263680,938.8071485629357
263681,2100.3456231151276
263682,1887.1319505427489
263683,1424.5513439206456
263684,1519.7038665651437
263685,-224.67239628191646
263686,936.8660782702757
263687,723.6524056978969
263688,261.0717990757935
263689,356.22432172029175
263690,222.74834241315023
263691,1384.2868169653423
263692,1171.0731443929635
263693,708.4925377708603
263694,803.6450604153583
263695,378.3295102513361
263696,1539.867984803528
263697,1326.6543122311496
263698,864.073705609046
263699,959.2262282535443
263700,-335.2686967034881
263701,826.269777848704
263702,613.0561052763253
263703,150.47549865422184
263704,245.6280212987201
263705,112.15204199157859
263706,1273.6905165437706
263707,1060.4768439713919
263708,597.8962373492885
263709,693.0487599937867
263710,267.7332098297644
263711,1429.2716843819564
263712,1216.0580118095777
263713,753.4774051874743
263714,848.6299278319725
263715,-327.19535876221175
263716,834.3431157899803
263717,621.1294432176016
263718,158.5488365954982
263719,253.7013592399964
263720,120.22537993285493
263721,1281.763854485047
263722,1068.5501819126682
263723,605.9695752905649
263724,701.122097935063
263725,275.80654777104064
263726,1437.3450223232328
263727,1224.131349750854
263728,761.5507431287507
263729,856.7032657732489
263730,-533.127047083816
263731,628.411427468376
263732,415.1977548959972
263733,-47.38285172610608
263734,47.76967091839208
263735,-85.70630838874945
263736,1075.8321661634425
263737,862.6184935910638
263738,400.0378869689605
263739,495.19040961345866
263740,69.87485944943626
263741,1231.4133340016283
263742,1018.1996614292497
263743,555.6190548071463
263744,650.7715774516445
263745,-1158.0193919845997
263746,3.5190825675923634
263747,-209.6945900047864
263748,-672.2751966268897
263749,-577.1226739823915
263750,-710.5986532895331
263751,450.9398212626589
263752,237.72614869028018
263753,-224.85445793182316
263754,-129.701935287325
263755,-555.0174854513473
263756,606.5209891008446
263757,393.307316528466
263758,-69.27329009363734
263759,25.87923255086082
263760,348.14449050295894
263761,1509.6829650551508
263762,1296.4692924827723
263763,833.8886858606689
263764,929.0412085051671
263765,795.5652291980256
263766,1957.1037037502176
263767,1743.8900311778389
263768,1281.3094245557354
263769,1376.4619472002337
263770,951.1463970362114
263771,2112.6848715884034
263772,1899.4711990160247
263773,1436.8905923939215
263774,1532.0431150384197
263775,-212.33314780864066
263776,949.2053267435515
263777,735.9916541711727
263778,273.41104754906934
263779,368.56357019356756
263780,235.08759088642603
263781,1396.626065438618
263782,1183.4123928662393
263783,720.8317862441361
263784,815.9843088886341
263785,390.66875872461185
263786,1552.207233276804
263787,1338.9935607044251
263788,876.4129540823218
263789,971.5654767268201
263790,-322.9294482302123
263791,838.6090263219797
263792,625.3953537496011
263793,162.81474712749764
263794,257.96726977199586
263795,124.49129046485427
263796,1286.0297650170464
263797,1072.8160924446677
263798,610.2354858225643
263799,705.3880084670625
263800,280.0724583030402
263801,1441.6109328552322
263802,1228.3972602828535
263803,765.8166536607501
263804,860.9691763052483
263805,-314.85611028893595
263806,846.6823642632561
263807,633.4686916908773
263808,170.888085068774
263809,266.04060771327215
263810,132.56462840613062
263811,1294.1031029583228
263812,1080.889430385944
263813,618.3088237638407
263814,713.4613464083388
263815,288.14579624431656
263816,1449.6842707965084
263817,1236.4705982241298
263818,773.8899916020264
263819,869.0425142465247
263820,-520.7877986105402
263821,640.7506759416517
263822,427.53700336927307
263823,-35.04360325283028
263824,60.10891939166788
263825,-73.36705991547376
263826,1088.1714146367183
263827,874.9577420643396
263828,412.3771354422363
263829,507.52965808673446
263830,82.21410792271217
263831,1243.752582474904
263832,1030.5389099025256
263833,567.9583032804221
263834,663.1108259249203
263835,-1145.6801435113239
263836,15.858331040868052
263837,-197.3553415315106
263838,-659.9359481536139
263839,-564.7834255091157
263840,-698.2594048162573
263841,463.27906973593474
263842,250.06539716355604
263843,-212.51520945854736
263844,-117.3626868140492
263845,-542.6782369780715
263846,618.8602375741206
263847,405.6465650017418
263848,-56.93404162036154
263849,38.21848102413662
263850,360.4837389762347
263851,1522.0222135284268
263852,1308.808540956048
263853,846.2279343339447
263854,941.3804569784429
263855,807.9044776713013
263856,1969.4429522234934
263857,1756.2292796511147
263858,1293.6486730290112
263859,1388.8011956735095
263860,963.4856455094872
263861,2125.0241200616792
263862,1911.8104474893005
263863,1449.2298408671973
263864,1544.3823635116955
263865,-199.99389933536486
263866,961.5445752168273
263867,748.3309026444485
263868,285.75029602234514
263869,380.90281866684336
263870,247.42683935970183
263871,1408.9653139118939
263872,1195.7516413395151
263873,733.1710347174119
263874,828.3235573619099
263875,403.00800719788765
263876,1564.5464817500797
263877,1351.3328091777012
263878,888.7522025555976
263879,983.9047252000959
263880,-310.5901997569365
263881,850.9482747952555
263882,637.7346022228769
263883,175.15399560077344
263884,270.3065182452717
263885,136.8305389381302
263886,1298.3690134903222
263887,1085.1553409179435
263888,622.5747342958401
263889,717.7272569403383
263890,292.41170677631607
263891,1453.9501813285083
263892,1240.7365087561293
263893,778.155902134026
263894,873.3084247785241
263895,-302.51686181566015
263896,859.0216127365319
263897,645.8079401641533
263898,183.2273335420498
263899,278.379856186548
263900,144.90387687940654
263901,1306.4423514315986
263902,1093.2286788592198
263903,630.6480722371165
263904,725.8005948816146
263905,300.4850447175924
263906,1462.0235192697844
263907,1248.8098466974056
263908,786.2292400753022
263909,881.3817627198005
263910,-508.4485501372644
263911,653.0899244149275
263912,439.87625184254887
263913,-22.70435477955448
263914,72.4481678649438
263915,-61.027811442197844
263916,1100.510663109994
263917,887.2969905376154
263918,424.7163839155121
263919,519.8689065600103
263920,94.55335639598798
263921,1256.09183094818
263922,1042.8781583758014
263923,580.2975517536979
263924,675.4500743981961
263925,-1133.340895038048
263926,28.197579514143968
263927,-185.0160930582348
263928,-647.5966996803384
263929,-552.4441770358401
263930,-685.9201563429813
263931,475.61831820921054
263932,262.4046456368319
263933,-200.17596098527144
263934,-105.02343834077328
263935,-530.3389885047957
263936,631.1994860473964
263937,417.9858134750176
263938,-44.59479314708574
263939,50.55772949741254
263940,372.8229874495106
263941,1534.3614620017024
263942,1321.147789429324
263943,858.5671828072205
263944,953.7197054517187
263945,820.2437261445772
263946,1981.7822006967692
263947,1768.5685281243905
263948,1305.987921502287
263949,1401.1404441467853
263950,975.8248939827631
263951,2137.363368534955
263952,1924.1496959625763
263953,1461.569089340473
263954,1556.721611984971
263955,-187.65465086208894
263956,973.8838236901031
263957,760.6701511177243
263958,298.089544495621
263959,393.24206714011916
263960,259.7660878329776
263961,1421.3045623851697
263962,1208.090889812791
263963,745.5102831906877
263964,840.6628058351858
263965,415.3472556711635
263966,1576.8857302233555
263967,1363.672057650977
263968,901.0914510288734
263969,996.2439736733717
263970,-298.2509512836607
263971,863.2875232685313
263972,650.0738506961527
263973,187.49324407404924
263974,282.64576671854746
263975,149.169787411406
263976,1310.708261963598
263977,1097.4945893912193
263978,634.9139827691159
263979,730.0665054136141
263980,304.7509552495918
263981,1466.2894298017839
263982,1253.075757229405
263983,790.4951506073018
263984,885.6476732517999
263985,-290.17761334238435
263986,871.3608612098077
263987,658.1471886374289
263988,195.5665820153256
263989,290.71910465982376
263990,157.24312535268234
263991,1318.7815999048744
263992,1105.5679273324956
263993,642.9873207103923
263994,738.1398433548904
263995,312.82429319086805
263996,1474.3627677430602
263997,1261.1490951706814
263998,798.568488548578
263999,893.7210111930763
264000,-496.1093016639886
264001,665.4291728882033
264002,452.2155003158246
264003,-10.365106306278676
264004,84.78741633821949
264005,-48.68856296892204
264006,1112.8499115832699
264007,899.6362390108912
264008,437.0556323887879
264009,532.2081550332861
264010,106.89260486926366
264011,1268.4310794214557
264012,1055.2174068490772
264013,592.6368002269737
264014,687.7893228714719
264015,-1121.0016465647725
264016,40.53682798741977
264017,-172.67684458495899
264018,-635.2574512070626
264019,-540.1049285625643
264020,-673.5809078697057
264021,487.9575666824863
264022,274.7438941101076
264023,-187.83671251199576
264024,-92.6841898674976
264025,-517.9997400315199
264026,643.538734520672
264027,430.3250619482934
264028,-32.255544673809936
264029,62.896977970688226
264030,385.16223592278635
264031,1546.7007104749782
264032,1333.4870379025997
264033,870.9064312804962
264034,966.0589539249945
264035,832.582974617853
264036,1994.121449170045
264037,1780.9077765976663
264038,1318.3271699755628
264039,1413.479692620061
264040,988.1641424560388
264041,2149.702617008231
264042,1936.488944435852
264043,1473.9083378137489
264044,1569.060860458247
264045,-175.31540238881325
264046,986.2230721633789
264047,773.0093995910001
264048,310.42879296889674
264049,405.58131561339496
264050,272.10533630625343
264051,1433.6438108584455
264052,1220.4301382860667
264053,757.8495316639635
264054,853.0020543084615
264055,427.68650414443925
264056,1589.2249786966313
264057,1376.0113061242525
264058,913.4306995021492
264059,1008.5832221466475
264060,-209.37959781165773
264061,952.1588767405342
264062,738.9452041681554
264063,276.36459754605215
264064,371.5171201905504
264065,238.04114088340884
264066,1399.5796154356008
264067,1186.3659428632222
264068,723.7853362411188
264069,818.937858885617
264070,393.62230872159466
264071,1555.1607832737868
264072,1341.9471107014078
264073,879.3665040793046
264074,974.5190267238029
264075,-201.30625987038138
264076,960.2322146818105
264077,747.0185421094318
264078,284.43793548732845
264079,379.59045813182667
264080,246.11447882468514
264081,1407.6529533768771
264082,1194.4392808044984
264083,731.8586741823951
264084,827.0111968268933
264085,401.695646662871
264086,1563.2341212150632
264087,1350.0204486426842
264088,887.439842020581
264089,982.5923646650791
264090,-407.2379481919859
264091,754.3005263602062
264092,541.0868537878275
264093,78.50624716572406
264094,173.65876981022234
264095,40.182790503080696
264096,1201.7212650552729
264097,988.5075924828941
264098,525.9269858607908
264099,621.0795085052889
264100,195.76395834126663
264101,1357.3024328934584
264102,1144.08876032108
264103,681.5081536989765
264104,776.6606763434747
264105,-1032.1302930927695
264106,129.4081814594225
264107,-83.80549111295625
264108,-546.3860977350596
264109,-451.2335750905613
264110,-584.7095543977027
264111,576.8289201544892
264112,363.61524758211044
264113,-98.9653590399929
264114,-3.8128363954947417
264115,-429.12838655951714
264116,732.410087992675
264117,519.1964154202963
264118,56.6158087981928
264119,151.76833144269108
264120,474.0335893947892
264121,1635.5720639469814
264122,1422.3583913746024
264123,959.7777847524992
264124,1054.9303073969975
264125,921.4543280898558
264126,2082.9928026420475
264127,1869.7791300696692
264128,1407.198523447566
264129,1502.351046092064
264130,1077.0354959280417
264131,2238.5739704802336
264132,2025.360297907855
264133,1562.7796912857516
264134,1657.9322139302499
264135,-86.44404891681029
264136,1075.0944256353819
264137,861.880753063003
264138,399.30014644089965
264139,494.4526690853978
264140,360.9766897782563
264141,1522.5151643304484
264142,1309.3014917580697
264143,846.7208851359663
264144,941.8734077804645
264145,516.5578576164421
264146,1678.0963321686343
264147,1464.8826595962555
264148,1002.302052974152
264149,1097.4545756186503
264150,-197.04034933838193
264151,964.4981252138101
264152,751.2844526414314
264153,288.703846019328
264154,383.8563686638262
264155,250.3803893566847
264156,1411.9188639088766
264157,1198.705191336498
264158,736.1245847143946
264159,831.2771073588927
264160,405.9615571948705
264161,1567.5000317470626
264162,1354.2863591746839
264163,891.7057525525804
264164,986.8582751970786
264165,-188.96701139710558
264166,972.5714631550863
264167,759.3577905827076
264168,296.77718396060425
264169,391.9297066051025
264170,258.45372729796094
264171,1419.992201850153
264172,1206.7785292777742
264173,744.1979226556709
264174,839.3504453001691
264175,414.03489513614676
264176,1575.5733696883387
264177,1362.35969711596
264178,899.7790904938566
264179,994.9316131383549
264180,-394.89869971870985
264181,766.6397748334821
264182,553.4261022611033
264183,90.84549563899998
264184,185.99801828349814
264185,52.52203897635661
264186,1214.0605135285487
264187,1000.8468409561699
264188,538.2662343340666
264189,633.4187569785647
264190,208.10320681454255
264191,1369.6416813667345
264192,1156.4280087943557
264193,693.8474021722523
264194,788.9999248167505
264195,-1019.7910446194935
264196,141.74742993269842
264197,-71.46624263968033
264198,-534.0468492617836
264199,-438.8943266172855
264200,-572.3703059244269
264201,589.168168627765
264202,375.95449605538624
264203,-86.62611056671699
264204,8.526412077781174
264205,-416.7891380862411
264206,744.7493364659508
264207,531.5356638935721
264208,68.95505727146872
264209,164.10757991596688
264210,486.3728378680651
264211,1647.9113124202572
264212,1434.6976398478782
264213,972.117033225775
264214,1067.2695558702733
264215,933.7935765631316
264216,2095.3320511153233
264217,1882.118378542945
264218,1419.5377719208416
264219,1514.6902945653396
264220,1089.3747444013175
264221,2250.9132189535094
264222,2037.6995463811309
264223,1575.1189397590274
264224,1670.2714624035257
264225,-74.10480044353449
264226,1087.4336741086577
264227,874.2200015362788
264228,411.63939491417545
264229,506.7919175586737
264230,373.3159382515321
264231,1534.8544128037242
264232,1321.6407402313453
264233,859.0601336092421
264234,954.2126562537402
264235,528.8971060897179
264236,1690.4355806419098
264237,1477.2219080695313
264238,1014.6413014474278
264239,1109.7938240919261
264240,-347.59948074134536
264241,813.9389938108466
264242,600.7253212384678
264243,138.14471461636447
264244,233.29723726086263
264245,99.82125795372122
264246,1261.3597325059131
264247,1048.1460599335346
264248,585.5654533114312
264249,680.7179759559293
264250,255.40242579190704
264251,1416.9409003440992
264252,1203.7272277717202
264253,741.146621149617
264254,836.2991437941151
264255,-339.526142800069
264256,822.0123317521229
264257,608.7986591797442
264258,146.2180525576407
264259,241.37057520213898
264260,107.89459589499756
264261,1269.4330704471895
264262,1056.2193978748107
264263,593.6387912527075
264264,688.7913138972056
264265,263.4757637331834
264266,1425.0142382853755
264267,1211.8005657129966
264268,749.2199590908932
264269,844.3724817353915
264270,-545.4578311216735
264271,616.0806434305185
264272,402.8669708581398
264273,-59.713635763963566
264274,35.43888688053471
264275,-98.03709242660682
264276,1063.5013821255852
264277,850.2877095532065
264278,387.7071029311031
264279,482.8596255756012
264280,57.544075411579
264281,1219.082549963771
264282,1005.8688773913923
264283,543.2882707692888
264284,638.4407934137871
264285,-1170.350176022457
264286,-8.811701470265007
264287,-222.02537404264376
264288,-684.605980664747
264289,-589.453458020249
264290,-722.9294373273904
264291,438.6090372248015
264292,225.3953646524228
264293,-237.18524196968053
264294,-142.03271932518237
264295,-567.3482694892048
264296,594.1902050629873
264297,380.9765324906086
264298,-81.60407413149483
264299,13.54844851300345
264300,335.8137064651016
264301,1497.3521810172936
264302,1284.1385084449148
264303,821.5579018228116
264304,916.7104244673096
264305,783.2344451601682
264306,1944.7729197123601
264307,1731.5592471399814
264308,1268.9786405178781
264309,1364.1311631623762
264310,938.815612998354
264311,2100.354087550546
264312,1887.1404149781672
264313,1424.559808356064
264314,1519.7123310005622
264315,-224.66393184649792
264316,936.874542705694
264317,723.6608701333154
264318,261.0802635112119
264319,356.2327861557102
264320,222.75680684856866
264321,1384.2952814007606
264322,1171.0816088283818
264323,708.5010022062786
264324,803.6535248507768
264325,378.3379746867545
264326,1539.8764492389464
264327,1326.6627766665679
264328,864.0821700444644
264329,959.2346926889627
264330,-335.2602322680698
264331,826.2782422841224
264332,613.0645697117436
264333,150.48396308964027
264334,245.63648573413843
264335,112.16050642699702
264336,1273.698980979189
264337,1060.4853084068104
264338,597.904701784707
264339,693.0572244292051
264340,267.74167426518284
264341,1429.2801488173748
264342,1216.066476244996
264343,753.4858696228928
264344,848.6383922673909
264345,-327.18689432679344
264346,834.3515802253987
264347,621.13790765302
264348,158.5573010309165
264349,253.70982367541478
264350,120.23384436827337
264351,1281.7723189204653
264352,1068.5586463480865
264353,605.9780397259833
264354,701.1305623704814
264355,275.8150122064591
264356,1437.3534867586511
264357,1224.1398141862724
264358,761.5592075641691
264359,856.7117302086673
264360,-533.1185826483977
264361,628.4198919037943
264362,415.20621933141564
264363,-47.374387290687764
264364,47.77813535381051
264365,-85.69784395333113
264366,1075.840630598861
264367,862.6269580264823
264368,400.0463514043789
264369,495.19887404887703
264370,69.88332388485469
264371,1231.4217984370468
264372,1018.2081258646681
264373,555.6275192425646
264374,650.7800418870629
264375,-1158.0109275491814
264376,3.5275470030106817
264377,-209.68612556936796
264378,-672.2667321914714
264379,-577.1142095469731
264380,-710.5901888541146
264381,450.9482856980773
264382,237.73461312569862
264383,-224.84599349640473
264384,-129.69347085190657
264385,-555.009021015929
264386,606.5294535362632
264387,393.31578096388444
264388,-69.26482565821902
264389,25.887696986279252
264390,348.1529549383773
264391,1509.6914294905694
264392,1296.4777569181906
264393,833.8971502960874
264394,929.0496729405855
264395,795.573693633444
264396,1957.112168185636
264397,1743.8984956132574
264398,1281.317888991154
264399,1376.4704116356522
264400,951.1548614716298
264401,2112.6933360238218
264402,1899.479663451443
264403,1436.8990568293398
264404,1532.051579473838
264405,-212.32468337322223
264406,949.2137911789698
264407,736.0001186065911
264408,273.4195119844877
264409,368.57203462898593
264410,235.09605532184446
264411,1396.6345298740364
264412,1183.4208573016576
264413,720.8402506795544
264414,815.9927733240526
264415,390.6772231600303
264416,1552.2156977122222
264417,1339.0020251398437
264418,876.4214185177402
264419,971.5739411622385
264420,-322.920983794794
264421,838.6174907573982
264422,625.4038181850194
264423,162.82321156291607
264424,257.9757342074143
264425,124.4997549002727
264426,1286.0382294524647
264427,1072.824556880086
264428,610.2439502579828
264429,705.3964729024809
264430,280.0809227384586
264431,1441.6193972906508
264432,1228.4057247182718
264433,765.8251180961686
264434,860.9776407406667
264435,-314.84764585351763
264436,846.6908286986745
264437,633.4771561262958
264438,170.8965495041923
264439,266.0490721486906
264440,132.57309284154906
264441,1294.111567393741
264442,1080.8978948213623
264443,618.3172881992591
264444,713.4698108437572
264445,288.15426067973493
264446,1449.6927352319271
264447,1236.4790626595482
264448,773.8984560374448
264449,869.0509786819431
264450,-520.7793341751219
264451,640.7591403770701
264452,427.5454678046915
264453,-35.03513881741185
264454,60.117383827086314
264455,-73.35859548005533
264456,1088.1798790721368
264457,874.966206499758
264458,412.38559987765467
264459,507.53812252215283
264460,82.22257235813049
264461,1243.7610469103224
264462,1030.547374337944
264463,567.9667677158404
264464,663.1192903603387
264465,-1145.6716790759056
264466,15.866795476286484
264467,-197.34687709609227
264468,-659.9274837181956
264469,-564.7749610736973
264470,-698.2509403808388
264471,463.2875341713532
264472,250.07386159897447
264473,-212.50674502312881
264474,-117.35422237863077
264475,-542.6697725426532
264476,618.868702009539
264477,405.65502943716024
264478,-56.92557718494311
264479,38.226945459555054
264480,360.4922034116531
264481,1522.0306779638454
264482,1308.8170053914664
264483,846.2363987693632
264484,941.3889214138613
264485,807.9129421067197
264486,1969.4514166589117
264487,1756.237744086533
264488,1293.6571374644298
264489,1388.8096601089278
264490,963.4941099449056
264491,2125.0325844970976
264492,1911.818911924719
264493,1449.2383053026156
264494,1544.3908279471138
264495,-199.98543489994643
264496,961.5530396522457
264497,748.339367079867
264498,285.7587604577636
264499,380.9112831022618
264500,247.4353037951202
264501,1408.9737783473124
264502,1195.7601057749334
264503,733.1794991528302
264504,828.3320217973284
264505,403.016471633306
264506,1564.5549461854982
264507,1351.3412736131195
264508,888.760666991016
264509,983.9131896355143
264510,-310.58173532151795
264511,850.956739230674
264512,637.7430666582952
264513,175.16246003619187
264514,270.3149826806901
264515,136.83900337354862
264516,1298.3774779257405
264517,1085.163805353362
264518,622.5831987312586
264519,717.7357213757567
264520,292.42017121173444
264521,1453.9586457639266
264522,1240.7449731915478
264523,778.1643665694444
264524,873.3168892139425
264525,-302.5083973802416
264526,859.0300771719503
264527,645.8164045995716
264528,183.2357979774681
264529,278.3883206219664
264530,144.91234131482497
264531,1306.450815867017
264532,1093.2371432946381
264533,630.6565366725349
264534,725.809059317033
264535,300.4935091530108
264536,1462.0319837052027
264537,1248.818311132824
264538,786.2377045107206
264539,881.3902271552189
264540,-508.4400857018459
264541,653.0983888503459
264542,439.8847162779673
264543,-22.695890344136046
264544,72.45663230036223
264545,-61.01934700677941
264546,1100.5191275454126
264547,887.3054549730339
264548,424.7248483509305
264549,519.8773709954287
264550,94.56182083140641
264551,1256.1002953835984
264552,1042.8866228112197
264553,580.3060161891162
264554,675.4585388336145
264555,-1133.3324306026298
264556,28.2060439495624
264557,-185.00762862281636
264558,-647.58823524492
264559,-552.4357126004218
264560,-685.911691907563
264561,475.62678264462886
264562,262.4131100722502
264563,-200.16749654985313
264564,-105.01497390535496
264565,-530.3305240693774
264566,631.2079504828147
264567,417.99427791043604
264568,-44.58632871166742
264569,50.566193932830856
264570,372.831451884929
264571,1534.369926437121
264572,1321.1562538647422
264573,858.575647242639
264574,953.728169887137
264575,820.2521905799956
264576,1981.7906651321875
264577,1768.5769925598088
264578,1305.9963859377056
264579,1401.1489085822036
264580,975.8333584181814
264581,2137.3718329703734
264582,1924.1581603979948
264583,1461.5775537758914
264584,1556.7300764203897
264585,-187.6461864266705
264586,973.8922881255214
264587,760.6786155531428
264588,298.0980089310393
264589,393.2505315755376
264590,259.774552268396
264591,1421.313026820588
264592,1208.0993542482092
264593,745.518747626106
264594,840.6712702706042
264595,415.3557201065819
264596,1576.8941946587738
264597,1363.6805220863953
264598,901.0999154642918
264599,996.2524381087901
264600,-298.2424868482424
264601,863.2959877039498
264602,650.082315131571
264603,187.50170850946768
264604,282.65423115396584
264605,149.17825184682442
264606,1310.7167263990164
264607,1097.5030538266378
264608,634.9224472045344
264609,730.0749698490325
264610,304.75941968501024
264611,1466.2978942372022
264612,1253.0842216648234
264613,790.5036150427202
264614,885.6561376872183
264615,-290.16914890696603
264616,871.3693256452261
264617,658.1556530728474
264618,195.5750464507439
264619,290.7275690952422
264620,157.25158978810077
264621,1318.7900643402927
264622,1105.576391767914
264623,642.9957851458107
264624,738.1483077903088
264625,312.8327576262865
264626,1474.3712321784785
264627,1261.1575596060998
264628,798.5769529839964
264629,893.7294756284947
264630,-496.1008372285703
264631,665.4376373236217
264632,452.22396475124305
264633,-10.356641870860358
264634,84.79588077363792
264635,-48.680098533503724
264636,1112.8583760186884
264637,899.6447034463097
264638,437.0640968242063
264639,532.2166194687045
264640,106.9010693046821
264641,1268.4395438568743
264642,1055.2258712844955
264643,592.645264662392
264644,687.7977873068903
264645,-1120.993182129354
264646,40.54529242283809
264647,-172.66838014954055
264648,-635.248986771644
264649,-540.0964641271457
264650,-673.5724434342872
264651,487.9660311179047
264652,274.752358545526
264653,-187.82824807657732
264654,-92.67572543207916
264655,-517.9912755961016
264656,643.5471989560905
264657,430.33352638371184
264658,-32.24708023839162
264659,62.90544240610666
264660,385.1707003582047
264661,1546.7091749103968
264662,1333.495502338018
264663,870.9148957159147
264664,966.0674183604128
264665,832.5914390532714
264666,1994.1299136054633
264667,1780.9162410330846
264668,1318.3356344109814
264669,1413.4881570554794
264670,988.1726068914572
264671,2149.711081443649
264672,1936.4974088712704
264673,1473.9168022491672
264674,1569.0693248936655
264675,-175.30693795339482
264676,986.2315365987972
264677,773.0178640264185
264678,310.4372574043151
264679,405.58978004881334
264680,272.1138007416718
264681,1433.6522752938638
264682,1220.438602721485
264683,757.8579960993818
264684,853.01051874388
264685,427.6949685798577
264686,1589.2334431320496
264687,1376.019770559671
264688,913.4391639375676
264689,1008.5916865820659
264690,-209.3711333762394
264691,952.1673411759527
264692,738.9536686035739
264693,276.3730619814706
264694,371.5255846259688
264695,238.04960531882716
264696,1399.5880798710193
264697,1186.3744072986406
264698,723.7938006765372
264699,818.9463233210354
264700,393.63077315701304
264701,1555.1692477092051
264702,1341.9555751368264
264703,879.3749685147229
264704,974.5274911592212
264705,-201.29779543496306
264706,960.240679117229
264707,747.0270065448502
264708,284.4463999227469
264709,379.5989225672451
264710,246.12294326010357
264711,1407.6614178122954
264712,1194.447745239917
264713,731.8671386178136
264714,827.0196612623117
264715,401.7041110982894
264716,1563.2425856504815
264717,1350.0289130781027
264718,887.4483064559993
264719,982.6008291004975
264720,-407.22948375656733
264721,754.3089907956246
264722,541.0953182232458
264723,78.51471160114261
264724,173.66723424564077
264725,40.19125493849913
264726,1201.7297294906912
264727,988.5160569183124
264728,525.9354502962092
264729,621.0879729407072
264730,195.77242277668506
264731,1357.3108973288772
264732,1144.0972247564982
264733,681.5166181343949
264734,776.6691407788932
264735,-1032.121828657351
264736,129.41664589484094
264737,-83.7970266775377
264738,-546.377633299641
264739,-451.22511065514277
264740,-584.7010899622844
264741,576.8373845899076
264742,363.6237120175289
264743,-98.95689460457447
264744,-3.8043719600763097
264745,-429.1199221240986
264746,732.4185524280934
264747,519.2048798557146
264748,56.62427323361135
264749,151.7767958781095
264750,474.04205383020764
264751,1635.5805283823997
264752,1422.366855810021
264753,959.7862491879177
264754,1054.9387718324158
264755,921.4627925252742
264756,2083.0012670774663
264757,1869.7875945050876
264758,1407.2069878829843
264759,1502.3595105274824
264760,1077.04396036346
264761,2238.582434915652
264762,2025.3687623432736
264763,1562.7881557211701
264764,1657.9406783656682
264765,-86.43558448139186
264766,1075.1028900708002
264767,861.8892174984214
264768,399.3086108763181
264769,494.46113352081625
264770,360.9851542136747
264771,1522.5236287658668
264772,1309.309956193488
264773,846.7293495713848
264774,941.8818722158828
264775,516.5663220518605
264776,1678.1047966040526
264777,1464.8911240316738
264778,1002.3105174095705
264779,1097.4630400540686
264780,-197.0318849029635
264781,964.5065896492284
264782,751.2929170768497
264783,288.7123104547464
264784,383.86483309924455
264785,250.38885379210308
264786,1411.927328344295
264787,1198.7136557719164
264788,736.133049149813
264789,831.2855717943112
264790,405.97002163028895
264791,1567.508496182481
264792,1354.2948236101022
264793,891.7142169879988
264794,986.866739632497
264795,-188.95854696168726
264796,972.5799275905048
264797,759.366255018126
264798,296.7856483960227
264799,391.93817104052084
264800,258.4621917333793
264801,1420.0006662855712
264802,1206.7869937131927
264803,744.2063870910894
264804,839.3589097355875
264805,414.0433595715652
264806,1575.581834123757
264807,1362.3681615513783
264808,899.7875549292751
264809,994.9400775737734
264810,-394.8902352832913
264811,766.6482392689004
264812,553.4345666965218
264813,90.85396007441841
264814,186.00648271891657
264815,52.530503411775044
264816,1214.068977963967
264817,1000.8553053915882
264818,538.274698769485
264819,633.427221413983
264820,208.11167124996086
264821,1369.6501458021528
264822,1156.436473229774
264823,693.8558666076707
264824,789.008389252169
264825,-1019.7825801840752
264826,141.75589436811674
264827,-71.45777820426201
264828,-534.0383848263652
264829,-438.8858621818672
264830,-572.3618414890086
264831,589.1766330631833
264832,375.9629604908047
264833,-86.61764613129867
264834,8.534876513199492
264835,-416.7806736508228
264836,744.7578009013691
264837,531.5441283289905
264838,68.96352170688704
264839,164.1160443513852
264840,486.3813023034835
264841,1647.9197768556755
264842,1434.7061042832968
264843,972.1254976611934
264844,1067.2780203056916
264845,933.8020409985501
264846,2095.3405155507417
264847,1882.1268429783634
264848,1419.5462363562601
264849,1514.6987590007582
264850,1089.383208836736
264851,2250.9216833889277
264852,2037.7080108165492
264853,1575.127404194446
264854,1670.279926838944
264855,-74.09633600811617
264856,1087.442138544076
264857,874.2284659716972
264858,411.64785934959383
264859,506.80038199409205
264860,373.32440268695046
264861,1534.8628772391426
264862,1321.6492046667638
264863,859.0685980446605
264864,954.2211206891586
264865,528.9055705251363
264866,1690.4440450773282
264867,1477.2303725049496
264868,1014.6497658828463
264869,1109.8022885273444
264870,-347.59101630592704
264871,813.947458246265
264872,600.7337856738862
264873,138.1531790517829
264874,233.30570169628106
264875,99.82972238913953
264876,1261.3681969413315
264877,1048.154524368953
264878,585.5739177468495
264879,680.7264403913478
264880,255.41089022732547
264881,1416.9493647795175
264882,1203.7356922071388
264883,741.1550855850354
264884,836.3076082295336
264885,-339.5176783646507
264886,822.0207961875412
264887,608.8071236151625
264888,146.22651699305914
264889,241.37903963755736
264890,107.90306033041588
264891,1269.4415348826078
264892,1056.2278623102293
264893,593.6472556881258
264894,688.799778332624
264895,263.4842281686018
264896,1425.0227027207939
264897,1211.809030148415
264898,749.2284235263116
264899,844.3809461708099
264900,-545.449366686255
264901,616.089107865937
264902,402.8754352935582
264903,-59.705171328545134
264904,35.44735131595314
264905,-98.02862799118839
264906,1063.5098465610035
264907,850.2961739886248
264908,387.7155673665215
264909,482.86809001101966
264910,57.55253984699743
264911,1219.0910143991894
264912,1005.8773418268107
264913,543.2967352047073
264914,638.4492578492055
264915,-1170.3417115870386
264916,-8.803237034846688
264917,-222.01690960722533
264918,-684.5975162293287
264919,-589.4449935848306
264920,-722.920972891972
264921,438.61750166021994
264922,225.40382908784125
264923,-237.1767775342621
264924,-142.02425488976394
264925,-567.3398050537862
264926,594.1986694984057
264927,380.984996926027
264928,-81.5956096960764
264929,13.556912948421882
264930,335.82217090051995
264931,1497.360645452712
264932,1284.1469728803331
264933,821.5663662582299
264934,916.718888902728
264935,783.2429095955865
264936,1944.7813841477785
264937,1731.5677115754
264938,1268.9871049532965
264939,1364.1396275977947
264940,938.8240774337725
264941,2100.3625519859643
264942,1887.1488794135857
264943,1424.5682727914823
264944,1519.7207954359806
264945,-224.6554674110796
264946,936.8830071411124
264947,723.6693345687337
264948,261.08872794663034
264949,356.2412505911285
264950,222.76527128398698
264951,1384.3037458361791
264952,1171.0900732638004
264953,708.509466641697
264954,803.6619892861952
264955,378.3464391221729
264956,1539.8849136743647
264957,1326.6712411019862
264958,864.0906344798829
264959,959.243157124381
264960,-335.25176783265124
264961,826.2867067195408
264962,613.073034147162
264963,150.4924275250587
264964,245.64495016955686
264965,112.16897086241534
264966,1273.7074454146073
264967,1060.4937728422287
264968,597.9131662201253
264969,693.0656888646236
264970,267.75013870060127
264971,1429.2886132527933
264972,1216.0749406804146
264973,753.4943340583112
264974,848.6468567028094
264975,-327.1784298913751
264976,834.3600446608172
264977,621.1463720884384
264978,158.56576546633505
264979,253.7182881108332
264980,120.24230880369169
264981,1281.7807833558836
264982,1068.567110783505
264983,605.9865041614016
264984,701.1390268058998
264985,275.8234766418775
264986,1437.3619511940697
264987,1224.148278621691
264988,761.5676719995874
264989,856.7201946440857
264990,-533.1101182129794
264991,628.4283563392128
264992,415.21468376683407
264993,-47.36592285526922
264994,47.786599789228944
264995,-85.6893795179127
264996,1075.8490950342793
264997,862.6354224619006
264998,400.0548158397973
264999,495.20733848429546
265000,69.89178832027312
265001,1231.4302628724652
265002,1018.2165903000865
265003,555.6359836779831
265004,650.7885063224813
265005,-1158.002463113763
265006,3.5360114384291137
265007,-209.67766113394964
265008,-672.2582677560531
265009,-577.1057451115548
265010,-710.5817244186962
265011,450.95675013349575
265012,237.74307756111705
265013,-224.8375290609863
265014,-129.68500641648814
265015,-555.0005565805106
265016,606.5379179716815
265017,393.3242453993028
265018,-69.25636122280048
265019,25.896161421697684
265020,348.16141937379575
265021,1509.699893925988
265022,1296.486221353609
265023,833.9056147315057
265024,929.058137376004
265025,795.5821580688623
265026,1957.1206326210545
265027,1743.9069600486757
265028,1281.3263534265723
265029,1376.4788760710705
265030,951.1633259070483
265031,2112.70180045924
265032,1899.4881278868615
265033,1436.907521264758
265034,1532.0600439092564
265035,-212.3162189378038
265036,949.2222556143882
265037,736.0085830420096
265038,273.42797641990614
265039,368.58049906440436
265040,235.10451975726278
265041,1396.642994309455
265042,1183.4293217370762
265043,720.8487151149728
265044,816.001237759471
265045,390.6856875954487
265046,1552.2241621476408
265047,1339.010489575262
265048,876.4298829531587
265049,971.5824055976568
265050,-322.91251935937544
265051,838.6259551928166
265052,625.4122826204378
265053,162.8316759983345
265054,257.98419864283267
265055,124.50821933569114
265056,1286.046693887883
265057,1072.8330213155045
265058,610.2524146934011
265059,705.4049373378994
265060,280.08938717387696
265061,1441.627861726069
265062,1228.4141891536904
265063,765.8335825315869
265064,860.9861051760852
265065,-314.8391814180991
265066,846.6992931340928
265067,633.4856205617142
265068,170.90501393961074
265069,266.05753658410896
265070,132.5815572769675
265071,1294.1200318291594
265072,1080.906359256781
265073,618.3257526346774
265074,713.4782752791756
265075,288.1627251151533
265076,1449.7011996673455
265077,1236.4875270949667
265078,773.9069204728632
265079,869.0594431173614
265080,-520.7708697397034
265081,640.7676048124886
265082,427.55393224010993
265083,-35.026674381993416
265084,60.125848262504746
265085,-73.3501310446369
265086,1088.1883435075551
265087,874.9746709351764
265088,412.39406431307305
265089,507.5465869575712
265090,82.23103679354892
265091,1243.769511345741
265092,1030.5558387733622
265093,567.9752321512589
265094,663.127754795757
265095,-1145.6632146404872
265096,15.875259911704916
265097,-197.33841266067384
265098,-659.9190192827773
265099,-564.766496638279
265100,-698.2424759454204
265101,463.2959986067715
265102,250.0823260343928
265103,-212.4982805877105
265104,-117.34575794321245
265105,-542.6613081072348
265106,618.8771664449573
265107,405.66349387257867
265108,-56.91711274952479
265109,38.23540989497337
265110,360.5006678470715
265111,1522.0391423992637
265112,1308.825469826885
265113,846.2448632047815
265114,941.3973858492798
265115,807.9214065421381
265116,1969.45988109433
265117,1756.2462085219515
265118,1293.6656018998483
265119,1388.8181245443463
265120,963.502574380324
265121,2125.041048932516
265122,1911.8273763601374
265123,1449.246769738034
265124,1544.3992923825322
265125,-199.976970464528
265126,961.561504087664
265127,748.3478315152854
265128,285.76722489318195
265129,380.91974753768017
265130,247.44376823053864
265131,1408.9822427827307
265132,1195.768570210352
265133,733.1879635882486
265134,828.3404862327468
265135,403.0249360687244
265136,1564.5634106209166
265137,1351.3497380485378
265138,888.7691314264345
265139,983.9216540709326
265140,-310.57327088609964
265141,850.9652036660924
265142,637.7515310937137
265143,175.1709244716103
265144,270.32344711610847
265145,136.84746780896694
265146,1298.3859423611589
265147,1085.1722697887803
265148,622.5916631666769
265149,717.744185811175
265150,292.4286356471529
265151,1453.967110199345
265152,1240.7534376269662
265153,778.1728310048627
265154,873.325353649361
265155,-302.4999329448233
265156,859.0385416073686
265157,645.8248690349899
265158,183.24426241288654
265159,278.39678505738476
265160,144.9208057502433
265161,1306.4592803024352
265162,1093.2456077300567
265163,630.6650011079532
265164,725.8175237524514
265165,300.5019735884292
265166,1462.040448140621
265167,1248.8267755682425
265168,786.246168946139
265169,881.3986915906373
265170,-508.43162126642756
265171,653.1068532857644
265172,439.8931807133856
265173,-22.687425908717728
265174,72.46509673578055
265175,-61.01088257136098
265176,1100.527591980831
265177,887.3139194084522
265178,424.7333127863489
265179,519.885835430847
265180,94.57028526682484
265181,1256.1087598190168
265182,1042.895087246638
265183,580.3144806245347
265184,675.467003269033
265185,-1133.3239661672112
265186,28.214508384980718
265187,-184.99916418739792
265188,-647.5797708095013
265189,-552.4272481650032
265190,-685.9032274721446
265191,475.6352470800473
265192,262.42157450766865
265193,-200.1590321144347
265194,-105.00650946993653
265195,-530.3220596339588
265196,631.2164149182331
265197,418.0027423458544
265198,-44.57786427624899
265199,50.57465836824929
265200,372.83991632034736
265201,1534.3783908725395
265202,1321.1647183001605
265203,858.5841116780573
265204,953.7366343225555
265205,820.2606550154139
265206,1981.7991295676059
265207,1768.5854569952273
265208,1306.0048503731239
265209,1401.1573730176221
265210,975.8418228535999
265211,2137.3802974057917
265212,1924.1666248334132
265213,1461.5860182113097
265214,1556.738540855808
265215,-187.6377219912522
265216,973.9007525609398
265217,760.6870799885611
265218,298.10647336645775
265219,393.2589960109559
265220,259.7830167038144
265221,1421.3214912560065
265222,1208.1078186836278
265223,745.5272120615244
265224,840.6797347060226
265225,415.3641845420003
265226,1576.9026590941921
265227,1363.6889865218136
265228,901.1083798997103
265229,996.2609025442084
265230,-298.23402241282383
265231,863.3044521393682
265232,650.0907795669895
265233,187.5101729448861
265234,282.66269558938427
265235,149.18671628224274
265236,1310.7251908344347
265237,1097.5115182620561
265238,634.9309116399527
265239,730.083434284451
265240,304.7678841204287
265241,1466.3063586726207
265242,1253.092686100242
265243,790.5120794781386
265244,885.6646021226368
265245,-290.1606844715477
265246,871.3777900806444
265247,658.1641175082658
265248,195.58351088616234
265249,290.7360335306606
265250,157.2600542235191
265251,1318.798528775711
265252,1105.5848562033325
265253,643.004249581229
265254,738.1567722257272
265255,312.8412220617049
265256,1474.379696613897
265257,1261.166024041518
265258,798.5854174194149
265259,893.7379400639131
265260,-496.092372793152
265261,665.4461017590402
265262,452.2324291866615
265263,-10.348177435441812
265264,84.80434520905635
265265,-48.67163409808529
265266,1112.8668404541068
265267,899.653167881728
265268,437.0725612596247
265269,532.2250839041228
265270,106.90953374010053
265271,1268.4480082922926
265272,1055.2343357199138
265273,592.6537290978105
265274,687.8062517423087
265275,-1120.9847176939356
265276,40.55375685825652
265277,-172.65991571412223
265278,-635.2405223362257
265279,-540.0879996917274
265280,-673.5639789988688
265281,487.97449555332315
265282,274.76082298094445
265283,-187.8197836411589
265284,-92.66726099666073
265285,-517.9828111606832
265286,643.5556633915089
265287,430.3419908191302
265288,-32.23861580297307
265289,62.91390684152509
265290,385.17916479362316
265291,1546.7176393458153
265292,1333.5039667734363
265293,870.9233601513331
265294,966.0758827958313
265295,832.5999034886897
265296,1994.1383780408817
265297,1780.9247054685031
265298,1318.3440988463997
265299,1413.4966214908977
265300,988.1810713268757
265301,2149.7195458790675
265302,1936.505873306689
265303,1473.9252666845855
265304,1569.0777893290838
265305,-175.2984735179764
265306,986.2400010342157
265307,773.026328461837
265308,310.44572183973355
265309,405.59824448423177
265310,272.1222651770902
265311,1433.6607397292823
265312,1220.4470671569036
265313,757.8664605348002
265314,853.0189831792984
265315,427.7034330152761
265316,1589.2419075674682
265317,1376.0282349950894
265318,913.4476283729861
265319,1008.6001510174842
265320,-209.36266894082098
265321,952.1758056113711
265322,738.9621330389923
265323,276.38152641688896
265324,371.5340490613872
265325,238.0580697542456
265326,1399.5965443064376
265327,1186.3828717340589
265328,723.8022651119555
265329,818.9547877564538
265330,393.63923759243147
265331,1555.1777121446235
265332,1341.9640395722447
265333,879.3834329501415
265334,974.5359555946396
265335,-201.28933099954463
265336,960.2491435526474
265337,747.0354709802687
265338,284.45486435816525
265339,379.6073870026635
265340,246.13140769552194
265341,1407.6698822477138
265342,1194.4562096753352
265343,731.8756030532319
265344,827.02812569773
265345,401.7125755337078
265346,1563.2510500858998
265347,1350.037377513521
265348,887.4567708914177
265349,982.6092935359159
265350,-407.2210193211488
265351,754.317455231043
265352,541.1037826586644
265353,78.52317603656093
265354,173.6756986810592
265355,40.19971937391756
265356,1201.7381939261095
265357,988.5245213537308
265358,525.9439147316275
265359,621.0964373761257
265360,195.78088721210338
265361,1357.3193617642955
265362,1144.1056891919166
265363,681.5250825698133
265364,776.6776052143116
265365,-1032.1133642219327
265366,129.42511033025937
265367,-83.78856224211938
265368,-546.3691688642227
265369,-451.21664621972445
265370,-584.6926255268661
265371,576.845849025326
265372,363.6321764529473
265373,-98.94843016915615
265374,-3.7959075246579914
265375,-429.1114576886803
265376,732.4270168635118
265377,519.2133442911331
265378,56.632737669029666
265379,151.78526031352783
265380,474.050518265626
265381,1635.588992817818
265382,1422.3753202454393
265383,959.7947136233361
265384,1054.9472362678343
265385,921.4712569606926
265386,2083.0097315128846
265387,1869.7960589405059
265388,1407.2154523184026
265389,1502.367974962901
265390,1077.0524247988785
265391,2238.59089935107
265392,2025.377226778692
265393,1562.7966201565885
265394,1657.9491428010867
265395,-86.42712004597342
265396,1075.1113545062185
265397,861.8976819338397
265398,399.31707531173646
265399,494.4695979562347
265400,360.9936186490931
265401,1522.532093201285
265402,1309.3184206289066
265403,846.7378140068031
265404,941.8903366513013
265405,516.574786487279
265406,1678.113261039471
265407,1464.8995884670921
265408,1002.3189818449889
265409,1097.471504489487
265410,-197.02342046754507
265411,964.5150540846469
265412,751.3013815122681
265413,288.72077489016476
265414,383.8732975346629
265415,250.3973182275215
265416,1411.9357927797134
265417,1198.7221202073347
265418,736.1415135852315
265419,831.2940362297296
265420,405.97848606570733
265421,1567.5169606178993
265422,1354.3032880455207
265423,891.7226814234173
265424,986.8752040679154
265425,-188.95008252626894
265426,972.5883920259231
265427,759.3747194535443
265428,296.794112831441
265429,391.9466354759393
265430,258.47065616879775
265431,1420.0091307209898
265432,1206.795458148611
265433,744.2148515265077
265434,839.3673741710058
265435,414.05182400698357
265436,1575.5902985591756
265437,1362.3766259867969
265438,899.7960193646935
265439,994.9485420091917
265440,-394.881770847873
265441,766.6567037043188
265442,553.4430311319401
265443,90.86242450983673
265444,186.0149471543349
265445,52.538967847193476
265446,1214.0774423993853
265447,1000.8637698270066
265448,538.2831632049033
265449,633.4356858494015
265450,208.1201356853793
265451,1369.658610237571
265452,1156.4449376651926
265453,693.8643310430891
265454,789.0168536875873
265455,-1019.7741157486569
265456,141.76435880353506
265457,-71.4493137688437
265458,-534.0299203909469
265459,-438.8773977464489
265460,-572.3533770535903
265461,589.1850974986017
265462,375.97142492622305
265463,-86.60918169588024
265464,8.543340948617924
265465,-416.77220921540425
265466,744.7662653367876
265467,531.5525927644089
265468,68.97198614230547
265469,164.12450878680363
265470,486.38976673890187
265471,1647.9282412910939
265472,1434.714568718715
265473,972.1339620966119
265474,1067.28648474111
265475,933.8105054339685
265476,2095.3489799861604
265477,1882.1353074137817
265478,1419.5547007916784
265479,1514.7072234361767
265480,1089.3916732721543
265481,2250.930147824346
265482,2037.7164752519677
265483,1575.1358686298643
265484,1670.2883912743623
265485,-74.08787157269774
265486,1087.4506029794943
265487,874.2369304071156
265488,411.6563237850122
265489,506.8088464295104
265490,373.3328671223689
265491,1534.8713416745609
265492,1321.6576691021821
265493,859.0770624800789
265494,954.229585124577
265495,528.9140349605548
265496,1690.452509512747
265497,1477.238836940368
265498,1014.6582303182647
265499,1109.8107529627628
265500,-347.5825518705085
265501,813.9559226816834
265502,600.7422501093047
265503,138.16164348720133
265504,233.3141661316995
265505,99.83818682455797
265506,1261.37666137675
265507,1048.1629888043713
265508,585.5823821822679
265509,680.7349048267661
265510,255.4193546627439
265511,1416.9578292149358
265512,1203.744156642557
265513,741.1635500204538
265514,836.316072664952
265515,-339.50921392923215
265516,822.0292606229597
265517,608.815588050581
265518,146.23498142847757
265519,241.3875040729758
265520,107.91152476583432
265521,1269.4499993180264
265522,1056.2363267456476
265523,593.6557201235443
265524,688.8082427680424
265525,263.49269260402025
265526,1425.0311671562122
265527,1211.8174945838334
265528,749.2368879617301
265529,844.3894106062282
265530,-545.4409022508364
265531,616.0975723013554
265532,402.88389972897664
265533,-59.6967068931267
265534,35.455815751371574
265535,-98.02016355577007
265536,1063.5183109964219
265537,850.3046384240432
265538,387.7240318019399
265539,482.87655444643804
265540,57.561004282415865
265541,1219.0994788346077
265542,1005.8858062622292
265543,543.3051996401257
265544,638.457722284624
265545,-1170.3332471516203
265546,-8.794772599428256
265547,-222.008445171807
265548,-684.5890517939104
265549,-589.4365291494123
265550,-722.9125084565537
265551,438.6259660956384
265552,225.41229352325968
265553,-237.16831309884367
265554,-142.0157904543455
265555,-567.3313406183677
265556,594.2071339338241
265557,380.9934613614454
265558,-81.58714526065796
265559,13.565377383840314
265560,335.8306353359384
265561,1497.3691098881304
265562,1284.1554373157517
265563,821.5748306936483
265564,916.7273533381465
265565,783.251374031005
265566,1944.789848583197
265567,1731.5761760108182
265568,1268.995569388715
265569,1364.148092033213
265570,938.8325418691909
265571,2100.3710164213826
265572,1887.157343849004
265573,1424.5767372269008
265574,1519.7292598713989
265575,-224.64700297566117
265576,936.8914715765309
265577,723.6777990041521
265578,261.0971923820488
265579,356.24971502654694
265580,222.7737357194054
265581,1384.3122102715975
265582,1171.098537699219
265583,708.5179310771155
265584,803.6704537216136
265585,378.35490355759134
265586,1539.8933781097835
265587,1326.6797055374045
265588,864.0990989153013
265589,959.2516215597994
265590,-335.2433033972329
265591,826.2951711549592
265592,613.0814985825805
265593,150.50089196047702
265594,245.6534146049753
265595,112.17743529783377
265596,1273.7159098500256
265597,1060.502237277647
265598,597.9216306555437
265599,693.0741533000419
265600,267.75860313601964
265601,1429.2970776882116
265602,1216.083405115833
265603,753.5027984937296
265604,848.6553211382278
265605,-327.16996545595657
265606,834.3685090962355
265607,621.1548365238568
265608,158.57422990175337
265609,253.7267525462516
265610,120.25077323911012
265611,1281.789247791302
265612,1068.5755752189234
265613,605.9949685968201
265614,701.1474912413182
265615,275.8319410772959
265616,1437.370415629488
265617,1224.1567430571092
265618,761.5761364350059
265619,856.728659079504
265620,-533.1016537775608
265621,628.4368207746312
265622,415.2231482022525
265623,-47.3574584198509
265624,47.795064224647376
265625,-85.68091508249427
265626,1075.8575594696977
265627,862.643886897319
265628,400.0632802752157
265629,495.21580291971384
265630,69.90025275569155
265631,1231.4387273078837
265632,1018.225054735505
265633,555.6444481134015
265634,650.7969707578998
265635,-1157.9939986783447
265636,3.5444758738475457
265637,-209.6691966985312
265638,-672.2498033206348
265639,-577.0972806761365
265640,-710.5732599832779
265641,450.96521456891406
265642,237.75154199653537
265643,-224.82906462556798
265644,-129.67654198106982
265645,-554.9920921450923
265646,606.5463824070998
265647,393.33270983472124
265648,-69.24789678738216
265649,25.904625857116002
265650,348.1698838092141
265651,1509.7083583614062
265652,1296.4946857890275
265653,833.9140791669241
265654,929.0666018114223
265655,795.5906225042808
265656,1957.1290970564728
265657,1743.9154244840943
265658,1281.3348178619908
265659,1376.487340506489
265660,951.1717903424667
265661,2112.7102648946584
265662,1899.4965923222799
265663,1436.9159857001766
265664,1532.068508344675
265665,-212.30775450238548
265666,949.2307200498067
265667,736.0170474774279
265668,273.4364408553245
265669,368.58896349982274
265670,235.1129841926812
265671,1396.6514587448733
265672,1183.4377861724945
265673,720.8571795503913
265674,816.0097021948894
265675,390.6941520308671
265676,1552.232626583059
265677,1339.0189540106803
265678,876.4383473885771
265679,971.5908700330752
265680,-322.9040549239571
265681,838.634419628235
265682,625.4207470558563
265683,162.84014043375282
265684,257.99266307825104
265685,124.51668377110957
265686,1286.0551583233018
265687,1072.8414857509229
265688,610.2608791288195
265689,705.4134017733177
265690,280.0978516092954
265691,1441.6363261614877
265692,1228.4226535891087
265693,765.8420469670053
265694,860.9945696115035
265695,-314.83071698268077
265696,846.7077575695113
265697,633.4940849971325
265698,170.91347837502917
265699,266.06600101952733
265700,132.59002171238592
265701,1294.128496264578
265702,1080.9148236921992
265703,618.3342170700959
265704,713.486739714594
265705,288.17118955057174
265706,1449.7096641027638
265707,1236.495991530385
265708,773.9153849082816
265709,869.0679075527798
265710,-520.762405304285
265711,640.776069247907
265712,427.56239667552825
265713,-35.0182099465751
265714,60.134312697923065
265715,-73.34166660921846
265716,1088.1968079429735
265717,874.9831353705948
265718,412.4025287484915
265719,507.55505139298964
265720,82.23950122896736
265721,1243.7779757811595
265722,1030.5643032087805
265723,567.9836965866773
265724,663.1362192311755
265725,-1145.6547502050687
265726,15.883724347123348
265727,-197.3299482252554
265728,-659.9105548473588
265729,-564.7580322028605
265730,-698.2340115100021
265731,463.30446304219004
265732,250.09079046981122
265733,-212.48981615229218
265734,-117.33729350779402
265735,-542.6528436718163
265736,618.8856308803759
265737,405.671958307997
265738,-56.90864831410636
265739,38.243874330391805
265740,360.5091322824899
265741,1522.047606834682
265742,1308.8339342623033
265743,846.2533276401999
265744,941.4058502846981
265745,807.9298709775566
265746,1969.4683455297488
265747,1756.2546729573698
265748,1293.6740663352666
265749,1388.826588979765
265750,963.5110388157424
265751,2125.0495133679347
265752,1911.835840795556
265753,1449.2552341734524
265754,1544.4077568179505
265755,-199.96850602910968
265756,961.5699685230825
265757,748.3562959507037
265758,285.7756893286003
265759,380.92821197309854
265760,247.452232665957
265761,1408.990707218149
265762,1195.7770346457703
265763,733.1964280236671
265764,828.3489506681652
265765,403.03340050414283
265766,1564.571875056335
265767,1351.3582024839561
265768,888.7775958618529
265769,983.930118506351
265770,-311.5497705068333
265771,849.9887040453588
265772,636.7750314729801
265773,174.19442485087666
265774,269.3469474953749
265775,135.8709681882334
265776,1297.4094427404254
265777,1084.1957701680467
265778,621.6151635459433
265779,716.7676861904415
265780,291.4521360264192
265781,1452.9906105786113
265782,1239.7769380062325
265783,777.1963313841292
265784,872.3488540286273
265785,-303.47643256555693
265786,858.0620419866351
265787,644.8483694142564
265788,182.267762792153
265789,277.42028543665117
265790,143.94430612950964
265791,1305.4827806817016
265792,1092.269108109323
265793,629.6885014872197
265794,724.8410241317179
265795,299.5254739676956
265796,1461.0639485198876
265797,1247.8502759475089
265798,785.2696693254055
265799,880.4221919699037
265800,-509.4081208871612
265801,652.1303536650307
265802,438.9166810926521
265803,-23.663925529451262
265804,71.4885971150469
265805,-61.98738219209474
265806,1099.5510923600973
265807,886.3374197877187
265808,423.7568131656153
265809,518.9093358101135
265810,93.59378564609119
265811,1255.1322601982833
265812,1041.9185876259044
265813,579.3379810038011
265814,674.4905036482993
265815,-1134.3004657879449
265816,27.23800876424707
265817,-185.97566380813157
265818,-648.5562704302349
265819,-553.4037477857366
265820,-686.8797270928783
265821,474.65874745931376
265822,261.44507488693506
265823,-201.13553173516823
265824,-105.98300909067018
265825,-531.2985592546925
265826,630.2399152974996
265827,417.0262427251208
265828,-45.55436389698252
265829,49.59815874751564
265830,371.8634166996138
265831,1533.4018912518059
265832,1320.188218679427
265833,857.6076120573238
265834,952.7601347018219
265835,819.2841553946804
265836,1980.8226299468724
265837,1767.6089573744937
265838,1305.0283507523905
265839,1400.1808733968885
265840,974.8653232328663
265841,2136.4037977850585
265842,1923.1901252126795
265843,1460.6095185905763
265844,1555.7620412350743
265845,-188.61422161198584
265846,972.9242529402063
265847,759.7105803678276
265848,297.1299737457242
265849,392.2824963902224
265850,258.80651708308085
265851,1420.344991635273
265852,1207.1313190628941
265853,744.5507124407909
265854,839.703235085289
265855,414.38768492126667
265856,1575.9261594734587
265857,1362.71248690108
265858,900.1318802789767
265859,995.2844029234748
265860,-299.2105220335575
265861,862.3279525186346
265862,649.1142799462558
265863,186.53367332415246
265864,281.6861959686506
265865,148.2102166615092
265866,1309.7486912137012
265867,1096.5350186413225
265868,633.9544120192191
265869,729.1069346637173
265870,303.79138449969497
265871,1465.329859051887
265872,1252.1161864795083
265873,789.5355798574051
265874,884.6881025019031
265875,-291.13718409228113
265876,870.4012904599109
265877,657.1876178875322
265878,194.6070112654288
265879,289.759533909927
265880,156.28355460278544
265881,1317.8220291549776
265882,1104.6083565825988
265883,642.0277499604955
265884,737.1802726049937
265885,311.8647224409713
265886,1473.4031969931634
265887,1260.1895244207847
265888,797.6089177986813
265889,892.7614404431795
265890,-497.0688724138854
265891,664.4696021383065
265892,451.2559295659279
265893,-11.32467705617546
265894,83.82784558832282
265895,-49.64813371881894
265896,1111.890340833373
265897,898.6766682609945
265898,436.0960616388911
265899,531.2485842833893
265900,105.933034119367
265901,1267.471508671559
265902,1054.2578360991802
265903,591.6772294770769
265904,686.8297521215751
265905,-1121.961217314669
265906,39.57725723752287
265907,-173.63641533485588
265908,-636.2170219569591
265909,-541.0644993124611
265910,-674.5404786196025
265911,486.99799593258956
265912,273.7843233602108
265913,-188.79628326189254
265914,-93.64376061739438
265915,-518.9593107814169
265916,642.5791637707754
265917,429.3654911983966
265918,-33.21511542370672
265919,61.93740722079133
265920,384.20266517288957
265921,1545.7411397250817
265922,1332.527467152703
265923,869.9468605305995
265924,965.0993831750977
265925,831.6234038679562
265926,1993.1618784201482
265927,1779.9482058477695
265928,1317.3675992256663
265929,1412.5201218701643
265930,987.2045717061421
265931,2148.7430462583343
265932,1935.5293736859553
265933,1472.948767063852
265934,1568.1012897083501
265935,-176.27497313871004
265936,985.263501413482
265937,772.0498288411034
265938,309.46922221899996
265939,404.6217448634981
265940,271.14576555635665
265941,1432.6842401085487
265942,1219.47056753617
265943,756.8899609140667
265944,852.0424835585648
265945,426.7269333945425
265946,1588.2654079467347
265947,1375.0517353743558
265948,912.4711287522525
265949,1007.6236513967506
265950,-210.33916856155474
265951,951.1993059906374
265952,737.9856334182587
265953,275.40502679615537
265954,370.55754944065353
265955,237.08157013351206
265956,1398.620044685704
265957,1185.4063721133252
265958,722.825765491222
265959,817.9782881357202
265960,392.66273797169777
265961,1554.2012125238898
265962,1340.9875399515113
265963,878.4069333294078
265964,973.559455973906
265965,-202.26583062027817
265966,959.2726439319138
265967,746.058971359535
265968,283.47836473743166
265969,378.6308873819298
265970,245.1549080747884
265971,1406.6933826269803
265972,1193.4797100546016
265973,730.8991034324984
265974,826.0516260769965
265975,400.73607591297423
265976,1562.2745504651662
265977,1349.0608778927876
265978,886.4802712706842
265979,981.6327939151822
265980,-408.19751894188266
265981,753.3409556103095
265982,540.1272830379306
265983,77.54667641582728
265984,172.69919906032555
265985,39.22321975318391
265986,1200.761694305376
265987,987.5480217329973
265988,524.967415110894
265989,620.1199377553921
265990,194.80438759136973
265991,1356.342862143562
265992,1143.1291895711831
265993,680.5485829490797
265994,775.701105593578
265995,-1033.0898638426663
265996,128.44861070952584
265997,-84.76506186285292
265998,-547.3456684849564
265999,-452.1931458404581
266000,-585.6691251475997
266001,575.8693494045924
266002,362.65567683221366
266003,-99.92492978988969
266004,-4.772407145391526
266005,-430.0879573094139
266006,731.4505172427781
266007,518.2368446703995
266008,55.65623804829602
266009,150.8087606927943
266010,473.0740186448924
266011,1634.6124931970846
266012,1421.3988206247059
266013,958.8182140026024
266014,1053.9707366471007
266015,920.494757339959
266016,2082.033231892151
266017,1868.8195593197725
266018,1406.238952697669
266019,1501.3914753421673
266020,1076.0759251781449
266021,2237.614399730337
266022,2024.4007271579583
266023,1561.820120535855
266024,1656.972643180353
266025,-87.40361966670707
266026,1074.1348548854849
266027,860.9211823131061
266028,398.34057569100287
266029,493.49309833550103
266030,360.01711902835956
266031,1521.5555935805514
266032,1308.341921008173
266033,845.7613143860696
266034,940.9138370305676
266035,515.5982868665453
266036,1677.1367614187373
266037,1463.9230888463587
266038,1001.3424822242553
266039,1096.4950048687535
266040,-197.9999200882787
266041,963.5385544639132
266042,750.3248818915345
266043,287.7442752694312
266044,382.8967979139294
266045,249.42081860678792
266046,1410.9592931589798
266047,1197.745620586601
266048,735.1650139644978
266049,830.317536608996
266050,405.0019864449737
266051,1566.5404609971656
266052,1353.326788424787
266053,890.7461818026836
266054,985.8987044471818
266055,-189.92658214700236
266056,971.6118924051896
266057,758.3982198328108
266058,295.81761321070746
266059,390.9701358552057
266060,257.49415654806415
266061,1419.0326311002561
266062,1205.8189585278774
266063,743.2383519057742
266064,838.3908745502723
266065,413.07532438625003
266066,1574.613798938442
266067,1361.4001263660634
266068,898.81951974396
266069,993.9720423884581
266070,-395.85827046860663
266071,765.6802040835852
266072,552.4665315112065
266073,89.8859248891032
266074,185.03844753360136
266075,51.562468226459714
266076,1213.1009427786519
266077,999.8872702062731
266078,537.3066635841698
266079,632.4591862286679
266080,207.14363606464565
266081,1368.6821106168377
266082,1155.468438044459
266083,692.8878314223556
266084,788.0403540668538
266085,-1020.7506153693905
266086,140.78785918280153
266087,-72.42581338957723
266088,-535.0064200116806
266089,-439.8538973671823
266090,-573.3298766743239
266091,588.2085978778682
266092,374.99492530548946
266093,-87.58568131661377
266094,7.566841327884276
266095,-417.7487088361379
266096,743.789765716054
266097,530.5760931436753
266098,67.99548652157193
266099,163.1480091660701
266100,485.41326711816833
266101,1646.9517416703602
266102,1433.7380690979817
266103,971.1574624758782
266104,1066.3099851203765
266105,932.8340058132349
266106,2094.372480365427
266107,1881.1588077930483
266108,1418.5782011709448
266109,1513.730723815443
266110,1088.415173651421
266111,2249.953648203613
266112,2036.739975631234
266113,1574.1593690091308
266114,1669.311891653629
266115,-75.06437119343127
266116,1086.4741033587607
266117,873.2604307863819
266118,410.67982416427867
266119,505.83234680877683
266120,372.3563675016353
266121,1533.8948420538272
266122,1320.6811694814487
266123,858.1005628593454
266124,953.2530855038434
266125,527.9375353398211
266126,1689.4760098920133
266127,1476.2623373196345
266128,1013.6817306975311
266129,1108.8342533420293
266130,-348.55905149124237
266131,812.9794230609498
266132,599.765750488571
266133,137.18514386646768
266134,232.33766651096585
266135,98.86168720382443
266136,1260.4001617560166
266137,1047.1864891836376
266138,584.6058825615344
266139,679.7584052060325
266140,254.4428550420102
266141,1415.9813295942024
266142,1202.7676570218237
266143,740.1870503997202
266144,835.3395730442184
266145,-340.485713549966
266146,821.0527610022261
266147,607.8390884298474
266148,145.25848180774392
266149,240.4110044522422
266150,106.93502514510067
266151,1268.4734996972927
266152,1055.259827124914
266153,592.6792205028107
266154,687.8317431473088
266155,262.51619298328654
266156,1424.0546675354785
266157,1210.8409949631
266158,748.2603883409965
266159,843.4129109854947
266160,-546.4174018715701
266161,615.1210726806218
266162,401.9074001082431
266163,-60.67320651386024
266164,34.479316130637926
266165,-98.99666317650372
266166,1062.5418113756882
266167,849.3281388033097
266168,386.74753218120634
266169,481.90005482570444
266170,56.584504661682104
266171,1218.1229792138743
266172,1004.9093066414955
266173,542.3287000193922
266174,637.4812226638903
266175,-1171.309746772354
266176,-9.771272220161904
266177,-222.98494479254066
266178,-685.565551414644
266179,-590.4130287701457
266180,-723.8890080772874
266181,437.6494664749048
266182,224.43579390252603
266183,-238.14481271957732
266184,-142.99229007507915
266185,-568.3078402391016
266186,593.2306343130906
266187,380.01696174071185
266188,-82.56364488139161
266189,12.588877763106552
266190,334.8541357152048
266191,1496.3926102673968
266192,1283.178937695018
266193,820.5983310729148
266194,915.7508537174128
266195,782.2748744102714
266196,1943.8133489624636
266197,1730.5996763900848
266198,1268.0190697679814
266199,1363.1715924124796
266200,937.8560422484572
266201,2099.3945168006494
266202,1886.1808442282706
266203,1423.6002376061672
266204,1518.7527602506655
266205,-225.6235025963947
266206,935.9149719557972
266207,722.7012993834185
266208,260.1206927613151
266209,355.27321540581335
266210,221.79723609867187
266211,1383.3357106508638
266212,1170.1220380784853
266213,707.5414314563818
266214,802.69395410088
266215,377.37840393685775
266216,1538.9168784890499
266217,1325.7032059166709
266218,863.1225992945676
266219,958.2751219390659
266220,-336.21980301796657
266221,825.3186715342256
266222,612.1049989618468
266223,149.52439233974349
266224,244.67691498424165
266225,111.20093567710023
266226,1272.7394102292922
266227,1059.5257376569134
266228,596.9451310348102
266229,692.0976536793083
266230,266.78210351528594
266231,1428.320578067478
266232,1215.1069054950995
266233,752.526298872996
266234,847.6788215174942
266235,-328.1464650766902
266236,833.3920094755019
266237,620.1783369031232
266238,157.59773028101972
266239,252.75025292551794
266240,119.27427361837647
266241,1280.8127481705685
266242,1067.5990755981898
266243,605.0184689760865
266244,700.1709916205846
266245,274.8554414565623
266246,1436.3939160087543
266247,1223.1802434363756
266248,760.5996368142723
266249,855.7521594587704
266250,-534.0781533982945
266251,627.4603211538976
266252,414.2466485815188
266253,-48.33395804058455
266254,46.81856460391373
266255,-86.65741470322791
266256,1074.8810598489642
266257,861.6673872765854
266258,399.0867806544821
266259,494.23930329898025
266260,68.9237531349579
266261,1230.46222768715
266262,1017.2485551147713
266263,554.6679484926678
266264,649.8204711371661
266265,-1158.9704982990781
266266,2.5679762531140113
266267,-210.64569631926486
266268,-673.2263029413682
266269,-578.0737802968702
266270,-711.5497596040116
266271,449.98871494818053
266272,236.77504237580183
266273,-225.80556424630151
266274,-130.65304160180335
266275,-555.9685917658257
266276,605.5698827863663
266277,392.3562102139876
266278,-70.22439640811581
266279,24.928126236382468
266280,347.19338418848054
266281,1508.7318587406726
266282,1295.518186168294
266283,832.9375795461906
266284,928.0901021906888
266285,794.6141228835472
266286,1956.1525974357392
266287,1742.9389248633604
266288,1280.3583182412572
266289,1375.5108408857554
266290,950.195290721733
266291,2111.733765273925
266292,1898.5200927015464
266293,1435.939486079443
266294,1531.0920087239413
266295,-213.284254123119
266296,948.254220429073
266297,735.0405478566943
266298,272.45994123459093
266299,367.6124638790891
266300,234.13648457194768
266301,1395.6749591241396
266302,1182.461286551761
266303,719.8806799296576
266304,815.0332025741558
266305,389.7176524101335
266306,1551.2561269623257
266307,1338.0424543899467
266308,875.4618477678434
266309,970.6143704123416
266310,-323.88055454469077
266311,837.6579200075014
266312,624.4442474351226
266313,161.8636408130193
266314,257.01616345751745
266315,123.54018415037592
266316,1285.078658702568
266317,1071.8649861301892
266318,609.284379508086
266319,704.4369021525841
266320,279.12135198856174
266321,1440.6598265407538
266322,1227.4461539683753
266323,764.8655473462718
266324,860.01806999077
266325,-315.8072166034144
266326,845.7312579487777
266327,632.517585376399
266328,169.93697875429552
266329,265.0895013987938
266330,131.61352209165216
266331,1293.1519966438443
266332,1079.9383240714656
266333,617.3577174493623
266334,712.5102400938604
266335,287.1946899298381
266336,1448.7331644820301
266337,1235.5194919096516
266338,772.938885287548
266339,868.0914079320462
266340,-521.7389049250187
266341,639.7995696271734
266342,426.58589705479466
266343,-35.99470956730863
266344,59.15781307718953
266345,-74.31816622995223
266346,1087.2203083222398
266347,874.0066357498612
266348,411.4260291277579
266349,506.578551772256
266350,81.26300160823371
266351,1242.8014761604259
266352,1029.587803588047
266353,567.0071969659436
266354,662.1597196104419
266355,-1146.6312498258023
266356,14.9072247263897
266357,-198.30644784598894
266358,-660.8870544680924
266359,-565.7345318235941
266360,-699.2105111307358
266361,462.32796342145633
266362,249.11429084907763
266363,-213.4663157730257
266364,-118.31379312852755
266365,-543.62934329255
266366,617.9091312596422
266367,404.69545868726345
266368,-57.88514793483989
266369,37.26737470965827
266370,359.53263266175634
266371,1521.0711072139484
266372,1307.8574346415699
266373,845.2768280194664
266374,940.4293506639646
266375,806.9533713568229
266376,1968.4918459090152
266377,1755.2781733366364
266378,1292.697566714533
266379,1387.8500893590312
266380,962.5345391950088
266381,2124.073013747201
266382,1910.8593411748222
266383,1448.278734552719
266384,1543.431257197217
266385,-200.9450056498432
266386,960.5934689023488
266387,747.3797963299702
266388,284.7991897078668
266389,379.95171235236495
266390,246.47573304522348
266391,1408.0142075974154
266392,1194.8005350250369
266393,732.2199284029334
266394,827.3724510474316
266395,402.0569008834093
266396,1563.5953754356015
266397,1350.3817028632227
266398,887.8010962411192
266399,982.9536188856175
266400,-311.54130607141497
266401,849.9971684807772
266402,636.7834959083984
266403,174.2028892862951
266404,269.35541193079325
266405,135.87943262365184
266406,1297.417907175844
266407,1084.204234603465
266408,621.6236279813618
266409,716.7761506258599
266410,291.4606004618376
266411,1452.9990750140298
266412,1239.785402441651
266413,777.2047958195476
266414,872.3573184640458
266415,-303.4679681301386
266416,858.0705064220534
266417,644.8568338496748
266418,182.27622722757133
266419,277.42874987206955
266420,143.95277056492807
266421,1305.4912451171201
266422,1092.2775725447414
266423,629.6969659226381
266424,724.8494885671362
266425,299.53393840311395
266426,1461.072412955306
266427,1247.8587403829272
266428,785.278133760824
266429,880.430656405322
266430,-509.39965645174266
266431,652.1388181004492
266432,438.9251455280705
266433,-23.65546109403283
266434,71.49706155046533
266435,-61.97891775667631
266436,1099.5595567955156
266437,886.3458842231371
266438,423.7652776010337
266439,518.9178002455319
266440,93.60225008150951
266441,1255.1407246337017
266442,1041.927052061323
266443,579.3464454392195
266444,674.4989680837177
266445,-1134.2920013525265
266446,27.246473199665502
266447,-185.96719937271325
266448,-648.5478059948166
266449,-553.3952833503183
266450,-686.87126265746
266451,474.6672118947322
266452,261.4535393223534
266453,-201.1270672997499
266454,-105.97454465525186
266455,-531.2900948192741
266456,630.248379732918
266457,417.03470716053926
266458,-45.545899461564204
266459,49.60662318293396
266460,371.8718811350322
266461,1533.4103556872242
266462,1320.1966831148454
266463,857.6160764927422
266464,952.7685991372402
266465,819.2926198300988
266466,1980.831094382291
266467,1767.6174218099122
266468,1305.0368151878088
266469,1400.189337832307
266470,974.8737876682846
266471,2136.412262220477
266472,1923.198589648098
266473,1460.6179830259946
266474,1555.7705056704929
266475,-188.60575717656752
266476,972.9327173756246
266477,759.7190448032459
266478,297.13843818114253
266479,392.29096082564075
266480,258.8149815184992
266481,1420.3534560706912
266482,1207.1397834983127
266483,744.5591768762092
266484,839.7116995207074
266485,414.39614935668504
266486,1575.9346239088773
266487,1362.7209513364983
266488,900.140344714395
266489,995.2928673588933
266490,-299.20205759813916
266491,862.336416954053
266492,649.1227443816742
266493,186.542137759571
266494,281.69466040406905
266495,148.21868109692764
266496,1309.7571556491196
266497,1096.5434830767408
266498,633.9628764546376
266499,729.1153990991357
266500,303.79984893511335
266501,1465.3383234873054
266502,1252.1246509149269
266503,789.5440442928234
266504,884.6965669373216
266505,-291.1287196568628
266506,870.4097548953293
266507,657.1960823229506
266508,194.61547570084724
266509,289.7679983453454
266510,156.29201903820388
266511,1317.830493590396
266512,1104.6168210180172
266513,642.0362143959139
266514,737.188737040412
266515,311.8731868763897
266516,1473.4116614285817
266517,1260.197988856203
266518,797.6173822340998
266519,892.7699048785978
266520,-497.0604079784671
266521,664.478066573725
266522,451.2643940013462
266523,-11.316212620757142
266524,83.83631002374113
266525,-49.63966928340051
266526,1111.8988052687914
266527,898.6851326964129
266528,436.1045260743095
266529,531.2570487188077
266530,105.94149855478531
266531,1267.4799731069775
266532,1054.2663005345987
266533,591.6856939124954
266534,686.8382165569935
266535,-1121.9527528792507
266536,39.58572167294142
266537,-173.62795089943734
266538,-636.2085575215406
266539,-541.0560348770425
266540,-674.5320141841842
266541,487.0064603680079
266542,273.79278779562924
266543,-188.7878188264741
266544,-93.63529618197595
266545,-518.9508463459983
266546,642.5876282061937
266547,429.373955633815
266548,-33.2066509882884
266549,61.945871656209874
266550,384.211129608308
266551,1545.7496041605
266552,1332.5359315881212
266553,869.955324966018
266554,965.107847610516
266555,831.6318683033746
266556,1993.1703428555666
266557,1779.9566702831878
266558,1317.3760636610846
266559,1412.5285863055828
266560,987.2130361415605
266561,2148.7515106937526
266562,1935.5378381213739
266563,1472.9572314992704
266564,1568.1097541437684
266565,-176.2665087032915
266566,985.2719658489004
266567,772.0582932765217
266568,309.4776866544184
266569,404.63020929891655
266570,271.1542299917751
266571,1432.692704543967
266572,1219.4790319715885
266573,756.898425349485
266574,852.0509479939832
266575,426.7353978299609
266576,1588.273872382153
266577,1375.060199809774
266578,912.4795931876708
266579,1007.6321158321691
266580,-210.3307041261362
266581,951.2077704260558
266582,737.9940978536771
266583,275.4134912315738
266584,370.56601387607196
266585,237.0900345689305
266586,1398.6285091211225
266587,1185.4148365487438
266588,722.8342299266404
266589,817.9867525711386
266590,392.6712024071162
266591,1554.2096769593084
266592,1340.9960043869296
266593,878.4153977648263
266594,973.5679204093244
266595,-202.25736618485985
266596,959.2811083673321
266597,746.0674357949534
266598,283.4868291728501
266599,378.63935181734826
266600,245.16337251020678
266601,1406.7018470623989
266602,1193.48817449002
266603,730.9075678679168
266604,826.0600905124148
266605,400.74454034839266
266606,1562.2830149005847
266607,1349.069342328206
266608,886.4887357061025
266609,981.6412583506008
266610,-408.1890545064641
266611,753.3494200457278
266612,540.135747473349
266613,77.55514085124582
266614,172.707663495744
266615,39.23168418860223
266616,1200.7701587407944
266617,987.5564861684156
266618,524.9758795463124
266619,620.1284021908104
266620,194.81285202678816
266621,1356.3513265789802
266622,1143.1376540066017
266623,680.5570473844981
266624,775.7095700289963
266625,-1033.081399407248
266626,128.45707514494416
266627,-84.7565974274346
266628,-547.3372040495381
266629,-452.1846814050398
266630,-585.6606607121814
266631,575.8778138400107
266632,362.6641412676321
266633,-99.91646535447126
266634,-4.763942709973094
266635,-430.0794928739954
266636,731.4589816781966
266637,518.2453091058178
266638,55.664702483714564
266639,150.81722512821273
266640,473.08248308031085
266641,1634.620957632503
266642,1421.4072850601242
266643,958.826678438021
266644,1053.979201082519
266645,920.5032217753774
266646,2082.0416963275693
266647,1868.8280237551908
266648,1406.2474171330875
266649,1501.3999397775856
266650,1076.0843896135634
266651,2237.6228641657553
266652,2024.4091915933766
266653,1561.8285849712734
266654,1656.9811076157716
266655,-87.39515523128875
266656,1074.1433193209034
266657,860.9296467485246
266658,398.3490401264213
266659,493.50156277091946
266660,360.02558346377793
266661,1521.56405801597
266662,1308.3503854435912
266663,845.769778821488
266664,940.922301465986
266665,515.6067513019638
266666,1677.1452258541558
266667,1463.931553281777
266668,1001.3509466596738
266669,1096.5034693041719
266670,-197.9914556528604
266671,963.5470188993316
266672,750.3333463269529
266673,287.75273970484966
266674,382.9052623493478
266675,249.42928304220635
266676,1410.9677575943983
266677,1197.7540850220196
266678,735.1734783999162
266679,830.3260010444144
266680,405.01045088039206
266681,1566.548925432584
266682,1353.3352528602054
266683,890.754646238102
266684,985.9071688826002
266685,-189.91811771158405
266686,971.6203568406079
266687,758.4066842682292
266688,295.8260776461259
266689,390.9786002906241
266690,257.5026209834826
266691,1419.0410955356747
266692,1205.8274229632957
266693,743.2468163411926
266694,838.3993389856906
266695,413.0837888216684
266696,1574.6222633738603
266697,1361.4085908014818
266698,898.8279841793783
266699,993.9805068238766
266700,-395.8498060331883
266701,765.6886685190036
266702,552.4749959466249
266703,89.89438932452163
266704,185.0469119690198
266705,51.570932661878146
266706,1213.1094072140702
266707,999.8957346416914
266708,537.3151280195882
266709,632.4676506640862
266710,207.15210050006408
266711,1368.690575052256
266712,1155.4769024798773
266713,692.896295857774
266714,788.0488185022722
266715,-1020.742150933972
266716,140.79632361821996
266717,-72.41734895415868
266718,-534.997955576262
266719,-439.84543293176375
266720,-573.3214122389054
266721,588.2170623132866
266722,375.0033897409079
266723,-87.57721688119545
266724,7.575305763302708
266725,-417.7402444007196
266726,743.7982301514725
266727,530.5845575790936
266728,68.00395095699037
266729,163.15647360148853
266730,485.42173155358677
266731,1646.9602061057788
266732,1433.7465335334
266733,971.1659269112968
266734,1066.3184495557948
266735,932.8424702486533
266736,2094.380944800845
266737,1881.1672722284666
266738,1418.586665606363
266739,1513.7391882508614
266740,1088.4236380868392
266741,2249.962112639031
266742,2036.7484400666524
266743,1574.1678334445492
266744,1669.3203560890472
266745,-75.05590675801295
266746,1086.482567794179
266747,873.2688952218004
266748,410.6882885996971
266749,505.84081124419527
266750,372.36483193705374
266751,1533.9033064892458
266752,1320.689633916867
266753,858.1090272947637
266754,953.2615499392618
266755,527.9459997752394
266756,1689.4844743274316
266757,1476.2708017550528
266758,1013.6901951329495
266759,1108.8427177774477
266760,-348.5505870558238
266761,812.9878874963682
266762,599.7742149239895
266763,137.19360830188612
266764,232.34613094638428
266765,98.87015163924286
266766,1260.408626191435
266767,1047.1949536190562
266768,584.6143469969527
266769,679.766869641451
266770,254.45131947742857
266771,1415.9897940296207
266772,1202.776121457242
266773,740.1955148351386
266774,835.3480374796368
266775,-340.4772491145475
266776,821.0612254376445
266777,607.8475528652658
266778,145.26694624316247
266779,240.41946888766063
266780,106.9434895805191
266781,1268.481964132711
266782,1055.2682915603323
266783,592.687684938229
266784,687.8402075827272
266785,262.5246574187049
266786,1424.0631319708968
266787,1210.8494593985183
266788,748.2688527764149
266789,843.4213754209131
266790,-546.4089374361517
266791,615.1295371160402
266792,401.9158645436614
266793,-60.66474207844192
266794,34.487780566056244
266795,-98.98819874108528
266796,1062.5502758111068
266797,849.336603238728
266798,386.7559966166247
266799,481.9085192611228
266800,56.592969097100536
266801,1218.1314436492926
266802,1004.9177710769138
266803,542.3371644548106
266804,637.4896870993086
266805,-1171.3012823369356
266806,-9.762807784743472
266807,-222.97648035712223
266808,-685.5570869792257
266809,-590.4045643347274
266810,-723.880543641869
266811,437.6579309103231
266812,224.44425833794435
266813,-238.13634828415888
266814,-142.98382563966084
266815,-568.299375803683
266816,593.2390987485089
266817,380.0254261761302
266818,-82.55518044597318
266819,12.597342198524984
266820,334.8626001506232
266821,1496.401074702815
266822,1283.1874021304366
266823,820.6067955083331
266824,915.7593181528314
266825,782.2833388456899
266826,1943.821813397882
266827,1730.6081408255031
266828,1268.0275342033997
266829,1363.180056847898
266830,937.8645066838757
266831,2099.4029812360677
266832,1886.189308663689
266833,1423.6087020415857
266834,1518.7612246860838
266835,-225.61503816097638
266836,935.9234363912157
266837,722.7097638188369
266838,260.12915719673356
266839,355.2816798412318
266840,221.8057005340903
266841,1383.3441750862821
266842,1170.1305025139036
266843,707.5498958918002
266844,802.7024185362984
266845,377.3868683722761
266846,1538.9253429244682
266847,1325.7116703520894
266848,863.1310637299861
266849,958.2835863744842
266850,-336.211338582548
266851,825.327135969644
266852,612.1134633972653
266853,149.53285677516192
266854,244.68537941966008
266855,111.20940011251855
266856,1272.7478746647107
266857,1059.5342020923317
266858,596.9535954702285
266859,692.1061181147267
266860,266.79056795070437
266861,1428.3290425028963
266862,1215.1153699305178
266863,752.5347633084144
266864,847.6872859529126
266865,-328.1380006412717
266866,833.4004739109203
266867,620.1868013385415
266868,157.60619471643827
266869,252.75871736093637
266870,119.28273805379479
266871,1280.821212605987
266872,1067.607540033608
266873,605.0269334115048
266874,700.179456056003
266875,274.8639058919807
266876,1436.4023804441726
266877,1223.1887078717941
266878,760.6081012496907
266879,855.7606238941888
266880,-534.069688962876
266881,627.468785589316
266882,414.25511301693723
266883,-48.325493605166
266884,46.82702903933216
266885,-86.6489502678096
266886,1074.8895242843826
266887,861.6758517120038
266888,399.09524508990046
266889,494.2477677343986
266890,68.93221757037634
266891,1230.4706921225684
266892,1017.2570195501896
266893,554.6764129280863
266894,649.8289355725844
266895,-1158.9620338636598
266896,2.5764406885323297
266897,-210.6372318838463
266898,-673.2178385059497
266899,-578.0653158614516
266900,-711.5412951685933
266901,449.99717938359896
266902,236.78350681122026
266903,-225.79709981088308
266904,-130.64457716638492
266905,-555.9601273304072
266906,605.5783472217847
266907,392.364674649406
266908,-70.21593197269726
266909,24.9365906718009
266910,347.20184862389897
266911,1508.7403231760911
266912,1295.5266506037124
266913,832.9460439816089
266914,928.0985666261072
266915,794.6225873189655
266916,1956.1610618711577
266917,1742.947389298779
266918,1280.3667826766755
266919,1375.5193053211738
266920,950.2037551571515
266921,2111.7422297093435
266922,1898.5285571369648
266923,1435.9479505148615
266924,1531.1004731593598
266925,-213.27578968770058
266926,948.2626848644915
266927,735.0490122921127
266928,272.46840567000936
266929,367.6209283145075
266930,234.144949007366
266931,1395.683423559558
266932,1182.4697509871794
266933,719.889144365076
266934,815.0416670095742
266935,389.7261168455519
266936,1551.264591397744
266937,1338.0509188253652
266938,875.4703122032619
266939,970.62283484776
266940,-323.8720901092722
266941,837.6663844429198
266942,624.4527118705411
266943,161.87210524843772
266944,257.0246278929359
266945,123.54864858579435
266946,1285.0871231379865
266947,1071.8734505656075
266948,609.2928439435043
266949,704.4453665880026
266950,279.1298164239801
266951,1440.6682909761723
266952,1227.4546184037936
266953,764.8740117816902
266954,860.0265344261884
266955,-315.7987521679959
266956,845.739722384196
266957,632.5260498118174
266958,169.94544318971407
266959,265.09796583421223
266960,131.6219865270706
266961,1293.1604610792629
266962,1079.9467885068839
266963,617.3661818847806
266964,712.5187045292788
266965,287.20315436525647
266966,1448.7416289174487
266967,1235.52795634507
266968,772.9473497229665
266969,868.0998723674646
266970,-521.7304404896001
266971,639.8080340625918
266972,426.5943614902131
266973,-35.9862451318902
266974,59.16627751260796
266975,-74.3097017945338
266976,1087.2287727576584
266977,874.0151001852796
266978,411.43449356317626
266979,506.5870162076744
266980,81.27146604365203
266981,1242.8099405958442
266982,1029.5962680234654
266983,567.0156614013621
266984,662.1681840458602
266985,-1146.622785390384
266986,14.915689161808132
266987,-198.29798341057062
266988,-660.8785900326741
266989,-565.7260673881758
266990,-699.2020466953174
266991,462.33642785687476
266992,249.12275528449607
266993,-213.45785133760728
266994,-118.30532869310912
266995,-543.6208788571314
266996,617.9175956950605
266997,404.70392312268183
266998,-57.87668349942146
266999,37.2758391450767
267000,359.54109709717477
267001,1521.079571649367
267002,1307.8658990769882
267003,845.2852924548848
267004,940.437815099383
267005,806.9618357922413
267006,1968.5003103444335
267007,1755.2866377720547
267008,1292.7060311499513
267009,1387.8585537944496
267010,962.5430036304272
267011,2124.0814781826193
267012,1910.8678056102406
267013,1448.2871989881373
267014,1543.4397216326354
267015,-200.93654121442478
267016,960.6019333377674
267017,747.3882607653886
267018,284.8076541432852
267019,379.9601767877834
267020,246.48419748064185
267021,1408.022672032834
267022,1194.8089994604552
267023,732.2283928383519
267024,827.38091548285
267025,402.0653653188277
267026,1563.6038398710198
267027,1350.390167298641
267028,887.8095606765377
267029,982.9620833210358
267030,-311.5328416359964
267031,850.0056329161956
267032,636.7919603438169
267033,174.21135372171352
267034,269.3638763662117
267035,135.88789705907027
267036,1297.4263716112623
267037,1084.2126990388836
267038,621.6320924167801
267039,716.7846150612783
267040,291.469064897256
267041,1453.0075394494481
267042,1239.7938668770694
267043,777.213260254966
267044,872.3657828994642
267045,-303.45950369472007
267046,858.0789708574719
267047,644.8652982850932
267048,182.28469166298987
267049,277.437214307488
267050,143.9612350003465
267051,1305.4997095525384
267052,1092.2860369801597
267053,629.7054303580564
267054,724.8579530025546
267055,299.5424028385323
267056,1461.0808773907243
267057,1247.8672048183457
267058,785.2865981962423
267059,880.4391208407404
267060,-509.39119201632434
267061,652.1472825358676
267062,438.93360996348883
267063,-23.646996658614512
267064,71.50552598588365
267065,-61.97045332125788
267066,1099.5680212309342
267067,886.3543486585554
267068,423.7737420364521
267069,518.9262646809502
267070,93.61071451692794
267071,1255.14918906912
267072,1041.9355164967412
267073,579.3549098746379
267074,674.507432519136
267075,-1134.283536917108
267076,27.254937635083934
267077,-185.95873493729482
267078,-648.539341559398
267079,-553.3868189148998
267080,-686.8627982220416
267081,474.6756763301505
267082,261.4620037577718
267083,-201.11860286433148
267084,-105.96608021983343
267085,-531.2816303838556
267086,630.2568441683363
267087,417.0431715959576
267088,-45.53743502614577
267089,49.61508761835239
267090,371.88034557045063
267091,1533.4188201226425
267092,1320.205147550264
267093,857.6245409281605
267094,952.7770635726588
267095,819.3010842655173
267096,1980.8395588177093
267097,1767.6258862453305
267098,1305.045279623227
267099,1400.1978022677254
267100,974.8822521037031
267101,2136.420726655895
267102,1923.2070540835164
267103,1460.6264474614131
267104,1555.7789701059112
267105,-188.59729274114898
267106,972.9411818110431
267107,759.7275092386643
267108,297.14690261656096
267109,392.2994252610592
267110,258.8234459539176
267111,1420.3619205061095
267112,1207.148247933731
267113,744.5676413116277
267114,839.7201639561258
267115,414.4046137921034
267116,1575.9430883442956
267117,1362.7294157719168
267118,900.1488091498135
267119,995.3013317943116
267120,-299.1935931627206
267121,862.3448813894713
267122,649.1312088170927
267123,186.55060219498932
267124,281.7031248394875
267125,148.22714553234596
267126,1309.765620084538
267127,1096.5519475121594
267128,633.9713408900559
267129,729.1238635345541
267130,303.8083133705318
267131,1465.3467879227237
267132,1252.1331153503452
267133,789.5525087282418
267134,884.70503137274
267135,-291.12025522144427
267136,870.4182193307477
267137,657.2045467583689
267138,194.62394013626556
267139,289.7764627807638
267140,156.3004834736223
267141,1317.8389580258142
267142,1104.6252854534355
267143,642.0446788313322
267144,737.1972014758304
267145,311.8816513118081
267146,1473.420125864
267147,1260.2064532916215
267148,797.6258466695181
267149,892.7783693140163
267150,-497.05194354304854
267151,664.4865310091434
267152,451.27285843676464
267153,-11.307748185338596
267154,83.84477445915945
267155,-49.63120484798219
267156,1111.90726970421
267157,898.6935971318312
267158,436.1129905097279
267159,531.265513154226
267160,105.94996299020374
267161,1267.4884375423958
267162,1054.274764970017
267163,591.6941583479138
267164,686.8466809924118
267165,-1121.9442884438324
267166,39.594186108359736
267167,-173.61948646401902
267168,-636.2000930861223
267169,-541.0475704416242
267170,-674.5235497487658
267171,487.0149248034263
267172,273.80125223104767
267173,-188.77935439105568
267174,-93.62683174655751
267175,-518.9423819105798
267176,642.5960926416121
267177,429.38242006923343
267178,-33.198186552869856
267179,61.95433609162819
267180,384.2195940437264
267181,1545.7580685959183
267182,1332.5443960235398
267183,869.9637894014363
267184,965.1163120459345
267185,831.640332738793
267186,1993.178807290985
267187,1779.9651347186064
267188,1317.384528096503
267189,1412.5370507410012
267190,987.2215005769789
267191,2148.759975129171
267192,1935.5463025567922
267193,1472.965695934689
267194,1568.118218579187
267195,-176.25804426787317
267196,985.2804302843189
267197,772.0667577119401
267198,309.48615108983677
267199,404.63867373433493
267200,271.16269442719346
267201,1432.7011689793853
267202,1219.4874964070068
267203,756.9068897849035
267204,852.0594124294016
267205,426.74386226537933
267206,1588.2823368175714
267207,1375.0686642451926
267208,912.4880576230893
267209,1007.6405802675874
267210,-210.32223969071788
267211,951.2162348614743
267212,738.0025622890955
267213,275.42195566699223
267214,370.5744783114904
267215,237.0984990043488
267216,1398.6369735565409
267217,1185.423300984162
267218,722.8426943620588
267219,817.995217006557
267220,392.6796668425346
267221,1554.2181413947267
267222,1341.004468822348
267223,878.4238622002447
267224,973.5763848447427
267225,-202.2489017494413
267226,959.2895728027506
267227,746.0759002303719
267228,283.4952936082685
267229,378.6478162527667
267230,245.17183694562522
267231,1406.7103114978172
267232,1193.4966389254384
267233,730.9160323033351
267234,826.0685549478333
267235,400.75300478381104
267236,1562.291479336003
267237,1349.0778067636243
267238,886.4972001415209
267239,981.6497227860191
267240,-408.1805900710458
267241,753.3578844811462
267242,540.1442119087675
267243,77.56360528666414
267244,172.71612793116242
267245,39.24014862402066
267246,1200.778623176213
267247,987.5649506038341
267248,524.9843439817307
267249,620.1368666262289
267250,194.8213164622066
267251,1356.3597910143988
267252,1143.14611844202
267253,680.5655118199165
267254,775.7180344644147
267255,-1033.0729349718295
267256,128.4655395803626
267257,-84.74813299201605
267258,-547.3287396141195
267259,-452.17621696962124
267260,-585.6521962767629
267261,575.8862782754293
267262,362.67260570305046
267263,-99.90800091905282
267264,-4.755478274554662
267265,-430.07102843857706
267266,731.467446113615
267267,518.2537735412362
267268,55.67316691913288
267269,150.82568956363116
267270,473.0909475157293
267271,1634.6294220679215
267272,1421.4157494955425
267273,958.8351428734393
267274,1053.9876655179376
267275,920.5116862107958
267276,2082.0501607629876
267277,1868.8364881906093
267278,1406.2558815685059
267279,1501.408404213004
267280,1076.0928540489817
267281,2237.6313286011737
267282,2024.4176560287951
267283,1561.8370494066917
267284,1656.98957205119
267285,-87.38669079587021
267286,1074.1517837563217
267287,860.938111183943
267288,398.35750456183973
267289,493.5100272063379
267290,360.03404789919637
267291,1521.5725224513885
267292,1308.3588498790095
267293,845.7782432569063
267294,940.9307659014045
267295,515.6152157373822
267296,1677.1536902895741
267297,1463.9400177171956
267298,1001.3594110950921
267299,1096.5119337395904
267300,-197.98299121744196
267301,963.5554833347501
267302,750.3418107623713
267303,287.76120414026803
267304,382.9137267847662
267305,249.43774747762473
267306,1410.9762220298167
267307,1197.762549457438
267308,735.1819428353347
267309,830.3344654798328
267310,405.0189153158105
267311,1566.5573898680022
267312,1353.3437172956237
267313,890.7631106735205
267314,985.9156333180186
267315,-189.9096532761656
267316,971.6288212760264
267317,758.4151487036476
267318,295.8345420815443
267319,390.9870647260425
267320,257.51108541890096
267321,1419.049559971093
267322,1205.8358873987142
267323,743.2552807766109
267324,838.4078034211091
267325,413.09225325708684
267326,1574.6307278092786
267327,1361.4170552369
267328,898.8364486147967
267329,993.9889712592949
267330,-395.84134159777
267331,765.697132954422
267332,552.4834603820434
267333,89.90285375994006
267334,185.05537640443822
267335,51.57939709729658
267336,1213.1178716494887
267337,999.9041990771099
267338,537.3235924550065
267339,632.4761150995047
267340,207.1605649354824
267341,1368.6990394876743
267342,1155.4853669152958
267343,692.9047602931923
267344,788.0572829376905
267345,-1020.7336864985537
267346,140.8047880536384
267347,-72.40888451874036
267348,-534.9894911408437
267349,-439.83696849634543
267350,-573.3129478034871
267351,588.225526748705
267352,375.0118541763263
267353,-87.56875244577714
267354,7.583770198721027
267355,-417.73177996530126
267356,743.8066945868908
267357,530.5930220145121
267358,68.01241539240868
267359,163.16493803690685
267360,485.43019598900514
267361,1646.968670541197
267362,1433.7549979688183
267363,971.1743913467151
267364,1066.3269139912131
267365,932.8509346840717
267366,2094.3894092362634
267367,1881.1757366638851
267368,1418.5951300417817
267369,1513.7476526862797
267370,1088.4321025222575
267371,2249.9705770744495
267372,2036.7569045020707
267373,1574.1762978799675
267374,1669.3288205244658
267375,-75.04744232259452
267376,1086.4910322295975
267377,873.2773596572188
267378,410.6967530351155
267379,505.84927567961364
267380,372.3732963724721
267381,1533.911770924664
267382,1320.6980983522853
267383,858.1174917301821
267384,953.2700143746803
267385,527.954464210658
267386,1689.49293876285
267387,1476.2792661904712
267388,1013.6986595683679
267389,1108.8511822128662
267390,-348.5421226204055
267391,812.9963519317865
267392,599.7826793594079
267393,137.20207273730455
267394,232.3545953818027
267395,98.8786160746613
267396,1260.4170906268532
267397,1047.2034180544745
267398,584.6228114323711
267399,679.7753340768693
267400,254.459783912847
267401,1415.998258465039
267402,1202.7845858926603
267403,740.203979270557
267404,835.3565019150552
267405,-340.46878467912916
267406,821.0696898730629
267407,607.8560173006841
267408,145.27541067858078
267409,240.42793332307895
267410,106.95195401593742
267411,1268.4904285681296
267412,1055.2767559957508
267413,592.6961493736475
267414,687.8486720181456
267415,262.53312185412335
267416,1424.0715964063152
267417,1210.8579238339366
267418,748.2773172118333
267419,843.4298398563315
267420,-546.4004730007334
267421,615.1380015514585
267422,401.92432897907986
267423,-60.656277643023486
267424,34.496245001474676
267425,-98.97973430566685
267426,1062.558740246525
267427,849.3450676741464
267428,386.7644610520431
267429,481.91698369654125
267430,56.60143353251897
267431,1218.1399080847111
267432,1004.9262355123323
267433,542.3456288902289
267434,637.4981515347271
267435,-1171.292817901517
267436,-9.754343349325154
267437,-222.9680159217038
267438,-685.5486225438071
267439,-590.3960998993089
267440,-723.8720792064505
267441,437.66639534574153
267442,224.4527227733629
267443,-238.12788384874045
267444,-142.9753612042423
267445,-568.2909113682647
267446,593.2475631839274
267447,380.03389061154866
267448,-82.54671601055475
267449,12.605806633943416
267450,334.8710645860416
267451,1496.4095391382336
267452,1283.1958665658549
267453,820.6152599437515
267454,915.7677825882497
267455,782.2918032811083
267456,1943.8302778333002
267457,1730.6166052609215
267458,1268.0359986388182
267459,1363.1885212833163
267460,937.8729711192941
267461,2099.411445671486
267462,1886.1977730991073
267463,1423.617166477004
267464,1518.7696891215023
267465,-225.60657372555795
267466,935.9319008266341
267467,722.7182282542553
267468,260.137621632152
267469,355.29014427665015
267470,221.81416496950874
267471,1383.3526395217007
267472,1170.138966949322
267473,707.5583603272187
267474,802.7108829717167
267475,377.39533280769456
267476,1538.9338073598865
267477,1325.720134787508
267478,863.1395281654045
267479,958.2920508099027
267480,-336.2028741471297
267481,825.3356004050625
267482,612.1219278326837
267483,149.54132121058035
267484,244.6938438550785
267485,111.21786454793698
267486,1272.756339100129
267487,1059.5426665277503
267488,596.9620599056469
267489,692.1145825501451
267490,266.79903238612275
267491,1428.337506938315
267492,1215.123834365936
267493,752.5432277438329
267494,847.6957503883309
267495,-328.12953620585336
267496,833.4089383463387
267497,620.19526577396
267498,157.61465915185659
267499,252.7671817963548
267500,119.29120248921322
267501,1280.8296770414054
267502,1067.6160044690266
267503,605.0353978469233
267504,700.1879204914214
267505,274.8723703273991
267506,1436.4108448795912
267507,1223.1971723072124
267508,760.6165656851091
267509,855.7690883296073
267510,-534.0612245274576
267511,627.4772500247344
267512,414.26357745235566
267513,-48.317029169747684
267514,46.83549347475059
267515,-86.64048583239116
267516,1074.897988719801
267517,861.6843161474222
267518,399.1037095253189
267519,494.25623216981705
267520,68.94068200579477
267521,1230.4791565579867
267522,1017.2654839856081
267523,554.6848773635047
267524,649.8374000080029
267525,-1158.9535694282415
267526,2.5849051239507617
267527,-210.628767448428
267528,-673.2093740705313
267529,-578.0568514260333
267530,-711.5328307331747
267531,450.0056438190174
267532,236.7919712466387
267533,-225.78863537546465
267534,-130.6361127309665
267535,-555.9516628949889
267536,605.5868116572032
267537,392.3731390848244
267538,-70.20746753727894
267539,24.945055107219332
267540,347.2103130593174
267541,1508.7487876115097
267542,1295.5351150391307
267543,832.9545084170275
267544,928.1070310615256
267545,794.631051754384
267546,1956.169526306576
267547,1742.9558537341973
267548,1280.375247112094
267549,1375.527769756592
267550,950.2122195925699
267551,2111.750694144762
267552,1898.5370215723833
267553,1435.9564149502799
267554,1531.1089375947781
267555,-213.26732525228215
267556,948.2711492999099
267557,735.0574767275311
267558,272.4768701054278
267559,367.62939274992596
267560,234.15341344278443
267561,1395.6918879949765
267562,1182.4782154225977
267563,719.8976088004945
267564,815.0501314449925
267565,389.7345812809703
267566,1551.2730558331623
267567,1338.0593832607838
267568,875.4787766386803
267569,970.6312992831784
267570,-323.8636256738539
267571,837.6748488783381
267572,624.4611763059595
267573,161.88056968385615
267574,257.03309232835426
267575,123.55711302121279
267576,1285.0955875734048
267577,1071.881915001026
267578,609.3013083789227
267579,704.4538310234209
267580,279.1382808593985
267581,1440.6767554115906
267582,1227.463082839212
267583,764.8824762171087
267584,860.0349988616067
267585,-315.79028773257755
267586,845.7481868196145
267587,632.5345142472357
267588,169.9539076251324
267589,265.10643026963055
267590,131.63045096248902
267591,1293.1689255146812
267592,1079.9552529423024
267593,617.3746463201991
267594,712.5271689646972
267595,287.21161880067484
267596,1448.750093352867
267597,1235.5364207804882
267598,772.9558141583849
267599,868.1083368028831
267600,-521.7219760541818
267601,639.8164984980101
267602,426.6028259256315
267603,-35.97778069647177
267604,59.174741948026394
267605,-74.30123735911536
267606,1087.2372371930767
267607,874.023564620698
267608,411.4429579985947
267609,506.59548064309286
267610,81.27993047907046
267611,1242.8184050312625
267612,1029.604732458884
267613,567.0241258367805
267614,662.1766484812787
267615,-1146.6143209549655
267616,14.924153597226564
267617,-198.2895189751522
267618,-660.8701255972555
267619,-565.7176029527573
267620,-699.1935822598991
267621,462.3448922922931
267622,249.13121971991438
267623,-213.44938690218896
267624,-118.2968642576908
267625,-543.6124144217131
267626,617.9260601304788
267627,404.71238755810026
267628,-57.86821906400314
267629,37.28430358049502
267630,359.54956153259315
267631,1521.0880360847852
267632,1307.8743635124065
267633,845.2937568903033
267634,940.4462795348013
267635,806.9703002276598
267636,1968.5087747798518
267637,1755.295102207473
267638,1292.7144955853698
267639,1387.8670182298679
267640,962.5514680658456
267641,2124.0899426180376
267642,1910.876270045659
267643,1448.2956634235557
267644,1543.448186068054
267645,-200.92807677900646
267646,960.6103977731857
267647,747.3967252008069
267648,284.8161185787036
267649,379.96864122320176
267650,246.49266191606029
267651,1408.0311364682523
267652,1194.8174638958735
267653,732.2368572737703
267654,827.3893799182684
267655,402.07382975424605
267656,1563.612304306438
267657,1350.3986317340596
267658,887.8180251119561
267659,982.9705477564543
267660,-311.5243772005781
267661,850.0140973516139
267662,636.8004247792353
267663,174.21981815713184
267664,269.37234080163006
267665,135.8963614944887
267666,1297.4348360466806
267667,1084.2211634743019
267668,621.6405568521985
267669,716.7930794966967
267670,291.4775293326744
267671,1453.0160038848664
267672,1239.8023313124877
267673,777.2217246903845
267674,872.3742473348825
267675,-303.45103925930175
267676,858.0874352928903
267677,644.8737627205115
267678,182.2931560984082
267679,277.44567874290635
267680,143.96969943576482
267681,1305.508173987957
267682,1092.2945014155782
267683,629.7138947934749
267684,724.866417437973
267685,299.55086727395076
267686,1461.0893418261426
267687,1247.875669253764
267688,785.2950626316607
267689,880.4475852761589
267690,-509.382727580906
267691,652.1557469712859
267692,438.94207439890727
267693,-23.63853222319608
267694,71.51399042130208
267695,-61.961988885839446
267696,1099.5764856663525
267697,886.3628130939738
267698,423.7822064718705
267699,518.9347291163687
267700,93.61917895234637
267701,1255.1576535045383
267702,1041.9439809321598
267703,579.3633743100563
267704,674.5158969545545
267705,-1134.2750724816897
267706,27.263402070502252
267707,-185.9502705018764
267708,-648.5308771239797
267709,-553.3783544794815
267710,-686.8543337866231
267711,474.68414076556894
267712,261.47046819319024
267713,-201.11013842891305
267714,-105.957615784415
267715,-531.2731659484373
267716,630.2653086037548
267717,417.051636031376
267718,-45.52897059072734
267719,49.62355205377082
267720,371.888810005869
267721,1533.427284558061
267722,1320.2136119856823
267723,857.633005363579
267724,952.7855280080771
267725,819.3095487009357
267726,1980.8480232531276
267727,1767.6343506807489
267728,1305.0537440586456
267729,1400.2062667031437
267730,974.8907165391215
267731,2136.4291910913134
267732,1923.2155185189347
267733,1460.6349118968315
267734,1555.7874345413297
267735,-188.58882830573066
267736,972.9496462464615
267737,759.7359736740827
267738,297.1553670519794
267739,392.30788969647756
267740,258.83191038933603
267741,1420.370384941528
267742,1207.1567123691493
267743,744.5761057470461
267744,839.7286283915441
267745,414.41307822752185
267746,1575.951552779714
267747,1362.7378802073354
267748,900.1572735852319
267749,995.3097962297301
267750,-299.1851287273023
267751,862.3533458248899
267752,649.1396732525111
267753,186.55906663040776
267754,281.7115892749059
267755,148.2356099677644
267756,1309.7740845199564
267757,1096.5604119475777
267758,633.9798053254743
267759,729.1323279699725
267760,303.8167778059502
267761,1465.3552523581425
267762,1252.1415797857635
267763,789.5609731636603
267764,884.7134958081583
267765,-291.11179078602595
267766,870.4266837661661
267767,657.2130111937873
267768,194.632404571684
267769,289.7849272161822
267770,156.30894790904063
267771,1317.8474224612328
267772,1104.633749888854
267773,642.0531432667507
267774,737.2056659112488
267775,311.89011574722656
267776,1473.4285902994186
267777,1260.2149177270398
267778,797.6343111049365
267779,892.7868337494347
267780,-497.0434791076302
267781,664.4949954445618
267782,451.28132287218307
267783,-11.299283749920278
267784,83.853238894578
267785,-49.62274041256376
267786,1111.9157341396285
267787,898.7020615672496
267788,436.1214549451463
267789,531.2739775896445
267790,105.95842742562218
267791,1267.496901977814
267792,1054.2832294054356
267793,591.7026227833321
267794,686.8551454278303
267795,-1121.935824008414
267796,39.602650543778054
267797,-173.6110220286007
267798,-636.1916286507039
267799,-541.0391060062059
267800,-674.5150853133473
267801,487.02338923884474
267802,273.8097166664661
267803,-188.77088995563724
267804,-93.61836731113908
267805,-518.9339174751615
267806,642.6045570770306
267807,429.3908845046518
267808,-33.18972211745154
267809,61.96280052704674
267810,384.2280584791448
267811,1545.7665330313368
267812,1332.552860458958
267813,869.9722538368547
267814,965.1247764813529
267815,831.6487971742114
267816,1993.1872717264034
267817,1779.9735991540247
267818,1317.3929925319212
267819,1412.5455151764195
267820,987.2299650123973
267821,2148.7684395645892
267822,1935.5547669922105
267823,1472.9741603701073
267824,1568.1266830146055
267825,-176.24957983245474
267826,985.2888947197373
267827,772.0752221473585
267828,309.4946155252552
267829,404.64713816975336
267830,271.17115886261183
267831,1432.7096334148039
267832,1219.4959608424251
267833,756.9153542203219
267834,852.0678768648199
267835,426.75232670079777
267836,1588.2908012529897
267837,1375.077128680611
267838,912.4965220585077
267839,1007.6490447030059
267840,-210.31377525529945
267841,951.2246992968926
267842,738.0110267245138
267843,275.4304201024106
267844,370.58294274690877
267845,237.10696343976724
267846,1398.6454379919592
267847,1185.4317654195806
267848,722.8511587974772
267849,818.0036814419753
267850,392.688131277953
267851,1554.226605830145
267852,1341.0129332577662
267853,878.432326635663
267854,973.5848492801613
267855,-202.24043731402298
267856,959.298037238169
267857,746.0843646657902
267858,283.5037580436869
267859,378.65628068818506
267860,245.1803013810436
267861,1406.7187759332355
267862,1193.505103360857
267863,730.9244967387535
267864,826.0770193832517
267865,400.76146921922947
267866,1562.2999437714213
267867,1349.0862711990426
267868,886.5056645769394
267869,981.6581872214375
267870,-408.1721256356275
267871,753.3663489165647
267872,540.1526763441859
267873,77.57206972208269
267874,172.72459236658085
267875,39.248613059439094
267876,1200.7870876116313
267877,987.5734150392525
267878,524.9928084171491
267879,620.1453310616473
267880,194.82978089762491
267881,1356.368255449817
267882,1143.1545828774383
267883,680.573976255335
267884,775.7264988998331
267885,-1033.0644705364111
267886,128.47400401578102
267887,-84.73966855659774
267888,-547.3202751787012
267889,-452.1677525342029
267890,-585.6437318413446
267891,575.8947427108476
267892,362.6810701384689
267893,-99.8995364836345
267894,-4.7470138391363434
267895,-430.06256400315874
267896,731.4759105490333
267897,518.2622379766547
267898,55.6816313545512
267899,150.83415399904948
267900,473.09941195114766
267901,1634.6378865033398
267902,1421.424213930961
267903,958.8436073088577
267904,1053.9961299533559
267905,920.5201506462142
267906,2082.058625198406
267907,1868.8449526260276
267908,1406.2643460039244
267909,1501.4168686484225
267910,1076.1013184844
267911,2237.639793036592
267912,2024.4261204642135
267913,1561.8455138421102
267914,1656.9980364866083
267915,-87.37822636045189
267916,1074.1602481917403
267917,860.9465756193614
267918,398.3659689972581
267919,493.51849164175627
267920,360.04251233461474
267921,1521.5809868868068
267922,1308.367314314428
267923,845.7867076923247
267924,940.9392303368229
267925,515.6236801728005
267926,1677.1621547249924
267927,1463.948482152614
267928,1001.3678755305106
267929,1096.5203981750087
267930,-197.97452678202353
267931,963.5639477701684
267932,750.3502751977896
267933,287.7696685756864
267934,382.9221912201846
267935,249.4462119130431
267936,1410.984686465235
267937,1197.7710138928564
267938,735.190407270753
267939,830.3429299152511
267940,405.02737975122886
267941,1566.565854303421
267942,1353.352181731042
267943,890.7715751089388
267944,985.924097753437
267945,-189.90118884074718
267946,971.6372857114447
267947,758.423613139066
267948,295.84300651696265
267949,390.99552916146087
267950,257.51954985431934
267951,1419.0580244065113
267952,1205.8443518341326
267953,743.2637452120293
267954,838.4162678565275
267955,413.1007176925052
267956,1574.6391922446974
267957,1361.4255196723184
267958,898.8449130502152
267959,993.9974356947133
267960,-395.8328771623517
267961,765.7055973898404
267962,552.4919248174617
267963,89.91131819535838
267964,185.06384083985654
267965,51.58786153271501
267966,1213.126336084907
267967,999.9126635125283
267968,537.332056890425
267969,632.4845795349231
267970,207.16902937090083
267971,1368.7075039230926
267972,1155.4938313507141
267973,692.9132247286108
267974,788.0657473731089
267975,-1020.7252220631353
267976,140.8132524890567
267977,-72.40042008332205
267978,-534.9810267054254
267979,-439.8285040609271
267980,-573.3044833680685
267981,588.2339911841234
267982,375.02031861174464
267983,-87.56028801035859
267984,7.592234634139459
267985,-417.72331552988294
267986,743.8151590223092
267987,530.6014864499305
267988,68.02087982782712
267989,163.17340247232528
267990,485.4386604244235
267991,1646.9771349766156
267992,1433.7634624042366
267993,971.1828557821334
267994,1066.3353784266317
267995,932.8593991194901
267996,2094.3978736716817
267997,1881.1842010993034
267998,1418.6035944772002
267999,1513.7561171216983
268000,1088.4405669576759
268001,2249.979041509868
268002,2036.7653689374893
268003,1574.1847623153858
268004,1669.337284959884
268005,-75.03897788717609
268006,1086.4994966650158
268007,873.2858240926371
268008,410.70521747053385
268009,505.857740115032
268010,372.3817608078905
268011,1533.9202353600826
268012,1320.7065627877037
268013,858.1259561656005
268014,953.2784788100987
268015,527.9629286460763
268016,1689.5014031982685
268017,1476.2877306258897
268018,1013.7071240037862
268019,1108.8596466482845
268020,-348.5336581849872
268021,813.004816367205
268022,599.7911437948262
268023,137.21053717272298
268024,232.36305981722114
268025,98.88708051007961
268026,1260.4255550622715
268027,1047.211882489893
268028,584.6312758677896
268029,679.7837985122877
268030,254.46824834826543
268031,1416.0067229004576
268032,1202.7930503280786
268033,740.2124437059754
268034,835.3649663504735
268035,-340.46032024371084
268036,821.0781543084813
268037,607.8644817361026
268038,145.28387511399922
268039,240.43639775849738
268040,106.96041845135585
268041,1268.498893003548
268042,1055.2852204311694
268043,592.7046138090659
268044,687.8571364535641
268045,262.5415862895418
268046,1424.080060841734
268047,1210.866388269355
268048,748.2857816472517
268049,843.4383042917499
268050,-546.3920085653151
268051,615.146465986877
268052,401.9327934144983
268053,-60.647813207605054
268054,34.50470943689311
268055,-98.97126987024853
268056,1062.5672046819436
268057,849.3535321095649
268058,386.7729254874615
268059,481.9254481319597
268060,56.6098979679374
268061,1218.1483725201294
268062,1004.9346999477507
268063,542.3540933256473
268064,637.5066159701455
268065,-1171.2843534660988
268066,-9.745878913906722
268067,-222.95955148628548
268068,-685.5401581083888
268069,-590.3876354638905
268070,-723.863614771032
268071,437.67485978115997
268072,224.4611872087812
268073,-238.11941941332202
268074,-142.96689676882397
268075,-568.2824469328464
268076,593.2560276193458
268077,380.04235504696703
268078,-82.53825157513631
268079,12.614271069361848
268080,334.87952902146003
268081,1496.4180035736522
268082,1283.2043310012732
268083,820.62372437917
268084,915.7762470236681
268085,782.3002677165266
268086,1943.8387422687185
268087,1730.6250696963398
268088,1268.0444630742365
268089,1363.1969857187346
268090,937.8814355547125
268091,2099.4199101069044
268092,1886.2062375345258
268093,1423.6256309124224
268094,1518.7781535569206
268095,-225.59810929013952
268096,935.9403652620524
268097,722.7266926896738
268098,260.1460860675704
268099,355.2986087120686
268100,221.82262940492706
268101,1383.3611039571192
268102,1170.1474313847402
268103,707.566824762637
268104,802.7193474071352
268105,377.403797243113
268106,1538.942271795305
268107,1325.7285992229263
268108,863.1479926008228
268109,958.3005152453211
268110,-336.1944097117114
268111,825.3440648404808
268112,612.130392268102
268113,149.54978564599878
268114,244.7023082904969
268115,111.22632898335542
268116,1272.7648035355473
268117,1059.5511309631688
268118,596.9705243410654
268119,692.1230469855635
268120,266.8074968215411
268121,1428.3459713737334
268122,1215.1322988013546
268123,752.5516921792512
268124,847.7042148237493
268125,-328.12107177043504
268126,833.4174027817571
268127,620.2037302093784
268128,157.62312358727502
268129,252.77564623177318
268130,119.29966692463165
268131,1280.8381414768237
268132,1067.624468904445
268133,605.0438622823417
268134,700.1963849268399
268135,274.88083476281747
268136,1436.4193093150095
268137,1223.2056367426308
268138,760.6250301205275
268139,855.7775527650257
268140,-534.0527600920393
268141,627.4857144601527
268142,414.2720418877741
268143,-48.30856473432914
268144,46.843957910169024
268145,-86.63202139697273
268146,1074.9064531552194
268147,861.6927805828407
268148,399.1121739607373
268149,494.26469660523543
268150,68.94914644121309
268151,1230.4876209934052
268152,1017.2739484210265
268153,554.6933417989231
268154,649.8458644434213
268155,-1158.9451049928227
268156,2.5933695593691937
268157,-210.62030301300956
268158,-673.2009096351128
268159,-578.0483869906147
268160,-711.5243662977564
268161,450.0141082544357
268162,236.800435682057
268163,-225.78017094004633
268164,-130.62764829554817
268165,-555.9431984595706
268166,605.5952760926215
268167,392.38160352024283
268168,-70.19900310186063
268169,24.95351954263765
268170,347.2187774947358
268171,1508.757252046928
268172,1295.5435794745492
268173,832.9629728524458
268174,928.115495496944
268175,794.6395161898024
268176,1956.1779907419943
268177,1742.9643181696156
268178,1280.3837115475126
268179,1375.5362341920106
268180,950.2206840279882
268181,2111.75915858018
268182,1898.5454860078016
268183,1435.9648793856982
268184,1531.1174020301964
268185,-213.25886081686372
268186,948.2796137353282
268187,735.0659411629496
268188,272.48533454084617
268189,367.63785718534433
268190,234.16187787820286
268191,1395.7003524303948
268192,1182.486679858016
268193,719.9060732359128
268194,815.058595880411
268195,389.7430457163887
268196,1551.2815202685806
268197,1338.067847696202
268198,875.4872410740986
268199,970.6397637185969
268200,-323.8551612384356
268201,837.6833133137566
268202,624.4696407413778
268203,161.88903411927447
268204,257.04155676377263
268205,123.56557745663122
268206,1285.1040520088231
268207,1071.8903794364446
268208,609.3097728143412
268209,704.4622954588393
268210,279.1467452948169
268211,1440.685219847009
268212,1227.4715472746302
268213,764.890940652527
268214,860.0434632970251
268215,-315.78182329715924
268216,845.7566512550329
268217,632.5429786826542
268218,169.9623720605507
268219,265.114894705049
268220,131.63891539790745
268221,1293.1773899500995
268222,1079.9637173777207
268223,617.3831107556175
268224,712.5356334001157
268225,287.2200832360933
268226,1448.7585577882853
268227,1235.5448852159066
268228,772.9642785938033
268229,868.1168012383015
268230,-521.7135116187635
268231,639.8249629334285
268232,426.61129036104984
268233,-35.96931626105345
268234,59.18320638344471
268235,-74.29277292369693
268236,1087.2457016284952
268237,874.0320290561165
268238,411.4514224340131
268239,506.60394507851123
268240,81.28839491448889
268241,1242.826869466681
268242,1029.6131968943023
268243,567.032590272199
268244,662.1851129166971
268245,-1146.6058565195472
268246,14.932618032644882
268247,-198.28105453973376
268248,-660.8616611618372
268249,-565.7091385173389
268250,-699.1851178244806
268251,462.3533567277115
268252,249.13968415533282
268253,-213.44092246677053
268254,-118.28839982227237
268255,-543.6039499862948
268256,617.9345245658974
268257,404.72085199351864
268258,-57.85975462858471
268259,37.29276801591345
268260,359.5580259680115
268261,1521.0965005202038
268262,1307.8828279478248
268263,845.3022213257216
268264,940.4547439702197
268265,806.9787646630782
268266,1968.5172392152701
268267,1755.3035666428916
268268,1292.7229600207884
268269,1387.8754826652864
268270,962.559932501264
268271,2124.098407053456
268272,1910.8847344810774
268273,1448.304127858974
268274,1543.4566505034722
268275,-200.91961234358803
268276,960.618862208604
268277,747.4051896362254
268278,284.82458301412197
268279,379.97710565862013
268280,246.50112635147866
268281,1408.0396009036708
268282,1194.8259283312918
268283,732.2453217091887
268284,827.3978443536868
268285,402.0822941896645
268286,1563.6207687418564
268287,1350.4070961694779
268288,887.8264895473744
268289,982.9790121918727
268290,-312.4972492061322
268291,849.0412253460597
268292,635.827552773681
268293,173.24694615157762
268294,268.3994687960758
268295,134.92348948893425
268296,1296.4619640411263
268297,1083.2482914687475
268298,620.6676848466443
268299,715.8202074911425
268300,290.5046573271202
268301,1452.043131879312
268302,1238.8294593069336
268303,776.2488526848301
268304,871.4013753293283
268305,-304.42391126485586
268306,857.1145632873361
268307,643.9008907149573
268308,181.32028409285385
268309,276.47280673735213
268310,142.9968274302106
268311,1304.5353019824026
268312,1091.321629410024
268313,628.7410227879207
268314,723.8935454324187
268315,298.57799526839653
268316,1460.1164698205885
268317,1246.9027972482097
268318,784.3221906261064
268319,879.4747132706045
268320,-510.35559958646013
268321,651.1828749657317
268322,437.969202393353
268323,-24.611404228750416
268324,70.54111841574786
268325,-62.93486089139378
268326,1098.6036136607981
268327,885.3899410884196
268328,422.8093344663162
268329,517.9618571108143
268330,92.64630694679215
268331,1254.1847814989842
268332,1040.9711089266054
268333,578.390502304502
268334,673.5430249490003
268335,-1135.247944487244
268336,26.29053006494803
268337,-186.9231425074306
268338,-649.5037491295341
268339,-554.3512264850358
268340,-687.8272057921774
268341,473.71126876001466
268342,260.49759618763596
268343,-202.08301043446738
268344,-106.93048778996922
268345,-532.2460379539914
268346,629.2924365982005
268347,416.0787640258217
268348,-46.501842596281676
268349,48.6506800482166
268350,370.9159380003148
268351,1532.4544125525067
268352,1319.2407399801282
268353,856.6601333580247
268354,951.8126560025229
268355,818.3366766953814
268356,1979.8751512475735
268357,1766.6614786751948
268358,1304.0808720530913
268359,1399.2333946975896
268360,973.9178445335673
268361,2135.456319085759
268362,1922.2426465133806
268363,1459.6620398912773
268364,1554.8145625357754
268365,-189.56170031128488
268366,971.9767742409072
268367,758.7631016685285
268368,296.18249504642506
268369,391.3350176909233
268370,257.8590383837817
268371,1419.3975129359737
268372,1206.1838403635952
268373,743.6032337414917
268374,838.7557563859899
268375,413.4402062219676
268376,1574.9786807741598
268377,1361.7650082017808
268378,899.1844015796776
268379,994.3369242241758
268380,-300.15800073285664
268381,861.3804738193355
268382,648.1668012469568
268383,185.58619462485342
268384,280.7387172693516
268385,147.26273796221005
268386,1308.8012125144023
268387,1095.5875399420233
268388,633.0069333199201
268389,728.1594559644183
268390,302.84390580039593
268391,1464.3823803525881
268392,1251.1687077802094
268393,788.5881011581059
268394,883.7406238026041
268395,-292.0846627915803
268396,869.4538117606118
268397,656.2401391882331
268398,193.65953256612966
268399,288.8120552106279
268400,155.3360759034864
268401,1316.8745504556784
268402,1103.6608778832997
268403,641.0802712611965
268404,736.2327939056945
268405,310.9172437416723
268406,1472.4557182938643
268407,1259.2420457214855
268408,796.6614390993822
268409,891.8139617438803
268410,-498.0163511131843
268411,663.5221234390075
268412,450.30845086662885
268413,-12.2721557554745
268414,82.88036688902366
268415,-50.59561241811798
268416,1110.942862134074
268417,897.7291895616954
268418,435.148582939592
268419,530.3011055840902
268420,104.98555542006784
268421,1266.52402997226
268422,1053.3103573998812
268423,590.7297507777778
268424,685.8822734222761
268425,-1122.9086960139682
268426,38.62977853822383
268427,-174.58389403415492
268428,-637.1645006562583
268429,-542.01197801176
268430,-675.4879573189016
268431,486.0505172332905
268432,272.8368446609117
268433,-189.74376196119158
268434,-94.59123931669353
268435,-519.9067894807158
268436,641.6316850714763
268437,428.4180124990976
268438,-34.162594123005874
268439,60.98992852149229
268440,383.2551864735905
268441,1544.7936610257825
268442,1331.5799884534038
268443,868.9993818313005
268444,964.1519044757986
268445,830.6759251686572
268446,1992.2143997208493
268447,1779.0007271484703
268448,1316.420120526367
268449,1411.5726431708654
268450,986.257093006843
268451,2147.795567559035
268452,1934.5818949866564
268453,1472.001288364553
268454,1567.1538110090512
268455,-177.2224518380092
268456,984.316022714183
268457,771.1023501418042
268458,308.52174351970086
268459,403.6742661641991
268460,270.19828685705755
268461,1431.7367614092495
268462,1218.523088836871
268463,755.9424822147676
268464,851.0950048592657
268465,425.7794546952434
268466,1587.3179292474356
268467,1374.1042566750568
268468,911.5236500529534
268469,1006.6761726974516
268470,-211.28664726085367
268471,950.2518272913384
268472,737.0381547189596
268473,274.45754809685627
268474,369.6100707413545
268475,236.1340914342129
268476,1397.672565986405
268477,1184.4588934140263
268478,721.878286791923
268479,817.0308094364211
268480,391.7152592723987
268481,1553.2537338245907
268482,1340.0400612522121
268483,877.4594546301087
268484,972.6119772746069
268485,-203.21330931957732
268486,958.3251652326147
268487,745.1114926602359
268488,282.53088603813256
268489,377.6834086826308
268490,244.20742937548926
268491,1405.7459039276812
268492,1192.5322313553024
268493,729.9516247331993
268494,825.1041473776974
268495,399.7885972136751
268496,1561.327071765867
268497,1348.1133991934885
268498,885.532792571385
268499,980.6853152158833
268500,-409.1449976411816
268501,752.3934769110103
268502,539.1798043386316
268503,76.59919771652824
268504,171.7517203610264
268505,38.27574105388487
268506,1199.814215606077
268507,986.6005430336982
268508,524.0199364115949
268509,619.172459056093
268510,193.8569088920707
268511,1355.3953834442627
268512,1142.181710871884
268513,679.6011042497806
268514,774.7536268942788
268515,-1034.0373425419655
268516,127.50113201022668
268517,-85.71254056215207
268518,-548.2931471842555
268519,-453.14062453975725
268520,-586.6166038468989
268521,574.9218707052933
268522,361.70819813291456
268523,-100.87240848918873
268524,-5.719885844690566
268525,-431.03543600871285
268526,730.5030385434791
268527,517.2893659711003
268528,54.70875934899698
268529,149.86128199349514
268530,472.1265399455934
268531,1633.6650144977855
268532,1420.4513419254067
268533,957.8707353033033
268534,1053.0232579478015
268535,919.54727864066
268536,2081.0857531928523
268537,1867.8720806204733
268538,1405.29147399837
268539,1500.4439966428681
268540,1075.128446478846
268541,2236.666921031038
268542,2023.4532484586591
268543,1560.8726418365559
268544,1656.0251644810542
268545,-88.35109836600623
268546,1073.187376186186
268547,859.9737036138072
268548,397.39309699170377
268549,492.54561963620193
268550,359.06964032906046
268551,1520.6081148812525
268552,1307.3944423088737
268553,844.8138356867705
268554,939.9663583312686
268555,514.6508081672463
268556,1676.1892827194383
268557,1462.9756101470596
268558,1000.3950035249562
268559,1095.5475261694544
268560,-198.94739878757787
268561,962.5910757646142
268562,749.3774031922354
268563,286.79679657013213
268564,381.9493192146303
268565,248.47333990748876
268566,1410.0118144596809
268567,1196.798141887302
268568,734.2175352651988
268569,829.3700579096969
268570,404.05450774567464
268571,1565.5929822978667
268572,1352.379309725488
268573,889.7987031033846
268574,984.9512257478827
268575,-190.87406084630152
268576,970.6644137058904
268577,757.4507411335118
268578,294.8701345114084
268579,390.0226571559066
268580,256.5466778487651
268581,1418.0851524009572
268582,1204.8714798285782
268583,742.2908732064751
268584,837.4433958509732
268585,412.1278456869509
268586,1573.666320239143
268587,1360.4526476667643
268588,897.8720410446608
268589,993.0245636891591
268590,-396.8057491679058
268591,764.7327253842861
268592,551.5190528119074
268593,88.93844618980415
268594,184.09096883430232
268595,50.61498952716079
268596,1212.1534640793527
268597,998.939791506974
268598,536.3591848848707
268599,631.5117075293688
268600,206.1961573653466
268601,1367.7346319175385
268602,1154.52095934516
268603,691.9403527230564
268604,787.0928753675547
268605,-1021.6980940686897
268606,139.84038048350249
268607,-73.37329208887627
268608,-535.9538987109797
268609,-440.80137606648145
268610,-574.2773553736229
268611,587.2611191785691
268612,374.0474466061904
268613,-88.53316001591293
268614,6.619362628585236
268615,-418.69618753543705
268616,742.8422870167549
268617,529.6286144443761
268618,67.0480078222729
268619,162.20053046677106
268620,484.4657884188693
268621,1646.0042629710613
268622,1432.7905903986825
268623,970.2099837765793
268624,1065.3625064210773
268625,931.8865271139359
268626,2093.425001666128
268627,1880.211329093749
268628,1417.6307224716459
268629,1512.783245116144
268630,1087.4676949521217
268631,2249.006169504314
268632,2035.792496931935
268633,1573.2118903098317
268634,1668.36441295433
268635,-76.01184989273042
268636,1085.5266246594617
268637,872.312952087083
268638,409.7323454649796
268639,504.8848681094778
268640,371.4088888023362
268641,1532.9473633545283
268642,1319.7336907821496
268643,857.1530841600462
268644,952.3056068045444
268645,526.9900566405221
268646,1688.5285311927141
268647,1475.3148586203354
268648,1012.734251998232
268649,1107.8867746427302
268650,-349.5065301905413
268651,812.0319443616507
268652,598.818271789272
268653,136.23766516716864
268654,231.3901878116668
268655,97.91420850452528
268656,1259.4526830567174
268657,1046.2390104843387
268658,583.6584038622352
268659,678.8109265067335
268660,253.49537634271115
268661,1415.0338508949033
268662,1201.8201783225245
268663,739.2395717004212
268664,834.3920943449193
268665,-341.43319224926495
268666,820.105282302927
268667,606.8916097305482
268668,144.31100310844488
268669,239.46352575294304
268670,105.98754644580163
268671,1267.5260209979938
268672,1054.3123484256148
268673,591.7317418035116
268674,686.8842644480097
268675,261.5687142839875
268676,1423.1071888361796
268677,1209.8935162638008
268678,747.3129096416974
268679,842.4654322861957
268680,-547.3648805708692
268681,614.1735939813227
268682,400.959921408944
268683,-61.62068521315928
268684,33.531837431338886
268685,-99.94414187580276
268686,1061.5943326763893
268687,848.3806601040105
268688,385.80005348190724
268689,480.95257612640535
268690,55.63702596238318
268691,1217.175500514575
268692,1003.9618279421964
268693,541.381221320093
268694,636.5337439645912
268695,-1172.257225471653
268696,-10.718750919460945
268697,-223.9324234918397
268698,-686.5130301139432
268699,-591.3605074694449
268700,-724.8364867765865
268701,436.7019877756057
268702,223.48831520322688
268703,-239.09229141887636
268704,-143.9397687743783
268705,-569.2553189384005
268706,592.2831556137915
268707,379.06948304141275
268708,-83.51112358069065
268709,11.641399063807512
268710,333.90665701590575
268711,1495.4451315680976
268712,1282.231458995719
268713,819.6508523736156
268714,914.8033750181139
268715,781.3273957109724
268716,1942.8658702631644
268717,1729.6521976907857
268718,1267.0715910686822
268719,1362.2241137131805
268720,936.9085635491583
268721,2098.4470381013507
268722,1885.2333655289715
268723,1422.6527589068683
268724,1517.8052815513663
268725,-226.57098129569385
268726,934.9674932564982
268727,721.7538206841194
268728,259.1732140620161
268729,354.32573670651425
268730,220.84975739937272
268731,1382.3882319515649
268732,1169.1745593791861
268733,706.5939527570828
268734,801.7464754015809
268735,376.4309252375586
268736,1537.9693997897507
268737,1324.755727217372
268738,862.1751205952686
268739,957.3276432397668
268740,-337.1672817172655
268741,824.3711928349265
268742,611.1575202625477
268743,148.57691364044445
268744,243.72943628494255
268745,110.25345697780108
268746,1271.7919315299932
268747,1058.5782589576143
268748,595.997652335511
268749,691.1501749800092
268750,265.8346248159869
268751,1427.373099368179
268752,1214.1594267958003
268753,751.5788201736968
268754,846.7313428181951
268755,-329.09394377598915
268756,832.4445307762028
268757,619.230858203824
268758,156.65025158172068
268759,251.80277422621884
268760,118.32679491907743
268761,1279.8652694712694
268762,1066.6515968988906
268763,604.0709902767874
268764,699.2235129212855
268765,273.90796275726325
268766,1435.4464373094552
268767,1222.2327647370766
268768,759.6521581149732
268769,854.8046807594714
268770,-535.0256320975934
268771,626.5128424545985
268772,413.29916988221976
268773,-49.28143673988359
268774,45.871085904614574
268775,-87.60489340252707
268776,1073.933581149665
268777,860.7199085772863
268778,398.139301955183
268779,493.29182459968115
268780,67.97627443565887
268781,1229.514748987851
268782,1016.3010764154722
268783,553.7204697933688
268784,648.872992437867
268785,-1159.9179769983773
268786,1.6204975538148574
268787,-211.593175018564
268788,-674.1737816406674
268789,-579.0212589961691
268790,-712.4972383033107
268791,449.04123624888143
268792,235.82756367650268
268793,-226.75304294560055
268794,-131.6005203011024
268795,-556.9160704651247
268796,604.6224040870673
268797,391.40873151468855
268798,-71.17187510741485
268799,23.980647537083314
268800,346.2459054891815
268801,1507.7843800413734
268802,1294.570707468995
268803,831.9901008468914
268804,927.1426234913897
268805,793.6666441842482
268806,1955.2051187364402
268807,1741.9914461640615
268808,1279.410839541958
268809,1374.5633621864563
268810,949.247812022434
268811,2110.786286574626
268812,1897.5726140022473
268813,1434.992007380144
268814,1530.1445300246423
268815,-214.23173282241817
268816,947.306741729774
268817,734.0930691573952
268818,271.51246253529183
268819,366.66498517979005
268820,233.18900587264852
268821,1394.7274804248405
268822,1181.513807852462
268823,718.9332012303586
268824,814.0857238748567
268825,388.77017371083434
268826,1550.3086482630265
268827,1337.0949756906477
268828,874.5143690685443
268829,969.6668917130426
268830,-324.8280332439897
268831,836.7104413082023
268832,623.4967687358236
268833,160.91616211372025
268834,256.0686847582184
268835,122.59270545107677
268836,1284.131180003269
268837,1070.91750743089
268838,608.3369008087868
268839,703.489423453285
268840,278.1738732892627
268841,1439.7123478414546
268842,1226.498675269076
268843,763.9180686469726
268844,859.0705912914709
268845,-316.75469530271334
268846,844.7837792494786
268847,631.5701066770998
268848,168.98950005499648
268849,264.1420226994947
268850,130.66604339235312
268851,1292.2045179445454
268852,1078.9908453721664
268853,616.4102387500632
268854,711.5627613945613
268855,286.24721123053905
268856,1447.785685782731
268857,1234.5720132103525
268858,771.991406588249
268859,867.1439292327472
268860,-522.6863836243176
268861,638.8520909278743
268862,425.63841835549556
268863,-36.942188266607786
268864,58.21033437789049
268865,-75.26564492925127
268866,1086.272829622941
268867,873.0591570505621
268868,410.4785504284588
268869,505.63107307295695
268870,80.31552290893467
268871,1241.8539974611267
268872,1028.640324888748
268873,566.0597182666446
268874,661.2122409111428
268875,-1147.5787285251015
268876,13.95974602709066
268877,-199.25392654528798
268878,-661.8345331673913
268879,-566.6820105228933
268880,-700.1579898300349
268881,461.38048472215723
268882,248.1668121497786
268883,-214.41379447232475
268884,-119.26127182782659
268885,-544.5768219918489
268886,616.961652560343
268887,403.74797998796436
268888,-58.83262663413905
268889,36.31989601035923
268890,358.5851539624573
268891,1520.1236285146495
268892,1306.9099559422707
268893,844.3293493201672
268894,939.4818719646655
268895,806.0058926575239
268896,1967.544367209716
268897,1754.3306946373373
268898,1291.7500880152338
268899,1386.902610659732
268900,961.5870604957098
268901,2123.125535047902
268902,1909.911862475523
268903,1447.3312558534199
268904,1542.4837784979181
268905,-201.89248434914225
268906,959.6459902030498
268907,746.432317630671
268908,283.8517110085677
268909,379.0042336530659
268910,245.52825434592438
268911,1407.0667288981165
268912,1193.8530563257377
268913,731.2724497036344
268914,826.4249723481325
268915,401.10942218411026
268916,1562.6478967363023
268917,1349.4342241639235
268918,886.8536175418202
268919,982.0061401863184
268920,-312.4887847707139
268921,849.049689781478
268922,635.8360172090994
268923,173.25541058699605
268924,268.4079332314942
268925,134.93195392435268
268926,1296.4704284765448
268927,1083.256755904166
268928,620.6761492820626
268929,715.8286719265608
268930,290.51312176253856
268931,1452.0515963147307
268932,1238.837923742352
268933,776.2573171202484
268934,871.4098397647467
268935,-304.41544682943754
268936,857.1230277227544
268937,643.9093551503756
268938,181.32874852827229
268939,276.48127117277045
268940,143.00529186562903
268941,1304.5437664178212
268942,1091.3300938454422
268943,628.749487223339
268944,723.9020098678371
268945,298.5864597038149
268946,1460.124934256007
268947,1246.9112616836283
268948,784.3306550615248
268949,879.483177706023
268950,-510.3471351510418
268951,651.1913394011501
268952,437.9776668287714
268953,-24.60293979333187
268954,70.54958285116629
268955,-62.92639645597535
268956,1098.6120780962167
268957,885.3984055238379
268958,422.81779890173465
268959,517.9703215462328
268960,92.65477138221058
268961,1254.1932459344025
268962,1040.9795733620238
268963,578.3989667399204
268964,673.5514893844186
268965,-1135.2394800518257
268966,26.29899450036646
268967,-186.9146780720123
268968,-649.4952846941158
268969,-554.3427620496175
268970,-687.8187413567591
268971,473.7197331954331
268972,260.5060606230543
268973,-202.07454599904906
268974,-106.9220233545509
268975,-532.2375735185731
268976,629.3009010336189
268977,416.08722846124016
268978,-46.49337816086336
268979,48.65914448363492
268980,370.92440243573316
268981,1532.462876987925
268982,1319.2492044155465
268983,856.668597793443
268984,951.8211204379413
268985,818.3451411307998
268986,1979.8836156829918
268987,1766.669943110613
268988,1304.0893364885096
268989,1399.241859133008
268990,973.9263089689857
268991,2135.464783521178
268992,1922.251110948799
268993,1459.6705043266957
268994,1554.8230269711937
268995,-189.55323587586645
268996,971.9852386763256
268997,758.7715661039468
268998,296.1909594818435
268999,391.34348212634166
269000,257.8675028192001
269001,1419.4059773713923
269002,1206.1923047990135
269003,743.6116981769102
269004,838.7642208214083
269005,413.448670657386
269006,1574.987145209578
269007,1361.7734726371993
269008,899.192866015096
269009,994.3453886595942
269010,-300.1495362974381
269011,861.388938254754
269012,648.1752656823752
269013,185.59465906027185
269014,280.74718170477
269015,147.27120239762849
269016,1308.8096769498206
269017,1095.596004377442
269018,633.0153977553384
269019,728.1679203998366
269020,302.8523702358143
269021,1464.3908447880065
269022,1251.1771722156277
269023,788.5965655935244
269024,883.7490882380225
269025,-292.07619835616174
269026,869.4622761960302
269027,656.2486036236515
269028,193.6679970015481
269029,288.8205196460463
269030,155.34454033890484
269031,1316.8830148910968
269032,1103.669342318718
269033,641.0887356966148
269034,736.2412583411129
269035,310.92570817709066
269036,1472.4641827292826
269037,1259.250510156904
269038,796.6699035348006
269039,891.8224261792989
269040,-498.007886677766
269041,663.5305878744259
269042,450.31691530204716
269043,-12.263691320056182
269044,82.88883132444198
269045,-50.58714798269955
269046,1110.9513265694925
269047,897.7376539971137
269048,435.15704737501045
269049,530.3095700195086
269050,104.99401985548627
269051,1266.5324944076783
269052,1053.3188218352996
269053,590.7382152131962
269054,685.8907378576944
269055,-1122.9002315785497
269056,38.638242973642264
269057,-174.5754295987365
269058,-637.1560362208397
269059,-542.0035135763414
269060,-675.4794928834833
269061,486.05898166870884
269062,272.84530909633014
269063,-189.73529752577315
269064,-94.5827748812751
269065,-519.8983250452973
269066,641.6401495068947
269067,428.4264769345159
269068,-34.15412968758744
269069,60.99839295691072
269070,383.26365090900896
269071,1544.8021254612008
269072,1331.5884528888223
269073,869.0078462667188
269074,964.1603689112171
269075,830.6843896040756
269076,1992.2228641562676
269077,1779.0091915838889
269078,1316.4285849617854
269079,1411.5811076062837
269080,986.2655574422614
269081,2147.8040319944535
269082,1934.5903594220747
269083,1472.0097527999715
269084,1567.1622754444695
269085,-177.21398740259065
269086,984.3244871496014
269087,771.1108145772228
269088,308.5302079551193
269089,403.6827305996175
269090,270.20675129247593
269091,1431.7452258446679
269092,1218.5315532722893
269093,755.950946650186
269094,851.1034692946841
269095,425.78791913066175
269096,1587.326393682854
269097,1374.1127211104751
269098,911.5321144883718
269099,1006.68463713287
269100,-211.27818282543535
269101,950.2602917267568
269102,737.046619154378
269103,274.4660125322747
269104,369.6185351767729
269105,236.14255586963134
269106,1397.6810304218234
269107,1184.4673578494446
269108,721.8867512273413
269109,817.0392738718394
269110,391.72372370781716
269111,1553.2621982600094
269112,1340.0485256876304
269113,877.4679190655272
269114,972.6204417100254
269115,-203.204844884159
269116,958.3336296680332
269117,745.1199570956543
269118,282.539350473551
269119,377.6918731180492
269120,244.21589381090763
269121,1405.7543683630997
269122,1192.540695790721
269123,729.9600891686176
269124,825.1126118131158
269125,399.7970616490935
269126,1561.3355362012855
269127,1348.1218636289068
269128,885.5412570068034
269129,980.6937796513016
269130,-409.13653320576327
269131,752.4019413464288
269132,539.18826877405
269133,76.60766215194667
269134,171.76018479644495
269135,38.284205489303304
269136,1199.8226800414955
269137,986.6090074691166
269138,524.0284008470132
269139,619.1809234915114
269140,193.86537332748912
269141,1355.403847879681
269142,1142.1901753073025
269143,679.6095686851991
269144,774.7620913296972
269145,-1034.0288781065472
269146,127.509596445645
269147,-85.70407612673375
269148,-548.2846827488372
269149,-453.13216010433894
269150,-586.6081394114804
269151,574.9303351407117
269152,361.716662568333
269153,-100.8639440537703
269154,-5.711421409272134
269155,-431.02697157329453
269156,730.5115029788975
269157,517.2978304065188
269158,54.71722378441541
269159,149.8697464289137
269160,472.1350043810118
269161,1633.673478933204
269162,1420.459806360825
269163,957.8791997387218
269164,1053.03172238322
269165,919.5557430760784
269166,2081.0942176282706
269167,1867.8805450558918
269168,1405.2999384337886
269169,1500.4524610782867
269170,1075.1369109142643
269171,2236.6753854664566
269172,2023.4617128940777
269173,1560.8811062719742
269174,1656.0336289164725
269175,-88.34263393058768
269176,1073.1958406216042
269177,859.9821680492255
269178,397.4015614271222
269179,492.55408407162037
269180,359.07810476447884
269181,1520.6165793166708
269182,1307.402906744292
269183,844.8223001221888
269184,939.974822766687
269185,514.6592726026647
269186,1676.1977471548569
269187,1462.9840745824781
269188,1000.4034679603747
269189,1095.555990604873
269190,-198.93893435215932
269191,962.5995402000326
269192,749.3858676276539
269193,286.80526100555056
269194,381.9577836500487
269195,248.4818043429072
269196,1410.0202788950992
269197,1196.8066063227204
269198,734.2259997006172
269199,829.3785223451152
269200,404.062972181093
269201,1565.601446733285
269202,1352.3877741609062
269203,889.807167538803
269204,984.9596901833011
269205,-190.8655964108832
269206,970.6728781413088
269207,757.4592055689302
269208,294.87859894682686
269209,390.031121591325
269210,256.55514228418355
269211,1418.0936168363755
269212,1204.8799442639968
269213,742.2993376418934
269214,837.4518602863916
269215,412.13631012236925
269216,1573.6747846745614
269217,1360.4611121021826
269218,897.8805054800793
269219,993.0330281245774
269220,-396.79728473248747
269221,764.7411898197046
269222,551.5275172473259
269223,88.94691062522247
269224,184.09943326972075
269225,50.623453962579106
269226,1212.1619285147713
269227,998.9482559423924
269228,536.367649320289
269229,631.5201719647872
269230,206.20462180076493
269231,1367.7430963529569
269232,1154.5294237805783
269233,691.9488171584749
269234,787.101339802973
269235,-1021.6896296332709
269236,139.84884491892092
269237,-73.36482765345772
269238,-535.9454342755612
269239,-440.7929116310629
269240,-574.2688909382043
269241,587.2695836139876
269242,374.0559110416088
269243,-88.5246955804945
269244,6.627827064003668
269245,-418.68772310001873
269246,742.8507514521733
269247,529.6370788797947
269248,67.05647225769121
269249,162.2089949021895
269250,484.4742528542877
269251,1646.0127274064796
269252,1432.7990548341008
269253,970.2184482119976
269254,1065.370970856496
269255,931.8949915493542
269256,2093.4334661015464
269257,1880.2197935291676
269258,1417.6391869070642
269259,1512.7917095515622
269260,1087.47615938754
269261,2249.0146339397324
269262,2035.8009613673535
269263,1573.22035474525
269264,1668.3728773897483
269265,-76.00338545731188
269266,1085.53508909488
269267,872.3214165225013
269268,409.740809900398
269269,504.8933325448962
269270,371.41735323775464
269271,1532.9558277899466
269272,1319.7421552175679
269273,857.1615485954646
269274,952.3140712399628
269275,526.9985210759405
269276,1688.5369956281324
269277,1475.323323055754
269278,1012.7427164336505
269279,1107.8952390781487
269280,-349.498065755123
269281,812.0404087970692
269282,598.8267362246904
269283,136.24612960258708
269284,231.39865224708524
269285,97.92267293994371
269286,1259.4611474921358
269287,1046.247474919757
269288,583.6668682976537
269289,678.8193909421518
269290,253.50384077812953
269291,1415.0423153303216
269292,1201.8286427579428
269293,739.2480361358396
269294,834.4005587803377
269295,-341.42472781384663
269296,820.1137467383454
269297,606.9000741659668
269298,144.3194675438633
269299,239.4719901883616
269300,105.99601088122006
269301,1267.534485433412
269302,1054.3208128610333
269303,591.74020623893
269304,686.8927288834282
269305,261.5771787194059
269306,1423.115653271598
269307,1209.9019806992192
269308,747.3213740771158
269309,842.473896721614
269310,-547.3564161354509
269311,614.1820584167411
269312,400.96838584436233
269313,-61.61222077774096
269314,33.540301866757204
269315,-99.93567744038432
269316,1061.6027971118076
269317,848.389124539429
269318,385.8085179173256
269319,480.9610405618238
269320,55.645490397801495
269321,1217.1839649499934
269322,1003.9702923776148
269323,541.3896857555114
269324,636.5422084000096
269325,-1172.2487610362348
269326,-10.710286484042513
269327,-223.92395905642127
269328,-686.5045656785248
269329,-591.3520430340266
269330,-724.828022341168
269331,436.710452211024
269332,223.4967796386453
269333,-239.08382698345804
269334,-143.93130433895988
269335,-569.2468545029822
269336,592.2916200492098
269337,379.0779474768311
269338,-83.50265914527222
269339,11.649863499225944
269340,333.9151214513242
269341,1495.4535960035162
269342,1282.2399234311374
269343,819.6593168090341
269344,914.8118394535322
269345,781.3358601463908
269346,1942.8743346985827
269347,1729.660662126204
269348,1267.0800555041008
269349,1362.2325781485988
269350,936.9170279845766
269351,2098.455502536769
269352,1885.2418299643898
269353,1422.6612233422866
269354,1517.8137459867849
269355,-226.56251686027554
269356,934.9759576919166
269357,721.7622851195379
269358,259.1816784974345
269359,354.3342011419327
269360,220.85822183479115
269361,1382.3966963869832
269362,1169.1830238146044
269363,706.6024171925012
269364,801.7549398369993
269365,376.439389672977
269366,1537.977864225169
269367,1324.7641916527905
269368,862.183585030687
269369,957.3361076751852
269370,-337.1588172818472
269371,824.3796572703449
269372,611.1659846979662
269373,148.58537807586276
269374,243.73790072036098
269375,110.2619214132194
269376,1271.8003959654116
269377,1058.5867233930328
269378,596.0061167709295
269379,691.1586394154276
269380,265.84308925140533
269381,1427.3815638035974
269382,1214.1678912312186
269383,751.5872846091153
269384,846.7398072536134
269385,-329.0854793405708
269386,832.4529952116212
269387,619.2393226392425
269388,156.6587160171391
269389,251.81123866163728
269390,118.33525935449575
269391,1279.873733906688
269392,1066.6600613343091
269393,604.0794547122058
269394,699.231977356704
269395,273.9164271926817
269396,1435.4549017448735
269397,1222.241229172495
269398,759.6606225503916
269399,854.8131451948898
269400,-535.0171676621751
269401,626.5213068900168
269402,413.3076343176382
269403,-49.272972304465156
269404,45.879550340033006
269405,-87.59642896710864
269406,1073.9420455850834
269407,860.7283730127048
269408,398.1477663906014
269409,493.3002890350996
269410,67.9847388710773
269411,1229.5232134232695
269412,1016.3095408508907
269413,553.7289342287872
269414,648.8814568732854
269415,-1159.9095125629588
269416,1.6289619892331757
269417,-211.58471058314547
269418,-674.1653172052488
269419,-579.0127945607505
269420,-712.4887738678922
269421,449.04970068429986
269422,235.83602811192122
269423,-226.74457851018212
269424,-131.59205586568396
269425,-556.9076060297064
269426,604.6308685224857
269427,391.417195950107
269428,-71.16341067199642
269429,23.989111972501746
269430,346.2543699245999
269431,1507.792844476792
269432,1294.5791719044132
269433,831.9985652823099
269434,927.1510879268081
269435,793.6751086196665
269436,1955.2135831718585
269437,1741.9999105994798
269438,1279.4193039773763
269439,1374.5718266218746
269440,949.2562764578524
269441,2110.7947510100444
269442,1897.5810784376656
269443,1435.0004718155624
269444,1530.1529944600607
269445,-214.22326838699973
269446,947.3152061651924
269447,734.1015335928137
269448,271.52092697071026
269449,366.6734496152085
269450,233.19747030806695
269451,1394.735944860259
269452,1181.5222722878802
269453,718.941665665777
269454,814.0941883102751
269455,388.7786381462528
269456,1550.3171126984448
269457,1337.1034401260663
269458,874.5228335039627
269459,969.6753561484609
269460,-324.8195688085714
269461,836.7189057436208
269462,623.505233171242
269463,160.92462654913868
269464,256.07714919363684
269465,122.6011698864952
269466,1284.1396444386874
269467,1070.9259718663086
269468,608.3453652442053
269469,703.4978878887034
269470,278.1823377246811
269471,1439.7208122768734
269472,1226.5071397044944
269473,763.9265330823911
269474,859.0790557268892
269475,-316.746230867295
269476,844.792243684897
269477,631.5785711125184
269478,168.99796449041492
269479,264.15048713491313
269480,130.67450782777155
269481,1292.2129823799637
269482,1078.999309807585
269483,616.4187031854816
269484,711.5712258299798
269485,286.2556756659574
269486,1447.7941502181495
269487,1234.5804776457708
269488,771.9998710236673
269489,867.1523936681656
269490,-522.6779191888993
269491,638.8605553632927
269492,425.646882790914
269493,-36.933723831189354
269494,58.21879881330892
269495,-75.25718049383283
269496,1086.2812940583594
269497,873.0676214859806
269498,410.4870148638772
269499,505.6395375083754
269500,80.3239873443531
269501,1241.862461896545
269502,1028.6487893241665
269503,566.068182702063
269504,661.2207053465612
269505,-1147.5702640896832
269506,13.968210462509091
269507,-199.24546210986966
269508,-661.826068731973
269509,-566.673546087475
269510,-700.1495253946164
269511,461.38894915757567
269512,248.17527658519703
269513,-214.40533003690632
269514,-119.25280739240816
269515,-544.5683575564306
269516,616.9701169957615
269517,403.75644442338273
269518,-58.824162198720614
269519,36.32836044577766
269520,358.59361839787573
269521,1520.132092950068
269522,1306.918420377689
269523,844.3378137555857
269524,939.490336400084
269525,806.0143570929423
269526,1967.5528316451343
269527,1754.3391590727556
269528,1291.7585524506524
269529,1386.9110750951504
269530,961.5955249311282
269531,2123.1339994833206
269532,1909.9203269109416
269533,1447.3397202888382
269534,1542.4922429333365
269535,-201.88401991372382
269536,959.6544546384682
269537,746.4407820660895
269538,283.8601754439861
269539,379.01269808848434
269540,245.53671878134276
269541,1407.0751933335348
269542,1193.861520761156
269543,731.2809141390528
269544,826.433436783551
269545,401.11788661952863
269546,1562.6563611717206
269547,1349.442688599342
269548,886.8620819772386
269549,982.0146046217368
269550,-312.4803203352956
269551,849.0581542168966
269552,635.8444816445178
269553,173.26387502241437
269554,268.41639766691264
269555,134.94041835977112
269556,1296.4788929119632
269557,1083.2652203395844
269558,620.684613717481
269559,715.8371363619792
269560,290.52158619795694
269561,1452.060060750149
269562,1238.8463881777702
269563,776.2657815556669
269564,871.418304200165
269565,-304.4069823940192
269566,857.1314921581728
269567,643.9178195857941
269568,181.33721296369072
269569,276.4897356081889
269570,143.01375630104747
269571,1304.5522308532395
269572,1091.3385582808608
269573,628.7579516587574
269574,723.9104743032556
269575,298.5949241392333
269576,1460.1333986914253
269577,1246.9197261190466
269578,784.3391194969432
269579,879.4916421414414
269580,-510.3386707156235
269581,651.1998038365685
269582,437.98613126418974
269583,-24.594475357913552
269584,70.55804728658461
269585,-62.91793202055692
269586,1098.620542531635
269587,885.4068699592564
269588,422.826263337153
269589,517.9787859816512
269590,92.6632358176289
269591,1254.2017103698208
269592,1040.9880377974423
269593,578.4074311753388
269594,673.559953819837
269595,-1135.231015616407
269596,26.307458935784894
269597,-186.90621363659386
269598,-649.4868202586972
269599,-554.3342976141989
269600,-687.8102769213406
269601,473.7281976308514
269602,260.5145250584727
269603,-202.06608156363063
269604,-106.91355891913247
269605,-532.2291090831548
269606,629.3093654690372
269607,416.09569289665853
269608,-46.48491372544481
269609,48.66760891905335
269610,370.9328668711516
269611,1532.4713414233436
269612,1319.2576688509648
269613,856.6770622288616
269614,951.8295848733596
269615,818.3536055662182
269616,1979.8920801184101
269617,1766.6784075460314
269618,1304.0978009239282
269619,1399.2503235684262
269620,973.934773404404
269621,2135.4732479565964
269622,1922.2595753842172
269623,1459.678968762114
269624,1554.8314914066123
269625,-189.54477144044813
269626,971.993703111744
269627,758.7800305393653
269628,296.1994239172619
269629,391.3519465617601
269630,257.87596725461856
269631,1419.4144418068106
269632,1206.2007692344318
269633,743.6201626123286
269634,838.7726852568267
269635,413.4571350928044
269636,1574.9956096449964
269637,1361.781937072618
269638,899.2013304505144
269639,994.3538530950126
269640,-300.14107186201977
269641,861.3974026901723
269642,648.1837301177936
269643,185.60312349569017
269644,280.7556461401884
269645,147.2796668330468
269646,1308.818141385239
269647,1095.6044688128602
269648,633.0238621907569
269649,728.176384835255
269650,302.86083467123274
269651,1464.3993092234248
269652,1251.185636651046
269653,788.6050300289428
269654,883.7575526734408
269655,-292.0677339207434
269656,869.4707406314486
269657,656.2570680590699
269658,193.67646143696652
269659,288.8289840814647
269660,155.35300477432315
269661,1316.8914793265153
269662,1103.6778067541366
269663,641.0972001320332
269664,736.2497227765314
269665,310.9341726125091
269666,1472.472647164701
269667,1259.2589745923224
269668,796.678367970219
269669,891.8308906147172
269670,-497.9994222423477
269671,663.5390523098442
269672,450.3253797374656
269673,-12.25522688463775
269674,82.89729575986041
269675,-50.578683547281116
269676,1110.9597910049108
269677,897.7461184325322
269678,435.1655118104288
269679,530.318034454927
269680,105.0024842909047
269681,1266.5409588430966
269682,1053.327286270718
269683,590.7466796486146
269684,685.8992022931128
269685,-1122.8917671431313
269686,38.64670740906058
269687,-174.56696516331806
269688,-637.1475717854214
269689,-541.9950491409231
269690,-675.4710284480648
269691,486.06744610412727
269692,272.8537735317486
269693,-189.72683309035472
269694,-94.57431044585667
269695,-519.889860609879
269696,641.6486139423131
269697,428.43494136993434
269698,-34.14566525216901
269699,61.00685739232915
269700,383.27211534442733
269701,1544.8105898966194
269702,1331.5969173242406
269703,869.0163107021373
269704,964.1688333466354
269705,830.692854039494
269706,1992.231328591686
269707,1779.0176560193072
269708,1316.437049397204
269709,1411.589572041702
269710,986.2740218776798
269711,2147.8124964298718
269712,1934.598823857493
269713,1472.0182172353898
269714,1567.170739879888
269715,-177.20552296717233
269716,984.3329515850198
269717,771.1192790126411
269718,308.53867239053767
269719,403.6911950350359
269720,270.21521572789436
269721,1431.7536902800864
269722,1218.5400177077076
269723,755.9594110856044
269724,851.1119337301025
269725,425.7963835660802
269726,1587.3348581182722
269727,1374.1211855458937
269728,911.5405789237902
269729,1006.6931015682884
269730,-211.2697183900168
269731,950.2687561621752
269732,737.0550835897965
269733,274.47447696769314
269734,369.62699961219136
269735,236.15102030504966
269736,1397.6894948572417
269737,1184.4758222848632
269738,721.8952156627597
269739,817.0477383072579
269740,391.73218814323553
269741,1553.2706626954277
269742,1340.056990123049
269743,877.4763835009455
269744,972.6289061454437
269745,-203.19638044874046
269746,958.3420941034515
269747,745.1284215310727
269748,282.5478149089694
269749,377.70033755346765
269750,244.22435824632606
269751,1405.762832798518
269752,1192.5491602261393
269753,729.9685536040361
269754,825.1210762485342
269755,399.8055260845119
269756,1561.3440006367039
269757,1348.130328064325
269758,885.5497214422219
269759,980.70224408672
269760,-409.12806877034495
269761,752.4104057818472
269762,539.1967332094684
269763,76.6161265873651
269764,171.76864923186326
269765,38.29266992472162
269766,1199.8311444769138
269767,986.617471904535
269768,524.0368652824317
269769,619.1893879269298
269770,193.87383776290744
269771,1355.4123123150996
269772,1142.1986397427208
269773,679.6180331206174
269774,774.7705557651157
269775,-1034.0204136711284
269776,127.51806088106355
269777,-85.69561169131521
269778,-548.2762183134184
269779,-453.1236956689204
269780,-586.5996749760618
269781,574.9387995761301
269782,361.72512700375137
269783,-100.85547961835186
269784,-5.702956973853702
269785,-431.0185071378762
269786,730.5199674143159
269787,517.3062948419372
269788,54.72568821983384
269789,149.878210864332
269790,472.14346881643024
269791,1633.6819433686223
269792,1420.4682707962436
269793,957.8876641741401
269794,1053.0401868186384
269795,919.5642075114968
269796,2081.102682063689
269797,1867.8890094913102
269798,1405.308402869207
269799,1500.460925513705
269800,1075.1453753496826
269801,2236.683849901875
269802,2023.4701773294962
269803,1560.8895707073925
269804,1656.0420933518908
269805,-88.33416949516936
269806,1073.2043050570228
269807,859.990632484644
269808,397.41002586254064
269809,492.5625485070388
269810,359.08656919989727
269811,1520.6250437520894
269812,1307.4113711797106
269813,844.8307645576073
269814,939.9832872021054
269815,514.667737038083
269816,1676.2062115902752
269817,1462.9925390178964
269818,1000.411932395793
269819,1095.5644550402913
269820,-198.930469916741
269821,962.6080046354509
269822,749.3943320630723
269823,286.81372544096894
269824,381.9662480854671
269825,248.49026877832557
269826,1410.0287433305175
269827,1196.815070758139
269828,734.2344641360355
269829,829.3869867805337
269830,404.07143661651145
269831,1565.6099111687033
269832,1352.3962385963246
269833,889.8156319742213
269834,984.9681546187196
269835,-190.85713197546477
269836,970.6813425767273
269837,757.4676700043485
269838,294.8870633822452
269839,390.0395860267434
269840,256.5636067196019
269841,1418.1020812717938
269842,1204.8884086994153
269843,742.3078020773119
269844,837.46032472181
269845,412.1447745577877
269846,1573.6832491099797
269847,1360.469576537601
269848,897.8889699154977
269849,993.0414925599958
269850,-396.7888202970689
269851,764.749654255123
269852,551.5359816827443
269853,88.95537506064102
269854,184.10789770513918
269855,50.63191839799754
269856,1212.1703929501896
269857,998.9567203778108
269858,536.3761137557075
269859,631.5286364002056
269860,206.21308623618336
269861,1367.7515607883754
269862,1154.5378882159966
269863,691.9572815938933
269864,787.1098042383915
269865,-1021.6811651978526
269866,139.85730935433935
269867,-73.3563632180394
269868,-535.9369698401429
269869,-440.7844471956446
269870,-574.260426502786
269871,587.2780480494059
269872,374.0643754770272
269873,-88.51623114507618
269874,6.636291499421986
269875,-418.6792586646004
269876,742.8592158875916
269877,529.645543315213
269878,67.06493669310953
269879,162.2174593376078
269880,484.4827172897061
269881,1646.0211918418981
269882,1432.8075192695194
269883,970.226912647416
269884,1065.3794352919142
269885,931.9034559847727
269886,2093.4419305369647
269887,1880.228257964586
269888,1417.6476513424827
269889,1512.8001739869808
269890,1087.4846238229586
269891,2249.0230983751508
269892,2035.8094258027718
269893,1573.2288191806686
269894,1668.3813418251666
269895,-75.99492102189356
269896,1085.5435535302986
269897,872.3298809579197
269898,409.7492743358164
269899,504.9017969803146
269900,371.425817673173
269901,1532.964292225365
269902,1319.7506196529864
269903,857.1700130308831
269904,952.3225356753812
269905,527.0069855113588
269906,1688.5454600635508
269907,1475.3317874911722
269908,1012.7511808690688
269909,1107.903703513567
269910,-349.48960131970466
269911,812.0488732324875
269912,598.8352006601087
269913,136.2545940380054
269914,231.40711668250356
269915,97.93113737536214
269916,1259.469611927554
269917,1046.2559393551755
269918,583.6753327330721
269919,678.8278553775702
269920,253.51230521354796
269921,1415.05077976574
269922,1201.8371071933614
269923,739.2565005712579
269924,834.4090232157561
269925,-341.4162633784283
269926,820.1222111737638
269927,606.9085386013851
269928,144.32793197928163
269929,239.4804546237799
269930,106.00447531663849
269931,1267.5429498688304
269932,1054.3292772964517
269933,591.7486706743484
269934,686.9011933188465
269935,261.5856431548243
269936,1423.1241177070162
269937,1209.9104451346375
269938,747.3298385125343
269939,842.4823611570324
269940,-547.3479517000326
269941,614.1905228521595
269942,400.97685027978076
269943,-61.60375634232253
269944,33.548766302175636
269945,-99.927213004966
269946,1061.6112615472261
269947,848.3975889748474
269948,385.81698235274405
269949,480.9695049972422
269950,55.65395483321993
269951,1217.192429385412
269952,1003.9787568130332
269953,541.3981501909299
269954,636.550672835428
269955,-1172.240296600816
269956,-10.701822048624194
269957,-223.91549462100284
269958,-686.4961012431063
269959,-591.343578598608
269960,-724.8195579057494
269961,436.71891664644244
269962,223.50524407406374
269963,-239.0753625480395
269964,-143.92283990354144
269965,-569.2383900675638
269966,592.3000844846283
269967,379.08641191224956
269968,-83.49419470985379
269969,11.658327934644376
269970,333.92358588674256
269971,1495.4620604389347
269972,1282.2483878665557
269973,819.6677812444525
269974,914.8203038889507
269975,781.3443245818091
269976,1942.882799134001
269977,1729.6691265616225
269978,1267.088519939519
269979,1362.2410425840174
269980,936.9254924199951
269981,2098.4639669721873
269982,1885.2502943998084
269983,1422.669687777705
269984,1517.8222104222032
269985,-226.5540524248571
269986,934.9844221273349
269987,721.7707495549563
269988,259.19014293285284
269989,354.34266557735106
269990,220.86668627020958
269991,1382.4051608224017
269992,1169.1914882500228
269993,706.6108816279195
269994,801.7634042724177
269995,376.4478541083954
269996,1537.9863286605873
269997,1324.7726560882088
269998,862.1920494661053
269999,957.3445721106036
270000,-337.15035284642886
270001,824.3881217057633
270002,611.1744491333845
270003,148.5938425112813
270004,243.74636515577942
270005,110.27038584863783
270006,1271.8088604008299
270007,1058.5951878284513
270008,596.0145812063479
270009,691.167103850846
270010,265.8515536868237
270011,1427.390028239016
270012,1214.176355666637
270013,751.5957490445337
270014,846.7482716890319
270015,-329.0770149051525
270016,832.4614596470396
270017,619.2477870746609
270018,156.66718045255755
270019,251.8197030970557
270020,118.34372378991418
270021,1279.8821983421062
270022,1066.6685257697275
270023,604.0879191476242
270024,699.2404417921223
270025,273.92489162810006
270026,1435.4633661802923
270027,1222.2496936079133
270028,759.66908698581
270029,854.8216096303082
270030,-535.0087032267568
270031,626.5297713254354
270032,413.3160987530566
270033,-49.264507869046724
270034,45.88801477545144
270035,-87.5879645316902
270036,1073.950510020502
270037,860.7368374481232
270038,398.15623082601985
270039,493.30875347051796
270040,67.99320330649562
270041,1229.5316778586878
270042,1016.318005286309
270043,553.7373986642056
270044,648.8899213087038
270045,-1159.9010481275404
270046,1.6374264246516077
270047,-211.57624614772715
270048,-674.1568527698305
270049,-579.0043301253322
270050,-712.4803094324736
270051,449.0581651197183
270052,235.84449254733954
270053,-226.7361140747637
270054,-131.58359143026553
270055,-556.899141594288
270056,604.6393329579041
270057,391.42566038552536
270058,-71.15494623657798
270059,23.997576407920178
270060,346.26283436001836
270061,1507.8013089122105
270062,1294.5876363398315
270063,832.0070297177283
270064,927.1595523622266
270065,793.6835730550849
270066,1955.222047607277
270067,1742.0083750348983
270068,1279.4277684127949
270069,1374.5802910572932
270070,949.2647408932708
270071,2110.803215445463
270072,1897.5895428730842
270073,1435.0089362509807
270074,1530.161458895479
270075,-214.2148039515813
270076,947.3236706006107
270077,734.1099980282321
270078,271.5293914061287
270079,366.6819140506269
270080,233.2059347434854
270081,1394.7444092956775
270082,1181.5307367232986
270083,718.9501301011953
270084,814.1026527456935
270085,388.78710258167115
270086,1550.3255771338634
270087,1337.1119045614846
270088,874.5312979393811
270089,969.6838205838794
270090,-324.81110437315306
270091,836.7273701790391
270092,623.5136976066603
270093,160.933090984557
270094,256.0856136290552
270095,122.60963432191363
270096,1284.1481088741057
270097,1070.9344363017271
270098,608.3538296796237
270099,703.5063523241218
270100,278.19080216009945
270101,1439.7292767122917
270102,1226.515604139913
270103,763.9349975178095
270104,859.0875201623077
270105,-316.7377664318767
270106,844.8007081203154
270107,631.5870355479367
270108,169.00642892583323
270109,264.1589515703315
270110,130.68297226318998
270111,1292.221446815382
270112,1079.0077742430033
270113,616.4271676209
270114,711.5796902653981
270115,286.2641401013758
270116,1447.8026146535678
270117,1234.588942081189
270118,772.0083354590857
270119,867.160858103584
270120,-522.669454753481
270121,638.8690197987111
270122,425.6553472263324
270123,-36.92525939577092
270124,58.227263248727354
270125,-75.2487160584144
270126,1086.2897584937778
270127,873.076085921399
270128,410.49547929929565
270129,505.64800194379376
270130,80.33245177977142
270131,1241.8709263319636
270132,1028.6572537595848
270133,566.0766471374814
270134,661.2291697819796
270135,-1147.5617996542644
270136,13.976674897927523
270137,-199.23699767445123
270138,-661.8176042965545
270139,-566.6650816520564
270140,-700.1410609591981
270141,461.397413592994
270142,248.18374102061534
270143,-214.396865601488
270144,-119.24434295698984
270145,-544.5598931210122
270146,616.9785814311798
270147,403.76490885880116
270148,-58.815697763302296
270149,36.33682488119598
270150,358.6020828332941
270151,1520.1405573854863
270152,1306.9268848131076
270153,844.3462781910041
270154,939.4988008355024
270155,806.0228215283607
270156,1967.5612960805527
270157,1754.3476235081741
270158,1291.767016886071
270159,1386.919539530569
270160,961.6039893665466
270161,2123.142463918739
270162,1909.92879134636
270163,1447.3481847242565
270164,1542.5007073687548
270165,-201.8755554783054
270166,959.6629190738865
270167,746.4492465015079
270168,283.8686398794045
270169,379.0211625239027
270170,245.5451832167612
270171,1407.0836577689531
270172,1193.8699851965744
270173,731.2893785744712
270174,826.4419012189693
270175,401.126351054947
270176,1562.664825607139
270177,1349.4511530347604
270178,886.870546412657
270179,982.0230690571552
270180,-312.47185589987726
270181,849.0666186523149
270182,635.8529460799361
270183,173.2723394578328
270184,268.42486210233096
270185,134.94888279518955
270186,1296.4873573473815
270187,1083.273684775003
270188,620.6930781528995
270189,715.8456007973977
270190,290.53005063337537
270191,1452.0685251855673
270192,1238.8548526131885
270193,776.2742459910853
270194,871.4267686355835
270195,-304.3985179586009
270196,857.1399565935913
270197,643.9262840212125
270198,181.34567739910904
270199,276.4982000436073
270200,143.0222207364659
270201,1304.5606952886578
270202,1091.347022716279
270203,628.7664160941758
270204,723.9189387386739
270205,298.6033885746517
270206,1460.1418631268436
270207,1246.928190554465
270208,784.3475839323617
270209,879.5001065768598
270210,-510.3302062802052
270211,651.2082682719869
270212,437.99459569960817
270213,-24.586010922495234
270214,70.56651172200304
270215,-62.9094675851386
270216,1098.6290069670536
270217,885.4153343946748
270218,422.83472777257145
270219,517.9872504170696
270220,92.67170025304733
270221,1254.2101748052394
270222,1040.9965022328606
270223,578.4158956107572
270224,673.5684182552554
270225,-1135.2225511809886
270226,26.315923371203212
270227,-186.89774920117543
270228,-649.4783558232789
270229,-554.3258331787806
270230,-687.801812485922
270231,473.73666206626984
270232,260.52298949389115
270233,-202.0576171282122
270234,-106.90509448371404
270235,-532.2206446477364
270236,629.3178299044557
270237,416.10415733207697
270238,-46.476449290026494
270239,48.67607335447178
270240,370.94133130656996
270241,1532.4798058587621
270242,1319.2661332863831
270243,856.6855266642799
270244,951.8380493087781
270245,818.3620700016365
270246,1979.9005445538285
270247,1766.68687198145
270248,1304.1062653593465
270249,1399.2587880038448
270250,973.9432378398225
270251,2135.4817123920147
270252,1922.2680398196358
270253,1459.6874331975323
270254,1554.8399558420306
270255,-189.5363070050297
270256,972.0021675471623
270257,758.7884949747837
270258,296.20788835268024
270259,391.36041099717846
270260,257.88443169003693
270261,1419.4229062422291
270262,1206.2092336698502
270263,743.6286270477469
270264,838.7811496922451
270265,413.4655995282228
270266,1575.0040740804147
270267,1361.7904015080362
270268,899.2097948859328
270269,994.362317530431
270270,-300.13260742660145
270271,861.4058671255907
270272,648.192194553212
270273,185.61158793110872
270274,280.7641105756068
270275,147.28813126846524
270276,1308.8266058206573
270277,1095.6129332482788
270278,633.0323266261753
270279,728.1848492706735
270280,302.86929910665117
270281,1464.4077736588433
270282,1251.1941010864643
270283,788.6134944643611
270284,883.7660171088593
270285,-292.0592694853251
270286,869.479205066867
270287,656.2655324944883
270288,193.68492587238495
270289,288.8374485168831
270290,155.36146920974159
270291,1316.8999437619336
270292,1103.6862711895549
270293,641.1056645674516
270294,736.2581872119497
270295,310.9426370479275
270296,1472.4811116001197
270297,1259.2674390277407
270298,796.6868324056375
270299,891.8393550501356
270300,-497.9909578069294
270301,663.5475167452627
270302,450.333844172884
270303,-12.246762449219318
270304,82.90576019527884
270305,-50.5702191118628
270306,1110.9682554403294
270307,897.7545828679506
270308,435.17397624584726
270309,530.3264988903454
270310,105.01094872632314
270311,1266.549423278515
270312,1053.3357507061364
270313,590.7551440840331
270314,685.9076667285312
270315,-1122.883302707713
270316,38.655171844479014
270317,-174.55850072789974
270318,-637.1391073500031
270319,-541.9865847055048
270320,-675.4625640126462
270321,486.0759105395457
270322,272.862237967167
270323,-189.71836865493628
270324,-94.56584601043824
270325,-519.8813961744606
270326,641.6570783777315
270327,428.44340580535277
270328,-34.13720081675058
270329,61.015321827747584
270330,383.28057977984577
270331,1544.819054332038
270332,1331.605381759659
270333,869.0247751375557
270334,964.1772977820539
270335,830.7013184749123
270336,1992.2397930271043
270337,1779.0261204547257
270338,1316.4455138326223
270339,1411.5980364771203
270340,986.2824863130983
270341,2147.8209608652905
270342,1934.6072882929116
270343,1472.026681670808
270344,1567.1792043153064
270345,-177.1970585317539
270346,984.3414160204383
270347,771.1277434480595
270348,308.5471368259561
270349,403.6996594704543
270350,270.2236801633128
270351,1431.762154715505
270352,1218.548482143126
270353,755.9678755210227
270354,851.1203981655209
270355,425.8048480014986
270356,1587.3433225536908
270357,1374.129649981312
270358,911.5490433592086
270359,1006.7015660037068
270360,-211.2612539545985
270361,950.2772205975936
270362,737.0635480252148
270363,274.4829414031115
270364,369.63546404760973
270365,236.1594847404681
270366,1397.69795929266
270367,1184.4842867202815
270368,721.9036800981781
270369,817.0562027426763
270370,391.74065257865396
270371,1553.279127130846
270372,1340.0654545584673
270373,877.484847936364
270374,972.6373705808621
270375,-203.18791601332214
270376,958.3505585388699
270377,745.1368859664911
270378,282.5562793443878
270379,377.708801988886
270380,244.23282268174444
270381,1405.7712972339364
270382,1192.5576246615578
270383,729.9770180394545
270384,825.1295406839527
270385,399.8139905199303
270386,1561.3524650721222
270387,1348.1387924997434
270388,885.5581858776402
270389,980.7107085221385
270390,-409.1196043349264
270391,752.4188702172655
270392,539.2051976448869
270393,76.62459102278353
270394,171.7771136672818
270395,38.301134360140054
270396,1199.839608912332
270397,986.6259363399533
270398,524.0453297178501
270399,619.1978523623483
270400,193.88230219832587
270401,1355.420776750518
270402,1142.2071041781392
270403,679.6264975560358
270404,774.7790202005341
270405,-1034.01194923571
270406,127.52652531648187
270407,-85.68714725589689
270408,-548.2677538780001
270409,-453.1152312335021
270410,-586.5912105406435
270411,574.9472640115484
270412,361.7335914391698
270413,-100.84701518293355
270414,-5.694492538435384
270415,-431.0100427024579
270416,730.5284318497343
270417,517.3147592773556
270418,54.73415265525216
270419,149.88667529975032
270420,472.1519332518486
270421,1633.6904078040407
270422,1420.476735231662
270423,957.8961286095586
270424,1053.048651254057
270425,919.5726719469152
270426,2081.1111464991072
270427,1867.8974739267285
270428,1405.3168673046252
270429,1500.4693899491235
270430,1075.1538397851011
270431,2236.6923143372933
270432,2023.4786417649145
270433,1560.898035142811
270434,1656.0505577873093
270435,-88.32570505975093
270436,1073.212769492441
270437,859.9990969200624
270438,397.418490297959
270439,492.5710129424572
270440,359.09503363531564
270441,1520.6335081875077
270442,1307.419835615129
270443,844.8392289930257
270444,939.9917516375237
270445,514.6762014735016
270446,1676.2146760256935
270447,1463.0010034533148
270448,1000.4203968312115
270449,1095.5729194757096
270450,-198.92200548132269
270451,962.6164690708694
270452,749.4027964984906
270453,286.8221898763873
270454,381.9747125208855
270455,248.49873321374395
270456,1410.0372077659358
270457,1196.8235351935573
270458,734.242928571454
270459,829.3954512159521
270460,404.0799010519298
270461,1565.6183756041219
270462,1352.404703031743
270463,889.8240964096398
270464,984.9766190541379
270465,-190.84866754004634
270466,970.6898070121456
270467,757.476134439767
270468,294.8955278176636
270469,390.04805046216177
270470,256.5720711550203
270471,1418.1105457072122
270472,1204.8968731348336
270473,742.3162665127303
270474,837.4687891572285
270475,412.15323899320606
270476,1573.6917135453982
270477,1360.4780409730195
270478,897.897434350916
270479,993.0499569954143
270480,-396.7803558616506
270481,764.7581186905413
270482,551.5444461181626
270483,88.96383949605934
270484,184.1163621405575
270485,50.64038283341597
270486,1212.178857385608
270487,998.9651848132291
270488,536.3845781911259
270489,631.5371008356241
270490,206.2215506716018
270491,1367.7600252237937
270492,1154.546352651415
270493,691.9657460293117
270494,787.1182686738099
270495,-1021.6727007624343
270496,139.86577378975767
270497,-73.34789878262109
270498,-535.9285054047245
270499,-440.77598276022627
270500,-574.2519620673677
270501,587.2865124848242
270502,374.0728399124456
270503,-88.50776670965774
270504,6.644755934840418
270505,-418.67079422918187
270506,742.8676803230101
270507,529.6540077506314
270508,67.07340112852808
270509,162.22592377302624
270510,484.4911817251245
270511,1646.0296562773165
270512,1432.8159837049377
270513,970.2353770828345
270514,1065.3878997273325
270515,931.9119204201911
270516,2093.450394972383
270517,1880.2367224000043
270518,1417.656115777901
270519,1512.8086384223993
270520,1087.493088258377
270521,2249.031562810569
270522,2035.8178902381903
270523,1573.2372836160869
270524,1668.389806260585
270525,-75.98645658647524
270526,1085.552017965717
270527,872.3383453933382
270528,409.75773877123476
270529,504.910261415733
270530,371.4342821085914
270531,1532.9727566607835
270532,1319.7590840884047
270533,857.1784774663015
270534,952.3310001107996
270535,527.0154499467773
270536,1688.5539244989693
270537,1475.3402519265906
270538,1012.7596453044872
270539,1107.9121679489854
270540,-349.4811368842861
270541,812.0573376679059
270542,598.8436650955272
270543,136.26305847342383
270544,231.415581117922
270545,97.93960181078046
270546,1259.4780763629726
270547,1046.2644037905939
270548,583.6837971684905
270549,678.8363198129887
270550,253.5207696489664
270551,1415.0592442011584
270552,1201.8455716287797
270553,739.2649650066763
270554,834.4174876511745
270555,-341.40779894300977
270556,820.1306756091823
270557,606.9170030368035
270558,144.33639641470018
270559,239.48891905919834
270560,106.01293975205681
270561,1267.5514143042487
270562,1054.3377417318702
270563,591.7571351097668
270564,686.9096577542649
270565,261.59410759024274
270566,1423.1325821424348
270567,1209.918909570056
270568,747.3383029479526
270569,842.4908255924508
270570,-547.339487264614
270571,614.1989872875779
270572,400.9853147151992
270573,-61.595291906904095
270574,33.55723073759407
270575,-99.91874856954757
270576,1061.6197259826445
270577,848.4060534102657
270578,385.8254467881625
270579,480.9779694326606
270580,55.66241926863836
270581,1217.2008938208303
270582,1003.9872212484516
270583,541.4066146263483
270584,636.5591372708465
270585,-1172.2318321653977
270586,-10.693357613205762
270587,-223.90703018558452
270588,-686.487636807688
270589,-591.3351141631897
270590,-724.8110934703311
270591,436.72738108186087
270592,223.51370850948217
270593,-239.06689811262117
270594,-143.914375468123
270595,-569.2299256321453
270596,592.3085489200466
270597,379.09487634766793
270598,-83.48573027443535
270599,11.666792370062808
270600,333.932050322161
270601,1495.470524874353
270602,1282.2568523019743
270603,819.6762456798708
270604,914.8287683243691
270605,781.3527890172276
270606,1942.8912635694196
270607,1729.6775909970409
270608,1267.0969843749376
270609,1362.2495070194357
270610,936.9339568554135
270611,2098.4724314076057
270612,1885.2587588352267
270613,1422.6781522131232
270614,1517.8306748576215
270615,-226.54558798943867
270616,934.9928865627535
270617,721.7792139903747
270618,259.19860736827127
270619,354.3511300127695
270620,220.87515070562802
270621,1382.41362525782
270622,1169.1999526854413
270623,706.619346063338
270624,801.7718687078361
270625,376.45631854381384
270626,1537.994793096006
270627,1324.7811205236271
270628,862.2005139015238
270629,957.3530365460219
270630,-337.1418884110103
270631,824.3965861411817
270632,611.182913568803
270633,148.60230694669963
270634,243.7548295911978
270635,110.27885028405626
270636,1271.8173248362482
270637,1058.6036522638697
270638,596.0230456417662
270639,691.1755682862645
270640,265.8600181222421
270641,1427.3984926744342
270642,1214.1848201020555
270643,751.6042134799521
270644,846.7567361244503
270645,-329.06855046973396
270646,832.469924082458
270647,619.2562515100793
270648,156.67564488797598
270649,251.82816753247414
270650,118.35218822533261
270651,1279.8906627775245
270652,1066.676990205146
270653,604.0963835830426
270654,699.2489062275407
270655,273.93335606351843
270656,1435.4718306157106
270657,1222.2581580433318
270658,759.6775514212284
270659,854.8300740657266
270660,-535.0002387913382
270661,626.5382357608537
270662,413.32456318847505
270663,-49.25604343362829
270664,45.89647921086987
270665,-87.57950009627177
270666,1073.9589744559203
270667,860.7453018835415
270668,398.1646952614382
270669,493.3172179059364
270670,68.00166774191405
270671,1229.540142294106
270672,1016.3264697217273
270673,553.745863099624
270674,648.8983857441223
270675,-1159.892583692122
270676,1.6458908600700397
270677,-211.56778171230872
270678,-674.148388334412
270679,-578.9958656899137
270680,-712.4718449970553
270681,449.0666295551366
270682,235.85295698275786
270683,-226.72764963934537
270684,-131.5751269948472
270685,-556.8906771588697
270686,604.6477973933224
270687,391.4341248209438
270688,-71.14648180115967
270689,24.006040843338496
270690,346.27129879543673
270691,1507.8097733476288
270692,1294.59610077525
270693,832.0154941531466
270694,927.1680167976449
270695,793.6920374905034
270696,1955.2305120426954
270697,1742.0168394703169
270698,1279.4362328482134
270699,1374.5887554927117
270700,949.2732053286892
270701,2110.8116798808815
270702,1897.5980073085025
270703,1435.017400686399
270704,1530.1699233308973
270705,-214.20633951616287
270706,947.3321350360292
270707,734.1184624636504
270708,271.53785584154707
270709,366.6903784860453
270710,233.2143991789037
270711,1394.7528737310959
270712,1181.539201158717
270713,718.9585945366138
270714,814.1111171811119
270715,388.7955670170895
270716,1550.3340415692817
270717,1337.120368996903
270718,874.5397623747996
270719,969.6922850192977
270720,-324.80263993773474
270721,836.7358346144575
270722,623.5221620420788
270723,160.94155541997543
270724,256.0940780644736
270725,122.61809875733206
270726,1284.156573309524
270727,1070.9429007371455
270728,608.362294115042
270729,703.5148167595403
270730,278.1992665955179
270731,1439.73774114771
270732,1226.5240685753313
270733,763.9434619532279
270734,859.0959845977261
270735,-316.7293019964584
270736,844.8091725557338
270737,631.595499983355
270738,169.01489336125167
270739,264.1674160057499
270740,130.6914366986084
270741,1292.2299112508003
270742,1079.0162386784218
270743,616.4356320563184
270744,711.5881547008165
270745,286.27260453679423
270746,1447.8110790889862
270747,1234.5974065166076
270748,772.0167998945042
270749,867.1693225390025
270750,-522.6609903180627
270751,638.8774842341295
270752,425.66381166175074
270753,-36.916794960352604
270754,58.23572768414567
270755,-75.24025162299608
270756,1086.298222929196
270757,873.0845503568173
270758,410.503943734714
270759,505.65646637921213
270760,80.34091621518985
270761,1241.879390767382
270762,1028.6657181950031
270763,566.0851115728998
270764,661.2376342173981
270765,-1147.553335218846
270766,13.985139333345842
270767,-199.2285332390328
270768,-661.8091398611361
270769,-566.6566172166381
270770,-700.1325965237795
270771,461.4058780284124
270772,248.19220545603378
270773,-214.38840116606957
270774,-119.23587852157141
270775,-544.5514286855939
270776,616.9870458665982
270777,403.77337329421954
270778,-58.807233327883864
270779,36.34528931661441
270780,358.6105472687125
270781,1520.1490218209046
270782,1306.9353492485259
270783,844.3547426264224
270784,939.5072652709207
270785,806.0312859637792
270786,1967.5697605159712
270787,1754.3560879435925
270788,1291.7754813214892
270789,1386.9280039659875
270790,961.612453801965
270791,2123.1509283541573
270792,1909.9372557817785
270793,1447.3566491596748
270794,1542.509171804173
270795,-201.86709104288707
270796,959.671383509305
270797,746.4577109369262
270798,283.8771043148229
270799,379.0296269593211
270800,245.55364765217956
270801,1407.0921222043717
270802,1193.878449631993
270803,731.2978430098896
270804,826.4503656543877
270805,401.13481549036544
270806,1562.6732900425573
270807,1349.4596174701787
270808,886.8790108480754
270809,982.0315334925735
270810,-312.4633914644587
270811,849.0750830877333
270812,635.8614105153546
270813,173.28080389325123
270814,268.4333265377494
270815,134.95734723060787
270816,1296.4958217827998
270817,1083.2821492104213
270818,620.7015425883178
270819,715.8540652328161
270820,290.5385150687938
270821,1452.0769896209858
270822,1238.863317048607
270823,776.2827104265037
270824,871.4352330710019
270825,-304.39005352318236
270826,857.1484210290097
270827,643.9347484566309
270828,181.35414183452758
270829,276.50666447902574
270830,143.03068517188422
270831,1304.5691597240761
270832,1091.3554871516976
270833,628.7748805295942
270834,723.9274031740923
270835,298.61185301007015
270836,1460.1503275622622
270837,1246.9366549898834
270838,784.35604836778
270839,879.5085710122783
270840,-510.32174184478663
270841,651.2167327074053
270842,438.0030601350266
270843,-24.577546487076688
270844,70.57497615742147
270845,-62.90100314972017
270846,1098.6374714024719
270847,885.4237988300931
270848,422.84319220798983
270849,517.9957148524879
270850,92.68016468846577
270851,1254.2186392406577
270852,1041.004966668279
270853,578.4243600461756
270854,673.5768826906739
270855,-1135.2140867455703
270856,26.324387806621644
270857,-186.8892847657571
270858,-649.4698913878606
270859,-554.3173687433623
270860,-687.7933480505037
270861,473.7451265016883
270862,260.5314539293096
270863,-202.04915269279377
270864,-106.8966300482956
270865,-532.2121802123179
270866,629.326294339874
270867,416.11262176749534
270868,-46.46798485460795
270869,48.684537789890214
270870,370.9497957419884
270871,1532.4882702941804
270872,1319.2745977218017
270873,856.6939910996983
270874,951.8465137441965
270875,818.370534437055
270876,1979.909008989247
270877,1766.6953364168683
270878,1304.114729794765
270879,1399.267252439263
270880,973.9517022752409
270881,2135.490176827433
270882,1922.276504255054
270883,1459.6958976329508
270884,1554.848420277449
270885,-189.52784256961127
270886,972.0106319825809
270887,758.7969594102021
270888,296.2163527880987
270889,391.3688754325969
270890,257.8928961254553
270891,1419.4313706776475
270892,1206.2176981052687
270893,743.6370914831654
270894,838.7896141276635
270895,413.47406396364124
270896,1575.0125385158335
270897,1361.7988659434545
270898,899.2182593213512
270899,994.3707819658493
270900,-300.1241429911829
270901,861.4143315610091
270902,648.2006589886304
270903,185.62005236652703
270904,280.7725750110252
270905,147.29659570388367
270906,1308.8350702560756
270907,1095.621397683697
270908,633.0407910615937
270909,728.1933137060919
270910,302.87776354206954
270911,1464.4162380942616
270912,1251.202565521883
270913,788.6219588997795
270914,883.7744815442777
270915,-292.05080504990656
270916,869.4876695022854
270917,656.2739969299067
270918,193.69339030780327
270919,288.8459129523015
270920,155.36993364516002
270921,1316.908408197352
270922,1103.6947356249734
270923,641.11412900287
270924,736.2666516473681
270925,310.9511014833459
270926,1472.489576035538
270927,1259.2759034631592
270928,796.6952968410558
270929,891.847819485554
270930,-497.9824933715108
270931,663.5559811806811
270932,450.34230860830246
270933,-12.238298013800886
270934,82.91422463069728
270935,-50.561754676444366
270936,1110.9767198757477
270937,897.7630473033689
270938,435.18244068126563
270939,530.3349633257637
270940,105.01941316174157
270941,1266.5578877139335
270942,1053.3442151415547
270943,590.7636085194515
270944,685.9161311639497
270945,-1122.8748382722947
270946,38.663636279897446
270947,-174.5500362924813
270948,-637.1306429145848
270949,-541.9781202700865
270950,-675.4540995772279
270951,486.084374974964
270952,272.8707024025853
270953,-189.70990421951797
270954,-94.55738157501992
270955,-519.8729317390423
270956,641.6655428131498
270957,428.4518702407712
270958,-34.12873638133226
270959,61.0237862631659
270960,383.28904421526414
270961,1544.8275187674562
270962,1331.6138461950775
270963,869.033239572974
270964,964.1857622174723
270965,830.7097829103308
270966,1992.2482574625226
270967,1779.034584890144
270968,1316.4539782680408
270969,1411.6065009125389
270970,986.2909507485167
270971,2147.829425300709
270972,1934.6157527283299
270973,1472.0351461062266
270974,1567.1876687507247
270975,-177.18859409633546
270976,984.3498804558566
270977,771.1362078834779
270978,308.5556012613745
270979,403.7081239058727
270980,270.23214459873117
270981,1431.7706191509233
270982,1218.5569465785445
270983,755.9763399564412
270984,851.1288626009393
270985,425.813312436917
270986,1587.351786989109
270987,1374.1381144167303
270988,911.557507794627
270989,1006.7100304391251
270990,-211.25278951918017
270991,950.285685033012
270992,737.0720124606332
270993,274.4914058385299
270994,369.6439284830281
270995,236.16794917588652
270996,1397.7064237280788
270997,1184.4927511556998
270998,721.9121445335966
270999,817.0646671780947
271000,391.74911701407234
271001,1553.2875915662644
271002,1340.0739189938859
271003,877.4933123717824
271004,972.6458350162806
271005,-203.17945157790382
271006,958.3590229742883
271007,745.1453504019095
271008,282.5647437798062
271009,377.7172664243044
271010,244.24128711716287
271011,1405.779761669355
271012,1192.5660890969762
271013,729.9854824748729
271014,825.138005119371
271015,399.8224549553487
271016,1561.3609295075407
271017,1348.147256935162
271018,885.5666503130586
271019,980.7191729575568
271020,-409.1111398995081
271021,752.427334652684
271022,539.2136620803052
271023,76.63305545820185
271024,171.78557810270013
271025,38.309598795558486
271026,1199.8480733477506
271027,986.6344007753718
271028,524.0537941532684
271029,619.2063167977667
271030,193.8907666337443
271031,1355.4292411859365
271032,1142.2155686135577
271033,679.6349619914542
271034,774.7874846359525
271035,-1034.0034848002917
271036,127.53498975190041
271037,-85.67868282047857
271038,-548.2592894425818
271039,-453.10676679808375
271040,-586.5827461052252
271041,574.955728446967
271042,361.7420558745882
271043,-100.83855074751511
271044,-5.686028103016952
271045,-431.00157826703935
271046,730.5368962851528
271047,517.323223712774
271048,54.74261709067059
271049,149.89513973516887
271050,472.160397687267
271051,1633.6988722394592
271052,1420.4851996670805
271053,957.904593044977
271054,1053.0571156894753
271055,919.5811363823336
271056,2081.1196109345256
271057,1867.905938362147
271058,1405.3253317400436
271059,1500.4778543845418
271060,1075.1623042205194
271061,2236.7007787727116
271062,2023.4871062003328
271063,1560.9064995782294
271064,1656.0590222227277
271065,-88.3172406243325
271066,1073.2212339278594
271067,860.0075613554807
271068,397.4269547333774
271069,492.57947737787555
271070,359.1034980707341
271071,1520.6419726229262
271072,1307.4283000505475
271073,844.8476934284441
271074,940.0002160729422
271075,514.6846659089199
271076,1676.223140461112
271077,1463.0094678887333
271078,1000.4288612666298
271079,1095.581383911128
271080,-199.8985051020561
271081,961.6399694501358
271082,748.4262968777571
271083,285.8456902556538
271084,380.99821290015194
271085,247.5222335930104
271086,1409.0607081452024
271087,1195.8470355728236
271088,733.2664289507203
271089,828.4189515952185
271090,403.10340143119623
271091,1564.6418759833882
271092,1351.4282034110097
271093,888.8475967889062
271094,984.0001194334043
271095,-191.82516716077998
271096,969.7133073914122
271097,756.4996348190333
271098,293.91902819693007
271099,389.07155084142823
271100,255.59557153428665
271101,1417.1340460864787
271102,1203.9203735141
271103,741.3397668919966
271104,836.4922895364948
271105,411.17673937247247
271106,1572.7152139246646
271107,1359.5015413522858
271108,896.9209347301825
271109,992.0734573746806
271110,-397.756855482384
271111,763.7816190698078
271112,550.567946497429
271113,87.98733987532569
271114,183.13986251982396
271115,49.66388321268232
271116,1211.2023577648743
271117,997.9886851924956
271118,535.4080785703923
271119,630.5606012148904
271120,205.24505105086826
271121,1366.7835256030603
271122,1153.5698530306815
271123,690.9892464085781
271124,786.1417690530762
271125,-1022.6492003831679
271126,138.88927416902413
271127,-74.32439840335462
271128,-536.905005025458
271129,-441.7524823809599
271130,-575.2284616881013
271131,586.3100128640907
271132,373.09634029171195
271133,-89.48426633039128
271134,5.668256314106884
271135,-419.6472938499153
271136,741.8911807022765
271137,528.6775081298979
271138,66.09690150779443
271139,161.2494241522927
271140,483.51468210439083
271141,1645.0531566565828
271142,1431.839484084204
271143,969.2588774621008
271144,1064.4114001065989
271145,930.9354207994575
271146,2092.4738953516494
271147,1879.2602227792706
271148,1416.6796161571674
271149,1511.8321388016655
271150,1086.5165886376433
271151,2248.055063189835
271152,2034.8413906174567
271153,1572.2607839953532
271154,1667.4133066398513
271155,-76.96295620720878
271156,1084.5755183449833
271157,871.3618457726045
271158,408.7812391505012
271159,503.9337617949994
271160,370.4577824878578
271161,1531.9962570400498
271162,1318.782584467671
271163,856.2019778455679
271164,951.354500490066
271165,526.0389503260436
271166,1687.577424878236
271167,1474.363752305857
271168,1011.7831456837537
271169,1106.9356683282517
271170,-350.45763650501976
271171,811.0808380471723
271172,597.8671654747936
271173,135.2865588526903
271174,230.43908149718845
271175,96.96310219004692
271176,1258.501576742239
271177,1045.2879041698602
271178,582.7072975477569
271179,677.859820192255
271180,252.5442700282328
271181,1414.0827445804248
271182,1200.869072008046
271183,738.2884653859428
271184,833.440988030441
271185,-342.3842985637434
271186,819.1541759884486
271187,605.9405034160699
271188,143.35989679396653
271189,238.5124194384647
271190,105.03644013132327
271191,1266.5749146835153
271192,1053.3612421111366
271193,590.7806354890332
271194,685.9331581335314
271195,260.61760796950915
271196,1422.1560825217011
271197,1208.9424099493224
271198,746.361803327219
271199,841.5143259717172
271200,-548.3159868853475
271201,613.2224876668442
271202,400.00881509446566
271203,-62.57179152763763
271204,32.580731116860534
271205,-100.89524819028111
271206,1060.6432263619108
271207,847.4295537895322
271208,384.84894716742883
271209,480.001469811927
271210,54.68591964790471
271211,1216.2243942000969
271212,1003.010721627718
271213,540.4301150056147
271214,635.5826376501128
271215,-1173.2083317861313
271216,-11.669857233939297
271217,-224.88352980631805
271218,-687.4641364284214
271219,-592.3116137839233
271220,-725.7875930910648
271221,435.75088146112734
271222,222.53720888874852
271223,-240.04339773335482
271224,-144.89087508885666
271225,-570.206425252879
271226,591.3320492993131
271227,378.1183767269344
271228,-84.462229895169
271229,10.69029274932916
271230,332.9555507014273
271231,1494.4940252536194
271232,1281.2803526812406
271233,818.6997460591373
271234,913.8522687036354
271235,780.3762893964939
271236,1941.914763948686
271237,1728.7010913763072
271238,1266.120484754204
271239,1361.273007398702
271240,935.9574572346799
271241,2097.4959317868716
271242,1884.282259214493
271243,1421.7016525923898
271244,1516.8541752368878
271245,-227.52208761017232
271246,934.0163869420198
271247,720.8027143696411
271248,258.22210774753773
271249,353.3746303920359
271250,219.89865108489437
271251,1381.4371256370864
271252,1168.2234530647077
271253,705.6428464426044
271254,800.7953690871025
271255,375.47981892308024
271256,1537.0182934752725
271257,1323.8046209028935
271258,861.2240142807902
271259,956.3765369252884
271260,-338.11838803174396
271261,823.4200865204482
271262,610.2064139480694
271263,147.62580732596598
271264,242.7783299704642
271265,109.30235066332273
271266,1270.8408252155148
271267,1057.627152643136
271268,595.0465460210327
271269,690.1990686655308
271270,264.88351850150855
271271,1426.4219930537006
271272,1213.2083204813218
271273,750.6277138592186
271274,845.7802365037167
271275,-330.0450500904676
271276,831.4934244617244
271277,618.2797518893457
271278,155.69914526724233
271279,250.8516679117405
271280,117.37568860459908
271281,1278.914163156791
271282,1065.7004905844124
271283,603.119883962309
271284,698.2724066068072
271285,272.9568564427849
271286,1434.495330994977
271287,1221.2816584225982
271288,758.7010518004948
271289,853.853574444993
271290,-535.9767384120719
271291,625.5617361401202
271292,412.34806356774135
271293,-50.23254305436194
271294,44.91997959013622
271295,-88.5559997170053
271296,1072.9824748351866
271297,859.768802262808
271298,397.18819564070463
271299,492.34071828520274
271300,67.02516812118051
271301,1228.5636426733727
271302,1015.3499701009938
271303,552.7693634788905
271304,647.9218861233886
271305,-1160.8690833128555
271306,0.6693912393365054
271307,-212.54428133304236
271308,-675.1248879551456
271309,-579.9723653106475
271310,-713.448344617789
271311,448.090129934403
271312,234.87645736202433
271313,-227.70414926007902
271314,-132.55162661558086
271315,-557.8671767796031
271316,603.6712977725888
271317,390.45762520021015
271318,-72.1229814218932
271319,23.029541222604962
271320,345.29479917470303
271321,1506.8332737268952
271322,1293.6196011545162
271323,831.0389945324131
271324,926.1915171769112
271325,792.7155378697697
271326,1954.2540124219618
271327,1741.040339849583
271328,1278.4597332274798
271329,1373.612255871978
271330,948.2967057079555
271331,2109.8351802601474
271332,1896.6215076877688
271333,1434.0409010656656
271334,1529.1934237101636
271335,-215.18283913689652
271336,946.3556354152956
271337,733.1419628429169
271338,270.5613562208135
271339,365.71387886531164
271340,232.23789955817017
271341,1393.7763741103622
271342,1180.5627015379835
271343,717.9820949158801
271344,813.1346175603783
271345,387.819067396356
271346,1549.3575419485483
271347,1336.1438693761693
271348,873.563262754066
271349,968.7157853985641
271350,-325.77913955846816
271351,835.7593349937239
271352,622.5456624213452
271353,159.9650557992419
271354,255.11757844374
271355,121.64159913659842
271356,1283.1800736887906
271357,1069.9664011164118
271358,607.3857944943085
271359,702.5383171388066
271360,277.22276697478435
271361,1438.7612415269764
271362,1225.5475689545976
271363,762.9669623324944
271364,858.1194849769925
271365,-317.7058016171918
271366,843.8326729350002
271367,630.6190003626215
271368,168.03839374051813
271369,263.1909163850163
271370,129.71493707787477
271371,1291.2534116300667
271372,1078.0397390576882
271373,615.4591324355848
271374,710.611655080083
271375,285.2961049160607
271376,1446.8345794682527
271377,1233.620906895874
271378,771.0403002737706
271379,866.1928229182688
271380,-523.6374899387961
271381,637.9009846133958
271382,424.6873120410172
271383,-37.89329458108614
271384,57.259228063412024
271385,-76.21675124372962
271386,1085.3217233084624
271387,872.1080507360838
271388,409.52744411398044
271389,504.6799667584786
271390,79.36441659445632
271391,1240.9028911466485
271392,1027.6892185742697
271393,565.1086119521663
271394,660.2611345966644
271395,-1148.5298348395797
271396,13.008639712612194
271397,-200.20503285976645
271398,-662.7856394818698
271399,-567.6331168373715
271400,-701.1090961445132
271401,460.4293784076789
271402,247.21570583530018
271403,-215.36490078680322
271404,-120.21237814230494
271405,-545.5279283063273
271406,616.0105462458647
271407,402.796873673486
271408,-59.7837329486174
271409,35.368789695880764
271410,357.63404764797883
271411,1519.172522200171
271412,1305.9588496277922
271413,843.3782430056889
271414,938.530765650187
271415,805.0547863430454
271416,1966.5932608952376
271417,1753.3795883228588
271418,1290.7989817007556
271419,1385.9515043452536
271420,960.6359541812313
271421,2122.174428733423
271422,1908.9607561610449
271423,1446.3801495389414
271424,1541.5326721834394
271425,-202.8435906636206
271426,958.6948838885714
271427,745.4812113161927
271428,282.90060469408934
271429,378.0531273385875
271430,244.57714803144597
271431,1406.115622583638
271432,1192.9019500112593
271433,730.321343389156
271434,825.4738660336542
271435,400.1583158696319
271436,1561.6967904218238
271437,1348.483117849445
271438,885.9025112273418
271439,981.05503387184
271440,-313.43989108519236
271441,848.0985834669997
271442,634.884910894621
271443,172.30430427251758
271444,267.4568269170158
271445,133.98084760987433
271446,1295.5193221620664
271447,1082.3056495896876
271448,619.7250429675843
271449,714.8775656120824
271450,289.5620154480602
271451,1451.1004900002522
271452,1237.8868174278734
271453,775.3062108057702
271454,870.4587334502683
271455,-305.366553143916
271456,856.171921408276
271457,642.9582488358973
271458,180.37764221379393
271459,275.5301648582921
271460,142.05418555115068
271461,1303.5926601033427
271462,1090.378987530964
271463,627.7983809088606
271464,722.9509035533588
271465,297.63535338933656
271466,1459.1738279415285
271467,1245.9601553691498
271468,783.3795487470464
271469,878.5320713915446
271470,-511.29824146552005
271471,650.2402330866717
271472,437.026560514293
271473,-25.554046107810336
271474,69.59847653668794
271475,-63.8775027704537
271476,1097.6609717817382
271477,884.4472992093596
271478,421.86669258725624
271479,517.0192152317544
271480,91.70366506773212
271481,1253.2421396199243
271482,1040.0284670475453
271483,577.4478604254421
271484,672.6003830699402
271485,-1136.190586366304
271486,25.34788818588811
271487,-187.86578438649065
271488,-650.446391008594
271489,-555.2938683640959
271490,-688.7698476712374
271491,472.7686268809547
271492,259.55495430857593
271493,-203.02565231352742
271494,-107.87312966902925
271495,-533.1886798330515
271496,628.3497947191405
271497,415.13612214676175
271498,-47.444484475341596
271499,47.708038169156566
271500,369.9732961212547
271501,1531.5117706734468
271502,1318.298098101068
271503,855.7174914789648
271504,950.8700141234629
271505,817.3940348163213
271506,1978.9325093685134
271507,1765.7188367961346
271508,1303.1382301740314
271509,1398.2907528185294
271510,972.9752026545073
271511,2134.513677206699
271512,1921.3000046343204
271513,1458.7193980122172
271514,1553.8719206567152
271515,-190.50434219034491
271516,971.0341323618472
271517,757.8204597894685
271518,295.23985316736514
271519,390.3923758118633
271520,256.9163965047217
271521,1418.4548710569138
271522,1205.241198484535
271523,742.6605918624318
271524,837.8131145069299
271525,412.49756434290765
271526,1574.0360388950999
271527,1360.8223663227209
271528,898.2417597006176
271529,993.3942823451158
271530,-301.10064261191656
271531,860.4378319402756
271532,647.2241593678967
271533,184.6435527457934
271534,279.79607539029155
271535,146.32009608315013
271536,1307.858570635342
271537,1094.6448980629634
271538,632.0642914408601
271539,727.2168140853582
271540,301.90126392133595
271541,1463.439738473528
271542,1250.2260659011492
271543,787.645459279046
271544,882.7979819235441
271545,-293.0273046706402
271546,868.5111698815518
271547,655.2974973091731
271548,192.71689068706974
271549,287.8694133315679
271550,154.39343402442648
271551,1315.9319085766183
271552,1102.7182360042398
271553,640.1376293821364
271554,735.2901520266346
271555,309.9746018626123
271556,1471.5130764148043
271557,1258.2994038424256
271558,795.7187972203222
271559,890.8713198648204
271560,-498.9589929922445
271561,662.5794815599476
271562,449.36580898756876
271563,-13.214797634534534
271564,81.93772500996363
271565,-51.5382542971779
271566,1110.000220255014
271567,896.7865476826353
271568,434.205941060532
271569,529.3584637050301
271570,104.04291354100792
271571,1265.5813880932
271572,1052.367715520821
271573,589.7871088987179
271574,684.939631543216
271575,-1123.8513378930281
271576,37.68713665916391
271577,-175.52653591321496
271578,-638.1071425353182
271579,-542.9546198908201
271580,-676.4305991979616
271581,485.10787535423043
271582,271.89420278185173
271583,-190.68640384025161
271584,-95.53388119575345
271585,-520.8494313597757
271586,640.6890431924162
271587,427.47537062003755
271588,-35.105236002065794
271589,60.04728664243237
271590,382.31254459453044
271591,1543.8510191467226
271592,1330.6373465743436
271593,868.0567399522405
271594,963.2092625967385
271595,829.7332832895971
271596,1991.271757841789
271597,1778.0580852694104
271598,1315.4774786473072
271599,1410.6300012918052
271600,985.314451127783
271601,2146.8529256799748
271602,1933.6392531075962
271603,1471.058646485493
271604,1566.211169129991
271605,-178.1650937170691
271606,983.373380835123
271607,770.1597082627443
271608,307.5791016406409
271609,402.73162428513905
271610,269.2556449779975
271611,1430.7941195301896
271612,1217.5804469578109
271613,754.9998403357075
271614,850.1523629802057
271615,424.8368128161834
271616,1586.3752873683754
271617,1373.1616147959967
271618,910.5810081738935
271619,1005.7335308183915
271620,-212.2292891399136
271621,949.3091854122783
271622,736.0955128398996
271623,273.51490621779635
271624,368.6674288622945
271625,235.19144955515299
271626,1396.7299241073451
271627,1183.5162515349662
271628,720.9356449128629
271629,816.0881675573611
271630,390.7726173933388
271631,1552.311091945531
271632,1339.0974193731522
271633,876.5168127510487
271634,971.669335395547
271635,-204.15595119863724
271636,957.3825233535547
271637,744.1688507811759
271638,281.58824415907264
271639,376.7407668035708
271640,243.26478749642928
271641,1404.8032620486213
271642,1191.5895894762425
271643,729.0089828541393
271644,824.1615054986374
271645,398.84595533461516
271646,1560.384429886807
271647,1347.1707573144286
271648,884.5901506923251
271649,979.7426733368233
271650,-410.0876395202415
271651,751.4508350319504
271652,538.2371624595717
271653,75.65655583746832
271654,170.80907848196648
271655,37.33309917482484
271656,1198.871573727017
271657,985.6579011546382
271658,523.0772945325349
271659,618.229817177033
271660,192.91426701301077
271661,1354.4527415652028
271662,1141.239068992824
271663,678.6584623707207
271664,773.8109850152189
271665,-1034.9799844210254
271666,126.55849013116665
271667,-86.6551824412121
271668,-549.2357890633155
271669,-454.0832664188172
271670,-587.5592457259588
271671,573.9792288262333
271672,360.7655562538546
271673,-101.81505036824876
271674,-6.6625277237506
271675,-431.97807788777277
271676,729.5603966644192
271677,516.3467240920404
271678,53.76611746993706
271679,148.91864011443522
271680,471.18389806653335
271681,1632.7223726187253
271682,1419.5087000463468
271683,956.9280934242433
271684,1052.0806160687416
271685,918.6046367616
271686,2080.1431113137924
271687,1866.9294387414134
271688,1404.34883211931
271689,1499.5013547638082
271690,1074.1858045997858
271691,2235.724279151978
271692,2022.5106065795992
271693,1559.929999957496
271694,1655.082522601994
271695,-89.29374024506615
271696,1072.2447343071258
271697,859.0310617347471
271698,396.45045511264385
271699,491.602977757142
271700,358.1269984500004
271701,1519.6654730021924
271702,1306.4518004298138
271703,843.8711938077105
271704,939.0237164522086
271705,513.7081662881862
271706,1675.2466408403784
271707,1462.0329682679996
271708,999.4523616458963
271709,1094.6048842903945
271710,-199.8900406666378
271711,961.6484338855541
271712,748.4347613131754
271713,285.85415469107215
271714,381.0066773355703
271715,247.5306980284288
271716,1409.069172580621
271717,1195.855500008242
271718,733.2748933861387
271719,828.4274160306369
271720,403.11186586661466
271721,1564.6503404188065
271722,1351.436667846428
271723,888.8560612243245
271724,984.0085838688227
271725,-191.81670272536155
271726,969.7217718268305
271727,756.5080992544517
271728,293.9274926323484
271729,389.0800152768466
271730,255.60403596970502
271731,1417.142510521897
271732,1203.9288379495183
271733,741.3482313274151
271734,836.5007539719132
271735,411.1852038078909
271736,1572.7236783600829
271737,1359.5100057877041
271738,896.9293991656009
271739,992.0819218100991
271740,-397.7483910469657
271741,763.7900835052261
271742,550.5764109328475
271743,87.99580431074423
271744,183.1483269552424
271745,49.672347648100754
271746,1211.2108222002928
271747,997.997149627914
271748,535.4165430058107
271749,630.5690656503089
271750,205.2535154862867
271751,1366.7919900384786
271752,1153.5783174660999
271753,690.9977108439965
271754,786.1502334884947
271755,-1022.6407359477494
271756,138.89773860444257
271757,-74.31593396793619
271758,-536.8965405900394
271759,-441.7440179455414
271760,-575.219997252683
271761,586.3184772995091
271762,373.1048047271304
271763,-89.47580189497296
271764,5.676720749525202
271765,-419.63882941449697
271766,741.899645137695
271767,528.6859725653162
271768,66.10536594321275
271769,161.25788858771102
271770,483.5231465398092
271771,1645.0616210920011
271772,1431.8479485196224
271773,969.2673418975191
271774,1064.4198645420174
271775,930.9438852348758
271776,2092.482359787068
271777,1879.268687214689
271778,1416.6880805925857
271779,1511.840603237084
271780,1086.5250530730616
271781,2248.0635276252533
271782,2034.849855052875
271783,1572.2692484307715
271784,1667.4217710752698
271785,-76.95449177179034
271786,1084.5839827804016
271787,871.3703102080228
271788,408.7897035859196
271789,503.94222623041776
271790,370.4662469232762
271791,1532.0047214754682
271792,1318.7910489030896
271793,856.2104422809862
271794,951.3629649254844
271795,526.047414761462
271796,1687.5858893136542
271797,1474.3722167412752
271798,1011.791610119172
271799,1106.9441327636703
271800,-350.4491720696012
271801,811.0893024825907
271802,597.875629910212
271803,135.29502328810872
271804,230.4475459326069
271805,96.97156662546536
271806,1258.5100411776573
271807,1045.2963686052785
271808,582.7157619831753
271809,677.8682846276735
271810,252.55273446365118
271811,1414.091209015843
271812,1200.8775364434646
271813,738.2969298213611
271814,833.4494524658593
271815,-342.37583412832487
271816,819.1626404238671
271817,605.9489678514883
271818,143.36836122938496
271819,238.52088387388312
271820,105.0449045667417
271821,1266.5833791189336
271822,1053.3697065465549
271823,590.7890999244516
271824,685.9416225689497
271825,260.6260724049275
271826,1422.1645469571195
271827,1208.950874384741
271828,746.3702677626375
271829,841.5227904071356
271830,-548.3075224499291
271831,613.2309521022628
271832,400.017279529884
271833,-62.56332709221931
271834,32.58919555227885
271835,-100.88678375486268
271836,1060.6516907973294
271837,847.4380182249506
271838,384.85741160284726
271839,480.00993424734537
271840,54.69438408332314
271841,1216.2328586355152
271842,1003.0191860631364
271843,540.4385794410331
271844,635.5911020855312
271845,-1173.1998673507128
271846,-11.661392798520865
271847,-224.87506537089962
271848,-687.4556719930029
271849,-592.3031493485048
271850,-725.7791286556464
271851,435.75934589654565
271852,222.54567332416696
271853,-240.0349332979364
271854,-144.88241065343823
271855,-570.1979608174604
271856,591.3405137347314
271857,378.1268411623528
271858,-84.45376545975057
271859,10.698757184747592
271860,332.9640151368457
271861,1494.5024896890377
271862,1281.288817116659
271863,818.7082104945557
271864,913.8607331390538
271865,780.3847538319123
271866,1941.9232283841043
271867,1728.7095558117257
271868,1266.1289491896223
271869,1361.2814718341206
271870,935.9659216700982
271871,2097.50439622229
271872,1884.2907236499116
271873,1421.7101170278083
271874,1516.8626396723062
271875,-227.51362317475377
271876,934.0248513774382
271877,720.8111788050595
271878,258.23057218295617
271879,353.38309482745433
271880,219.9071155203128
271881,1381.4455900725047
271882,1168.2319175001262
271883,705.6513108780227
271884,800.8038335225209
271885,375.4882833584986
271886,1537.0267579106908
271887,1323.8130853383118
271888,861.2324787162086
271889,956.3850013607068
271890,-338.1099235963254
271891,823.4285509558665
271892,610.2148783834878
271893,147.63427176138453
271894,242.78679440588263
271895,109.31081509874105
271896,1270.849289650933
271897,1057.6356170785543
271898,595.0550104564511
271899,690.2075331009493
271900,264.891982936927
271901,1426.430457489119
271902,1213.2167849167404
271903,750.6361782946369
271904,845.7887009391351
271905,-330.03658565504907
271906,831.5018888971429
271907,618.2882163247641
271908,155.70760970266076
271909,250.86013234715892
271910,117.3841530400174
271911,1278.9226275922094
271912,1065.7089550198307
271913,603.1283483977274
271914,698.2808710422255
271915,272.96532087820333
271916,1434.5037954303953
271917,1221.2901228580167
271918,758.7095162359133
271919,853.8620388804114
271920,-535.9682739766533
271921,625.5702005755385
271922,412.3565280031598
271923,-50.22407861894351
271924,44.928444025554654
271925,-88.54753528158699
271926,1072.990939270605
271927,859.7772666982264
271928,397.196660076123
271929,492.3491827206212
271930,67.03363255659895
271931,1228.572107108791
271932,1015.3584345364122
271933,552.7778279143089
271934,647.930350558807
271935,-1160.8606188774372
271936,0.6778556747548237
271937,-212.53581689762382
271938,-675.1164235197273
271939,-579.963900875229
271940,-713.4398801823706
271941,448.09859436982146
271942,234.88492179744276
271943,-227.6956848246606
271944,-132.54316218016243
271945,-557.8587123441846
271946,603.6797622080073
271947,390.4660896356286
271948,-72.11451698647477
271949,23.038005658023394
271950,345.30326361012146
271951,1506.8417381623135
271952,1293.6280655899347
271953,831.0474589678315
271954,926.1999816123297
271955,792.724002305188
271956,1954.2624768573803
271957,1741.0488042850016
271958,1278.468197662898
271959,1373.6207203073964
271960,948.305170143374
271961,2109.8436446955657
271962,1896.6299721231874
271963,1434.0493655010841
271964,1529.2018881455822
271965,-215.1743747014781
271966,946.364099850714
271967,733.1504272783353
271968,270.5698206562319
271969,365.7223433007301
271970,232.2463639935885
271971,1393.7848385457805
271972,1180.571165973402
271973,717.9905593512985
271974,813.1430819957967
271975,387.8275318317744
271976,1549.3660063839666
271977,1336.1523338115878
271978,873.5717271894844
271979,968.7242498339826
271980,-325.7706751230496
271981,835.7677994291423
271982,622.5541268567636
271983,159.97352023466033
271984,255.12604287915843
271985,121.65006357201685
271986,1283.1885381242091
271987,1069.9748655518301
271988,607.3942589297269
271989,702.5467815742251
271990,277.2312314102027
271991,1438.769705962395
271992,1225.5560333900162
271993,762.9754267679127
271994,858.1279494124109
271995,-317.69733718177326
271996,843.8411373704187
271997,630.6274647980399
271998,168.04685817593656
271999,263.1993808204347
272000,129.7234015132932
272001,1291.2618760654852
272002,1078.0482034931065
272003,615.4675968710033
272004,710.6201195155013
272005,285.3045693514791
272006,1446.843043903671
272007,1233.6293713312925
272008,771.0487647091891
272009,866.2012873536872
272010,-523.6290255033775
272011,637.9094490488143
272012,424.69577647643564
272013,-37.884830145667706
272014,57.267692498830456
272015,-76.20828680831119
272016,1085.3301877438807
272017,872.1165151715022
272018,409.5359085493988
272019,504.688431193897
272020,79.37288102987463
272021,1240.9113555820668
272022,1027.697683009688
272023,565.1170763875847
272024,660.2695990320829
272025,-1148.5213704041614
272026,13.017104148030626
272027,-200.19656842434813
272028,-662.7771750464515
272029,-567.6246524019532
272030,-701.1006317090948
272031,460.4378428430973
272032,247.22417027071862
272033,-215.35643635138467
272034,-120.20391370688662
272035,-545.5194638709088
272036,616.0190106812831
272037,402.8053381089044
272038,-59.77526851319897
272039,35.377254131299196
272040,357.64251208339726
272041,1519.1809866355893
272042,1305.9673140632108
272043,843.3867074411073
272044,938.5392300856055
272045,805.0632507784638
272046,1966.601725330656
272047,1753.3880527582774
272048,1290.807446136174
272049,1385.9599687806722
272050,960.6444186166498
272051,2122.182893168842
272052,1908.9692205964632
272053,1446.3886139743597
272054,1541.541136618858
272055,-202.83512622820217
272056,958.7033483239898
272057,745.4896757516111
272058,282.90906912950777
272059,378.06159177400593
272060,244.58561246686435
272061,1406.1240870190563
272062,1192.9104144466778
272063,730.3298078245743
272064,825.4823304690725
272065,400.1667803050503
272066,1561.7052548572424
272067,1348.4915822848636
272068,885.9109756627602
272069,981.0634983072584
272070,-313.4314266497738
272071,848.1070479024181
272072,634.8933753300394
272073,172.31276870793613
272074,267.46529135243424
272075,133.98931204529276
272076,1295.5277865974847
272077,1082.314114025106
272078,619.7335074030027
272079,714.8860300475009
272080,289.5704798834786
272081,1451.1089544356705
272082,1237.895281863292
272083,775.3146752411885
272084,870.4671978856867
272085,-305.35808870849746
272086,856.1803858436945
272087,642.9667132713157
272088,180.38610664921237
272089,275.5386292937105
272090,142.0626499865691
272091,1303.601124538761
272092,1090.3874519663823
272093,627.806845344279
272094,722.9593679887771
272095,297.64381782475493
272096,1459.1822923769469
272097,1245.968619804568
272098,783.3880131824649
272099,878.540535826963
272100,-511.28977703010173
272101,650.2486975220901
272102,437.0350249497113
272103,-25.545581672392018
272104,69.60694097210626
272105,-63.86903833503527
272106,1097.6694362171565
272107,884.455763644778
272108,421.8751570226746
272109,517.0276796671728
272110,91.71212950315055
272111,1253.2506040553426
272112,1040.0369314829638
272113,577.4563248608605
272114,672.6088475053587
272115,-1136.1821219308856
272116,25.35635262130654
272117,-187.8573199510722
272118,-650.4379265731757
272119,-555.2854039286776
272120,-688.761383235819
272121,472.777091316373
272122,259.56341874399436
272123,-203.01718787810898
272124,-107.86466523361082
272125,-533.180215397633
272126,628.3582591545588
272127,415.1445865821802
272128,-47.43602003992328
272129,47.716502604575
272130,369.9817605566731
272131,1531.520235108865
272132,1318.3065625364864
272133,855.7259559143831
272134,950.8784785588812
272135,817.4024992517398
272136,1978.9409738039317
272137,1765.7273012315532
272138,1303.1466946094497
272139,1398.299217253948
272140,972.9836670899256
272141,2134.5221416421173
272142,1921.308469069739
272143,1458.7278624476357
272144,1553.8803850921336
272145,-190.49587775492637
272146,971.0425967972656
272147,757.8289242248869
272148,295.2483176027836
272149,390.40084024728174
272150,256.9248609401401
272151,1418.4633354923321
272152,1205.2496629199536
272153,742.6690562978501
272154,837.8215789423483
272155,412.506028778326
272156,1574.0445033305182
272157,1360.8308307581392
272158,898.250224136036
272159,993.4027467805342
272160,-301.092178176498
272161,860.4462963756939
272162,647.2326238033152
272163,184.65201718121193
272164,279.80453982571
272165,146.32856051856845
272166,1307.8670350707605
272167,1094.6533624983817
272168,632.0727558762785
272169,727.2252785207767
272170,301.9097283567544
272171,1463.4482029089463
272172,1250.2345303365678
272173,787.6539237144643
272174,882.8064463589625
272175,-293.01884023522166
272176,868.5196343169703
272177,655.3059617445915
272178,192.72535512248817
272179,287.87787776698633
272180,154.4018984598448
272181,1315.9403730120368
272182,1102.726700439658
272183,640.1460938175547
272184,735.2986164620529
272185,309.98306629803074
272186,1471.5215408502227
272187,1258.3078682778441
272188,795.7272616557407
272189,890.8797843002387
272190,-498.95052855682593
272191,662.5879459953659
272192,449.3742734229872
272193,-13.206333199116102
272194,81.94618944538206
272195,-51.52978986175958
272196,1110.0086846904323
272197,896.7950121180537
272198,434.2144054959504
272199,529.3669281404485
272200,104.05137797642635
272201,1265.5898525286184
272202,1052.3761799562396
272203,589.7955733341363
272204,684.9480959786345
272205,-1123.8428734576098
272206,37.69560109458223
272207,-175.5180714777964
272208,-638.0986780998999
272209,-542.9461554554016
272210,-676.4221347625432
272211,485.11633978964886
272212,271.90266721727016
272213,-190.67793940483318
272214,-95.52541676033502
272215,-520.8409669243572
272216,640.6975076278347
272217,427.483835055456
272218,-35.09677156664736
272219,60.0557510778508
272220,382.32100902994887
272221,1543.859483582141
272222,1330.6458110097622
272223,868.0652043876589
272224,963.217727032157
272225,829.7417477250154
272226,1991.2802222772075
272227,1778.0665497048287
272228,1315.4859430827255
272229,1410.6384657272235
272230,985.3229155632014
272231,2146.861390115393
272232,1933.6477175430148
272233,1471.0671109209115
272234,1566.2196335654094
272235,-178.15662928165068
272236,983.3818452705414
272237,770.1681726981626
272238,307.5875660760593
272239,402.7400887205575
272240,269.26410941341595
272241,1430.802583965608
272242,1217.5889113932294
272243,755.008304771126
272244,850.1608274156241
272245,424.84527725160183
272246,1586.3837518037938
272247,1373.1700792314152
272248,910.5894726093118
272249,1005.74199525381
272250,-212.22082470449527
272251,949.3176498476969
272252,736.1039772753181
272253,273.5233706532148
272254,368.67589329771295
272255,235.1999139905713
272256,1396.7383885427635
272257,1183.5247159703847
272258,720.9441093482814
272259,816.0966319927795
272260,390.7810818287572
272261,1552.3195563809493
272262,1339.1058838085705
272263,876.5252771864672
272264,971.6777998309653
272265,-204.14748676321892
272266,957.3909877889731
272267,744.1773152165944
272268,281.5967085944911
272269,376.74923123898924
272270,243.2732519318477
272271,1404.8117264840398
272272,1191.5980539116608
272273,729.0174472895577
272274,824.1699699340559
272275,398.85441977003353
272276,1560.3928943222254
272277,1347.1792217498469
272278,884.5986151277434
272279,979.7511377722417
272280,-410.0791750848232
272281,751.4592994673689
272282,538.2456268949901
272283,75.66502027288675
272284,170.8175429173849
272285,37.34156361024327
272286,1198.8800381624355
272287,985.6663655900566
272288,523.0857589679533
272289,618.2382816124514
272290,192.9227314484292
272291,1354.4612060006211
272292,1141.2475334282426
272293,678.6669268061391
272294,773.8194494506373
272295,-1034.9715199856068
272296,126.56695456658508
272297,-86.64671800579356
272298,-549.2273246278969
272299,-454.07480198339863
272300,-587.5507812905403
272301,573.9876932616518
272302,360.774020689273
272303,-101.80658593283033
272304,-6.654063288332168
272305,-431.96961345235445
272306,729.5688610998376
272307,516.3551885274588
272308,53.77458190535549
272309,148.92710454985365
272310,471.1923625019518
272311,1632.7308370541439
272312,1419.5171644817651
272313,956.9365578596619
272314,1052.08908050416
272315,918.6131011970183
272316,2080.1515757492107
272317,1866.9379031768317
272318,1404.3572965547282
272319,1499.5098191992265
272320,1074.1942690352041
272321,2235.7327435873963
272322,2022.5190710150175
272323,1559.9384643929143
272324,1655.0909870374123
272325,-89.28527580964771
272326,1072.2531987425443
272327,859.0395261701656
272328,396.4589195480623
272329,491.61144219256045
272330,358.13546288541886
272331,1519.673937437611
272332,1306.4602648652321
272333,843.8796582431289
272334,939.032180887627
272335,513.7166307236047
272336,1675.2551052757967
272337,1462.0414327034182
272338,999.4608260813147
272339,1094.6133487258128
272340,-199.88157623121936
272341,961.6568983209727
272342,748.4432257485938
272343,285.8626191264906
272344,381.01514177098875
272345,247.53916246384722
272346,1409.0776370160393
272347,1195.8639644436605
272348,733.2833578215572
272349,828.4358804660553
272350,403.12033030203304
272351,1564.6588048542249
272352,1351.4451322818463
272353,888.864525659743
272354,984.0170483042411
272355,-191.80823828994312
272356,969.7302362622489
272357,756.5165636898702
272358,293.9359570677668
272359,389.08847971226504
272360,255.61250040512346
272361,1417.1509749573154
272362,1203.9373023849366
272363,741.3566957628334
272364,836.5092184073316
272365,411.1936682433093
272366,1572.7321427955012
272367,1359.5184702231227
272368,896.9378636010192
272369,992.0903862455175
272370,-397.7399266115474
272371,763.7985479406445
272372,550.5848753682658
272373,88.00426874616255
272374,183.15679139066071
272375,49.680812083519186
272376,1211.2192866357113
272377,998.0056140633324
272378,535.4250074412291
272379,630.5775300857273
272380,205.261979921705
272381,1366.800454473897
272382,1153.5867819015182
272383,691.006175279415
272384,786.1586979239131
272385,-1022.632271512331
272386,138.906203039861
272387,-74.30746953251776
272388,-536.8880761546211
272389,-441.73555351012305
272390,-575.2115328172645
272391,586.3269417349275
272392,373.1132691625488
272393,-89.46733745955453
272394,5.685185184943634
272395,-419.63036497907865
272396,741.9081095731133
272397,528.6944370007346
272398,66.11383037863129
272399,161.26635302312945
272400,483.53161097522764
272401,1645.0700855274197
272402,1431.856412955041
272403,969.2758063329376
272404,1064.4283289774357
272405,930.9523496702942
272406,2092.4908242224865
272407,1879.2771516501075
272408,1416.6965450280043
272409,1511.8490676725023
272410,1086.5335175084801
272411,2248.0719920606716
272412,2034.8583194882933
272413,1572.27771286619
272414,1667.4302355106881
272415,-76.94602733637203
272416,1084.5924472158201
272417,871.3787746434414
272418,408.79816802133803
272419,503.9506906658362
272420,370.4747113586946
272421,1532.0131859108865
272422,1318.799513338508
272423,856.2189067164046
272424,951.3714293609028
272425,526.0558791968804
272426,1687.5943537490725
272427,1474.3806811766938
272428,1011.8000745545904
272429,1106.9525971990886
272430,-350.4407076341829
272431,811.0977669180091
272432,597.8840943456304
272433,135.30348772352704
272434,230.4560103680252
272435,96.98003106088368
272436,1258.5185056130758
272437,1045.304833040697
272438,582.7242264185936
272439,677.8767490630919
272440,252.5611988990696
272441,1414.0996734512614
272442,1200.886000878883
272443,738.3053942567796
272444,833.4579169012777
272445,-342.36736969290655
272446,819.1711048592854
272447,605.9574322869067
272448,143.3768256648034
272449,238.52934830930155
272450,105.05336900216003
272451,1266.5918435543522
272452,1053.3781709819734
272453,590.79756435987
272454,685.9500870043681
272455,260.63453684034596
272456,1422.1730113925378
272457,1208.9593388201592
272458,746.3787321980558
272459,841.5312548425541
272460,-548.2990580145108
272461,613.2394165376811
272462,400.0257439653024
272463,-62.55486265680088
272464,32.597659987697284
272465,-100.87831931944424
272466,1060.6601552327477
272467,847.4464826603689
272468,384.86587603826564
272469,480.0183986827638
272470,54.702848518741575
272471,1216.2413230709335
272472,1003.0276504985549
272473,540.4470438764515
272474,635.5995665209497
272475,-1173.1914029152945
272476,-11.652928363102546
272477,-224.8666009354812
272478,-687.4472075575845
272479,-592.2946849130865
272480,-725.7706642202279
272481,435.7678103319641
272482,222.5541377595854
272483,-240.02646886251796
272484,-144.8739462180198
272485,-570.1894963820421
272486,591.3489781701498
272487,378.1353055977712
272488,-84.44530102433214
272489,10.707221620166024
272490,332.9724795722641
272491,1494.510954124456
272492,1281.2972815520775
272493,818.716674929974
272494,913.8691975744722
272495,780.3932182673307
272496,1941.9316928195228
272497,1728.718020247144
272498,1266.1374136250408
272499,1361.2899362695389
272500,935.9743861055166
272501,2097.512860657708
272502,1884.29918808533
272503,1421.7185814632267
272504,1516.8711041077247
272505,-227.50515873933546
272506,934.0333158128566
272507,720.8196432404778
272508,258.2390366183745
272509,353.3915592628727
272510,219.91557995573112
272511,1381.4540545079233
272512,1168.2403819355445
272513,705.6597753134412
272514,800.8122979579393
272515,375.49674779391705
272516,1537.035222346109
272517,1323.8215497737303
272518,861.240943151627
272519,956.3934657961252
272520,-338.1014591609071
272521,823.437015391285
272522,610.2233428189063
272523,147.64273619680284
272524,242.79525884130106
272525,109.31927953415948
272526,1270.8577540863516
272527,1057.6440815139729
272528,595.0634748918694
272529,690.2159975363677
272530,264.90044737234535
272531,1426.4389219245375
272532,1213.2252493521587
272533,750.6446427300554
272534,845.7971653745535
272535,-330.02812121963075
272536,831.5103533325613
272537,618.2966807601825
272538,155.7160741380792
272539,250.86859678257736
272540,117.39261747543583
272541,1278.931092027628
272542,1065.717419455249
272543,603.1368128331458
272544,698.2893354776439
272545,272.9737853136217
272546,1434.5122598658138
272547,1221.298587293435
272548,758.7179806713316
272549,853.8705033158299
272550,-535.959809541235
272551,625.5786650109569
272552,412.3649924385782
272553,-50.215614183525076
272554,44.936908460973086
272555,-88.53907084616856
272556,1072.9994037060235
272557,859.7857311336447
272558,397.2051245115414
272559,492.35764715603955
272560,67.04209699201738
272561,1228.5805715442093
272562,1015.3668989718306
272563,552.7862923497273
272564,647.9388149942255
272565,-1160.852154442019
272566,0.6863201101732557
272567,-212.5273524622055
272568,-675.107959084309
272569,-579.9554364398107
272570,-713.4314157469521
272571,448.1070588052399
272572,234.8933862328612
272573,-227.68722038924216
272574,-132.534697744744
272575,-557.8502479087663
272576,603.6882266434257
272577,390.47455407104695
272578,-72.10605255105634
272579,23.046470093441826
272580,345.3117280455399
272581,1506.8502025977318
272582,1293.6365300253533
272583,831.05592340325
272584,926.2084460477481
272585,792.7324667406065
272586,1954.2709412927986
272587,1741.0572687204199
272588,1278.4766620983164
272589,1373.6291847428147
272590,948.3136345787923
272591,2109.8521091309844
272592,1896.6384365586057
272593,1434.0578299365025
272594,1529.2103525810005
272595,-215.16591026605965
272596,946.3725642861325
272597,733.1588917137537
272598,270.57828509165034
272599,365.7308077361485
272600,232.25482842900692
272601,1393.793302981199
272602,1180.5796304088203
272603,717.999023786717
272604,813.1515464312151
272605,387.8359962671928
272606,1549.374470819385
272607,1336.1607982470061
272608,873.5801916249028
272609,968.732714269401
272610,-325.7622106876313
272611,835.7762638645607
272612,622.562591292182
272613,159.98198467007865
272614,255.1345073145768
272615,121.65852800743528
272616,1283.1970025596274
272617,1069.9833299872487
272618,607.4027233651452
272619,702.5552460096435
272620,277.2396958456211
272621,1438.7781703978133
272622,1225.5644978254345
272623,762.9838912033312
272624,858.1364138478293
272625,-317.68887274635495
272626,843.849601805837
272627,630.6359292334583
272628,168.055322611355
272629,263.20784525585316
272630,129.73186594871163
272631,1291.2703405009036
272632,1078.0566679285248
272633,615.4760613064216
272634,710.6285839509197
272635,285.31303378689745
272636,1446.8515083390894
272637,1233.6378357667109
272638,771.0572291446074
272639,866.2097517891057
272640,-523.6205610679592
272641,637.9179134842327
272642,424.7042409118541
272643,-37.876365710249274
272644,57.27615693424889
272645,-76.19982237289275
272646,1085.3386521792993
272647,872.1249796069205
272648,409.5443729848172
272649,504.69689562931535
272650,79.38134546529307
272651,1240.919820017485
272652,1027.7061474451064
272653,565.1255408230031
272654,660.2780634675013
272655,-1148.512905968743
272656,13.025568583449058
272657,-200.1881039889297
272658,-662.7687106110332
272659,-567.6161879665349
272660,-701.0921672736765
272661,460.44630727851563
272662,247.23263470613693
272663,-215.34797191596635
272664,-120.1954492714683
272665,-545.5109994354905
272666,616.0274751167015
272667,402.8138025443228
272668,-59.76680407778065
272669,35.385718566717514
272670,357.65097651881564
272671,1519.1894510710076
272672,1305.975778498629
272673,843.3951718765256
272674,938.5476945210239
272675,805.0717152138823
272676,1966.6101897660744
272677,1753.3965171936957
272678,1290.8159105715922
272679,1385.9684332160905
272680,960.6528830520681
272681,2122.1913576042602
272682,1908.9776850318815
272683,1446.3970784097783
272684,1541.5496010542763
272685,-202.82666179278385
272686,958.7118127594083
272687,745.4981401870295
272688,282.91753356492615
272689,378.0700562094243
272690,244.59407690228278
272691,1406.1325514544747
272692,1192.9188788820961
272693,730.3382722599928
272694,825.4907949044909
272695,400.17524474046866
272696,1561.7137192926607
272697,1348.5000467202822
272698,885.9194400981786
272699,981.0719627426768
272700,-313.4229622143555
272701,848.1155123378365
272702,634.9018397654578
272703,172.32123314335445
272704,267.4737557878526
272705,133.99777648071108
272706,1295.5362510329032
272707,1082.3225784605245
272708,619.741971838421
272709,714.8944944829193
272710,289.578944318897
272711,1451.1174188710888
272712,1237.9037462987103
272713,775.323139676607
272714,870.4756623211051
272715,-305.34962427307914
272716,856.1888502791128
272717,642.9751777067341
272718,180.3945710846308
272719,275.5470937291289
272720,142.07111442198743
272721,1303.6095889741796
272722,1090.3959164018006
272723,627.8153097796974
272724,722.9678324241955
272725,297.65228226017337
272726,1459.1907568123652
272727,1245.9770842399867
272728,783.3964776178832
272729,878.5490002623815
272730,-511.2813125946834
272731,650.2571619575085
272732,437.04348938512976
272733,-25.537117236973472
272734,69.61540540752469
272735,-63.86057389961684
272736,1097.677900652575
272737,884.4642280801963
272738,421.88362145809305
272739,517.0361441025912
272740,91.72059393856898
272741,1253.259068490761
272742,1040.0453959183824
272743,577.4647892962789
272744,672.6173119407771
272745,-1136.173657495467
272746,25.36481705672486
272747,-187.84885551565378
272748,-650.4294621377571
272749,-555.2769394932591
272750,-688.7529188004005
272751,472.78555575179143
272752,259.5718831794128
272753,-203.00872344269055
272754,-107.85620079819239
272755,-533.1717509622147
272756,628.3667235899773
272757,415.1530510175986
272758,-47.42755560450473
272759,47.72496703999343
272760,369.9902249920915
272761,1531.5286995442834
272762,1318.315026971905
272763,855.7344203498016
272764,950.8869429942996
272765,817.4109636871581
272766,1978.9494382393502
272767,1765.7357656669715
272768,1303.1551590448682
272769,1398.3076816893663
272770,972.992131525344
272771,2134.5306060775356
272772,1921.3169335051573
272773,1458.736326883054
272774,1553.888849527552
272775,-190.48741331950805
272776,971.051061232684
272777,757.8373886603052
272778,295.2567820382019
272779,390.4093046827001
272780,256.9333253755585
272781,1418.4717999277507
272782,1205.258127355372
272783,742.6775207332686
272784,837.8300433777667
272785,412.51449321374446
272786,1574.0529677659365
272787,1360.8392951935577
272788,898.2586885714544
272789,993.4112112159526
272790,-301.0837137410797
272791,860.4547608111124
272792,647.2410882387336
272793,184.66048161663025
272794,279.8130042611284
272795,146.33702495398688
272796,1307.875499506179
272797,1094.6618269338003
272798,632.0812203116968
272799,727.233742956195
272800,301.91819279217276
272801,1463.4566673443649
272802,1250.242994771986
272803,787.6623881498828
272804,882.8149107943809
272805,-293.01037579980334
272806,868.5280987523887
272807,655.31442618001
272808,192.7338195579066
272809,287.88634220240476
272810,154.41036289526323
272811,1315.9488374474554
272812,1102.7351648750764
272813,640.1545582529732
272814,735.3070808974713
272815,309.9915307334491
272816,1471.5300052856412
272817,1258.3163327132625
272818,795.735726091159
272819,890.8882487356573
272820,-498.9420641214076
272821,662.5964104307843
272822,449.3827378584056
272823,-13.19786876369767
272824,81.95465388080049
272825,-51.52132542634115
272826,1110.017149125851
272827,896.8034765534721
272828,434.2228699313688
272829,529.375392575867
272830,104.05984241184478
272831,1265.5983169640367
272832,1052.384644391658
272833,589.8040377695547
272834,684.9565604140528
272835,-1123.8344090221915
272836,37.70406553000066
272837,-175.5096070423781
272838,-638.0902136644816
272839,-542.9376910199833
272840,-676.4136703271247
272841,485.1248042250673
272842,271.9111316526886
272843,-190.66947496941475
272844,-95.51695232491659
272845,-520.8325024889389
272846,640.7059720632531
272847,427.49229949087436
272848,-35.08830713122893
272849,60.06421551326923
272850,382.3294734653673
272851,1543.8679480175592
272852,1330.6542754451807
272853,868.0736688230774
272854,963.2261914675754
272855,829.7502121604339
272856,1991.288686712626
272857,1778.075014140247
272858,1315.4944075181438
272859,1410.646930162642
272860,985.3313799986197
272861,2146.869854550812
272862,1933.656181978433
272863,1471.0755753563299
272864,1566.228098000828
272865,-178.14816484623225
272866,983.3903097059598
272867,770.1766371335812
272868,307.59603051147775
272869,402.7485531559759
272870,269.2725738488343
272871,1430.8110484010265
272872,1217.5973758286477
272873,755.0167692065444
272874,850.1692918510425
272875,424.8537416870202
272876,1586.3922162392123
272877,1373.1785436668335
272878,910.5979370447302
272879,1005.7504596892284
272880,-212.21236026907684
272881,949.3261142831152
272882,736.1124417107364
272883,273.53183508863316
272884,368.6843577331313
272885,235.20837842598974
272886,1396.7468529781818
272887,1183.533180405803
272888,720.9525737836997
272889,816.105096428198
272890,390.7895462641756
272891,1552.3280208163676
272892,1339.1143482439888
272893,876.5337416218856
272894,971.6862642663838
272895,-204.1390223278005
272896,957.3994522243916
272897,744.1857796520128
272898,281.60517302990945
272899,376.7576956744076
272900,243.28171636726609
272901,1404.8201909194581
272902,1191.6065183470794
272903,729.025911724976
272904,824.1784343694742
272905,398.86288420545196
272906,1560.4013587576437
272907,1347.1876861852652
272908,884.607079563162
272909,979.75960220766
272910,-410.0707106494049
272911,751.4677639027872
272912,538.2540913304085
272913,75.67348470830518
272914,170.82600735280334
272915,37.3500280456617
272916,1198.8885025978539
272917,985.674830025475
272918,523.0942234033716
272919,618.2467460478699
272920,192.93119588384752
272921,1354.4696704360395
272922,1141.255997863661
272923,678.6753912415575
272924,773.8279138860557
272925,-1034.9630555501885
272926,126.57541900200351
272927,-86.63825357037524
272928,-549.2188601924786
272929,-454.0663375479803
272930,-587.542316855122
272931,573.9961576970701
272932,360.78248512469145
272933,-101.79812149741201
272934,-6.645598852913849
272935,-431.96114901693613
272936,729.5773255352559
272937,516.3636529628773
272938,53.78304634077381
272939,148.93556898527197
272940,471.20082693737015
272941,1632.7393014895622
272942,1419.5256289171834
272943,956.9450222950802
272944,1052.0975449395783
272945,918.6215656324367
272946,2080.160040184629
272947,1866.9463676122502
272948,1404.3657609901468
272949,1499.5182836346448
272950,1074.2027334706227
272951,2235.7412080228146
272952,2022.5275354504358
272953,1559.9469288283326
272954,1655.0994514728309
272955,-89.27681137422928
272956,1072.2616631779626
272957,859.0479906055839
272958,396.46738398348066
272959,491.6199066279788
272960,358.14392732083724
272961,1519.6824018730292
272962,1306.4687293006505
272963,843.8881226785472
272964,939.0406453230454
272965,513.7250951590231
272966,1675.263569711215
272967,1462.0498971388365
272968,999.469290516733
272969,1094.6218131612313
272970,-199.87311179580092
272971,961.665362756391
272972,748.4516901840123
272973,285.87108356190896
272974,381.0236062064071
272975,247.5476268992656
272976,1409.0861014514576
272977,1195.8724288790788
272978,733.2918222569755
272979,828.4443449014738
272980,403.12879473745147
272981,1564.6672692896436
272982,1351.4535967172646
272983,888.8729900951614
272984,984.0255127396596
272985,-191.7997738545248
272986,969.7387006976674
272987,756.5250281252885
272988,293.94442150318525
272989,389.0969441476834
272990,255.62096484054183
272991,1417.159439392734
272992,1203.9457668203552
272993,741.3651601982518
272994,836.51768284275
272995,411.2021326787277
272996,1572.7406072309197
272997,1359.526934658541
272998,896.9463280364376
272999,992.0988506809358
273000,-397.73146217612907
273001,763.807012376063
273002,550.5933398036842
273003,88.01273318158087
273004,183.16525582607915
273005,49.68927651893762
273006,1211.2277510711297
273007,998.0140784987508
273008,535.4334718766474
273009,630.5859945211456
273010,205.27044435712344
273011,1366.8089189093153
273012,1153.5952463369367
273013,691.0146397148333
273014,786.1671623593315
273015,-1022.6238070769127
273016,138.91466747527932
273017,-74.29900509709944
273018,-536.8796117192028
273019,-441.72708907470474
273020,-575.2030683818459
273021,586.3354061703459
273022,373.12173359796725
273023,-89.4588730241361
273024,5.693649620362066
273025,-419.62190054366033
273026,741.9165740085317
273027,528.7029014361531
273028,66.12229481404961
273029,161.2748174585479
273030,483.540075410646
273031,1645.078549962838
273032,1431.8648773904592
273033,969.284270768356
273034,1064.436793412854
273035,930.9608141057126
273036,2092.499288657905
273037,1879.2856160855258
273038,1416.7050094634228
273039,1511.8575321079206
273040,1086.5419819438985
273041,2248.080456496091
273042,2034.8667839237116
273043,1572.2861773016084
273044,1667.4386999461067
273045,-76.9375629009536
273046,1084.6009116512384
273047,871.3872390788597
273048,408.8066324567564
273049,503.95915510125457
273050,370.483175794113
273051,1532.021650346305
273052,1318.8079777739263
273053,856.227371151823
273054,951.3798937963212
273055,526.0643436322989
273056,1687.6028181844908
273057,1474.3891456121123
273058,1011.8085389900089
273059,1106.9610616345071
273060,-350.4322431987646
273061,811.1062313534276
273062,597.8925587810488
273063,135.31195215894547
273064,230.46447480344364
273065,96.98849549630211
273066,1258.5269700484941
273067,1045.3132974761154
273068,582.732690854012
273069,677.8852134985102
273070,252.56966333448804
273071,1414.1081378866802
273072,1200.8944653143012
273073,738.313858692198
273074,833.4663813366961
273075,-342.35890525748823
273076,819.1795692947039
273077,605.9658967223252
273078,143.3852901002217
273079,238.53781274472
273080,105.06183343757846
273081,1266.6003079897705
273082,1053.3866354173917
273083,590.8060287952884
273084,685.9585514397866
273085,260.6430012757644
273086,1422.1814758279565
273087,1208.9678032555776
273088,746.3871966334742
273089,841.5397192779724
273090,-548.2905935790925
273091,613.2478809730995
273092,400.03420840072084
273093,-62.54639822138245
273094,32.606124423115716
273095,-100.86985488402593
273096,1060.6686196681662
273097,847.4549470957874
273098,384.874340473684
273099,480.0268631181822
273100,54.71131295416001
273101,1216.2497875063518
273102,1003.0361149339733
273103,540.4555083118698
273104,635.6080309563681
273105,-1173.1829384798762
273106,-11.644463927684114
273107,-224.85813650006287
273108,-687.4387431221662
273109,-592.2862204776682
273110,-725.7621997848094
273111,435.7762747673825
273112,222.56260219500382
273113,-240.01800442709953
273114,-144.86548178260136
273115,-570.1810319466238
273116,591.3574426055683
273117,378.1437700331896
273118,-84.4368365889137
273119,10.715686055584456
273120,332.9809440076825
273121,1494.5194185598746
273122,1281.3057459874958
273123,818.7251393653926
273124,913.8776620098906
273125,780.4016827027491
273126,1941.9401572549411
273127,1728.7264846825624
273128,1266.1458780604592
273129,1361.2984007049572
273130,935.982850540935
273131,2097.5213250931274
273132,1884.3076525207482
273133,1421.727045898645
273134,1516.8795685431433
273135,-227.49669430391702
273136,934.041780248275
273137,720.8281076758963
273138,258.2475010537929
273139,353.40002369829114
273140,219.92404439114955
273141,1381.4625189433416
273142,1168.2488463709628
273143,705.6682397488596
273144,800.8207623933578
273145,375.5052122293355
273146,1537.0436867815274
273147,1323.8300142091489
273148,861.2494075870454
273149,956.4019302315436
273150,-338.0929947254888
273151,823.4454798267034
273152,610.2318072543246
273153,147.65120063222128
273154,242.80372327671944
273155,109.32774396957791
273156,1270.86621852177
273157,1057.6525459493912
273158,595.0719393272879
273159,690.224461971786
273160,264.90891180776373
273161,1426.4473863599558
273162,1213.233713787577
273163,750.6531071654738
273164,845.805629809972
273165,-330.01965678421243
273166,831.5188177679796
273167,618.305145195601
273168,155.7245385734975
273169,250.87706121799573
273170,117.40108191085426
273171,1278.9395564630463
273172,1065.7258838906675
273173,603.1452772685642
273174,698.2977999130624
273175,272.9822497490401
273176,1434.5207243012321
273177,1221.3070517288534
273178,758.72644510675
273179,853.8789677512482
273180,-535.9513451058167
273181,625.5871294463753
273182,412.37345687399664
273183,-50.207149748106644
273184,44.94537289639152
273185,-88.53060641075012
273186,1073.0078681414418
273187,859.7941955690632
273188,397.2135889469598
273189,492.366111591458
273190,67.0505614274357
273191,1228.5890359796276
273192,1015.375363407249
273193,552.7947567851456
273194,647.9472794296438
273195,-1160.8436900066006
273196,0.6947845455916877
273197,-212.51888802678707
273198,-675.0994946488906
273199,-579.9469720043924
273200,-713.4229513115338
273201,448.1155232406582
273202,234.9018506682795
273203,-227.67875595382384
273204,-132.52623330932568
273205,-557.841783473348
273206,603.696691078844
273207,390.4830185064654
273208,-72.09758811563802
273209,23.054934528860144
273210,345.32019248095827
273211,1506.8586670331501
273212,1293.6449944607716
273213,831.0643878386684
273214,926.2169104831664
273215,792.7409311760249
273216,1954.279405728217
273217,1741.0657331558382
273218,1278.485126533735
273219,1373.637649178233
273220,948.3220990142107
273221,2109.8605735664028
273222,1896.646900994024
273223,1434.0662943719208
273224,1529.218817016419
273225,-215.15744583064134
273226,946.3810287215508
273227,733.1673561491721
273228,270.5867495270687
273229,365.7392721715669
273230,232.26329286442535
273231,1393.8017674166174
273232,1180.5880948442386
273233,718.0074882221354
273234,813.1600108666336
273235,387.8444607026112
273236,1549.3829352548032
273237,1336.1692626824247
273238,873.5886560603212
273239,968.7411787048194
273240,-325.753746252213
273241,835.7847282999791
273242,622.5710557276004
273243,159.99044910549708
273244,255.14297174999518
273245,121.6669924428536
273246,1283.2054669950458
273247,1069.991794422667
273248,607.4111878005637
273249,702.5637104450618
273250,277.24816028103953
273251,1438.7866348332316
273252,1225.5729622608528
273253,762.9923556387496
273254,858.1448782832477
273255,-317.6804083109366
273256,843.8580662412554
273257,630.6443936688767
273258,168.0637870467733
273259,263.2163096912715
273260,129.74033038412995
273261,1291.278804936322
273262,1078.0651323639433
273263,615.48452574184
273264,710.6370483863382
273265,285.3214982223159
273266,1446.8599727745077
273267,1233.6463002021292
273268,771.0656935800258
273269,866.218216224524
273270,-523.6120966325409
273271,637.926377919651
273272,424.7127053472724
273273,-37.867901274830956
273274,57.28462136966721
273275,-76.19135793747432
273276,1085.3471166147176
273277,872.133444042339
273278,409.5528374202356
273279,504.7053600647338
273280,79.3898099007115
273281,1240.9282844529037
273282,1027.714611880525
273283,565.1340052584214
273284,660.2865279029196
273285,-1148.5044415333246
273286,13.034033018867376
273287,-200.17963955351127
273288,-662.7602461756146
273289,-567.6077235311163
273290,-701.083702838258
273291,460.45477171393406
273292,247.24109914155537
273293,-215.33950748054804
273294,-120.18698483604976
273295,-545.5025350000722
273296,616.0359395521199
273297,402.8222669797412
273298,-59.758339642362216
273299,35.39418300213595
273300,357.659440954234
273301,1519.1979155064262
273302,1305.9842429340474
273303,843.4036363119441
273304,938.5561589564422
273305,805.0801796493006
273306,1966.6186542014927
273307,1753.404981629114
273308,1290.8243750070108
273309,1385.9768976515088
273310,960.6613474874865
273311,2122.1998220396786
273312,1908.9861494672998
273313,1446.4055428451966
273314,1541.5580654896949
273315,-202.81819735736542
273316,958.7202771948266
273317,745.5066046224479
273318,282.9259980003445
273319,378.0785206448427
273320,244.60254133770115
273321,1406.1410158898932
273322,1192.9273433175144
273323,730.3467366954112
273324,825.4992593399094
273325,400.1837091758871
273326,1561.722183728079
273327,1348.5085111557005
273328,885.927904533597
273329,981.0804271780952
273330,-313.4144977789372
273331,848.123976773255
273332,634.9103042008762
273333,172.32969757877288
273334,267.48222022327104
273335,134.0062409161295
273336,1295.5447154683216
273337,1082.3310428959428
273338,619.7504362738395
273339,714.9029589183376
273340,289.58740875431545
273341,1451.1258833065076
273342,1237.9122107341286
273343,775.3316041120254
273344,870.4841267565236
273345,-305.3411598376608
273346,856.1973147145312
273347,642.9836421421526
273348,180.40303552004912
273349,275.55555816454734
273350,142.07957885740586
273351,1303.618053409598
273352,1090.4043808372192
273353,627.8237742151158
273354,722.976296859614
273355,297.6607466955918
273356,1459.199221247784
273357,1245.985548675405
273358,783.4049420533016
273359,878.5574646977998
273360,-511.2728481592651
273361,650.265626392927
273362,437.0519538205482
273363,-25.528652801555154
273364,69.62386984294312
273365,-63.85210946419852
273366,1097.6863650879936
273367,884.4726925156148
273368,421.8920858935114
273369,517.0446085380096
273370,91.72905837398741
273371,1253.2675329261792
273372,1040.0538603538007
273373,577.4732537316972
273374,672.6257763761955
273375,-1136.1651930600488
273376,25.373281492143292
273377,-187.84039108023546
273378,-650.4209977023388
273379,-555.2684750578408
273380,-688.744454364982
273381,472.79402018720987
273382,259.5803476148312
273383,-203.00025900727212
273384,-107.84773636277396
273385,-533.1632865267964
273386,628.3751880253957
273387,415.16151545301693
273388,-47.419091169086414
273389,47.73343147541186
273390,369.99868942750993
273391,1531.537163979702
273392,1318.3234914073232
273393,855.74288478522
273394,950.895407429718
273395,817.4194281225765
273396,1978.9579026747685
273397,1765.7442301023898
273398,1303.1636234802866
273399,1398.3161461247846
273400,973.0005959607624
273401,2134.539070512955
273402,1921.3253979405756
273403,1458.7447913184724
273404,1553.8973139629707
273405,-190.47894888408962
273406,971.0595256681024
273407,757.8458530957237
273408,295.2652464736203
273409,390.41776911811854
273410,256.94178981097696
273411,1418.480264363169
273412,1205.2665917907902
273413,742.685985168687
273414,837.8385078131852
273415,412.5229576491629
273416,1574.0614322013548
273417,1360.8477596289763
273418,898.2671530068728
273419,993.419675651371
273420,-301.0752493056614
273421,860.4632252465308
273422,647.249552674152
273423,184.66894605204868
273424,279.82146869654684
273425,146.34548938940532
273426,1307.8839639415974
273427,1094.6702913692186
273428,632.0896847471153
273429,727.2422073916134
273430,301.92665722759114
273431,1463.4651317797832
273432,1250.2514592074044
273433,787.6708525853012
273434,882.8233752297992
273435,-293.001911364385
273436,868.536563187807
273437,655.3228906154283
273438,192.74228399332492
273439,287.89480663782314
273440,154.41882733068167
273441,1315.9573018828737
273442,1102.743629310495
273443,640.1630226883916
273444,735.3155453328898
273445,309.9999951688675
273446,1471.5384697210595
273447,1258.3247971486808
273448,795.7441905265774
273449,890.8967131710756
273450,-498.9335996859893
273451,662.6048748662027
273452,449.39120229382405
273453,-13.189404328279238
273454,81.96311831621892
273455,-51.51286099092272
273456,1110.0256135612692
273457,896.8119409888906
273458,434.2313343667872
273459,529.3838570112854
273460,104.0683068472631
273461,1265.606781399455
273462,1052.3931088270765
273463,589.812502204973
273464,684.9650248494712
273465,-1123.8259445867727
273466,37.712529965419094
273467,-175.50114260695966
273468,-638.0817492290628
273469,-542.9292265845647
273470,-676.4052058917064
273471,485.1332686604856
273472,271.9195960881069
273473,-190.66101053399643
273474,-95.50848788949827
273475,-520.8240380535206
273476,640.7144364986714
273477,427.5007639262928
273478,-35.07984269581061
273479,60.07267994868755
273480,382.3379379007857
273481,1543.8764124529775
273482,1330.662739880599
273483,868.0821332584958
273484,963.2346559029938
273485,829.7586765958523
273486,1991.2971511480443
273487,1778.0834785756656
273488,1315.5028719535624
273489,1410.6553945980604
273490,985.3398444340381
273491,2146.87831898623
273492,1933.6646464138514
273493,1471.0840397917482
273494,1566.2365624362462
273495,-178.13970041081393
273496,983.3987741413782
273497,770.1851015689995
273498,307.6044949468961
273499,402.7570175913943
273500,269.28103828425276
273501,1430.8195128364448
273502,1217.605840264066
273503,755.0252336419628
273504,850.177756286461
273505,424.8622061224386
273506,1586.4006806746306
273507,1373.187008102252
273508,910.6064014801486
273509,1005.7589241246468
273510,-212.2038958336584
273511,949.3345787185335
273512,736.1209061461548
273513,273.54029952405153
273514,368.6928221685497
273515,235.21684286140817
273516,1396.7553174136
273517,1183.5416448412216
273518,720.9610382191181
273519,816.1135608636164
273520,390.798010699594
273521,1552.3364852517861
273522,1339.1228126794074
273523,876.5422060573039
273524,971.6947287018022
273525,-204.13055789238206
273526,957.4079166598099
273527,744.1942440874311
273528,281.6136374653278
273529,376.766160109826
273530,243.29018080268452
273531,1404.8286553548764
273532,1191.614982782498
273533,729.0343761603945
273534,824.1868988048926
273535,398.87134864087034
273536,1560.4098231930625
273537,1347.1961506206835
273538,884.6155439985803
273539,979.7680666430784
273540,-410.06224621398655
273541,751.4762283382056
273542,538.2625557658268
273543,75.6819491437235
273544,170.83447178822166
273545,37.358492481080134
273546,1198.8969670332722
273547,985.6832944608934
273548,523.1026878387901
273549,618.2552104832882
273550,192.93966031926595
273551,1354.4781348714578
273552,1141.2644622990792
273553,678.6838556769759
273554,773.8363783214741
273555,-1034.9545911147702
273556,126.58388343742183
273557,-86.62978913495692
273558,-549.2103957570603
273559,-454.057873112562
273560,-587.5338524197034
273561,574.0046221324885
273562,360.79094956010977
273563,-101.78965706199358
273564,-6.637134417495417
273565,-431.9526845815178
273566,729.5857899706743
273567,516.3721173982956
273568,53.79151077619224
273569,148.9440334206904
273570,471.2092913727885
273571,1632.7477659249807
273572,1419.5340933526018
273573,956.9534867304985
273574,1052.1060093749968
273575,918.6300300678552
273576,2080.1685046200473
273577,1866.9548320476686
273578,1404.3742254255653
273579,1499.5267480700634
273580,1074.211197906041
273581,2235.7496724582334
273582,2022.5359998858544
273583,1559.955393263751
273584,1655.1079159082492
273585,-89.26834693881096
273586,1072.2701276133812
273587,859.0564550410023
273588,396.47584841889903
273589,491.6283710633972
273590,358.15239175625567
273591,1519.6908663084478
273592,1306.477193736069
273593,843.8965871139657
273594,939.0491097584638
273595,513.7335595944414
273596,1675.2720341466336
273597,1462.0583615742548
273598,999.4777549521515
273599,1094.6302775966496
273600,-199.8646473603826
273601,961.6738271918094
273602,748.4601546194307
273603,285.8795479973274
273604,381.03207064182556
273605,247.55609133468403
273606,1409.094565886876
273607,1195.8808933144974
273608,733.3002866923939
273609,828.4528093368921
273610,403.13725917286985
273611,1564.675733725062
273612,1351.4620611526832
273613,888.8814545305797
273614,984.0339771750779
273615,-191.79130941910626
273616,969.7471651330857
273617,756.5334925607069
273618,293.9528859386037
273619,389.10540858310185
273620,255.62942927596026
273621,1417.1679038281522
273622,1203.9542312557735
273623,741.3736246336703
273624,836.5261472781684
273625,411.2105971141461
273626,1572.749071666338
273627,1359.5353990939593
273628,896.9547924718561
273629,992.1073151163542
273630,-397.7229977407105
273631,763.8154768114814
273632,550.6018042391026
273633,88.02119761699942
273634,183.17372026149758
273635,49.69774095435605
273636,1211.236215506548
273637,998.0225429341692
273638,535.4419363120659
273639,630.594458956564
273640,205.27890879254187
273641,1366.817383344734
273642,1153.603710772355
273643,691.0231041502517
273644,786.1756267947499
273645,-1022.6153426414942
273646,138.92313191069775
273647,-74.2905406616809
273648,-536.8711472837842
273649,-441.7186246392862
273650,-575.1946039464276
273651,586.3438706057643
273652,373.13019803338557
273653,-89.45040858871766
273654,5.702114055780498
273655,-419.6134361082418
273656,741.9250384439501
273657,528.7113658715714
273658,66.13075924946816
273659,161.28328189396632
273660,483.54853984606444
273661,1645.0870143982565
273662,1431.8733418258776
273663,969.2927352037743
273664,1064.4452578482726
273665,930.969278541131
273666,2092.507753093323
273667,1879.2940805209444
273668,1416.7134738988411
273669,1511.865996543339
273670,1086.5504463793168
273671,2248.088920931509
273672,2034.8752483591302
273673,1572.2946417370267
273674,1667.447164381525
273675,-76.92909846553516
273676,1084.609376086657
273677,871.3957035142781
273678,408.81509689217484
273679,503.967619536673
273680,370.4916402295314
273681,1532.0301147817236
273682,1318.8164422093446
273683,856.2358355872415
273684,951.3883582317396
273685,526.0728080677172
273686,1687.6112826199092
273687,1474.3976100475306
273688,1011.8170034254272
273689,1106.9695260699255
273690,-350.42377876334604
273691,811.1146957888459
273692,597.9010232164671
273693,135.3204165943639
273694,230.47293923886207
273695,96.99695993172054
273696,1258.5354344839125
273697,1045.321761911534
273698,582.7411552894305
273699,677.8936779339286
273700,252.57812776990642
273701,1414.1166023220985
273702,1200.9029297497198
273703,738.3223231276164
273704,833.4748457721146
273705,-342.3504408220697
273706,819.1880337301222
273707,605.9743611577435
273708,143.39375453564014
273709,238.5462771801383
273710,105.07029787299689
273711,1266.6087724251888
273712,1053.3950998528103
273713,590.8144932307068
273714,685.967015875205
273715,260.65146571118277
273716,1422.1899402633749
273717,1208.9762676909959
273718,746.3956610688927
273719,841.5481837133908
273720,-548.282129143674
273721,613.256345408518
273722,400.0426728361393
273723,-62.537933785964015
273724,32.61458885853415
273725,-100.8613904486075
273726,1060.6770841035845
273727,847.4634115312058
273728,384.88280490910245
273729,480.0353275536006
273730,54.71977738957844
273731,1216.2582519417704
273732,1003.0445793693916
273733,540.4639727472883
273734,635.6164953917864
273735,-1173.1744740444578
273736,-11.635999492265682
273737,-224.84967206464444
273738,-687.4302786867479
273739,-592.2777560422498
273740,-725.753735349391
273741,435.78473920280084
273742,222.57106663042214
273743,-240.0095399916812
273744,-144.85701734718305
273745,-570.1725675112054
273746,591.3659070409866
273747,378.152234468608
273748,-84.42837215349539
273749,10.724150491002774
273750,332.9894084431009
273751,1494.5278829952929
273752,1281.3142104229141
273753,818.7336038008109
273754,913.886126445309
273755,780.4101471381675
273756,1941.9486216903595
273757,1728.7349491179807
273758,1266.1543424958777
273759,1361.3068651403755
273760,935.9913149763534
273761,2097.5297895285457
273762,1884.3161169561668
273763,1421.7355103340633
273764,1516.8880329785616
273765,-227.4882298684986
273766,934.0502446836933
273767,720.8365721113147
273768,258.25596548921135
273769,353.4084881337095
273770,219.93250882656798
273771,1381.47098337876
273772,1168.2573108063814
273773,705.6767041842779
273774,800.8292268287762
273775,375.51367666475386
273776,1537.0521512169457
273777,1323.8384786445672
273778,861.2578720224639
273779,956.410394666962
273780,-339.0682851411625
273781,822.4701894110295
273782,609.2565168386508
273783,146.67591021654744
273784,241.8284328610456
273785,108.35245355390407
273786,1269.890928106096
273787,1056.6772555337175
273788,594.096648911614
273789,689.2491715561122
273790,263.93362139209
273791,1425.472095944282
273792,1212.2584233719033
273793,749.6778167498
273794,844.8303393942981
273795,-330.9949471998864
273796,830.5435273523058
273797,617.329854779927
273798,154.74924815782379
273799,249.9017708023219
273800,116.4257914951803
273801,1277.9642660473723
273802,1064.7505934749938
273803,602.1699868528904
273804,697.3225094973885
273805,272.00695933336624
273806,1433.5454338855584
273807,1220.3317613131794
273808,757.7511546910762
273809,852.9036773355743
273810,-536.9266355214907
273811,624.6118390307015
273812,411.39816645832275
273813,-51.182440163780484
273814,43.97008248071768
273815,-89.50589682642408
273816,1072.032577725768
273817,858.8189051533893
273818,396.238298531286
273819,491.39082117578414
273820,66.07527101176186
273821,1227.6137455639541
273822,1014.4000729915753
273823,551.8194663694718
273824,646.97198901397
273825,-1161.818980422274
273826,-0.2805058700821519
273827,-213.4941784424608
273828,-676.0747850645641
273829,-580.9222624200661
273830,-714.3982417272075
273831,447.1402328249845
273832,233.92656025260578
273833,-228.65404636949756
273834,-133.5015237249994
273835,-558.8170738890219
273836,602.7214006631702
273837,389.5077280907915
273838,-73.07287853131174
273839,22.07964411318642
273840,344.3449020652845
273841,1505.8833766174766
273842,1292.669704045098
273843,830.0890974229944
273844,925.2416200674927
273845,791.7656407603511
273846,1953.304115312543
273847,1740.0904427401642
273848,1277.5098361180612
273849,1372.6623587625593
273850,947.346808598537
273851,2108.8852831507293
273852,1895.6716105783503
273853,1433.0910039562468
273854,1528.243526600745
273855,-216.13273624631506
273856,945.405738305877
273857,732.1920657334982
273858,269.6114591113949
273859,364.76398175589304
273860,231.2880024487515
273861,1392.8264770009437
273862,1179.612804428565
273863,717.0321978064616
273864,812.1847204509597
273865,386.86917028693745
273866,1548.4076448391293
273867,1335.1939722667507
273868,872.6133656446474
273869,967.7658882891456
273870,-326.72903666788693
273871,834.8094378843052
273872,621.5957653119266
273873,159.01515868982324
273874,254.1676813343214
273875,120.69170202717987
273876,1282.2301765793718
273877,1069.0165040069933
273878,606.4358973848898
273879,701.588420029388
273880,276.27286986536564
273881,1437.8113444175578
273882,1224.597671845179
273883,762.0170652230757
273884,857.1695878675739
273885,-318.6556987266106
273886,842.8827758255816
273887,629.6691032532028
273888,167.08849663109947
273889,262.2410192755977
273890,128.7650399684561
273891,1290.3035145206482
273892,1077.0898419482696
273893,614.5092353261662
273894,709.6617579706643
273895,284.346207806642
273896,1445.8846823588342
273897,1232.6710097864554
273898,770.090403164352
273899,865.2429258088501
273900,-524.5873870482149
273901,636.9510875039773
273902,423.7374149315986
273903,-38.84319169050468
273904,56.30933095399348
273905,-77.16664835314828
273906,1084.3718261990439
273907,871.1581536266651
273908,408.5775470045618
273909,503.73006964905994
273910,78.41451948503754
273911,1239.9529940372297
273912,1026.739321464851
273913,564.1587148427476
273914,659.3112374872458
273915,-1149.4797319489985
273916,12.05874260319365
273917,-201.1549299691851
273918,-663.7355365912886
273919,-568.5830139467903
273920,-702.0589932539319
273921,459.4794812982603
273922,246.26580872588147
273923,-216.31479789622188
273924,-121.16227525172371
273925,-546.4778254157461
273926,615.060649136446
273927,401.84697656406735
273928,-60.733630058036056
273929,34.41889258646211
273930,356.68415053856023
273931,1518.2226250907524
273932,1305.0089525183737
273933,842.4283458962702
273934,937.5808685407685
273935,804.1048892336269
273936,1965.643363785819
273937,1752.4296912134403
273938,1289.849084591337
273939,1385.001607235835
273940,959.6860570718127
273941,2121.224531624005
273942,1908.010859051626
273943,1445.4302524295229
273944,1540.582775074021
273945,-203.79348777303926
273946,957.7449867791528
273947,744.531314206774
273948,281.9507075846707
273949,377.10323022916884
273950,243.62725092202737
273951,1405.1657254742195
273952,1191.9520529018407
273953,729.3714462797374
273954,824.5239689242355
273955,399.2084187602132
273956,1560.7468933124055
273957,1347.5332207400265
273958,884.9526141179232
273959,980.1051367624214
273960,-314.3897881946111
273961,847.1486863575811
273962,633.9350137852024
273963,171.35440716309904
273964,266.50692980759715
273965,133.0309505004558
273966,1294.5694250526476
273967,1081.355752480269
273968,618.7751458581656
273969,713.9276685026638
273970,288.6121183386415
273971,1450.1505928908337
273972,1236.936920318455
273973,774.3563136963514
273974,869.5088363408497
273975,-306.3164502533348
273976,855.2220242988574
273977,642.0083517264786
273978,179.42774510437528
273979,274.58026774887344
273980,141.10428844173202
273981,1302.642762993924
273982,1089.4290904215454
273983,626.848483799442
273984,722.0010064439401
273985,296.68545627991784
273986,1458.22393083211
273987,1245.010258259731
273988,782.4296516376278
273989,877.582174282126
273990,-512.248138574939
273991,649.2903359772531
273992,436.07666340487435
273993,-26.503943217228993
273994,68.64857942726917
273995,-64.82739987987247
273996,1096.7110746723197
273997,883.4974020999409
273998,420.9167954778376
273999,516.0693181223357
274000,90.75376795831346
274001,1252.2922425105055
274002,1039.0785699381267
274003,576.4979633160234
274004,671.6504859605216
274005,-1137.1404834757227
274006,24.397991076469452
274007,-188.81568149590942
274008,-651.3962881180128
274009,-556.2437654735145
274010,-689.7197447806559
274011,471.818729771536
274012,258.60505719915733
274013,-203.97554942294596
274014,-108.82302677844791
274015,-534.1385769424703
274016,627.3998976097218
274017,414.18622503734315
274018,-48.394381584760254
274019,46.75814105973791
274020,369.0233990118361
274021,1530.5618735640282
274022,1317.3482009916493
274023,854.767594369546
274024,949.9201170140442
274025,816.4441377069028
274026,1977.9826122590946
274027,1764.768939686716
274028,1302.1883330646128
274029,1397.3408557091109
274030,972.0253055450886
274031,2133.563780097281
274032,1920.350107524902
274033,1457.7695009027984
274034,1552.9220235472967
274035,-191.45423929976357
274036,970.0842352524286
274037,756.8705626800498
274038,294.2899560579465
274039,389.44247870244465
274040,255.96649939530312
274041,1417.5049739474953
274042,1204.2913013751165
274043,741.7106947530132
274044,836.8632173975113
274045,411.54766723348894
274046,1573.086141785681
274047,1359.8724692133023
274048,897.291862591199
274049,992.4443852356972
274050,-302.0505397213351
274051,859.487934830857
274052,646.2742622584782
274053,183.69365563637484
274054,278.846178280873
274055,145.37019897373148
274056,1306.9086735259234
274057,1093.6950009535449
274058,631.1143943314414
274059,726.2669169759396
274060,300.9513668119174
274061,1462.4898413641095
274062,1249.2761687917307
274063,786.6955621696274
274064,881.8480848141255
274065,-293.977201780059
274066,867.5612727721332
274067,654.3476001997544
274068,191.76699357765108
274069,286.9195162221493
274070,153.4435369150077
274071,1314.9820114671998
274072,1101.7683388948212
274073,639.1877322727178
274074,734.3402549172159
274075,309.02470475319365
274076,1470.5631793053856
274077,1257.349506733007
274078,794.7689001109036
274079,889.9214227554017
274080,-499.90889010166325
274081,661.6295844505289
274082,448.41591187815015
274083,-14.164694743953078
274084,80.98782790054508
274085,-52.48815140659667
274086,1109.0503231455955
274087,895.8366505732167
274088,433.2560439511134
274089,528.4085665956115
274090,103.09301643158926
274091,1264.6314909837815
274092,1051.4178184114025
274093,588.8372117892992
274094,683.9897344337974
274095,-1124.8012350024467
274096,36.737239549745254
274097,-176.4764330226334
274098,-639.0570396447367
274099,-543.9045170002387
274100,-677.3804963073801
274101,484.15797824481183
274102,270.9443056724332
274103,-191.63630094967016
274104,-96.483778305172
274105,-521.7993284691945
274106,639.7391460829976
274107,426.52547351061895
274108,-36.05513311148434
274109,59.097389533013825
274110,381.3626474851119
274111,1542.901122037304
274112,1329.687449464925
274113,867.1068428428218
274114,962.25936548732
274115,828.7833861801785
274116,1990.3218607323704
274117,1777.1081881599919
274118,1314.5275815378884
274119,1409.6801041823865
274120,984.3645540183644
274121,2145.9030285705567
274122,1932.6893559981777
274123,1470.1087493760742
274124,1565.2612720205725
274125,-179.11499082648766
274126,982.4234837257044
274127,769.2098111533256
274128,306.6292045312223
274129,401.78172717572045
274130,268.305747868579
274131,1429.844222420771
274132,1216.6305498483923
274133,754.049943226289
274134,849.2024658707871
274135,423.88691570676485
274136,1585.4253902589567
274137,1372.2117176865781
274138,909.6311110644748
274139,1004.783633708973
274140,-213.17918624933236
274141,948.3592883028598
274142,735.145615730481
274143,272.5650091083777
274144,367.71753175287586
274145,234.24155244573433
274146,1395.7800269979264
274147,1182.5663544255476
274148,719.9857478034443
274149,815.1382704479424
274150,389.8227202839201
274151,1551.3611948361122
274152,1338.1475222637334
274153,875.5669156416302
274154,970.7194382861284
274155,-205.1058483080559
274156,956.432626244136
274157,743.2189536717573
274158,280.638347049654
274159,375.7908696941522
274160,242.31489038701068
274161,1403.8533649392027
274162,1190.639692366824
274163,728.0590857447206
274164,823.2116083892188
274165,397.89605822519655
274166,1559.4345327773885
274167,1346.2208602050098
274168,883.6402535829064
274169,978.7927762274046
274170,-411.0375366296603
274171,750.5009379225318
274172,537.2872653501531
274173,74.70665872804966
274174,169.85918137254794
274175,36.38320206540618
274176,1197.9216766175982
274177,984.7080040452196
274178,522.1273974231162
274179,617.2799200676144
274180,191.96436990359211
274181,1353.5028444557843
274182,1140.2891718834055
274183,677.708565261302
274184,772.8610879058003
274185,-1035.9298815304442
274186,125.6085930217481
274187,-87.60507955063065
274188,-550.1856861727342
274189,-455.03316352823595
274190,-588.5091428353774
274191,573.0293317168148
274192,359.815659144436
274193,-102.76494747766742
274194,-7.612424833169257
274195,-432.92797499719177
274196,728.6104995550005
274197,515.3968269826219
274198,52.8162203605184
274199,147.96874300501656
274200,470.23400095711474
274201,1631.7724755093068
274202,1418.558802936928
274203,955.9781963148248
274204,1051.130718959323
274205,917.6547396521813
274206,2079.1932142043734
274207,1865.9795416319946
274208,1403.3989350098914
274209,1498.5514576543897
274210,1073.2359074903673
274211,2234.7743820425594
274212,2021.5607094701807
274213,1558.9801028480772
274214,1654.1326254925755
274215,-90.2436373544848
274216,1071.2948371977072
274217,858.0811646253285
274218,395.5005580032252
274219,490.65308064772336
274220,357.1771013405818
274221,1518.7155758927738
274222,1305.5019033203953
274223,842.9212966982918
274224,938.07381934279
274225,512.7582691787677
274226,1674.2967437309599
274227,1461.0830711585809
274228,998.5024645364776
274229,1093.6549871809757
274230,-200.83993777605656
274231,960.6985367761356
274232,747.4848642037568
274233,284.9042575816535
274234,380.05678022615166
274235,246.58080091901024
274236,1408.1192754712022
274237,1194.9056028988234
274238,732.3249962767201
274239,827.4775189212182
274240,402.16196875719595
274241,1563.700443309388
274242,1350.4867707370092
274243,887.906164114906
274244,983.058686759404
274245,-192.7665998347802
274246,968.771874717412
274247,755.5582021450331
274248,292.97759552292973
274249,388.13011816742795
274250,254.65413886028648
274251,1416.1926134124783
274252,1202.9789408400998
274253,740.3983342179964
274254,835.5508568624946
274255,410.2353066984723
274256,1571.7737812506643
274257,1358.5601086782856
274258,895.9795020561822
274259,991.1320247006804
274260,-398.6982881563845
274261,762.8401863958076
274262,549.6265138234288
274263,87.04590720132546
274264,182.19842984582363
274265,48.7224505386821
274266,1210.2609250908743
274267,997.0472525184954
274268,534.466645896392
274269,629.6191685408902
274270,204.30361837686792
274271,1365.84209292906
274272,1152.628420356681
274273,690.0478137345779
274274,785.200336379076
274275,-1023.5906330571681
274276,137.9478414950239
274277,-75.26583107735485
274278,-537.8464376994582
274279,-442.6939150549599
274280,-576.1698943621016
274281,585.3685801900905
274282,372.1549076177118
274283,-90.42569900439162
274284,4.726823640106545
274285,-420.58872652391574
274286,740.9497480282763
274287,527.7360754558975
274288,65.1554688337942
274289,160.30799147829237
274290,482.5732494303906
274291,1644.1117239825826
274292,1430.8980514102038
274293,968.3174447881006
274294,1063.4699674325987
274295,929.9939881254572
274296,2091.532462677649
274297,1878.3187901052704
274298,1415.7381834831672
274299,1510.8907061276655
274300,1085.575155963643
274301,2247.113630515835
274302,2033.8999579434565
274303,1571.319351321353
274304,1666.471873965851
274305,-77.90438888120912
274306,1083.634085670983
274307,870.4204130986043
274308,407.83980647650094
274309,502.9923291209991
274310,369.51634981385763
274311,1531.0548243660496
274312,1317.8411517936709
274313,855.2605451715676
274314,950.4130678160658
274315,525.0975176520434
274316,1686.6359922042354
274317,1473.4223196318567
274318,1010.8417130097534
274319,1105.9942356542515
274320,-351.39906917902
274321,810.139405373172
274322,596.9257328007934
274323,134.34512617869007
274324,229.49764882318823
274325,96.0216695160467
274326,1257.5601440682387
274327,1044.34647149586
274328,581.7658648737566
274329,676.9183875182548
274330,251.60283735423252
274331,1413.1413119064246
274332,1199.9276393340458
274333,737.3470327119426
274334,832.4995553564406
274335,-343.32573123774364
274336,818.2127433144484
274337,604.9990707420698
274338,142.4184641199663
274339,237.57098676446446
274340,104.09500745732294
274341,1265.633482009515
274342,1052.4198094371363
274343,589.839202815033
274344,684.9917254595312
274345,259.67617529550887
274346,1421.214649847701
274347,1208.0009772753222
274348,745.4203706532188
274349,840.572893297717
274350,-549.2574195593479
274351,612.281054992844
274352,399.0673824204654
274353,-63.51322420163797
274354,31.63929844286031
274355,-101.83668086428145
274356,1059.7017936879106
274357,846.488121115532
274358,383.9075144934286
274359,479.06003713792677
274360,53.744486973904486
274361,1215.2829615260966
274362,1002.0692889537179
274363,539.4886823316144
274364,634.6412049761126
274365,-1174.1497644601316
274366,-12.611289907939636
274367,-225.82496248031828
274368,-688.4055691024216
274369,-593.2530464579233
274370,-726.729025765065
274371,434.80944878712705
274372,221.5957762147484
274373,-240.98483040735493
274374,-145.83230776285677
274375,-571.1478579268792
274376,590.3906166253129
274377,377.1769440529342
274378,-85.40366256916923
274379,9.748860075329048
274380,332.0141180274271
274381,1493.5525925796192
274382,1280.3389200072404
274383,817.7583133851371
274384,912.9108360296352
274385,779.4348567224937
274386,1940.9733312746857
274387,1727.759658702307
274388,1265.1790520802037
274389,1360.3315747247018
274390,935.0160245606796
274391,2096.554499112872
274392,1883.340826540493
274393,1420.7602199183896
274394,1515.9127425628876
274395,-228.46352028417243
274396,933.0749542680196
274397,719.8612816956409
274398,257.2806750735375
274399,352.4331977180357
274400,218.95721841089414
274401,1380.4956929630862
274402,1167.2820203907074
274403,704.7014137686042
274404,799.8539364131022
274405,374.5383862490801
274406,1536.076860801272
274407,1322.8631882288933
274408,860.28258160679
274409,955.4351042512882
274410,-339.0598207057442
274411,822.4786538464479
274412,609.2649812740692
274413,146.68437465196575
274414,241.83689729646397
274415,108.3609179893225
274416,1269.8993925415145
274417,1056.6857199691358
274418,594.1051133470324
274419,689.2576359915306
274420,263.9420858275084
274421,1425.4805603797004
274422,1212.2668878073216
274423,749.6862811852184
274424,844.8388038297164
274425,-330.98648276446784
274426,830.5519917877242
274427,617.3383192153455
274428,154.7577125932421
274429,249.91023523774027
274430,116.43425593059874
274431,1277.972730482791
274432,1064.7590579104121
274433,602.1784512883088
274434,697.330973932807
274435,272.0154237687846
274436,1433.5538983209767
274437,1220.340225748598
274438,757.7596191264946
274439,852.9121417709928
274440,-536.9181710860721
274441,624.6203034661198
274442,411.4066308937412
274443,-51.173975728362166
274444,43.97854691613611
274445,-89.49743239100565
274446,1072.0410421611864
274447,858.8273695888078
274448,396.2467629667044
274449,491.3992856112026
274450,66.08373544718029
274451,1227.6222099993724
274452,1014.4085374269936
274453,551.8279308048902
274454,646.9804534493884
274455,-1161.8105159868558
274456,-0.2720414346637199
274457,-213.48571400704247
274458,-676.0663206291458
274459,-580.9137979846478
274460,-714.3897772917892
274461,447.1486972604029
274462,233.9350246880241
274463,-228.64558193407925
274464,-133.49305928958108
274465,-558.8086094536036
274466,602.7298650985887
274467,389.5161925262099
274468,-73.06441409589343
274469,22.088108548604737
274470,344.35336650070286
274471,1505.891841052895
274472,1292.6781684805162
274473,830.0975618584129
274474,925.250084502911
274475,791.7741051957695
274476,1953.3125797479615
274477,1740.0989071755828
274478,1277.5183005534795
274479,1372.6708231979778
274480,947.3552730339554
274481,2108.8937475861476
274482,1895.6800750137688
274483,1433.0994683916654
274484,1528.2519910361636
274485,-216.12427181089674
274486,945.4142027412954
274487,732.2005301689167
274488,269.61992354681325
274489,364.7724461913115
274490,231.29646688416994
274491,1392.834941436362
274492,1179.6212688639832
274493,717.04066224188
274494,812.193184886378
274495,386.8776347223558
274496,1548.416109274548
274497,1335.202436702169
274498,872.6218300800658
274499,967.774352724564
274500,-326.7205722324684
274501,834.8179023197238
274502,621.604229747345
274503,159.02362312524167
274504,254.17614576973983
274505,120.7001664625983
274506,1282.2386410147901
274507,1069.0249684424116
274508,606.4443618203082
274509,701.5968844648064
274510,276.281334300784
274511,1437.8198088529762
274512,1224.6061362805974
274513,762.0255296584942
274514,857.1780523029922
274515,-318.64723429119204
274516,842.891240261
274517,629.6775676886213
274518,167.0969610665179
274519,262.2494837110161
274520,128.77350440387454
274521,1290.3119789560665
274522,1077.098306383688
274523,614.5176997615846
274524,709.6702224060828
274525,284.35467224206036
274526,1445.8931467942525
274527,1232.6794742218738
274528,770.0988675997704
274529,865.2513902442686
274530,-524.5789226127965
274531,636.9595519393957
274532,423.7458793670169
274533,-38.834727255086364
274534,56.3177953894118
274535,-77.15818391772984
274536,1084.3802906344622
274537,871.1666180620836
274538,408.5860114399802
274539,503.7385340844784
274540,78.42298392045598
274541,1239.9614584726482
274542,1026.7477859002693
274543,564.167179278166
274544,659.3197019226642
274545,-1149.47126751358
274546,12.067207038612082
274547,-201.14646553376667
274548,-663.72707215587
274549,-568.5745495113717
274550,-702.0505288185134
274551,459.4879457336786
274552,246.2742731612999
274553,-216.30633346080344
274554,-121.15381081630528
274555,-546.4693609803278
274556,615.0691135718644
274557,401.8554409994857
274558,-60.725165622617624
274559,34.42735702188054
274560,356.69261497397866
274561,1518.2310895261708
274562,1305.017416953792
274563,842.4368103316888
274564,937.5893329761868
274565,804.1133536690453
274566,1965.6518282212373
274567,1752.4381556488588
274568,1289.8575490267554
274569,1385.0100716712536
274570,959.6945215072311
274571,2121.2329960594234
274572,1908.0193234870446
274573,1445.4387168649412
274574,1540.5912395094392
274575,-203.78502333762094
274576,957.7534512145712
274577,744.5397786421925
274578,281.9591720200891
274579,377.1116946645873
274580,243.63571535744575
274581,1405.1741899096378
274582,1191.9605173372593
274583,729.3799107151558
274584,824.532433359654
274585,399.21688319563157
274586,1560.7553577478238
274587,1347.5416851754449
274588,884.9610785533416
274589,980.1136011978398
274590,-314.3813237591926
274591,847.1571507929995
274592,633.9434782206208
274593,171.36287159851736
274594,266.5153942430156
274595,133.0394149358741
274596,1294.5778894880661
274597,1081.3642169156874
274598,618.783610293584
274599,713.9361329380822
274600,288.6205827740599
274601,1450.159057326252
274602,1236.9453847538732
274603,774.3647781317699
274604,869.517300776268
274605,-306.30798581791623
274606,855.2304887342758
274607,642.016816161897
274608,179.4362095397937
274609,274.58873218429187
274610,141.11275287715034
274611,1302.6512274293423
274612,1089.4375548569637
274613,626.8569482348604
274614,722.0094708793586
274615,296.6939207153363
274616,1458.2323952675283
274617,1245.0187226951496
274618,782.4381160730462
274619,877.5906387175444
274620,-512.2396741395205
274621,649.2988004126714
274622,436.0851278402928
274623,-26.49547878181056
274624,68.6570438626876
274625,-64.81893544445404
274626,1096.719539107738
274627,883.5058665353594
274628,420.925259913256
274629,516.0777825577542
274630,90.76223239373189
274631,1252.300706945924
274632,1039.0870343735453
274633,576.5064277514418
274634,671.65895039594
274635,-1137.1320190403042
274636,24.40645551188777
274637,-188.80721706049087
274638,-651.3878236825942
274639,-556.2353010380959
274640,-689.7112803452376
274641,471.82719420695446
274642,258.61352163457576
274643,-203.96708498752753
274644,-108.81456234302937
274645,-534.1301125070518
274646,627.4083620451403
274647,414.1946894727616
274648,-48.38591714934182
274649,46.76660549515634
274650,369.0318634472545
274651,1530.5703379994466
274652,1317.3566654270678
274653,854.7760588049645
274654,949.9285814494626
274655,816.4526021423211
274656,1977.9910766945131
274657,1764.7774041221344
274658,1302.1967975000312
274659,1397.3493201445292
274660,972.033769980507
274661,2133.572244532699
274662,1920.3585719603204
274663,1457.777965338217
274664,1552.930487982715
274665,-191.44577486434514
274666,970.092699687847
274667,756.8790271154683
274668,294.2984204933649
274669,389.4509431378631
274670,255.97496383072155
274671,1417.5134383829136
274672,1204.2997658105348
274673,741.7191591884316
274674,836.8716818329298
274675,411.55613166890737
274676,1573.0946062210994
274677,1359.8809336487207
274678,897.3003270266174
274679,992.4528496711156
274680,-302.04207528591655
274681,859.4963992662753
274682,646.2827266938966
274683,183.70212007179327
274684,278.85464271629144
274685,145.3786634091499
274686,1306.917137961342
274687,1093.7034653889632
274688,631.1228587668598
274689,726.275381411358
274690,300.9598312473358
274691,1462.4983057995278
274692,1249.284633227149
274693,786.7040266050458
274694,881.8565492495438
274695,-293.96873734464043
274696,867.5697372075516
274697,654.356064635173
274698,191.7754580130695
274699,286.92798065756773
274700,153.45200135042614
274701,1314.9904759026183
274702,1101.7768033302395
274703,639.1961967081362
274704,734.3487193526344
274705,309.033169188612
274706,1470.5716437408041
274707,1257.3579711684254
274708,794.777364546322
274709,889.9298871908202
274710,-499.9004256662447
274711,661.6380488859472
274712,448.4243763135686
274713,-14.15623030853476
274714,80.99629233596352
274715,-52.47968697117824
274716,1109.0587875810138
274717,895.8451150086352
274718,433.2645083865318
274719,528.41703103103
274720,103.1014808670077
274721,1264.6399554191999
274722,1051.4262828468209
274723,588.8456762247176
274724,683.9981988692158
274725,-1124.7927705670284
274726,36.745703985163686
274727,-176.46796858721507
274728,-639.0485752093184
274729,-543.8960525648204
274730,-677.3720318719618
274731,484.16644268023026
274732,270.9527701078516
274733,-191.62783651425173
274734,-96.47531386975356
274735,-521.790864033776
274736,639.7476105184161
274737,426.5339379460373
274738,-36.04666867606602
274739,59.10585396843226
274740,381.3711119205303
274741,1542.9095864727224
274742,1329.6959139003436
274743,867.1153072782403
274744,962.2678299227384
274745,828.7918506155969
274746,1990.330325167789
274747,1777.1166525954102
274748,1314.536045973307
274749,1409.688568617805
274750,984.3730184537828
274751,2145.911493005975
274752,1932.697820433596
274753,1470.1172138114928
274754,1565.2697364559908
274755,-179.10652639106922
274756,982.4319481611228
274757,769.2182755887441
274758,306.6376689666407
274759,401.7901916111389
274760,268.31421230399735
274761,1429.8526868561894
274762,1216.6390142838106
274763,754.0584076617074
274764,849.2109303062056
274765,423.8953801421832
274766,1585.4338546943754
274767,1372.2201821219965
274768,909.6395754998932
274769,1004.7920981443914
274770,-213.17072181391393
274771,948.3677527382781
274772,735.1540801658995
274773,272.5734735437961
274774,367.7259961882943
274775,234.25001688115276
274776,1395.7884914333447
274777,1182.574818860966
274778,719.9942122388627
274779,815.1467348833609
274780,389.83118471933847
274781,1551.3696592715305
274782,1338.155986699152
274783,875.5753800770485
274784,970.7279027215467
274785,-205.09738387263747
274786,956.4410906795545
274787,743.2274181071757
274788,280.6468114850724
274789,375.79933412957064
274790,242.3233548224291
274791,1403.861829374621
274792,1190.6481568022423
274793,728.067550180139
274794,823.2200728246372
274795,397.90452266061493
274796,1559.4429972128069
274797,1346.2293246404283
274798,883.6487180183249
274799,978.801240662823
274800,-411.02907219424196
274801,750.5094023579502
274802,537.2957297855714
274803,74.71512316346798
274804,169.86764580796626
274805,36.39166650082461
274806,1197.9301410530168
274807,984.716468480638
274808,522.1358618585347
274809,617.2883845030328
274810,191.97283433901043
274811,1353.5113088912026
274812,1140.2976363188238
274813,677.7170296967205
274814,772.8695523412187
274815,-1035.9214170950256
274816,125.61705745716654
274817,-87.59661511521222
274818,-550.1772217373157
274819,-455.0246990928174
274820,-588.500678399959
274821,573.0377961522331
274822,359.82412357985436
274823,-102.75648304224899
274824,-7.603960397750825
274825,-432.9195105617732
274826,728.6189639904188
274827,515.4052914180402
274828,52.82468479593672
274829,147.977207440435
274830,470.2424653925332
274831,1631.7809399447253
274832,1418.5672673723466
274833,955.9866607502432
274834,1051.1391833947414
274835,917.6632040875998
274836,2079.2016786397917
274837,1865.9880060674132
274838,1403.4073994453097
274839,1498.559922089808
274840,1073.2443719257856
274841,2234.7828464779777
274842,2021.569173905599
274843,1558.9885672834957
274844,1654.1410899279938
274845,-90.23517291906637
274846,1071.3033016331256
274847,858.0896290607469
274848,395.5090224386436
274849,490.6615450831418
274850,357.18556577600026
274851,1518.7240403281921
274852,1305.5103677558136
274853,842.9297611337103
274854,938.0822837782084
274855,512.766733614186
274856,1674.3052081663782
274857,1461.0915355939994
274858,998.510928971896
274859,1093.6634516163942
274860,-200.831473340638
274861,960.7070012115539
274862,747.4933286391752
274863,284.9127220170719
274864,380.0652446615701
274865,246.58926535442862
274866,1408.1277399066207
274867,1194.9140673342417
274868,732.3334607121385
274869,827.4859833566367
274870,402.1704331926144
274871,1563.7089077448065
274872,1350.4952351724278
274873,887.9146285503243
274874,983.0671511948226
274875,-192.75813539936166
274876,968.7803391528303
274877,755.5666665804515
274878,292.98605995834816
274879,388.1385826028464
274880,254.66260329570486
274881,1416.2010778478968
274882,1202.987405275518
274883,740.4067986534149
274884,835.559321297913
274885,410.24377113389073
274886,1571.7822456860827
274887,1358.5685731137041
274888,895.9879664916007
274889,991.1404891360988
274890,-398.68982372096593
274891,762.848650831226
274892,549.6349782588472
274893,87.0543716367439
274894,182.20689428124206
274895,48.730914974100415
274896,1210.2693895262926
274897,997.0557169539138
274898,534.4751103318105
274899,629.6276329763086
274900,204.31208281228635
274901,1365.8505573644784
274902,1152.6368847920996
274903,690.0562781699963
274904,785.2088008144945
274905,-1023.5821686217498
274906,137.95630593044223
274907,-75.25736664193653
274908,-537.8379732640399
274909,-442.6854506195416
274910,-576.1614299266832
274911,585.3770446255089
274912,372.1633720531302
274913,-90.41723456897307
274914,4.735288075524977
274915,-420.5802620884972
274916,740.9582124636947
274917,527.744539891316
274918,65.16393326921263
274919,160.3164559137108
274920,482.58171386580904
274921,1644.120188418001
274922,1430.9065158456224
274923,968.3259092235189
274924,1063.4784318680172
274925,930.0024525608756
274926,2091.5409271130675
274927,1878.327254540689
274928,1415.7466479185855
274929,1510.8991705630838
274930,1085.5836203990616
274931,2247.1220949512535
274932,2033.9084223788748
274933,1571.3278157567715
274934,1666.4803384012696
274935,-77.89592444579057
274936,1083.6425501064014
274937,870.4288775340227
274938,407.84827091191937
274939,503.00079355641753
274940,369.524814249276
274941,1531.063288801468
274942,1317.8496162290894
274943,855.2690096069861
274944,950.4215322514842
274945,525.1059820874618
274946,1686.644456639654
274947,1473.4307840672752
274948,1010.8501774451718
274949,1106.00270008967
274950,-351.39060474360144
274951,810.1478698085905
274952,596.9341972362118
274953,134.3535906141085
274954,229.50611325860666
274955,96.03013395146513
274956,1257.5686085036573
274957,1044.3549359312783
274958,581.7743293091751
274959,676.9268519536732
274960,251.6113017896509
274961,1413.149776341843
274962,1199.9361037694644
274963,737.3554971473609
274964,832.508019791859
274965,-343.3172668023251
274966,818.2212077498668
274967,605.0075351774881
274968,142.42692855538473
274969,237.5794511998829
274970,104.10347189274137
274971,1265.6419464449334
274972,1052.4282738725547
274973,589.8476672504514
274974,685.0001898949496
274975,259.68463973092724
274976,1421.2231142831192
274977,1208.0094417107407
274978,745.4288350886372
274979,840.5813577331354
274980,-549.2489551239294
274981,612.2895194282626
274982,399.0758468558838
274983,-63.504759766219536
274984,31.647762878278627
274985,-101.82821642886302
274986,1059.7102581233291
274987,846.4965855509504
274988,383.91597892884704
274989,479.06850157334515
274990,53.752951409322804
274991,1215.291425961515
274992,1002.0777533891362
274993,539.4971467670329
274994,634.649669411531
274995,-1174.1413000247132
274996,-12.602825472521204
274997,-225.81649804489996
274998,-688.3971046670033
274999,-593.244582022505
275000,-726.7205613296467
275001,434.8179132225455
275002,221.60424065016684
275003,-240.9763659719365
275004,-145.82384332743834
275005,-571.1393934914606
275006,590.3990810607313
275007,377.18540848835255
275008,-85.3951981337508
275009,9.757324510747367
275010,332.02258246284555
275011,1493.5610570150375
275012,1280.347384442659
275013,817.7667778205555
275014,912.9193004650537
275015,779.4433211579121
275016,1940.9817957101043
275017,1727.7681231377255
275018,1265.187516515622
275019,1360.3400391601203
275020,935.024488996098
275021,2096.56296354829
275022,1883.3492909759113
275023,1420.7686843538079
275024,1515.9212069983062
275025,-228.455055848754
275026,933.083418703438
275027,719.8697461310593
275028,257.28913950895594
275029,352.4416621534541
275030,218.96568284631257
275031,1380.5041573985045
275032,1167.290484826126
275033,704.7098782040225
275034,799.8624008485207
275035,374.54685068449845
275036,1536.0853252366906
275037,1322.8716526643118
275038,860.2910460422083
275039,955.4435686867066
275040,-339.05135627032564
275041,822.4871182818663
275042,609.2734457094875
275043,146.6928390873843
275044,241.8453617318824
275045,108.36938242474093
275046,1269.9078569769329
275047,1056.694184404554
275048,594.1135777824509
275049,689.266100426949
275050,263.95055026292675
275051,1425.4890248151187
275052,1212.2753522427402
275053,749.6947456206367
275054,844.8472682651349
275055,-330.9780183290495
275056,830.5604562231426
275057,617.3467836507639
275058,154.76617702866054
275059,249.9186996731587
275060,116.44272036601717
275061,1277.9811949182092
275062,1064.7675223458305
275063,602.1869157237272
275064,697.3394383682253
275065,272.023888204203
275066,1433.562362756395
275067,1220.3486901840163
275068,757.768083561913
275069,852.9206062064112
275070,-536.9097066506538
275071,624.6287679015383
275072,411.4150953291595
275073,-51.16551129294385
275074,43.98701135155443
275075,-89.48896795558721
275076,1072.049506596605
275077,858.8358340242262
275078,396.25522740212284
275079,491.40775004662095
275080,66.0921998825986
275081,1227.6306744347908
275082,1014.417001862412
275083,551.8363952403087
275084,646.9889178848068
275085,-1161.8020515514374
275086,-0.2635769992452879
275087,-213.47724957162404
275088,-676.0578561937273
275089,-580.9053335492292
275090,-714.3813128563709
275091,447.15716169582123
275092,233.94348912344253
275093,-228.6371174986608
275094,-133.48459485416265
275095,-558.800145018185
275096,602.738329534007
275097,389.52465696162835
275098,-73.05594966047511
275099,22.09657298402317
275100,344.3618309361213
275101,1505.9003054883133
275102,1292.6866329159348
275103,830.1060262938313
275104,925.2585489383296
275105,791.7825696311879
275106,1953.3210441833799
275107,1740.1073716110013
275108,1277.5267649888979
275109,1372.6792876333961
275110,947.3637374693737
275111,2108.902212021566
275112,1895.6885394491871
275113,1433.107932827084
275114,1528.260455471582
275115,-216.1158073754782
275116,945.4226671767137
275117,732.2089946043351
275118,269.6283879822317
275119,364.7809106267299
275120,231.30493131958838
275121,1392.8434058717803
275122,1179.6297332994018
275123,717.0491266772983
275124,812.2016493217965
275125,386.8860991577742
275126,1548.4245737099664
275127,1335.2109011375874
275128,872.6302945154841
275129,967.7828171599824
275130,-326.71210779705007
275131,834.8263667551421
275132,621.6126941827633
275133,159.03208756066
275134,254.18461020515815
275135,120.70863089801674
275136,1282.2471054502087
275137,1069.03343287783
275138,606.4528262557267
275139,701.6053489002248
275140,276.28979873620244
275141,1437.8282732883945
275142,1224.614600716016
275143,762.0339940939125
275144,857.1865167384107
275145,-318.6387698557737
275146,842.8997046964184
275147,629.6860321240397
275148,167.10542550193622
275149,262.2579481464345
275150,128.78196883929286
275151,1290.320443391485
275152,1077.1067708191063
275153,614.526164197003
275154,709.6786868415011
275155,284.3631366774788
275156,1445.9016112296708
275157,1232.6879386572923
275158,770.1073320351888
275159,865.259854679687
275160,-524.570458177378
275161,636.968016374814
275162,423.75434380243536
275163,-38.82626281966793
275164,56.32625982483023
275165,-77.14971948231141
275166,1084.3887550698805
275167,871.175082497502
275168,408.59447587539864
275169,503.7469985198968
275170,78.43144835587441
275171,1239.9699229080666
275172,1026.7562503356878
275173,564.1756437135845
275174,659.3281663580826
275175,-1149.4628030781616
275176,12.0756714740304
275177,-201.13800109834824
275178,-663.7186077204517
275179,-568.5660850759534
275180,-702.0420643830951
275181,459.49641016909703
275182,246.28273759671833
275183,-216.297869025385
275184,-121.14534638088685
275185,-546.4608965449092
275186,615.0775780072829
275187,401.86390543490415
275188,-60.71670118719919
275189,34.43582145729897
275190,356.70107940939704
275191,1518.239553961589
275192,1305.0258813892106
275193,842.4452747671071
275194,937.5977974116053
275195,804.1218181044637
275196,1965.6602926566559
275197,1752.4466200842771
275198,1289.8660134621737
275199,1385.018536106672
275200,959.7029859426495
275201,2121.2414604948417
275202,1908.027787922463
275203,1445.4471813003597
275204,1540.5997039448578
275205,-203.7765589022025
275206,957.7619156499895
275207,744.5482430776109
275208,281.9676364555075
275209,377.1201591000057
275210,243.64417979286418
275211,1405.182654345056
275212,1191.9689817726776
275213,729.3883751505741
275214,824.5408977950723
275215,399.22534763105
275216,1560.7638221832422
275217,1347.5501496108634
275218,884.9695429887599
275219,980.1220656332582
275220,-314.37285932377404
275221,847.1656152284179
275222,633.9519426560393
275223,171.3713360339359
275224,266.523858678434
275225,133.04787937129254
275226,1294.5863539234847
275227,1081.3726813511057
275228,618.7920747290025
275229,713.9445973735006
275230,288.6290472094783
275231,1450.1675217616705
275232,1236.9538491892918
275233,774.3732425671883
275234,869.5257652116865
275235,-306.2995213824977
275236,855.2389531696942
275237,642.0252805973155
275238,179.44467397521214
275239,274.5971966197103
275240,141.12121731256877
275241,1302.6596918647608
275242,1089.446019292382
275243,626.8654126702788
275244,722.0179353147769
275245,296.70238515075465
275246,1458.2408597029466
275247,1245.027187130568
275248,782.4465805084646
275249,877.5991031529628
275250,-512.231209704102
275251,649.30726484809
275252,436.0935922757112
275253,-26.48701434639213
275254,68.66550829810603
275255,-64.81047100903561
275256,1096.7280035431565
275257,883.5143309707778
275258,420.9337243486744
275259,516.0862469931726
275260,90.77069682915021
275261,1252.3091713813424
275262,1039.0954988089636
275263,576.5148921868602
275264,671.6674148313584
275265,-1137.1235546048858
275266,24.414919947306203
275267,-188.79875262507255
275268,-651.3793592471759
275269,-556.2268366026776
275270,-689.7028159098193
275271,471.8356586423729
275272,258.6219860699942
275273,-203.9586205521091
275274,-108.80609790761105
275275,-534.1216480716332
275276,627.4168264805587
275277,414.20315390817996
275278,-48.37745271392339
275279,46.77506993057477
275280,369.04032788267295
275281,1530.5788024348649
275282,1317.3651298624864
275283,854.7845232403829
275284,949.9370458848811
275285,816.4610665777395
275286,1977.9995411299317
275287,1764.785868557553
275288,1302.2052619354495
275289,1397.3577845799477
275290,972.0422344159253
275291,2133.5807089681175
275292,1920.3670363957388
275293,1457.7864297736353
275294,1552.9389524181336
275295,-191.4373104289267
275296,970.1011641232654
275297,756.8874915508867
275298,294.30688492878335
275299,389.4594075732815
275300,255.98342826613992
275301,1417.521902818332
275302,1204.3082302459534
275303,741.7276236238499
275304,836.8801462683481
275305,411.56459610432574
275306,1573.103070656518
275307,1359.8893980841392
275308,897.3087914620357
275309,992.461314106534
275310,-302.03361085049823
275311,859.5048637016937
275312,646.2911911293149
275313,183.7105845072117
275314,278.8631071517098
275315,145.38712784456834
275316,1306.9256023967603
275317,1093.7119298243815
275318,631.1313232022783
275319,726.2838458467764
275320,300.96829568275416
275321,1462.506770234946
275322,1249.2930976625676
275323,786.7124910404641
275324,881.8650136849623
275325,-293.9602729092221
275326,867.57820164297
275327,654.3645290705913
275328,191.78392244848794
275329,286.9364450929861
275330,153.46046578584458
275331,1314.9989403380366
275332,1101.7852677656579
275333,639.2046611435546
275334,734.3571837880527
275335,309.0416336240304
275336,1470.5801081762224
275337,1257.366435603844
275338,794.7858289817405
275339,889.9383516262386
275340,-499.89196123082615
275341,661.6465133213657
275342,448.432840748987
275343,-14.147765873116214
275344,81.00475677138195
275345,-52.47122253575981
275346,1109.0672520164321
275347,895.8535794440536
275348,433.2729728219502
275349,528.4254954664484
275350,103.10994530242601
275351,1264.6484198546182
275352,1051.4347472822394
275353,588.8541406601361
275354,684.0066633046342
275355,-1124.78430613161
275356,36.75416842058212
275357,-176.45950415179664
275358,-639.0401107739001
275359,-543.887588129402
275360,-677.3635674365435
275361,484.1749071156486
275362,270.96123454326994
275363,-191.6193720788334
275364,-96.46684943433524
275365,-521.7823995983576
275366,639.7560749538344
275367,426.54240238145576
275368,-36.0382042406477
275369,59.114318403850575
275370,381.3795763559487
275371,1542.9180509081407
275372,1329.704378335762
275373,867.1237717136587
275374,962.2762943581567
275375,828.8003150510153
275376,1990.3387896032073
275377,1777.1251170308285
275378,1314.5445104087253
275379,1409.6970330532235
275380,984.3814828892012
275381,2145.9199574413933
275382,1932.7062848690146
275383,1470.125678246911
275384,1565.2782008914091
275385,-179.0980619556508
275386,982.4404125965411
275387,769.2267400241625
275388,306.6461334020591
275389,401.7986560465573
275390,268.3226767394158
275391,1429.8611512916077
275392,1216.6474787192292
275393,754.0668720971257
275394,849.2193947416239
275395,423.9038445776016
275396,1585.4423191297938
275397,1372.228646557415
275398,909.6480399353115
275399,1004.8005625798098
275400,-213.1622573784955
275401,948.3762171736965
275402,735.1625446013178
275403,272.5819379792145
275404,367.73446062371266
275405,234.2584813165712
275406,1395.7969558687632
275407,1182.5832832963845
275408,720.0026766742811
275409,815.1551993187793
275410,389.8396491547569
275411,1551.378123706949
275412,1338.1644511345703
275413,875.583844512467
275414,970.7363671569651
275415,-205.08891943721915
275416,956.4495551149729
275417,743.2358825425941
275418,280.6552759204908
275419,375.80779856498896
275420,242.33181925784749
275421,1403.8702938100396
275422,1190.6566212376608
275423,728.0760146155575
275424,823.2285372600556
275425,397.91298709603336
275426,1559.4514616482254
275427,1346.2377890758466
275428,883.6571824537432
275429,978.8097050982415
275430,-411.0206077588234
275431,750.5178667933685
275432,537.3041942209898
275433,74.72358759888652
275434,169.8761102433847
275435,36.400130936243045
275436,1197.938605488435
275437,984.7249329160563
275438,522.1443262939531
275439,617.2968489384513
275440,191.98129877442886
275441,1353.519773326621
275442,1140.3061007542424
275443,677.7254941321389
275444,772.8780167766371
275445,-1035.9129526596073
275446,125.62552189258486
275447,-87.5881506797939
275448,-550.1687573018974
275449,-455.0162346573991
275450,-588.4922139645407
275451,573.0462605876514
275452,359.8325880152728
275453,-102.74801860683056
275454,-7.595495962332393
275455,-432.9110461263547
275456,728.6274284258373
275457,515.4137558534586
275458,52.833149231355264
275459,147.98567187585343
275460,470.25092982795155
275461,1631.7894043801437
275462,1418.575731807765
275463,955.9951251856617
275464,1051.1476478301597
275465,917.6716685230182
275466,2079.21014307521
275467,1865.9964705028315
275468,1403.4158638807282
275469,1498.5683865252263
275470,1073.2528363612041
275471,2234.791310913396
275472,2021.5776383410173
275473,1558.997031718914
275474,1654.1495543634123
275475,-90.22670848364805
275476,1071.311766068544
275477,858.0980934961653
275478,395.517486874062
275479,490.67000951856016
275480,357.19403021141864
275481,1518.7325047636107
275482,1305.518832191232
275483,842.9382255691287
275484,938.0907482136267
275485,512.7751980496045
275486,1674.3136726017965
275487,1461.100000029418
275488,998.5193934073145
275489,1093.6719160518126
275490,-200.8230089052197
275491,960.7154656469725
275492,747.5017930745937
275493,284.92118645249036
275494,380.0737090969885
275495,246.59772978984705
275496,1408.136204342039
275497,1194.9225317696603
275498,732.3419251475569
275499,827.4944477920551
275500,402.17889762803276
275501,1563.7173721802249
275502,1350.503699607846
275503,887.9230929857428
275504,983.0756156302409
275505,-192.74967096394334
275506,968.7888035882487
275507,755.5751310158699
275508,292.9945243937666
275509,388.1470470382648
275510,254.6710677311233
275511,1416.2095422833154
275512,1202.9958697109364
275513,740.4152630888333
275514,835.5677857333314
275515,410.2522355693091
275516,1571.790710121501
275517,1358.5770375491225
275518,895.996430927019
275519,991.1489535715173
275520,-398.6813592855476
275521,762.8571152666444
275522,549.6434426942657
275523,87.06283607216233
275524,182.2153587166605
275525,48.73937940951885
275526,1210.2778539617111
275527,997.0641813893321
275528,534.4835747672289
275529,629.6360974117271
275530,204.32054724770478
275531,1365.8590217998967
275532,1152.6453492275182
275533,690.0647426054147
275534,785.2172652499129
275535,-1023.5737041863313
275536,137.96477036586066
275537,-75.24890220651798
275538,-537.8295088286213
275539,-442.67698618412305
275540,-576.1529654912647
275541,585.3855090609273
275542,372.1718364885486
275543,-90.40877013355475
275544,4.743752510943409
275545,-420.5717976530789
275546,740.9666768991132
275547,527.7530043267344
275548,65.17239770463107
275549,160.32492034912923
275550,482.59017830122747
275551,1644.1286528534195
275552,1430.9149802810407
275553,968.3343736589375
275554,1063.4868963034355
275555,930.010916996294
275556,2091.549391548486
275557,1878.3357189761073
275558,1415.7551123540038
275559,1510.907634998502
275560,1085.59208483448
275561,2247.130559386672
275562,2033.916886814293
275563,1571.3362801921899
275564,1666.488802836688
275565,-77.88746001037225
275566,1083.65101454182
275567,870.4373419694411
275568,407.8567353473378
275569,503.00925799183597
275570,369.53327868469444
275571,1531.0717532368865
275572,1317.8580806645077
275573,855.2774740424044
275574,950.4299966869025
275575,525.1144465228801
275576,1686.6529210750723
275577,1473.4392485026938
275578,1010.8586418805902
275579,1106.0111645250884
275580,-351.3821403081831
275581,810.1563342440089
275582,596.9426616716302
275583,134.36205504952682
275584,229.51457769402498
275585,96.03859838688356
275586,1257.5770729390756
275587,1044.3634003666969
275588,581.7827937445934
275589,676.9353163890917
275590,251.61976622506927
275591,1413.1582407772614
275592,1199.9445682048827
275593,737.3639615827793
275594,832.5164842272775
275595,-343.3088023669068
275596,818.2296721852853
275597,605.0159996129065
275598,142.43539299080317
275599,237.58791563530133
275600,104.1119363281598
275601,1265.6504108803517
275602,1052.436738307973
275603,589.8561316858697
275604,685.0086543303679
275605,259.6931041663456
275606,1421.2315787185375
275607,1208.017906146159
275608,745.4372995240556
275609,840.5898221685538
275610,-549.240490688511
275611,612.2979838636809
275612,399.08431129130224
275613,-63.496295330801104
275614,31.656227313697173
275615,-101.81975199344458
275616,1059.7187225587475
275617,846.5050499863687
275618,383.9244433642654
275619,479.0769660087636
275620,53.76141584474124
275621,1215.2998903969333
275622,1002.0862178245545
275623,539.5056112024513
275624,634.6581338469495
275625,-1174.1328355892947
275626,-12.594361037102772
275627,-225.80803360948153
275628,-688.3886402315848
275629,-593.2361175870865
275630,-726.7120968942284
275631,434.8263776579638
275632,221.61270508558516
275633,-240.96790153651818
275634,-145.81537889202002
275635,-571.1309290560423
275636,590.4075454961496
275637,377.193872923771
275638,-85.38673369833248
275639,9.765788946165685
275640,332.0310468982639
275641,1493.5695214504558
275642,1280.3558488780773
275643,817.7752422559738
275644,912.9277649004721
275645,779.4517855933306
275646,1940.9902601455226
275647,1727.7765875731438
275648,1265.1959809510404
275649,1360.3485035955387
275650,935.0329534315164
275651,2096.5714279837084
275652,1883.3577554113297
275653,1420.7771487892264
275654,1515.9296714337245
275655,-228.44659141333568
275656,933.0918831388564
275657,719.8782105664777
275658,257.29760394437426
275659,352.4501265888725
275660,218.974147281731
275661,1380.5126218339228
275662,1167.2989492615443
275663,704.718342639441
275664,799.8708652839391
275665,374.5553151199168
275666,1536.0937896721089
275667,1322.8801170997301
275668,860.2995104776268
275669,955.4520331221249
275670,-339.0428918349073
275671,822.4955827172847
275672,609.281910144906
275673,146.70130352280262
275674,241.85382616730078
275675,108.37784686015925
275676,1269.9163214123514
275677,1056.7026488399727
275678,594.1220422178692
275679,689.2745648623675
275680,263.9590146983452
275681,1425.497489250537
275682,1212.2838166781585
275683,749.7032100560551
275684,844.8557327005533
275685,-330.969553893631
275686,830.568920658561
275687,617.3552480861822
275688,154.77464146407897
275689,249.92716410857707
275690,116.4511848014356
275691,1277.9896593536278
275692,1064.7759867812488
275693,602.1953801591455
275694,697.3479028036437
275695,272.0323526396214
275696,1433.5708271918134
275697,1220.3571546194348
275698,757.7765479973314
275699,852.9290706418296
275700,-536.9012422152352
275701,624.6372323369567
275702,411.42355976457793
275703,-51.1570468575253
275704,43.99547578697286
275705,-89.4805035201689
275706,1072.0579710320233
275707,858.8442984596445
275708,396.2636918375412
275709,491.4162144820394
275710,66.10066431801704
275711,1227.639138870209
275712,1014.4254662978304
275713,551.8448596757271
275714,646.9973823202253
275715,-1161.7935871160191
275716,-0.25511256382696956
275717,-213.4687851362056
275718,-676.049391758309
275719,-580.8968691138109
275720,-714.3728484209526
275721,447.16562613123966
275722,233.95195355886096
275723,-228.62865306324238
275724,-133.47613041874422
275725,-558.7916805827665
275726,602.7467939694254
275727,389.5331213970468
275728,-73.04748522505656
275729,22.1050374194416
275730,344.37029537153967
275731,1505.9087699237318
275732,1292.695097351353
275733,830.1144907292496
275734,925.2670133737479
275735,791.7910340666062
275736,1953.3295086187984
275737,1740.1158360464196
275738,1277.5352294243164
275739,1372.6877520688145
275740,947.3722019047922
275741,2108.910676456984
275742,1895.6970038846055
275743,1433.1163972625022
275744,1528.2689199070005
275745,-216.10734294005988
275746,945.4311316121322
275747,732.2174590397534
275748,269.63685241765006
275749,364.7893750621482
275750,231.3133957550067
275751,1392.8518703071989
275752,1179.63819773482
275753,717.0575911127168
275754,812.2101137572149
275755,386.89456359319263
275756,1548.4330381453847
275757,1335.219365573006
275758,872.6387589509026
275759,967.7912815954007
275760,-326.7036433616315
275761,834.8348311905605
275762,621.6211586181818
275763,159.04055199607842
275764,254.19307464057658
275765,120.71709533343505
275766,1282.2555698856272
275767,1069.0418973132485
275768,606.461290691145
275769,701.6138133356433
275770,276.2982631716209
275771,1437.836737723813
275772,1224.6230651514343
275773,762.0424585293309
275774,857.1949811738291
275775,-318.63030542035517
275776,842.9081691318369
275777,629.6944965594581
275778,167.11388993735477
275779,262.26641258185293
275780,128.7904332747113
275781,1290.3289078269036
275782,1077.1152352545246
275783,614.5346286324213
275784,709.6871512769195
275785,284.3716011128972
275786,1445.9100756650894
275787,1232.6964030927106
275788,770.1157964706072
275789,865.2683191151054
275790,-524.5619937419594
275791,636.9764808102325
275792,423.7628082378538
275793,-38.8177983842495
275794,56.33472426024866
275795,-77.1412550468931
275796,1084.397219505299
275797,871.1835469329203
275798,408.602940310817
275799,503.7554629553152
275800,78.43991279129284
275801,1239.9783873434849
275802,1026.7647147711064
275803,564.1841081490029
275804,659.3366307935011
275805,-1149.4543386427433
275806,12.084135909448833
275807,-201.12953666292992
275808,-663.7101432850334
275809,-568.5576206405351
275810,-702.0335999476767
275811,459.50487460451546
275812,246.29120203213677
275813,-216.28940458996658
275814,-121.13688194546842
275815,-546.4524321094907
275816,615.0860424427012
275817,401.87236987032253
275818,-60.70823675178076
275819,34.4442858927174
275820,356.70954384481547
275821,1518.2480183970076
275822,1305.0343458246289
275823,842.4537392025255
275824,937.6062618470237
275825,804.130282539882
275826,1965.6687570920742
275827,1752.4550845196954
275828,1289.874477897592
275829,1385.0270005420903
275830,959.711450378068
275831,2121.24992493026
275832,1908.0362523578813
275833,1445.455645735778
275834,1540.6081683802763
275835,-203.76809446678408
275836,957.7703800854081
275837,744.5567075130293
275838,281.9761008909259
275839,377.12862353542414
275840,243.6526442282826
275841,1405.1911187804747
275842,1191.977446208096
275843,729.3968395859926
275844,824.5493622304907
275845,399.23381206646843
275846,1560.7722866186605
275847,1347.5586140462817
275848,884.9780074241784
275849,980.1305300686765
275850,-314.3643948883557
275851,847.1740796638363
275852,633.9604070914576
275853,171.37980046935422
275854,266.5323231138524
275855,133.05634380671097
275856,1294.594818358903
275857,1081.3811457865243
275858,618.8005391644208
275859,713.9530618089191
275860,288.6375116448967
275861,1450.1759861970888
275862,1236.96231362471
275863,774.3817070026067
275864,869.5342296471049
275865,-306.29105694707937
275866,855.2474176051126
275867,642.0337450327339
275868,179.45313841063057
275869,274.60566105512873
275870,141.1296817479872
275871,1302.6681563001791
275872,1089.4544837278004
275873,626.8738771056971
275874,722.0263997501953
275875,296.710849586173
275876,1458.249324138365
275877,1245.0356515659864
275878,782.455044943883
275879,877.6075675883812
275880,-512.2227452686836
275881,649.3157292835083
275882,436.10205671112965
275883,-26.478549910973697
275884,68.67397273352447
275885,-64.80200657361718
275886,1096.7364679785749
275887,883.5227954061961
275888,420.9421887840928
275889,516.0947114285909
275890,90.77916126456864
275891,1252.3176358167607
275892,1039.103963244382
275893,576.5233566222786
275894,671.6758792667769
275895,-1137.1150901694675
275896,24.423384382724635
275897,-188.79028818965412
275898,-651.3708948117576
275899,-556.2183721672593
275900,-689.694351474401
275901,471.8441230777912
275902,258.6304505054125
275903,-203.95015611669078
275904,-108.79763347219273
275905,-534.1131836362149
275906,627.425290915977
275907,414.2116183435984
275908,-48.36898827850507
275909,46.78353436599309
275910,369.04879231809133
275911,1530.5872668702832
275912,1317.3735942979047
275913,854.7929876758012
275914,949.9455103202995
275915,816.469531013158
275916,1978.00800556535
275917,1764.7943329929712
275918,1302.2137263708678
275919,1397.366249015366
275920,972.0506988513438
275921,2133.589173403536
275922,1920.375500831157
275923,1457.7948942090538
275924,1552.9474168535519
275925,-191.42884599350828
275926,970.1096285586838
275927,756.8959559863051
275928,294.31534936420167
275929,389.4678720086999
275930,255.99189270155836
275931,1417.5303672537502
275932,1204.3166946813717
275933,741.7360880592684
275934,836.8886107037665
275935,411.5730605397441
275936,1573.1115350919363
275937,1359.8978625195575
275938,897.3172558974542
275939,992.4697785419523
275940,-302.0251464150799
275941,859.5133281371121
275942,646.2996555647334
275943,183.71904894263002
275944,278.8715715871282
275945,145.39559227998666
275946,1306.9340668321788
275947,1093.7203942598
275948,631.1397876376966
275949,726.2923102821949
275950,300.9767601181726
275951,1462.5152346703644
275952,1249.3015620979859
275953,786.7209554758825
275954,881.8734781203807
275955,-293.95180847380357
275956,867.5866660783884
275957,654.3729935060096
275958,191.79238688390626
275959,286.9449095284045
275960,153.468930221263
275961,1315.0074047734552
275962,1101.7937322010762
275963,639.213125578973
275964,734.3656482234711
275965,309.0500980594488
275966,1470.5885726116408
275967,1257.3749000392622
275968,794.7942934171588
275969,889.946816061657
275970,-499.88349679540784
275971,661.6549777567841
275972,448.44130518440534
275973,-14.139301437697895
275974,81.01322120680027
275975,-52.46275810034149
275976,1109.0757164518507
275977,895.8620438794719
275978,433.2814372573686
275979,528.4339599018667
275980,103.11840973784444
275981,1264.6568842900365
275982,1051.4432117176577
275983,588.8626050955545
275984,684.0151277400527
275985,-1124.7758416961917
275986,36.76263285600044
275987,-176.4510397163782
275988,-639.0316463384816
275989,-543.8791236939835
275990,-677.3551030011251
275991,484.183371551067
275992,270.96969897868837
275993,-191.61090764341498
275994,-96.45838499891681
275995,-521.7739351629391
275996,639.7645393892528
275997,426.55086681687413
275998,-36.029739805229156
275999,59.12278283926901
276000,381.3880407913671
276001,1542.926515343559
276002,1329.7128427711805
276003,867.132236149077
276004,962.2847587935752
276005,828.8087794864337
276006,1990.3472540386258
276007,1777.133581466247
276008,1314.5529748441436
276009,1409.7054974886419
276010,984.3899473246196
276011,2145.9284218768116
276012,1932.7147493044329
276013,1470.1341426823296
276014,1565.2866653268277
276015,-179.08959752023247
276016,982.4488770319596
276017,769.2352044595808
276018,306.65459783747747
276019,401.80712048197563
276020,268.33114117483416
276021,1429.8696157270263
276022,1216.6559431546475
276023,754.0753365325442
276024,849.2278591770423
276025,423.91230901302004
276026,1585.450783565212
276027,1372.2371109928333
276028,909.65650437073
276029,1004.8090270152281
276030,-213.15379294307718
276031,948.384681609115
276032,735.1710090367362
276033,272.59040241463293
276034,367.7429250591311
276035,234.2669457519895
276036,1395.8054203041816
276037,1182.5917477318028
276038,720.0111411096996
276039,815.1636637541977
276040,389.8481135901753
276041,1551.3865881423674
276042,1338.1729155699886
276043,875.5923089478854
276044,970.7448315923835
276045,-205.0804550018006
276046,956.4580195503913
276047,743.2443469780126
276048,280.6637403559092
276049,375.8162630004074
276050,242.34028369326592
276051,1403.878758245458
276052,1190.6650856730791
276053,728.0844790509758
276054,823.237001695474
276055,397.92145153145174
276056,1559.4599260836437
276057,1346.246253511265
276058,883.6656468891616
276059,978.8181695336598
276060,-411.0121433234051
276061,750.526331228787
276062,537.3126586564083
276063,74.73205203430484
276064,169.88457467880312
276065,36.40859537166148
276066,1197.9470699238536
276067,984.7333973514748
276068,522.1527907293714
276069,617.3053133738697
276070,191.9897632098473
276071,1353.5282377620395
276072,1140.3145651896607
276073,677.7339585675572
276074,772.8864812120555
276075,-1035.9044882241888
276076,125.63398632800329
276077,-87.57968624437535
276078,-550.1602928664788
276079,-455.00777022198054
276080,-588.4837495291222
276081,573.05472502307
276082,359.84105245069117
276083,-102.73955417141212
276084,-7.587031526913961
276085,-432.90258169093636
276086,728.6358928612557
276087,515.422220288877
276088,52.84161366677358
276089,147.99413631127186
276090,470.25939426337
276091,1631.7978688155622
276092,1418.5841962431832
276093,956.00358962108
276094,1051.1561122655783
276095,917.6801329584366
276096,2079.2186075106283
276097,1866.00493493825
276098,1403.4243283161466
276099,1498.5768509606446
276100,1073.2613007966224
276101,2234.7997753488144
276102,2021.5861027764358
276103,1559.0054961543324
276104,1654.1580187988307
276105,-90.21824404822951
276106,1071.3202305039626
276107,858.1065579315838
276108,395.52595130948043
276109,490.6784739539786
276110,357.20249464683707
276111,1518.7409691990292
276112,1305.5272966266502
276113,842.946690004547
276114,938.0992126490452
276115,512.7836624850229
276116,1674.3221370372148
276117,1461.1084644648363
276118,998.5278578427328
276119,1093.680380487231
276120,-200.81454446980126
276121,960.7239300823908
276122,747.510257510012
276123,284.92965088790874
276124,380.0821735324069
276125,246.60619422526543
276126,1408.1446687774574
276127,1194.9309962050786
276128,732.3503895829754
276129,827.5029122274735
276130,402.1873620634512
276131,1563.7258366156432
276132,1350.5121640432644
276133,887.9315574211612
276134,983.0840800656594
276135,-192.7412065285249
276136,968.7972680236671
276137,755.5835954512884
276138,293.002988829185
276139,388.1555114736832
276140,254.67953216654166
276141,1416.2180067187337
276142,1203.004334146355
276143,740.4237275242516
276144,835.5762501687498
276145,410.26070000472754
276146,1571.7991745569193
276147,1358.5855019845408
276148,896.0048953624374
276149,991.1574180069356
276150,-398.6728948501293
276151,762.8655797020627
276152,549.6519071296841
276153,87.07130050758076
276154,182.22382315207892
276155,48.74784384493728
276156,1210.2863183971294
276157,997.0726458247506
276158,534.4920392026472
276159,629.6445618471454
276160,204.3290116831231
276161,1365.867486235315
276162,1152.6538136629365
276163,690.073207040833
276164,785.2257296853312
276165,-1023.565239750913
276166,137.9732348012791
276167,-75.24043777109966
276168,-537.821044393203
276169,-442.66852174870473
276170,-576.1445010558464
276171,585.3939734963457
276172,372.180300923967
276173,-90.40030569813644
276174,4.752216946361727
276175,-420.56333321766056
276176,740.9751413345315
276177,527.7614687621528
276178,65.18086214004938
276179,160.33338478454755
276180,482.59864273664584
276181,1644.1371172888378
276182,1430.923444716459
276183,968.3428380943558
276184,1063.4953607388538
276185,930.0193814317124
276186,2091.557855983904
276187,1878.3441834115258
276188,1415.7635767894224
276189,1510.9160994339204
276190,1085.6005492698982
276191,2247.13902382209
276192,2033.9253512497114
276193,1571.3447446276082
276194,1666.4972672721065
276195,-77.87899557495382
276196,1083.6594789772382
276197,870.4458064048595
276198,407.8651997827562
276199,503.0177224272544
276200,369.5417431201128
276201,1531.0802176723048
276202,1317.866545099926
276203,855.2859384778228
276204,950.438461122321
276205,525.1229109582987
276206,1686.6613855104906
276207,1473.447712938112
276208,1010.8671063160086
276209,1106.019628960507
276210,-351.3736758727648
276211,810.1647986794272
276212,596.9511261070486
276213,134.37051948494525
276214,229.5230421294434
276215,96.047062822302
276216,1257.585537374494
276217,1044.3718648021152
276218,581.7912581800119
276219,676.94378082451
276220,251.6282306604877
276221,1413.1667052126797
276222,1199.953032640301
276223,737.3724260181978
276224,832.5249486626959
276225,-343.30033793148846
276226,818.2381366207036
276227,605.024464048325
276228,142.44385742622148
276229,237.59638007071965
276230,104.12040076357823
276231,1265.6588753157703
276232,1052.4452027433915
276233,589.8645961212882
276234,685.0171187657863
276235,259.70156860176405
276236,1421.2400431539559
276237,1208.0263705815773
276238,745.445763959474
276239,840.5982866039722
276240,-549.2320262530927
276241,612.3064482990992
276242,399.09277572672056
276243,-63.487830895382785
276244,31.66469174911549
276245,-101.81128755802615
276246,1059.7271869941658
276247,846.5135144217871
276248,383.9329077996838
276249,479.08543044418195
276250,53.76988028015967
276251,1215.3083548323518
276252,1002.0946822599731
276253,539.5140756378696
276254,634.6665982823679
276255,-1174.1243711538764
276256,-12.585896601684453
276257,-225.7995691740631
276258,-688.3801757961664
276259,-593.2276531516682
276260,-726.7036324588098
276261,434.83484209338224
276262,221.6211695210036
276263,-240.95943710109975
276264,-145.8069144566016
276265,-571.122464620624
276266,590.416009931568
276267,377.20233735918936
276268,-85.37826926291405
276269,9.77425338158423
276270,332.0395113336823
276271,1493.5779858858743
276272,1280.3643133134956
276273,817.7837066913922
276274,912.9362293358904
276275,779.460250028749
276276,1940.998724580941
276277,1727.7850520085622
276278,1265.204445386459
276279,1360.356968030957
276280,935.0414178669348
276281,2096.5798924191267
276282,1883.366219846748
276283,1420.7856132246447
276284,1515.938135869143
276285,-228.43812697791725
276286,933.1003475742748
276287,719.886675001896
276288,257.3060683797927
276289,352.45859102429085
276290,218.98261171714944
276291,1380.5210862693414
276292,1167.3074136969626
276293,704.7268070748594
276294,799.8793297193575
276295,374.56377955533526
276296,1536.1022541075272
276297,1322.8885815351487
276298,860.3079749130452
276299,955.4604975575434
276300,-339.034427399489
276301,822.5040471527032
276302,609.2903745803244
276303,146.70976795822105
276304,241.8622906027192
276305,108.38631129557768
276306,1269.9247858477697
276307,1056.711113275391
276308,594.1305066532876
276309,689.2830292977858
276310,263.9674791337636
276311,1425.5059536859558
276312,1212.2922811135768
276313,749.7116744914736
276314,844.8641971359717
276315,-330.96108945821265
276316,830.5773850939794
276317,617.3637125216007
276318,154.7831058994973
276319,249.9356285439955
276320,116.45964923685392
276321,1277.998123789046
276322,1064.7844512166673
276323,602.203844594564
276324,697.3563672390621
276325,272.04081707503985
276326,1433.5792916272321
276327,1220.3656190548531
276328,757.7850124327498
276329,852.937535077248
276330,-536.8927777798169
276331,624.6456967723751
276332,411.43202419999636
276333,-51.14858242210698
276334,44.00394022239129
276335,-89.47203908475046
276336,1072.0664354674418
276337,858.8527628950629
276338,396.2721562729596
276339,491.42467891745775
276340,66.10912875343547
276341,1227.6476033056274
276342,1014.4339307332489
276343,551.8533241111454
276344,647.0058467556437
276345,-1161.7851226806008
276346,-0.24664812840853756
276347,-213.4603207007873
276348,-676.0409273228906
276349,-580.8884046783926
276350,-714.364383985534
276351,447.1740905666581
276352,233.9604179942794
276353,-228.62018862782395
276354,-133.4676659833258
276355,-558.7832161473482
276356,602.7552584048439
276357,389.5415858324651
276358,-73.03902078963824
276359,22.113501854860033
276360,344.3787598069581
276361,1505.9172343591504
276362,1292.7035617867714
276363,830.1229551646682
276364,925.2754778091663
276365,791.7994985020247
276366,1953.3379730542167
276367,1740.124300481838
276368,1277.5436938597347
276369,1372.6962165042328
276370,947.3806663402106
276371,2108.9191408924025
276372,1895.705468320024
276373,1433.1248616979206
276374,1528.2773843424188
276375,-216.09887850464145
276376,945.4395960475506
276377,732.2259234751718
276378,269.6453168530685
276379,364.79783949756666
276380,231.32186019042513
276381,1392.8603347426172
276382,1179.6466621702384
276383,717.0660555481352
276384,812.2185781926333
276385,386.90302802861106
276386,1548.441502580803
276387,1335.2278300084245
276388,872.647223386321
276389,967.7997460308192
276390,-326.6951789262132
276391,834.843295625979
276392,621.6296230536002
276393,159.04901643149685
276394,254.20153907599502
276395,120.72555976885349
276396,1282.2640343210455
276397,1069.0503617486668
276398,606.4697551265634
276399,701.6222777710616
276400,276.30672760703925
276401,1437.8452021592313
276402,1224.6315295868526
276403,762.0509229647494
276404,857.2034456092475
276405,-318.62184098493685
276406,842.9166335672552
276407,629.7029609948764
276408,167.1223543727731
276409,262.2748770172713
276410,128.79889771012972
276411,1290.3373722623219
276412,1077.1236996899431
276413,614.5430930678398
276414,709.6956157123379
276415,284.3800655483156
276416,1445.9185401005077
276417,1232.704867528129
276418,770.1242609060256
276419,865.2767835505238
276420,-524.5535293065411
276421,636.9849452456509
276422,423.7712726732722
276423,-38.80933394883107
276424,56.343188695667095
276425,-77.13279061147466
276426,1084.4056839407174
276427,871.1920113683387
276428,408.6114047462354
276429,503.76392739073356
276430,78.44837722671127
276431,1239.9868517789032
276432,1026.7731792065247
276433,564.1925725844212
276434,659.3450952289195
276435,-1149.445874207325
276436,12.092600344867265
276437,-201.1210722275115
276438,-663.7016788496151
276439,-568.5491562051168
276440,-702.0251355122584
276441,459.5133390399338
276442,246.29966646755508
276443,-216.28094015454826
276444,-121.1284175100501
276445,-546.4439676740724
276446,615.0945068781195
276447,401.88083430574096
276448,-60.69977231636244
276449,34.45275032813572
276450,356.71800828023385
276451,1518.256482832426
276452,1305.0428102600472
276453,842.462203637944
276454,937.614726282442
276455,804.1387469753005
276456,1965.6772215274925
276457,1752.4635489551138
276458,1289.8829423330105
276459,1385.0354649775086
276460,959.7199148134864
276461,2121.2583893656783
276462,1908.0447167932998
276463,1445.4641101711964
276464,1540.6166328156946
276465,-203.75963003136576
276466,957.7788445208264
276467,744.5651719484476
276468,281.9845653263443
276469,377.13708797084246
276470,243.661108663701
276471,1405.199583215893
276472,1191.9859106435142
276473,729.405304021411
276474,824.5578266659091
276475,399.2422765018868
276476,1560.7807510540788
276477,1347.5670784817003
276478,884.9864718595968
276479,980.138994504095
276480,-314.3559304529374
276481,847.1825440992548
276482,633.968871526876
276483,171.38826490477254
276484,266.54078754927076
276485,133.0648082421294
276486,1294.6032827943213
276487,1081.3896102219426
276488,618.8090035998392
276489,713.9615262443374
276490,288.6459760803151
276491,1450.1844506325074
276492,1236.9707780601284
276493,774.3901714380252
276494,869.5426940825233
276495,-306.28259251166105
276496,855.2558820405311
276497,642.0422094681522
276498,179.4616028460489
276499,274.61412549054705
276500,141.13814618340564
276501,1302.6766207355977
276502,1089.462948163219
276503,626.8823415411156
276504,722.0348641856137
276505,296.71931402159146
276506,1458.2577885737837
276507,1245.0441160014047
276508,782.4635093793014
276509,877.6160320237996
276510,-512.2142808332653
276511,649.3241937189267
276512,436.11052114654797
276513,-26.47008547555538
276514,68.68243716894278
276515,-64.79354213819875
276516,1096.7449324139934
276517,883.5312598416145
276518,420.9506532195112
276519,516.1031758640094
276520,90.78762569998707
276521,1252.3261002521792
276522,1039.1124276798005
276523,576.531821057697
276524,671.6843437021952
276525,-1137.106625734049
276526,24.431848818143067
276527,-188.7818237542357
276528,-651.362430376339
276529,-556.2099077318408
276530,-689.6858870389824
276531,471.85258751320976
276532,258.63891494083094
276533,-203.94169168127235
276534,-108.78916903677418
276535,-534.1047192007966
276536,627.4337553513956
276537,414.22008277901676
276538,-48.36052384308664
276539,46.79199880141152
276540,369.0572567535097
276541,1530.5957313057017
276542,1317.382058733323
276543,854.8014521112196
276544,949.9539747557178
276545,816.4779954485764
276546,1978.0164700007683
276547,1764.8027974283896
276548,1302.2221908062863
276549,1397.3747134507844
276550,972.0591632867622
276551,2133.597637838954
276552,1920.3839652665754
276553,1457.8033586444722
276554,1552.9558812889704
276555,-191.42038155808996
276556,970.1180929941022
276557,756.9044204217234
276558,294.3238137996201
276559,389.47633644411826
276560,256.00035713697673
276561,1417.538831689169
276562,1204.32515911679
276563,741.7445524946868
276564,836.897075139185
276565,411.58152497516255
276566,1573.1199995273548
276567,1359.906326954976
276568,897.3257203328726
276569,992.4782429773708
276570,-303.00164603581356
276571,858.5368285163785
276572,645.3231559439998
276573,182.74254932189638
276574,277.8950719663946
276575,144.419092659253
276576,1305.9575672114452
276577,1092.7438946390664
276578,630.1632880169631
276579,725.3158106614612
276580,300.00026049743894
276581,1461.538735049631
276582,1248.3250624772522
276583,785.7444558551489
276584,880.896978499647
276585,-294.9283080945372
276586,866.6101664576548
276587,653.3964938852761
276588,190.81588726317273
276589,285.9684099076709
276590,152.49243060052936
276591,1314.0309051527215
276592,1100.8172325803428
276593,638.2366259582394
276594,733.3891486027376
276595,308.0735984387153
276596,1469.612072990907
276597,1256.3984004185286
276598,793.8177937964251
276599,888.9703164409234
276600,-500.8599964161415
276601,660.6784781360504
276602,447.4648055636718
276603,-15.115801058431543
276604,80.03672158606662
276605,-53.43925772107502
276606,1108.099216831117
276607,894.8855442587384
276608,432.30493763663503
276609,527.4574602811332
276610,102.14191011711091
276611,1263.680384669303
276612,1050.4667120969243
276613,587.8861054748209
276614,683.038628119319
276615,-1125.7523413169251
276616,35.78613323526679
276617,-177.42753933711185
276618,-640.0081459592152
276619,-544.8556233147169
276620,-678.3316026218586
276621,483.2068719303335
276622,269.9931993579548
276623,-192.5874072641485
276624,-97.43488461965046
276625,-522.7504347836727
276626,638.7880397685193
276627,425.57436719614054
276628,-37.006239425962804
276629,58.14628321853536
276630,380.41154117063354
276631,1541.9500157228256
276632,1328.7363431504468
276633,866.1557365283435
276634,961.3082591728416
276635,827.8322798657001
276636,1989.3707544178922
276637,1776.1570818455134
276638,1313.57647522341
276639,1408.7289978679082
276640,983.413447703886
276641,2144.951922256078
276642,1931.7382496836992
276643,1469.157643061596
276644,1564.3101657060943
276645,-180.06609714096612
276646,981.472377411226
276647,768.2587048388473
276648,305.6780982167439
276649,400.8306208612421
276650,267.35464155410057
276651,1428.8931161062926
276652,1215.6794435339139
276653,753.0988369118106
276654,848.2513595563087
276655,422.9358093922864
276656,1584.4742839444784
276657,1371.2606113720997
276658,908.6800047499963
276659,1003.8325273944946
276660,-214.1302925638107
276661,947.4081819883813
276662,734.1945094160026
276663,271.6139027938993
276664,366.7664254383975
276665,233.29044613125586
276666,1394.828920683448
276667,1181.6152481110694
276668,719.0346414889659
276669,814.1871641334641
276670,388.87161396944174
276671,1550.410088521634
276672,1337.196415949255
276673,874.6158093271517
276674,969.76833197165
276675,-206.05695462253425
276676,955.4815199296577
276677,742.2678473572789
276678,279.6872407351756
276679,374.8397633796738
276680,241.36378407253233
276681,1402.9022586247243
276682,1189.6885860523455
276683,727.1079794302423
276684,822.2605020747404
276685,396.9449519107182
276686,1558.48342646291
276687,1345.2697538905313
276688,882.6891472684281
276689,977.8416699129262
276690,-411.98864294413875
276691,749.5498316080533
276692,536.3361590356747
276693,73.75555241357131
276694,168.90807505806958
276695,35.43209575092783
276696,1196.97057030312
276697,983.7568977307412
276698,521.1762911086379
276699,616.328813753136
276700,191.01326358911365
276701,1352.5517381413058
276702,1139.338065568927
276703,676.7574589468236
276704,771.9099815913219
276705,-1036.8809878449222
276706,124.65748670726975
276707,-88.556185865109
276708,-551.1367924872122
276709,-455.9842698427142
276710,-589.4602491498558
276711,572.0782254023363
276712,358.8645528299576
276713,-103.71605379214577
276714,-8.563531147647609
276715,-433.87908131167
276716,727.6593932405221
276717,514.4457206681434
276718,51.865114046039935
276719,147.0176366905382
276720,469.2828946426364
276721,1630.8213691948285
276722,1417.6076966224498
276723,955.0270900003463
276724,1050.1796126448446
276725,916.703633337703
276726,2078.242107889895
276727,1865.0284353175164
276728,1402.447828695413
276729,1497.6003513399112
276730,1072.2848011758888
276731,2233.823275728081
276732,2020.6096031557022
276733,1558.0289965335987
276734,1653.181519178097
276735,-91.19474366896316
276736,1070.343730883229
276737,857.1300583108501
276738,394.5494516887468
276739,489.70197433324495
276740,356.2259950261034
276741,1517.7644695782956
276742,1304.5507970059168
276743,841.9701903838135
276744,937.1227130283116
276745,511.8071628642893
276746,1673.3456374164814
276747,1460.1319648441026
276748,997.5513582219992
276749,1092.7038808664975
276750,-201.7910440905348
276751,959.7474304616572
276752,746.5337578892784
276753,283.9531512671751
276754,379.10567391167325
276755,245.62969460453178
276756,1407.1681691567237
276757,1193.9544965843452
276758,731.3738899622417
276759,826.5264126067399
276760,401.2108624427176
276761,1562.7493369949095
276762,1349.5356644225308
276763,886.9550578004275
276764,982.1075804449257
276765,-193.71770614925867
276766,967.8207684029335
276767,754.6070958305547
276768,292.0264892084514
276769,387.17901185294954
276770,253.70303254580813
276771,1415.241507098
276772,1202.0278345256213
276773,739.4472279035181
276774,834.5997505480162
276775,409.28420038399383
276776,1570.8226749361859
276777,1357.6090023638071
276778,895.0283957417038
276779,990.180918386202
276780,-399.64939447086294
276781,761.8890800813292
276782,548.6754075089505
276783,86.094800886847
276784,181.24732353134527
276785,47.771344224203744
276786,1209.3098187763958
276787,996.096146204017
276788,533.5155395819137
276789,628.6680622264118
276790,203.35251206238956
276791,1364.8909866145816
276792,1151.6773140422029
276793,689.0967074200994
276794,784.2492300645977
276795,-1024.5417393716464
276796,136.99673518054556
276797,-76.2169373918332
276798,-538.7975440139367
276799,-443.6450213694384
276800,-577.1210006765798
276801,584.4174738756121
276802,371.2038013032334
276803,-91.37680531886997
276804,3.775717325628193
276805,-421.5398328383942
276806,739.998641713798
276807,526.7849691414192
276808,64.20436251931574
276809,159.356885163814
276810,481.62214311591225
276811,1643.1606176681044
276812,1429.9469450957254
276813,967.3663384736221
276814,1062.5188611181204
276815,929.0428818109789
276816,2090.581356363171
276817,1877.3676837907922
276818,1414.7870771686887
276819,1509.939599813187
276820,1084.6240496491646
276821,2246.162524201357
276822,2032.948851628978
276823,1570.3682450068745
276824,1665.5207676513728
276825,-78.85549519568735
276826,1082.6829793565048
276827,869.4693067841258
276828,406.88870016202253
276829,502.04122280652075
276830,368.5652434993792
276831,1530.1037180515711
276832,1316.8900454791924
276833,854.3094388570893
276834,949.4619615015873
276835,524.146411337565
276836,1685.684885889757
276837,1472.4712133173784
276838,1009.890606695275
276839,1105.0431293397733
276840,-352.35017549349845
276841,809.1882990586937
276842,595.974626486315
276843,133.3940198642116
276844,228.54654250870976
276845,95.07056320156823
276846,1256.6090377537603
276847,1043.3953651813817
276848,580.8147585592783
276849,675.9672812037765
276850,250.65173103975417
276851,1412.190205591946
276852,1198.9765330195676
276853,736.3959263974641
276854,831.5484490419623
276855,-344.2768375522221
276856,817.26163699997
276857,604.0479644275913
276858,141.46735780548784
276859,236.6198804499861
276860,103.14390114284458
276861,1264.6823756950366
276862,1051.4687031226579
276863,588.8880965005546
276864,684.0406191450527
276865,258.7250689810305
276866,1420.2635435332224
276867,1207.0498709608437
276868,744.4692643387403
276869,839.6217869832386
276870,-550.2085258738264
276871,611.3299486783657
276872,398.11627610598697
276873,-64.46433051611632
276874,30.688192128381843
276875,-102.7877871787598
276876,1058.7506873734324
276877,845.5370148010536
276878,382.95640817895026
276879,478.10893082344836
276880,52.793380659426134
276881,1214.3318552116182
276882,1001.1181826392394
276883,538.537576017136
276884,633.6900986616342
276885,-1175.1008707746098
276886,-13.562396222417988
276887,-226.77606879479663
276888,-689.3566754169001
276889,-594.2041527724018
276890,-727.6801320795432
276891,433.8583424726487
276892,220.64466990026995
276893,-241.9359367218333
276894,-146.78341407733524
276895,-572.0989642413576
276896,589.4395103108345
276897,376.22583773845577
276898,-86.35476888364758
276899,8.797753760850583
276900,331.06301171294876
276901,1492.601486265141
276902,1279.387813692762
276903,816.8072070706587
276904,911.9597297151569
276905,778.4837504080153
276906,1940.0222249602073
276907,1726.8085523878285
276908,1264.2279457657253
276909,1359.3804684102233
276910,934.0649182462013
276911,2095.6033927983935
276912,1882.3897202260146
276913,1419.809113603911
276914,1514.9616362484094
276915,-229.41462659865078
276916,932.1238479535411
276917,718.9101753811625
276918,256.32956875905904
276919,351.4820914035573
276920,218.0061120964158
276921,1379.544586648608
276922,1166.330914076229
276923,703.7503074541257
276924,798.9028300986239
276925,373.5872799346017
276926,1535.1257544867935
276927,1321.912081914415
276928,859.3314752923116
276929,954.4839979368098
276930,-340.01092702022265
276931,821.5275475319695
276932,608.3138749595907
276933,145.7332683374874
276934,240.88579098198556
276935,107.40981167484404
276936,1268.948286227036
276937,1055.7346136546576
276938,593.1540070325541
276939,688.3065296770523
276940,262.9909795130299
276941,1424.5294540652221
276942,1211.3157814928431
276943,748.7351748707399
276944,843.8876975152381
276945,-331.9375890789463
276946,829.6008854732459
276947,616.3872129008671
276948,153.80660627876364
276949,248.95912892326191
276950,115.48314961612039
276951,1277.0216241683124
276952,1063.8079515959337
276953,601.2273449738304
276954,696.3798676183285
276955,271.06431745430626
276956,1432.6027920064985
276957,1219.3891194341195
276958,756.8085128120163
276959,851.9610354565144
276960,-537.8692774005506
276961,623.6691971516415
276962,410.4555245792628
276963,-52.12508204284052
276964,43.027440601657645
276965,-90.448538705484
276966,1071.0899358467082
276967,857.8762632743294
276968,395.29565665222606
276969,490.44817929672416
276970,65.13262913270182
276971,1226.671103684894
276972,1013.4574311125152
276973,550.8768244904118
276974,646.02934713491
276975,-1162.7616223013342
276976,-1.223147749142072
276977,-214.43682032152083
276978,-677.0174269436243
276979,-581.864904299126
276980,-715.3408836062677
276981,446.1975909459245
276982,232.98391837354575
276983,-229.5966882485576
276984,-134.44416560405944
276985,-559.7597157680818
276986,601.7787587841103
276987,388.56508621173157
276988,-74.01552041037189
276989,21.137002234126385
276990,343.4022601862245
276991,1504.9407347384165
276992,1291.7270621660377
276993,829.1464555439345
276994,924.2989781884328
276995,790.8229988812911
276996,1952.3614734334833
276997,1739.1478008611045
276998,1276.567194239001
276999,1371.7197168834994
277000,946.404166719477
277001,2107.9426412716693
277002,1894.7289686992904
277003,1432.148362077187
277004,1527.3008847216852
277005,-217.0753781253752
277006,944.463096426817
277007,731.2494238544382
277008,268.66881723233485
277009,363.82133987683306
277010,230.3453605696916
277011,1391.8838351218837
277012,1178.6701625495048
277013,716.0895559274015
277014,811.2420785718997
277015,385.92652840787736
277016,1547.4650029600696
277017,1334.2513303876908
277018,871.6707237655874
277019,966.8232464100856
277020,-327.67167854694685
277021,833.8667960052453
277022,620.6531234328666
277023,158.0725168107632
277024,253.22503945526137
277025,119.74906014811984
277026,1281.2875347003119
277027,1068.0738621279331
277028,605.4932555058299
277029,700.645778150328
277030,275.33022798630566
277031,1436.868702538498
277032,1223.655029966119
277033,761.0744233440157
277034,856.2269459885139
277035,-319.5983406056705
277036,841.9401339465217
277037,628.7264613741429
277038,166.14585475203944
277039,261.29837739653766
277040,127.82239808939619
277041,1289.3608726415882
277042,1076.1472000692095
277043,613.5665934471062
277044,708.7191160916043
277045,283.403565927582
277046,1444.9420404797743
277047,1231.7283679073953
277048,769.147761285292
277049,864.3002839297902
277050,-525.5300289272748
277051,636.0084456249173
277052,422.7947730525385
277053,-39.78583356956483
277054,55.36668907493345
277055,-78.1092902322082
277056,1083.429184319984
277057,870.2155117476051
277058,407.6349051255018
277059,502.78742776999997
277060,77.47187760597762
277061,1239.0103521581698
277062,1025.796679585791
277063,563.2160729636876
277064,658.3685956081858
277065,-1150.4223738280587
277066,11.11610072413373
277067,-202.09757184824514
277068,-664.6781784703485
277069,-569.5256558258504
277070,-703.0016351329919
277071,458.53683941920025
277072,245.32316684682155
277073,-217.2574397752818
277074,-122.10491713078363
277075,-547.420467294806
277076,614.118007257386
277077,400.90433468500737
277078,-61.67627193709609
277079,33.47625070740219
277080,355.74150865950025
277081,1517.2799832116925
277082,1304.0663106393135
277083,841.4857040172102
277084,936.6382266617085
277085,803.162247354567
277086,1964.7007219067589
277087,1751.4870493343803
277088,1288.9064427122769
277089,1384.0589653567752
277090,958.7434151927528
277091,2120.281889744945
277092,1907.0682171725662
277093,1444.4876105504627
277094,1539.640133194961
277095,-204.7361296520993
277096,956.8023449000929
277097,743.588672327714
277098,281.00806570561065
277099,376.16058835010887
277100,242.68460904296734
277101,1404.2230835951593
277102,1191.0094110227806
277103,728.4288044006773
277104,823.5813270451755
277105,398.2657768811532
277106,1559.8042514333454
277107,1346.5905788609666
277108,884.0099722388632
277109,979.1624948833614
277110,-315.33243007367105
277111,846.2060444785211
277112,632.9923719061424
277113,170.411765284039
277114,265.5642879285372
277115,132.08830862139564
277116,1293.6267831735877
277117,1080.4131106012092
277118,617.8325039791057
277119,712.9850266236039
277120,287.6694764595816
277121,1449.2079510117735
277122,1235.994278439395
277123,773.4136718172915
277124,868.5661944617897
277125,-307.2590921323947
277126,854.2793824197975
277127,641.0657098474187
277128,178.48510322531524
277129,273.6376258698135
277130,140.161646562672
277131,1301.700121114864
277132,1088.4864485424853
277133,625.905841920382
277134,721.0583645648801
277135,295.7428144008579
277136,1457.2812889530499
277137,1244.067616380671
277138,781.4870097585678
277139,876.639532403066
277140,-513.190780453999
277141,648.3476940981931
277142,435.1340215258144
277143,-27.446585096289027
277144,67.70593754820925
277145,-65.7700417589324
277146,1095.7684327932598
277147,882.554760220881
277148,419.9741535987776
277149,515.1266762432758
277150,89.81112607925354
277151,1251.3496006314456
277152,1038.1359280590668
277153,575.5553214369634
277154,670.7078440814616
277155,-1138.0831253547824
277156,23.45534919740942
277157,-189.75832337496922
277158,-652.3389299970727
277159,-557.1864073525744
277160,-690.6623866597158
277161,470.8760878924761
277162,257.66241532009735
277163,-204.918191302006
277164,-109.76566865750783
277165,-535.0812188215302
277166,626.4572557306619
277167,413.2435831582832
277168,-49.33702346382029
277169,45.81549918067799
277170,368.08075713277617
277171,1529.6192316849683
277172,1316.4055591125893
277173,853.8249524904861
277174,948.9774751349843
277175,815.5014958278427
277176,1977.0399703800347
277177,1763.826297807656
277178,1301.2456911855527
277179,1396.3982138300507
277180,971.0826636660287
277181,2132.621138218221
277182,1919.407465645842
277183,1456.8268590237385
277184,1551.9793816682368
277185,-192.3968811788235
277186,969.1415933733686
277187,755.9279208009899
277188,293.34731417888645
277189,388.4998368233847
277190,255.02385751624314
277191,1416.5623320684354
277192,1203.3486594960564
277193,740.7680528739531
277194,835.9205755184513
277195,410.605025354429
277196,1572.143499906621
277197,1358.9298273342424
277198,896.349220712139
277199,991.5017433566372
277200,-302.99318160039525
277201,858.5452929517969
277202,645.3316203794182
277203,182.7510137573148
277204,277.90353640181297
277205,144.42755709467144
277206,1305.9660316468635
277207,1092.752359074485
277208,630.1717524523815
277209,725.3242750968797
277210,300.0087249328573
277211,1461.5471994850495
277212,1248.3335269126705
277213,785.7529202905673
277214,880.9054429350655
277215,-294.9198436591189
277216,866.6186308930733
277217,653.4049583206945
277218,190.82435169859104
277219,285.9768743430893
277220,152.5008950359478
277221,1314.0393695881398
277222,1100.825697015761
277223,638.2450903936578
277224,733.3976130381559
277225,308.08206287413367
277226,1469.6205374263259
277227,1256.406864853947
277228,793.8262582318436
277229,888.9787808763418
277230,-500.85153198072317
277231,660.6869425714689
277232,447.47326999909023
277233,-15.107336623013111
277234,80.04518602148505
277235,-53.43079328565659
277236,1108.1076812665356
277237,894.8940086941568
277238,432.3134020720534
277239,527.4659247165516
277240,102.15037455252923
277241,1263.6888491047214
277242,1050.4751765323426
277243,587.8945699102392
277244,683.0470925547374
277245,-1125.7438768815068
277246,35.79459767068522
277247,-177.41907490169353
277248,-639.9996815237969
277249,-544.8471588792986
277250,-678.3231381864402
277251,483.2153363657519
277252,270.0016637933731
277253,-192.5789428287302
277254,-97.42642018423214
277255,-522.7419703482544
277256,638.7965042039377
277257,425.582831631559
277258,-36.997774990544485
277259,58.15474765395368
277260,380.4200056060519
277261,1541.958480158244
277262,1328.7448075858651
277263,866.1642009637619
277264,961.31672360826
277265,827.8407443011185
277266,1989.3792188533105
277267,1776.1655462809317
277268,1313.5849396588285
277269,1408.7374623033265
277270,983.4219121393044
277271,2144.9603866914968
277272,1931.7467141191178
277273,1469.1661074970143
277274,1564.3186301415126
277275,-180.0576327055478
277276,981.4808418466444
277277,768.2671692742656
277278,305.68656265216225
277279,400.83908529666047
277280,267.36310598951894
277281,1428.9015805417112
277282,1215.6879079693322
277283,753.1073013472289
277284,848.2598239917271
277285,422.94427382770476
277286,1584.482748379897
277287,1371.2690758075182
277288,908.6884691854148
277289,1003.840991829913
277290,-214.12182812839228
277291,947.4166464237999
277292,734.202973851421
277293,271.6223672293177
277294,366.77488987381594
277295,233.2989105666743
277296,1394.8373851188662
277297,1181.6237125464877
277298,719.0431059243843
277299,814.1956285688825
277300,388.8800784048601
277301,1550.4185529570523
277302,1337.2048803846735
277303,874.62427376257
277304,969.7767964070683
277305,-206.04849018711582
277306,955.4899843650761
277307,742.2763117926974
277308,279.695705170594
277309,374.84822781509223
277310,241.37224850795076
277311,1402.9107230601426
277312,1189.697050487764
277313,727.1164438656607
277314,822.2689665101589
277315,396.9534163461366
277316,1558.4918908983284
277317,1345.2782183259499
277318,882.6976117038464
277319,977.8501343483447
277320,-411.9801785087204
277321,749.5582960434717
277322,536.344623471093
277323,73.76401684898963
277324,168.9165394934879
277325,35.44056018634626
277326,1196.9790347385383
277327,983.7653621661595
277328,521.1847555440563
277329,616.3372781885545
277330,191.02172802453208
277331,1352.5602025767244
277332,1139.3465300043454
277333,676.765923382242
277334,771.9184460267403
277335,-1036.8725234095039
277336,124.66595114268819
277337,-88.54772142969057
277338,-551.1283280517939
277339,-455.97580540729587
277340,-589.4517847144373
277341,572.0866898377546
277342,358.873017265376
277343,-103.70758935672734
277344,-8.555066712229177
277345,-433.8706168762517
277346,727.6678576759405
277347,514.4541851035618
277348,51.87357848145837
277349,147.02610112595664
277350,469.2913590780548
277351,1630.8298336302469
277352,1417.616161057868
277353,955.0355544357648
277354,1050.1880770802632
277355,916.7120977731214
277356,2078.2505723253134
277357,1865.0368997529347
277358,1402.4562931308315
277359,1497.6088157753297
277360,1072.293265611307
277361,2233.8317401634995
277362,2020.6180675911207
277363,1558.037460969017
277364,1653.1899836135153
277365,-91.18627923354472
277366,1070.3521953186473
277367,857.1385227462686
277368,394.5579161241652
277369,489.7104387686634
277370,356.23445946152185
277371,1517.772934013714
277372,1304.5592614413351
277373,841.9786548192319
277374,937.13117746373
277375,511.81562729970767
277376,1673.3541018518997
277377,1460.140429279521
277378,997.5598226574176
277379,1092.7123453019158
277380,-201.78257965511648
277381,959.7558948970756
277382,746.5422223246968
277383,283.9616157025935
277384,379.1141383470917
277385,245.63815903995015
277386,1407.176633592142
277387,1193.9629610197635
277388,731.3823543976602
277389,826.5348770421583
277390,401.21932687813603
277391,1562.757801430328
277392,1349.5441288579493
277393,886.963522235846
277394,982.1160448803441
277395,-193.70924171384013
277396,967.8292328383519
277397,754.6155602659732
277398,292.0349536438698
277399,387.187476288368
277400,253.7114969812265
277401,1415.2499715334184
277402,1202.0362989610398
277403,739.4556923389365
277404,834.6082149834347
277405,409.29266481941227
277406,1570.8311393716044
277407,1357.6174667992257
277408,895.0368601771222
277409,990.1893828216205
277410,-399.6409300354444
277411,761.8975445167475
277412,548.6838719443688
277413,86.10326532226554
277414,181.2557879667637
277415,47.77980865962218
277416,1209.318283211814
277417,996.1046106394354
277418,533.5240040173321
277419,628.6765266618302
277420,203.360976497808
277421,1364.89945105
277422,1151.6857784776212
277423,689.1051718555178
277424,784.2576945000161
277425,-1024.533274936228
277426,137.00519961596387
277427,-76.20847295641488
277428,-538.7890795785183
277429,-443.63655693402006
277430,-577.1125362411615
277431,584.4259383110304
277432,371.2122657386518
277433,-91.36834088345154
277434,3.784181761046625
277435,-421.53136840297566
277436,740.0071061492163
277437,526.7934335768376
277438,64.21282695473428
277439,159.36534959923245
277440,481.6306075513307
277441,1643.1690821035227
277442,1429.955409531144
277443,967.3748029090407
277444,1062.5273255535387
277445,929.0513462463973
277446,2090.5898207985892
277447,1877.3761482262105
277448,1414.7955416041073
277449,1509.9480642486055
277450,1084.6325140845831
277451,2246.1709886367753
277452,2032.9573160643965
277453,1570.376709442293
277454,1665.5292320867911
277455,-78.84703076026904
277456,1082.6914437919231
277457,869.4777712195444
277458,406.89716459744096
277459,502.0496872419392
277460,368.5737079347976
277461,1530.1121824869897
277462,1316.898509914611
277463,854.3179032925076
277464,949.4704259370058
277465,524.1548757729835
277466,1685.6933503251755
277467,1472.4796777527968
277468,1009.8990711306934
277469,1105.0515937751916
277470,-352.3417110580799
277471,809.1967634941121
277472,595.9830909217335
277473,133.40248429963003
277474,228.5550069441283
277475,95.07902763698667
277476,1256.6175021891788
277477,1043.4038296168
277478,580.8232229946966
277479,675.9757456391949
277480,250.66019547517254
277481,1412.1986700273646
277482,1198.984997454986
277483,736.4043908328825
277484,831.5569134773807
277485,-344.26837311680356
277486,817.2701014353884
277487,604.0564288630097
277488,141.47582224090638
277489,236.62834488540454
277490,103.15236557826302
277491,1264.690840130455
277492,1051.4771675580764
277493,588.896560935973
277494,684.0490835804711
277495,258.7335334164489
277496,1420.272007968641
277497,1207.0583353962622
277498,744.4777287741588
277499,839.630251418657
277500,-550.2000614384078
277501,611.3384131137841
277502,398.1247405414054
277503,-64.45586608069789
277504,30.696656563800275
277505,-102.77932274334137
277506,1058.7591518088507
277507,845.5454792364719
277508,382.96487261436863
277509,478.1173952588668
277510,52.801845094844566
277511,1214.3403196470365
277512,1001.1266470746579
277513,538.5460404525544
277514,633.6985630970527
277515,-1175.0924063391915
277516,-13.553931786999556
277517,-226.7676043593783
277518,-689.3482109814818
277519,-594.1956883369835
277520,-727.6716676441249
277521,433.86680690806713
277522,220.65313433568838
277523,-241.92747228641497
277524,-146.7749496419168
277525,-572.0904998059391
277526,589.447974746253
277527,376.23430217387414
277528,-86.34630444822915
277529,8.806218196269015
277530,331.0714761483672
277531,1492.6099507005592
277532,1279.3962781281805
277533,816.815671506077
277534,911.9681941505753
277535,778.4922148434338
277536,1940.0306893956258
277537,1726.817016823247
277538,1264.2364102011438
277539,1359.3889328456419
277540,934.0733826816197
277541,2095.611857233812
277542,1882.3981846614329
277543,1419.8175780393294
277544,1514.9701006838277
277545,-229.40616216323235
277546,932.1323123889596
277547,718.9186398165809
277548,256.3380331944775
277549,351.49055583897575
277550,218.01457653183422
277551,1379.5530510840263
277552,1166.3393785116475
277553,703.7587718895442
277554,798.9112945340423
277555,373.5957443700201
277556,1535.1342189222123
277557,1321.9205463498333
277558,859.33993972773
277559,954.4924623722281
277560,-340.0024625848041
277561,821.5360119673879
277562,608.3223393950092
277563,145.74173277290583
277564,240.894255417404
277565,107.41827611026247
277566,1268.9567506624544
277567,1055.7430780900759
277568,593.1624714679724
277569,688.3149941124707
277570,262.9994439484483
277571,1424.5379185006404
277572,1211.3242459282617
277573,748.7436393061583
277574,843.8961619506565
277575,-331.92912464352776
277576,829.6093499086643
277577,616.3956773362855
277578,153.81507071418218
277579,248.96759335868035
277580,115.49161405153882
277581,1277.0300886037307
277582,1063.8164160313522
277583,601.2358094092488
277584,696.3883320537469
277585,271.07278188972464
277586,1432.6112564419168
277587,1219.397583869538
277588,756.8169772474346
277589,851.9694998919329
277590,-537.8608129651323
277591,623.6776615870599
277592,410.46398901468115
277593,-52.1166176074222
277594,43.03590503707596
277595,-90.44007427006557
277596,1071.0984002821265
277597,857.8847277097477
277598,395.30412108764443
277599,490.4566437321426
277600,65.14109356812025
277601,1226.6795681203123
277602,1013.4658955479335
277603,550.8852889258302
277604,646.0378115703285
277605,-1162.753157865916
277606,-1.2146833137237536
277607,-214.4283558861025
277608,-677.008962508206
277609,-581.8564398637077
277610,-715.3324191708491
277611,446.2060553813428
277612,232.99238280896418
277613,-229.58822381313917
277614,-134.435701168641
277615,-559.7512513326635
277616,601.7872232195286
277617,388.57355064714994
277618,-74.00705597495346
277619,21.145466669544703
277620,343.41072462164294
277621,1504.949199173835
277622,1291.7355266014563
277623,829.1549199793528
277624,924.3074426238511
277625,790.8314633167096
277626,1952.3699378689016
277627,1739.156265296523
277628,1276.5756586744196
277629,1371.728181318918
277630,946.4126311548954
277631,2107.9511057070877
277632,1894.7374331347087
277633,1432.1568265126052
277634,1527.3093491571035
277635,-217.06691368995666
277636,944.4715608622354
277637,731.2578882898567
277638,268.6772816677533
277639,363.8298043122515
277640,230.3538250051099
277641,1391.892299557302
277642,1178.6786269849233
277643,716.09802036282
277644,811.2505430073181
277645,385.93499284329573
277646,1547.473467395488
277647,1334.2597948231091
277648,871.6791882010058
277649,966.831710845504
277650,-327.66321411152853
277651,833.8752604406637
277652,620.661587868285
277653,158.08098124618164
277654,253.2335038906798
277655,119.75752458353816
277656,1281.2959991357302
277657,1068.0823265633517
277658,605.5017199412482
277659,700.6542425857465
277660,275.3386924217241
277661,1436.8771669739162
277662,1223.6634944015375
277663,761.082887779434
277664,856.2354104239323
277665,-319.5898761702522
277666,841.94859838194
277667,628.7349258095613
277668,166.15431918745787
277669,261.3068418319561
277670,127.8308625248145
277671,1289.3693370770065
277672,1076.155664504628
277673,613.5750578825246
277674,708.7275805270227
277675,283.41203036300044
277676,1444.9505049151926
277677,1231.7368323428138
277678,769.1562257207104
277679,864.3087483652085
277680,-525.5215644918565
277681,636.0169100603357
277682,422.80323748795695
277683,-39.7773691341464
277684,55.37515351035188
277685,-78.10082579678988
277686,1083.4376487554023
277687,870.2239761830235
277688,407.6433695609202
277689,502.79589220541834
277690,77.48034204139606
277691,1239.0188165935883
277692,1025.8051440212093
277693,563.224537399106
277694,658.3770600436042
277695,-1150.4139093926399
277696,11.124565159552048
277697,-202.0891074128266
277698,-664.6697140349299
277699,-569.5171913904319
277700,-702.9931706975733
277701,458.5453038546187
277702,245.33163128223998
277703,-217.24897533986336
277704,-122.0964526953652
277705,-547.4120028593877
277706,614.1264716928044
277707,400.9127991204258
277708,-61.66780750167766
277709,33.48471514282062
277710,355.7499730949187
277711,1517.2884476471108
277712,1304.074775074732
277713,841.4941684526286
277714,936.6466910971269
277715,803.1707117899853
277716,1964.7091863421774
277717,1751.4955137697987
277718,1288.9149071476952
277719,1384.0674297921935
277720,958.7518796281712
277721,2120.2903541803635
277722,1907.0766816079847
277723,1444.496074985881
277724,1539.6485976303793
277725,-204.72766521668086
277726,956.8108093355112
277727,743.5971367631325
277728,281.0165301410291
277729,376.1690527855273
277730,242.69307347838577
277731,1404.2315480305779
277732,1191.0178754581991
277733,728.4372688360958
277734,823.5897914805939
277735,398.27424131657165
277736,1559.8127158687637
277737,1346.599043296385
277738,884.0184366742816
277739,979.1709593187798
277740,-315.3239656382525
277741,846.2145089139395
277742,633.0008363415608
277743,170.42022971945744
277744,265.57275236395566
277745,132.09677305681407
277746,1293.6352476090062
277747,1080.4215750366275
277748,617.840968414524
277749,712.9934910590223
277750,287.67794089499995
277751,1449.216415447192
277752,1236.0027428748133
277753,773.4221362527098
277754,868.5746588972081
277755,-307.25062769697615
277756,854.2878468552159
277757,641.0741742828371
277758,178.4935676607338
277759,273.64609030523195
277760,140.17011099809042
277761,1301.7085855502824
277762,1088.4949129779038
277763,625.9143063558004
277764,721.0668290002985
277765,295.7512788362763
277766,1457.2897533884684
277767,1244.0760808160896
277768,781.4954741939862
277769,876.6479968384845
277770,-513.1823160185804
277771,648.3561585336115
277772,435.1424859612328
277773,-27.43812066087048
277774,67.71440198362768
277775,-65.76157732351396
277776,1095.776897228678
277777,882.5632246562993
277778,419.98261803419604
277779,515.1351406786941
277780,89.81959051467197
277781,1251.358065066864
277782,1038.1443924944851
277783,575.5637858723818
277784,670.7163085168801
277785,-1138.074660919364
277786,23.46381363282785
277787,-189.7498589395509
277788,-652.3304655616544
277789,-557.1779429171561
277790,-690.6539222242975
277791,470.88455232789454
277792,257.6708797555158
277793,-204.90972686658756
277794,-109.7572042220894
277795,-535.0727543861117
277796,626.4657201660804
277797,413.25204759370155
277798,-49.32855902840174
277799,45.82396361609642
277800,368.0892215681946
277801,1529.6276961203866
277802,1316.414023548008
277803,853.8334169259044
277804,948.9859395704027
277805,815.5099602632612
277806,1977.0484348154532
277807,1763.8347622430745
277808,1301.2541556209712
277809,1396.4066782654693
277810,971.0911281014471
277811,2132.6296026536393
277812,1919.4159300812603
277813,1456.8353234591568
277814,1551.987846103655
277815,-192.38841674340506
277816,969.1500578087871
277817,755.9363852364083
277818,293.3557786143049
277819,388.50830125880316
277820,255.03232195166152
277821,1416.5707965038537
277822,1203.357123931475
277823,740.7765173093716
277824,835.9290399538697
277825,410.6134897898474
277826,1572.1519643420397
277827,1358.9382917696607
277828,896.3576851475574
277829,991.5102077920556
277830,-302.9847171649767
277831,858.5537573872153
277832,645.3400848148366
277833,182.75947819273324
277834,277.9120008372314
277835,144.43602153008987
277836,1305.9744960822818
277837,1092.7608235099033
277838,630.1802168877998
277839,725.332739532298
277840,300.0171893682757
277841,1461.5556639204679
277842,1248.341991348089
277843,785.7613847259857
277844,880.9139073704839
277845,-294.91137922370035
277846,866.6270953284916
277847,653.4134227561129
277848,190.83281613400948
277849,285.98533877850775
277850,152.50935947136622
277851,1314.0478340235582
277852,1100.8341614511796
277853,638.2535548290762
277854,733.4060774735743
277855,308.09052730955204
277856,1469.6290018617442
277857,1256.4153292893652
277858,793.834722667262
277859,888.9872453117603
277860,-500.84306754530485
277861,660.6954070068873
277862,447.48173443450855
277863,-15.098872187594793
277864,80.05365045690337
277865,-53.42232885023816
277866,1108.1161457019539
277867,894.9024731295751
277868,432.32186650747184
277869,527.47438915197
277870,102.15883898794766
277871,1263.6973135401397
277872,1050.483640967761
277873,587.9030343456576
277874,683.0555569901559
277875,-1125.7354124460883
277876,35.80306210610365
277877,-177.4106104662751
277878,-639.9912170883783
277879,-544.8386944438801
277880,-678.3146737510217
277881,483.2238008011702
277882,270.01012822879153
277883,-192.57047839331176
277884,-97.41795574881371
277885,-522.7335059128361
277886,638.804968639356
277887,425.59129606697735
277888,-36.98931055512605
277889,58.16321208937211
277890,380.42847004147035
277891,1541.9669445936624
277892,1328.7532720212837
277893,866.1726653991802
277894,961.3251880436785
277895,827.849208736537
277896,1989.3876832887288
277897,1776.1740107163503
277898,1313.593404094247
277899,1408.745926738745
277900,983.4303765747228
277901,2144.968851126915
277902,1931.755178554536
277903,1469.1745719324326
277904,1564.327094576931
277905,-180.04916827012926
277906,981.4893062820628
277907,768.2756337096841
277908,305.6950270875807
277909,400.8475497320789
277910,267.3715704249373
277911,1428.9100449771295
277912,1215.6963724047507
277913,753.1157657826474
277914,848.2682884271455
277915,422.95273826312314
277916,1584.4912128153153
277917,1371.2775402429365
277918,908.6969336208332
277919,1003.8494562653314
277920,-214.11336369297396
277921,947.4251108592182
277922,734.2114382868394
277923,271.6308316647361
277924,366.7833543092343
277925,233.30737500209273
277926,1394.8458495542848
277927,1181.632176981906
277928,719.0515703598028
277929,814.204093004301
277930,388.88854284027855
277931,1550.4270173924706
277932,1337.213344820092
277933,874.6327381979886
277934,969.7852608424868
277935,-206.04002575169739
277936,955.4984488004945
277937,742.2847762281158
277938,279.7041696060124
277939,374.8566922505106
277940,241.38071294336913
277941,1402.9191874955611
277942,1189.7055149231824
277943,727.124908301079
277944,822.2774309455772
277945,396.961880781555
277946,1558.500355333747
277947,1345.2866827613682
277948,882.7060761392648
277949,977.858598783763
277950,-411.9717140733019
277951,749.5667604788902
277952,536.3530879065114
277953,73.77248128440806
277954,168.92500392890634
277955,35.44902462176469
277956,1196.9874991739566
277957,983.773826601578
277958,521.1932199794746
277959,616.3457426239729
277960,191.0301924599505
277961,1352.5686670121427
277962,1139.354994439764
277963,676.7743878176605
277964,771.9269104621587
277965,-1036.8640589740855
277966,124.6744155781065
277967,-88.53925699427225
277968,-551.1198636163756
277969,-455.96734097187755
277970,-589.443320279019
277971,572.0951542731731
277972,358.88148170079444
277973,-103.69912492130891
277974,-8.546602276810745
277975,-433.86215244083314
277976,727.6763221113589
277977,514.4626495389803
277978,51.8820429168768
277979,147.03456556137508
277980,469.2998235134732
277981,1630.8382980656652
277982,1417.6246254932867
277983,955.0440188711832
277984,1050.1965415156815
277985,916.7205622085398
277986,2078.2590367607318
277987,1865.0453641883532
277988,1402.4647575662498
277989,1497.617280210748
277990,1072.3017300467257
277991,2233.840204598918
277992,2020.626532026539
277993,1558.0459254044356
277994,1653.1984480489339
277995,-91.17781479812629
277996,1070.3606597540656
277997,857.1469871816869
277998,394.5663805595836
277999,489.7189032040818
278000,356.2429238969402
278001,1517.7813984491322
278002,1304.5677258767537
278003,841.9871192546502
278004,937.1396418991484
278005,511.8240917351261
278006,1673.3625662873183
278007,1460.1488937149395
278008,997.568287092836
278009,1092.720809737334
278010,-201.77411521969793
278011,959.764359332494
278012,746.5506867601152
278013,283.97008013801195
278014,379.1226027825101
278015,245.64662347536859
278016,1407.1850980275606
278017,1193.9714254551818
278018,731.3908188330786
278019,826.5433414775767
278020,401.2277913135544
278021,1562.7662658657464
278022,1349.5525932933679
278023,886.9719866712644
278024,982.1245093157626
278025,-193.7007772784218
278026,967.8376972737703
278027,754.6240247013916
278028,292.04341807928824
278029,387.1959407237864
278030,253.71996141664494
278031,1415.258435968837
278032,1202.0447633964582
278033,739.4641567743548
278034,834.616679418853
278035,409.30112925483064
278036,1570.8396038070227
278037,1357.6259312346442
278038,895.0453246125406
278039,990.1978472570388
278040,-399.63246560002585
278041,761.906008952166
278042,548.6923363797873
278043,86.11172975768386
278044,181.26425240218214
278045,47.788273095040495
278046,1209.3267476472327
278047,996.1130750748538
278048,533.5324684527504
278049,628.6849910972486
278050,203.36944093322631
278051,1364.9079154854185
278052,1151.6942429130397
278053,689.1136362909363
278054,784.2661589354344
278055,-1024.5248105008097
278056,137.0136640513823
278057,-76.20000852099633
278058,-538.7806151430998
278059,-443.6280924986015
278060,-577.1040718057432
278061,584.434402746449
278062,371.2207301740702
278063,-91.3598764480331
278064,3.792646196465057
278065,-421.5229039675571
278066,740.0155705846348
278067,526.8018980122561
278068,64.2212913901526
278069,159.37381403465088
278070,481.6390719867491
278071,1643.177546538941
278072,1429.9638739665625
278073,967.383267344459
278074,1062.5357899889573
278075,929.0598106818156
278076,2090.5982852340076
278077,1877.3846126616288
278078,1414.8040060395256
278079,1509.9565286840239
278080,1084.6409785200015
278081,2246.1794530721936
278082,2032.9657804998149
278083,1570.3851738777114
278084,1665.5376965222097
278085,-78.83856632485049
278086,1082.6999082273414
278087,869.4862356549627
278088,406.9056290328594
278089,502.0581516773576
278090,368.582172370216
278091,1530.120646922408
278092,1316.9069743500293
278093,854.326367727926
278094,949.4788903724242
278095,524.1633402084019
278096,1685.7018147605938
278097,1472.4881421882153
278098,1009.9075355661118
278099,1105.06005821061
278100,-352.3332466226616
278101,809.2052279295306
278102,595.9915553571518
278103,133.41094873504846
278104,228.56347137954663
278105,95.0874920724051
278106,1256.6259666245971
278107,1043.4122940522184
278108,580.8316874301152
278109,675.9842100746132
278110,250.66865991059092
278111,1412.207134462783
278112,1198.9934618904044
278113,736.412855268301
278114,831.5653779127991
278115,-344.25990868138524
278116,817.2785658708068
278117,604.0648932984282
278118,141.4842866763247
278119,236.63680932082298
278120,103.16083001368145
278121,1264.6993045658733
278122,1051.4856319934947
278123,588.9050253713914
278124,684.0575480158896
278125,258.74199785186727
278126,1420.2804724040593
278127,1207.0667998316806
278128,744.4861932095772
278129,839.6387158540754
278130,-550.1915970029893
278131,611.3468775492025
278132,398.13320497682383
278133,-64.44740164527946
278134,30.705120999218707
278135,-102.77085830792294
278136,1058.767616244269
278137,845.5539436718904
278138,382.973337049787
278139,478.12585969428517
278140,52.810309530262884
278141,1214.348784082455
278142,1001.1351115100762
278143,538.5545048879728
278144,633.7070275324711
278145,-1175.0839419037732
278146,-13.545467351581124
278147,-226.75913992395988
278148,-689.3397465460635
278149,-594.1872239015652
278150,-727.6632032087066
278151,433.87527134348545
278152,220.6615987711067
278153,-241.91900785099665
278154,-146.7664852064985
278155,-572.0820353705208
278156,589.4564391816713
278157,376.2427666092926
278158,-86.33784001281083
278159,8.814682631687333
278160,331.07994058378557
278161,1492.6184151359776
278162,1279.4047425635988
278163,816.8241359414955
278164,911.9766585859936
278165,778.5006792788522
278166,1940.0391538310441
278167,1726.8254812586656
278168,1264.2448746365621
278169,1359.3973972810604
278170,934.081847117038
278171,2095.62032166923
278172,1882.4066490968514
278173,1419.826042474748
278174,1514.978565119246
278175,-229.39769772781392
278176,932.140776824378
278177,718.9271042519993
278178,256.3464976298959
278179,351.49902027439407
278180,218.02304096725254
278181,1379.5615155194446
278182,1166.3478429470658
278183,703.7672363249626
278184,798.9197589694608
278185,373.6042088054385
278186,1535.1426833576306
278187,1321.9290107852516
278188,859.3484041631484
278189,954.5009268076466
278190,-339.9939981493858
278191,821.5444764028064
278192,608.3308038304276
278193,145.75019720832415
278194,240.90271985282243
278195,107.42674054568079
278196,1268.965215097873
278197,1055.7515425254942
278198,593.1709359033908
278199,688.323458547889
278200,263.0079083838667
278201,1424.5463829360588
278202,1211.3327103636802
278203,748.7521037415768
278204,843.9046263860749
278205,-331.92066020810944
278206,829.6178143440826
278207,616.404141771704
278208,153.8235351496005
278209,248.97605779409872
278210,115.50007848695714
278211,1277.0385530391493
278212,1063.8248804667705
278213,601.2442738446672
278214,696.3967964891654
278215,271.08124632514307
278216,1432.619720877335
278217,1219.4060483049564
278218,756.825441682853
278219,851.9779643273512
278220,-537.8523485297137
278221,623.6861260224782
278222,410.4724534500996
278223,-52.10815317200377
278224,43.04436947249451
278225,-90.43160983464713
278226,1071.1068647175448
278227,857.8931921451662
278228,395.3125855230628
278229,490.46510816756097
278230,65.14955800353869
278231,1226.6880325557308
278232,1013.4743599833521
278233,550.8937533612486
278234,646.0462760057469
278235,-1162.7446934304974
278236,-1.2062188783054353
278237,-214.41989145068396
278238,-677.0004980727874
278239,-581.8479754282891
278240,-715.3239547354308
278241,446.21451981676125
278242,233.0008472443826
278243,-229.57975937772073
278244,-134.42723673322257
278245,-559.742786897245
278246,601.7956876549471
278247,388.5820150825684
278248,-73.99859153953503
278249,21.15393110496325
278250,343.4191890570613
278251,1504.9576636092534
278252,1291.7439910368746
278253,829.1633844147713
278254,924.3159070592695
278255,790.839927752128
278256,1952.3784023043202
278257,1739.1647297319414
278258,1276.584123109838
278259,1371.7366457543362
278260,946.4210955903138
278261,2107.959570142506
278262,1894.7458975701272
278263,1432.1652909480238
278264,1527.317813592522
278265,-217.05844925453835
278266,944.4800252976538
278267,731.266352725275
278268,268.68574610317165
278269,363.8382687476699
278270,230.36228944052834
278271,1391.9007639927204
278272,1178.6870914203416
278273,716.1064847982384
278274,811.2590074427366
278275,385.94345727871416
278276,1547.4819318309062
278277,1334.2682592585275
278278,871.6876526364242
278279,966.8401752809224
278280,-327.65474967611
278281,833.8837248760822
278282,620.6700523037034
278283,158.08944568160007
278284,253.24196832609823
278285,119.76598901895659
278286,1281.3044635711487
278287,1068.09079099877
278288,605.5101843766666
278289,700.6627070211648
278290,275.34715685714247
278291,1436.8856314093346
278292,1223.6719588369558
278293,761.0913522148525
278294,856.2438748593506
278295,-319.58141173483364
278296,841.9570628173584
278297,628.7433902449798
278298,166.1627836228763
278299,261.3153062673745
278300,127.83932696023294
278301,1289.377801512425
278302,1076.1641289400463
278303,613.583522317943
278304,708.7360449624412
278305,283.4204947984188
278306,1444.958969350611
278307,1231.7452967782322
278308,769.1646901561287
278309,864.317212800627
278310,-525.5131000564379
278311,636.0253744957541
278312,422.8117019233754
278313,-39.768904698727965
278314,55.38361794577031
278315,-78.09236136137145
278316,1083.4461131908206
278317,870.232440618442
278318,407.6518339963386
278319,502.8043566408368
278320,77.48880647681449
278321,1239.0272810290066
278322,1025.8136084566277
278323,563.2330018345244
278324,658.3855244790226
278325,-1150.4054449572216
278326,11.13302959497048
278327,-202.08064297740827
278328,-664.6612495995116
278329,-569.5087269550136
278330,-702.984706262155
278331,458.5537682900371
278332,245.34009571765841
278333,-217.24051090444493
278334,-122.08798825994677
278335,-547.4035384239692
278336,614.1349361282229
278337,400.9212635558441
278338,-61.659343066259225
278339,33.49317957823905
278340,355.7584375303371
278341,1517.2969120825292
278342,1304.0832395101506
278343,841.5026328880471
278344,936.6551555325453
278345,803.1791762254037
278346,1964.717650777596
278347,1751.5039782052172
278348,1288.9233715831137
278349,1384.075894227612
278350,958.7603440635896
278351,2120.298818615782
278352,1907.085146043403
278353,1444.5045394212996
278354,1539.6570620657978
278355,-204.71920078126243
278356,956.8192737709296
278357,743.6056011985509
278358,281.0249945764475
278359,376.17751722094573
278360,242.70153791380415
278361,1404.2400124659962
278362,1191.0263398936174
278363,728.4457332715142
278364,823.5982559160124
278365,398.28270575199
278366,1559.8211803041822
278367,1346.6075077318033
278368,884.0269011097
278369,979.1794237541982
278370,-315.3155012028342
278371,846.222973349358
278372,633.0093007769792
278373,170.42869415487576
278374,265.58121679937403
278375,132.1052374922325
278376,1293.6437120444245
278377,1080.4300394720458
278378,617.8494328499424
278379,713.0019554944406
278380,287.6864053304183
278381,1449.2248798826104
278382,1236.0112073102318
278383,773.4306006881283
278384,868.5831233326265
278385,-307.24216326155783
278386,854.2963112906342
278387,641.0826387182556
278388,178.5020320961521
278389,273.6545547406503
278390,140.17857543350885
278391,1301.7170499857007
278392,1088.5033774133221
278393,625.9227707912188
278394,721.075293435717
278395,295.7597432716947
278396,1457.2982178238867
278397,1244.084545251508
278398,781.5039386294046
278399,876.6564612739028
278400,-513.1738515831619
278401,648.3646229690299
278402,435.15095039665124
278403,-27.429656225452163
278404,67.72286641904611
278405,-65.75311288809553
278406,1095.7853616640964
278407,882.5716890917178
278408,419.9910824696144
278409,515.1436051141126
278410,89.82805495009029
278411,1251.3665295022824
278412,1038.1528569299035
278413,575.5722503078002
278414,670.7247729522984
278415,-1138.0661964839458
278416,23.472278068246283
278417,-189.74139450413247
278418,-652.3220011262358
278419,-557.1694784817375
278420,-690.6454577888792
278421,470.89301676331286
278422,257.6793441909341
278423,-204.90126243116924
278424,-109.74873978667108
278425,-535.0642899506934
278426,626.4741846014987
278427,413.26051202912
278428,-49.32009459298342
278429,45.83242805151474
278430,368.097686003613
278431,1529.636160555805
278432,1316.4224879834262
278433,853.8418813613229
278434,948.994404005821
278435,815.5184246986796
278436,1977.0568992508715
278437,1763.843226678493
278438,1301.2626200563896
278439,1396.4151427008878
278440,971.0995925368654
278441,2132.6380670890576
278442,1919.4243945166788
278443,1456.8437878945754
278444,1551.9963105390734
278445,-192.37995230798674
278446,969.1585222442054
278447,755.9448496718267
278448,293.3642430497233
278449,388.5167656942215
278450,255.04078638707995
278451,1416.579260939272
278452,1203.3655883668932
278453,740.78498174479
278454,835.9375043892882
278455,410.62195422526577
278456,1572.160428777458
278457,1358.946756205079
278458,896.3661495829758
278459,991.518672227474
278460,-302.9762527295584
278461,858.5622218226337
278462,645.348549250255
278463,182.76794262815156
278464,277.9204652726498
278465,144.4444859655082
278466,1305.9829605177003
278467,1092.7692879453216
278468,630.1886813232182
278469,725.3412039677164
278470,300.0256538036941
278471,1461.5641283558862
278472,1248.3504557835074
278473,785.7698491614042
278474,880.9223718059022
278475,-294.90291478828203
278476,866.63555976391
278477,653.4218871915313
278478,190.8412805694279
278479,285.99380321392607
278480,152.51782390678454
278481,1314.0562984589765
278482,1100.842625886598
278483,638.2620192644946
278484,733.4145419089928
278485,308.0989917449705
278486,1469.6374662971625
278487,1256.4237937247838
278488,793.8431871026804
278489,888.9957097471786
278490,-500.8346031098863
278491,660.7038714423056
278492,447.490198869927
278493,-15.090407752176361
278494,80.0621148923218
278495,-53.41386441481973
278496,1108.1246101373722
278497,894.9109375649936
278498,432.3303309428902
278499,527.4828535873884
278500,102.16730342336609
278501,1263.7057779755582
278502,1050.4921054031795
278503,587.911498781076
278504,683.0640214255742
278505,-1125.72694801067
278506,35.81152654152197
278507,-177.40214603085667
278508,-639.98275265296
278509,-544.8302300084617
278510,-678.3062093156034
278511,483.23226523658866
278512,270.01859266420996
278513,-192.56201395789333
278514,-97.40949131339528
278515,-522.7250414774176
278516,638.8134330747745
278517,425.5997605023958
278518,-36.98084611970762
278519,58.17167652479054
278520,380.4369344768887
278521,1541.9754090290808
278522,1328.761736456702
278523,866.1811298345987
278524,961.3336524790968
278525,827.8576731719554
278526,1989.3961477241473
278527,1776.1824751517686
278528,1313.6018685296654
278529,1408.7543911741634
278530,983.4388410101412
278531,2144.9773155623334
278532,1931.7636429899546
278533,1469.1830363678512
278534,1564.3355590123492
278535,-180.04070383471094
278536,981.4977707174812
278537,768.2840981451025
278538,305.70349152299906
278539,400.8560141674973
278540,267.38003486035575
278541,1428.9185094125478
278542,1215.704836840169
278543,753.1242302180658
278544,848.2767528625639
278545,422.96120269854157
278546,1584.4996772507336
278547,1371.2860046783549
278548,908.7053980562516
278549,1003.8579207007498
278550,-214.10489925755542
278551,947.4335752946366
278552,734.2199027222579
278553,271.6392961001545
278554,366.79181874465274
278555,233.31583943751104
278556,1394.8543139897033
278557,1181.6406414173243
278558,719.0600347952211
278559,814.2125574397194
278560,388.8970072756969
278561,1550.435481827889
278562,1337.2218092555104
278563,874.6412026334069
278564,969.7937252779052
278565,-206.03156131627907
278566,955.5069132359129
278567,742.2932406635341
278568,279.7126340414308
278569,374.86515668592904
278570,241.38917737878756
278571,1402.9276519309797
278572,1189.7139793586007
278573,727.1333727364974
278574,822.2858953809956
278575,396.9703452169734
278576,1558.5088197691653
278577,1345.2951471967867
278578,882.7145405746833
278579,977.8670632191814
278580,-411.96324963788334
278581,749.5752249143086
278582,536.3615523419298
278583,73.78094571982649
278584,168.93346836432477
278585,35.45748905718301
278586,1196.9959636093752
278587,983.7822910369964
278588,521.2016844148932
278589,616.3542070593912
278590,191.03865689536894
278591,1352.577131447561
278592,1139.3634588751822
278593,676.7828522530789
278594,771.935374897577
278595,-1036.8555945386672
278596,124.68288001352494
278597,-88.5307925588537
278598,-551.1113991809573
278599,-455.958876536459
278600,-589.4348558436006
278601,572.1036187085915
278602,358.88994613621276
278603,-103.69066048589048
278604,-8.538137841392313
278605,-433.8536880054146
278606,727.6847865467773
278607,514.4711139743986
278608,51.89050735229523
278609,147.0430299967935
278610,469.30828794889163
278611,1630.8467625010837
278612,1417.633089928705
278613,955.0524833066015
278614,1050.2050059510998
278615,916.7290266439582
278616,2078.26750119615
278617,1865.0538286237716
278618,1402.473222001668
278619,1497.6257446461664
278620,1072.310194482144
278621,2233.848669034336
278622,2020.6349964619574
278623,1558.054389839854
278624,1653.2069124843522
278625,-91.16935036270797
278626,1070.3691241894842
278627,857.1554516171054
278628,394.574844995002
278629,489.72736763950024
278630,356.25138833235866
278631,1517.7898628845508
278632,1304.576190312172
278633,841.9955836900687
278634,937.1481063345668
278635,511.8325561705445
278636,1673.3710307227366
278637,1460.1573581503578
278638,997.5767515282544
278639,1092.7292741727526
278640,-201.76565078427961
278641,959.7728237679124
278642,746.5591511955337
278643,283.9785445734303
278644,379.1310672179285
278645,245.65508791078696
278646,1407.193562462979
278647,1193.9798898906004
278648,731.3992832684969
278649,826.5518059129951
278650,401.23625574897284
278651,1562.7747303011647
278652,1349.5610577287862
278653,886.9804511066827
278654,982.132973751181
278655,-193.69231284300338
278656,967.8461617091887
278657,754.6324891368099
278658,292.05188251470656
278659,387.20440515920484
278660,253.7284258520633
278661,1415.2669004042552
278662,1202.0532278318765
278663,739.4726212097733
278664,834.6251438542714
278665,409.3095936902491
278666,1570.848068242441
278667,1357.6343956700625
278668,895.0537890479591
278669,990.2063116924572
278670,-399.62400116460753
278671,761.9144733875844
278672,548.7008008152056
278673,86.1201941931024
278674,181.27271683760057
278675,47.79673753045893
278676,1209.335212082651
278677,996.1215395102722
278678,533.5409328881689
278679,628.693455532667
278680,203.37790536864475
278681,1364.9163799208368
278682,1151.702707348458
278683,689.1221007263547
278684,784.2746233708529
278685,-1024.5163460653914
278686,137.02212848680074
278687,-76.19154408557802
278688,-538.7721507076815
278689,-443.6196280631832
278690,-577.0956073703248
278691,584.4428671818673
278692,371.2291946094886
278693,-91.35141201261479
278694,3.8011106318833754
278695,-421.5144395321388
278696,740.0240350200531
278697,526.8103624476744
278698,64.22975582557092
278699,159.3822784700692
278700,481.6475364221675
278701,1643.1860109743595
278702,1429.9723384019808
278703,967.3917317798774
278704,1062.5442544243756
278705,929.0682751172341
278706,2090.606749669426
278707,1877.3930770970474
278708,1414.812470474944
278709,1509.9649931194422
278710,1084.64944295542
278711,2246.187917507612
278712,2032.9742449352332
278713,1570.39363831313
278714,1665.546160957628
278715,-78.83010188943217
278716,1082.7083726627598
278717,869.4947000903811
278718,406.91409346827777
278719,502.066616112776
278720,368.5906368056344
278721,1530.1291113578263
278722,1316.9154387854478
278723,854.3348321633445
278724,949.4873548078426
278725,524.1718046438202
278726,1685.7102791960122
278727,1472.4966066236336
278728,1009.9160000015302
278729,1105.0685226460284
278730,-352.32478218724304
278731,809.2136923649489
278732,596.0000197925701
278733,133.41941317046678
278734,228.57193581496495
278735,95.09595650782353
278736,1256.6344310600155
278737,1043.4207584876367
278738,580.8401518655335
278739,675.9926745100316
278740,250.67712434600935
278741,1412.2155988982013
278742,1199.0019263258228
278743,736.4213197037193
278744,831.5738423482176
278745,-344.2514442459667
278746,817.2870303062252
278747,604.0733577338465
278748,141.49275111174302
278749,236.6452737562413
278750,103.16929444909988
278751,1264.7077690012918
278752,1051.494096428913
278753,588.9134898068098
278754,684.066012451308
278755,258.7504622872857
278756,1420.2889368394776
278757,1207.075264267099
278758,744.4946576449956
278759,839.6471802894938
278760,-550.183132567571
278761,611.3553419846208
278762,398.14166941224215
278763,-64.43893720986114
278764,30.713585434637025
278765,-102.76239387250462
278766,1058.7760806796875
278767,845.5624081073088
278768,382.98180148520544
278769,478.1343241297036
278770,52.818773965681316
278771,1214.3572485178734
278772,1001.1435759454946
278773,538.5629693233913
278774,633.7154919678894
278775,-1175.0754774683548
278776,-13.537002916162805
278777,-226.75067548854145
278778,-689.3312821106449
278779,-594.1787594661466
278780,-727.6547387732883
278781,433.8837357789039
278782,220.67006320652513
278783,-241.9105434155781
278784,-146.75802077108006
278785,-572.0735709351022
278786,589.4649036170897
278787,376.25123104471095
278788,-86.3293755773924
278789,8.823147067105765
278790,331.08840501920395
278791,1492.6268795713959
278792,1279.4132069990173
278793,816.8326003769139
278794,911.985123021412
278795,778.5091437142705
278796,1940.0476182664627
278797,1726.833945694084
278798,1264.2533390719805
278799,1359.4058617164787
278800,934.0903115524565
278801,2095.6287861046485
278802,1882.4151135322697
278803,1419.8345069101663
278804,1514.9870295546646
278805,-229.3892332923956
278806,932.1492412597963
278807,718.9355686874177
278808,256.3549620653142
278809,351.5074847098125
278810,218.03150540267097
278811,1379.569979954863
278812,1166.3563073824844
278813,703.7757007603809
278814,798.9282234048791
278815,373.6126732408569
278816,1535.151147793049
278817,1321.9374752206702
278818,859.3568685985667
278819,954.509391243065
278820,-339.98553371396724
278821,821.5529408382247
278822,608.339268265846
278823,145.7586616437427
278824,240.91118428824086
278825,107.43520498109922
278826,1268.9736795332915
278827,1055.7600069609125
278828,593.1794003388093
278829,688.3319229833074
278830,263.01637281928515
278831,1424.5548473714773
278832,1211.3411747990986
278833,748.7605681769951
278834,843.9130908214934
278835,-331.9121957726909
278836,829.626278779501
278837,616.4126062071223
278838,153.83199958501893
278839,248.98452222951715
278840,115.50854292237557
278841,1277.0470174745676
278842,1063.8333449021889
278843,601.2527382800856
278844,696.4052609245838
278845,271.0897107605615
278846,1432.6281853127534
278847,1219.414512740375
278848,756.8339061182714
278849,851.9864287627696
278850,-537.8438840942952
278851,623.6945904578968
278852,410.480917885518
278853,-52.099688736585335
278854,43.05283390791283
278855,-90.42314539922882
278856,1071.1153291529633
278857,857.9016565805846
278858,395.32104995848124
278859,490.4735726029794
278860,65.15802243895712
278861,1226.6964969911492
278862,1013.4828244187704
278863,550.9022177966671
278864,646.0547404411652
278865,-1162.736228995079
278866,-1.1977544428868896
278867,-214.41142701526564
278868,-676.9920336373691
278869,-581.8395109928708
278870,-715.3154903000125
278871,446.2229842521797
278872,233.00931167980104
278873,-229.5712949423023
278874,-134.41877229780414
278875,-559.7343224618264
278876,601.8041520903655
278877,388.59047951798675
278878,-73.9901271041166
278879,21.162395540381567
278880,343.42765349247975
278881,1504.9661280446717
278882,1291.7524554722931
278883,829.1718488501897
278884,924.324371494688
278885,790.8483921875463
278886,1952.3868667397385
278887,1739.1731941673597
278888,1276.5925875452563
278889,1371.7451101897545
278890,946.4295600257323
278891,2107.9680345779243
278892,1894.7543620055455
278893,1432.1737553834423
278894,1527.3262780279406
278895,-217.0499848191199
278896,944.4884897330722
278897,731.2748171606935
278898,268.6942105385901
278899,363.8467331830883
278900,230.37075387594678
278901,1391.9092284281387
278902,1178.6955558557602
278903,716.1149492336567
278904,811.2674718781549
278905,385.9519217141326
278906,1547.4903962663248
278907,1334.276723693946
278908,871.6961170718425
278909,966.8486397163408
278910,-327.64628524069167
278911,833.8921893115005
278912,620.6785167391217
278913,158.0979101170184
278914,253.2504327615166
278915,119.77445345437502
278916,1281.312928006567
278917,1068.0992554341883
278918,605.5186488120851
278919,700.6711714565832
278920,275.35562129256084
278921,1436.8940958447529
278922,1223.6804232723744
278923,761.0998166502709
278924,856.2523392947691
278925,-319.5729472994153
278926,841.9655272527768
278927,628.7518546803981
278928,166.17124805829462
278929,261.3237707027929
278930,127.84779139565137
278931,1289.3862659478434
278932,1076.1725933754647
278933,613.5919867533614
278934,708.7445093978596
278935,283.4289592338372
278936,1444.9674337860292
278937,1231.7537612136507
278938,769.1731545915471
278939,864.3256772360454
278940,-525.5046356210194
278941,636.0338389311725
278942,422.8201663587938
278943,-39.76044026330953
278944,55.39208238118874
278945,-78.08389692595301
278946,1083.4545776262391
278947,870.2409050538604
278948,407.66029843175704
278949,502.81282107625515
278950,77.4972709122328
278951,1239.035745464425
278952,1025.8220728920462
278953,563.2414662699427
278954,658.393988914441
278955,-1150.3969805218032
278956,11.141494030388913
278957,-202.07217854198984
278958,-664.6527851640931
278959,-569.500262519595
278960,-702.9762418267367
278961,458.56223272545543
278962,245.34856015307673
278963,-217.2320464690266
278964,-122.07952382452845
278965,-547.3950739885508
278966,614.1434005636412
278967,400.92972799126255
278968,-61.65087863084091
278969,33.50164401365737
278970,355.7669019657555
278971,1517.3053765179475
278972,1304.091703945569
278973,841.5110973234655
278974,936.6636199679638
278975,803.1876406608221
278976,1964.7261152130143
278977,1751.5124426406355
278978,1288.931836018532
278979,1384.0843586630303
278980,958.768808499008
278981,2120.3072830512
278982,1907.0936104788213
278983,1444.513003856718
278984,1539.6655265012162
278985,-204.710736345844
278986,956.827738206348
278987,743.6140656339693
278988,281.0334590118659
278989,376.1859816563641
278990,242.71000234922258
278991,1404.2484769014145
278992,1191.034804329036
278993,728.4541977069326
278994,823.6067203514308
278995,398.2911701874084
278996,1559.8296447396006
278997,1346.6159721672218
278998,884.0353655451183
278999,979.1878881896166
279000,-315.30703676741564
279001,846.2314377847763
279002,633.0177652123975
279003,170.4371585902942
279004,265.5896812347924
279005,132.11370192765094
279006,1293.6521764798429
279007,1080.438503907464
279008,617.8578972853609
279009,713.010419929859
279010,287.69486976583676
279011,1449.2333443180287
279012,1236.0196717456502
279013,773.4390651235467
279014,868.5915877680449
279015,-307.2336988261393
279016,854.3047757260526
279017,641.0911031536739
279018,178.51049653157042
279019,273.6630191760687
279020,140.1870398689273
279021,1301.7255144211192
279022,1088.5118418487405
279023,625.9312352266372
279024,721.0837578711354
279025,295.7682077071131
279026,1457.306682259305
279027,1244.0930096869265
279028,781.512403064823
279029,876.6649257093212
279030,-513.1653871477436
279031,648.3730874044483
279032,435.15941483206956
279033,-27.421191790033845
279034,67.73133085446443
279035,-65.74464845267721
279036,1095.7938260995147
279037,882.5801535271362
279038,419.99954690503284
279039,515.152069549531
279040,89.83651938550872
279041,1251.3749939377008
279042,1038.161321365322
279043,575.5807147432186
279044,670.7332373877168
279045,-1138.0577320485274
279046,23.4807425036646
279047,-189.73293006871404
279048,-652.3135366908175
279049,-557.1610140463192
279050,-690.6369933534609
279051,470.9014811987313
279052,257.68780862635253
279053,-204.8927979957508
279054,-109.74027535125265
279055,-535.0558255152748
279056,626.4826490369171
279057,413.26897646453835
279058,-49.311630157565105
279059,45.84089248693317
279060,368.10615043903135
279061,1529.6446249912233
279062,1316.4309524188448
279063,853.8503457967413
279064,949.0028684412395
279065,815.526889134098
279066,1977.06536368629
279067,1763.8516911139113
279068,1301.2710844918079
279069,1396.4236071363061
279070,971.1080569722839
279071,2132.646531524476
279072,1919.4328589520971
279073,1456.8522523299937
279074,1552.004774974492
279075,-192.3714878725683
279076,969.1669866796237
279077,755.9533141072451
279078,293.37270748514163
279079,388.5252301296399
279080,255.04925082249832
279081,1416.5877253746903
279082,1203.3740528023118
279083,740.7934461802084
279084,835.9459688247065
279085,410.6304186606842
279086,1572.1688932128764
279087,1358.9552206404976
279088,896.3746140183941
279089,991.5271366628924
279090,-302.96778829413984
279091,858.5706862580521
279092,645.3570136856735
279093,182.7764070635701
279094,277.9289297080682
279095,144.45295040092662
279096,1305.991424953119
279097,1092.77775238074
279098,630.1971457586367
279099,725.3496684031348
279100,300.03411823911256
279101,1461.5725927913047
279102,1248.358920218926
279103,785.7783135968225
279104,880.9308362413208
279105,-294.8944503528635
279106,866.6440241993284
279107,653.4303516269497
279108,190.84974500484634
279109,286.0022676493445
279110,152.52628834220297
279111,1314.064762894395
279112,1100.8510903220163
279113,638.270483699913
279114,733.4230063444112
279115,308.1074561803889
279116,1469.6459307325808
279117,1256.4322581602023
279118,793.8516515380988
279119,889.004174182597
279120,-500.82613867446776
279121,660.7123358777242
279122,447.4986633053454
279123,-15.081943316757929
279124,80.07057932774023
279125,-53.40539997940141
279126,1108.1330745727907
279127,894.919402000412
279128,432.33879537830865
279129,527.4913180228068
279130,102.17576785878452
279131,1263.7142424109766
279132,1050.5005698385978
279133,587.9199632164945
279134,683.0724858609926
279135,-1125.7184835752516
279136,35.8199909769404
279137,-177.39368159543835
279138,-639.9742882175417
279139,-544.8217655730434
279140,-678.2977448801851
279141,483.2407296720071
279142,270.0270570996284
279143,-192.5535495224749
279144,-97.40102687797685
279145,-522.716577041999
279146,638.8218975101929
279147,425.60822493781416
279148,-36.97238168428919
279149,58.18014096020897
279150,380.44539891230716
279151,1541.983873464499
279152,1328.7702008921206
279153,866.1895942700171
279154,961.3421169145153
279155,827.8661376073737
279156,1989.4046121595659
279157,1776.1909395871871
279158,1313.6103329650837
279159,1408.762855609582
279160,983.4473054455597
279161,2144.9857799977517
279162,1931.772107425373
279163,1469.1915008032697
279164,1564.3440234477678
279165,-180.0322393992925
279166,981.5062351528996
279167,768.2925625805209
279168,305.7119559584175
279169,400.8644786029157
279170,267.3884992957742
279171,1428.926973847966
279172,1215.7133012755876
279173,753.1326946534841
279174,848.2852172979823
279175,422.96966713396
279176,1584.5081416861522
279177,1371.2944691137734
279178,908.7138624916699
279179,1003.8663851361682
279180,-214.0964348221371
279181,947.4420397300551
279182,734.2283671576762
279183,271.6477605355729
279184,366.8002831800711
279185,233.32430387292948
279186,1394.8627784251216
279187,1181.6491058527429
279188,719.0684992306395
279189,814.2210218751377
279190,388.90547171111535
279191,1550.4439462633072
279192,1337.2302736909287
279193,874.6496670688254
279194,969.8021897133235
279195,-206.02309688086063
279196,955.5153776713313
279197,742.3017050989525
279198,279.7210984768492
279199,374.8736211213474
279200,241.39764181420594
279201,1402.936116366398
279202,1189.7224437940192
279203,727.1418371719159
279204,822.294359816414
279205,396.9788096523918
279206,1558.5172842045836
279207,1345.303611632205
279208,882.7230050101016
279209,977.8755276545999
279210,-411.954785202465
279211,749.5836893497269
279212,536.3700167773483
279213,73.78941015524492
279214,168.9419327997432
279215,35.46595349260144
279216,1197.0044280447937
279217,983.7907554724148
279218,521.2101488503115
279219,616.3626714948097
279220,191.04712133078738
279221,1352.5855958829793
279222,1139.3719233106008
279223,676.7913166884973
279224,771.9438393329955
279225,-1036.847130103249
279226,124.69134444894337
279227,-88.52232812343539
279228,-551.102934745539
279229,-455.9504121010407
279230,-589.4263914081823
279231,572.1120831440098
279232,358.8984105716312
279233,-103.68219605047216
279234,-8.529673405973995
279235,-433.8452235699963
279236,727.6932509821957
279237,514.479578409817
279238,51.89897178771355
279239,147.05149443221183
279240,469.31675238431
279241,1630.855226936502
279242,1417.6415543641233
279243,955.06094774202
279244,1050.213470386518
279245,916.7374910793766
279246,2078.2759656315684
279247,1865.06229305919
279248,1402.4816864370864
279249,1497.6342090815847
279250,1072.3186589175625
279251,2233.8571334697544
279252,2020.6434608973757
279253,1558.0628542752725
279254,1653.2153769197707
279255,-91.16088592728954
279256,1070.3775886249025
279257,857.1639160525237
279258,394.5833094304204
279259,489.73583207491856
279260,356.25985276777703
279261,1517.798327319969
279262,1304.5846547475903
279263,842.0040481254871
279264,937.1565707699851
279265,511.8410206059629
279266,1673.379495158155
279267,1460.1658225857761
279268,997.5852159636729
279269,1092.7377386081712
279270,-202.74094119995334
279271,958.7975333522386
279272,745.5838607798598
279273,283.00325415775654
279274,378.1557768022547
279275,244.67979749511318
279276,1406.2182720473052
279277,1193.0045994749264
279278,730.4239928528231
279279,825.5765154973212
279280,400.260965333299
279281,1561.7994398854912
279282,1348.5857673131122
279283,886.005160691009
279284,981.157683335507
279285,-194.66760325867722
279286,966.8708712935149
279287,753.6571987211361
279288,291.07659209903284
279289,386.229114743531
279290,252.7531354363894
279291,1414.2916099885815
279292,1201.0779374162028
279293,738.4973307940994
279294,833.6498534385976
279295,408.33430327457523
279296,1569.8727778267673
279297,1356.6591052543886
279298,894.0784986322852
279299,989.2310212767834
279300,-400.5992915802815
279301,760.9391829719106
279302,547.7255103995318
279303,85.14490377742845
279304,180.29742642192673
279305,46.82144711478509
279306,1208.3599216669772
279307,995.1462490945984
279308,532.565642472495
279309,627.7181651169932
279310,202.40261495297102
279311,1363.9410895051628
279312,1150.7274169327843
279313,688.1468103106808
279314,783.299332955179
279315,-1025.4916364810651
279316,136.0468380711269
279317,-77.16683450125186
279318,-539.7474411233552
279319,-444.59491847885715
279320,-578.0708977859983
279321,583.4675767661935
279322,370.2539041938147
279323,-92.32670242828851
279324,2.8258202162096495
279325,-422.48972994781275
279326,739.0487446043793
279327,525.8350720320007
279328,63.25446540989719
279329,158.40698805439547
279330,480.6722460064936
279331,1642.2107205586856
279332,1428.9970479863068
279333,966.4164413642036
279334,1061.5689640087016
279335,928.0929847015602
279336,2089.631459253752
279337,1876.4177866813734
279338,1413.8371800592702
279339,1508.9897027037682
279340,1083.674152539746
279341,2245.212627091938
279342,2031.9989545195592
279343,1569.418347897456
279344,1664.570870541954
279345,-79.80539230510601
279346,1081.733082247086
279347,868.5194096747073
279348,405.938803052604
279349,501.09132569710215
279350,367.6153463899606
279351,1529.1538209421526
279352,1315.9401483697739
279353,853.3595417476706
279354,948.5120643921688
279355,523.1965142281464
279356,1684.7349887803384
279357,1471.52131620796
279358,1008.9407095858564
279359,1104.0932322303545
279360,-353.300072602917
279361,808.238401949275
279362,595.0247293768964
279363,132.44412275479306
279364,227.59664539929122
279365,94.12066609214969
279366,1255.6591406443417
279367,1042.445468071963
279368,579.8648614498596
279369,675.0173840943578
279370,249.70183393033557
279371,1411.2403084825278
279372,1198.0266359101488
279373,735.4460292880456
279374,830.5985519325437
279375,-345.22673466164065
279376,816.3117398905514
279377,603.0980673181726
279378,140.5174606960693
279379,235.66998334056746
279380,102.19400403342604
279381,1263.732478585618
279382,1050.5188060132393
279383,587.938199391136
279384,683.0907220356341
279385,257.7751718716119
279386,1419.3136464238041
279387,1206.0999738514251
279388,743.5193672293218
279389,838.67188987382
279390,-551.1584229832449
279391,610.380051568947
279392,397.1663789965684
279393,-65.41422762553486
279394,29.7382950189633
279395,-103.73768428817834
279396,1057.8007902640136
279397,844.587117691635
279398,382.0065110695316
279399,477.15903371402976
279400,51.84348355000748
279401,1213.3819581021994
279402,1000.1682855298208
279403,537.5876789077174
279404,632.7402015522156
279405,-1176.0507678840286
279406,-14.512293331836531
279407,-227.7259659042153
279408,-690.3065725263186
279409,-595.1540498818206
279410,-728.630029188962
279411,432.9084453632301
279412,219.6947727908513
279413,-242.88583383125206
279414,-147.7333111867539
279415,-573.0488613507762
279416,588.4896132014159
279417,375.27594062903717
279418,-87.30466599306624
279419,7.8478566514319255
279420,330.11311460353005
279421,1491.651589155722
279422,1278.4379165833434
279423,815.85730996124
279424,911.0098326057382
279425,777.5338532985967
279426,1939.0723278507887
279427,1725.85865527841
279428,1263.2780486563067
279429,1358.4305713008048
279430,933.1150211367826
279431,2094.6534956889745
279432,1881.4398231165958
279433,1418.8592164944926
279434,1514.0117391389906
279435,-230.36452370806956
279436,931.1739508441226
279437,717.9602782717438
279438,255.3796716496405
279439,350.53219429413866
279440,217.05621498699725
279441,1378.5946895391892
279442,1165.3810169668104
279443,702.8004103447072
279444,797.9529329892052
279445,372.637382825183
279446,1534.175857377375
279447,1320.9621848049965
279448,858.381578182893
279449,953.5341008273912
279450,-340.9608241296412
279451,820.577650422551
279452,607.3639778501722
279453,144.78337122806875
279454,239.9358938725669
279455,106.45991456542549
279456,1267.9983891176175
279457,1054.7847165452388
279458,592.2041099231354
279459,687.3566325676336
279460,262.0410824036113
279461,1423.5795569558034
279462,1210.3658843834246
279463,747.7852777613214
279464,842.9378004058194
279465,-332.88748618836485
279466,828.6509883638272
279467,615.4373157914484
279468,152.8567091693451
279469,248.00923181384326
279470,114.53325250670184
279471,1276.0717270588939
279472,1062.8580544865151
279473,600.2774478644118
279474,695.42997050891
279475,270.11442034488766
279476,1431.6528948970797
279477,1218.439222324701
279478,755.8586157025976
279479,851.0111383470958
279480,-538.8191745099691
279481,622.7193000422229
279482,409.5056274698441
279483,-53.074979152259175
279484,42.07754349223899
279485,-91.39843581490254
279486,1070.1400387372896
279487,856.9263661649107
279488,394.3457595428074
279489,489.49828218730556
279490,64.18273202328328
279491,1225.7212065754752
279492,1012.5075340030966
279493,549.9269273809932
279494,645.0794500254914
279495,-1163.711519410753
279496,-2.173044858560729
279497,-215.3867174309396
279498,-677.9673240530431
279499,-582.8148014085448
279500,-716.2907807156862
279501,445.24769383650585
279502,232.0340212641271
279503,-230.54658535797626
279504,-135.3940627134781
279505,-560.7096128775004
279506,600.8288616746916
279507,387.6151891023129
279508,-74.96541751979044
279509,20.187105124707728
279510,342.4523630768058
279511,1503.9908376289977
279512,1290.7771650566192
279513,828.1965584345159
279514,923.349081079014
279515,789.8731017718725
279516,1951.4115763240645
279517,1738.1979037516858
279518,1275.6172971295825
279519,1370.7698197740806
279520,945.4542696100583
279521,2106.9927441622503
279522,1893.7790715898716
279523,1431.1984649677684
279524,1526.3509876122666
279525,-218.02527523479375
279526,943.5131993173984
279527,730.2995267450196
279528,267.71892012291624
279529,362.8714427674144
279530,229.39546346027294
279531,1390.933938012465
279532,1177.7202654400862
279533,715.139658817983
279534,810.292181462481
279535,384.97663129845876
279536,1546.5151058506508
279537,1333.3014332782723
279538,870.7208266561688
279539,965.8733493006669
279540,-328.6215756563654
279541,832.9168988958266
279542,619.703226323448
279543,157.12261970134466
279544,252.27514234584277
279545,118.79916303870118
279546,1280.3376375908933
279547,1067.1239650185146
279548,604.5433583964112
279549,699.6958810409094
279550,274.3803308768871
279551,1435.9188054290792
279552,1222.7051328567004
279553,760.1245262345972
279554,855.2770488790952
279555,-320.54823771508904
279556,840.990236837103
279557,627.7765642647242
279558,165.1959576426209
279559,260.34848028711906
279560,126.87250097997753
279561,1288.4109755321697
279562,1075.197302959791
279563,612.6166963376876
279564,707.7692189821857
279565,282.45366881816346
279566,1443.9921433703553
279567,1230.7784707979768
279568,768.1978641758734
279569,863.3503868203716
279570,-526.4799260366933
279571,635.0585485154986
279572,421.84487594312
279573,-40.73573067898337
279574,54.41679196551479
279575,-79.05918734162685
279576,1082.4792872105652
279577,869.2656146381865
279578,406.6850080160832
279579,501.83753066058136
279580,76.52198049655908
279581,1238.0604550487512
279582,1024.8467824763725
279583,562.266175854269
279584,657.4186984987672
279585,-1151.372270937477
279586,10.16620361471496
279587,-203.04746895766368
279588,-665.628075579767
279589,-570.4755529352688
279590,-703.9515322424104
279591,457.58694230978165
279592,244.37326973740295
279593,-218.20733688470034
279594,-123.05481424020218
279595,-548.3703644042246
279596,613.1681101479675
279597,399.95443757558877
279598,-62.62616904651463
279599,32.52635359798353
279600,354.7916115500816
279601,1516.3300861022738
279602,1303.116413529895
279603,840.5358069077917
279604,935.6883295522898
279605,802.2123502451482
279606,1963.7508247973403
279607,1750.5371522249616
279608,1287.9565456028581
279609,1383.1090682473564
279610,957.7935180833341
279611,2119.331992635526
279612,1906.1183200631474
279613,1443.5377134410442
279614,1538.6902360855424
279615,-205.68602676151784
279616,955.8524477906742
279617,742.6387752182955
279618,280.0581685961921
279619,375.21069124069027
279620,241.7347119335488
279621,1403.2731864857408
279622,1190.059513913362
279623,727.4789072912588
279624,822.631429935757
279625,397.31587977173467
279626,1558.8543543239266
279627,1345.640681751548
279628,883.0600751294446
279629,978.2125977739428
279630,-316.2823271830896
279631,845.2561473691025
279632,632.0424747967238
279633,169.46186817462035
279634,264.61439081911857
279635,131.1384115119771
279636,1292.6768860641691
279637,1079.4632134917904
279638,616.882606869687
279639,712.0351295141852
279640,286.719579350163
279641,1448.2580539023552
279642,1235.0443813299762
279643,772.463774707873
279644,867.616297352371
279645,-308.20898924181324
279646,853.3294853103788
279647,640.115812738
279648,177.5352061158967
279649,272.68772876039486
279650,139.21174945325345
279651,1300.7502240054455
279652,1087.5365514330667
279653,624.9559448109634
279654,720.1084674554616
279655,294.7929172914393
279656,1456.3313918436315
279657,1243.1177192712526
279658,780.5371126491492
279659,875.6896352936474
279660,-514.1406775634175
279661,647.3977969887744
279662,434.1841244163958
279663,-28.39648220570757
279664,66.7560404387907
279665,-66.71993886835094
279666,1094.818535683841
279667,881.6048631114624
279668,419.024256489359
279669,514.1767791338572
279670,88.86122896983488
279671,1250.3997035220268
279672,1037.1860309496483
279673,574.6054243275448
279674,669.757946972043
279675,-1139.0330224642012
279676,22.505452087990875
279677,-190.70822048438788
279678,-653.2888271064912
279679,-558.1363044619932
279680,-691.6122837691346
279681,469.9261907830575
279682,256.7125182106787
279683,-205.86808841142465
279684,-110.71556576692649
279685,-536.0311159309488
279686,625.5073586212433
279687,412.2936860488645
279688,-50.28692057323883
279689,44.86560207125933
279690,367.13086002335746
279691,1528.6693345755493
279692,1315.4556620031708
279693,852.8750553810675
279694,948.0275780255656
279695,814.5515987184241
279696,1976.0900732706161
279697,1762.8764006982374
279698,1300.2957940761341
279699,1395.4483167206322
279700,970.13276655661
279701,2131.671241108802
279702,1918.4575685364232
279703,1455.87696191432
279704,1551.029484558818
279705,-193.34677828824215
279706,968.19169626395
279707,754.9780236915713
279708,292.3974170694679
279709,387.54993971396607
279710,254.07396040682454
279711,1415.6124349590166
279712,1202.3987623866378
279713,739.8181557645346
279714,834.9706784090326
279715,409.6551282450104
279716,1571.1936027972024
279717,1357.9799302248239
279718,895.3993236027204
279719,990.5518462472186
279720,-303.9430787098138
279721,857.5953958423784
279722,644.3817232699995
279723,181.80111664789615
279724,276.9536392923943
279725,143.4776599852529
279726,1305.016134537445
279727,1091.8024619650662
279728,629.2218553429628
279729,724.374377987461
279730,299.0588278234387
279731,1460.5973023756308
279732,1247.383629803252
279733,784.8030231811488
279734,879.9555458256468
279735,-295.86974076853744
279736,865.6687337836546
279737,652.4550612112758
279738,189.8744545891725
279739,285.02697723367066
279740,151.55099792652925
279741,1313.0894724787213
279742,1099.8757999063425
279743,637.2951932842392
279744,732.4477159287374
279745,307.13216576471507
279746,1468.670640316907
279747,1255.4569677445284
279748,792.876361122425
279749,888.0288837669232
279750,-501.8014290901417
279751,659.7370454620503
279752,446.5233728896715
279753,-16.05723373243177
279754,79.0952889120664
279755,-54.380690395075135
279756,1107.1577841571168
279757,893.944111584738
279758,431.3635049626348
279759,526.516027607133
279760,101.20047744311069
279761,1262.7389519953026
279762,1049.525279422924
279763,586.9446728008206
279764,682.0971954453188
279765,-1126.6937739909256
279766,34.84470056126668
279767,-178.3689720111122
279768,-640.9495786332157
279769,-545.7970559887174
279770,-679.2730352958588
279771,482.2654392563332
279772,269.0517666839545
279773,-193.52883993814885
279774,-98.37631729365069
279775,-523.691867457673
279776,637.846607094519
279777,424.6329345221403
279778,-37.94767209996303
279779,57.204850544535134
279780,379.4701084966332
279781,1541.0085830488251
279782,1327.7949104764466
279783,865.2143038543433
279784,960.3668264988413
279785,826.8908471916999
279786,1988.429321743892
279787,1775.2156491715132
279788,1312.63504254941
279789,1407.787565193908
279790,982.4720150298857
279791,2144.0104895820778
279792,1930.796817009699
279793,1468.2162103875958
279794,1563.3687330320938
279795,-181.00752981496635
279796,980.5309447372258
279797,767.317272164847
279798,304.73666554274365
279799,399.8891881872418
279800,266.41320888010034
279801,1427.9516834322924
279802,1214.7380108599136
279803,752.1574042378104
279804,847.3099268823084
279805,421.99437671828616
279806,1583.5328512704782
279807,1370.3191786980994
279808,907.7385720759962
279809,1002.8910947204943
279810,-215.07172523781082
279811,946.4667493143811
279812,733.2530767420023
279813,270.6724701198991
279814,365.8249927643973
279815,232.34901345725575
279816,1393.8874880094477
279817,1180.6738154370692
279818,718.0932088149657
279819,813.2457314594639
279820,387.93018129544157
279821,1549.4686558476337
279822,1336.254983275255
279823,873.6743766531515
279824,968.8268992976498
279825,-206.99838729653447
279826,954.5400872556575
279827,741.3264146832787
279828,278.7458080611754
279829,373.8983307056736
279830,240.42235139853204
279831,1401.960825950724
279832,1188.7471533783455
279833,726.166546756242
279834,821.3190694007402
279835,396.0035192367179
279836,1557.54199378891
279837,1344.328321216531
279838,881.7477145944279
279839,976.900237238926
279840,-412.93007561813897
279841,748.6083989340532
279842,535.3947263616744
279843,72.81411973957108
279844,167.96664238406925
279845,34.4906630769276
279846,1196.0291376291198
279847,982.815465056741
279848,520.2348584346377
279849,615.3873810791358
279850,190.07183091511354
279851,1351.6103054673054
279852,1138.3966328949268
279853,675.8160262728235
279854,770.9685489173216
279855,-1037.8224205189226
279856,123.71605403326942
279857,-89.49761853910934
279858,-552.0782251612127
279859,-456.9257025167144
279860,-590.4016818238558
279861,571.1367927283361
279862,357.9231201559574
279863,-104.65748646614588
279864,-9.504963821647834
279865,-434.82051398567023
279866,726.7179605665219
279867,513.5042879941432
279868,50.92368137203982
279869,146.076204016538
279870,468.3414619686361
279871,1629.8799365208283
279872,1416.6662639484493
279873,954.0856573263461
279874,1049.2381799708444
279875,915.7622006637027
279876,2077.3006752158944
279877,1864.0870026435161
279878,1401.506396021413
279879,1496.658918665911
279880,1071.3433685018886
279881,2232.8818430540805
279882,2019.668170481702
279883,1557.0875638595985
279884,1652.2400865040968
279885,-92.13617634296338
279886,1069.4022982092288
279887,856.1886256368499
279888,393.6080190147466
279889,488.7605416592448
279890,355.28456235210325
279891,1516.8230369042953
279892,1303.6093643319166
279893,841.0287577098132
279894,936.1812803543114
279895,510.8657301902891
279896,1672.4042047424812
279897,1459.1905321701024
279898,996.6099255479991
279899,1091.7624481924972
279900,-202.73247676453502
279901,958.8059977876569
279902,745.5923252152782
279903,283.0117185931749
279904,378.1642412376731
279905,244.68826193053155
279906,1406.2267364827235
279907,1193.013063910345
279908,730.4324572882415
279909,825.5849799327397
279910,400.26942976871743
279911,1561.8079043209095
279912,1348.5942317485305
279913,886.0136251264273
279914,981.1661477709255
279915,-194.6591388232588
279916,966.8793357289333
279917,753.6656631565545
279918,291.08505653445116
279919,386.2375791789494
279920,252.7615998718078
279921,1414.3000744239998
279922,1201.086401851621
279923,738.5057952295178
279924,833.658317874016
279925,408.34276770999367
279926,1569.8812422621857
279927,1356.667569689807
279928,894.0869630677037
279929,989.2394857122018
279930,-400.59082714486294
279931,760.9476474073289
279932,547.7339748349502
279933,85.153368212847
279934,180.30589085734516
279935,46.82991155020352
279936,1208.3683861023956
279937,995.1547135300168
279938,532.5741069079135
279939,627.7266295524116
279940,202.41107938838945
279941,1363.9495539405814
279942,1150.7358813682026
279943,688.1552747460993
279944,783.3077973905974
279945,-1025.4831720456466
279946,136.05530250654533
279947,-77.15837006583342
279948,-539.7389766879367
279949,-444.5864540434386
279950,-578.06243335058
279951,583.4760412016119
279952,370.26236862923315
279953,-92.3182379928702
279954,2.834284651627968
279955,-422.48126551239443
279956,739.0572090397977
279957,525.843536467419
279958,63.26292984531551
279959,158.4154524898138
279960,480.68071044191197
279961,1642.219184994104
279962,1429.0055124217251
279963,966.4249057996219
279964,1061.57742844412
279965,928.1014491369785
279966,2089.6399236891702
279967,1876.426251116792
279968,1413.8456444946887
279969,1508.9981671391865
279970,1083.6826169751644
279971,2245.2210915273563
279972,2032.0074189549775
279973,1569.4268123328743
279974,1664.5793349773726
279975,-79.79692786968758
279976,1081.7415466825043
279977,868.5278741101256
279978,405.94726748802236
279979,501.0997901325205
279980,367.623810825379
279981,1529.1622853775712
279982,1315.9486128051922
279983,853.368006183089
279984,948.5205288275872
279985,523.2049786635648
279986,1684.7434532157567
279987,1471.5297806433782
279988,1008.9491740212748
279989,1104.101696665773
279990,-353.29160816749845
279991,808.2468663846935
279992,595.0331938123147
279993,132.4525871902115
279994,227.60510983470965
279995,94.12913052756812
279996,1255.66760507976
279997,1042.4539325073815
279998,579.8733258852781
279999,675.0258485297762
280000,249.71029836575394
280001,1411.248772917946
280002,1198.0351003455671
280003,735.4544937234639
280004,830.607016367962
280005,-345.2182702262221
280006,816.3202043259698
280007,603.1065317535911
280008,140.52592513148772
280009,235.6784477759859
280010,102.20246846884447
280011,1263.7409430210364
280012,1050.5272704486576
280013,587.9466638265544
280014,683.0991864710526
280015,257.7836363070303
280016,1419.3221108592224
280017,1206.1084382868435
280018,743.5278316647402
280019,838.6803543092384
280020,-551.1499585478266
280021,610.3885160043656
280022,397.17484343198674
280023,-65.40576319011655
280024,29.746759454381618
280025,-103.72921985275991
280026,1057.8092546994321
280027,844.5955821270534
280028,382.01497550495003
280029,477.1674981494482
280030,51.85194798542591
280031,1213.390422537618
280032,1000.1767499652392
280033,537.5961433431359
280034,632.748665987634
280035,-1176.04230344861
280036,-14.5038288964181
280037,-227.71750146879685
280038,-690.2981080909001
280039,-595.145585446402
280040,-728.6215647535435
280041,432.9169097986484
280042,219.70323722626972
280043,-242.87736939583363
280044,-147.72484675133546
280045,-573.0403969153579
280046,588.4980776368342
280047,375.28440506445554
280048,-87.2962015576478
280049,7.8563210868503575
280050,330.1215790389485
280051,1491.6600535911405
280052,1278.4463810187617
280053,815.8657743966585
280054,911.0182970411565
280055,777.5423177340151
280056,1939.080792286207
280057,1725.8671197138283
280058,1263.2865130917253
280059,1358.439035736223
280060,933.1234855722009
280061,2094.661960124393
280062,1881.448287552014
280063,1418.8676809299109
280064,1514.0202035744092
280065,-230.356059272651
280066,931.1824152795409
280067,717.9687427071623
280068,255.38813608505893
280069,350.5406587295571
280070,217.06467942241557
280071,1378.6031539746075
280072,1165.3894814022287
280073,702.8088747801255
280074,797.9613974246237
280075,372.6458472606014
280076,1534.1843218127933
280077,1320.9706492404148
280078,858.3900426183113
280079,953.5425652628096
280080,-340.9523596942229
280081,820.5861148579693
280082,607.3724422855905
280083,144.7918356634873
280084,239.94435830798534
280085,106.46837900084381
280086,1268.0068535530359
280087,1054.7931809806573
280088,592.2125743585539
280089,687.365097003052
280090,262.04954683902974
280091,1423.5880213912217
280092,1210.3743488188431
280093,747.7937421967397
280094,842.9462648412378
280095,-332.8790217529465
280096,828.6594527992456
280097,615.4457802268669
280098,152.86517360476353
280099,248.0176962492617
280100,114.54171694212016
280101,1276.0801914943122
280102,1062.8665189219334
280103,600.2859122998302
280104,695.4384349443283
280105,270.1228847803061
280106,1431.661359332498
280107,1218.4476867601193
280108,755.867080138016
280109,851.0196027825142
280110,-538.8107100745508
280111,622.7277644776412
280112,409.51409190526255
280113,-53.06651471684074
280114,42.08600792765742
280115,-91.38997137948422
280116,1070.148503172708
280117,856.9348306003292
280118,394.35422397822583
280119,489.50674662272394
280120,64.19119645870171
280121,1225.7296710108938
280122,1012.515998438515
280123,549.9353918164117
280124,645.0879144609098
280125,-1163.7030549753342
280126,-2.164580423142411
280127,-215.37825299552105
280128,-677.9588596176243
280129,-582.8063369731262
280130,-716.2823162802677
280131,445.2561582719243
280132,232.04248569954552
280133,-230.5381209225577
280134,-135.38559827805966
280135,-560.7011484420821
280136,600.8373261101101
280137,387.62365353773134
280138,-74.956953084372
280139,20.19556956012616
280140,342.4608275122242
280141,1503.9993020644163
280142,1290.7856294920375
280143,828.2050228699343
280144,923.3575455144324
280145,789.8815662072908
280146,1951.4200407594828
280147,1738.206368187104
280148,1275.6257615650009
280149,1370.778284209499
280150,945.4627340454767
280151,2107.0012085976687
280152,1893.78753602529
280153,1431.2069294031867
280154,1526.359452047685
280155,-218.01681079937532
280156,943.5216637528167
280157,730.3079911804381
280158,267.7273845583347
280159,362.87990720283284
280160,229.40392789569137
280161,1390.9424024478835
280162,1177.7287298755045
280163,715.1481232534013
280164,810.3006458978995
280165,384.9850957338772
280166,1546.5235702860691
280167,1333.3098977136906
280168,870.7292910915871
280169,965.8818137360854
280170,-328.6131112209471
280171,832.9253633312451
280172,619.7116907588663
280173,157.1310841367631
280174,252.2836067812612
280175,118.80762747411961
280176,1280.3461020263117
280177,1067.1324294539331
280178,604.5518228318297
280179,699.7043454763278
280180,274.3887953123055
280181,1435.9272698644977
280182,1222.7135972921187
280183,760.1329906700155
280184,855.2855133145137
280185,-320.5397732796707
280186,840.9987012725214
280187,627.7850287001427
280188,165.20442207803933
280189,260.3569447225375
280190,126.88096541539596
280191,1288.419439967588
280192,1075.2057673952093
280193,612.625160773106
280194,707.7776834176041
280195,282.46213325358184
280196,1444.000607805774
280197,1230.786935233395
280198,768.2063286112918
280199,863.35885125579
280200,-526.471461601275
280201,635.067012950917
280202,421.8533403785384
280203,-40.72726624356494
280204,54.42525640093322
280205,-79.05072290620842
280206,1082.4877516459837
280207,869.274079073605
280208,406.69347245150163
280209,501.84599509599974
280210,76.5304449319774
280211,1238.0689194841696
280212,1024.8552469117908
280213,562.2746402896875
280214,657.4271629341856
280215,-1151.3638065020587
280216,10.174668050133391
280217,-203.03900452224536
280218,-665.6196111443487
280219,-570.4670884998504
280220,-703.9430678069918
280221,457.5954067452001
280222,244.38173417282138
280223,-218.1988724492819
280224,-123.04634980478374
280225,-548.3618999688063
280226,613.1765745833859
280227,399.96290201100715
280228,-62.6177046110962
280229,32.53481803340196
280230,354.80007598550003
280231,1516.338550537692
280232,1303.1248779653133
280233,840.5442713432101
280234,935.6967939877082
280235,802.2208146805666
280236,1963.7592892327586
280237,1750.54561666038
280238,1287.9650100382767
280239,1383.1175326827747
280240,957.8019825187525
280241,2119.3404570709445
280242,1906.126784498566
280243,1443.5461778764625
280244,1538.6987005209608
280245,-205.6775623260994
280246,955.8609122260925
280247,742.6472396537139
280248,280.06663303161054
280249,375.2191556761087
280250,241.74317636896717
280251,1403.2816509211593
280252,1190.0679783487803
280253,727.4873717266772
280254,822.6398943711753
280255,397.32434420715305
280256,1558.8628187593451
280257,1345.6491461869664
280258,883.0685395648629
280259,978.2210622093612
280260,-316.27386274767105
280261,845.2646118045209
280262,632.0509392321421
280263,169.4703326100389
280264,264.622855254537
280265,131.14687594739553
280266,1292.6853504995875
280267,1079.471677927209
280268,616.8910713051055
280269,712.0435939496036
280270,286.72804378558135
280271,1448.2665183377735
280272,1235.0528457653945
280273,772.4722391432913
280274,867.6247617877895
280275,-308.2005248063947
280276,853.3379497457972
280277,640.1242771734185
280278,177.54367055131513
280279,272.6961931958133
280280,139.22021388867188
280281,1300.7586884408638
280282,1087.545015868485
280283,624.9644092463818
280284,720.1169318908799
280285,294.8013817268577
280286,1456.3398562790499
280287,1243.1261837066709
280288,780.5455770845676
280289,875.6980997290658
280290,-514.1322131279992
280291,647.4062614241928
280292,434.1925888518141
280293,-28.388017770289252
280294,66.76450487420902
280295,-66.7114744329325
280296,1094.8270001192595
280297,881.6133275468808
280298,419.03272092477744
280299,514.1852435692756
280300,88.86969340525332
280301,1250.4081679574454
280302,1037.1944953850666
280303,574.6138887629633
280304,669.7664114074614
280305,-1139.0245580287828
280306,22.513916523409307
280307,-190.69975604896945
280308,-653.2803626710729
280309,-558.1278400265749
280310,-691.603819333716
280311,469.9346552184758
280312,256.7209826460971
280313,-205.85962397600622
280314,-110.70710133150806
280315,-536.0226514955305
280316,625.5158230566616
280317,412.30215048428295
280318,-50.27845613782051
280319,44.874066506677764
280320,367.1393244587759
280321,1528.6777990109679
280322,1315.4641264385891
280323,852.8835198164859
280324,948.0360424609839
280325,814.5600631538425
280326,1976.0985377060344
280327,1762.8848651336557
280328,1300.3042585115527
280329,1395.4567811560505
280330,970.1412309920283
280331,2131.6797055442203
280332,1918.4660329718415
280333,1455.8854263497383
280334,1551.0379489942366
280335,-193.3383138528236
280336,968.2001606993683
280337,754.9864881269897
280338,292.40588150488634
280339,387.5584041493845
280340,254.08242484224297
280341,1415.620899394435
280342,1202.4072268220561
280343,739.8266201999529
280344,834.9791428444511
280345,409.6635926804288
280346,1571.2020672326207
280347,1357.9883946602422
280348,895.4077880381387
280349,990.560310682637
280350,-303.93461427439547
280351,857.6038602777967
280352,644.3901877054179
280353,181.8095810833147
280354,276.96210372781275
280355,143.48612442067122
280356,1305.0245989728633
280357,1091.8109264004845
280358,629.2303197783813
280359,724.3828424228794
280360,299.06729225885715
280361,1460.605766811049
280362,1247.3920942386703
280363,784.8114876165671
280364,879.9640102610653
280365,-295.8612763331191
280366,865.677198219073
280367,652.4635256466943
280368,189.88291902459093
280369,285.0354416690891
280370,151.55946236194757
280371,1313.0979369141396
280372,1099.8842643417609
280373,637.3036577196576
280374,732.4561803641557
280375,307.1406302001335
280376,1468.6791047523254
280377,1255.4654321799467
280378,792.8848255578434
280379,888.0373482023415
280380,-501.7929646547234
280381,659.7455098974687
280382,446.53183732508995
280383,-16.048769297013337
280384,79.10375334748483
280385,-54.37222595965682
280386,1107.1662485925353
280387,893.9525760201566
280388,431.3719693980532
280389,526.5244920425514
280390,101.20894187852912
280391,1262.7474164307212
280392,1049.5337438583424
280393,586.9531372362391
280394,682.1056598807372
280395,-1126.6853095555068
280396,34.853164996684995
280397,-178.36050757569365
280398,-640.9411141977969
280399,-545.7885915532988
280400,-679.2645708604402
280401,482.2739036917516
280402,269.06023111937293
280403,-193.52037550273042
280404,-98.36785285823225
280405,-523.6834030222547
280406,637.8550715299375
280407,424.64139895755875
280408,-37.9392076645446
280409,57.213314979953566
280410,379.47857293205163
280411,1541.0170474842437
280412,1327.803374911865
280413,865.2227682897617
280414,960.3752909342597
280415,826.8993116271182
280416,1988.4377861793103
280417,1775.2241136069315
280418,1312.6435069848283
280419,1407.7960296293263
280420,982.4804794653041
280421,2144.018954017496
280422,1930.8052814451173
280423,1468.224674823014
280424,1563.3771974675124
280425,-180.99906537954791
280426,980.5394091726441
280427,767.3257366002654
280428,304.7451299781621
280429,399.89765262266025
280430,266.4216733155188
280431,1427.960147867711
280432,1214.746475295332
280433,752.1658686732287
280434,847.3183913177269
280435,422.0028411537046
280436,1583.5413157058965
280437,1370.327643133518
280438,907.7470365114145
280439,1002.8995591559128
280440,-215.0632608023925
280441,946.4752137497997
280442,733.2615411774209
280443,270.68093455531755
280444,365.8334571998157
280445,232.35747789267407
280446,1393.8959524448662
280447,1180.6822798724875
280448,718.1016732503841
280449,813.2541958948823
280450,387.93864573085995
280451,1549.477120283052
280452,1336.2634477106733
280453,873.68284108857
280454,968.8353637330681
280455,-206.98992286111616
280456,954.5485516910759
280457,741.3348791186971
280458,278.75427249659384
280459,373.906795141092
280460,240.43081583395048
280461,1401.9692903861423
280462,1188.7556178137638
280463,726.1750111916605
280464,821.3275338361586
280465,396.0119836721363
280466,1557.5504582243284
280467,1344.3367856519496
280468,881.7561790298462
280469,976.9087016743445
280470,-412.9216111827204
280471,748.6168633694716
280472,535.4031907970929
280473,72.82258417498952
280474,167.97510681948768
280475,34.499127512346035
280476,1196.037602064538
280477,982.8239294921593
280478,520.2433228700561
280479,615.3958455145543
280480,190.08029535053197
280481,1351.6187699027241
280482,1138.4050973303451
280483,675.8244907082419
280484,770.9770133527401
280485,-1037.813956083504
280486,123.72451846868785
280487,-89.4891541036908
280488,-552.0697607257941
280489,-456.91723808129586
280490,-590.3932173884375
280491,571.1452571637545
280492,357.9315845913758
280493,-104.64902203072745
280494,-9.496499386229402
280495,-434.8120495502517
280496,726.7264250019404
280497,513.5127524295616
280498,50.932145807458255
280499,146.08466845195642
280500,468.34992640405454
280501,1629.8884009562466
280502,1416.674728383868
280503,954.0941217617647
280504,1049.2466444062627
280505,915.7706650991211
280506,2077.309139651313
280507,1864.0954670789345
280508,1401.5148604568312
280509,1496.6673831013293
280510,1071.3518329373069
280511,2232.890307489499
280512,2019.6766349171205
280513,1557.096028295017
280514,1652.248550939515
280515,-92.12771190754484
280516,1069.410762644647
280517,856.1970900722683
280518,393.61648345016505
280519,488.7690060946632
280520,355.2930267875217
280521,1516.8315013397137
280522,1303.617828767335
280523,841.0372221452317
280524,936.1897447897297
280525,510.8741946257075
280526,1672.4126691778995
280527,1459.1989966055207
280528,996.6183899834175
280529,1091.7709126279155
280530,-202.7240123291166
280531,958.8144622230755
280532,745.6007896506966
280533,283.02018302859335
280534,378.1727056730915
280535,244.69672636594998
280536,1406.2352009181418
280537,1193.0215283457633
280538,730.4409217236599
280539,825.5934443681581
280540,400.2778942041358
280541,1561.8163687563278
280542,1348.602696183949
280543,886.0220895618457
280544,981.1746122063439
280545,-194.65067438784035
280546,966.8878001643517
280547,753.6741275919729
280548,291.0935209698696
280549,386.2460436143678
280550,252.77006430722622
280551,1414.3085388594181
280552,1201.0948662870396
280553,738.5142596649363
280554,833.6667823094344
280555,408.35123214541204
280556,1569.889706697604
280557,1356.6760341252252
280558,894.095427503122
280559,989.2479501476203
280560,-400.5823627094446
280561,760.9561118427473
280562,547.7424392703685
280563,85.16183264826532
280564,180.31435529276348
280565,46.83837598562195
280566,1208.3768505378139
280567,995.1631779654351
280568,532.5825713433319
280569,627.73509398783
280570,202.41954382380777
280571,1363.958018376
280572,1150.744345803621
280573,688.1637391815177
280574,783.3162618260159
280575,-1025.4747076102283
280576,136.06376694196376
280577,-77.14990563041499
280578,-539.7305122525183
280579,-444.5779896080203
280580,-578.0539689151617
280581,583.4845056370302
280582,370.2708330646516
280583,-92.30977355745176
280584,2.8427490870464
280585,-422.4728010769759
280586,739.065673475216
280587,525.8520009028374
280588,63.27139428073406
280589,158.42391692523222
280590,480.6891748773304
280591,1642.2276494295224
280592,1429.0139768571437
280593,966.4333702350403
280594,1061.5858928795385
280595,928.109913572397
280596,2089.6483881245886
280597,1876.4347155522103
280598,1413.854108930107
280599,1509.006631574605
280600,1083.6910814105827
280601,2245.2295559627746
280602,2032.015883390396
280603,1569.4352767682926
280604,1664.587799412791
280605,-79.78846343426926
280606,1081.750011117923
280607,868.5363385455441
280608,405.9557319234408
280609,501.10825456793896
280610,367.6322752607974
280611,1529.1707498129895
280612,1315.9570772406107
280613,853.3764706185075
280614,948.5289932630055
280615,523.2134430989831
280616,1684.751917651175
280617,1471.5382450787965
280618,1008.9576384566932
280619,1104.1101611011914
280620,-353.28314373208013
280621,808.2553308201119
280622,595.0416582477332
280623,132.4610516256298
280624,227.61357427012797
280625,94.13759496298644
280626,1255.6760695151784
280627,1042.4623969427998
280628,579.8817903206965
280629,675.0343129651947
280630,249.71876280117237
280631,1411.2572373533644
280632,1198.0435647809857
280633,735.4629581588823
280634,830.6154808033805
280635,-345.2098057908038
280636,816.3286687613881
280637,603.1149961890095
280638,140.53438956690616
280639,235.68691221140432
280640,102.21093290426279
280641,1263.7494074564547
280642,1050.5357348840762
280643,587.9551282619727
280644,683.1076509064709
280645,257.7921007424487
280646,1419.3305752946408
280647,1206.116902722262
280648,743.5362961001586
280649,838.6888187446568
280650,-551.141494112408
280651,610.3969804397839
280652,397.1833078674052
280653,-65.39729875469811
280654,29.75522388980005
280655,-103.72075541734148
280656,1057.8177191348504
280657,844.6040465624717
280658,382.02343994036846
280659,477.17596258486657
280660,51.86041242084434
280661,1213.3988869730365
280662,1000.1852144006576
280663,537.6046077785543
280664,632.7571304230524
280665,-1176.0338390131917
280666,-14.495364460999781
280667,-227.70903703337842
280668,-690.2896436554818
280669,-595.1371210109837
280670,-728.6131003181251
280671,432.92537423406685
280672,219.71170166168815
280673,-242.8689049604152
280674,-147.71638231591703
280675,-573.0319324799393
280676,588.5065420722526
280677,375.292869499874
280678,-87.28773712222937
280679,7.8647855222687895
280680,330.13004347436686
280681,1491.668518026559
280682,1278.45484545418
280683,815.8742388320768
280684,911.026761476575
280685,777.5507821694334
280686,1939.0892567216254
280687,1725.8755841492468
280688,1263.2949775271436
280689,1358.4475001716417
280690,933.1319500076194
280691,2094.670424559811
280692,1881.4567519874327
280693,1418.8761453653294
280694,1514.0286680098275
280695,-230.3475948372327
280696,931.1908797149594
280697,717.9772071425806
280698,255.39660052047725
280699,350.54912316497547
280700,217.073143857834
280701,1378.611618410026
280702,1165.3979458376473
280703,702.8173392155439
280704,797.9698618600421
280705,372.6543116960198
280706,1534.1927862482116
280707,1320.979113675833
280708,858.3985070537298
280709,953.5510296982279
280710,-340.94389525880433
280711,820.5945792933877
280712,607.3809067210091
280713,144.8003000989056
280714,239.95282274340377
280715,106.47684343626224
280716,1268.0153179884544
280717,1054.8016454160756
280718,592.2210387939722
280719,687.3735614384705
280720,262.0580112744481
280721,1423.5964858266402
280722,1210.3828132542615
280723,747.8022066321581
280724,842.9547292766563
280725,-332.870557317528
280726,828.6679172346641
280727,615.4542446622853
280728,152.87363804018196
280729,248.02616068468012
280730,114.55018137753859
280731,1276.0886559297305
280732,1062.874983357352
280733,600.2943767352485
280734,695.4468993797467
280735,270.13134921572447
280736,1431.6698237679166
280737,1218.4561511955378
280738,755.8755445734344
280739,851.0280672179326
280740,-538.8022456391323
280741,622.7362289130597
280742,409.522556340681
280743,-53.05805028142231
280744,42.09447236307585
280745,-91.38150694406579
280746,1070.1569676081263
280747,856.9432950357475
280748,394.3626884136442
280749,489.51521105814237
280750,64.19966089412014
280751,1225.738135446312
280752,1012.5244628739333
280753,549.9438562518301
280754,645.0963788963282
280755,-1163.694590539916
280756,-2.156115987723979
280757,-215.36978856010273
280758,-677.950395182206
280759,-582.7978725377079
280760,-716.2738518448493
280761,445.2646227073427
280762,232.05095013496395
280763,-230.5296564871394
280764,-135.37713384264123
280765,-560.6926840066635
280766,600.8457905455284
280767,387.6321179731497
280768,-74.94848864895357
280769,20.20403399554459
280770,342.46929194764266
280771,1504.0077664998348
280772,1290.7940939274558
280773,828.2134873053527
280774,923.3660099498509
280775,789.8900306427092
280776,1951.4285051949014
280777,1738.2148326225226
280778,1275.6342260004194
280779,1370.7867486449175
280780,945.471198480895
280781,2107.009673033087
280782,1893.7960004607085
280783,1431.2153938386052
280784,1526.3679164831033
280785,-218.0083463639569
280786,943.5301281882353
280787,730.3164556158565
280788,267.7358489937531
280789,362.8883716382513
280790,229.4123923311098
280791,1390.9508668833018
280792,1177.737194310923
280793,715.1565876888197
280794,810.3091103333179
280795,384.99356016929556
280796,1546.532034721488
280797,1333.318362149109
280798,870.7377555270056
280799,965.8902781715037
280800,-328.60464678552853
280801,832.9338277666635
280802,619.7201551942848
280803,157.1395485721814
280804,252.29207121667957
280805,118.81609190953805
280806,1280.35456646173
280807,1067.1408938893514
280808,604.560287267248
280809,699.7128099117463
280810,274.39725974772387
280811,1435.935734299916
280812,1222.7220617275373
280813,760.1414551054339
280814,855.2939777499321
280815,-320.5313088442522
280816,841.0071657079397
280817,627.7934931355611
280818,165.21288651345776
280819,260.3654091579559
280820,126.8894298508144
280821,1288.4279044030063
280822,1075.2142318306278
280823,612.6336252085243
280824,707.7861478530225
280825,282.4705976890002
280826,1444.0090722411924
280827,1230.7953996688136
280828,768.2147930467102
280829,863.3673156912084
280830,-526.4629971658565
280831,635.0754773863355
280832,421.86180481395684
280833,-40.71880180814651
280834,54.433720836351654
280835,-79.04225847078999
280836,1082.496216081402
280837,869.2825435090233
280838,406.70193688692
280839,501.8544595314181
280840,76.53890936739583
280841,1238.0773839195879
280842,1024.8637113472091
280843,562.2831047251059
280844,657.435627369604
280845,-1151.3553420666403
280846,10.183132485551823
280847,-203.03054008682693
280848,-665.6111467089304
280849,-570.4586240644321
280850,-703.9346033715735
280851,457.6038711806184
280852,244.3901986082397
280853,-218.1904080138636
280854,-123.03788536936543
280855,-548.3534355333879
280856,613.1850390188042
280857,399.9713664464256
280858,-62.60924017567788
280859,32.54328246882028
280860,354.8085404209184
280861,1516.3470149731106
280862,1303.1333424007319
280863,840.5527357786284
280864,935.7052584231267
280865,802.229279115985
280866,1963.767753668177
280867,1750.5540810957984
280868,1287.9734744736952
280869,1383.1259971181933
280870,957.8104469541709
280871,2119.348921506363
280872,1906.1352489339843
280873,1443.5546423118808
280874,1538.707164956379
280875,-205.6690978906811
280876,955.8693766615111
280877,742.6557040891323
280878,280.0750974670289
280879,375.2276201115271
280880,241.7516408043856
280881,1403.2901153565776
280882,1190.076442784199
280883,727.4958361620955
280884,822.6483588065937
280885,397.3328086425714
280886,1558.8712831947635
280887,1345.6576106223847
280888,883.0770040002814
280889,978.2295266447795
280890,-316.2653983122527
280891,845.2730762399393
280892,632.0594036675606
280893,169.4787970454572
280894,264.6313196899554
280895,131.15534038281385
280896,1292.6938149350058
280897,1079.4801423626272
280898,616.8995357405238
280899,712.0520583850221
280900,286.7365082209998
280901,1448.2749827731918
280902,1235.061310200813
280903,772.4807035787097
280904,867.6332262232079
280905,-308.1920603709764
280906,853.3464141812156
280907,640.1327416088369
280908,177.55213498673356
280909,272.70465763123167
280910,139.2286783240902
280911,1300.7671528762821
280912,1087.5534803039036
280913,624.9728736818001
280914,720.1253963262983
280915,294.80984616227613
280916,1456.3483207144682
280917,1243.1346481420894
280918,780.554041519986
280919,875.7065641644842
280920,-514.1237486925806
280921,647.4147258596113
280922,434.2010532872325
280923,-28.379553334870707
280924,66.77296930962746
280925,-66.70300999751407
280926,1094.8354645546779
280927,881.6217919822991
280928,419.0411853601958
280929,514.1937080046939
280930,88.87815784067175
280931,1250.416632392864
280932,1037.202959820485
280933,574.6223531983817
280934,669.7748758428799
280935,-1139.0160935933643
280936,22.522380958827625
280937,-190.69129161355102
280938,-653.2718982356544
280939,-558.1193755911563
280940,-691.5953548982977
280941,469.94311965389426
280942,256.72944708151556
280943,-205.8511595405878
280944,-110.69863689608962
280945,-536.0141870601119
280946,625.52428749208
280947,412.3106149197014
280948,-50.26999170240197
280949,44.882530942096196
280950,367.14778889419426
280951,1528.6862634463864
280952,1315.4725908740074
280953,852.8919842519042
280954,948.0445068964024
280955,814.5685275892608
280956,1976.1070021414528
280957,1762.8933295690742
280958,1300.312722946971
280959,1395.465245591469
280960,970.1496954274468
280961,2131.6881699796386
280962,1918.47449740726
280963,1455.8938907851568
280964,1551.0464134296549
280965,-193.32984941740528
280966,968.2086251347868
280967,754.994952562408
280968,292.41434594030466
280969,387.5668685848029
280970,254.09088927766135
280971,1415.6293638298534
280972,1202.4156912574747
280973,739.8350846353713
280974,834.9876072798695
280975,409.6720571158472
280976,1571.210531668039
280977,1357.9968590956605
280978,895.4162524735572
280979,990.5687751180553
280980,-303.9261498389769
280981,857.6123247132151
280982,644.3986521408364
280983,181.81804551873302
280984,276.9705681632312
280985,143.49458885608965
280986,1305.0330634082816
280987,1091.819390835903
280988,629.2387842137996
280989,724.3913068582979
280990,299.0757566942755
280991,1460.6142312464676
280992,1247.4005586740889
280993,784.8199520519855
280994,879.9724746964837
280995,-295.8528118977006
280996,865.6856626544915
280997,652.4719900821127
280998,189.89138346000937
280999,285.0439061045075
281000,151.567926797366
281001,1313.106401349558
281002,1099.8927287771794
281003,637.3121221550759
281004,732.4646447995741
281005,307.1490946355519
281006,1468.687569187744
281007,1255.4738966153652
281008,792.8932899932618
281009,888.04581263776
281010,-501.78450021930485
281011,659.7539743328871
281012,446.5403017605084
281013,-16.040304861594905
281014,79.11221778290326
281015,-54.363761524238384
281016,1107.1747130279537
281017,893.9610404555749
281018,431.3804338334716
281019,526.5329564779697
281020,101.21740631394755
281021,1262.7558808661395
281022,1049.5422082937607
281023,586.9616016716575
281024,682.1141243161555
281025,-1126.6768451200885
281026,34.86162943210343
281027,-178.35204314027533
281028,-640.9326497623786
281029,-545.7801271178805
281030,-679.2561064250219
281031,482.28236812717006
281032,269.06869555479136
281033,-193.51191106731198
281034,-98.35938842281382
281035,-523.6749385868361
281036,637.8635359653558
281037,424.6498633929771
281038,-37.930743229126165
281039,57.221779415372
281040,379.48703736747007
281041,1541.0255119196622
281042,1327.8118393472832
281043,865.2312327251801
281044,960.3837553696782
281045,826.9077760625366
281046,1988.4462506147286
281047,1775.2325780423498
281048,1312.6519714202468
281049,1407.8044940647446
281050,982.4889439007225
281051,2144.0274184529144
281052,1930.8137458805359
281053,1468.2331392584326
281054,1563.3856619029307
281055,-180.99060094412948
281056,980.5478736080626
281057,767.3342010356839
281058,304.7535944135805
281059,399.9061170580787
281060,266.43013775093715
281061,1427.9686123031292
281062,1214.7549397307505
281063,752.1743331086471
281064,847.3268557531453
281065,422.01130558912297
281066,1583.549780141315
281067,1370.3361075689363
281068,907.755500946833
281069,1002.9080235913311
281070,-215.05479636697407
281071,946.483678185218
281072,733.2700056128392
281073,270.6893989907359
281074,365.8419216352341
281075,232.3659423280925
281076,1393.9044168802845
281077,1180.6907443079058
281078,718.1101376858026
281079,813.2626603303007
281080,387.9471101662784
281081,1549.4855847184704
281082,1336.2719121460916
281083,873.6913055239884
281084,968.8438281684865
281085,-206.98145842569772
281086,954.5570161264943
281087,741.3433435541156
281088,278.7627369320122
281089,373.9152595765104
281090,240.43928026936885
281091,1401.9777548215607
281092,1188.7640822491821
281093,726.1834756270789
281094,821.335998271577
281095,396.0204481075547
281096,1557.5589226597467
281097,1344.345250087368
281098,881.7646434652647
281099,976.9171661097628
281100,-412.9131467473019
281101,748.6253278048899
281102,535.4116552325113
281103,72.83104861040795
281104,167.9835712549061
281105,34.50759194776447
281106,1196.0460664999566
281107,982.8323939275778
281108,520.2517873054744
281109,615.4043099499727
281110,190.0887597859503
281111,1351.6272343381424
281112,1138.4135617657635
281113,675.8329551436602
281114,770.9854777881585
281115,-1037.8054916480858
281116,123.73298290410628
281117,-89.48068966827248
281118,-552.0612962903758
281119,-456.90877364587755
281120,-590.3847529530192
281121,571.1537215991729
281122,357.9400490267942
281123,-104.64055759530913
281124,-9.488034950811084
281125,-434.80358511483337
281126,726.7348894373587
281127,513.52121686498
281128,50.94061024287657
281129,146.09313288737474
281130,468.3583908394729
281131,1629.896865391665
281132,1416.6831928192862
281133,954.102586197183
281134,1049.2551088416812
281135,915.7791295345395
281136,2077.3176040867315
281137,1864.1039315143528
281138,1401.5233248922495
281139,1496.6758475367478
281140,1071.3602973727254
281141,2232.898771924917
281142,2019.6850993525388
281143,1557.1044927304354
281144,1652.2570153749336
281145,-92.11924747212652
281146,1069.4192270800654
281147,856.2055545076867
281148,393.6249478855834
281149,488.7774705300816
281150,355.30149122294006
281151,1516.839965775132
281152,1303.6262932027535
281153,841.0456865806501
281154,936.1982092251482
281155,510.88265906112593
281156,1672.4211336133178
281157,1459.207461040939
281158,996.6268544188358
281159,1091.779377063334
281160,-202.71554789369816
281161,958.8229266584938
281162,745.609254086115
281163,283.0286474640117
281164,378.1811701085099
281165,244.70519080136836
281166,1406.2436653535603
281167,1193.0299927811816
281168,730.4493861590784
281169,825.6019088035765
281170,400.28635863955424
281171,1561.8248331917462
281172,1348.6111606193676
281173,886.0305539972642
281174,981.1830766417623
281175,-194.64220995242204
281176,966.8962645997701
281177,753.6825920273913
281178,291.101985405288
281179,386.2545080497862
281180,252.7785287426446
281181,1414.3170032948367
281182,1201.103330722458
281183,738.5227241003546
281184,833.6752467448528
281185,408.3596965808305
281186,1569.8981711330225
281187,1356.6844985606438
281188,894.1038919385404
281189,989.2564145830386
281190,-400.5738982740261
281191,760.9645762781657
281192,547.750903705787
281193,85.17029708368364
281194,180.3228197281819
281195,46.84684042104038
281196,1208.3853149732322
281197,995.1716424008536
281198,532.5910357787503
281199,627.7435584232485
281200,202.4280082592262
281201,1363.9664828114182
281202,1150.7528102390395
281203,688.172203616936
281204,783.3247262614343
281205,-1025.46624317481
281206,136.07223137738208
281207,-77.14144119499667
281208,-539.7220478171
281209,-444.56952517260197
281210,-578.0455044797434
281211,583.4929700724487
281212,370.27929750007
281213,-92.30130912203333
281214,2.851213522464832
281215,-422.46433664155734
281216,739.0741379106345
281217,525.8604653382558
281218,63.279858716152376
281219,158.43238136065065
281220,480.6976393127488
281221,1642.2361138649408
281222,1429.022441292562
281223,966.4418346704588
281224,1061.5943573149568
281225,928.1183780078154
281226,2089.6568525600073
281227,1876.4431799876286
281228,1413.8625733655253
281229,1509.0150960100236
281230,1083.6995458460012
281231,2245.238020398193
281232,2032.0243478258146
281233,1569.4437412037112
281234,1664.5962638482092
281235,-79.77999899885083
281236,1081.7584755533412
281237,868.5448029809625
281238,405.96419635885917
281239,501.11671900335733
281240,367.6407396962158
281241,1529.1792142484078
281242,1315.9655416760293
281243,853.3849350539258
281244,948.537457698424
281245,523.2219075344017
281246,1684.7603820865938
281247,1471.5467095142149
281248,1008.9661028921116
281249,1104.1186255366097
281250,-353.2746792966616
281251,808.2637952555303
281252,595.0501226831516
281253,132.46951606104824
281254,227.6220387055464
281255,94.14605939840487
281256,1255.684533950597
281257,1042.4708613782182
281258,579.8902547561149
281259,675.042777400613
281260,249.7272272365908
281261,1411.2657017887827
281262,1198.052029216404
281263,735.4714225943007
281264,830.6239452387989
281265,-345.20134135538524
281266,816.3371331968067
281267,603.1234606244279
281268,140.54285400232448
281269,235.69537664682275
281270,102.21939733968122
281271,1263.7578718918733
281272,1050.5441993194945
281273,587.9635926973913
281274,683.1161153418893
281275,257.80056517786716
281276,1419.339039730059
281277,1206.1253671576803
281278,743.544760535577
281279,838.6972831800751
281280,-551.1330296769895
281281,610.4054448752023
281282,397.1917723028236
281283,-65.38883431927968
281284,29.76368832521848
281285,-103.71229098192316
281286,1057.8261835702688
281287,844.6125109978901
281288,382.03190437578684
281289,477.18442702028494
281290,51.86887685626277
281291,1213.4073514084548
281292,1000.1936788360761
281293,537.6130722139726
281294,632.7655948584709
281295,-1176.0253745777734
281296,-14.486900025581349
281297,-227.7005725979601
281298,-690.2811792200634
281299,-595.1286565755654
281300,-728.6046358827068
281301,432.9338386694853
281302,219.72016609710658
281303,-242.86044052499676
281304,-147.7079178804986
281305,-573.0234680445208
281306,588.515006507671
281307,375.30133393529235
281308,-87.27927268681094
281309,7.8732499576872215
281310,330.1385079097853
281311,1491.6769824619773
281312,1278.4633098895986
281313,815.8827032674953
281314,911.0352259119934
281315,777.5592466048519
281316,1939.097721157044
281317,1725.8840485846652
281318,1263.303441962562
281319,1358.45596460706
281320,933.1404144430378
281321,2094.6788889952295
281322,1881.465216422851
281323,1418.8846098007477
281324,1514.0371324452458
281325,-230.33913040181426
281326,931.1993441503778
281327,717.985671577999
281328,255.40506495589568
281329,350.5575876003939
281330,217.08160829325243
281331,1378.6200828454444
281332,1165.4064102730658
281333,702.8258036509624
281334,797.9783262954605
281335,372.66277613143825
281336,1534.2012506836304
281337,1320.9875781112514
281338,858.4069714891482
281339,953.5594941336464
281340,-340.935430823386
281341,820.6030437288061
281342,607.3893711564274
281343,144.80876453432404
281344,239.9612871788222
281345,106.48530787168067
281346,1268.0237824238727
281347,1054.810109851494
281348,592.2295032293907
281349,687.3820258738888
281350,262.0664757098665
281351,1423.6049502620585
281352,1210.39127768968
281353,747.8106710675765
281354,842.9631937120747
281355,-332.86209288210966
281356,828.6763816700824
281357,615.4627090977037
281358,152.88210247560028
281359,248.0346251200985
281360,114.55864581295702
281361,1276.0971203651488
281362,1062.8834477927703
281363,600.302841170667
281364,695.4553638151651
281365,270.13981365114284
281366,1431.678288203335
281367,1218.4646156309561
281368,755.8840090088528
281369,851.036531653351
281370,-538.7937812037137
281371,622.7446933484781
281372,409.5310207760994
281373,-53.04958584600388
281374,42.102936798494284
281375,-91.37304250864736
281376,1070.1654320435446
281377,856.9517594711659
281378,394.3711528490626
281379,489.52367549356075
281380,64.20812532953846
281381,1225.7465998817306
281382,1012.5329273093517
281383,549.9523206872484
281384,645.1048433317466
281385,-1163.6861261044976
281386,-2.147651552305547
281387,-215.3613241246843
281388,-677.9419307467876
281389,-582.7894081022896
281390,-716.265387409431
281391,445.273087142761
281392,232.05941457038227
281393,-230.52119205172107
281394,-135.3686694072229
281395,-560.6842195712452
281396,600.8542549809467
281397,387.64058240856815
281398,-74.94002421353525
281399,20.21249843096291
281400,342.47775638306103
281401,1504.0162309352531
281402,1290.8025583628744
281403,828.2219517407711
281404,923.3744743852692
281405,789.8984950781277
281406,1951.4369696303197
281407,1738.2232970579412
281408,1275.6426904358377
281409,1370.795213080336
281410,945.4796629163135
281411,2107.0181374685053
281412,1893.8044648961268
281413,1431.2238582740235
281414,1526.3763809185216
281415,-217.99988192853857
281416,943.5385926236536
281417,730.3249200512748
281418,267.7443134291715
281419,362.89683607366965
281420,229.42085676652812
281421,1390.9593313187202
281422,1177.7456587463414
281423,715.1650521242382
281424,810.3175747687363
281425,385.00202460471394
281426,1546.5404991569062
281427,1333.3268265845272
281428,870.746219962424
281429,965.8987426069222
281430,-328.5961823501102
281431,832.9422922020818
281432,619.7286196297032
281433,157.14801300759984
281434,252.30053565209795
281435,118.82455634495636
281436,1280.3630308971485
281437,1067.1493583247698
281438,604.5687517026664
281439,699.7212743471646
281440,274.4057241831423
281441,1435.9441987353343
281442,1222.7305261629556
281443,760.1499195408524
281444,855.3024421853505
281445,-320.52284440883386
281446,841.0156301433582
281447,627.8019575709794
281448,165.22135094887608
281449,260.37387359337424
281450,126.89789428623271
281451,1288.4363688384246
281452,1075.2226962660461
281453,612.6420896439428
281454,707.7946122884409
281455,282.47906212441865
281456,1444.0175366766107
281457,1230.803864104232
281458,768.2232574821286
281459,863.3757801266268
281460,-526.4545327304381
281461,635.0839418217538
281462,421.87026924937516
281463,-40.71033737272819
281464,54.44218527176997
281465,-79.03379403537156
281466,1082.5046805168204
281467,869.2910079444417
281468,406.7104013223384
281469,501.86292396683655
281470,76.54737380281426
281471,1238.0858483550064
281472,1024.8721757826277
281473,562.2915691605242
281474,657.4440918050224
281475,-1151.3468776312218
281476,10.191596920970142
281477,-203.0220756514085
281478,-665.6026822735118
281479,-570.4501596290136
281480,-703.9261389361552
281481,457.61233561603683
281482,244.39866304365813
281483,-218.18194357844516
281484,-123.029420933947
281485,-548.3449710979694
281486,613.1935034542227
281487,399.97983088184395
281488,-62.60077574025945
281489,32.55174690423871
281490,354.8170048563368
281491,1516.355479408529
281492,1303.1418068361502
281493,840.5612002140468
281494,935.713722858545
281495,802.2377435514034
281496,1963.7762181035955
281497,1750.5625455312168
281498,1287.9819389091135
281499,1383.1344615536116
281500,957.8189113895893
281501,2119.357385941781
281502,1906.1437133694028
281503,1443.5631067472993
281504,1538.7156293917974
281505,-205.66063345526265
281506,955.8778410969294
281507,742.6641685245506
281508,280.0835619024473
281509,375.23608454694545
281510,241.76010523980398
281511,1403.298579791996
281512,1190.0849072196174
281513,727.504300597514
281514,822.6568232420121
281515,397.34127307798985
281516,1558.8797476301818
281517,1345.666075057803
281518,883.0854684356998
281519,978.237991080198
281520,-316.2569338768342
281521,845.2815406753577
281522,632.067868102979
281523,169.48726148087565
281524,264.6397841253738
281525,131.16380481823228
281526,1292.7022793704243
281527,1079.4886067980456
281528,616.9080001759423
281529,712.0605228204404
281530,286.7449726564182
281531,1448.2834472086101
281532,1235.0697746362314
281533,772.4891680141282
281534,867.6416906586263
281535,-308.18359593555783
281536,853.354878616634
281537,640.1412060442553
281538,177.56059942215188
281539,272.7131220666501
281540,139.23714275950863
281541,1300.7756173117007
281542,1087.561944739322
281543,624.9813381172186
281544,720.1338607617167
281545,294.81831059769456
281546,1456.3567851498865
281547,1243.1431125775077
281548,780.5625059554044
281549,875.7150285999026
281550,-514.1152842571621
281551,647.4231902950297
281552,434.20951772265096
281553,-28.37108889945239
281554,66.78143374504589
281555,-66.69454556209575
281556,1094.8439289900962
281557,881.6302564177175
281558,419.04964979561424
281559,514.2021724401123
281560,88.88662227609018
281561,1250.4250968282822
281562,1037.2114242559035
281563,574.6308176338
281564,669.7833402782983
281565,-1139.007629157946
281566,22.530845394246057
281567,-190.6828271781327
281568,-653.263433800236
281569,-558.110911155738
281570,-691.5868904628794
281571,469.9515840893127
281572,256.737911516934
281573,-205.84269510516935
281574,-110.69017246067119
281575,-536.0057226246934
281576,625.5327519274985
281577,412.3190793551197
281578,-50.26152726698365
281579,44.89099537751463
281580,367.1562533296127
281581,1528.6947278818047
281582,1315.481055309426
281583,852.9004486873228
281584,948.0529713318208
281585,814.5769920246793
281586,1976.1154665768713
281587,1762.9017940044926
281588,1300.3211873823893
281589,1395.4737100268874
281590,970.1581598628652
281591,2131.696634415057
281592,1918.4829618426784
281593,1455.9023552205751
281594,1551.0548778650732
281595,-193.32138498198685
281596,968.2170895702052
281597,755.0034169978264
281598,292.4228103757231
281599,387.5753330202213
281600,254.09935371307972
281601,1415.6378282652718
281602,1202.4241556928932
281603,739.8435490707898
281604,834.9960717152879
281605,409.68052155126566
281606,1571.2189961034578
281607,1358.0053235310788
281608,895.4247169089756
281609,990.5772395534738
281610,-303.9176854035586
281611,857.6207891486335
281612,644.4071165762548
281613,181.82650995415145
281614,276.9790325986496
281615,143.50305329150808
281616,1305.0415278437
281617,1091.8278552713214
281618,629.247248649218
281619,724.3997712937162
281620,299.0842211296939
281621,1460.622695681886
281622,1247.4090231095074
281623,784.828416487404
281624,879.980939131902
281625,-295.84434746228226
281626,865.6941270899098
281627,652.480454517531
281628,189.89984789542768
281629,285.0523705399259
281630,151.57639123278443
281631,1313.1148657849762
281632,1099.9011932125977
281633,637.3205865904944
281634,732.4731092349925
281635,307.15755907097025
281636,1468.6960336231623
281637,1255.4823610507835
281638,792.9017544286802
281639,888.0542770731784
281640,-501.7760357838863
281641,659.7624387683055
281642,446.5487661959268
281643,-16.031840426176473
281644,79.12068221832169
281645,-54.35529708881995
281646,1107.183177463372
281647,893.9695048909933
281648,431.38889826889
281649,526.5414209133882
281650,101.22587074936587
281651,1262.764345301558
281652,1049.550672729179
281653,586.9700661070758
281654,682.122588751574
281655,-1126.6683806846702
281656,34.87009386752186
281657,-178.3435787048569
281658,-640.9241853269602
281659,-545.771662682462
281660,-679.2476419896036
281661,482.2908325625884
281662,269.0771599902097
281663,-193.50344663189367
281664,-98.3509239873955
281665,-523.6664741514178
281666,637.8720004007741
281667,424.65832782839556
281668,-37.92227879370785
281669,57.230243850790316
281670,379.49550180288844
281671,1541.0339763550805
281672,1327.8203037827018
281673,865.2396971605986
281674,960.3922198050966
281675,826.9162404979551
281676,1988.454715050147
281677,1775.2410424777684
281678,1312.6604358556651
281679,1407.8129585001632
281680,982.4974083361409
281681,2144.0358828883327
281682,1930.8222103159542
281683,1468.241603693851
281684,1563.394126338349
281685,-180.98213650871116
281686,980.556338043481
281687,767.3426654711022
281688,304.7620588489989
281689,399.91458149349705
281690,266.4386021863556
281691,1427.9770767385476
281692,1214.7634041661688
281693,752.1827975440656
281694,847.3353201885637
281695,422.01977002454134
281696,1583.5582445767334
281697,1370.3445720043546
281698,907.7639653822514
281699,1002.9164880267496
281700,-215.04633193155564
281701,946.4921426206363
281702,733.2784700482575
281703,270.6978634261543
281704,365.85038607065246
281705,232.37440676351093
281706,1393.912881315703
281707,1180.699208743324
281708,718.1186021212209
281709,813.2711247657192
281710,387.95557460169675
281711,1549.494049153889
281712,1336.2803765815102
281713,873.6997699594067
281714,968.852292603905
281715,-206.9729939902793
281716,954.5654805619126
281717,741.3518079895339
281718,278.7712013674306
281719,373.92372401192875
281720,240.44774470478728
281721,1401.9862192569792
281722,1188.7725466846005
281723,726.1919400624972
281724,821.3444627069954
281725,396.0289125429731
281726,1557.567387095165
281727,1344.3537145227865
281728,881.773107900683
281729,976.9256305451812
281730,-412.90468231188356
281731,748.6337922403084
281732,535.4201196679296
281733,72.83951304582627
281734,167.99203569032443
281735,34.5160563831829
281736,1196.054530935375
281737,982.8408583629962
281738,520.260251740893
281739,615.412774385391
281740,190.09722422136872
281741,1351.6356987735608
281742,1138.422026201182
281743,675.8414195790787
281744,770.9939422235768
281745,-1037.7970272126674
281746,123.7414473395246
281747,-89.47222523285416
281748,-552.0528318549575
281749,-456.9003092104592
281750,-590.3762885176009
281751,571.1621860345913
281752,357.9485134622126
281753,-104.6320931598907
281754,-9.479570515392652
281755,-434.7951206794148
281756,726.7433538727771
281757,513.5296813003984
281758,50.949074678295005
281759,146.10159732279317
281760,468.3668552748913
281761,1629.9053298270833
281762,1416.6916572547048
281763,954.1110506326013
281764,1049.2635732770996
281765,915.7875939699579
281766,2077.3260685221503
281767,1864.1123959497713
281768,1401.5317893276679
281769,1496.6843119721661
281770,1071.3687618081437
281771,2232.907236360336
281772,2019.6935637879571
281773,1557.112957165854
281774,1652.265479810352
281775,-92.1107830367082
281776,1069.4276915154837
281777,856.2140189431051
281778,393.6334123210018
281779,488.78593496549996
281780,355.3099556583585
281781,1516.8484302105503
281782,1303.6347576381718
281783,841.0541510160684
281784,936.2066736605666
281785,510.8911234965443
281786,1672.4295980487364
281787,1459.2159254763576
281788,996.6353188542543
281789,1091.7878414987524
281790,-202.70708345827984
281791,958.8313910939122
281792,745.6177185215334
281793,283.03711189943016
281794,378.1896345439283
281795,244.7136552367868
281796,1406.252129788979
281797,1193.0384572166
281798,730.4578505944967
281799,825.610373238995
281800,400.2948230749726
281801,1561.8332976271645
281802,1348.619625054786
281803,886.0390184326825
281804,981.1915410771807
281805,-194.6337455170035
281806,966.9047290351884
281807,753.6910564628097
281808,291.11044984070645
281809,386.2629724852046
281810,252.78699317806303
281811,1414.325467730255
281812,1201.1117951578763
281813,738.531188535773
281814,833.6837111802712
281815,408.36816101624885
281816,1569.9066355684408
281817,1356.6929629960623
281818,894.1123563739588
281819,989.264879018457
281820,-400.56543383860776
281821,760.9730407135842
281822,547.7593681412054
281823,85.17876151910218
281824,180.33128416360034
281825,46.855304856458815
281826,1208.3937794086507
281827,995.180106836272
281828,532.5995002141688
281829,627.7520228586668
281830,202.43647269464464
281831,1363.9749472468366
281832,1150.7612746744578
281833,688.1806680523545
281834,783.3331906968526
281835,-1025.4577787393914
281836,136.0806958128005
281837,-77.13297675957813
281838,-539.7135833816815
281839,-444.5610607371834
281840,-578.0370400443248
281841,583.5014345078671
281842,370.28776193548833
281843,-92.2928446866149
281844,2.859677957883264
281845,-422.455872206139
281846,739.0826023460529
281847,525.8689297736742
281848,63.28832315157092
281849,158.44084579606908
281850,480.7061037481672
281851,1642.244578300359
281852,1429.0309057279806
281853,966.4502991058771
281854,1061.6028217503754
281855,928.1268424432337
281856,2089.665316995426
281857,1876.451644423047
281858,1413.8710378009437
281859,1509.023560445442
281860,1083.7080102814195
281861,2245.2464848336112
281862,2032.032812261233
281863,1569.4522056391295
281864,1664.6047282836278
281865,-79.7715345634324
281866,1081.7669399887595
281867,868.5532674163809
281868,405.9726607942776
281869,501.12518343877576
281870,367.64920413163424
281871,1529.187678683826
281872,1315.9740061114476
281873,853.3933994893442
281874,948.5459221338424
281875,523.23037196982
281876,1684.7688465220122
281877,1471.5551739496334
281878,1008.9745673275299
281879,1104.1270899720282
281880,-353.26621486124327
281881,808.2722596909487
281882,595.0585871185699
281883,132.47798049646667
281884,227.63050314096483
281885,94.1545238338233
281886,1255.6929983860152
281887,1042.4793258136365
281888,579.8987191915332
281889,675.0512418360314
281890,249.73569167200918
281891,1411.274166224201
281892,1198.0604936518225
281893,735.4798870297192
281894,830.6324096742173
281895,-345.1928769199669
281896,816.345597632225
281897,603.1319250598463
281898,140.5513184377429
281899,235.70384108224107
281900,102.22786177509965
281901,1263.7663363272916
281902,1050.5526637549128
281903,587.9720571328096
281904,683.1245797773078
281905,257.80902961328553
281906,1419.3475041654774
281907,1206.1338315930989
281908,743.5532249709954
281909,838.7057476154936
281910,-551.1245652415712
281911,610.4139093106207
281912,397.20023673824204
281913,-65.38036988386125
281914,29.772152760636914
281915,-103.70382654650473
281916,1057.8346480056873
281917,844.6209754333086
281918,382.0403688112052
281919,477.1928914557034
281920,51.877341291681205
281921,1213.4158158438731
281922,1000.2021432714944
281923,537.621536649391
281924,632.7740592938892
281925,-1176.016910142355
281926,-14.478435590162917
281927,-227.69210816254167
281928,-690.2727147846451
281929,-595.1201921401471
281930,-728.5961714472885
281931,432.9423031049036
281932,219.7286305325249
281933,-242.85197608957844
281934,-147.69945344508028
281935,-573.0150036091025
281936,588.5234709430894
281937,375.3097983707108
281938,-87.27080825139262
281939,7.88171439310554
281940,330.14697234520366
281941,1491.6854468973957
281942,1278.471774325017
281943,815.8911677029137
281944,911.0436903474117
281945,777.5677110402703
281946,1939.1061855924622
281947,1725.8925130200837
281948,1263.3119063979802
281949,1358.4644290424785
281950,933.1488788784561
281951,2094.687353430648
281952,1881.4736808582695
281953,1418.8930742361663
281954,1514.0455968806643
281955,-230.33066596639583
281956,931.2078085857961
281957,717.9941360134175
281958,255.4135293913141
281959,350.5660520358123
281960,217.09007272867075
281961,1378.6285472808627
281962,1165.4148747084841
281963,702.8342680863808
281964,797.986790730879
281965,372.6712405668566
281966,1534.2097151190487
281967,1320.99604254667
281968,858.4154359245666
281969,953.5679585690648
281970,-340.92696638796747
281971,820.6115081642246
281972,607.3978355918457
281973,144.81722896974247
281974,239.96975161424052
281975,106.4937723070991
281976,1268.0322468592913
281977,1054.8185742869123
281978,592.237967664809
281979,687.3904903093072
281980,262.0749401452849
281981,1423.613414697477
281982,1210.3997421250983
281983,747.8191355029949
281984,842.971658147493
281985,-332.8536284466911
281986,828.6848461055008
281987,615.471173533122
281988,152.8905669110187
281989,248.04308955551687
281990,114.56711024837546
281991,1276.1055848005676
281992,1062.8919122281886
281993,600.3113056060854
281994,695.4638282505836
281995,270.1482780865613
281996,1431.6867526387534
281997,1218.4730800663747
281998,755.8924734442712
281999,851.0449960887694
282000,-538.7853167682954
282001,622.7531577838965
282002,409.53948521151773
282003,-53.04112141058556
282004,42.1114012339126
282005,-91.36457807322904
282006,1070.1738964789631
282007,856.9602239065844
282008,394.379617284481
282009,489.5321399289792
282010,64.2165897649569
282011,1225.755064317149
282012,1012.5413917447702
282013,549.9607851226668
282014,645.113307767165
282015,-1163.6776616690793
282016,-2.139187116887115
282017,-215.35285968926587
282018,-677.9334663113693
282019,-582.780943666871
282020,-716.2569229740127
282021,445.2815515781796
282022,232.0678790058007
282023,-230.51272761630253
282024,-135.36020497180448
282025,-560.6757551358266
282026,600.8627194163653
282027,387.6490468439865
282028,-74.93155977811682
282029,20.220962866381342
282030,342.4862208184794
282031,1504.0246953706715
282032,1290.8110227982927
282033,828.2304161761895
282034,923.3829388206876
282035,789.9069595135461
282036,1951.4454340657383
282037,1738.2317614933595
282038,1275.651154871256
282039,1370.8036775157543
282040,945.4881273517319
282041,2107.026601903924
282042,1893.8129293315453
282043,1431.232322709442
282044,1526.3848453539401
282045,-217.99141749312014
282046,943.547057059072
282047,730.3333844866933
282048,267.75277786458986
282049,362.905300509088
282050,229.42932120194655
282051,1390.9677957541387
282052,1177.75412318176
282053,715.1735165596566
282054,810.3260392041547
282055,385.01048904013237
282056,1546.5489635923245
282057,1333.3352910199458
282058,870.7546843978423
282059,965.9072070423406
282060,-329.57268197084363
282061,831.9657925813483
282062,618.7521200089695
282063,156.1715133868662
282064,251.32403603136441
282065,117.84805672422283
282066,1279.3865312764149
282067,1066.1728587040361
282068,603.5922520819329
282069,698.744774726431
282070,273.42922456240876
282071,1434.9676991146007
282072,1221.7540265422222
282073,759.1734199201187
282074,854.3259425646169
282075,-321.4993440295675
282076,840.0391305226246
282077,626.8254579502459
282078,164.24485132814243
282079,259.3973739726407
282080,125.92139466549918
282081,1287.4598692176912
282082,1074.2461966453125
282083,611.6655900232092
282084,706.8181126677073
282085,281.502562503685
282086,1443.041037055877
282087,1229.8273644834983
282088,767.2467578613949
282089,862.3992805058932
282090,-527.4310323511718
282091,634.1074422010203
282092,420.89376962864156
282093,-41.686836993461725
282094,53.46568565103644
282095,-80.0102936561052
282096,1081.5281808960867
282097,868.3145083237082
282098,405.7339017016048
282099,500.88642434610296
282100,75.57087418208062
282101,1237.1093487342728
282102,1023.895676161894
282103,561.3150695397906
282104,656.4675921842888
282105,-1152.3233772519554
282106,9.215097300236607
282107,-203.99857527214203
282108,-666.5791818942455
282109,-571.4266592497472
282110,-704.9026385568889
282111,456.6358359953033
282112,243.42216342292454
282113,-219.1584431991788
282114,-124.00592055468064
282115,-549.321470718703
282116,612.2170038334891
282117,399.0033312611103
282118,-63.577275360992985
282119,31.575247283505178
282120,353.84050523560325
282121,1515.3789797877953
282122,1302.1653072154168
282123,839.5847005933133
282124,934.7372232378115
282125,801.2612439306698
282126,1962.799718482862
282127,1749.5860459104833
282128,1287.0054392883799
282129,1382.1579619328782
282130,956.8424117688558
282131,2118.380886321048
282132,1905.1672137486692
282133,1442.586607126566
282134,1537.739129771064
282135,-206.6371330759963
282136,954.9013414761957
282137,741.6876689038171
282138,279.1070622817137
282139,374.2595849262119
282140,240.78360561907039
282141,1402.3220801712623
282142,1189.1084075988838
282143,726.5278009767803
282144,821.6803236212785
282145,396.3647734572562
282146,1557.9032480094484
282147,1344.6895754370694
282148,882.1089688149661
282149,977.2614914594644
282150,-317.23343349756783
282151,844.3050410546241
282152,631.0913684822453
282153,168.510761860142
282154,263.66328450464016
282155,130.18730519749874
282156,1291.725779749691
282157,1078.512107177312
282158,615.9315005552087
282159,711.0840231997068
282160,285.7684730356846
282161,1447.3069475878767
282162,1234.093275015498
282163,771.5126683933945
282164,866.6651910378927
282165,-309.1600955562917
282166,852.3783789959004
282167,639.1647064235217
282168,176.58409980141823
282169,271.7366224459165
282170,138.2606431387751
282171,1299.799117690967
282172,1086.5854451185883
282173,624.004838496485
282174,719.1573611409831
282175,293.84181097696086
282176,1455.3802855291528
282177,1242.1666129567743
282178,779.5860063346709
282179,874.738528979169
282180,-515.0917838778958
282181,646.4466906742961
282182,433.2330181019174
282183,-29.347588520185923
282184,65.80493412431224
282185,-67.67104518282929
282186,1093.8674293693625
282187,880.653756796984
282188,418.0731501748806
282189,513.2256728193788
282190,87.91012265535642
282191,1249.4485972075486
282192,1036.2349246351698
282193,573.6543180130664
282194,668.8068406575646
282195,-1139.9841287786796
282196,21.554345773512523
282197,-191.65932679886623
282198,-654.2399334209697
282199,-559.0874107764714
282200,-692.5633900836131
282201,468.9750844685791
282202,255.7614118962003
282203,-206.819194725903
282204,-111.66667208140484
282205,-536.9822222454272
282206,624.5562523067649
282207,411.34257973438616
282208,-51.2380268877173
282209,43.91449575678098
282210,366.1797537088791
282211,1527.718228261071
282212,1314.5045556886923
282213,851.9239490665891
282214,947.0764717110872
282215,813.6004924039457
282216,1975.138966956138
282217,1761.9252943837591
282218,1299.3446877616557
282219,1394.497210406154
282220,969.1816602421316
282221,2130.7201347943237
282222,1917.506462221945
282223,1454.9258555998415
282224,1550.0783782443398
282225,-194.29788460272061
282226,967.2405899494715
282227,754.0269173770929
282228,291.44631075498944
282229,386.59883339948766
282230,253.12285409234613
282231,1414.6613286445381
282232,1201.4476560721596
282233,738.8670494500561
282234,834.0195720945543
282235,408.70402193053195
282236,1570.2424964827242
282237,1357.0288239103454
282238,894.448217288242
282239,989.6007399327402
282240,-304.894185024292
282241,856.6442895278999
282242,643.4306169555211
282243,180.8500103334178
282244,276.00253297791596
282245,142.52655367077455
282246,1304.0650282229665
282247,1090.8513556505877
282248,628.2707490284845
282249,723.4232716729827
282250,298.10772150896037
282251,1459.6461960611523
282252,1246.4325234887738
282253,783.8519168666703
282254,879.0044395111685
282255,-296.8208470830159
282256,864.7176274691763
282257,651.5039548967975
282258,188.92334827469404
282259,284.07587091919225
282260,150.59989161205078
282261,1312.1383661642428
282262,1098.924693591864
282263,636.3440869697607
282264,731.4966096142589
282265,306.1810594502366
282266,1467.7195340024286
282267,1254.50586143005
282268,791.9252548079465
282269,887.0777774524447
282270,-502.7525354046202
282271,658.7859391475719
282272,445.5722665751931
282273,-17.008340046910234
282274,78.14418259758804
282275,-55.3317967095536
282276,1106.2066778426386
282277,892.9930052702598
282278,430.4123986481564
282279,525.5649212926546
282280,100.24937112863222
282281,1261.7878456808244
282282,1048.5741731084456
282283,585.9935664863422
282284,681.1460891308404
282285,-1127.6448803054038
282286,33.893594246788325
282287,-179.32007832559054
282288,-641.9006849476939
282289,-546.7481623031958
282290,-680.2241416103373
282291,481.31433294185484
282292,268.10066036947615
282293,-194.4799462526272
282294,-99.32742360812904
282295,-524.6429737721514
282296,636.8955007800406
282297,423.68182820766197
282298,-38.898778414441495
282299,56.25374423005678
282300,378.51900218215485
282301,1540.057476734347
282302,1326.8438041619681
282303,864.2631975398648
282304,959.415720184363
282305,825.9397408772215
282306,1987.4782154294135
282307,1774.2645428570347
282308,1311.6839362349315
282309,1406.8364588794298
282310,981.5209087154074
282311,2143.0593832675995
282312,1929.8457106952208
282313,1467.2651040731173
282314,1562.4176267176153
282315,-181.9586361294447
282316,979.5798384227475
282317,766.3661658503686
282318,303.78555922826524
282319,398.93808187276346
282320,265.46210256562193
282321,1427.000577117814
282322,1213.7869045454354
282323,751.2062979233319
282324,846.3588205678301
282325,421.0432704038078
282326,1582.581744956
282327,1369.3680723836212
282328,906.7874657615178
282329,1001.939988406016
282330,-216.0228315522893
282331,945.5156429999028
282332,732.301970427524
282333,269.7213638054207
282334,364.8738864499189
282335,231.3979071427774
282336,1392.9363816949694
282337,1179.7227091225907
282338,717.1421025004873
282339,812.2946251449855
282340,386.9790749809632
282341,1548.5175495331553
282342,1335.3038769607765
282343,872.7232703386732
282344,967.8757929831713
282345,-207.94949361101294
282346,953.5889809411791
282347,740.3753083688003
282348,277.794701746697
282349,372.9472243911952
282350,239.47124508405375
282351,1401.0097196362458
282352,1187.796047063867
282353,725.2154404417637
282354,820.3679630862619
282355,395.05241292223957
282356,1556.5908874744316
282357,1343.3772149020529
282358,880.7966082799494
282359,975.9491309244477
282360,-413.8811819326172
282361,747.6572926195747
282362,534.443620047196
282363,71.86301342509273
282364,167.0155360695909
282365,33.539556762449365
282366,1195.0780313146413
282367,981.8643587422625
282368,519.2837521201593
282369,614.4362747646575
282370,189.12072460063507
282371,1350.6591991528271
282372,1137.4455265804486
282373,674.864919958345
282374,770.0174426028433
282375,-1038.773526833401
282376,122.76494771879106
282377,-90.44872485358769
282378,-553.0293314756912
282379,-457.8768088311929
282380,-591.3527881383343
282381,570.1856864138576
282382,356.972013841479
282383,-105.60859278062435
282384,-10.456070136126186
282385,-435.77162030014847
282386,725.7668542520435
282387,512.5531816796648
282388,49.97257505756147
282389,145.12509770205963
282390,467.39035565415776
282391,1628.9288302063499
282392,1415.715157633971
282393,953.1345510118679
282394,1048.287073656366
282395,914.8110943492243
282396,2076.349568901416
282397,1863.1358963290377
282398,1400.5552897069344
282399,1495.7078123514325
282400,1070.3922621874103
282401,2231.9307367396023
282402,2018.7170641672235
282403,1556.1364575451203
282404,1651.2889801896185
282405,-93.08728265744185
282406,1068.4511918947503
282407,855.2375193223716
282408,392.6569127002682
282409,487.80943534476637
282410,354.33345603762484
282411,1515.8719305898169
282412,1302.6582580174381
282413,840.0776513953349
282414,935.230174039833
282415,509.91462387581066
282416,1671.4530984280027
282417,1458.2394258556242
282418,995.6588192335207
282419,1090.8113418780188
282420,-203.68358307901337
282421,957.8548914731786
282422,744.6412189007998
282423,282.0606122786965
282424,377.2131349231947
282425,243.7371556160532
282426,1405.2756301682452
282427,1192.0619575958665
282428,729.4813509737631
282429,824.6338736182613
282430,399.3183234542391
282431,1560.856798006431
282432,1347.6431254340523
282433,885.062518811949
282434,980.2150414564471
282435,-195.61024513773714
282436,965.9282294144548
282437,752.7145568420761
282438,290.1339502199728
282439,385.28647286447097
282440,251.81049355732944
282441,1413.3489681095216
282442,1200.1352955371426
282443,737.5546889150394
282444,832.7072115595377
282445,407.3916613955153
282446,1568.9301359477072
282447,1355.7164633753287
282448,893.1358567532252
282449,988.2883793977235
282450,-401.5419334593414
282451,759.9965410928505
282452,546.7828685204719
282453,84.20226189836853
282454,179.3547845428667
282455,45.87880523572517
282456,1207.417279787917
282457,994.2036072155383
282458,531.6230005934351
282459,626.7755232379333
282460,201.459973073911
282461,1362.998447626103
282462,1149.7847750537244
282463,687.2041684316209
282464,782.3566910761191
282465,-1026.4342783601253
282466,135.10419619206687
282467,-78.10947638031189
282468,-540.6900830024153
282469,-445.5375603579171
282470,-579.0135396650585
282471,582.5249348871336
282472,369.3112623147548
282473,-93.26934430734855
282474,1.8831783371495021
282475,-423.43237182687267
282476,738.1061027253194
282477,524.8924301529406
282478,62.31182353083716
282479,157.46434617533532
282480,479.7296041274336
282481,1641.2680786796257
282482,1428.054406107247
282483,965.4737994851436
282484,1060.6263221296417
282485,927.1503428225002
282486,2088.688817374692
282487,1875.4751448023135
282488,1412.89453818021
282489,1508.0470608247083
282490,1082.7315106606861
282491,2244.269985212878
282492,2031.0563126404993
282493,1568.475706018396
282494,1663.6282286628941
282495,-80.74803418416604
282496,1080.790440368026
282497,867.5767677956474
282498,404.99616117354395
282499,500.1486838180422
282500,366.6727045109006
282501,1528.2111790630927
282502,1314.997506490714
282503,852.4168998686106
282504,947.5694225131087
282505,522.2538723490865
282506,1683.7923469012785
282507,1470.5786743288998
282508,1007.9980677067964
282509,1103.1505903512946
282510,-354.2427144819769
282511,807.2957600702151
282512,594.0820874978364
282513,131.50148087573302
282514,226.65400352023119
282515,93.17802421308977
282516,1254.7164987652818
282517,1041.502826192903
282518,578.9222195707996
282519,674.0747422152979
282520,248.7591920512756
282521,1410.2976666034676
282522,1197.0839940310889
282523,734.5033874089855
282524,829.6559100534837
282525,-346.16937654070057
282526,815.3690980114915
282527,602.1554254391126
282528,139.57481881700926
282529,234.72734146150742
282530,101.25136215436612
282531,1262.789836706558
282532,1049.5761641341792
282533,586.995557512076
282534,682.1480801565741
282535,256.8325299925518
282536,1418.371004544744
282537,1205.1573319723652
282538,742.5767253502618
282539,837.72924799476
282540,-552.1010648623048
282541,609.4374096898871
282542,396.22373711750834
282543,-66.35686950459501
282544,28.795653139903152
282545,-104.68032616723826
282546,1056.8581483849537
282547,843.6444758125749
282548,381.06386919047156
282549,476.2163918349697
282550,50.90084167094744
282551,1212.4393162231395
282552,999.2256436507607
282553,536.6450370286574
282554,631.7975596731555
282555,-1176.9934097630887
282556,-15.454935210896565
282557,-228.66860778327532
282558,-691.2492144053788
282559,-596.0966917608805
282560,-729.5726710680219
282561,431.96580348417
282562,218.75213091179137
282563,-243.82847571031198
282564,-148.67595306581381
282565,-573.9915032298361
282566,587.5469713223558
282567,374.33329874997713
282568,-88.24730787212627
282569,6.905214772371892
282570,329.1704727244701
282571,1490.708947276662
282572,1277.4952747042835
282573,814.91466808218
282574,910.0671907266782
282575,776.5912114195368
282576,1938.1296859717288
282577,1724.91601339935
282578,1262.3354067772466
282579,1357.4879294217449
282580,932.1723792577226
282581,2093.7108538099146
282582,1880.4971812375359
282583,1417.9165746154326
282584,1513.0690972599307
282585,-231.30716558712948
282586,930.2313089650627
282587,717.0176363926838
282588,254.43702977058047
282589,349.58955241507863
282590,216.1135731079372
282591,1377.652047660129
282592,1164.4383750877505
282593,701.8577684656472
282594,797.0102911101453
282595,371.69474094612303
282596,1533.233215498315
282597,1320.0195429259363
282598,857.438936303833
282599,952.5914589483311
282600,-341.9034660087011
282601,819.6350085434909
282602,606.4213359711122
282603,143.84072934900883
282604,238.993251993507
282605,105.51727268636546
282606,1267.0557472385576
282607,1053.8420746661789
282608,591.2614680440754
282609,686.4139906885737
282610,261.0984405245514
282611,1422.6369150767432
282612,1209.4232425043647
282613,746.8426358822613
282614,841.9951585267595
282615,-333.83012806742477
282616,827.7083464847672
282617,614.4946739123885
282618,151.91406729028517
282619,247.06658993478334
282620,113.5906106276417
282621,1275.129085179834
282622,1061.915412607455
282623,599.3348059853517
282624,694.4873286298499
282625,269.17177846582763
282626,1430.7102530180196
282627,1217.496580445641
282628,754.9159738235376
282629,850.0684964680358
282630,-539.761816389029
282631,621.7766581631629
282632,408.5629855907842
282633,-54.017621031319095
282634,41.13490161317907
282635,-92.34107769396269
282636,1069.1973968582295
282637,855.9837242858507
282638,393.40311766374737
282639,488.55564030824553
282640,63.240090144223245
282641,1224.7785646964153
282642,1011.5648921240366
282643,548.9842855019332
282644,644.1368081464315
282645,-1164.654161289813
282646,-3.115686737620763
282647,-216.3293593099994
282648,-678.9099659321028
282649,-583.7574432876047
282650,-717.2334225947463
282651,444.30505195744587
282652,231.09137938506717
282653,-231.48922723703618
282654,-136.336704592538
282655,-561.6522547565603
282656,599.8862197956316
282657,386.672547223253
282658,-75.90805939885036
282659,19.244463245647808
282660,341.5097211977459
282661,1503.048195749938
282662,1289.8345231775593
282663,827.2539165554558
282664,922.4064391999541
282665,788.9304598928125
282666,1950.4689344450046
282667,1737.2552618726259
282668,1274.6746552505224
282669,1369.8271778950207
282670,944.5116277309984
282671,2106.0501022831904
282672,1892.8364297108117
282673,1430.2558230887084
282674,1525.4083457332067
282675,-218.96791711385367
282676,942.5705574383384
282677,729.3568848659596
282678,266.77627824385627
282679,361.9288008883545
282680,228.4528215812129
282681,1389.991296133405
282682,1176.7776235610263
282683,714.197016938923
282684,809.3495395834211
282685,384.03398941939884
282686,1545.5724639715909
282687,1332.3587913992121
282688,869.7781847771088
282689,964.9307074216069
282690,-329.5642175354253
282691,831.9742570167667
282692,618.760584444388
282693,156.17997782228463
282694,251.3325004667828
282695,117.85652115964126
282696,1279.3949957118334
282697,1066.1813231394547
282698,603.6007165173512
282699,698.7532391618495
282700,273.43768899782714
282701,1434.9761635500192
282702,1221.7624909776405
282703,759.1818843555371
282704,854.3344070000353
282705,-321.4908795941492
282706,840.047594958043
282707,626.8339223856642
282708,164.25331576356086
282709,259.4058384080591
282710,125.92985910091761
282711,1287.4683336531098
282712,1074.2546610807308
282713,611.6740544586276
282714,706.8265771031257
282715,281.5110269391034
282716,1443.0495014912956
282717,1229.8358289189168
282718,767.2552222968134
282719,862.4077449413116
282720,-527.4225679157532
282721,634.1159066364387
282722,420.90223406406
282723,-41.67837255804329
282724,53.47415008645487
282725,-80.00182922068677
282726,1081.5366453315053
282727,868.3229727591265
282728,405.74236613702317
282729,500.89488878152133
282730,75.57933861749893
282731,1237.117813169691
282732,1023.9041405973123
282733,561.323533975209
282734,656.4760566197073
282735,-1152.3149128165371
282736,9.22356173565504
282737,-203.99011083672372
282738,-666.5707174588272
282739,-571.4181948143289
282740,-704.8941741214705
282741,456.6443004307217
282742,243.43062785834286
282743,-219.1499787637605
282744,-123.99745611926232
282745,-549.3130062832847
282746,612.2254682689074
282747,399.01179569652874
282748,-63.56881092557467
282749,31.583711718923496
282750,353.8489696710216
282751,1515.3874442232136
282752,1302.173771650835
282753,839.5931650287316
282754,934.7456876732299
282755,801.2697083660883
282756,1962.8081829182804
282757,1749.5945103459017
282758,1287.0139037237982
282759,1382.1664263682965
282760,956.8508762042741
282761,2118.3893507564662
282762,1905.1756781840875
282763,1442.5950715619842
282764,1537.7475942064823
282765,-206.62866864057787
282766,954.9098059116142
282767,741.6961333392354
282768,279.11552671713207
282769,374.2680493616303
282770,240.79207005448876
282771,1402.3305446066809
282772,1189.116872034302
282773,726.5362654121988
282774,821.6887880566969
282775,396.3732378926746
282776,1557.9117124448667
282777,1344.698039872488
282778,882.1174332503846
282779,977.2699558948827
282780,-317.2249690621495
282781,844.3135054900425
282782,631.0998329176638
282783,168.51922629556043
282784,263.6717489400586
282785,130.19576963291718
282786,1291.7342441851092
282787,1078.5205716127305
282788,615.939964990627
282789,711.0924876351253
282790,285.776937471103
282791,1447.315412023295
282792,1234.1017394509163
282793,771.5211328288129
282794,866.6736554733111
282795,-309.15163112087316
282796,852.3868434313189
282797,639.1731708589401
282798,176.59256423683678
282799,271.74508688133494
282800,138.26910757419353
282801,1299.8075821263853
282802,1086.5939095540066
282803,624.0133029319034
282804,719.1658255764015
282805,293.85027541237923
282806,1455.3887499645712
282807,1242.1750773921926
282808,779.5944707700892
282809,874.7469934145875
282810,-515.0833194424774
282811,646.4551551097145
282812,433.24148253733574
282813,-29.339124084767604
282814,65.81339855973056
282815,-67.66258074741086
282816,1093.875893804781
282817,880.6622212324023
282818,418.081614610299
282819,513.2341372547971
282820,87.91858709077485
282821,1249.457061642967
282822,1036.2433890705881
282823,573.6627824484848
282824,668.8153050929831
282825,-1139.975664343261
282826,21.56281020893084
282827,-191.6508623634479
282828,-654.2314689855511
282829,-559.0789463410529
282830,-692.5549256481945
282831,468.9835489039974
282832,255.76987633161872
282833,-206.81073029048457
282834,-111.65820764598641
282835,-536.9737578100087
282836,624.5647167421832
282837,411.35104416980454
282838,-51.229562452298865
282839,43.9229601921993
282840,366.18821814429754
282841,1527.7266926964894
282842,1314.5130201241109
282843,851.9324135020074
282844,947.0849361465057
282845,813.6089568393642
282846,1975.1474313915562
282847,1761.9337588191775
282848,1299.353152197074
282849,1394.5056748415723
282850,969.19012467755
282851,2130.728599229742
282852,1917.5149266573633
282853,1454.93432003526
282854,1550.086842679758
282855,-194.28942016730207
282856,967.2490543848901
282857,754.0353818125113
282858,291.4547751904079
282859,386.6072978349061
282860,253.1313185277645
282861,1414.6697930799564
282862,1201.456120507578
282863,738.8755138854746
282864,834.0280365299727
282865,408.7124863659503
282866,1570.2509609181425
282867,1357.0372883457637
282868,894.4566817236604
282869,989.6092043681585
282870,-304.8857205888737
282871,856.6527539633183
282872,643.4390813909396
282873,180.85847476883623
282874,276.0109974133344
282875,142.53501810619287
282876,1304.073492658385
282877,1090.8598200860063
282878,628.2792134639028
282879,723.4317361084011
282880,298.1161859443788
282881,1459.6546604965706
282882,1246.440987924192
282883,783.8603813020887
282884,879.0129039465869
282885,-296.81238264759736
282886,864.7260919045946
282887,651.5124193322159
282888,188.93181271011247
282889,284.0843353546107
282890,150.6083560474691
282891,1312.1468305996614
282892,1098.9331580272824
282893,636.3525514051792
282894,731.5050740496773
282895,306.18952388565503
282896,1467.727998437847
282897,1254.5143258654684
282898,791.933719243365
282899,887.0862418878633
282900,-502.74407096920163
282901,658.7944035829903
282902,445.58073101061154
282903,-16.99987561149169
282904,78.15264703300647
282905,-55.32333227413528
282906,1106.2151422780569
282907,893.0014697056781
282908,430.4208630835748
282909,525.5733857280729
282910,100.25783556405065
282911,1261.7963101162427
282912,1048.5826375438642
282913,586.0020309217606
282914,681.1545535662588
282915,-1127.6364158699855
282916,33.90205868220664
282917,-179.311613890172
282918,-641.8922205122753
282919,-546.7396978677773
282920,-680.2156771749189
282921,481.3227973772733
282922,268.1091248048946
282923,-194.47148181720877
282924,-99.3189591727106
282925,-524.6345093367329
282926,636.903965215459
282927,423.6902926430804
282928,-38.89031397902295
282929,56.262208665475214
282930,378.5274666175733
282931,1540.0659411697652
282932,1326.8522685973867
282933,864.2716619752832
282934,959.4241846197814
282935,825.9482053126399
282936,1987.486679864832
282937,1774.2730072924533
282938,1311.6924006703498
282939,1406.844923314848
282940,981.5293731508258
282941,2143.067847703018
282942,1929.854175130639
282943,1467.2735685085358
282944,1562.426091153034
282945,-181.95017169402627
282946,979.5883028581658
282947,766.3746302857871
282948,303.7940236636837
282949,398.9465463081819
282950,265.47056700104037
282951,1427.0090415532325
282952,1213.7953689808537
282953,751.2147623587504
282954,846.3672850032485
282955,421.05173483922624
282956,1582.5902093914183
282957,1369.3765368190395
282958,906.7959301969362
282959,1001.9484528414343
282960,-216.01436711687074
282961,945.5241074353212
282962,732.3104348629424
282963,269.72982824083914
282964,364.88235088533736
282965,231.40637157819572
282966,1392.9448461303878
282967,1179.731173558009
282968,717.1505669359058
282969,812.3030895804039
282970,386.9875394163816
282971,1548.5260139685736
282972,1335.3123413961948
282973,872.7317347740916
282974,967.8842574185898
282975,-207.9410291755944
282976,953.5974453765975
282977,740.3837728042188
282978,277.80316618211543
282979,372.95568882661365
282980,239.47970951947207
282981,1401.018184071664
282982,1187.8045114992854
282983,725.223904877182
282984,820.3764275216802
282985,395.06087735765794
282986,1556.59935190985
282987,1343.3856793374712
282988,880.8050727153678
282989,975.957595359866
282990,-413.8727174971989
282991,747.6657570549932
282992,534.4520844826145
282993,71.87147786051105
282994,167.02400050500933
282995,33.54802119786768
282996,1195.0864957500598
282997,981.872823177681
282998,519.2922165555776
282999,614.4447392000759
283000,189.1291890360535
283001,1350.6676635882454
283002,1137.453991015867
283003,674.8733843937634
283004,770.0259070382617
283005,-1038.7650623979825
283006,122.7734121542095
283007,-90.44026041816915
283008,-553.0208670402726
283009,-457.86834439577433
283010,-591.3443237029157
283011,570.1941508492762
283012,356.9804782768974
283013,-105.60012834520592
283014,-10.447605700707754
283015,-435.76315586473015
283016,725.775318687462
283017,512.5616461150832
283018,49.98103949297979
283019,145.13356213747807
283020,467.3988200895762
283021,1628.9372946417682
283022,1415.7236220693894
283023,953.1430154472862
283024,1048.2955380917845
283025,914.8195587846427
283026,2076.3580333368345
283027,1863.1443607644562
283028,1400.5637541423528
283029,1495.7162767868508
283030,1070.4007266228286
283031,2231.9392011750206
283032,2018.725528602642
283033,1556.1449219805386
283034,1651.2974446250369
283035,-93.0788182220233
283036,1068.4596563301686
283037,855.24598375779
283038,392.66537713568664
283039,487.8178997801848
283040,354.3419204730433
283041,1515.8803950252354
283042,1302.6667224528564
283043,840.0861158307532
283044,935.2386384752514
283045,509.92308831122904
283046,1671.461562863421
283047,1458.2478902910425
283048,995.667283668939
283049,1090.8198063134373
283050,-203.67511864359494
283051,957.863355908597
283052,744.6496833362182
283053,282.06907671411494
283054,377.2215993586131
283055,243.74562005147163
283056,1405.2840946036636
283057,1192.0704220312848
283058,729.4898154091815
283059,824.6423380536797
283060,399.32678788965745
283061,1560.8652624418494
283062,1347.6515898694706
283063,885.0709832473674
283064,980.2235058918654
283065,-195.6017807023187
283066,965.9366938498733
283067,752.7230212774946
283068,290.14241465539124
283069,385.2949372998894
283070,251.81895799274787
283071,1413.35743254494
283072,1200.1437599725612
283073,737.5631533504578
283074,832.715675994956
283075,407.4001258309337
283076,1568.9386003831255
283077,1355.724927810747
283078,893.1443211886436
283079,988.2968438331418
283080,-401.5334690239231
283081,760.005005528269
283082,546.7913329558902
283083,84.21072633378685
283084,179.36324897828501
283085,45.8872696711436
283086,1207.4257442233356
283087,994.2120716509568
283088,531.6314650288534
283089,626.7839876733517
283090,201.4684375093293
283091,1363.0069120615212
283092,1149.7932394891427
283093,687.2126328670392
283094,782.3651555115375
283095,-1026.4258139247067
283096,135.1126606274853
283097,-78.10101194489346
283098,-540.6816185669968
283099,-445.5290959224985
283100,-579.0050752296399
283101,582.5333993225519
283102,369.3197267501732
283103,-93.26087987193023
283104,1.8916427725679341
283105,-423.42390739145435
283106,738.1145671607377
283107,524.900894588359
283108,62.32028796625559
283109,157.47281061075375
283110,479.73806856285205
283111,1641.276543115044
283112,1428.0628705426652
283113,965.482263920562
283114,1060.63478656506
283115,927.1588072579186
283116,2088.6972818101103
283117,1875.4836092377318
283118,1412.9030026156286
283119,1508.0555252601266
283120,1082.7399750961044
283121,2244.2784496482964
283122,2031.0647770759176
283123,1568.4841704538144
283124,1663.6366930983127
283125,-80.7395697487475
283126,1080.7989048034444
283127,867.5852322310657
283128,405.0046256089624
283129,500.1571482534606
283130,366.681168946319
283131,1528.219643498511
283132,1315.0059709261322
283133,852.425364304029
283134,947.5778869485272
283135,522.2623367845049
283136,1683.8008113366968
283137,1470.5871387643183
283138,1008.0065321422148
283139,1103.159054786713
283140,-354.2342500465586
283141,807.3042245056336
283142,594.0905519332548
283143,131.50994531115145
283144,226.66246795564962
283145,93.18648864850809
283146,1254.7249632007001
283147,1041.5112906283214
283148,578.930684006218
283149,674.0832066507162
283150,248.76765648669402
283151,1410.306131038886
283152,1197.0924584665072
283153,734.511851844404
283154,829.6643744889021
283155,-346.16091210528225
283156,815.3775624469098
283157,602.1638898745312
283158,139.5832832524277
283159,234.73580589692597
283160,101.25982658978444
283161,1262.7983011419765
283162,1049.5846285695977
283163,587.0040219474944
283164,682.1565445919925
283165,256.84099442797026
283166,1418.3794689801623
283167,1205.1657964077835
283168,742.5851897856802
283169,837.7377124301784
283170,-552.0926004268865
283171,609.4458741253054
283172,396.23220155292677
283173,-66.34840506917658
283174,28.804117575321698
283175,-104.67186173181994
283176,1056.866612820372
283177,843.6529402479933
283178,381.07233362589
283179,476.22485627038816
283180,50.909306106365875
283181,1212.447780658558
283182,999.2341080861793
283183,536.6535014640758
283184,631.806024108574
283185,-1176.9849453276702
283186,-15.446470775478247
283187,-228.66014334785677
283188,-691.2407499699602
283189,-596.088227325462
283190,-729.5642066326034
283191,431.97426791958844
283192,218.7605953472098
283193,-243.82001127489355
283194,-148.66748863039538
283195,-573.9830387944178
283196,587.5554357577743
283197,374.34176318539556
283198,-88.23884343670784
283199,6.913679207790437
283200,329.1789371598885
283201,1490.7174117120805
283202,1277.5037391397018
283203,814.9231325175984
283204,910.0756551620966
283205,776.5996758549551
283206,1938.1381504071471
283207,1724.9244778347684
283208,1262.3438712126651
283209,1357.4963938571632
283210,932.180843693141
283211,2093.719318245333
283212,1880.5056456729542
283213,1417.925039050851
283214,1513.0775616953492
283215,-231.29870115171104
283216,930.239773400481
283217,717.0261008281022
283218,254.4454942059989
283219,349.59801685049706
283220,216.12203754335553
283221,1377.6605120955476
283222,1164.4468395231688
283223,701.8662329010656
283224,797.0187555455637
283225,371.70320538154147
283226,1533.2416799337334
283227,1320.0280073613549
283228,857.4474007392514
283229,952.5999233837496
283230,-341.8950015732828
283231,819.6434729789094
283232,606.4298004065306
283233,143.84919378442726
283234,239.00171642892542
283235,105.52573712178389
283236,1267.064211673976
283237,1053.8505391015972
283238,591.2699324794938
283239,686.422455123992
283240,261.10690495996977
283241,1422.645379512162
283242,1209.431706939783
283243,746.8511003176798
283244,842.0036229621779
283245,-333.82166363200645
283246,827.7168109201857
283247,614.503138347807
283248,151.9225317257035
283249,247.07505437020177
283250,113.59907506306013
283251,1275.1375496152523
283252,1061.9238770428735
283253,599.3432704207702
283254,694.4957930652683
283255,269.180242901246
283256,1430.7187174534383
283257,1217.5050448810593
283258,754.924438258956
283259,850.0769609034542
283260,-539.7533519536107
283261,621.7851225985813
283262,408.5714500262026
283263,-54.00915659590078
283264,41.1433660485975
283265,-92.33261325854426
283266,1069.205861293648
283267,855.9921887212691
283268,393.4115820991658
283269,488.56410474366396
283270,63.24855457964168
283271,1224.7870291318336
283272,1011.5733565594551
283273,548.9927499373516
283274,644.1452725818498
283275,-1164.6456968543946
283276,-3.107222302202331
283277,-216.32089487458109
283278,-678.9015014966844
283279,-583.7489788521864
283280,-717.2249581593278
283281,444.3135163928643
283282,231.0998438204856
283283,-231.48076280161774
283284,-136.32824015711958
283285,-561.643790321142
283286,599.8946842310502
283287,386.68101165867137
283288,-75.89959496343204
283289,19.25292768106624
283290,341.5181856331643
283291,1503.0566601853566
283292,1289.8429876129776
283293,827.2623809908744
283294,922.4149036353725
283295,788.9389243282309
283296,1950.477398880423
283297,1737.2637263080442
283298,1274.683119685941
283299,1369.835642330439
283300,944.5200921664168
283301,2106.0585667186087
283302,1892.8448941462302
283303,1430.2642875241268
283304,1525.416810168625
283305,-218.95945267843524
283306,942.5790218737568
283307,729.365349301378
283308,266.7847426792747
283309,361.9372653237729
283310,228.46128601663133
283311,1389.9997605688234
283312,1176.7860879964446
283313,714.2054813743414
283314,809.3580040188396
283315,384.0424538548172
283316,1545.5809284070092
283317,1332.3672558346307
283318,869.7866492125272
283319,964.9391718570254
283320,-329.555753100007
283321,831.9827214521852
283322,618.7690488798064
283323,156.18844225770306
283324,251.34096490220122
283325,117.8649855950597
283326,1279.4034601472517
283327,1066.189787574873
283328,603.6091809527696
283329,698.7617035972678
283330,273.4461534332455
283331,1434.9846279854376
283332,1221.7709554130588
283333,759.1903487909556
283334,854.3428714354537
283335,-321.48241515873065
283336,840.0560593934614
283337,626.8423868210828
283338,164.2617801989793
283339,259.4143028434775
283340,125.93832353633604
283341,1287.476798088528
283342,1074.2631255161493
283343,611.682518894046
283344,706.8350415385441
283345,281.51949137452175
283346,1443.057965926714
283347,1229.8442933543352
283348,767.2636867322318
283349,862.41620937673
283350,-527.4141034803349
283351,634.1243710718571
283352,420.9106984994783
283353,-41.669908122624975
283354,53.48261452187319
283355,-79.99336478526834
283356,1081.5451097669238
283357,868.331437194545
283358,405.7508305724416
283359,500.90335321693976
283360,75.58780305291737
283361,1237.1262776051094
283362,1023.9126050327308
283363,561.3319984106274
283364,656.4845210551256
283365,-1152.3064483811186
283366,9.232026171073471
283367,-203.98164640130528
283368,-666.5622530234086
283369,-571.4097303789104
283370,-704.885709686052
283371,456.65276486614005
283372,243.4390922937613
283373,-219.14151432834205
283374,-123.98899168384389
283375,-549.3045418478662
283376,612.2339327043258
283377,399.0202601319471
283378,-63.560346490156235
283379,31.592176154341928
283380,353.85743410644005
283381,1515.3959086586322
283382,1302.1822360862534
283383,839.6016294641502
283384,934.7541521086482
283385,801.2781728015067
283386,1962.8166473536987
283387,1749.60297478132
283388,1287.0223681592167
283389,1382.1748908037148
283390,956.8593406396925
283391,2118.3978151918845
283392,1905.1841426195058
283393,1442.6035359974026
283394,1537.7560586419008
283395,-206.62020420515955
283396,954.9182703470326
283397,741.7045977746538
283398,279.1239911525505
283399,374.2765137970487
283400,240.80053448990714
283401,1402.3390090420992
283402,1189.1253364697204
283403,726.5447298476172
283404,821.6972524921154
283405,396.38170232809296
283406,1557.920176880285
283407,1344.7065043079065
283408,882.125897685803
283409,977.2784203303012
283410,-317.2165046267312
283411,844.321969925461
283412,631.1082973530822
283413,168.52769073097875
283414,263.680213375477
283415,130.2042340683356
283416,1291.7427086205275
283417,1078.5290360481488
283418,615.9484294260454
283419,711.1009520705436
283420,285.78540190652143
283421,1447.3238764587134
283422,1234.1102038863346
283423,771.5295972642314
283424,866.6821199087295
283425,-309.14316668545484
283426,852.3953078667372
283427,639.1816352943584
283428,176.6010286722551
283429,271.75355131675326
283430,138.27757200961196
283431,1299.816046561804
283432,1086.6023739894251
283433,624.0217673673218
283434,719.17429001182
283435,293.85873984779766
283436,1455.3972143999895
283437,1242.183541827611
283438,779.6029352055076
283439,874.7554578500058
283440,-515.0748550070591
283441,646.4636195451329
283442,433.2499469727542
283443,-29.330659649349172
283444,65.8218629951491
283445,-67.65411631199254
283446,1093.8843582401994
283447,880.6706856678207
283448,418.0900790457174
283449,513.2426016902156
283450,87.92705152619328
283451,1249.4655260783854
283452,1036.2518535060067
283453,573.6712468839032
283454,668.8237695284015
283455,-1139.9671999078428
283456,21.57127464434916
283457,-191.64239792802937
283458,-654.2230045501328
283459,-559.0704819056346
283460,-692.546461212776
283461,468.99201333941585
283462,255.77834076703715
283463,-206.80226585506614
283464,-111.64974321056798
283465,-536.9652933745904
283466,624.5731811776017
283467,411.35950860522297
283468,-51.22109801688043
283469,43.931424627617844
283470,366.1966825797159
283471,1527.735157131908
283472,1314.5214845595292
283473,851.9408779374259
283474,947.093400581924
283475,813.6174212747826
283476,1975.1558958269745
283477,1761.9422232545958
283478,1299.3616166324925
283479,1394.5141392769906
283480,969.1985891129684
283481,2130.7370636651603
283482,1917.5233910927816
283483,1454.9427844706784
283484,1550.0953071151766
283485,-194.28095573188375
283486,967.2575188203084
283487,754.0438462479297
283488,291.4632396258263
283489,386.61576227032447
283490,253.13978296318294
283491,1414.678257515375
283492,1201.4645849429962
283493,738.883978320893
283494,834.0365009653912
283495,408.72095080136876
283496,1570.2594253535608
283497,1357.0457527811823
283498,894.4651461590788
283499,989.617668803577
283500,-304.8772561534554
283501,856.6612183987368
283502,643.447545826358
283503,180.86693920425466
283504,276.0194618487528
283505,142.5434825416113
283506,1304.0819570938033
283507,1090.8682845214246
283508,628.2876778993212
283509,723.4402005438194
283510,298.1246503797972
283511,1459.6631249319894
283512,1246.4494523596104
283513,783.8688457375072
283514,879.0213683820052
283515,-296.80391821217904
283516,864.734556340013
283517,651.5208837676344
283518,188.9402771455309
283519,284.0927997900291
283520,150.61682048288753
283521,1312.1552950350797
283522,1098.941622462701
283523,636.3610158405976
283524,731.5135384850958
283525,306.1979883210734
283526,1467.7364628732657
283527,1254.5227903008868
283528,791.9421836787834
283529,887.0947063232816
283530,-502.7356065337833
283531,658.8028680184087
283532,445.58919544603
283533,-16.99141117607337
283534,78.1611114684249
283535,-55.31486783871685
283536,1106.2236067134754
283537,893.0099341410966
283538,430.4293275189932
283539,525.5818501634914
283540,100.26629999946908
283541,1261.804774551661
283542,1048.5911019792825
283543,586.010495357179
283544,681.1630180016772
283545,-1127.6279514345672
283546,33.910523117625075
283547,-179.30314945475368
283548,-641.883756076857
283549,-546.731233432359
283550,-680.2072127395004
283551,481.3312618126917
283552,268.117589240313
283553,-194.46301738179034
283554,-99.31049473729217
283555,-524.6260449013146
283556,636.9124296508775
283557,423.6987570784987
283558,-38.88184954360463
283559,56.270673100893646
283560,378.5359310529917
283561,1540.0744056051838
283562,1326.860733032805
283563,864.2801264107017
283564,959.4326490551998
283565,825.9566697480583
283566,1987.4951443002503
283567,1774.2814717278716
283568,1311.7008651057681
283569,1406.8533877502664
283570,981.5378375862442
283571,2143.076312138436
283572,1929.8626395660574
283573,1467.2820329439542
283574,1562.4345555884522
283575,-181.94170725860783
283576,979.5967672935842
283577,766.3830947212055
283578,303.8024880991021
283579,398.9550107436003
283580,265.47903143645874
283581,1427.0175059886508
283582,1213.803833416272
283583,751.2232267941688
283584,846.375749438667
283585,421.0601992746446
283586,1582.5986738268368
283587,1369.385001254458
283588,906.8043946323546
283589,1001.9569172768528
283590,-216.00590268145243
283591,945.5325718707396
283592,732.3188992983609
283593,269.7382926762575
283594,364.89081532075573
283595,231.41483601361415
283596,1392.953310565806
283597,1179.7396379934276
283598,717.1590313713241
283599,812.3115540158224
283600,386.9960038518
283601,1548.534478403992
283602,1335.3208058316131
283603,872.7401992095099
283604,967.8927218540082
283605,-207.93256474017608
283606,953.6059098120159
283607,740.3922372396371
283608,277.8116306175338
283609,372.964153262032
283610,239.4881739548905
283611,1401.0266485070824
283612,1187.812975934704
283613,725.2323693126004
283614,820.3848919570986
283615,395.0693417930764
283616,1556.6078163452682
283617,1343.3941437728895
283618,880.8135371507863
283619,975.9660597952845
283620,-413.8642530617806
283621,747.6742214904116
283622,534.4605489180328
283623,71.8799422959296
283624,167.03246494042776
283625,33.556485633286115
283626,1195.0949601854782
283627,981.8812876130994
283628,519.300680990996
283629,614.4532036354942
283630,189.13765347147182
283631,1350.676128023664
283632,1137.4624554512852
283633,674.8818488291819
283634,770.03437147368
283635,-1038.7565979625642
283636,122.78187658962793
283637,-90.43179598275083
283638,-553.0124026048543
283639,-457.859879960356
283640,-591.3358592674974
283641,570.2026152846945
283642,356.9889427123158
283643,-105.5916639097876
283644,-10.439141265289436
283645,-435.75469142931183
283646,725.7837831228803
283647,512.5701105505016
283648,49.98950392839811
283649,145.14202657289638
283650,467.40728452499457
283651,1628.9457590771867
283652,1415.732086504808
283653,953.1514798827046
283654,1048.3040025272028
283655,914.8280232200611
283656,2076.366497772253
283657,1863.1528251998745
283658,1400.5722185777713
283659,1495.7247412222694
283660,1070.409191058247
283661,2231.947665610439
283662,2018.7339930380604
283663,1556.1533864159571
283664,1651.3059090604552
283665,-93.07035378660498
283666,1068.4681207655872
283667,855.2544481932084
283668,392.673841571105
283669,487.8263642156032
283670,354.35038490846165
283671,1515.8888594606537
283672,1302.675186888275
283673,840.0945802661716
283674,935.2471029106698
283675,509.93155274664747
283676,1671.4700272988393
283677,1458.2563547264608
283678,995.6757481043575
283679,1090.8282707488556
283680,-203.66665420817662
283681,957.8718203440153
283682,744.6581477716367
283683,282.0775411495333
283684,377.2300637940315
283685,243.75408448689
283686,1405.2925590390819
283687,1192.0788864667034
283688,729.4982798445999
283689,824.650802489098
283690,399.3352523250759
283691,1560.873726877268
283692,1347.6600543048892
283693,885.0794476827857
283694,980.231970327284
283695,-195.59331626690027
283696,965.9451582852917
283697,752.7314857129129
283698,290.15087909080955
283699,385.3034017353078
283700,251.82742242816624
283701,1413.3658969803582
283702,1200.1522244079797
283703,737.5716177858762
283704,832.7241404303744
283705,407.4085902663521
283706,1568.9470648185443
283707,1355.7333922461653
283708,893.1527856240621
283709,988.3053082685602
283710,-401.52500458850477
283711,760.0134699636874
283712,546.7997973913086
283713,84.21919076920528
283714,179.37171341370345
283715,45.89573410656203
283716,1207.434208658754
283717,994.2205360863752
283718,531.6399294642719
283719,626.79245210877
283720,201.47690194474774
283721,1363.0153764969396
283722,1149.801703924561
283723,687.2210973024577
283724,782.3736199469558
283725,-1026.4173494892884
283726,135.12112506290362
283727,-78.09254750947514
283728,-540.6731541315785
283729,-445.5206314870802
283730,-578.9966107942216
283731,582.5418637579703
283732,369.3281911855916
283733,-93.25241543651168
283734,1.9001072079863661
283735,-423.41544295603603
283736,738.1230315961561
283737,524.9093590237774
283738,62.32875240167402
283739,157.4812750461722
283740,479.7465329982704
283741,1641.2850075504625
283742,1428.0713349780835
283743,965.4907283559803
283744,1060.6432510004786
283745,927.167271693337
283746,2088.7057462455286
283747,1875.4920736731503
283748,1412.911467051047
283749,1508.0639896955452
283750,1082.7484395315228
283751,2244.2869140837147
283752,2031.0732415113362
283753,1568.4926348892327
283754,1663.645157533731
283755,-80.73110531332918
283756,1080.807369238863
283757,867.5936966664841
283758,405.01309004438076
283759,500.165612688879
283760,366.6896333817374
283761,1528.2281079339296
283762,1315.0144353615508
283763,852.4338287394474
283764,947.5863513839456
283765,522.2708012199232
283766,1683.8092757721154
283767,1470.5956031997366
283768,1008.0149965776332
283769,1103.1675192221314
283770,-354.22578561114005
283771,807.312688941052
283772,594.0990163686732
283773,131.5184097465699
283774,226.67093239106805
283775,93.19495308392652
283776,1254.7334276361184
283777,1041.51975506374
283778,578.9391484416365
283779,674.0916710861346
283780,248.7761209221124
283781,1410.3145954743045
283782,1197.1009229019257
283783,734.5203162798223
283784,829.6728389243204
283785,-346.15244766986393
283786,815.3860268823282
283787,602.1723543099495
283788,139.59174768784612
283789,234.74427033234429
283790,101.26829102520287
283791,1262.8067655773948
283792,1049.593093005016
283793,587.0124863829128
283794,682.165009027411
283795,256.84945886338863
283796,1418.3879334155808
283797,1205.1742608432019
283798,742.5936542210986
283799,837.7461768655968
283800,-552.0841359914682
283801,609.454338560724
283802,396.2406659883452
283803,-66.33994063375815
283804,28.812582010740016
283805,-104.66339729640151
283806,1056.8750772557905
283807,843.6614046834118
283808,381.0807980613084
283809,476.2333207058066
283810,50.91777054178419
283811,1212.4562450939763
283812,999.2425725215976
283813,536.6619658994942
283814,631.8144885439924
283815,-1176.9764808922519
283816,-15.438006340059701
283817,-228.65167891243846
283818,-691.2322855345419
283819,-596.0797628900436
283820,-729.555742197185
283821,431.9827323550069
283822,218.76905978262823
283823,-243.8115468394751
283824,-148.65902419497695
283825,-573.9745743589995
283826,587.5639001931927
283827,374.35022762081394
283828,-88.2303790012894
283829,6.922143643208756
283830,329.18740159530694
283831,1490.725876147499
283832,1277.51220357512
283833,814.9315969530169
283834,910.084119597515
283835,776.6081402903735
283836,1938.1466148425654
283837,1724.9329422701867
283838,1262.3523356480835
283839,1357.5048582925815
283840,932.1893081285593
283841,2093.7277826807513
283842,1880.5141101083727
283843,1417.9335034862693
283844,1513.0860261307676
283845,-231.2902367162926
283846,930.2482378358994
283847,717.0345652635207
283848,254.45395864141733
283849,349.6064812859155
283850,216.13050197877396
283851,1377.6689765309661
283852,1164.4553039585871
283853,701.8746973364839
283854,797.0272199809821
283855,371.71166981695984
283856,1533.250144369152
283857,1320.0364717967732
283858,857.4558651746697
283859,952.608387819168
283860,-341.88653713786425
283861,819.6519374143277
283862,606.4382648419489
283863,143.8576582198457
283864,239.01018086434385
283865,105.53420155720232
283866,1267.0726761093943
283867,1053.8590035370157
283868,591.2783969149123
283869,686.4309195594104
283870,261.11536939538814
283871,1422.6538439475803
283872,1209.4401713752015
283873,746.8595647530981
283874,842.0120873975962
283875,-333.81319919658813
283876,827.725275355604
283877,614.5116027832253
283878,151.93099616112193
283879,247.0835188056201
283880,113.60753949847856
283881,1275.1460140506706
283882,1061.9323414782918
283883,599.3517348561886
283884,694.5042575006868
283885,269.1887073366644
283886,1430.7271818888566
283887,1217.5135093164777
283888,754.9329026943744
283889,850.0854253388726
283890,-539.7448875181924
283891,621.7935870339998
283892,408.57991446162106
283893,-54.00069216048223
283894,41.15183048401593
283895,-92.32414882312582
283896,1069.2143257290663
283897,856.0006531566876
283898,393.42004653458423
283899,488.5725691790824
283900,63.257019015059996
283901,1224.7954935672522
283902,1011.5818209948734
283903,549.00121437277
283904,644.1537370172682
283905,-1164.6372324189758
283906,-3.098757866783899
283907,-216.31243043916265
283908,-678.8930370612659
283909,-583.7405144167678
283910,-717.2164937239095
283911,444.3219808282826
283912,231.10830825590392
283913,-231.47229836619942
283914,-136.31977572170126
283915,-561.6353258857237
283916,599.9031486664685
283917,386.6894760940898
283918,-75.89113052801372
283919,19.261392116484558
283920,341.5266500685827
283921,1503.065124620775
283922,1289.8514520483961
283923,827.2708454262927
283924,922.423368070791
283925,788.9473887636493
283926,1950.4858633158412
283927,1737.2721907434625
283928,1274.6915841213595
283929,1369.8441067658575
283930,944.5285566018351
283931,2106.067031154027
283932,1892.8533585816485
283933,1430.272751959545
283934,1525.4252746040434
283935,-218.9509882430168
283936,942.5874863091751
283937,729.3738137367965
283938,266.7932071146931
283939,361.9457297591913
283940,228.46975045204977
283941,1390.0082250042417
283942,1176.794552431863
283943,714.2139458097597
283944,809.3664684542579
283945,384.0509182902356
283946,1545.5893928424275
283947,1332.375720270049
283948,869.7951136479455
283949,964.9476362924438
283950,-329.5472886645887
283951,831.9911858876035
283952,618.7775133152247
283953,156.19690669312138
283954,251.3494293376196
283955,117.87345003047812
283956,1279.41192458267
283957,1066.1982520102915
283958,603.6176453881881
283959,698.7701680326862
283960,273.45461786866395
283961,1434.9930924208559
283962,1221.7794198484773
283963,759.1988132263739
283964,854.351335870872
283965,-321.4739507233123
283966,840.0645238288798
283967,626.8508512565011
283968,164.2702446343976
283969,259.4227672788959
283970,125.94678797175447
283971,1287.4852625239464
283972,1074.2715899515676
283973,611.6909833294644
283974,706.8435059739626
283975,281.5279558099402
283976,1443.0664303621322
283977,1229.8527577897535
283978,767.2721511676502
283979,862.4246738121484
283980,-527.4056390449166
283981,634.1328355072754
283982,420.91916293489675
283983,-41.66144368720654
283984,53.49107895729162
283985,-79.98490034985002
283986,1081.5535742023421
283987,868.3399016299634
283988,405.75929500786003
283989,500.9118176523582
283990,75.5962674883358
283991,1237.134742040528
283992,1023.9210694681492
283993,561.3404628460459
283994,656.492985490544
283995,-1152.2979839457003
283996,9.24049060649179
283997,-203.97318196588685
283998,-666.5537885879903
283999,-571.401265943492
284000,-704.8772452506335
284001,456.6612293015585
284002,243.44755672917972
284003,-219.13304989292362
284004,-123.98052724842546
284005,-549.2960774124479
284006,612.2423971397443
284007,399.02872456736554
284008,-63.5518820547378
284009,31.60064058976036
284010,353.8658985418584
284011,1515.4043730940507
284012,1302.1907005216717
284013,839.6100938995685
284014,934.7626165440666
284015,801.2866372369251
284016,1962.825111789117
284017,1749.6114392167385
284018,1287.030832594635
284019,1382.1833552391333
284020,956.8678050751109
284021,2118.406279627303
284022,1905.1926070549243
284023,1442.6120004328209
284024,1537.7645230773192
284025,-206.61173976974112
284026,954.9267347824509
284027,741.7130622100723
284028,279.1324555879689
284029,374.2849782324671
284030,240.80899892532557
284031,1402.3474734775177
284032,1189.133800905139
284033,726.5531942830355
284034,821.7057169275338
284035,396.3901667635114
284036,1557.9286413157033
284037,1344.7149687433248
284038,882.1343621212213
284039,977.2868847657196
284040,-317.20804019131265
284041,844.3304343608793
284042,631.1167617885006
284043,168.5361551663973
284044,263.68867781089546
284045,130.21269850375393
284046,1291.7511730559459
284047,1078.5375004835673
284048,615.9568938614639
284049,711.109416505962
284050,285.79386634193986
284051,1447.332340894132
284052,1234.118668321753
284053,771.5380616996497
284054,866.690584344148
284055,-309.1347022500365
284056,852.4037723021556
284057,639.1900997297769
284058,176.60949310767353
284059,271.7620157521717
284060,138.28603644503028
284061,1299.8245109972222
284062,1086.6108384248437
284063,624.0302318027402
284064,719.1827544472384
284065,293.8672042832161
284066,1455.4056788354083
284067,1242.1920062630293
284068,779.611399640926
284069,874.7639222854242
284070,-515.0663905716408
284071,646.4720839805514
284072,433.2584114081726
284073,-29.32219521393074
284074,65.83032743056742
284075,-67.6456518765741
284076,1093.892822675618
284077,880.6791501032392
284078,418.09854348113583
284079,513.251066125634
284080,87.93551596161171
284081,1249.4739905138038
284082,1036.260317941425
284083,573.6797113193217
284084,668.8322339638198
284085,-1139.9587354724245
284086,21.579739079767705
284087,-191.63393349261105
284088,-654.2145401147145
284089,-559.0620174702162
284090,-692.5379967773576
284091,469.0004777748343
284092,255.78680520245558
284093,-206.7938014196477
284094,-111.64127877514954
284095,-536.956828939172
284096,624.5816456130201
284097,411.36797304064135
284098,-51.212633581462
284099,43.93988906303616
284100,366.20514701513434
284101,1527.7436215673265
284102,1314.5299489949475
284103,851.9493423728443
284104,947.1018650173424
284105,813.6258857102009
284106,1975.1643602623928
284107,1761.950687690014
284108,1299.3700810679109
284109,1394.522603712409
284110,969.2070535483869
284111,2130.7455281005787
284112,1917.5318555282001
284113,1454.9512489060967
284114,1550.103771550595
284115,-194.27249129646532
284116,967.2659832557268
284117,754.0523106833481
284118,291.47170406124474
284119,386.6242267057429
284120,253.14824739860137
284121,1414.6867219507935
284122,1201.4730493784148
284123,738.8924427563113
284124,834.0449654008096
284125,408.7294152367872
284126,1570.2678897889793
284127,1357.0542172166006
284128,894.4736105944971
284129,989.6261332389954
284130,-304.86879171803685
284131,856.6696828341551
284132,643.4560102617763
284133,180.8754036396731
284134,276.0279262841712
284135,142.55194697702973
284136,1304.0904215292217
284137,1090.8767489568431
284138,628.2961423347397
284139,723.4486649792378
284140,298.13311481521555
284141,1459.6715893674077
284142,1246.457916795029
284143,783.8773101729255
284144,879.0298328174237
284145,-296.7954537767607
284146,864.7430207754314
284147,651.5293482030527
284148,188.94874158094933
284149,284.1012642254475
284150,150.62528491830597
284151,1312.163759470498
284152,1098.9500868981193
284153,636.369480276016
284154,731.5220029205142
284155,306.2064527564918
284156,1467.744927308684
284157,1254.531254736305
284158,791.9506481142018
284159,887.1031707587
284160,-502.727142098365
284161,658.811332453827
284162,445.5976598814484
284163,-16.982946740654825
284164,78.16957590384334
284165,-55.30640340329842
284166,1106.2320711488937
284167,893.018398576515
284168,430.4377919544116
284169,525.5903145989098
284170,100.2747644348874
284171,1261.8132389870796
284172,1048.5995664147008
284173,586.0189597925975
284174,681.1714824370956
284175,-1127.6194869991489
284176,33.91898755304351
284177,-179.29468501933525
284178,-641.8752916414387
284179,-546.7227689969407
284180,-680.1987483040821
284181,481.33972624811
284182,268.1260536757313
284183,-194.45455294637202
284184,-99.30203030187386
284185,-524.6175804658963
284186,636.9208940862958
284187,423.70722151391715
284188,-38.87338510818631
284189,56.279137536311964
284190,378.5443954884101
284191,1540.082870040602
284192,1326.8691974682233
284193,864.2885908461201
284194,959.4411134906181
284195,825.9651341834767
284196,1987.5036087356686
284197,1774.28993616329
284198,1311.7093295411867
284199,1406.8618521856847
284200,981.5463020216625
284201,2143.0847765738545
284202,1929.871104001476
284203,1467.2904973793725
284204,1562.4430200238708
284205,-181.9332428231894
284206,979.6052317290026
284207,766.3915591566239
284208,303.8109525345205
284209,398.9634751790187
284210,265.4874958718772
284211,1427.025970424069
284212,1213.8122978516903
284213,751.2316912295871
284214,846.3842138740853
284215,421.068663710063
284216,1582.6071382622551
284217,1369.3934656898764
284218,906.8128590677729
284219,1001.9653817122712
284220,-215.9974382460341
284221,945.5410363061579
284222,732.3273637337792
284223,269.7467571116759
284224,364.8992797561741
284225,231.42330044903258
284226,1392.9617750012244
284227,1179.7481024288459
284228,717.1674958067425
284229,812.3200184512407
284230,387.0044682872184
284231,1548.5429428394104
284232,1335.3292702670317
284233,872.7486636449283
284234,967.9011862894265
284235,-207.92410030475776
284236,953.6143742474343
284237,740.4007016750555
284238,277.8200950529522
284239,372.9726176974504
284240,239.49663839030893
284241,1401.0351129425007
284242,1187.8214403701222
284243,725.2408337480189
284244,820.393356392517
284245,395.07780622849475
284246,1556.6162807806868
284247,1343.402608208308
284248,880.8220015862046
284249,975.9745242307029
284250,-413.85578862636225
284251,747.6826859258299
284252,534.4690133534511
284253,71.88840673134791
284254,167.04092937584608
284255,33.56495006870455
284256,1195.1034246208965
284257,981.8897520485177
284258,519.3091454264145
284259,614.4616680709127
284260,189.14611790689025
284261,1350.6845924590823
284262,1137.4709198867035
284263,674.8903132646003
284264,770.0428359090985
284265,-1038.748133527146
284266,122.79034102504625
284267,-90.42333154733251
284268,-553.003938169436
284269,-457.8514155249377
284270,-591.3273948320791
284271,570.2110797201128
284272,356.9974071477342
284273,-105.58319947436917
284274,-10.430676829871004
284275,-435.7462269938935
284276,725.7922475582986
284277,512.57857498592
284278,49.99796836381665
284279,145.15049100831482
284280,467.41574896041294
284281,1628.954223512605
284282,1415.7405509402263
284283,953.159944318123
284284,1048.312466962621
284285,914.8364876554796
284286,2076.3749622076716
284287,1863.1612896352929
284288,1400.5806830131896
284289,1495.733205657688
284290,1070.4176554936653
284291,2231.956130045857
284292,2018.742457473479
284293,1556.1618508513754
284294,1651.3143734958735
284295,-93.06188935118666
284296,1068.4765852010055
284297,855.2629126286267
284298,392.6823060065234
284299,487.83482865102155
284300,354.35884934388
284301,1515.897323896072
284302,1302.6836513236933
284303,840.1030447015901
284304,935.2555673460881
284305,509.94001718206584
284306,1671.4784917342581
284307,1458.2648191618791
284308,995.6842125397759
284309,1090.836735184274
284310,-203.65818977275808
284311,957.8802847794339
284312,744.6666122070551
284313,282.08600558495175
284314,377.2385282294499
284315,243.76254892230844
284316,1405.3010234745004
284317,1192.0873509021217
284318,729.5067442800183
284319,824.6592669245165
284320,399.34371676049426
284321,1560.8821913126862
284322,1347.6685187403077
284323,885.0879121182041
284324,980.2404347627023
284325,-195.58485183148196
284326,965.9536227207101
284327,752.7399501483313
284328,290.159343526228
284329,385.3118661707262
284330,251.83588686358468
284331,1413.3743614157765
284332,1200.160688843398
284333,737.5800822212947
284334,832.7326048657928
284335,407.4170547017705
284336,1568.9555292539626
284337,1355.7418566815838
284338,893.1612500594804
284339,988.3137727039787
284340,-401.5165401530862
284341,760.0219343991058
284342,546.8082618267271
284343,84.22765520462372
284344,179.38017784912188
284345,45.90419854198035
284346,1207.4426730941723
284347,994.2290005217936
284348,531.6483938996903
284349,626.8009165441885
284350,201.48536638016617
284351,1363.0238409323583
284352,1149.8101683599796
284353,687.2295617378761
284354,782.3820843823743
284355,-1026.4088850538699
284356,135.12958949832205
284357,-78.0840830740566
284358,-540.6646896961599
284359,-445.51216705166166
284360,-578.9881463588033
284361,582.5503281933887
284362,369.33665562101
284363,-93.24395100109336
284364,1.9085716434047981
284365,-423.4069785206175
284366,738.1314960315746
284367,524.9178234591958
284368,62.337216837092456
284369,157.48973948159062
284370,479.75499743368886
284371,1641.2934719858808
284372,1428.079799413502
284373,965.4991927913989
284374,1060.651715435897
284375,927.1757361287555
284376,2088.7142106809474
284377,1875.5005381085687
284378,1412.9199314864654
284379,1508.0724541309635
284380,1082.7569039669413
284381,2244.295378519133
284382,2031.0817059467547
284383,1568.5010993246512
284384,1663.6536219691493
284385,-80.72264087791075
284386,1080.8158336742813
284387,867.6021611019025
284388,405.0215544797992
284389,500.1740771242974
284390,366.6980978171558
284391,1528.2365723693479
284392,1315.022899796969
284393,852.4422931748659
284394,947.5948158193639
284395,522.2792656553416
284396,1683.8177402075337
284397,1470.604067635155
284398,1008.0234610130516
284399,1103.1759836575498
284400,-354.21732117572174
284401,807.3211533764703
284402,594.1074808040916
284403,131.5268741819882
284404,226.67939682648637
284405,93.20341751934495
284406,1254.7418920715368
284407,1041.5282194991582
284408,578.9476128770548
284409,674.100135521553
284410,248.78458535753077
284411,1410.3230599097228
284412,1197.109387337344
284413,734.5287807152407
284414,829.6813033597389
284415,-346.1439832344454
284416,815.3944913177467
284417,602.1808187453679
284418,139.60021212326455
284419,234.75273476776272
284420,101.2767554606213
284421,1262.8152300128131
284422,1049.6015574404346
284423,587.0209508183311
284424,682.1734734628294
284425,256.857923298807
284426,1418.3963978509992
284427,1205.1827252786204
284428,742.602118656517
284429,837.7546413010152
284430,-552.0756715560497
284431,609.4628029961423
284432,396.24913042376363
284433,-66.33147619833971
284434,28.82104644615856
284435,-104.65493286098308
284436,1056.8835416912088
284437,843.6698691188301
284438,381.0892624967268
284439,476.24178514122497
284440,50.926234977202625
284441,1212.4647095293947
284442,999.2510369570159
284443,536.6704303349127
284444,631.8229529794108
284445,-1176.9680164568333
284446,-15.429541904641383
284447,-228.64321447702014
284448,-691.2238210991234
284449,-596.0712984546251
284450,-729.5472777617667
284451,431.9911967904252
284452,218.77752421804655
284453,-243.8030824040568
284454,-148.65055975955863
284455,-573.9661099235811
284456,587.572364628611
284457,374.35869205623237
284458,-88.22191456587109
284459,6.930608078627074
284460,329.1958660307253
284461,1490.7343405829174
284462,1277.5206680105387
284463,814.9400613884352
284464,910.0925840329335
284465,776.616604725792
284466,1938.1550792779838
284467,1724.9414067056052
284468,1262.360800083502
284469,1357.513322728
284470,932.1977725639778
284471,2093.7362471161696
284472,1880.522574543791
284473,1417.9419679216876
284474,1513.0944905661859
284475,-231.2817722808743
284476,930.2567022713179
284477,717.0430296989391
284478,254.46242307683565
284479,349.61494572133387
284480,216.1389664141924
284481,1377.6774409663844
284482,1164.4637683940057
284483,701.8831617719023
284484,797.0356844164005
284485,371.7201342523782
284486,1533.2586088045703
284487,1320.0449362321915
284488,857.4643296100882
284489,952.6168522545863
284490,-341.87807270244593
284491,819.6604018497461
284492,606.4467292773674
284493,143.866122655264
284494,239.01864529976217
284495,105.54266599262075
284496,1267.0811405448126
284497,1053.867467972434
284498,591.2868613503306
284499,686.4393839948289
284500,261.1238338308066
284501,1422.6623083829986
284502,1209.4486358106199
284503,746.8680291885165
284504,842.0205518330147
284505,-333.8047347611698
284506,827.7337397910223
284507,614.5200672186437
284508,151.93946059654036
284509,247.09198324103852
284510,113.61600393389699
284511,1275.154478486089
284512,1061.9408059137104
284513,599.3601992916069
284514,694.5127219361052
284515,269.1971717720828
284516,1430.735646324275
284517,1217.5219737518962
284518,754.9413671297928
284519,850.093889774291
284520,-539.7364230827741
284521,621.8020514694181
284522,408.5883788970394
284523,-53.99222772506391
284524,41.16029491943425
284525,-92.3156843877075
284526,1069.2227901644846
284527,856.0091175921059
284528,393.4285109700026
284529,488.58103361450077
284530,63.26548345047843
284531,1224.8039580026707
284532,1011.5902854302918
284533,549.0096788081885
284534,644.1622014526866
284535,-1164.6287679835575
284536,-3.0902934313655805
284537,-216.30396600374422
284538,-678.8845726258476
284539,-583.7320499813495
284540,-717.2080292884909
284541,444.33044526370105
284542,231.11677269132235
284543,-231.463833930781
284544,-136.31131128628283
284545,-561.6268614503053
284546,599.9116131018868
284547,386.6979405295082
284548,-75.88266609259517
284549,19.26985655190299
284550,341.53511450400106
284551,1503.0735890561932
284552,1289.8599164838145
284553,827.279309861711
284554,922.4318325062093
284555,788.9558531990677
284556,1950.4943277512596
284557,1737.280655178881
284558,1274.7000485567778
284559,1369.852571201276
284560,944.5370210372536
284561,2106.0754955894454
284562,1892.861823017067
284563,1430.2812163949636
284564,1525.4337390394617
284565,-218.9425238075985
284566,942.5959507445936
284567,729.3822781722148
284568,266.80167155011145
284569,361.95419419460967
284570,228.4782148874682
284571,1390.0166894396602
284572,1176.8030168672815
284573,714.2224102451781
284574,809.3749328896763
284575,384.059382725654
284576,1545.5978572778458
284577,1332.3841847054673
284578,869.803578083364
284579,964.9561007278621
284580,-329.53882422917013
284581,831.9996503230219
284582,618.7859777506433
284583,156.2053711285398
284584,251.35789377303803
284585,117.88191446589644
284586,1279.4203890180886
284587,1066.2067164457098
284588,603.6261098236064
284589,698.7786324681047
284590,273.4630823040824
284591,1435.0015568562744
284592,1221.7878842838957
284593,759.2072776617923
284594,854.3598003062905
284595,-321.465486287894
284596,840.0729882642983
284597,626.8593156919195
284598,164.27870906981616
284599,259.4312317143143
284600,125.9552524071728
284601,1287.4937269593647
284602,1074.2800543869862
284603,611.6994477648827
284604,706.8519704093809
284605,281.5364202453586
284606,1443.0748947975508
284607,1229.861222225172
284608,767.2806156030686
284609,862.4331382475668
284610,-527.3971746094983
284611,634.1412999426939
284612,420.9276273703152
284613,-41.65297925178811
284614,53.49954339271005
284615,-79.97643591443159
284616,1081.5620386377605
284617,868.3483660653817
284618,405.7677594432784
284619,500.92028208777657
284620,75.60473192375423
284621,1237.1432064759463
284622,1023.9295339035676
284623,561.3489272814643
284624,656.5014499259624
284625,-1152.289519510282
284626,9.248955041910222
284627,-203.96471753046853
284628,-666.545324152572
284629,-571.3928015080737
284630,-704.8687808152151
284631,456.6696937369769
284632,243.45602116459816
284633,-219.1245854575052
284634,-123.97206281300703
284635,-549.2876129770295
284636,612.2508615751626
284637,399.0371890027839
284638,-63.54341761931937
284639,31.609105025178792
284640,353.87436297727686
284641,1515.412837529469
284642,1302.1991649570903
284643,839.6185583349869
284644,934.7710809794851
284645,801.2951016723434
284646,1962.8335762245356
284647,1749.6199036521568
284648,1287.0392970300536
284649,1382.1918196745517
284650,956.8762695105294
284651,2118.414744062721
284652,1905.2010714903427
284653,1442.6204648682394
284654,1537.7729875127375
284655,-206.6032753343227
284656,954.9351992178695
284657,741.7215266454907
284658,279.1409200233873
284659,374.29344266788553
284660,240.817463360744
284661,1402.355937912936
284662,1189.1422653405573
284663,726.5616587184539
284664,821.7141813629521
284665,396.3986311989298
284666,1557.937105751122
284667,1344.723433178743
284668,882.1428265566398
284669,977.2953492011379
284670,-317.19957575589433
284671,844.3388987962977
284672,631.125226223919
284673,168.5446196018156
284674,263.6971422463138
284675,130.22116293917236
284676,1291.7596374913642
284677,1078.5459649189856
284678,615.9653582968822
284679,711.1178809413805
284680,285.80233077735824
284681,1447.3408053295502
284682,1234.1271327571715
284683,771.5465261350681
284684,866.6990487795663
284685,-309.126237814618
284686,852.4122367375741
284687,639.1985641651953
284688,176.61795754309196
284689,271.7704801875901
284690,138.2945008804487
284691,1299.8329754326405
284692,1086.619302860262
284693,624.0386962381585
284694,719.1912188826567
284695,293.8756687186345
284696,1455.4141432708266
284697,1242.2004706984478
284698,779.6198640763444
284699,874.7723867208426
284700,-515.0579261362222
284701,646.4805484159697
284702,433.26687584359104
284703,-29.31373077851231
284704,65.83879186598597
284705,-67.63718744115567
284706,1093.9012871110363
284707,880.6876145386575
284708,418.1070079165542
284709,513.2595305610523
284710,87.94398039703015
284711,1249.482454949222
284712,1036.2687823768433
284713,573.6881757547401
284714,668.8406983992382
284715,-1139.9502710370061
284716,21.588203515186024
284717,-191.62546905719273
284718,-654.2060756792962
284719,-559.0535530347979
284720,-692.5295323419393
284721,469.0089422102526
284722,255.7952696378739
284723,-206.7853369842294
284724,-111.63281433973123
284725,-536.9483645037537
284726,624.5901100484384
284727,411.3764374760598
284728,-51.20416914604368
284729,43.94835349845448
284730,366.2136114505527
284731,1527.7520860027448
284732,1314.538413430366
284733,851.9578068082626
284734,947.1103294527609
284735,813.6343501456194
284736,1975.1728246978112
284737,1761.9591521254326
284738,1299.3785455033294
284739,1394.5310681478275
284740,969.2155179838053
284741,2130.753992535997
284742,1917.5403199636185
284743,1454.9597133415152
284744,1550.1122359860133
284745,-194.2640268610469
284746,967.2744476911453
284747,754.0607751187665
284748,291.48016849666305
284749,386.6326911411613
284750,253.15671183401975
284751,1414.6951863862118
284752,1201.481513813833
284753,738.9009071917297
284754,834.0534298362279
284755,408.73787967220557
284756,1570.2763542243977
284757,1357.062681652019
284758,894.4820750299156
284759,989.6345976744137
284760,-304.8603272826185
284761,856.6781472695735
284762,643.4644746971948
284763,180.8838680750914
284764,276.0363907195896
284765,142.56041141244816
284766,1304.0988859646402
284767,1090.8852133922614
284768,628.304606770158
284769,723.4571294146563
284770,298.141579250634
284771,1459.680053802826
284772,1246.4663812304473
284773,783.8857746083439
284774,879.0382972528421
284775,-296.7869893413424
284776,864.7514852108499
284777,651.5378126384711
284778,188.95720601636765
284779,284.10972866086587
284780,150.6337493537244
284781,1312.1722239059166
284782,1098.9585513335378
284783,636.3779447114343
284784,731.5304673559325
284785,306.2149171919102
284786,1467.7533917441024
284787,1254.5397191717236
284788,791.9591125496202
284789,887.1116351941184
284790,-502.7186776629467
284791,658.8197968892455
284792,445.6061243168667
284793,-16.974482305236506
284794,78.17804033926166
284795,-55.2979389678801
284796,1106.240535584312
284797,893.0268630119333
284798,430.44625638983
284799,525.5987790343281
284800,100.28322887030583
284801,1261.821703422498
284802,1048.6080308501191
284803,586.0274242280159
284804,681.179946872514
284805,-1127.61102256373
284806,33.92745198846194
284807,-179.28622058391682
284808,-641.8668272060202
284809,-546.7143045615221
284810,-680.1902838686635
284811,481.34819068352857
284812,268.13451811114976
284813,-194.4460885109536
284814,-99.29356586645542
284815,-524.6091160304779
284816,636.9293585217143
284817,423.7156859493356
284818,-38.86492067276777
284819,56.287601971730396
284820,378.55285992382846
284821,1540.0913344760206
284822,1326.8776619036416
284823,864.2970552815384
284824,959.4495779260366
284825,825.9735986188952
284826,1987.5120731710872
284827,1774.2984005987084
284828,1311.7177939766052
284829,1406.8703166211033
284830,981.554766457081
284831,2143.093241009273
284832,1929.8795684368943
284833,1467.2989618147908
284834,1562.451484459289
284835,-181.92477838777108
284836,979.6136961644211
284837,766.4000235920423
284838,303.81941696993886
284839,398.9719396144371
284840,265.49596030729555
284841,1427.0344348594876
284842,1213.820762287109
284843,751.2401556650055
284844,846.3926783095037
284845,421.0771281454814
284846,1582.6156026976737
284847,1369.4019301252947
284848,906.8213235031914
284849,1001.9738461476895
284850,-216.97393786676776
284851,944.5645366854244
284852,731.3508641130456
284853,268.77025749094236
284854,363.9227801354405
284855,230.44680082829882
284856,1391.985275380491
284857,1178.7716028081122
284858,716.1909961860089
284859,811.3435188305072
284860,386.0279686664847
284861,1547.5664432186768
284862,1334.3527706462983
284863,871.7721640241948
284864,966.9246866686929
284865,-208.90059992549118
284866,952.6378746267008
284867,739.424202054322
284868,276.84359543221865
284869,371.9961180767168
284870,238.52013876957528
284871,1400.0586133217673
284872,1186.8449407493886
284873,724.2643341272852
284874,819.4168567717834
284875,394.10130660776116
284876,1555.6397811599531
284877,1342.4261085875744
284878,879.845501965471
284879,974.9980246099692
284880,-414.8322882470957
284881,746.7061863050964
284882,533.4925137327176
284883,70.91190711061427
284884,166.06442975511254
284885,32.5884504479709
284886,1194.1269250001628
284887,980.9132524277842
284888,518.3326458056808
284889,613.4851684501791
284890,188.16961828615672
284891,1349.7080928383489
284892,1136.4944202659701
284893,673.9138136438667
284894,769.0663362883649
284895,-1039.7246331478793
284896,121.81384140431271
284897,-91.39983116806604
284898,-553.9804377901694
284899,-458.82791514567134
284900,-592.3038944528128
284901,569.2345800993793
284902,356.02090752700053
284903,-106.5596990951027
284904,-11.407176450604538
284905,-436.72272661462694
284906,724.8157479375651
284907,511.6020753651864
284908,49.021468743083005
284909,144.17399138758128
284910,466.4392493396794
284911,1627.9777238918714
284912,1414.7640513194929
284913,952.1834446973894
284914,1047.3359673418877
284915,913.859988034746
284916,2075.398462586938
284917,1862.1847900145592
284918,1399.604183392456
284919,1494.7567060369543
284920,1069.4411558729319
284921,2230.979630425124
284922,2017.7659578527453
284923,1555.1853512306418
284924,1650.33787387514
284925,-94.03838897192009
284926,1067.5000855802718
284927,854.2864130078931
284928,391.70580638578986
284929,486.858329030288
284930,353.38234972314643
284931,1514.9208242753384
284932,1301.70715170296
284933,839.1265450808564
284934,934.2790677253546
284935,508.96351756133225
284936,1670.5019921135245
284937,1457.2883195411457
284938,994.7077129190423
284939,1089.8602355635403
284940,-204.63468939349184
284941,956.9037851587002
284942,743.6901125863214
284943,281.10950596421816
284944,376.26202860871626
284945,242.78604930157474
284946,1404.3245238537668
284947,1191.110851281388
284948,728.5302446592847
284949,823.682767303783
284950,398.3672171397606
284951,1559.9056916919526
284952,1346.6920191195738
284953,884.1114124974706
284954,979.2639351419688
284955,-196.5613514522156
284956,964.9771230999764
284957,751.7634505275977
284958,289.18284390549445
284959,384.3353665499926
284960,250.85938724285108
284961,1412.3978617950431
284962,1199.1841892226644
284963,736.603582600561
284964,831.7561052450592
284965,406.44055508103685
284966,1567.979029633229
284967,1354.7653570608502
284968,892.1847504387468
284969,987.337273083245
284970,-402.49303977381965
284971,759.0454347783722
284972,545.8317622059935
284973,83.25115558389018
284974,178.40367822838834
284975,44.9276989212467
284976,1206.4661734734386
284977,993.25250090106
284978,530.6718942789566
284979,625.8244169234548
284980,200.50886675943252
284981,1362.0473413116247
284982,1148.833668739246
284983,686.2530621171425
284984,781.4055847616407
284985,-1027.3853846746035
284986,134.1530898775885
284987,-79.06058269479024
284988,-541.6411893168936
284989,-446.4886666723953
284990,-579.964645979537
284991,581.5738285726552
284992,368.36015600027645
284993,-94.22045062182701
284994,0.9320720226711501
284995,-424.38347814135113
284996,737.154996410841
284997,523.9413238384623
284998,61.36071721635881
284999,156.51323986085697
285000,478.77849781295527
285001,1640.3169723651472
285002,1427.1032997927684
285003,964.5226931706652
285004,1059.6752158151635
285005,926.1992365080218
285006,2087.7377110602138
285007,1874.524038487835
285008,1411.9434318657318
285009,1507.09595451023
285010,1081.7804043462077
285011,2243.3188788984
285012,2030.105206326021
285013,1567.5245997039176
285014,1662.6771223484159
285015,-81.6991404986444
285016,1079.8393340535476
285017,866.6256614811689
285018,404.0450548590656
285019,499.19757750356376
285020,365.7215981964222
285021,1527.2600727486142
285022,1314.0464001762357
285023,851.4657935541322
285024,946.6183161986304
285025,521.3027660346081
285026,1682.8412405868
285027,1469.6275680144213
285028,1007.046961392318
285029,1102.199484036816
285030,-355.1938207964554
285031,806.3446537557368
285032,593.130981183358
285033,130.55037456125467
285034,225.70289720575283
285035,92.2269178986113
285036,1253.7653924508033
285037,1040.5517198784246
285038,577.9711132563212
285039,673.1236359008194
285040,247.80808573679712
285041,1409.3465602889892
285042,1196.1328877166104
285043,733.5522810945072
285044,828.7048037390052
285045,-347.12048285517903
285046,814.417991697013
285047,601.2043191246343
285048,138.6237125025309
285049,233.77623514702907
285050,100.30025583988765
285051,1261.8387303920797
285052,1048.625057819701
285053,586.0444511975976
285054,681.1969738420958
285055,255.88142367807347
285056,1417.4198982302655
285057,1204.2062256578868
285058,741.6256190357834
285059,836.7781416802816
285060,-553.0521711767833
285061,608.4863033754087
285062,395.27263080303
285063,-67.30797581907336
285064,27.8445468254248
285065,-105.63143248171673
285066,1055.9070420704752
285067,842.6933694980966
285068,380.1127628759932
285069,475.2652855204914
285070,49.94973535646909
285071,1211.4882099086612
285072,998.2745373362824
285073,535.693930714179
285074,630.8464533586772
285075,-1177.944516077567
285076,-16.406041525374917
285077,-229.61971409775379
285078,-692.200320719857
285079,-597.047798075359
285080,-730.5237773825004
285081,431.01469716969166
285082,217.8010245973129
285083,-244.77958202479044
285084,-149.62705938029228
285085,-574.9426095443146
285086,586.5958650078775
285087,373.3821924354987
285088,-89.19841418660462
285089,5.95410845789354
285090,328.2193664099917
285091,1489.7578409621838
285092,1276.544168389805
285093,813.9635617677017
285094,909.1160844121998
285095,775.6401051050584
285096,1937.1785796572503
285097,1723.9649070848716
285098,1261.3843004627684
285099,1356.5368231072666
285100,931.2212729432442
285101,2092.7597474954364
285102,1879.5460749230576
285103,1416.9654683009542
285104,1512.1179909454522
285105,-232.25827190160783
285106,929.2802026505842
285107,716.0665300782055
285108,253.4859234561021
285109,348.6384461006003
285110,215.16246679345875
285111,1376.7009413456508
285112,1163.487268773272
285113,700.9066621511688
285114,796.059184795667
285115,370.7436346316447
285116,1532.2821091838368
285117,1319.0684366114579
285118,856.4878299893546
285119,951.6403526338528
285120,-342.8545723231796
285121,818.6839022290126
285122,605.4702296566338
285123,142.88962303453047
285124,238.04214567902864
285125,104.566166371887
285126,1266.1046409240791
285127,1052.8909683517004
285128,590.310361729597
285129,685.4628843740952
285130,260.1473342100729
285131,1421.685808762265
285132,1208.4721361898864
285133,745.891529567783
285134,841.044052212281
285135,-334.78123438190323
285136,826.7572401702888
285137,613.5435675979102
285138,150.9629609758067
285139,246.11548362030493
285140,112.63950431316334
285141,1274.1779788653555
285142,1060.9643062929767
285143,598.3836996708734
285144,693.5362223153716
285145,268.2206721513493
285146,1429.7591467035413
285147,1216.5454741311626
285148,753.9648675090592
285149,849.1173901535574
285150,-540.7129227035075
285151,620.8255518486844
285152,407.6118792763058
285153,-54.96872734579756
285154,40.183795298700716
285155,-93.29218400844104
285156,1068.246290543751
285157,855.0326179713724
285158,392.452011349269
285159,487.6045339937672
285160,62.28898382974489
285161,1223.827458381937
285162,1010.6137858095583
285163,548.0331791874548
285164,643.185701831953
285165,-1165.6052676042912
285166,-4.066793052099229
285167,-217.28046562447776
285168,-679.8610722465812
285169,-584.7085496020829
285170,-718.1845289092246
285171,443.35394564296746
285172,230.14027307058882
285173,-232.44033355151453
285174,-137.28781090701636
285175,-562.6033610710388
285176,598.9351134811533
285177,385.7214409087746
285178,-76.85916571332882
285179,18.293356931169455
285180,340.5586148832675
285181,1502.0970894354596
285182,1288.8834168630808
285183,826.3028102409776
285184,921.4553328854757
285185,787.9793535783341
285186,1949.5178281305264
285187,1736.3041555581476
285188,1273.7235489360442
285189,1368.8760715805424
285190,943.56052141652
285191,2105.098995968712
285192,1891.8853233963334
285193,1429.30471677423
285194,1524.4572394187282
285195,-219.91902342833214
285196,941.61945112386
285197,728.4057785514813
285198,265.8251719293779
285199,360.9776945738761
285200,227.50171526673455
285201,1389.0401898189266
285202,1175.8265172465478
285203,713.2459106244446
285204,808.3984332689428
285205,383.08288310492037
285206,1544.6213576571124
285207,1331.4076850847337
285208,868.8270784626304
285209,963.9796011071286
285210,-330.5153238499038
285211,831.0231507022883
285212,617.8094781299096
285213,155.22887150780628
285214,250.38139415230438
285215,116.9054148451628
285216,1278.443889397355
285217,1065.2302168249762
285218,602.6496102028729
285219,697.802132847371
285220,272.4865826833487
285221,1434.0250572355408
285222,1220.811384663162
285223,758.2307780410588
285224,853.3833006855568
285225,-322.44198590862743
285226,839.0964886435646
285227,625.8828160711859
285228,163.3022094490825
285229,258.4547320935807
285230,124.97875278643914
285231,1286.5172273386313
285232,1073.3035547662525
285233,610.7229481441492
285234,705.8754707886474
285235,280.559920624625
285236,1442.0983951768171
285237,1228.8847226044384
285238,766.304115982335
285239,861.4566386268332
285240,-528.3736742302317
285241,633.1648003219602
285242,419.9511277495816
285243,-42.629478872521645
285244,52.52304377197652
285245,-80.95293553516524
285246,1080.5855390170268
285247,867.3718664446482
285248,404.7912598225448
285249,499.943782467043
285250,74.6282323030207
285251,1236.1667068552129
285252,1022.953034282834
285253,560.3724276607306
285254,655.5249503052288
285255,-1153.2660191310154
285256,8.272455421176687
285257,-204.94121715120207
285258,-667.5218237733054
285259,-572.3693011288074
285260,-705.8452804359488
285261,455.6931941162433
285262,242.4795215438645
285263,-220.10108507823884
285264,-124.94856243374068
285265,-550.2641125977632
285266,611.2743619544291
285267,398.0606893820503
285268,-64.51991724005302
285269,30.632605404445144
285270,352.89786335654327
285271,1514.4363379087354
285272,1301.2226653363566
285273,838.6420587142534
285274,933.7945813587514
285275,800.3186020516099
285276,1961.8570766038022
285277,1748.6434040314234
285278,1286.06279740932
285279,1381.2153200538182
285280,955.8997698897958
285281,2117.438244441988
285282,1904.2245718696092
285283,1441.6439652475058
285284,1536.796487892004
285285,-207.57977495505634
285286,953.9586995971358
285287,740.7450270247571
285288,278.1644204026537
285289,373.3169430471519
285290,239.84096374001035
285291,1401.3794382922024
285292,1188.1657657198239
285293,725.5851590977204
285294,820.7376817422186
285295,395.42213157819623
285296,1556.9606061303884
285297,1343.7469335580095
285298,881.1663269359062
285299,976.3188495804044
285300,-318.176075376628
285301,843.3623991755642
285302,630.1487266031853
285303,167.56811998108196
285304,262.7206426255802
285305,129.2446633184387
285306,1290.7831378706308
285307,1077.569465298252
285308,614.9888586761487
285309,710.1413813206468
285310,284.82583115662453
285311,1446.3643057088166
285312,1233.1506331364378
285313,770.5700265143346
285314,865.7225491588326
285315,-310.1027374353516
285316,851.4357371168404
285317,638.2220645444617
285318,175.6414579223583
285319,270.7939805668565
285320,137.31800125971506
285321,1298.8564758119069
285322,1085.6428032395283
285323,623.062196617425
285324,718.2147192619232
285325,292.8991690979009
285326,1454.437643650093
285327,1241.2239710777142
285328,778.6433644556108
285329,873.795887100109
285330,-516.0344257569559
285331,645.5040487952361
285332,432.29037622285733
285333,-30.290230399245957
285334,64.8622922452522
285335,-68.61368706188932
285336,1092.9247874903026
285337,879.711114917924
285338,417.1305082958206
285339,512.2830309403188
285340,86.9674807762965
285341,1248.5059553284887
285342,1035.2922827561097
285343,572.7116761340064
285344,667.8641987785046
285345,-1140.9267706577396
285346,20.61170389445249
285347,-192.60196867792638
285348,-655.1825753000296
285349,-560.0300526555316
285350,-693.506031962673
285351,468.03244258951906
285352,254.8187700171403
285353,-207.76183660496304
285354,-112.60931396046487
285355,-537.9248641244872
285356,623.6136104277048
285357,410.39993785532613
285358,-52.18066876677722
285359,42.971853877720946
285360,365.2371118298191
285361,1526.7755863820112
285362,1313.5619138096324
285363,850.9813071875291
285364,946.1338298320272
285365,812.6578505248858
285366,1974.1963250770777
285367,1760.982652504699
285368,1298.4020458825958
285369,1393.554568527094
285370,968.2390183630716
285371,2129.777492915264
285372,1916.563820342885
285373,1453.9832137207816
285374,1549.1357363652796
285375,-195.24052648178053
285376,966.2979480704116
285377,753.0842754980329
285378,290.5036688759295
285379,385.6561915204277
285380,252.1802122132861
285381,1413.7186867654782
285382,1200.5050141930994
285383,737.9244075709962
285384,833.0769302154944
285385,407.761380051472
285386,1569.2998546036642
285387,1356.0861820312853
285388,893.505575409182
285389,988.6580980536802
285390,-305.8368269033522
285391,855.7016476488399
285392,642.4879750764612
285393,179.90736845435788
285394,275.059891098856
285395,141.5839117917144
285396,1303.1223863439066
285397,1089.9087137715278
285398,627.3281071494245
285399,722.4806297939226
285400,297.16507962990033
285401,1458.7035541820924
285402,1245.4898816097136
285403,782.9092749876104
285404,878.0617976321084
285405,-297.7634889620758
285406,863.7749855901162
285407,650.5613130177375
285408,187.98070639563412
285409,283.1332290401323
285410,149.65724973299075
285411,1311.195724285183
285412,1097.9820517128042
285413,635.4014450907008
285414,730.553967735199
285415,305.2384175711767
285416,1466.7768921233687
285417,1253.56321955099
285418,790.9826129288866
285419,886.1351355733848
285420,-503.6951772836801
285421,657.8432972685118
285422,444.6296246961332
285423,-17.950981925970154
285424,77.20154071852801
285425,-56.274438588613634
285426,1105.2640359635784
285427,892.0503633911998
285428,429.4697567690964
285429,524.6222794135946
285430,99.3067292495723
285431,1260.8452038017645
285432,1047.6315312293857
285433,585.0509246072822
285434,680.2034472517804
285435,-1128.5875221844638
285436,32.95095236772818
285437,-180.26272020465046
285438,-642.8433268267538
285439,-547.6908041822555
285440,-681.1667834893972
285441,480.37169106279487
285442,267.15801849041617
285443,-195.42258813168712
285444,-100.27006548718896
285445,-525.5856156512114
285446,635.9528589009807
285447,422.739186328602
285448,-39.841420293501415
285449,55.31110235099675
285450,377.57636030309493
285451,1539.114834855287
285452,1325.9011622829082
285453,863.3205556608049
285454,958.473078305303
285455,824.9970989981615
285456,1986.5355735503535
285457,1773.3219009779748
285458,1310.7412943558716
285459,1405.8938170003696
285460,980.5782668363474
285461,2142.1167413885396
285462,1928.9030688161608
285463,1466.3224621940574
285464,1561.4749848385554
285465,-182.90127800850473
285466,978.6371965436874
285467,765.4235239713087
285468,302.8429173492053
285469,397.9954399937035
285470,264.51946068656196
285471,1426.057935238754
285472,1212.8442626663752
285473,750.263656044272
285474,845.4161786887702
285475,420.1006285247478
285476,1581.6391030769398
285477,1368.425430504561
285478,905.8448238824578
285479,1000.997346526956
285480,-216.96547343134932
285481,944.5730011208427
285482,731.359328548464
285483,268.77872192636073
285484,363.9312445708589
285485,230.45526526371725
285486,1391.9937398159095
285487,1178.7800672435305
285488,716.1994606214273
285489,811.3519832659255
285490,386.0364331019031
285491,1547.574907654095
285492,1334.3612350817166
285493,871.7806284596131
285494,966.9331511041114
285495,-208.89213549007286
285496,952.6463390621191
285497,739.4326664897403
285498,276.852059867637
285499,372.0045825121352
285500,238.52860320499371
285501,1400.0670777571859
285502,1186.853405184807
285503,724.2727985627037
285504,819.4253212072018
285505,394.1097710431796
285506,1555.6482455953715
285507,1342.4345730229927
285508,879.8539664008895
285509,975.0064890453876
285510,-414.82382381167713
285511,746.7146507405147
285512,533.500978168136
285513,70.92037154603281
285514,166.07289419053097
285515,32.59691488338922
285516,1194.1353894355814
285517,980.9217168632026
285518,518.3411102410993
285519,613.4936328855974
285520,188.17808272157504
285521,1349.7165572737672
285522,1136.5028847013884
285523,673.9222780792851
285524,769.0748007237833
285525,-1039.716168712461
285526,121.82230583973114
285527,-91.39136673264761
285528,-553.9719733547508
285529,-458.8194507102528
285530,-592.2954300173944
285531,569.2430445347977
285532,356.02937196241896
285533,-106.55123465968438
285534,-11.39871201518622
285535,-436.7142621792086
285536,724.8242123729835
285537,511.6105398006048
285538,49.029933178501324
285539,144.1824558229996
285540,466.4477137750978
285541,1627.98618832729
285542,1414.7725157549112
285543,952.1919091328078
285544,1047.344431777306
285545,913.8684524701644
285546,2075.4069270223563
285547,1862.1932544499778
285548,1399.6126478278743
285549,1494.7651704723726
285550,1069.4496203083502
285551,2230.9880948605423
285552,2017.7744222881636
285553,1555.1938156660603
285554,1650.3463383105584
285555,-94.02992453650177
285556,1067.5085500156902
285557,854.2948774433115
285558,391.71427082120823
285559,486.86679346570634
285560,353.3908141585648
285561,1514.929288710757
285562,1301.7156161383782
285563,839.1350095162749
285564,934.287532160773
285565,508.9719819967507
285566,1670.5104565489428
285567,1457.296783976564
285568,994.7161773544607
285569,1089.8686999989588
285570,-204.6262249580734
285571,956.9122495941186
285572,743.6985770217399
285573,281.1179703996366
285574,376.2704930441347
285575,242.79451373699317
285576,1404.332988289185
285577,1191.1193157168063
285578,728.5387090947031
285579,823.6912317392013
285580,398.375681575179
285581,1559.914156127371
285582,1346.7004835549924
285583,884.1198769328889
285584,979.2723995773871
285585,-196.55288701679717
285586,964.9855875353949
285587,751.7719149630161
285588,289.1913083409129
285589,384.34383098541105
285590,250.86785167826952
285591,1412.4063262304614
285592,1199.1926536580827
285593,736.6120470359795
285594,831.7645696804776
285595,406.4490195164552
285596,1567.9874940686473
285597,1354.7738214962687
285598,892.1932148741653
285599,987.3457375186634
285600,-402.4845753384013
285601,759.0538992137906
285602,545.8402266414118
285603,83.2596200193085
285604,178.41214266380666
285605,44.93616335666513
285606,1206.4746379088572
285607,993.2609653364784
285608,530.6803587143751
285609,625.8328813588732
285610,200.51733119485095
285611,1362.055805747043
285612,1148.8421331746642
285613,686.2615265525609
285614,781.4140491970591
285615,-1027.3769202391852
285616,134.16155431300695
285617,-79.05211825937181
285618,-541.6327248814753
285619,-446.480202236977
285620,-579.9561815441186
285621,581.5822930080735
285622,368.36862043569477
285623,-94.21198618640858
285624,0.9405364580895821
285625,-424.3750137059326
285626,737.1634608462593
285627,523.9497882738806
285628,61.36918165177724
285629,156.5217042962754
285630,478.7869622483737
285631,1640.3254368005657
285632,1427.111764228187
285633,964.5311576060836
285634,1059.6836802505818
285635,926.2077009434403
285636,2087.746175495632
285637,1874.5325029232536
285638,1411.95189630115
285639,1507.1044189456484
285640,1081.7888687816262
285641,2243.327343333818
285642,2030.1136707614394
285643,1567.5330641393361
285644,1662.6855867838342
285645,-81.69067606322596
285646,1079.847798488966
285647,866.6341259165873
285648,404.05351929448403
285649,499.2060419389822
285650,365.7300626318406
285651,1527.2685371840325
285652,1314.054864611654
285653,851.4742579895507
285654,946.6267806340488
285655,521.3112304700264
285656,1682.8497050222184
285657,1469.6360324498398
285658,1007.0554258277364
285659,1102.2079484722346
285660,-355.18535636103684
285661,806.3531181911551
285662,593.1394456187763
285663,130.5588389966731
285664,225.71136164117115
285665,92.23538233402962
285666,1253.7738568862217
285667,1040.560184313843
285668,577.9795776917397
285669,673.1321003362378
285670,247.81655017221556
285671,1409.3550247244075
285672,1196.141352152029
285673,733.5607455299255
285674,828.7132681744237
285675,-347.1120184197605
285676,814.4264561324314
285677,601.2127835600527
285678,138.63217693794934
285679,233.7846995824475
285680,100.30872027530597
285681,1261.847194827498
285682,1048.6335222551193
285683,586.052915633016
285684,681.2054382775142
285685,255.8898881134919
285686,1417.4283626656838
285687,1204.2146900933053
285688,741.6340834712018
285689,836.7866061157
285690,-553.0437067413648
285691,608.4947678108272
285692,395.2810952384484
285693,-67.29951138365493
285694,27.853011260843232
285695,-105.62296804629841
285696,1055.9155065058937
285697,842.701833933515
285698,380.12122731141164
285699,475.27374995590975
285700,49.95819979188752
285701,1211.4966743440796
285702,998.2830017717008
285703,535.7023951495975
285704,630.8549177940956
285705,-1177.9360516421486
285706,-16.3975770899566
285707,-229.61124966233524
285708,-692.1918562844385
285709,-597.0393336399404
285710,-730.5153129470821
285711,431.0231616051101
285712,217.80948903273134
285713,-244.7711175893719
285714,-149.61859494487385
285715,-574.934145108896
285716,586.6043294432959
285717,373.39065687091716
285718,-89.18994975118619
285719,5.962572893311972
285720,328.22783084541015
285721,1489.766305397602
285722,1276.5526328252236
285723,813.9720262031201
285724,909.1245488476183
285725,775.6485695404767
285726,1937.1870440926689
285727,1723.9733715202901
285728,1261.3927648981867
285729,1356.545287542685
285730,931.2297373786627
285731,2092.7682119308547
285732,1879.554539358476
285733,1416.9739327363727
285734,1512.1264553808708
285735,-232.2498074661894
285736,929.2886670860025
285737,716.0749945136239
285738,253.49438789152055
285739,348.6469105360187
285740,215.17093122887718
285741,1376.709405781069
285742,1163.4957332086906
285743,700.9151265865871
285744,796.0676492310853
285745,370.7520990670631
285746,1532.2905736192552
285747,1319.0769010468764
285748,856.4962944247729
285749,951.6488170692712
285750,-342.84610788776104
285751,818.6923666644309
285752,605.4786940920523
285753,142.8980874699489
285754,238.05061011444707
285755,104.57463080730543
285756,1266.1131053594977
285757,1052.8994327871187
285758,590.3188261650155
285759,685.4713488095136
285760,260.1557986454913
285761,1421.6942731976835
285762,1208.4806006253048
285763,745.8999940032013
285764,841.0525166476995
285765,-334.7727699464847
285766,826.7657046057072
285767,613.5520320333285
285768,150.97142541122525
285769,246.12394805572336
285770,112.64796874858177
285771,1274.1864433007738
285772,1060.972770728395
285773,598.3921641062918
285774,693.54468675079
285775,268.22913658676765
285776,1429.7676111389596
285777,1216.553938566581
285778,753.9733319444776
285779,849.1258545889758
285780,-540.704458268089
285781,620.8340162841029
285782,407.6203437117242
285783,-54.960262910379015
285784,40.192259734119034
285785,-93.28371957302261
285786,1068.2547549791693
285787,855.0410824067908
285788,392.46047578468745
285789,487.61299842918555
285790,62.29744826516321
285791,1223.8359228173554
285792,1010.6222502449766
285793,548.0416436228733
285794,643.1941662673714
285795,-1165.5968031688728
285796,-4.058328616680683
285797,-217.27200118905944
285798,-679.8526078111629
285799,-584.7000851666646
285800,-718.1760644738063
285801,443.3624100783859
285802,230.14873750600725
285803,-232.4318691160961
285804,-137.27934647159793
285805,-562.5948966356202
285806,598.9435779165717
285807,385.72990534419296
285808,-76.85070127791028
285809,18.301821366587774
285810,340.56707931868596
285811,1502.1055538708779
285812,1288.8918812984994
285813,826.3112746763959
285814,921.4637973208942
285815,787.9878180137525
285816,1949.5262925659447
285817,1736.312619993566
285818,1273.7320133714625
285819,1368.8845360159607
285820,943.5689858519384
285821,2105.1074604041305
285822,1891.8937878317518
285823,1429.3131812096485
285824,1524.4657038541466
285825,-219.9105589929137
285826,941.6279155592783
285827,728.4142429868997
285828,265.83363636479635
285829,360.9861590092945
285830,227.51017970215298
285831,1389.048654254345
285832,1175.8349816819664
285833,713.2543750598629
285834,808.4068977043611
285835,383.09134754033875
285836,1544.629822092531
285837,1331.4161495201522
285838,868.8355428980487
285839,963.988065542547
285840,-330.50685941448546
285841,831.0316151377067
285842,617.8179425653279
285843,155.2373359432247
285844,250.3898585877228
285845,116.91387928058123
285846,1278.4523538327733
285847,1065.2386812603945
285848,602.6580746382913
285849,697.8105972827894
285850,272.49504711876705
285851,1434.033521670959
285852,1220.8198490985806
285853,758.2392424764771
285854,853.3917651209753
285855,-322.4335214732091
285856,839.104953078983
285857,625.8912805066043
285858,163.31067388450094
285859,258.4631965289991
285860,124.98721722185758
285861,1286.5256917740496
285862,1073.3120192016709
285863,610.7314125795676
285864,705.8839352240658
285865,280.5683850600434
285866,1442.1068596122354
285867,1228.8931870398567
285868,766.3125804177535
285869,861.4651030622516
285870,-528.3652097948134
285871,633.1732647573787
285872,419.9595921849999
285873,-42.62101443710333
285874,52.531508207394836
285875,-80.9444710997468
285876,1080.5940034524453
285877,867.3803308800666
285878,404.79972425796325
285879,499.9522469024614
285880,74.63669673843901
285881,1236.1751712906312
285882,1022.9614987182524
285883,560.3808920961491
285884,655.5334147406472
285885,-1153.257554695597
285886,8.28091985659512
285887,-204.93275271578364
285888,-667.5133593378871
285889,-572.360836693389
285890,-705.8368160005305
285891,455.70165855166164
285892,242.48798597928294
285893,-220.0926206428204
285894,-124.94009799832224
285895,-550.2556481623446
285896,611.2828263898474
285897,398.06915381746876
285898,-64.51145280463459
285899,30.641069839863576
285900,352.9063277919617
285901,1514.4448023441537
285902,1301.2311297717752
285903,838.6505231496717
285904,933.80304579417
285905,800.3270664870283
285906,1961.8655410392205
285907,1748.6518684668417
285908,1286.0712618447383
285909,1381.2237844892366
285910,955.9082343252142
285911,2117.4467088774063
285912,1904.2330363050276
285913,1441.6524296829243
285914,1536.8049523274224
285915,-207.5713105196378
285916,953.9671640325543
285917,740.7534914601755
285918,278.17288483807215
285919,373.3254074825703
285920,239.84942817542878
285921,1401.3879027276207
285922,1188.1742301552422
285923,725.5936235331387
285924,820.746146177637
285925,395.4305960136146
285926,1556.9690705658068
285927,1343.755397993428
285928,881.1747913713247
285929,976.3273140158228
285930,-318.16761094120943
285931,843.3708636109825
285932,630.1571910386037
285933,167.5765844165005
285934,262.7291070609986
285935,129.25312775385703
285936,1290.791602306049
285937,1077.5779297336703
285938,614.9973231115671
285939,710.1498457560652
285940,284.83429559204296
285941,1446.372770144235
285942,1233.1590975718564
285943,770.5784909497529
285944,865.7310135942511
285945,-310.0942729999331
285946,851.4442015522588
285947,638.2305289798801
285948,175.64992235777675
285949,270.8024450022749
285950,137.32646569513338
285951,1298.8649402473254
285952,1085.6512676749467
285953,623.0706610528434
285954,718.2231836973415
285955,292.9076335333193
285956,1454.4461080855112
285957,1241.2324355131327
285958,778.6518288910293
285959,873.8043515355274
285960,-516.0259613215374
285961,645.5125132306545
285962,432.29884065827576
285963,-30.281765963827525
285964,64.87075668067064
285965,-68.605222626471
285966,1092.933251925721
285967,879.7195793533424
285968,417.138972731239
285969,512.2914953757372
285970,86.97594521171493
285971,1248.514419763907
285972,1035.3007471915282
285973,572.7201405694249
285974,667.872663213923
285975,-1140.9183062223212
285976,20.620168329870808
285977,-192.59350424250783
285978,-655.1741108646113
285979,-560.021588220113
285980,-693.4975675272547
285981,468.0409070249375
285982,254.82723445255874
285983,-207.7533721695446
285984,-112.60084952504644
285985,-537.9163996890686
285986,623.6220748631233
285987,410.40840229074456
285988,-52.172204331358785
285989,42.98031831313938
285990,365.24557626523756
285991,1526.7840508174295
285992,1313.570378245051
285993,850.9897716229475
285994,946.1422942674457
285995,812.6663149603041
285996,1974.2047895124963
285997,1760.9911169401175
285998,1298.410510318014
285999,1393.5630329625124
286000,968.2474827984901
286001,2129.785957350682
286002,1916.5722847783034
286003,1453.9916781562001
286004,1549.1442008006982
286005,-195.2320620463621
286006,966.3064125058299
286007,753.0927399334513
286008,290.51213331134795
286009,385.6646559558461
286010,252.18867664870453
286011,1413.7271512008965
286012,1200.513478628518
286013,737.9328720064145
286014,833.0853946509127
286015,407.7698444868904
286016,1569.3083190390826
286017,1356.0946464667038
286018,893.5140398446003
286019,988.6665624890986
286020,-305.82836246793363
286021,855.7101120842583
286022,642.4964395118797
286023,179.9158328897763
286024,275.0683555342744
286025,141.59237622713283
286026,1303.130850779325
286027,1089.9171782069461
286028,627.3365715848429
286029,722.489094229341
286030,297.1735440653187
286031,1458.712018617511
286032,1245.4983460451322
286033,782.9177394230287
286034,878.0702620675269
286035,-297.7550245266573
286036,863.7834500255346
286037,650.5697774531559
286038,187.98917083105255
286039,283.1416934755507
286040,149.66571416840918
286041,1311.2041887206012
286042,1097.9905161482225
286043,635.4099095261192
286044,730.5624321706174
286045,305.24688200659506
286046,1466.785356558787
286047,1253.5716839864085
286048,790.991077364305
286049,886.1436000088032
286050,-503.68671284826155
286051,657.8517617039304
286052,444.6380891315516
286053,-17.94251749055161
286054,77.21000515394644
286055,-56.2659741531952
286056,1105.272500398997
286057,892.0588278266182
286058,429.4782212045148
286059,524.630743849013
286060,99.31519368499062
286061,1260.8536682371828
286062,1047.639995664804
286063,585.0593890427007
286064,680.2119116871988
286065,-1128.5790577490454
286066,32.95941680314661
286067,-180.25425576923215
286068,-642.8348623913355
286069,-547.6823397468372
286070,-681.1583190539789
286071,480.3801554982133
286072,267.1664829258346
286073,-195.4141236962687
286074,-100.26160105177053
286075,-525.5771512157928
286076,635.9613233363991
286077,422.74765076402036
286078,-39.83295585808287
286079,55.31956678641518
286080,377.58482473851336
286081,1539.1232992907053
286082,1325.9096267183268
286083,863.3290200962233
286084,958.4815427407215
286085,825.0055634335799
286086,1986.544037985772
286087,1773.3303654133933
286088,1310.7497587912899
286089,1405.9022814357882
286090,980.5867312717658
286091,2142.125205823958
286092,1928.9115332515792
286093,1466.3309266294757
286094,1561.483449273974
286095,-182.8928135730863
286096,978.6456609791059
286097,765.4319884067271
286098,302.85138178462375
286099,398.0039044291219
286100,264.52792512198033
286101,1426.0663996741723
286102,1212.8527271017938
286103,750.2721204796903
286104,845.4246431241885
286105,420.10909296016615
286106,1581.6475675123584
286107,1368.4338949399796
286108,905.8532883178761
286109,1001.0058109623744
286110,-216.9570089959309
286111,944.5814655562613
286112,731.3677929838824
286113,268.78718636177916
286114,363.9397090062773
286115,230.46372969913568
286116,1392.0022042513278
286117,1178.788531678949
286118,716.2079250568457
286119,811.3604477013439
286120,386.0448975373215
286121,1547.5833720895134
286122,1334.369699517135
286123,871.7890928950316
286124,966.9416155395297
286125,-208.88367105465443
286126,952.6548034975375
286127,739.4411309251587
286128,276.86052430305546
286129,372.0130469475536
286130,238.53706764041215
286131,1400.0755421926042
286132,1186.8618696202252
286133,724.2812629981221
286134,819.4337856426203
286135,394.11823547859797
286136,1555.6567100307898
286137,1342.4430374584113
286138,879.8624308363078
286139,975.0149534808061
286140,-414.8153593762588
286141,746.7231151759331
286142,533.5094426035544
286143,70.92883598145113
286144,166.0813586259493
286145,32.60537931880765
286146,1194.143853871
286147,980.9301812986209
286148,518.3495746765177
286149,613.5020973210159
286150,188.18654715699347
286151,1349.7250217091855
286152,1136.5113491368068
286153,673.9307425147035
286154,769.0832651592017
286155,-1039.7077042770427
286156,121.83077027514958
286157,-91.38290229722918
286158,-553.9635089193325
286159,-458.8109862748345
286160,-592.2869655819761
286161,569.251508970216
286162,356.0378363978374
286163,-106.54277022426595
286164,-11.390247579767788
286165,-436.7057977437901
286166,724.8326768084019
286167,511.6190042360232
286168,49.03839761391987
286169,144.19092025841803
286170,466.4561782105162
286171,1627.9946527627083
286172,1414.7809801903295
286173,952.2003735682263
286174,1047.3528962127243
286175,913.8769169055828
286176,2075.4153914577746
286177,1862.201718885396
286178,1399.6211122632928
286179,1494.773634907791
286180,1069.4580847437687
286181,2230.9965592959607
286182,2017.782886723582
286183,1555.2022801014787
286184,1650.354802745977
286185,-94.02146010108333
286186,1067.5170144511087
286187,854.30334187873
286188,391.72273525662666
286189,486.87525790112477
286190,353.39927859398324
286191,1514.9377531461753
286192,1301.7240805737965
286193,839.1434739516933
286194,934.2959965961913
286195,508.98044643216906
286196,1670.518920984361
286197,1457.3052484119823
286198,994.7246417898791
286199,1089.8771644343772
286200,-204.6177605226551
286201,956.920714029537
286202,743.7070414571582
286203,281.12643483505497
286204,376.27895747955307
286205,242.80297817241154
286206,1404.3414527246036
286207,1191.127780152225
286208,728.5471735301215
286209,823.6996961746197
286210,398.3841460105974
286211,1559.9226205627895
286212,1346.7089479904107
286213,884.1283413683075
286214,979.2808640128055
286215,-196.54442258137874
286216,964.9940519708133
286217,751.7803793984345
286218,289.1997727763312
286219,384.35229542082936
286220,250.8763161136879
286221,1412.41479066588
286222,1199.2011180935012
286223,736.6205114713979
286224,831.773034115896
286225,406.45748395187366
286226,1567.9959585040658
286227,1354.782285931687
286228,892.2016793095837
286229,987.3542019540819
286230,-402.476110902983
286231,759.0623636492089
286232,545.8486910768302
286233,83.26808445472693
286234,178.4206070992251
286235,44.944627792083566
286236,1206.4831023442757
286237,993.2694297718969
286238,530.6888231497935
286239,625.8413457942917
286240,200.52579563026939
286241,1362.0642701824613
286242,1148.8505976100828
286243,686.2699909879793
286244,781.4225136324775
286245,-1027.368455803767
286246,134.17001874842526
286247,-79.04365382395349
286248,-541.624260446057
286249,-446.4717378015587
286250,-579.9477171087001
286251,581.590757443492
286252,368.3770848711132
286253,-94.20352175099015
286254,0.9490008935080141
286255,-424.36654927051427
286256,737.1719252816777
286257,523.958252709299
286258,61.37764608719567
286259,156.53016873169383
286260,478.7954266837921
286261,1640.333901235984
286262,1427.1202286636053
286263,964.5396220415021
286264,1059.6921446860001
286265,926.2161653788587
286266,2087.7546399310504
286267,1874.5409673586719
286268,1411.9603607365686
286269,1507.1128833810667
286270,1081.7973332170445
286271,2243.3358077692365
286272,2030.1221351968577
286273,1567.5415285747545
286274,1662.6940512192527
286275,-81.68221162780765
286276,1079.8562629243845
286277,866.6425903520058
286278,404.0619837299024
286279,499.21450637440057
286280,365.738527067259
286281,1527.277001619451
286282,1314.0633290470723
286283,851.4827224249691
286284,946.6352450694671
286285,521.3196949054449
286286,1682.858169457637
286287,1469.6444968852581
286288,1007.0638902631549
286289,1102.216412907653
286290,-355.1768919256185
286291,806.3615826265735
286292,593.1479100541949
286293,130.56730343209153
286294,225.7198260765897
286295,92.24384676944806
286296,1253.7823213216402
286297,1040.5686487492615
286298,577.988042127158
286299,673.1405647716563
286300,247.82501460763393
286301,1409.363489159826
286302,1196.1498165874473
286303,733.5692099653439
286304,828.7217326098421
286305,-347.10355398434217
286306,814.4349205678499
286307,601.2212479954711
286308,138.64064137336777
286309,233.79316401786593
286310,100.3171847107244
286311,1261.8556592629166
286312,1048.6419866905378
286313,586.0613800684343
286314,681.2139027129325
286315,255.89835254891028
286316,1417.4368271011024
286317,1204.2231545287236
286318,741.6425479066202
286319,836.7950705511184
286320,-553.0352423059464
286321,608.5032322462455
286322,395.28955967386685
286323,-67.2910469482365
286324,27.861475696261664
286325,-105.61450361087998
286326,1055.923970941312
286327,842.7102983689333
286328,380.12969174683
286329,475.2822143913282
286330,49.966664227305955
286331,1211.5051387794979
286332,998.2914662071192
286333,535.7108595850159
286334,630.8633822295141
286335,-1177.9275872067303
286336,-16.389112654538167
286337,-229.60278522691692
286338,-692.1833918490202
286339,-597.0308692045221
286340,-730.5068485116635
286341,431.0316260405285
286342,217.81795346814977
286343,-244.76265315395358
286344,-149.61013050945542
286345,-574.9256806734777
286346,586.6127938787143
286347,373.3991213063356
286348,-89.18148531576776
286349,5.971037328730404
286350,328.2362952808286
286351,1489.7747698330206
286352,1276.5610972606419
286353,813.9804906385385
286354,909.1330132830367
286355,775.6570339758952
286356,1937.1955085280872
286357,1723.9818359557084
286358,1261.401229333605
286359,1356.5537519781033
286360,931.2382018140811
286361,2092.776676366273
286362,1879.5630037938943
286363,1416.982397171791
286364,1512.134919816289
286365,-232.24134303077096
286366,929.2971315214211
286367,716.0834589490423
286368,253.50285232693898
286369,348.65537497143714
286370,215.1793956642956
286371,1376.7178702164877
286372,1163.504197644109
286373,700.9235910220056
286374,796.0761136665037
286375,370.7605635024815
286376,1532.2990380546735
286377,1319.0853654822947
286378,856.5047588601914
286379,951.6572815046895
286380,-342.8376434523427
286381,818.7008310998493
286382,605.4871585274706
286383,142.90655190536722
286384,238.0590745498654
286385,104.58309524272386
286386,1266.121569794916
286387,1052.9078972225373
286388,590.3272906004338
286389,685.4798132449321
286390,260.1642630809097
286391,1421.7027376331018
286392,1208.489065060723
286393,745.9084584386197
286394,841.0609810831179
286395,-334.76430551106637
286396,826.7741690411257
286397,613.5604964687469
286398,150.97988984664357
286399,246.13241249114174
286400,112.6564331840002
286401,1274.1949077361921
286402,1060.9812351638134
286403,598.4006285417101
286404,693.5531511862083
286405,268.237601022186
286406,1429.776075574378
286407,1216.5624030019994
286408,753.9817963798961
286409,849.1343190243942
286410,-540.6959938326706
286411,620.8424807195213
286412,407.62880814714265
286413,-54.9517984749607
286414,40.20072416953758
286415,-93.27525513760418
286416,1068.2632194145879
286417,855.0495468422091
286418,392.4689402201058
286419,487.621462864604
286420,62.30591270058164
286421,1223.8443872527737
286422,1010.6307146803949
286423,548.0501080582917
286424,643.2026307027899
286425,-1165.5883387334545
286426,-4.049864181262365
286427,-217.26353675364112
286428,-679.8441433757446
286429,-584.6916207312463
286430,-718.167600038388
286431,443.3708745138042
286432,230.15720194142557
286433,-232.42340468067778
286434,-137.27088203617961
286435,-562.5864322002019
286436,598.95204235199
286437,385.7383697796114
286438,-76.84223684249196
286439,18.310285802006092
286440,340.57554375410433
286441,1502.1140183062962
286442,1288.9003457339177
286443,826.3197391118143
286444,921.4722617563125
286445,787.996282449171
286446,1949.534757001363
286447,1736.3210844289842
286448,1273.7404778068808
286449,1368.893000451379
286450,943.5774502873568
286451,2105.115924839549
286452,1891.90225226717
286453,1429.3216456450668
286454,1524.4741682895651
286455,-219.90209455749527
286456,941.6363799946968
286457,728.4227074223181
286458,265.8421008002147
286459,360.9946234447129
286460,227.5186441375713
286461,1389.0571186897632
286462,1175.8434461173847
286463,713.2628394952814
286464,808.4153621397795
286465,383.0998119757571
286466,1544.6382865279493
286467,1331.4246139555705
286468,868.8440073334672
286469,963.9965299779653
286470,-330.4983949790669
286471,831.0400795731251
286472,617.8264070007464
286473,155.24580037864303
286474,250.3983230231412
286475,116.92234371599966
286476,1278.4608182681918
286477,1065.247145695813
286478,602.6665390737096
286479,697.8190617182079
286480,272.5035115541855
286481,1434.0419861063774
286482,1220.8283135339989
286483,758.2477069118955
286484,853.4002295563937
286485,-322.42505703779057
286486,839.1134175144014
286487,625.8997449420227
286488,163.31913831991938
286489,258.4716609644175
286490,124.99568165727601
286491,1286.5341562094682
286492,1073.3204836370892
286493,610.739877014986
286494,705.8923996594841
286495,280.57684949546183
286496,1442.1153240476538
286497,1228.9016514752752
286498,766.3210448531718
286499,861.47356749767
286500,-528.3567453593948
286501,633.1817291927971
286502,419.96805662041834
286503,-42.612550001684895
286504,52.53997264281327
286505,-80.93600666432849
286506,1080.6024678878637
286507,867.3887953154849
286508,404.8081886933816
286509,499.9607113378798
286510,74.64516117385745
286511,1236.1836357260495
286512,1022.9699631536708
286513,560.3893565315675
286514,655.5418791760657
286515,-1153.2490902601787
286516,8.289384292013438
286517,-204.9242882803652
286518,-667.5048949024685
286519,-572.3523722579705
286520,-705.8283515651121
286521,455.71012298708007
286522,242.49645041470137
286523,-220.08415620740197
286524,-124.93163356290381
286525,-550.2471837269261
286526,611.2912908252658
286527,398.0776182528872
286528,-64.50298836921615
286529,30.649534275282008
286530,352.9147922273801
286531,1514.4532667795722
286532,1301.2395942071935
286533,838.6589875850901
286534,933.8115102295883
286535,800.3355309224467
286536,1961.8740054746388
286537,1748.66033290226
286538,1286.0797262801568
286539,1381.2322489246549
286540,955.9166987606326
286541,2117.4551733128246
286542,1904.2415007404459
286543,1441.6608941183426
286544,1536.813416762841
286545,-207.56284608421947
286546,953.9756284679726
286547,740.7619558955939
286548,278.1813492734905
286549,373.3338719179887
286550,239.8578926108471
286551,1401.3963671630393
286552,1188.1826945906605
286553,725.6020879685572
286554,820.7546106130553
286555,395.43906044903304
286556,1556.977535001225
286557,1343.7638624288463
286558,881.1832558067431
286559,976.3357784512411
286560,-318.1591465057911
286561,843.3793280464009
286562,630.1656554740222
286563,167.58504885191883
286564,262.73757149641705
286565,129.26159218927546
286566,1290.8000667414676
286567,1077.5863941690889
286568,615.0057875469854
286569,710.1583101914837
286570,284.84276002746134
286571,1446.3812345796534
286572,1233.1675620072747
286573,770.5869553851713
286574,865.7394780296695
286575,-310.08580856451476
286576,851.4526659876773
286577,638.2389934152985
286578,175.65838679319518
286579,270.81090943769334
286580,137.3349301305518
286581,1298.873404682744
286582,1085.659732110365
286583,623.0791254882618
286584,718.2316481327599
286585,292.9160979687377
286586,1454.4545725209298
286587,1241.240899948551
286588,778.6602933264476
286589,873.8128159709458
286590,-516.017496886119
286591,645.5209776660729
286592,432.3073050936942
286593,-30.273301528409092
286594,64.87922111608907
286595,-68.59675819105257
286596,1092.9417163611395
286597,879.7280437887607
286598,417.1474371666574
286599,512.2999598111555
286600,86.98440964713336
286601,1248.5228841993253
286602,1035.3092116269465
286603,572.7286050048433
286604,667.8811276493415
286605,-1140.909841786903
286606,20.62863276528924
286607,-192.58503980708952
286608,-655.165646429193
286609,-560.0131237846947
286610,-693.4891030918361
286611,468.0493714603559
286612,254.83569888797717
286613,-207.74490773412617
286614,-112.59238508962801
286615,-537.9079352536503
286616,623.6305392985416
286617,410.41686672616294
286618,-52.16373989594035
286619,42.98878274855781
286620,365.254040700656
286621,1526.792515252848
286622,1313.5788426804693
286623,850.9982360583659
286624,946.1507587028641
286625,812.6747793957226
286626,1974.2132539479146
286627,1760.9995813755359
286628,1298.4189747534324
286629,1393.5714973979307
286630,968.2559472339085
286631,2129.7944217861004
286632,1916.5807492137217
286633,1454.0001425916184
286634,1549.1526652361165
286635,-195.22359761094367
286636,966.3148769412485
286637,753.1012043688697
286638,290.5205977467664
286639,385.67312039126455
286640,252.1971410841229
286641,1413.735615636315
286642,1200.5219430639363
286643,737.941336441833
286644,833.0938590863311
286645,407.7783089223088
286646,1569.3167834745009
286647,1356.1031109021221
286648,893.5225042800188
286649,988.6750269245169
286650,-305.8198980325153
286651,855.7185765196767
286652,642.504903947298
286653,179.92429732519463
286654,275.0768199696928
286655,141.60084066255126
286656,1303.1393152147434
286657,1089.9256426423647
286658,627.3450360202612
286659,722.4975586647595
286660,297.1820085007371
286661,1458.7204830529292
286662,1245.5068104805505
286663,782.9262038584471
286664,878.0787265029453
286665,-297.74656009123896
286666,863.791914460953
286667,650.5782418885743
286668,187.99763526647098
286669,283.15015791096914
286670,149.6741786038276
286671,1311.2126531560195
286672,1097.9989805836408
286673,635.4183739615376
286674,730.5708966060357
286675,305.25534644201343
286676,1466.7938209942054
286677,1253.5801484218268
286678,790.9995417997234
286679,886.1520644442217
286680,-503.67824841284323
286681,657.8602261393487
286682,444.64655356697006
286683,-17.93405305513329
286684,77.21846958936487
286685,-56.25750971777677
286686,1105.2809648344153
286687,892.0672922620365
286688,429.4866856399332
286689,524.6392082844313
286690,99.32365812040905
286691,1260.862132672601
286692,1047.6484601002223
286693,585.0678534781191
286694,680.2203761226173
286695,-1128.570593313627
286696,32.96788123856504
286697,-180.2457913338137
286698,-642.826397955917
286699,-547.6738753114187
286700,-681.1498546185605
286701,480.3886199336316
286702,267.1749473612529
286703,-195.40565926085037
286704,-100.25313661635221
286705,-525.5686867803745
286706,635.9697877718174
286707,422.7561151994388
286708,-39.82449142266455
286709,55.3280312218335
286710,377.59328917393174
286711,1539.1317637261236
286712,1325.918091153745
286713,863.3374845316416
286714,958.4900071761399
286715,825.0140278689984
286716,1986.5525024211904
286717,1773.3388298488117
286718,1310.7582232267082
286719,1405.9107458712065
286720,980.5951957071842
286721,2142.1336702593762
286722,1928.9199976869975
286723,1466.3393910648942
286724,1561.4919137093923
286725,-182.88434913766787
286726,978.6541254145242
286727,765.4404528421455
286728,302.85984622004213
286729,398.0123688645403
286730,264.53638955739876
286731,1426.0748641095906
286732,1212.861191537212
286733,750.2805849151088
286734,845.4331075596069
286735,420.1175573955845
286736,1581.6560319477767
286737,1368.442359375398
286738,905.8617527532946
286739,1001.0142753977927
286740,-216.94854456051257
286741,944.5899299916796
286742,731.3762574193008
286743,268.79565079719754
286744,363.9481734416957
286745,230.47219413455412
286746,1392.0106686867462
286747,1178.7969961143674
286748,716.2163894922642
286749,811.3689121367623
286750,386.05336197273994
286751,1547.5918365249322
286752,1334.3781639525532
286753,871.79755733045
286754,966.9500799749482
286755,-208.875206619236
286756,952.6632679329559
286757,739.4495953605772
286758,276.86898873847383
286759,372.021511382972
286760,238.54553207583058
286761,1400.0840066280225
286762,1186.8703340556438
286763,724.2897274335404
286764,819.4422500780386
286765,394.1266999140164
286766,1555.6651744662083
286767,1342.4515018938296
286768,879.8708952717263
286769,975.0234179162244
286770,-414.8068949408405
286771,746.7315796113515
286772,533.5179070389728
286773,70.93730041686945
286774,166.08982306136772
286775,32.61384375422608
286776,1194.1523183064182
286777,980.9386457340394
286778,518.358039111936
286779,613.5105617564343
286780,188.1950115924119
286781,1349.7334861446038
286782,1136.5198135722253
286783,673.9392069501218
286784,769.0917295946201
286785,-1039.6992398416244
286786,121.8392347105679
286787,-91.37443786181086
286788,-553.9550444839142
286789,-458.80252183941616
286790,-592.2785011465576
286791,569.2599734056345
286792,356.0463008332558
286793,-106.53430578884752
286794,-11.381783144349356
286795,-436.69733330837175
286796,724.8411412438203
286797,511.6274686714416
286798,49.04686204933819
286799,144.19938469383646
286800,466.4646426459346
286801,1628.0031171981268
286802,1414.7894446257478
286803,952.2088380036446
286804,1047.3613606481429
286805,913.8853813410012
286806,2075.423855893193
286807,1862.2101833208146
286808,1399.6295766987114
286809,1494.7820993432094
286810,1069.466549179187
286811,2231.005023731379
286812,2017.7913511590004
286813,1555.210744536897
286814,1650.3632671813953
286815,-94.0129956656649
286816,1067.525478886527
286817,854.3118063141483
286818,391.73119969204504
286819,486.8837223365432
286820,353.4077430294016
286821,1514.9462175815938
286822,1301.7325450092148
286823,839.1519383871116
286824,934.3044610316098
286825,508.9889108675875
286826,1670.5273854197796
286827,1457.313712847401
286828,994.7331062252974
286829,1089.8856288697957
286830,-204.60929608723654
286831,956.9291784649554
286832,743.7155058925766
286833,281.1348992704734
286834,376.2874219149715
286835,242.81144260782997
286836,1404.349917160022
286837,1191.1362445876432
286838,728.55563796554
286839,823.7081606100381
286840,398.3926104460158
286841,1559.9310849982078
286842,1346.717412425829
286843,884.1368058037258
286844,979.289328448224
286845,-196.53595814596042
286846,965.0025164062317
286847,751.788843833853
286848,289.20823721174963
286849,384.3607598562478
286850,250.88478054910632
286851,1412.4232551012983
286852,1199.2095825289196
286853,736.6289759068162
286854,831.7814985513144
286855,406.46594838729203
286856,1568.0044229394841
286857,1354.7907503671054
286858,892.210143745002
286859,987.3626663895002
286860,-402.4676464675647
286861,759.0708280846274
286862,545.8571555122487
286863,83.27654889014536
286864,178.42907153464353
286865,44.953092227501884
286866,1206.491566779694
286867,993.2778942073153
286868,530.6972875852119
286869,625.8498102297101
286870,200.53426006568782
286871,1362.0727346178799
286872,1148.859062045501
286873,686.2784554233978
286874,781.4309780678959
286875,-1027.3599913683481
286876,134.1784831838437
286877,-79.03518938853495
286878,-541.6157960106382
286879,-446.46327336614013
286880,-579.9392526732815
286881,581.5992218789104
286882,368.38554930653163
286883,-94.19505731557172
286884,0.9574653289264461
286885,-424.35808483509595
286886,737.1803897170962
286887,523.9667171447174
286888,61.3861105226141
286889,156.53863316711227
286890,478.8038911192105
286891,1640.3423656714026
286892,1427.1286930990236
286893,964.5480864769204
286894,1059.7006091214187
286895,926.224629814277
286896,2087.7631043664687
286897,1874.5494317940904
286898,1411.968825171987
286899,1507.121347816485
286900,1081.8057976524628
286901,2243.3442722046548
286902,2030.1305996322762
286903,1567.5499930101728
286904,1662.702515654671
286905,-81.6737471923891
286906,1079.8647273598028
286907,866.6510547874241
286908,404.07044816532084
286909,499.222970809819
286910,365.7469915026774
286911,1527.2854660548696
286912,1314.0717934824906
286913,851.4911868603874
286914,946.6437095048856
286915,521.3281593408633
286916,1682.8666338930552
286917,1469.6529613206767
286918,1007.0723546985732
286919,1102.2248773430715
286920,-355.1684274902002
286921,806.370047061992
286922,593.1563744896132
286923,130.57576786750985
286924,225.72829051200802
286925,92.25231120486649
286926,1253.7907857570585
286927,1040.5771131846798
286928,577.9965065625765
286929,673.1490292070746
286930,247.8334790430523
286931,1409.3719535952443
286932,1196.1582810228656
286933,733.5776744007624
286934,828.7301970452605
286935,-347.09508954892385
286936,814.4433850032682
286937,601.2297124308895
286938,138.6491058087861
286939,233.80162845328437
286940,100.32564914614284
286941,1261.8641236983349
286942,1048.6504511259561
286943,586.0698445038528
286944,681.2223671483509
286945,255.90681698432866
286946,1417.4452915365207
286947,1204.231618964142
286948,741.6510123420386
286949,836.8035349865368
286950,-553.0267778705281
286951,608.5116966816639
286952,395.2980241092853
286953,-67.28258251281807
286954,27.869940131680096
286955,-105.60603917546155
286956,1055.9324353767306
286957,842.7187628043517
286958,380.1381561822484
286959,475.29067882674656
286960,49.97512866272427
286961,1211.5136032149162
286962,998.2999306425376
286963,535.7193240204342
286964,630.8718466649325
286965,-1177.919122771312
286966,-16.380648219119735
286967,-229.5943207914985
286968,-692.1749274136018
286969,-597.0224047691038
286970,-730.4983840762452
286971,431.04009047594684
286972,217.82641790356809
286973,-244.75418871853526
286974,-149.6016660740371
286975,-574.9172162380594
286976,586.6212583141327
286977,373.407585741754
286978,-89.17302088034944
286979,5.979501764148722
286980,328.24475971624696
286981,1489.783234268439
286982,1276.5695616960602
286983,813.988955073957
286984,909.141477718455
286985,775.6654984113136
286986,1937.2039729635055
286987,1723.9903003911268
286988,1261.4096937690235
286989,1356.5622164135216
286990,931.2466662494994
286991,2092.7851408016913
286992,1879.5714682293128
286993,1416.9908616072094
286994,1512.1433842517076
286995,-232.23287859535253
286996,929.3055959568394
286997,716.0919233844606
286998,253.5113167623573
286999,348.66383940685546
287000,215.18786009971393
287001,1376.726334651906
287002,1163.5126620795272
287003,700.932055457424
287004,796.0845781019221
287005,370.76902793789986
287006,1532.3075024900918
287007,1319.0938299177133
287008,856.5132232956098
287009,951.665745940108
287010,-342.8291790169244
287011,818.7092955352678
287012,605.495622962889
287013,142.91501634078566
287014,238.06753898528382
287015,104.59155967814218
287016,1266.1300342303343
287017,1052.9163616579556
287018,590.3357550358522
287019,685.4882776803504
287020,260.1727275163281
287021,1421.7112020685202
287022,1208.4975294961414
287023,745.9169228740382
287024,841.0694455185363
287025,-334.75584107564805
287026,826.782633476544
287027,613.5689609041654
287028,150.9883542820619
287029,246.1408769265601
287030,112.66489761941853
287031,1274.2033721716107
287032,1060.989699599232
287033,598.4090929771286
287034,693.5616156216267
287035,268.24606545760446
287036,1429.7845400097963
287037,1216.5708674374177
287038,753.9902608153145
287039,849.1427834598126
287040,-540.6875293972523
287041,620.8509451549396
287042,407.63727258256097
287043,-54.94333403954238
287044,40.2091886049559
287045,-93.26679070218574
287046,1068.2716838500062
287047,855.0580112776275
287048,392.4774046555242
287049,487.62992730002236
287050,62.314377136000076
287051,1223.8528516881922
287052,1010.6391791158135
287053,548.05857249371
287054,643.2110951382083
287055,-1165.579874298036
287056,-4.041399745844046
287057,-217.25507231822257
287058,-679.835678940326
287059,-584.6831562958278
287060,-718.1591356029694
287061,443.37933894922264
287062,230.165666376844
287063,-232.41494024525934
287064,-137.26241760076118
287065,-562.5779677647836
287066,598.9605067874085
287067,385.74683421502976
287068,-76.83377240707364
287069,18.318750237424638
287070,340.5840081895227
287071,1502.1224827417147
287072,1288.908810169336
287073,826.3282035472328
287074,921.4807261917309
287075,788.0047468845894
287076,1949.5432214367813
287077,1736.3295488644028
287078,1273.7489422422993
287079,1368.9014648867976
287080,943.5859147227752
287081,2105.124389274967
287082,1891.9107167025884
287083,1429.3301100804852
287084,1524.4826327249834
287085,-219.89363012207696
287086,941.6448444301152
287087,728.4311718577364
287088,265.8505652356331
287089,361.00308788013126
287090,227.52710857298973
287091,1389.0655831251818
287092,1175.851910552803
287093,713.2713039306998
287094,808.423826575198
287095,383.10827641117555
287096,1544.6467509633676
287097,1331.433078390989
287098,868.8524717688856
287099,964.0049944133838
287100,-330.4899305436486
287101,831.0485440085436
287102,617.8348714361648
287103,155.25426481406146
287104,250.40678745855962
287105,116.93080815141798
287106,1278.4692827036101
287107,1065.2556101312314
287108,602.675003509128
287109,697.8275261536262
287110,272.5119759896039
287111,1434.0504505417962
287112,1220.8367779694172
287113,758.256171347314
287114,853.4086939918121
287115,-322.41659260237225
287116,839.1218819498198
287117,625.9082093774412
287118,163.3276027553377
287119,258.4801253998359
287120,125.00414609269433
287121,1286.5426206448865
287122,1073.3289480725077
287123,610.7483414504044
287124,705.9008640949025
287125,280.58531393088026
287126,1442.1237884830725
287127,1228.9101159106935
287128,766.3295092885902
287129,861.4820319330884
287130,-528.3482809239765
287131,633.1901936282155
287132,419.97652105583677
287133,-42.60408556626646
287134,52.5484370782317
287135,-80.92754222891006
287136,1080.6109323232822
287137,867.3972597509033
287138,404.8166531288
287139,499.96917577329816
287140,74.65362560927588
287141,1236.1921001614678
287142,1022.9784275890893
287143,560.3978209669858
287144,655.5503436114841
287145,-1153.2406258247604
287146,8.29784872743187
287147,-204.91582384494689
287148,-667.4964304670502
287149,-572.3439078225522
287150,-705.8198871296936
287151,455.7185874224985
287152,242.5049148501198
287153,-220.07569177198354
287154,-124.92316912748538
287155,-550.2387192915078
287156,611.2997552606843
287157,398.0860826883055
287158,-64.49452393379772
287159,30.65799871070044
287160,352.9232566627985
287161,1514.4617312149908
287162,1301.2480586426118
287163,838.6674520205086
287164,933.8199746650067
287165,800.3439953578651
287166,1961.8824699100571
287167,1748.6687973376784
287168,1286.0881907155751
287169,1381.2407133600732
287170,955.925163196051
287171,2117.463637748243
287172,1904.2499651758644
287173,1441.669358553761
287174,1536.8218811982592
287175,-207.55438164880104
287176,953.984092903391
287177,740.7704203310122
287178,278.18981370890896
287179,373.3423363534071
287180,239.86635704626553
287181,1401.4048315984578
287182,1188.1911590260788
287183,725.6105524039756
287184,820.7630750484738
287185,395.44752488445147
287186,1556.9859994366436
287187,1343.7723268642649
287188,881.1917202421614
287189,976.3442428866596
287190,-318.1506820703728
287191,843.3877924818194
287192,630.1741199094406
287193,167.59351328733726
287194,262.7460359318354
287195,129.2700566246939
287196,1290.808531176886
287197,1077.5948586045072
287198,615.0142519824038
287199,710.166774626902
287200,284.8512244628797
287201,1446.3896990150718
287202,1233.176026442693
287203,770.5954198205898
287204,865.7479424650879
287205,-310.07734412909645
287206,851.4611304230956
287207,638.247457850717
287208,175.6668512286135
287209,270.8193738731117
287210,137.34339456597024
287211,1298.8818691181623
287212,1085.6681965457835
287213,623.0875899236802
287214,718.2401125681783
287215,292.92456240415606
287216,1454.463036956348
287217,1241.2493643839694
287218,778.668757761866
287219,873.8212804063642
287220,-516.0090324507007
287221,645.5294421014913
287222,432.31576952911263
287223,-30.26483709299066
287224,64.8876855515075
287225,-68.58829375563414
287226,1092.950180796558
287227,879.7365082241791
287228,417.1559016020758
287229,512.308424246574
287230,86.99287408255168
287231,1248.5313486347436
287232,1035.317676062365
287233,572.7370694402616
287234,667.8895920847598
287235,-1140.9013773514841
287236,20.63709720070767
287237,-192.57657537167108
287238,-655.1571819937742
287239,-560.0046593492762
287240,-693.4806386564178
287241,468.05783589577425
287242,254.8441633233955
287243,-207.73644329870785
287244,-112.58392065420969
287245,-537.899470818232
287246,623.63900373396
287247,410.42533116158137
287248,-52.155275460522034
287249,42.99724718397613
287250,365.26250513607437
287251,1526.8009796882664
287252,1313.5873071158876
287253,851.0067004937844
287254,946.1592231382824
287255,812.683243831141
287256,1974.221718383333
287257,1761.0080458109542
287258,1298.427439188851
287259,1393.579961833349
287260,968.2644116693268
287261,2129.8028862215187
287262,1916.5892136491402
287263,1454.0086070270368
287264,1549.161129671535
287265,-195.21513317552535
287266,966.3233413766668
287267,753.109668804288
287268,290.5290621821847
287269,385.68158482668287
287270,252.20560551954134
287271,1413.7440800717334
287272,1200.5304074993546
287273,737.9498008772514
287274,833.1023235217496
287275,407.78677335772716
287276,1569.3252479099192
287277,1356.1115753375407
287278,893.5309687154372
287279,988.6834913599354
287280,-305.811433597097
287281,855.727040955095
287282,642.5133683827164
287283,179.93276176061306
287284,275.08528440511117
287285,141.6093050979697
287286,1303.1477796501617
287287,1089.934107077783
287288,627.3535004556796
287289,722.5060231001778
287290,297.1904729361555
287291,1458.7289474883476
287292,1245.5152749159688
287293,782.9346682938656
287294,878.0871909383637
287295,-297.73809565582064
287296,863.8003788963714
287297,650.5867063239926
287298,188.0060997018893
287299,283.15862234638746
287300,149.68264303924605
287301,1311.221117591438
287302,1098.0074450190593
287303,635.426838396956
287304,730.5793610414541
287305,305.26381087743187
287306,1466.8022854296237
287307,1253.5886128572452
287308,791.0080062351418
287309,886.16052887964
287310,-503.6697839774249
287311,657.868690574767
287312,444.6550180023884
287313,-17.925588619714972
287314,77.22693402478319
287315,-56.24904528235834
287316,1105.2894292698336
287317,892.075756697455
287318,429.4951500753516
287319,524.6476727198498
287320,99.33212255582748
287321,1260.8705971080196
287322,1047.6569245356409
287323,585.0763179135374
287324,680.2288405580356
287325,-1128.5621288782086
287326,32.97634567398336
287327,-180.23732689839528
287328,-642.8179335204986
287329,-547.6654108760004
287330,-681.141390183142
287331,480.39708436905005
287332,267.18341179667135
287333,-195.39719482543194
287334,-100.24467218093378
287335,-525.5602223449562
287336,635.9782522072359
287337,422.76457963485717
287338,-39.81602698724623
287339,55.33649565725193
287340,377.6017536093501
287341,1539.1402281615422
287342,1325.9265555891634
287343,863.34594896706
287344,958.4984716115582
287345,825.0224923044168
287346,1986.5609668566087
287347,1773.34729428423
287348,1310.7666876621267
287349,1405.9192103066248
287350,980.6036601426026
287351,2142.1421346947945
287352,1928.9284621224158
287353,1466.3478555003126
287354,1561.5003781448108
287355,-182.87588470224955
287356,978.6625898499426
287357,765.4489172775639
287358,302.8683106554605
287359,398.02083329995867
287360,264.54485399281714
287361,1426.0833285450092
287362,1212.8696559726304
287363,750.2890493505272
287364,845.4415719950254
287365,420.12602183100296
287366,1581.664496383195
287367,1368.4508238108165
287368,905.870217188713
287369,1001.0227398332112
287370,-216.94008012509403
287371,944.598394427098
287372,731.3847218547193
287373,268.80411523261597
287374,363.95663787711413
287375,230.48065856997243
287376,1392.0191331221645
287377,1178.805460549786
287378,716.2248539276825
287379,811.3773765721808
287380,386.0618264081583
287381,1547.6003009603505
287382,1334.3866283879718
287383,871.8060217658683
287384,966.9585444103666
287385,-208.86674218381768
287386,952.6717323683743
287387,739.4580597959955
287388,276.87745317389226
287389,372.0299758183904
287390,238.5539965112489
287391,1400.0924710634408
287392,1186.8787984910623
287393,724.2981918689588
287394,819.450714513457
287395,394.1351643494348
287396,1555.6736389016266
287397,1342.4599663292481
287398,879.8793597071447
287399,975.0318823516428
287400,-414.7984305054222
287401,746.74004404677
287402,533.5263714743912
287403,70.945764852288
287404,166.09828749678616
287405,32.6223081896444
287406,1194.1607827418366
287407,980.9471101694578
287408,518.3665035473546
287409,613.5190261918526
287410,188.20347602783033
287411,1349.7419505800226
287412,1136.5282780076436
287413,673.9476713855403
287414,769.1001940300384
287415,-1039.6907754062056
287416,121.84769914598633
287417,-91.36597342639232
287418,-553.9465800484957
287419,-458.7940574039976
287420,-592.270036711139
287421,569.2684378410529
287422,356.05476526867415
287423,-106.52584135342909
287424,-11.373318708930924
287425,-436.68886887295344
287426,724.8496056792387
287427,511.63593310686
287428,49.05532648475673
287429,144.2078491292549
287430,466.473107081353
287431,1628.0115816335451
287432,1414.7979090611664
287433,952.2173024390631
287434,1047.3698250835612
287435,913.8938457764195
287436,2075.4323203286117
287437,1862.218647756233
287438,1399.6380411341297
287439,1494.7905637786278
287440,1069.4750136146054
287441,2231.0134881667973
287442,2017.799815594419
287443,1555.2192089723155
287444,1650.3717316168136
287445,-94.00453123024658
287446,1067.5339433219456
287447,854.3202707495668
287448,391.73966412746347
287449,486.89218677196163
287450,353.41620746482005
287451,1514.9546820170121
287452,1301.7410094446334
287453,839.16040282253
287454,934.3129254670282
287455,508.99737530300587
287456,1670.535849855198
287457,1457.3221772828192
287458,994.7415706607159
287459,1089.894093305214
287460,-204.60083165181823
287461,956.9376429003738
287462,743.7239703279951
287463,281.1433637058918
287464,376.2958863503899
287465,242.81990704324835
287466,1404.3583815954403
287467,1191.1447090230618
287468,728.5641024009583
287469,823.7166250454566
287470,398.4010748814342
287471,1559.939549433626
287472,1346.7258768612473
287473,884.1452702391442
287474,979.2977928836424
287475,-196.527493710542
287476,965.01098084165
287477,751.7973082692713
287478,289.21670164716807
287479,384.3692242916662
287480,250.8932449845247
287481,1412.4317195367166
287482,1199.218046964338
287483,736.6374403422346
287484,831.7899629867328
287485,406.47441282271046
287486,1568.0128873749024
287487,1354.7992148025237
287488,892.2186081804205
287489,987.3711308249186
287490,-402.45918203214615
287491,759.0792925200458
287492,545.865619947667
287493,83.2850133255638
287494,178.43753597006196
287495,44.961556662920316
287496,1206.5000312151124
287497,993.2863586427336
287498,530.7057520206304
287499,625.8582746651284
287500,200.54272450110625
287501,1362.0811990532982
287502,1148.8675264809194
287503,686.2869198588162
287504,781.4394425033142
287505,-1027.3515269329298
287506,134.18694761926213
287507,-79.02672495311663
287508,-541.6073315752199
287509,-446.4548089307218
287510,-579.9307882378632
287511,581.6076863143287
287512,368.39401374195006
287513,-94.1865928801534
287514,0.9659297643447644
287515,-424.34962039967763
287516,737.1888541525145
287517,523.9751815801358
287518,61.39457495803242
287519,156.54709760253058
287520,478.8123555546289
287521,1640.350830106821
287522,1427.1371575344422
287523,964.5565509123388
287524,1059.709073556837
287525,926.2330942496955
287526,2087.771568801887
287527,1874.5578962295087
287528,1411.9772896074055
287529,1507.1298122519036
287530,1081.8142620878814
287531,2243.352736640073
287532,2030.1390640676946
287533,1567.5584574455913
287534,1662.7109800900894
287535,-81.66528275697078
287536,1079.8731917952214
287537,866.6595192228425
287538,404.0789126007392
287539,499.2314352452374
287540,365.7554559380958
287541,1527.293930490288
287542,1314.0802579179092
287543,851.4996512958058
287544,946.652173940304
287545,521.3366237762816
287546,1682.8750983284735
287547,1469.661425756095
287548,1007.0808191339917
287549,1102.2333417784898
287550,-356.1437179058739
287551,805.3947566463181
287552,592.1810840739394
287553,129.600477451836
287554,224.75300009633418
287555,91.27702078919265
287556,1252.8154953413848
287557,1039.601822769006
287558,577.0212161469026
287559,672.1737387914009
287560,246.85818862737858
287561,1408.3966631795706
287562,1195.1829906071919
287563,732.6023839850885
287564,827.7549066295867
287565,-348.0703799645976
287566,813.4680945875945
287567,600.2544220152157
287568,137.67381539311236
287569,232.82633803761053
287570,99.350358730469
287571,1260.888833282661
287572,1047.6751607102824
287573,585.0945540881789
287574,680.2470767326771
287575,254.93152656865493
287576,1416.470001120847
287577,1203.2563285484682
287578,740.6757219263648
287579,835.828244570863
287580,-554.0020682862018
287581,607.5364062659901
287582,394.3227336936114
287583,-68.2578729284919
287584,26.894649716006256
287585,-106.58132959113539
287586,1054.9571449610567
287587,841.7434723886779
287588,379.1628657665746
287589,474.3153884110728
287590,48.99983824705055
287591,1210.5383127992427
287592,997.3246402268638
287593,534.7440336047605
287594,629.8965562492587
287595,-1178.8944131869855
287596,-17.355938634793574
287597,-230.56961120717222
287598,-693.1502178292756
287599,-597.9976951847773
287600,-731.4736744919189
287601,430.06480006027306
287602,216.85112748789436
287603,-245.729479134209
287604,-150.57695648971082
287605,-575.8925066537331
287606,585.6459678984588
287607,372.4322953260801
287608,-90.14831129602317
287609,5.004211348474996
287610,327.2694693005732
287611,1488.8079438527652
287612,1275.5942712803865
287613,813.013664658283
287614,908.1661873027813
287615,774.6902079956398
287616,1936.2286825478318
287617,1723.015009975453
287618,1260.4344033533498
287619,1355.5869259978479
287620,930.2713758338257
287621,2091.8098503860174
287622,1878.5961778136389
287623,1416.0155711915354
287624,1511.1680938360337
287625,-233.20816901102648
287626,928.3303055411656
287627,715.1166329687869
287628,252.53602634668346
287629,347.6885489911817
287630,214.2125696840402
287631,1375.7510442362322
287632,1162.5373716638535
287633,699.9567650417501
287634,795.1092876862483
287635,369.793737522226
287636,1531.332212074418
287637,1318.1185395020393
287638,855.537932879936
287639,950.6904555244341
287640,-343.8044694325981
287641,817.7340051195939
287642,604.5203325472152
287643,141.93972592511182
287644,237.09224856960998
287645,103.61626926246845
287646,1265.1547438146606
287647,1051.9410712422819
287648,589.3604646201784
287649,684.5129872646767
287650,259.1974371006543
287651,1420.7359116528464
287652,1207.5222390804677
287653,744.9416324583643
287654,840.0941551028625
287655,-335.7311314913218
287656,825.8073430608702
287657,612.5936704884914
287658,150.01306386638817
287659,245.16558651088627
287660,111.6896072037448
287661,1273.2280817559367
287662,1060.0144091835582
287663,597.4338025614547
287664,692.5863252059529
287665,267.2707750419307
287666,1428.8092495941228
287667,1215.595577021744
287668,753.0149703996406
287669,848.1674930441388
287670,-541.662819812926
287671,619.8756547392659
287672,406.66198216688724
287673,-55.918624455216104
287674,39.23389818928206
287675,-94.24208111785958
287676,1067.2963934343325
287677,854.0827208619537
287678,391.5021142398504
287679,486.6546368843486
287680,61.33908672032635
287681,1222.8775612725183
287682,1009.6638887001396
287683,547.0832820780363
287684,642.2358047225345
287685,-1166.5551647137097
287686,-5.016690161517772
287687,-218.23036273389653
287688,-680.8109693559998
287689,-585.6584467115017
287690,-719.1344260186431
287691,442.4040485335489
287692,229.19037596117005
287693,-233.39023066093318
287694,-138.23770801643514
287695,-563.5532581804575
287696,597.9852163717347
287697,384.771543799356
287698,-77.80906282274748
287699,17.343459821750685
287700,339.6087177738489
287701,1501.147192326041
287702,1287.9335197536623
287703,825.3529131315588
287704,920.5054357760571
287705,787.0294564689156
287706,1948.5679310211076
287707,1735.3542584487288
287708,1272.7736518266256
287709,1367.9261744711239
287710,942.6106243071015
287711,2104.1490988592936
287712,1890.935426286915
287713,1428.3548196648114
287714,1523.5073423093097
287715,-220.86892053775068
287716,940.6695540144414
287717,727.4558814420626
287718,264.87527481995926
287719,360.0277974644574
287720,226.5518181573159
287721,1388.090292709508
287722,1174.8766201371293
287723,712.296013515026
287724,807.4485361595241
287725,382.13298599550177
287726,1543.671460547694
287727,1330.4577879753151
287728,867.8771813532118
287729,963.0297039977099
287730,-331.46522095932255
287731,830.0732535928697
287732,616.859581020491
287733,154.27897439838762
287734,249.43149704288578
287735,115.95551773574425
287736,1277.4939922879362
287737,1064.2803197155577
287738,601.6997130934542
287739,696.8522357379525
287740,271.5366855739301
287741,1433.0751601261222
287742,1219.8614875537435
287743,757.2808809316401
287744,852.4334035761383
287745,-323.3918830180462
287746,838.1465915341461
287747,624.9329189617672
287748,162.35231233966385
287749,257.5048349841621
287750,124.0288556770206
287751,1285.5673302292125
287752,1072.353657656834
287753,609.7730510347305
287754,704.9255736792287
287755,279.6100235152064
287756,1441.1484980673986
287757,1227.9348254950198
287758,765.3542188729164
287759,860.5067415174145
287760,-529.3235713396505
287761,632.2149032125417
287762,419.00123064016293
287763,-43.579375981940416
287764,51.57314666255775
287765,-81.9028326445839
287766,1079.6356419076083
287767,866.4219693352295
287768,403.84136271312616
287769,498.9938853576243
287770,73.67833519360204
287771,1235.216809745794
287772,1022.0031371734153
287773,559.422530551312
287774,654.5750531958101
287775,-1154.2159162404341
287776,7.32255831175803
287777,-205.89111426062072
287778,-668.4717208827242
287779,-573.3191982382259
287780,-706.7951775453673
287781,454.7432970068246
287782,241.5296244344459
287783,-221.05098218765738
287784,-125.89845954315922
287785,-551.2140097071817
287786,610.3244648450104
287787,397.1107922726317
287788,-65.46981434947168
287789,29.682708295026487
287790,351.94796624712467
287791,1513.4864407993168
287792,1300.272768226938
287793,837.6921616048346
287794,932.8446842493329
287795,799.3687049421914
287796,1960.9071794943834
287797,1747.6935069220046
287798,1285.1129002999014
287799,1380.2654229443997
287800,954.9498727803772
287801,2116.488347332569
287802,1903.2746747601907
287803,1440.694068138087
287804,1535.8465907825853
287805,-208.52967206447488
287806,953.0088024877173
287807,739.7951299153384
287808,277.21452329323506
287809,372.3670459377332
287810,238.8910666305918
287811,1400.4295411827839
287812,1187.215868610405
287813,724.6352619883017
287814,819.7877846327999
287815,394.47223446877763
287816,1556.0107090209697
287817,1342.797036448591
287818,880.2164298264876
287819,975.3689524709857
287820,-319.1259724860465
287821,842.4125020661455
287822,629.1988294937668
287823,166.61822287166342
287824,261.7707455161616
287825,128.29476620902005
287826,1289.833240761212
287827,1076.6195681888335
287828,614.03896156673
287829,709.1914842112283
287830,283.875934047206
287831,1445.414408599398
287832,1232.2007360270193
287833,769.6201294049159
287834,864.7726520494141
287835,-311.05263454477017
287836,850.4858400074218
287837,637.2721674350431
287838,174.69156081293977
287839,269.84408345743793
287840,136.3681041502964
287841,1297.9065787024883
287842,1084.6929061301098
287843,622.1122995080063
287844,717.2648221525045
287845,291.94927198848234
287846,1453.4877465406744
287847,1240.2740739682956
287848,777.6934673461922
287849,872.8459899906904
287850,-516.9843228663744
287851,644.5541516858175
287852,431.3404791134388
287853,-31.2401275086645
287854,63.91239513583366
287855,-69.56358417130798
287856,1091.974890380884
287857,878.7612178085053
287858,416.180611186402
287859,511.3331338309001
287860,86.01758366687795
287861,1247.55605821907
287862,1034.3423856466911
287863,571.7617790245878
287864,666.9143016690861
287865,-1141.876667767158
287866,19.661806785033832
287867,-193.5518657873448
287868,-656.1324724094482
287869,-560.9799497649501
287870,-694.4559290720915
287871,467.08254548010046
287872,253.86887290772177
287873,-208.71173371438158
287874,-113.55921106988342
287875,-538.8747612339057
287876,622.6637133182862
287877,409.4500407459076
287878,-53.13056587619576
287879,42.0219567683024
287880,364.2872147204006
287881,1525.8256892725926
287882,1312.6120167002139
287883,850.0314100781104
287884,945.1839327226087
287885,811.7079534154672
287886,1973.2464279676592
287887,1760.0327553952804
287888,1297.4521487731772
287889,1392.6046714176753
287890,967.2891212536531
287891,2128.827595805845
287892,1915.6139232334665
287893,1453.0333166113628
287894,1548.185839255861
287895,-196.19042359119908
287896,965.348050960993
287897,752.1343783886143
287898,289.55377176651086
287899,384.7062944110091
287900,251.23031510386755
287901,1412.7687896560597
287902,1199.555117083681
287903,736.9745104615776
287904,832.1270331060757
287905,406.81148294205343
287906,1568.3499574942455
287907,1355.1362849218667
287908,892.5556782997634
287909,987.7082009442615
287910,-306.7867240127707
287911,854.7517505394213
287912,641.5380779670426
287913,178.95747134493922
287914,274.1099939894374
287915,140.63401468229586
287916,1302.172489234488
287917,1088.9588166621093
287918,626.3782100400058
287919,721.5307326845041
287920,296.21518252048173
287921,1457.7536570726738
287922,1244.539984500295
287923,781.9593778781917
287924,877.1119005226899
287925,-298.71338607149437
287926,862.8250884806976
287927,649.6114159083188
287928,187.03080928621546
287929,282.1833319307137
287930,148.7073526235722
287931,1310.2458271757641
287932,1097.0321546033856
287933,634.4515479812821
287934,729.6040706257803
287935,304.2885204617581
287936,1465.8269950139502
287937,1252.6133224415714
287938,790.032715819468
287939,885.1852384639662
287940,-504.64507439309864
287941,656.8934001590933
287942,443.6797275867146
287943,-18.900879035388698
287944,76.25164360910946
287945,-57.22433569803218
287946,1104.3141388541599
287947,891.1004662817811
287948,428.5198596596778
287949,523.6723823041759
287950,98.35683214015376
287951,1259.8953066923457
287952,1046.681634119967
287953,584.1010274978637
287954,679.2535501423619
287955,-1129.5374192938823
287956,32.001055258309634
287957,-181.21261731406912
287958,-643.7932239361724
287959,-548.6407012916743
287960,-682.1166805988157
287961,479.4217939533763
287962,266.20812138099745
287963,-196.3724852411059
287964,-101.21996259660773
287965,-526.5355127606301
287966,635.0029617915621
287967,421.78928921918333
287968,-40.79131740292007
287969,54.36120524157809
287970,376.62646319367633
287971,1538.1649377458684
287972,1324.9512651734897
287973,862.3706585513862
287974,957.5231811958845
287975,824.047201888743
287976,1985.585676440935
287977,1772.3720038685562
287978,1309.791397246453
287979,1404.943919890951
287980,979.6283697269289
287981,2141.1668442791206
287982,1927.953171706742
287983,1465.3725650846388
287984,1560.5250877291369
287985,-183.85117511792328
287986,977.6872994342688
287987,764.47362686189
287988,301.89302023978667
287989,397.0455428842848
287990,263.56956357714336
287991,1425.1080381293355
287992,1211.8943655569567
287993,749.3137589348534
287994,844.4662815793515
287995,419.1507314153292
287996,1580.6892059675215
287997,1367.4755333951425
287998,904.8949267730392
287999,1000.0474494175373
288000,-217.91537054076798
288001,943.6231040114242
288002,730.4094314390454
288003,267.8288248169421
288004,362.98134746144024
288005,229.5053681542987
288006,1391.0438427064908
288007,1177.830170134112
288008,715.2495635120088
288009,810.4020861565069
288010,385.0865359924845
288011,1546.6250105446766
288012,1333.411337972298
288013,870.8307313501946
288014,965.9832539946927
288015,-209.84203259949163
288016,951.6964419527005
288017,738.4827693803217
288018,275.90216275821837
288019,371.0546854027166
288020,237.57870609557506
288021,1399.1171806477669
288022,1185.9035080753883
288023,723.322901453285
288024,818.4754240977832
288025,393.1598739337609
288026,1554.698348485953
288027,1341.4846759135742
288028,878.9040692914708
288029,974.056591935969
288030,-415.7737209210959
288031,745.7647536310961
288032,532.5510810587174
288033,69.97047443661404
288034,165.12299708111232
288035,31.647017773970674
288036,1193.1854923261628
288037,979.971819753784
288038,517.3912131316806
288039,612.5437357761788
288040,187.2281856121565
288041,1348.7666601643487
288042,1135.55298759197
288043,672.9723809698664
288044,768.1249036143647
288045,-1040.6660658218796
288046,120.87240873031249
288047,-92.34126384206627
288048,-554.9218704641696
288049,-459.76934781967134
288050,-593.245327126813
288051,568.2931474253791
288052,355.07947485300036
288053,-107.50113176910293
288054,-12.348609124604764
288055,-437.66415928862716
288056,723.8743152635649
288057,510.6606426911862
288058,48.08003606908278
288059,143.23255871358106
288060,465.4978166656792
288061,1627.0362912178714
288062,1413.8226186454926
288063,951.2420120233892
288064,1046.3945346678875
288065,912.9185553607458
288066,2074.457029912938
288067,1861.2433573405592
288068,1398.6627507184558
288069,1493.815273362954
288070,1068.4997231989316
288071,2230.0381977511233
288072,2016.824525178745
288073,1554.2439185566416
288074,1649.3964412011399
288075,-94.97982164592031
288076,1066.5586529062716
288077,853.3449803338929
288078,390.7643737117896
288079,485.91689635628774
288080,352.44091704914626
288081,1513.9793916013382
288082,1300.7657190289597
288083,838.1851124068562
288084,933.3376350513544
288085,508.0220848873321
288086,1669.560559439524
288087,1456.3468868671453
288088,993.766280245042
288089,1088.91880288954
288090,-205.57612206749195
288091,955.9623524847
288092,742.7486799123212
288093,280.16807329021793
288094,375.3205959347161
288095,241.84461662757457
288096,1403.3830911797666
288097,1190.1694186073878
288098,727.5888119852846
288099,822.7413346297827
288100,397.42578446576044
288101,1558.9642590179524
288102,1345.7505864455738
288103,883.1699798234704
288104,978.3225024679685
288105,-197.50278412621583
288106,964.0356904259763
288107,750.8220178535976
288108,288.2414112314942
288109,383.3939338759924
288110,249.9179545688508
288111,1411.456429121043
288112,1198.2427565486641
288113,735.6621499265608
288114,830.814672571059
288115,405.4991224070367
288116,1567.0375969592287
288117,1353.82392438685
288118,891.2433177647466
288119,986.3958404092448
288120,-403.43447244781987
288121,758.104002104372
288122,544.8903295319932
288123,82.30972290988984
288124,177.46224555438812
288125,43.986266247246476
288126,1205.5247407994386
288127,992.3110682270598
288128,529.7304616049564
288129,624.8829842494546
288130,199.5674340854324
288131,1361.1059086376245
288132,1147.8922360652457
288133,685.3116294431422
288134,780.4641520876405
288135,-1028.3268173486038
288136,133.2116572035883
288137,-80.00201536879047
288138,-542.5826219908938
288139,-447.43009934639576
288140,-580.9060786535372
288141,580.632395898655
288142,367.4187233262762
288143,-95.16188329582712
288144,-0.009360651328961467
288145,-425.32491081535113
288146,736.2135637368407
288147,522.999891164462
288148,60.41928454235858
288149,155.57180718685686
288150,477.8370651389551
288151,1639.375539691147
288152,1426.1618671187684
288153,963.581260496665
288154,1058.7337831411633
288155,925.2578038340216
288156,2086.796278386214
288157,1873.582605813835
288158,1411.0019991917316
288159,1506.1545218362298
288160,1080.8389716722077
288161,2242.3774462243996
288162,2029.1637736520208
288163,1566.5831670299174
288164,1661.7356896744157
288165,-82.64057317264451
288166,1078.8979013795474
288167,865.6842288071687
288168,403.1036221850654
288169,498.2561448295636
288170,364.780165522422
288171,1526.318640074614
288172,1313.1049675022355
288173,850.524360880132
288174,945.6768835246302
288175,520.3613333606079
288176,1681.8998079128
288177,1468.686135340421
288178,1006.1055287183178
288179,1101.2580513628159
288180,-356.1352534704556
288181,805.4032210817364
288182,592.1895485093578
288183,129.60894188725445
288184,224.7614645317526
288185,91.28548522461108
288186,1252.8239597768031
288187,1039.6102872044244
288188,577.029680582321
288189,672.1822032268192
288190,246.86665306279696
288191,1408.405127614989
288192,1195.1914550426102
288193,732.610848420507
288194,827.7633710650051
288195,-348.06191552917926
288196,813.4765590230128
288197,600.2628864506341
288198,137.68227982853068
288199,232.83480247302884
288200,99.35882316588743
288201,1260.8972977180795
288202,1047.6836251457007
288203,585.1030185235974
288204,680.2555411680955
288205,254.9399910040733
288206,1416.4784655562653
288207,1203.2647929838865
288208,740.6841863617832
288209,835.8367090062814
288210,-553.9936038507833
288211,607.5448707014084
288212,394.3311981290298
288213,-68.24940849307347
288214,26.90311415142469
288215,-106.57286515571695
288216,1054.965609396475
288217,841.7519368240963
288218,379.171330201993
288219,474.32385284649115
288220,49.008302682468866
288221,1210.546777234661
288222,997.3331046622823
288223,534.7524980401788
288224,629.9050206846771
288225,-1178.8859487515672
288226,-17.347474199375142
288227,-230.5611467717539
288228,-693.1417533938572
288229,-597.989230749359
288230,-731.4652100565006
288231,430.0732644956915
288232,216.85959192331268
288233,-245.72101469879067
288234,-150.5684920542925
288235,-575.8840422183148
288236,585.6544323338774
288237,372.44075976149855
288238,-90.13984686060485
288239,5.0126757838933145
288240,327.27793373599155
288241,1488.8164082881835
288242,1275.6027357158048
288243,813.0221290937014
288244,908.1746517381996
288245,774.6986724310582
288246,1936.2371469832503
288247,1723.0234744108716
288248,1260.4428677887681
288249,1355.5953904332664
288250,930.279840269244
288251,2091.818314821436
288252,1878.6046422490574
288253,1416.024035626954
288254,1511.1765582714522
288255,-233.19970457560817
288256,928.338769976584
288257,715.1250974042052
288258,252.5444907821019
288259,347.69701342660005
288260,214.22103411945864
288261,1375.7595086716506
288262,1162.5458360992718
288263,699.9652294771686
288264,795.1177521216667
288265,369.8022019576444
288266,1531.3406765098366
288267,1318.1270039374576
288268,855.5463973153544
288269,950.6989199598526
288270,-343.7960049971798
288271,817.7424695550123
288272,604.5287969826336
288273,141.94819036053025
288274,237.1007130050284
288275,103.62473369788688
288276,1265.163208250079
288277,1051.9495356777002
288278,589.3689290555968
288279,684.521451700095
288280,259.2059015360727
288281,1420.7443760882647
288282,1207.530703515886
288283,744.9500968937828
288284,840.1026195382809
288285,-335.72266705590346
288286,825.8158074962886
288287,612.60213492391
288288,150.02152830180648
288289,245.1740509463047
288290,111.69807163916323
288291,1273.236546191355
288292,1060.0228736189765
288293,597.4422669968732
288294,692.5947896413713
288295,267.27923947734905
288296,1428.817714029541
288297,1215.6040414571623
288298,753.023434835059
288299,848.1759574795572
288300,-541.6543553775077
288301,619.8841191746843
288302,406.67044660230556
288303,-55.910160019797786
288304,39.24236262470038
288305,-94.23361668244115
288306,1067.3048578697508
288307,854.0911852973721
288308,391.5105786752688
288309,486.66310131976695
288310,61.34755115574467
288311,1222.8860257079368
288312,1009.672353135558
288313,547.0917465134546
288314,642.2442691579529
288315,-1166.5467002782914
288316,-5.00822572609934
288317,-218.2218982984781
288318,-680.8025049205814
288319,-585.6499822760832
288320,-719.1259615832248
288321,442.41251296896723
288322,229.19884039658848
288323,-233.38176622551487
288324,-138.2292435810167
288325,-563.544793745039
288326,597.993680807153
288327,384.7800082347743
288328,-77.80059838732905
288329,17.351924257169117
288330,339.61718220926736
288331,1501.1556567614593
288332,1287.9419841890808
288333,825.3613775669774
288334,920.5139002114756
288335,787.037920904334
288336,1948.576395456526
288337,1735.3627228841474
288338,1272.782116262044
288339,1367.9346389065422
288340,942.6190887425198
288341,2104.157563294712
288342,1890.9438907223332
288343,1428.3632841002297
288344,1523.515806744728
288345,-220.86045610233236
288346,940.6780184498598
288347,727.464345877481
288348,264.8837392553777
288349,360.03626189987585
288350,226.56028259273432
288351,1388.0987571449264
288352,1174.8850845725478
288353,712.3044779504444
288354,807.4570005949425
288355,382.14145043092014
288356,1543.6799249831124
288357,1330.4662524107334
288358,867.8856457886302
288359,963.0381684331284
288360,-331.456756523904
288361,830.0817180282882
288362,616.8680454559094
288363,154.28743883380605
288364,249.4399614783042
288365,115.96398217116257
288366,1277.5024567233547
288367,1064.288784150976
288368,601.7081775288726
288369,696.8607001733708
288370,271.5451500093485
288371,1433.0836245615405
288372,1219.869951989162
288373,757.2893453670586
288374,852.4418680115566
288375,-323.38341858262766
288376,838.1550559695644
288377,624.9413833971856
288378,162.3607767750823
288379,257.5132994195805
288380,124.03732011243892
288381,1285.575794664631
288382,1072.3621220922523
288383,609.781515470149
288384,704.9340381146471
288385,279.61848795062485
288386,1441.156962502817
288387,1227.9432899304381
288388,765.3626833083348
288389,860.515205952833
288390,-529.3151069042319
288391,632.2233676479601
288392,419.00969507558136
288393,-43.570911546521984
288394,51.58161109797629
288395,-81.89436820916546
288396,1079.6441063430266
288397,866.4304337706479
288398,403.8498271485446
288399,499.00234979304275
288400,73.68679962902047
288401,1235.2252741812126
288402,1022.0116016088339
288403,559.4309949867304
288404,654.5835176312286
288405,-1154.2074518050156
288406,7.331022747176348
288407,-205.88264982520218
288408,-668.4632564473056
288409,-573.3107338028074
288410,-706.786713109949
288411,454.75176144224304
288412,241.53808886986434
288413,-221.04251775223895
288414,-125.88999510774079
288415,-551.2055452717632
288416,610.3329292804289
288417,397.11925670805016
288418,-65.46134991405324
288419,29.691172730445032
288420,351.9564306825431
288421,1513.4949052347351
288422,1300.2812326623566
288423,837.700626040253
288424,932.8531486847513
288425,799.3771693776097
288426,1960.915643929802
288427,1747.7019713574232
288428,1285.1213647353197
288429,1380.273887379818
288430,954.9583372157956
288431,2116.4968117679873
288432,1903.283139195609
288433,1440.7025325735056
288434,1535.8550552180038
288435,-208.52120762905645
288436,953.0172669231356
288437,739.8035943507568
288438,277.2229877286535
288439,372.37551037315166
288440,238.89953106601013
288441,1400.4380056182022
288442,1187.2243330458236
288443,724.6437264237202
288444,819.7962490682183
288445,394.48069890419606
288446,1556.019173456388
288447,1342.8055008840092
288448,880.224894261906
288449,975.3774169064042
288450,-319.117508050628
288451,842.4209665015638
288452,629.2072939291852
288453,166.62668730708185
288454,261.77920995158
288455,128.3032306444385
288456,1289.8417051966305
288457,1076.6280326242518
288458,614.0474260021484
288459,709.1999486466466
288460,283.88439848262436
288461,1445.4228730348163
288462,1232.2092004624376
288463,769.6285938403344
288464,864.7811164848325
288465,-311.0441701093516
288466,850.4943044428402
288467,637.2806318704615
288468,174.7000252483581
288469,269.85254789285636
288470,136.37656858571484
288471,1297.9150431379069
288472,1084.7013705655281
288473,622.1207639434248
288474,717.2732865879229
288475,291.9577364239007
288476,1453.4962109760927
288477,1240.282538403714
288478,777.7019317816106
288479,872.8544544261088
288480,-516.9758584309559
288481,644.5626161212358
288482,431.3489435488572
288483,-31.23166307324618
288484,63.920859571252095
288485,-69.55511973588955
288486,1091.9833548163024
288487,878.7696822439237
288488,416.1890756218204
288489,511.34159826631856
288490,86.02604810229627
288491,1247.5645226544884
288492,1034.3508500821097
288493,571.7702434600062
288494,666.9227661045044
288495,-1141.8682033317398
288496,19.670271220452264
288497,-193.5434013519265
288498,-656.1240079740298
288499,-560.9714853295318
288500,-694.4474646366732
288501,467.0910099155189
288502,253.8773373431402
288503,-208.70326927896315
288504,-113.55074663446499
288505,-538.8662967984872
288506,622.6721777537048
288507,409.45850518132596
288508,-53.12210144077744
288509,42.030421203720834
288510,364.295679155819
288511,1525.834153708011
288512,1312.6204811356324
288513,850.039874513529
288514,945.1923971580271
288515,811.7164178508856
288516,1973.2548924030777
288517,1760.041219830699
288518,1297.4606132085955
288519,1392.6131358530938
288520,967.2975856890714
288521,2128.8360602412636
288522,1915.6223876688848
288523,1453.0417810467814
288524,1548.1943036912796
288525,-196.18195915578065
288526,965.3565153964114
288527,752.1428428240326
288528,289.5622362019293
288529,384.7147588464275
288530,251.23877953928593
288531,1412.777254091478
288532,1199.5635815190992
288533,736.982974896996
288534,832.1354975414941
288535,406.8199473774718
288536,1568.358421929664
288537,1355.144749357285
288538,892.5641427351818
288539,987.71666537968
288540,-306.7782595773524
288541,854.7602149748398
288542,641.546542402461
288543,178.96593578035765
288544,274.1184584248558
288545,140.6424791177143
288546,1302.1809536699063
288547,1088.9672810975276
288548,626.3866744754242
288549,721.5391971199224
288550,296.2236469559001
288551,1457.7621215080922
288552,1244.5484489357134
288553,781.9678423136102
288554,877.1203649581083
288555,-298.70492163607605
288556,862.833552916116
288557,649.6198803437373
288558,187.0392737216339
288559,282.1917963661321
288560,148.71581705899064
288561,1310.2542916111825
288562,1097.040619038804
288563,634.4600124167006
288564,729.6125350611987
288565,304.29698489717646
288566,1465.8354594493685
288567,1252.6217868769897
288568,790.0411802548864
288569,885.1937028993846
288570,-504.6366099576803
288571,656.9018645945117
288572,443.6881920221329
288573,-18.89241459997038
288574,76.26010804452778
288575,-57.215871262613746
288576,1104.3226032895782
288577,891.1089307171995
288578,428.5283240950962
288579,523.6808467395944
288580,98.36529657557207
288581,1259.9037711277642
288582,1046.6900985553852
288583,584.109491933282
288584,679.2620145777802
288585,-1129.528954858464
288586,32.009519693728066
288587,-181.2041528786507
288588,-643.784759500754
288589,-548.632236856256
288590,-682.1082161633974
288591,479.43025838879464
288592,266.2165858164159
288593,-196.36402080568746
288594,-101.2114981611893
288595,-526.5270483252116
288596,635.0114262269805
288597,421.7977536546017
288598,-40.78285296750164
288599,54.36966967699652
288600,376.63492762909476
288601,1538.1734021812867
288602,1324.959729608908
288603,862.3791229868048
288604,957.5316456313028
288605,824.0556663241614
288606,1985.5941408763533
288607,1772.3804683039748
288608,1309.7998616818713
288609,1404.9523843263696
288610,979.6368341623472
288611,2141.175308714539
288612,1927.9616361421606
288613,1465.3810295200572
288614,1560.5335521645552
288615,-183.84271068250496
288616,977.6957638696872
288617,764.4820912973084
288618,301.9014846752051
288619,397.05400731970326
288620,263.57802801256173
288621,1425.1165025647538
288622,1211.9028299923752
288623,749.3222233702718
288624,844.47474601477
288625,419.15919585074755
288626,1580.6976704029398
288627,1367.4839978305608
288628,904.9033912084576
288629,1000.0559138529558
288630,-217.90690610534944
288631,943.6315684468425
288632,730.4178958744639
288633,267.8372892523605
288634,362.98981189685867
288635,229.51383258971714
288636,1391.0523071419093
288637,1177.8386345695303
288638,715.2580279474271
288639,810.4105505919252
288640,385.09500042790296
288641,1546.6334749800951
288642,1333.4198024077164
288643,870.8391957856129
288644,965.9917184301112
288645,-209.83356816407309
288646,951.7049063881188
288647,738.4912338157401
288648,275.9106271936368
288649,371.063149838135
288650,237.5871705309935
288651,1399.1256450831854
288652,1185.9119725108067
288653,723.3313658887034
288654,818.4838885332016
288655,393.1683383691793
288656,1554.7068129213712
288657,1341.4931403489927
288658,878.9125337268893
288659,974.0650563713874
288660,-415.76525648567736
288661,745.7732180665146
288662,532.5595454941358
288663,69.97893887203247
288664,165.13146151653063
288665,31.655482209388992
288666,1193.1939567615811
288667,979.9802841892024
288668,517.399677567099
288669,612.5522002115972
288670,187.23665004757493
288671,1348.775124599767
288672,1135.5614520273882
288673,672.9808454052849
288674,768.133368049783
288675,-1040.6576013864612
288676,120.8808731657308
288677,-92.33279940664795
288678,-554.9134060287513
288679,-459.760883384253
288680,-593.2368626913947
288681,568.3016118607975
288682,355.0879392884188
288683,-107.4926673336845
288684,-12.340144689186332
288685,-437.6556948532086
288686,723.8827796989833
288687,510.66910712660456
288688,48.08850050450121
288689,143.24102314899937
288690,465.5062811010976
288691,1627.0447556532897
288692,1413.831083080911
288693,951.2504764588075
288694,1046.4029991033058
288695,912.9270197961641
288696,2074.4654943483565
288697,1861.2518217759775
288698,1398.671215153874
288699,1493.8237377983723
288700,1068.5081876343502
288701,2230.0466621865426
288702,2016.8329896141634
288703,1554.2523829920601
288704,1649.4049056365584
288705,-94.97135721050199
288706,1066.56711734169
288707,853.3534447693113
288708,390.772838147208
288709,485.92536079170617
288710,352.44938148456464
288711,1513.9878560367567
288712,1300.774183464378
288713,838.1935768422746
288714,933.3460994867728
288715,508.0305493227505
288716,1669.5690238749426
288717,1456.3553513025638
288718,993.7747446804605
288719,1088.9272673249586
288720,-205.56765763207363
288721,955.9708169201184
288722,742.7571443477397
288723,280.17653772563636
288724,375.3290603701345
288725,241.853081062993
288726,1403.391555615185
288727,1190.1778830428061
288728,727.5972764207029
288729,822.749799065201
288730,397.4342489011788
288731,1558.9727234533707
288732,1345.7590508809922
288733,883.1784442588887
288734,978.330966903387
288735,-197.49431969079728
288736,964.0441548613946
288737,750.8304822890159
288738,288.24987566691266
288739,383.4023983114108
288740,249.92641900426923
288741,1411.4648935564612
288742,1198.2512209840825
288743,735.6706143619792
288744,830.8231370064774
288745,405.50758684245505
288746,1567.046061394647
288747,1353.8323888222685
288748,891.251782200165
288749,986.4043048446632
288750,-403.42600801240155
288751,758.1124665397904
288752,544.8987939674116
288753,82.31818734530839
288754,177.47070998980655
288755,43.99473068266491
288756,1205.533205234857
288757,992.3195326624782
288758,529.7389260403748
288759,624.891448684873
288760,199.57589852085084
288761,1361.1143730730428
288762,1147.900700500664
288763,685.3200938785607
288764,780.4726165230588
288765,-1028.3183529131852
288766,133.22012163900672
288767,-79.99355093337192
288768,-542.5741575554753
288769,-447.4216349109772
288770,-580.8976142181186
288771,580.6408603340733
288772,367.4271877616946
288773,-95.15341886040869
288774,-0.0008962159105294631
288775,-425.3164463799328
288776,736.2220281722591
288777,523.0083555998804
288778,60.42774897777713
288779,155.5802716222753
288780,477.84552957437353
288781,1639.3840041265655
288782,1426.1703315541868
288783,963.5897249320833
288784,1058.7422475765816
288785,925.26626826944
288786,2086.8047428216323
288787,1873.5910702492533
288788,1411.0104636271499
288789,1506.1629862716482
288790,1080.847436107626
288791,2242.385910659818
288792,2029.1722380874392
288793,1566.5916314653357
288794,1661.744154109834
288795,-82.63210873722619
288796,1078.9063658149657
288797,865.6926932425871
288798,403.1120866204838
288799,498.264609264982
288800,364.78862995784044
288801,1526.3271045100325
288802,1313.1134319376538
288803,850.5328253155504
288804,945.6853479600486
288805,520.3697977960262
288806,1681.9082723482184
288807,1468.6945997758396
288808,1006.1139931537361
288809,1101.2665157982344
288810,-356.12678903503706
288811,805.4116855171549
288812,592.1980129447762
288813,129.61740632267288
288814,224.76992896717104
288815,91.29394966002951
288816,1252.8324242122214
288817,1039.6187516398427
288818,577.0381450177395
288819,672.1906676622376
288820,246.87511749821533
288821,1408.4135920504073
288822,1195.1999194780287
288823,732.6193128559253
288824,827.7718355004235
288825,-348.0534510937607
288826,813.4850234584312
288827,600.2713508860525
288828,137.6907442639491
288829,232.84326690844728
288830,99.36728760130586
288831,1260.9057621534978
288832,1047.692089581119
288833,585.1114829590158
288834,680.264005603514
288835,254.94845543949168
288836,1416.4869299916836
288837,1203.273257419305
288838,740.6926507972016
288839,835.8451734416998
288840,-553.985139415365
288841,607.553335136827
288842,394.33966256444813
288843,-68.24094405765516
288844,26.911578586843007
288845,-106.56440072029852
288846,1054.9740738318935
288847,841.7604012595148
288848,379.1797946374114
288849,474.3323172819096
288850,49.0167671178873
288851,1210.5552416700793
288852,997.3415690977006
288853,534.7609624755972
288854,629.9134851200954
288855,-1178.8774843161486
288856,-17.33900976395671
288857,-230.55268233633547
288858,-693.1332889584387
288859,-597.9807663139406
288860,-731.4567456210823
288861,430.0817289311098
288862,216.8680563587311
288863,-245.71255026337224
288864,-150.56002761887407
288865,-575.8755777828962
288866,585.6628967692957
288867,372.44922419691693
288868,-90.13138242518642
288869,5.0211402193117465
288870,327.28639817141
288871,1488.8248727236019
288872,1275.6112001512233
288873,813.0305935291199
288874,908.1831161736181
288875,774.7071368664766
288876,1936.2456114186687
288877,1723.03193884629
288878,1260.4513322241864
288879,1355.6038548686847
288880,930.2883047046624
288881,2091.8267792568545
288882,1878.6131066844757
288883,1416.0325000623725
288884,1511.1850227068705
288885,-233.19124014018962
288886,928.3472344120024
288887,715.1335618396237
288888,252.55295521752032
288889,347.7054778620185
288890,214.22949855487695
288891,1375.7679731070689
288892,1162.5543005346904
288893,699.9736939125869
288894,795.1262165570851
288895,369.8106663930628
288896,1531.349140945255
288897,1318.1354683728762
288898,855.5548617507727
288899,950.707384395271
288900,-343.78754056176126
288901,817.7509339904307
288902,604.5372614180519
288903,141.95665479594868
288904,237.10917744044673
288905,103.63319813330531
288906,1265.1716726854975
288907,1051.9580001131185
288908,589.3773934910153
288909,684.5299161355134
288910,259.21436597149113
288911,1420.752840523683
288912,1207.5391679513045
288913,744.9585613292011
288914,840.1110839736994
288915,-335.7142026204849
288916,825.824271931707
288917,612.6105993593283
288918,150.02999273722492
288919,245.18251538172308
288920,111.70653607458166
288921,1273.2450106267736
288922,1060.0313380543948
288923,597.4507314322916
288924,692.6032540767898
288925,267.2877039127675
288926,1428.8261784649594
288927,1215.6125058925809
288928,753.0318992704774
288929,848.1844219149756
288930,-541.6458909420892
288931,619.8925836101027
288932,406.678911037724
288933,-55.901695584379354
288934,39.25082706011881
288935,-94.22515224702283
288936,1067.3133223051693
288937,854.0996497327906
288938,391.5190431106872
288939,486.6715657551854
288940,61.3560155911631
288941,1222.8944901433551
288942,1009.6808175709764
288943,547.100210948873
288944,642.2527335933712
288945,-1166.538235842873
288946,-4.999761290681022
288947,-218.21343386305966
288948,-680.7940404851631
288949,-585.6415178406648
288950,-719.1174971478065
288951,442.42097740438567
288952,229.2073048320069
288953,-233.37330179009632
288954,-138.22077914559827
288955,-563.5363293096204
288956,598.0021452425715
288957,384.78847267019273
288958,-77.79213395191061
288959,17.36038869258755
288960,339.62564664468573
288961,1501.1641211968779
288962,1287.9504486244991
288963,825.3698420023957
288964,920.522364646894
288965,787.0463853397523
288966,1948.5848598919445
288967,1735.3711873195657
288968,1272.7905806974622
288969,1367.9431033419605
288970,942.6275531779382
288971,2104.1660277301303
288972,1890.9523551577515
288973,1428.3717485356483
288974,1523.5242711801466
288975,-220.85199166691393
288976,940.6864828852781
288977,727.4728103128995
288978,264.89220369079607
288979,360.0447263352943
288980,226.56874702815276
288981,1388.1072215803447
288982,1174.8935490079662
288983,712.3129423858627
288984,807.4654650303609
288985,382.1499148663386
288986,1543.6883894185307
288987,1330.474716846152
288988,867.8941102240485
288989,963.0466328685468
288990,-331.44829208848546
288991,830.0901824637065
288992,616.8765098913278
288993,154.29590326922448
288994,249.44842591372264
288995,115.972446606581
288996,1277.5109211587733
288997,1064.2972485863943
288998,601.7166419642911
288999,696.8691646087892
289000,271.5536144447669
289001,1433.092088996959
289002,1219.8784164245803
289003,757.2978098024769
289004,852.450332446975
289005,-323.3749541472091
289006,838.1635204049828
289007,624.9498478326041
289008,162.36924121050072
289009,257.52176385499894
289010,124.04578454785735
289011,1285.5842591000494
289012,1072.3705865276706
289013,609.7899799055674
289014,704.9425025500656
289015,279.62695238604323
289016,1441.1654269382352
289017,1227.9517543658567
289018,765.3711477437532
289019,860.5236703882514
289020,-529.3066424688134
289021,632.2318320833785
289022,419.0181595109998
289023,-43.56244711110355
289024,51.59007553339461
289025,-81.88590377374703
289026,1079.6525707784451
289027,866.4388982060664
289028,403.858291583963
289029,499.0108142284612
289030,73.69526406443879
289031,1235.233738616631
289032,1022.0200660442522
289033,559.4394594221488
289034,654.591982066647
289035,-1154.1989873695973
289036,7.339487182594894
289037,-205.87418538978386
289038,-668.4547920118873
289039,-573.302269367389
289040,-706.7782486745307
289041,454.76022587766147
289042,241.54655330528277
289043,-221.03405331682052
289044,-125.88153067232236
289045,-551.1970808363446
289046,610.3413937158473
289047,397.12772114346853
289048,-65.45288547863481
289049,29.69963716586335
289050,351.96489511796153
289051,1513.5033696701537
289052,1300.289697097775
289053,837.7090904756715
289054,932.8616131201697
289055,799.3856338130281
289056,1960.9241083652203
289057,1747.7104357928415
289058,1285.129829170738
289059,1380.2823518152363
289060,954.9668016512139
289061,2116.5052762034065
289062,1903.2916036310273
289063,1440.7109970089239
289064,1535.8635196534221
289065,-208.51274319363802
289066,953.025731358554
289067,739.8120587861753
289068,277.2314521640719
289069,372.3839748085701
289070,238.90799550142856
289071,1400.4464700536207
289072,1187.232797481242
289073,724.6521908591386
289074,819.8047135036368
289075,394.48916333961444
289076,1556.0276378918065
289077,1342.8139653194278
289078,880.2333586973243
289079,975.3858813418226
289080,-319.10904361520966
289081,842.4294309369823
289082,629.2157583646036
289083,166.63515174250028
289084,261.7876743869984
289085,128.31169507985692
289086,1289.8501696320488
289087,1076.63649705967
289088,614.0558904375669
289089,709.208413082065
289090,283.89286291804274
289091,1445.4313374702347
289092,1232.2176648978561
289093,769.6370582757527
289094,864.7895809202508
289095,-311.0357056739333
289096,850.5027688782586
289097,637.2890963058799
289098,174.70848968377652
289099,269.8610123282747
289100,136.38503302113327
289101,1297.9235075733252
289102,1084.7098350009464
289103,622.1292283788432
289104,717.2817510233414
289105,291.9662008593191
289106,1453.504675411511
289107,1240.2910028391325
289108,777.710396217029
289109,872.8629188615272
289110,-516.9673939955376
289111,644.5710805566544
289112,431.35740798427565
289113,-31.223198637827636
289114,63.92932400667053
289115,-69.54665530047112
289116,1091.991819251721
289117,878.7781466793422
289118,416.1975400572388
289119,511.350062701737
289120,86.0345125377147
289121,1247.5729870899067
289122,1034.359314517528
289123,571.7787078954246
289124,666.9312305399228
289125,-1141.8597388963215
289126,19.678735655870696
289127,-193.53493691650806
289128,-656.1155435386115
289129,-560.9630208941135
289130,-694.4390002012549
289131,467.0994743509372
289132,253.88580177855852
289133,-208.69480484354483
289134,-113.54228219904667
289135,-538.8578323630688
289136,622.6806421891231
289137,409.4669696167444
289138,-53.113637005359124
289139,42.03888563913915
289140,364.3041435912374
289141,1525.8426181434293
289142,1312.6289455710507
289143,850.0483389489473
289144,945.2008615934456
289145,811.724882286304
289146,1973.263356838496
289147,1760.0496842661173
289148,1297.4690776440139
289149,1392.6216002885121
289150,967.3060501244898
289151,2128.844524676682
289152,1915.6308521043031
289153,1453.0502454822
289154,1548.202768126698
289155,-196.1734947203622
289156,965.3649798318298
289157,752.1513072594511
289158,289.5707006373477
289159,384.7232232818459
289160,251.24724397470436
289161,1412.7857185268963
289162,1199.5720459545178
289163,736.9914393324144
289164,832.1439619769125
289165,406.8284118128902
289166,1568.3668863650823
289167,1355.1532137927036
289168,892.5726071706001
289169,987.7251298150984
289170,-306.76979514193386
289171,854.7686794102581
289172,641.5550068378793
289173,178.9744002157761
289174,274.1269228602742
289175,140.65094355313272
289176,1302.1894181053246
289177,1088.975745532946
289178,626.3951389108427
289179,721.5476615553408
289180,296.23211139131854
289181,1457.7705859435105
289182,1244.556913371132
289183,781.9763067490285
289184,877.1288293935266
289185,-298.6964572006575
289186,862.8420173515344
289187,649.6283447791557
289188,187.04773815705232
289189,282.2002608015505
289190,148.72428149440907
289191,1310.262756046601
289192,1097.0490834742222
289193,634.468476852119
289194,729.6209994966172
289195,304.3054493325949
289196,1465.8439238847868
289197,1252.6302513124083
289198,790.0496446903048
289199,885.202167334803
289200,-504.6281455222618
289201,656.91032902993
289202,443.69665645755134
289203,-18.883950164551948
289204,76.26857247994622
289205,-57.20740682719543
289206,1104.3310677249965
289207,891.117395152618
289208,428.5367885305146
289209,523.6893111750128
289210,98.3737610109905
289211,1259.9122355631825
289212,1046.6985629908038
289213,584.1179563687004
289214,679.2704790131986
289215,-1129.5204904230457
289216,32.017984129146384
289217,-181.19568844323226
289218,-643.7762950653357
289219,-548.6237724208374
289220,-682.0997517279791
289221,479.4387228242131
289222,266.2250502518343
289223,-196.35555637026903
289224,-101.20303372577087
289225,-526.518583889793
289226,635.0198906623989
289227,421.80621809002014
289228,-40.77438853208321
289229,54.378134112414955
289230,376.64339206451314
289231,1538.181866616705
289232,1324.9681940443265
289233,862.3875874222231
289234,957.5401100667212
289235,824.0641307595797
289236,1985.6026053117719
289237,1772.388932739393
289238,1309.8083261172897
289239,1404.960848761788
289240,979.6452985977656
289241,2141.1837731499572
289242,1927.970100577579
289243,1465.3894939554757
289244,1560.5420165999737
289245,-183.83424624708653
289246,977.7042283051055
289247,764.4905557327269
289248,301.9099491106235
289249,397.0624717551217
289250,263.58649244798016
289251,1425.124967000172
289252,1211.9112944277936
289253,749.3306878056901
289254,844.4832104501884
289255,419.167660286166
289256,1580.7061348383581
289257,1367.4924622659794
289258,904.9118556438759
289259,1000.0643782883742
289260,-217.89844166993112
289261,943.640032882261
289262,730.4263603098823
289263,267.84575368777894
289264,362.9982763322771
289265,229.52229702513546
289266,1391.0607715773276
289267,1177.8470990049489
289268,715.2664923828455
289269,810.4190150273437
289270,385.10346486332134
289271,1546.6419394155134
289272,1333.4282668431347
289273,870.8476602210313
289274,966.0001828655295
289275,-209.82510372865477
289276,951.7133708235373
289277,738.4996982511585
289278,275.91909162905523
289279,371.07161427355345
289280,237.5956349664118
289281,1399.134109518604
289282,1185.9204369462252
289283,723.3398303241219
289284,818.49235296862
289285,393.1768028045977
289286,1554.7152773567896
289287,1341.501604784411
289288,878.9209981623076
289289,974.0735208068058
289290,-415.75679205025904
289291,745.781682501933
289292,532.5680099295543
289293,69.9874033074509
289294,165.13992595194918
289295,31.663946644807424
289296,1193.2024211969997
289297,979.9887486246207
289298,517.4081420025175
289299,612.5606646470156
289300,187.24511448299336
289301,1348.7835890351853
289302,1135.5699164628068
289303,672.9893098407033
289304,768.1418324852015
289305,-1040.6491369510427
289306,120.88933760114924
289307,-92.3243349712294
289308,-554.9049415933328
289309,-459.7524189488345
289310,-593.2283982559761
289311,568.3100762962159
289312,355.09640372383717
289313,-107.48420289826606
289314,-12.3316802537679
289315,-437.6472304177903
289316,723.8912441344017
289317,510.677571562023
289318,48.096964939919644
289319,143.24948758441792
289320,465.51474553651605
289321,1627.0532200887083
289322,1413.8395475163293
289323,951.258940894226
289324,1046.4114635387243
289325,912.9354842315826
289326,2074.473958783775
289327,1861.260286211396
289328,1398.6796795892924
289329,1493.8322022337907
289330,1068.5166520697685
289331,2230.055126621961
289332,2016.841454049582
289333,1554.2608474274784
289334,1649.4133700719767
289335,-94.96289277508345
289336,1066.5755817771085
289337,853.3619092047297
289338,390.78130258262644
289339,485.9338252271246
289340,352.4578459199831
289341,1513.996320472175
289342,1300.7826478997963
289343,838.2020412776931
289344,933.3545639221911
289345,508.0390137581689
289346,1669.5774883103609
289347,1456.3638157379823
289348,993.7832091158789
289349,1088.935731760377
289350,-205.5591931966552
289351,955.9792813555368
289352,742.7656087831581
289353,280.18500216105474
289354,375.3375248055529
289355,241.86154549841137
289356,1403.4000200506034
289357,1190.1863474782247
289358,727.6057408561213
289359,822.7582635006195
289360,397.44271333659725
289361,1558.981187888789
289362,1345.7675153164105
289363,883.1869086943072
289364,978.3394313388053
289365,-197.48585525537897
289366,964.0526192968131
289367,750.8389467244343
289368,288.258340102331
289369,383.4108627468292
289370,249.9348834396876
289371,1411.4733579918795
289372,1198.259685419501
289373,735.6790787973977
289374,830.8316014418958
289375,405.5160512778735
289376,1567.0545258300654
289377,1353.8408532576868
289378,891.2602466355835
289379,986.4127692800816
289380,-403.41754357698323
289381,758.1209309752088
289382,544.90725840283
289383,82.3266517807267
289384,177.47917442522498
289385,44.00319511808334
289386,1205.5416696702755
289387,992.3279970978965
289388,529.7473904757933
289389,624.8999131202914
289390,199.58436295626916
289391,1361.122837508461
289392,1147.9091649360826
289393,685.3285583139791
289394,780.4810809584773
289395,-1028.309888477767
289396,133.22858607442515
289397,-79.9850864979536
289398,-542.565693120057
289399,-447.4131704755589
289400,-580.8891497827003
289401,580.6493247694916
289402,367.43565219711303
289403,-95.14495442499037
289404,0.007568219507788854
289405,-425.3079819445145
289406,736.2304926076774
289407,523.0168200352988
289408,60.436213413195446
289409,155.5887360576936
289410,477.8539940097919
289411,1639.3924685619838
289412,1426.178795989605
289413,963.5981893675017
289414,1058.750712012
289415,925.2747327048585
289416,2086.8132072570506
289417,1873.5995346846719
289418,1411.0189280625684
289419,1506.1714507070665
289420,1080.8559005430443
289421,2242.3943750952362
289422,2029.1807025228575
289423,1566.6000959007542
289424,1661.7526185452525
289425,-82.62364430180776
289426,1078.9148302503843
289427,865.7011576780055
289428,403.1205510559022
289429,498.27307370040035
289430,364.7970943932588
289431,1526.3355689454509
289432,1313.121896373072
289433,850.5412897509689
289434,945.6938123954669
289435,520.3782622314448
289436,1681.9167367836367
289437,1468.703064211258
289438,1006.1224575891547
289439,1101.274980233653
289440,-356.11832459961875
289441,805.4201499525733
289442,592.2064773801945
289443,129.6258707580912
289444,224.77839340258936
289445,91.30241409544783
289446,1252.84088864764
289447,1039.6272160752612
289448,577.0466094531579
289449,672.199132097656
289450,246.88358193363376
289451,1408.4220564858256
289452,1195.208383913447
289453,732.6277772913437
289454,827.7802999358419
289455,-348.0449866583424
289456,813.4934878938496
289457,600.2798153214709
289458,137.69920869936755
289459,232.8517313438657
289460,99.37575203672418
289461,1260.9142265889163
289462,1047.7005540165376
289463,585.1199473944341
289464,680.2724700389324
289465,254.9569198749101
289466,1416.495394427102
289467,1203.2817218547234
289468,740.7011152326199
289469,835.8536378771182
289470,-553.9766749799467
289471,607.5617995722453
289472,394.34812699986657
289473,-68.23247962223672
289474,26.92004302226144
289475,-106.55593628488009
289476,1054.9825382673118
289477,841.7688656949331
289478,379.18825907282985
289479,474.34078171732796
289480,49.02523155330573
289481,1210.5637061054977
289482,997.350033533119
289483,534.7694269110157
289484,629.9219495555138
289485,-1178.8690198807303
289486,-17.330545328538392
289487,-230.54421790091703
289488,-693.1248245230204
289489,-597.9723018785223
289490,-731.4482811856637
289491,430.09019336652824
289492,216.87652079414954
289493,-245.7040858279538
289494,-150.55156318345564
289495,-575.8671133474779
289496,585.671361204714
289497,372.45768863233536
289498,-90.12291798976798
289499,5.0296046547301785
289500,327.29486260682836
289501,1488.8333371590204
289502,1275.6196645866416
289503,813.0390579645382
289504,908.1915806090365
289505,774.715601301895
289506,1936.254075854087
289507,1723.0404032817082
289508,1260.459796659605
289509,1355.612319304103
289510,930.2967691400809
289511,2091.835243692273
289512,1878.621571119894
289513,1416.0409644977908
289514,1511.193487142289
289515,-233.1827757047713
289516,928.3556988474207
289517,715.1420262750421
289518,252.56141965293864
289519,347.71394229743686
289520,214.2379629902954
289521,1375.7764375424874
289522,1162.5627649701087
289523,699.9821583480053
289524,795.1346809925035
289525,369.8191308284812
289526,1531.3576053806732
289527,1318.1439328082945
289528,855.5633261861911
289529,950.7158488306893
289530,-343.77907612634294
289531,817.7593984258491
289532,604.5457258534705
289533,141.965119231367
289534,237.11764187586527
289535,103.64166256872363
289536,1265.1801371209158
289537,1051.966464548537
289538,589.3858579264337
289539,684.5383805709318
289540,259.22283040690957
289541,1420.7613049591016
289542,1207.5476323867229
289543,744.9670257646195
289544,840.1195484091177
289545,-335.7057381850666
289546,825.8327363671254
289547,612.6190637947467
289548,150.03845717264335
289549,245.1909798171415
289550,111.71500050999998
289551,1273.2534750621921
289552,1060.0398024898134
289553,597.4591958677099
289554,692.6117185122082
289555,267.2961683481859
289556,1428.834642900378
289557,1215.6209703279992
289558,753.0403637058959
289559,848.192886350394
289560,-541.6374265066709
289561,619.9010480455211
289562,406.6873754731424
289563,-55.89323114896092
289564,39.25929149553724
289565,-94.2166878116044
289566,1067.3217867405876
289567,854.108114168209
289568,391.52750754610565
289569,486.68003019060376
289570,61.36448002658153
289571,1222.9029545787735
289572,1009.6892820063948
289573,547.1086753842915
289574,642.2611980287896
289575,-1166.5297714074547
289576,-4.99129685526259
289577,-218.20496942764134
289578,-680.7855760497448
289579,-585.6330534052465
289580,-719.109032712388
289581,442.4294418398041
289582,229.21576926742534
289583,-233.364837354678
289584,-138.21231471017984
289585,-563.5278648742021
289586,598.0106096779899
289587,384.79693710561116
289588,-77.78366951649218
289589,17.36885312800598
289590,339.63411108010416
289591,1501.1725856322964
289592,1287.9589130599174
289593,825.3783064378141
289594,920.5308290823124
289595,787.0548497751707
289596,1948.5933243273628
289597,1735.379651754984
289598,1272.7990451328806
289599,1367.9515677773788
289600,942.6360176133567
289601,2104.174492165549
289602,1890.96081959317
289603,1428.3802129710666
289604,1523.532735615565
289605,-220.8435272314955
289606,940.6949473206967
289607,727.4812747483179
289608,264.9006681262145
289609,360.0531907707127
289610,226.5772114635712
289611,1388.1156860157632
289612,1174.9020134433845
289613,712.3214068212811
289614,807.4739294657793
289615,382.158379301757
289616,1543.696853853949
289617,1330.4831812815703
289618,867.902574659467
289619,963.0550973039651
289620,-331.43982765306714
289621,830.0986468991249
289622,616.8849743267461
289623,154.3043677046428
289624,249.45689034914096
289625,115.98091104199943
289626,1277.5193855941916
289627,1064.3057130218128
289628,601.7251063997094
289629,696.8776290442077
289630,271.56207888018525
289631,1433.1005534323774
289632,1219.8868808599987
289633,757.3062742378953
289634,852.4587968823935
289635,-323.3664897117908
289636,838.1719848404013
289637,624.9583122680225
289638,162.37770564591915
289639,257.5302282904173
289640,124.05424898327578
289641,1285.5927235354677
289642,1072.379050963089
289643,609.7984443409857
289644,704.9509669854839
289645,279.6354168214616
289646,1441.1738913736535
289647,1227.960218801275
289648,765.3796121791715
289649,860.5321348236698
289650,-529.2981780333951
289651,632.2402965187969
289652,419.0266239464182
289653,-43.55398267568512
289654,51.59853996881316
289655,-81.8774393383286
289656,1079.6610352138634
289657,866.4473626414847
289658,403.8667560193814
289659,499.01927866387956
289660,73.70372849985722
289661,1235.2422030520493
289662,1022.0285304796705
289663,559.4479238575673
289664,654.6004465020654
289665,-1154.190522934179
289666,7.347951618013212
289667,-205.86572095436554
289668,-668.446327576469
289669,-573.2938049319707
289670,-706.7697842391124
289671,454.7686903130798
289672,241.5550177407011
289673,-221.0255888814022
289674,-125.87306623690404
289675,-551.1886164009263
289676,610.3498581512656
289677,397.13618557888697
289678,-65.4444210432165
289679,29.70810160128167
289680,351.9733595533799
289681,1513.511834105572
289682,1300.2981615331933
289683,837.7175549110898
289684,932.8700775555881
289685,799.3940982484465
289686,1960.9325728006386
289687,1747.7189002282598
289688,1285.1382936061564
289689,1380.2908162506546
289690,954.9752660866324
289691,2116.513740638825
289692,1903.3000680664459
289693,1440.7194614443424
289694,1535.8719840888407
289695,-208.5042787582197
289696,953.0341957939725
289697,739.8205232215937
289698,277.2399165994903
289699,372.3924392439885
289700,238.916459936847
289701,1400.454934489039
289702,1187.2412619166603
289703,724.6606552945569
289704,819.8131779390551
289705,394.4976277750328
289706,1556.0361023272249
289707,1342.8224297548463
289708,880.2418231327428
289709,975.3943457772409
289710,-319.10057917979134
289711,842.4378953724007
289712,629.224222800022
289713,166.6436161779186
289714,261.79613882241676
289715,128.32015951527524
289716,1289.8586340674674
289717,1076.6449614950886
289718,614.0643548729852
289719,709.2168775174835
289720,283.90132735346117
289721,1445.439801905653
289722,1232.2261293332745
289723,769.6455227111711
289724,864.7980453556693
289725,-311.027241238515
289726,850.5112333136769
289727,637.2975607412983
289728,174.71695411919495
289729,269.8694767636931
289730,136.3934974565516
289731,1297.9319720087437
289732,1084.718299436365
289733,622.1376928142615
289734,717.2902154587597
289735,291.9746652947375
289736,1453.5131398469293
289737,1240.2994672745508
289738,777.7188606524473
289739,872.8713832969456
289740,-516.9589295601193
289741,644.5795449920727
289742,431.36587241969397
289743,-31.214734202409318
289744,63.937788442088845
289745,-69.53819086505268
289746,1092.0002836871392
289747,878.7866111147605
289748,416.2060044926572
289749,511.35852713715536
289750,86.04297697313314
289751,1247.581451525325
289752,1034.3677789529465
289753,571.7871723308431
289754,666.9396949753412
289755,-1141.851274460903
289756,19.687200091289014
289757,-193.52647248108963
289758,-656.107079103193
289759,-560.9545564586949
289760,-694.4305357658363
289761,467.10793878635565
289762,253.89426621397695
289763,-208.6863404081264
289764,-113.53381776362824
289765,-538.8493679276505
289766,622.6891066245414
289767,409.47543405216277
289768,-53.10517256994058
289769,42.047350074557585
289770,364.31260802665577
289771,1525.8510825788478
289772,1312.637410006469
289773,850.0568033843656
289774,945.2093260288639
289775,811.7333467217225
289776,1973.2718212739144
289777,1760.0581487015356
289778,1297.4775420794324
289779,1392.6300647239304
289780,967.3145145599083
289781,2128.8529891121
289782,1915.6393165397214
289783,1453.0587099176182
289784,1548.2112325621165
289785,-196.1650302849439
289786,965.3734442672481
289787,752.1597716948695
289788,289.57916507276605
289789,384.73168771726426
289790,251.25570841012274
289791,1412.7941829623148
289792,1199.580510389936
289793,736.9999037678327
289794,832.1524264123309
289795,406.8368762483086
289796,1568.3753508005007
289797,1355.161678228122
289798,892.5810716060186
289799,987.7335942505167
289800,-306.76133070651554
289801,854.7771438456765
289802,641.5634712732978
289803,178.9828646511944
289804,274.1353872956926
289805,140.65940798855104
289806,1302.1978825407432
289807,1088.9842099683644
289808,626.4036033462611
289809,721.5561259907593
289810,296.240575826737
289811,1457.779050378929
289812,1244.5653778065503
289813,781.9847711844469
289814,877.1372938289451
289815,-298.6879927652392
289816,862.8504817869529
289817,649.6368092145741
289818,187.05620259247075
289819,282.2087252369689
289820,148.7327459298274
289821,1310.2712204820195
289822,1097.0575479096408
289823,634.4769412875373
289824,729.6294639320355
289825,304.3139137680133
289826,1465.8523883202054
289827,1252.6387157478266
289828,790.0581091257231
289829,885.2106317702214
289830,-504.61968108684346
289831,656.9187934653485
289832,443.7051208929698
289833,-18.875485729133516
289834,76.27703691536465
289835,-57.198942391776995
289836,1104.339532160415
289837,891.1258595880363
289838,428.545252965933
289839,523.6977756104311
289840,98.38222544640894
289841,1259.9206999986009
289842,1046.7070274262223
289843,584.1264208041189
289844,679.278943448617
289845,-1129.5120259876273
289846,32.02644856456482
289847,-181.18722400781394
289848,-643.7678306299174
289849,-548.6153079854191
289850,-682.0912872925605
289851,479.4471872596315
289852,266.23351468725275
289853,-196.3470919348506
289854,-101.19456929035243
289855,-526.5101194543747
289856,635.0283550978173
289857,421.8146825254385
289858,-40.765924096664776
289859,54.38659854783339
289860,376.65185649993157
289861,1538.1903310521236
289862,1324.9766584797449
289863,862.3960518576415
289864,957.5485745021397
289865,824.0725951949981
289866,1985.6110697471902
289867,1772.3973971748114
289868,1309.816790552708
289869,1404.9693131972062
289870,979.6537630331841
289871,2141.1922375853765
289872,1927.9785650129973
289873,1465.397958390894
289874,1560.5504810353923
289875,-183.8257818116681
289876,977.7126927405241
289877,764.4990201681453
289878,301.9184135460419
289879,397.0709361905401
289880,263.5949568833986
289881,1425.1334314355906
289882,1211.9197588632119
289883,749.3391522411085
289884,844.4916748856067
289885,419.1761247215844
289886,1580.7145992737765
289887,1367.5009267013977
289888,904.9203200792944
289889,1000.0728427237925
289890,-217.88997723451268
289891,943.6484973176794
289892,730.4348247453006
289893,267.8542181231973
289894,363.0067407676955
289895,229.5307614605539
289896,1391.069236012746
289897,1177.8555634403674
289898,715.274956818264
289899,810.4274794627621
289900,385.11192929873977
289901,1546.6504038509318
289902,1333.436731278553
289903,870.8561246564498
289904,966.0086473009479
289905,-209.81663929323634
289906,951.7218352589557
289907,738.508162686577
289908,275.9275560644736
289909,371.08007870897177
289910,237.60409940183024
289911,1399.1425739540223
289912,1185.9289013816435
289913,723.3482947595403
289914,818.5008174040383
289915,393.1852672400161
289916,1554.7237417922079
289917,1341.5100692198293
289918,878.9294625977261
289919,974.0819852422243
289920,-415.7483276148407
289921,745.7901469373513
289922,532.5764743649727
289923,69.99586774286934
289924,165.1483903873675
289925,31.672411080225856
289926,1193.210885632418
289927,979.9972130600391
289928,517.4166064379358
289929,612.5691290824341
289930,187.25357891841168
289931,1348.7920534706036
289932,1135.578380898225
289933,672.9977742761216
289934,768.1502969206199
289935,-1040.6406725156244
289936,120.89780203656767
289937,-92.31587053581109
289938,-554.8964771579144
289939,-459.74395451341616
289940,-593.2199338205578
289941,568.3185407316342
289942,355.1048681592556
289943,-107.47573846284774
289944,-12.323215818349581
289945,-437.638765982372
289946,723.8997085698201
289947,510.68603599744137
289948,48.10542937533796
289949,143.25795201983624
289950,465.5232099719344
289951,1627.0616845241266
289952,1413.8480119517478
289953,951.2674053296444
289954,1046.4199279741426
289955,912.943948667001
289956,2074.482423219193
289957,1861.2687506468144
289958,1398.688144024711
289959,1493.8406666692092
289960,1068.5251165051868
289961,2230.063591057379
289962,2016.8499184850002
289963,1554.2693118628968
289964,1649.421834507395
289965,-94.95442833966513
289966,1066.584046212527
289967,853.3703736401482
289968,390.7897670180448
289969,485.942289662543
289970,352.46631035540145
289971,1514.0047849075934
289972,1300.7911123352148
289973,838.2105057131115
289974,933.3630283576096
289975,508.0474781935873
289976,1669.5859527457792
289977,1456.3722801734007
289978,993.7916735512972
289979,1088.9441961957955
289980,-205.55072876123677
289981,955.9877457909552
289982,742.7740732185764
289983,280.1934665964731
289984,375.3459892409713
289985,241.8700099338298
289986,1403.4084844860217
289987,1190.194811913643
289988,727.6142052915397
289989,822.7667279360379
289990,397.4511777720156
289991,1558.9896523242078
289992,1345.7759797518288
289993,883.1953731297256
289994,978.3478957742237
289995,-197.47739081996065
289996,964.0610837322315
289997,750.8474111598528
289998,288.2668045377494
289999,383.41932718224757
290000,249.94334787510604
290001,1411.481822427298
290002,1198.2681498549193
290003,735.6875432328161
290004,830.8400658773141
290005,405.52451571329186
290006,1567.062990265484
290007,1353.8493176931051
290008,891.2687110710018
290009,986.4212337155
290010,-403.4090791415649
290011,758.1293954106271
290012,544.9157228382484
290013,82.33511621614502
290014,177.4876388606433
290015,44.01165955350177
290016,1205.5501341056938
290017,992.3364615333151
290018,529.7558549112117
290019,624.9083775557099
290020,199.5928273916876
290021,1361.1313019438794
290022,1147.9176293715009
290023,685.3370227493974
290024,780.4895453938957
290025,-1028.3014240423486
290026,133.23705050984347
290027,-79.97662206253528
290028,-542.5572286846386
290029,-447.4047060401406
290030,-580.8806853472818
290031,580.6577892049102
290032,367.4441166325314
290033,-95.13648998957194
290034,0.016032654926220857
290035,-425.2995175090962
290036,736.2389570430959
290037,523.0252844707172
290038,60.444677848613765
290039,155.59720049311204
290040,477.8624584452103
290041,1639.4009329974024
290042,1426.1872604250234
290043,963.6066538029202
290044,1058.7591764474184
290045,925.2831971402769
290046,2086.821671692469
290047,1873.6079991200902
290048,1411.027392497987
290049,1506.179915142485
290050,1080.8643649784626
290051,2242.402839530655
290052,2029.189166958276
290053,1566.6085603361726
290054,1661.7610829806708
290055,-82.61517986638933
290056,1078.9232946858026
290057,865.7096221134238
290058,403.12901549132056
290059,498.2815381358188
290060,364.80555882867725
290061,1526.3440333808692
290062,1313.1303608084904
290063,850.5497541863872
290064,945.7022768308854
290065,520.3867266668631
290066,1681.925201219055
290067,1468.7115286466765
290068,1006.130922024573
290069,1101.2834446690713
290070,-356.1098601642004
290071,805.4286143879917
290072,592.214941815613
290073,129.63433519350963
290074,224.7868578380078
290075,91.31087853086626
290076,1252.8493530830583
290077,1039.6356805106795
290078,577.0550738885763
290079,672.2075965330745
290080,246.8920463690522
290081,1408.4305209212444
290082,1195.2168483488654
290083,732.6362417267621
290084,827.7887643712603
290085,-348.0365222229241
290086,813.5019523292681
290087,600.2882797568893
290088,137.70767313478586
290089,232.86019577928414
290090,99.38421647214261
290091,1260.9226910243347
290092,1047.709018451956
290093,585.1284118298527
290094,680.2809344743507
290095,254.96538431032855
290096,1416.5038588625207
290097,1203.2901862901417
290098,740.7095796680384
290099,835.8621023125365
290100,-553.9682105445283
290101,607.5702640076637
290102,394.356591435285
290103,-68.22401518681829
290104,26.92850745767987
290105,-106.54747184946177
290106,1054.9910027027304
290107,841.7773301303515
290108,379.1967235082482
290109,474.3492461527464
290110,49.03369598872416
290111,1210.572170540916
290112,997.3584979685374
290113,534.777891346434
290114,629.9304139909323
290115,-1178.860555445312
290116,-17.32208089311996
290117,-230.53575346549871
290118,-693.1163600876021
290119,-597.963837443104
290120,-731.4398167502452
290121,430.0986578019467
290122,216.88498522956797
290123,-245.69562139253537
290124,-150.5430987480372
290125,-575.8586489120596
290126,585.6798256401325
290127,372.46615306775374
290128,-90.11445355434955
290129,5.0380690901486105
290130,327.3033270422468
290131,1488.841801594439
290132,1275.62812902206
290133,813.0475223999567
290134,908.2000450444549
290135,774.7240657373134
290136,1936.2625402895053
290137,1723.0488677171265
290138,1260.4682610950233
290139,1355.6207837395214
290140,930.3052335754993
290141,2091.8437081276916
290142,1878.6300355553126
290143,1416.0494289332091
290144,1511.2019515777074
290145,-233.17431126935287
290146,928.3641632828392
290147,715.1504907104604
290148,252.56988408835707
290149,347.7224067328553
290150,214.24642742571382
290151,1375.7849019779057
290152,1162.571229405527
290153,699.9906227834238
290154,795.1431454279219
290155,369.82759526389964
290156,1531.3660698160918
290157,1318.152397243713
290158,855.5717906216096
290159,950.7243132661077
290160,-343.7706116909246
290161,817.7678628612675
290162,604.5541902888888
290163,141.97358366678543
290164,237.1261063112836
290165,103.65012700414206
290166,1265.188601556334
290167,1051.9749289839554
290168,589.3943223618521
290169,684.5468450063503
290170,259.23129484232794
290171,1420.76976939452
290172,1207.5560968221412
290173,744.9754902000379
290174,840.1280128445361
290175,-335.6972737496483
290176,825.8412008025438
290177,612.6275282301651
290178,150.04692160806167
290179,245.19944425255989
290180,111.72346494541841
290181,1273.2619394976105
290182,1060.0482669252317
290183,597.4676603031285
290184,692.6201829476265
290185,267.3046327836043
290186,1428.8431073357963
290187,1215.6294347634175
290188,753.0488281413143
290189,848.2013507858125
290190,-541.6289620712525
290191,619.9095124809395
290192,406.69583990856086
290193,-55.88476671354249
290194,39.26775593095567
290195,-94.20822337618597
290196,1067.3302511760062
290197,854.1165786036273
290198,391.535971981524
290199,486.6884946260222
290200,61.37294446199985
290201,1222.9114190141918
290202,1009.6977464418133
290203,547.1171398197098
290204,642.2696624642081
290205,-1166.5213069720364
290206,-4.982832419844158
290207,-218.1965049922229
290208,-680.7771116143265
290209,-585.6245889698282
290210,-719.1005682769696
290211,442.4379062752224
290212,229.22423370284366
290213,-233.35637291925968
290214,-138.20385027476152
290215,-563.5194004387838
290216,598.0190741134082
290217,384.8054015410296
290218,-77.77520508107386
290219,17.3773175634243
290220,339.64257551552254
290221,1501.1810500677148
290222,1287.967377495336
290223,825.3867708732325
290224,920.5392935177308
290225,787.0633142105892
290226,1948.601788762781
290227,1735.3881161904023
290228,1272.807509568299
290229,1367.9600322127974
290230,942.644482048775
290231,2104.1829566009674
290232,1890.9692840285884
290233,1428.388677406485
290234,1523.5412000509832
290235,-220.83506279607718
290236,940.703411756115
290237,727.4897391837362
290238,264.9091325616329
290239,360.06165520613104
290240,226.58567589898962
290241,1388.1241504511815
290242,1174.9104778788028
290243,712.3298712566996
290244,807.4823939011977
290245,382.1668437371754
290246,1543.7053182893674
290247,1330.4916457169888
290248,867.9110390948854
290249,963.0635617393835
290250,-331.4313632176488
290251,830.1071113345433
290252,616.8934387621646
290253,154.31283214006123
290254,249.4653547845594
290255,115.98937547741787
290256,1277.52785002961
290257,1064.3141774572312
290258,601.7335708351279
290259,696.8860934796261
290260,271.5705433156037
290261,1433.109017867796
290262,1219.895345295417
290263,757.3147386733137
290264,852.4672613178119
290265,-323.3580252763725
290266,838.1804492758197
290267,624.9667767034408
290268,162.38617008133747
290269,257.5386927258357
290270,124.06271341869422
290271,1285.6011879708863
290272,1072.3875153985075
290273,609.8069087764042
290274,704.9594314209023
290275,279.64388125688004
290276,1441.1823558090723
290277,1227.9686832366933
290278,765.38807661459
290279,860.5405992590881
290280,-529.2897135979767
290281,632.2487609542153
290282,419.03508838183654
290283,-43.5455182402668
290284,51.607004404231475
290285,-81.86897490291017
290286,1079.669499649282
290287,866.4558270769031
290288,403.8752204547998
290289,499.02774309929794
290290,73.71219293527565
290291,1235.2506674874678
290292,1022.036994915089
290293,559.4563882929856
290294,654.6089109374839
290295,-1154.1820584987604
290296,7.356416053431758
290297,-205.857256518947
290298,-668.4378631410505
290299,-573.2853404965522
290300,-706.7613198036938
290301,454.77715474849833
290302,241.56348217611952
290303,-221.01712444598377
290304,-125.8646018014856
290305,-551.180151965508
290306,610.3583225866842
290307,397.14465001430534
290308,-65.43595660779806
290309,29.716566036700215
290310,351.9818239887983
290311,1513.5202985409906
290312,1300.3066259686116
290313,837.7260193465082
290314,932.8785419910065
290315,799.402562683865
290316,1960.9410372360571
290317,1747.7273646636784
290318,1285.146758041575
290319,1380.2992806860732
290320,954.9837305220508
290321,2116.522205074243
290322,1903.3085325018642
290323,1440.7279258797607
290324,1535.880448524259
290325,-208.49581432280127
290326,953.0426602293908
290327,739.828987657012
290328,277.2483810349087
290329,372.40090367940684
290330,238.92492437226542
290331,1400.4633989244576
290332,1187.2497263520786
290333,724.6691197299754
290334,819.8216423744735
290335,394.50609221045124
290336,1556.0445667626434
290337,1342.8308941902646
290338,880.2502875681612
290339,975.4028102126593
290340,-320.077078800525
290341,841.4613957516672
290342,628.2477231792884
290343,165.66711655718495
290344,260.81963920168323
290345,127.3436598945417
290346,1288.8821344467337
290347,1075.668461874355
290348,613.0878552522516
290349,708.2403778967498
290350,282.92482773272764
290351,1444.4633022849196
290352,1231.2496297125408
290353,768.6690230904375
290354,863.8215457349357
290355,-312.00374085924864
290356,849.5347336929434
290357,636.3210611205648
290358,173.7404544984613
290359,268.8929771429595
290360,135.41699783581805
290361,1296.95547238801
290362,1083.7417998156313
290363,621.161193193528
290364,716.3137158380262
290365,290.99816567400387
290366,1452.536640226196
290367,1239.3229676538172
290368,776.7423610317138
290369,871.894883676212
290370,-517.9354291808529
290371,643.6030453713391
290372,430.3893727989604
290373,-32.191233823142966
290374,62.96128882135531
290375,-70.51469048578633
290376,1091.0237840664058
290377,877.810111494027
290378,415.2295048719236
290379,510.3820275164218
290380,85.06647735239949
290381,1246.6049519045916
290382,1033.391279332213
290383,570.8106727101094
290384,665.9631953546076
290385,-1142.8277740816366
290386,18.71070047055548
290387,-194.50297210182316
290388,-657.0835787239266
290389,-561.9310560794283
290390,-695.4070353865698
290391,466.13143916562206
290392,252.9177665932434
290393,-209.66284002885993
290394,-114.51031738436177
290395,-539.8258675483842
290396,621.7126070038079
290397,408.4989344314291
290398,-54.081672190674226
290399,41.07085045382405
290400,363.3361084059221
290401,1524.8745829581142
290402,1311.6609103857354
290403,849.0803037636321
290404,944.2328264081302
290405,810.7568471009887
290406,1972.2953216531807
290407,1759.081649080802
290408,1296.5010424586985
290409,1391.6535651031968
290410,966.3380149391746
290411,2127.8764894913666
290412,1914.6628169189878
290413,1452.0822102968846
290414,1547.2347329413828
290415,-197.14152990567754
290416,964.3969446465146
290417,751.1832720741359
290418,288.6026654520325
290419,383.7551880965307
290420,250.27920878938914
290421,1411.8176833415812
290422,1198.6040107692024
290423,736.0234041470992
290424,831.1759267915972
290425,405.86037662757496
290426,1567.398851179767
290427,1354.1851786073885
290428,891.604571985285
290429,986.7570946297832
290430,-307.7378303272492
290431,853.8006442249429
290432,640.5869716525642
290433,178.00636503046076
290434,273.158887674959
290435,139.6829083678175
290436,1301.2213829200095
290437,1088.0077103476308
290438,625.4271037255274
290439,720.5796263700256
290440,295.2640762060034
290441,1456.8025507581956
290442,1243.5888781858166
290443,781.0082715637134
290444,876.1607942082115
290445,-299.66449238597284
290446,861.8739821662192
290447,648.6603095938405
290448,186.0797029717371
290449,281.23222561623527
290450,147.75624630909385
290451,1309.294720861286
290452,1096.0810482889071
290453,633.5004416668038
290454,728.652964311302
290455,303.33741414727973
290456,1464.875888699472
290457,1251.662216127093
290458,789.0816095049896
290459,884.2341321494878
290460,-505.5961807075771
290461,655.9422938446148
290462,442.72862127223624
290463,-19.851985349867164
290464,75.30053729463111
290465,-58.17544201251053
290466,1103.3630325396814
290467,890.1493599673028
290468,427.5687533451994
290469,522.7212759896976
290470,97.40572582567529
290471,1258.9442003778672
290472,1045.7305278054887
290473,583.1499211833852
290474,678.3024438278834
290475,-1130.4885256083608
290476,31.049948943831282
290477,-182.16372362854747
290478,-644.7443302506508
290479,-549.5918076061528
290480,-683.0677869132942
290481,478.4706876388979
290482,265.2570150665191
290483,-197.32359155558424
290484,-102.17106891108608
290485,-527.4866190751084
290486,634.0518554770837
290487,420.838182904705
290488,-41.742423717398424
290489,53.41009892709974
290490,375.67535687919786
290491,1537.2138314313897
290492,1324.0001588590112
290493,861.4195522369077
290494,956.572074881406
290495,823.0960955742645
290496,1984.6345701264565
290497,1771.4208975540778
290498,1308.8402909319743
290499,1403.9928135764726
290500,978.6772634124504
290501,2140.2157379646424
290502,1927.0020653922636
290503,1464.4214587701604
290504,1559.5739814146584
290505,-184.80228143240174
290506,976.7361931197904
290507,763.5225205474117
290508,300.94191392530826
290509,396.0944365698065
290510,262.61845726266495
290511,1424.156931814857
290512,1210.9432592424782
290513,748.362652620375
290514,843.515175264873
290515,418.1996251008508
290516,1579.738099653043
290517,1366.5244270806643
290518,903.9438204585608
290519,999.096343103059
290520,-218.86647685524622
290521,942.6719976969458
290522,729.458325124567
290523,266.87771850246367
290524,362.0302411469619
290525,228.55426183982036
290526,1390.0927363920123
290527,1176.8790638196338
290528,714.2984571975303
290529,809.4509798420285
290530,384.1354296780062
290531,1545.673904230198
290532,1332.4602316578193
290533,869.8796250357161
290534,965.0321476802144
290535,-210.79313891396987
290536,950.7453356382221
290537,737.5316630658433
290538,274.95105644373996
290539,370.1035790882382
290540,236.6275997810967
290541,1398.1660743332886
290542,1184.9524017609099
290543,722.3717951388066
290544,817.5243177833048
290545,392.2087676192825
290546,1553.7472421714745
290547,1340.5335695990957
290548,877.9529629769925
290549,973.1054856214906
290550,-416.72482723557437
290551,744.8136473166178
290552,531.599974744239
290553,69.01936812213557
290554,164.17189076663385
290555,30.695911459492322
290556,1192.2343860116844
290557,979.0207134393056
290558,516.4401068172023
290559,611.5926294617004
290560,186.27707929767803
290561,1347.8155538498702
290562,1134.6018812774914
290563,672.021274655388
290564,767.1737972998862
290565,-1041.617172136358
290566,119.92130241583413
290567,-93.29237015654462
290568,-555.8729767786481
290569,-460.7204541341498
290570,-594.1964334412912
290571,567.3420411109007
290572,354.12836853852195
290573,-108.45223808358139
290574,-13.29971543908323
290575,-438.6152656031056
290576,722.9232089490865
290577,509.7095363767078
290578,47.128929754604314
290579,142.2814523991026
290580,464.5467103512007
290581,1626.085184903393
290582,1412.871512331014
290583,950.2909057089107
290584,1045.443428353409
290585,911.9674490462673
290586,2073.505923598459
290587,1860.2922510260807
290588,1397.7116444039775
290589,1492.8641670484756
290590,1067.5486168844532
290591,2229.087091436645
290592,2015.8734188642666
290593,1553.292812242163
290594,1648.4453348866614
290595,-95.93092796039878
290596,1065.6075465917934
290597,852.3938740194145
290598,389.81326739731117
290599,484.9657900418093
290600,351.48981073466786
290601,1513.02828528686
290602,1299.8146127144812
290603,837.2340060923779
290604,932.386528736876
290605,507.07097857285373
290606,1668.6094531250455
290607,1455.395780552667
290608,992.8151739305636
290609,1087.9676965750618
290610,-206.52722838197042
290611,955.0112461702216
290612,741.7975735978429
290613,279.2169669757395
290614,374.3694896202377
290615,240.89351031309621
290616,1402.431984865288
290617,1189.2183122929096
290618,726.6377056708061
290619,821.7902283153043
290620,396.4746781512821
290621,1558.0131527034741
290622,1344.7994801310954
290623,882.2188735089919
290624,977.3713961534902
290625,-198.45389044069407
290626,963.0845841114979
290627,749.8709115391191
290628,287.29030491701576
290629,382.44282756151404
290630,248.96684825437245
290631,1410.5053228065644
290632,1197.291650234186
290633,734.7110436120824
290634,829.8635662565806
290635,404.5480160925583
290636,1566.0864906447505
290637,1352.8728180723715
290638,890.2922114502683
290639,985.4447340947664
290640,-404.38557876229856
290641,757.1528957898936
290642,543.9392232175148
290643,81.35861659541149
290644,176.51113923990965
290645,43.03515993276824
290646,1204.5736344849602
290647,991.3599619125814
290648,528.7793552904781
290649,623.9318779349762
290650,198.61632777095394
290651,1360.154802323146
290652,1146.9411297507672
290653,684.3605231286639
290654,779.513045773162
290655,-1029.2779236630822
290656,132.26055088910994
290657,-80.95312168326882
290658,-543.5337283053723
290659,-448.381205660874
290660,-581.8571849680154
290661,579.6812895841765
290662,366.4676170117978
290663,-96.11298961030548
290664,-0.9604669658073135
290665,-426.2760171298298
290666,735.2624574223623
290667,522.0487848499836
290668,59.46817822788023
290669,154.6207008723784
290670,476.88595882447663
290671,1638.4244333766687
290672,1425.2107608042897
290673,962.6301541821865
290674,1057.7826768266848
290675,924.3066975195431
290676,2085.845172071735
290677,1872.6314994993566
290678,1410.0508928772533
290679,1505.2034155217514
290680,1079.887865357729
290681,2241.426339909921
290682,2028.2126673375424
290683,1565.632060715439
290684,1660.7845833599372
290685,-83.59167948712297
290686,1077.9467950650692
290687,864.7331224926903
290688,402.15251587058697
290689,497.3050385150852
290690,363.8290592079436
290691,1525.3675337601358
290692,1312.153861187757
290693,849.5732545656537
290694,944.7257772101518
290695,519.4102270461294
290696,1680.9487015983216
290697,1467.7350290259428
290698,1005.1544224038394
290699,1100.3069450483376
290700,-357.08635978493385
290701,804.4521147672581
290702,591.2384421948793
290703,128.65783557277598
290704,223.81035821727414
290705,90.33437891013273
290706,1251.8728534623247
290707,1038.6591808899461
290708,576.0785742678427
290709,671.2310969123408
290710,245.9155467483186
290711,1407.4540213005107
290712,1194.240348728132
290713,731.6597421060285
290714,826.8122647505268
290715,-349.0130218436577
290716,812.5254527085344
290717,599.3117801361557
290718,136.73117351405222
290719,231.8836961585505
290720,98.40771685140908
290721,1259.946191403601
290722,1046.7325188312225
290723,584.151912209119
290724,679.3044348536172
290725,253.98888468959484
290726,1415.527359241787
290727,1202.313686669408
290728,739.7330800473048
290729,834.885602691803
290730,-554.944710165262
290731,606.5937643869302
290732,393.3800918145514
290733,-69.20051480755194
290734,25.952007836946336
290735,-107.5239714701953
290736,1054.0145030819967
290737,840.800830509618
290738,378.22022388751463
290739,473.3727465320128
290740,48.0571963679904
290741,1209.5956709201826
290742,996.3819983478038
290743,533.8013917257005
290744,628.9539143701986
290745,-1179.8370550660457
290746,-18.298580513853494
290747,-231.51225308623225
290748,-694.0928597083357
290749,-598.9403370638374
290750,-732.4163163709788
290751,429.12215818121314
290752,215.90848560883433
290753,-246.67212101326902
290754,-151.51959836877086
290755,-576.8351485327933
290756,584.7033260193989
290757,371.48965344702015
290758,-91.09095317508331
290759,4.061569469414962
290760,326.3268274215131
290761,1487.865301973705
290762,1274.6516294013263
290763,812.0710227792231
290764,907.2235454237211
290765,773.7475661165797
290766,1935.2860406687716
290767,1722.072368096393
290768,1259.4917614742897
290769,1354.6442841187877
290770,929.3287339547655
290771,2090.8672085069575
290772,1877.653535934579
290773,1415.0729293124755
290774,1510.2254519569738
290775,-234.1508108900864
290776,927.3876636621055
290777,714.1739910897269
290778,251.59338446762342
290779,346.7459071121217
290780,213.26992780498017
290781,1374.8084023571723
290782,1161.5947297847933
290783,699.0141231626901
290784,794.1666458071883
290785,368.85109564316605
290786,1530.3895701953581
290787,1317.1758976229794
290788,854.5952910008759
290789,949.7478136453742
290790,-344.7471113116583
290791,816.7913632405339
290792,603.5776906681551
290793,140.99708404605178
290794,236.14960669054994
290795,102.67362738340853
290796,1264.2121019356005
290797,1050.998429363222
290798,588.4178227411185
290799,683.5703453856166
290800,258.25479522159435
290801,1419.7932697737865
290802,1206.5795972014075
290803,743.9989905793043
290804,839.1515132238025
290805,-336.6737733703819
290806,824.8647011818102
290807,611.6510286094315
290808,149.07042198732802
290809,244.2229446318263
290810,110.74696532468488
290811,1272.2854398768768
290812,1059.071767304498
290813,596.4911606823948
290814,691.643683326893
290815,266.3281331628707
290816,1427.8666077150629
290817,1214.6529351426839
290818,752.0723285205806
290819,847.2248511650788
290820,-542.6054616919862
290821,618.933012860206
290822,405.71934028782715
290823,-56.86126633427625
290824,38.291256310222025
290825,-95.18472299691962
290826,1066.3537515552725
290827,853.1400789828938
290828,390.55947236079044
290829,485.71199500528854
290830,60.396444841266316
290831,1221.9349193934584
290832,1008.7212468210796
290833,546.1406401989761
290834,641.2931628434744
290835,-1167.4978065927698
290836,-5.959332040577692
290837,-219.17300461295656
290838,-681.7536112350599
290839,-586.6010885905619
290840,-720.077067897703
290841,441.4614066544888
290842,228.24773408211013
290843,-234.33287253999322
290844,-139.18034989549506
290845,-564.4959000595175
290846,597.0425744926747
290847,383.82890192029595
290848,-78.75170470180751
290849,16.400817942690765
290850,338.66607589478883
290851,1500.204550446981
290852,1286.9908778746021
290853,824.4102712524989
290854,919.562793896997
290855,786.0868145898555
290856,1947.6252891420474
290857,1734.4116165696687
290858,1271.8310099475657
290859,1366.9835325920637
290860,941.6679824280413
290861,2103.2064569802333
290862,1889.9927844078547
290863,1427.4121777857513
290864,1522.5647004302496
290865,-221.81156241681072
290866,939.7269121353814
290867,726.5132395630026
290868,263.9326329408992
290869,359.08515558539744
290870,225.60917627825597
290871,1387.147650830448
290872,1173.9339782580691
290873,711.3533716359659
290874,806.5058942804641
290875,381.1903441164418
290876,1542.728818668634
290877,1329.5151460962552
290878,866.9345394741517
290879,962.08706211865
290880,-332.40786283838247
290881,829.1306117138097
290882,615.9169391414309
290883,153.33633251932758
290884,248.4888551638258
290885,115.01287585668422
290886,1276.5513504088763
290887,1063.3376778364977
290888,600.7570712143943
290889,695.9095938588924
290890,270.59404369487015
290891,1432.132518247062
290892,1218.9188456746836
290893,756.3382390525801
290894,851.4907616970783
290895,-324.3345248971061
290896,837.203949655086
290897,623.9902770827073
290898,161.40967046060382
290899,256.5621931051021
290900,123.08621379796057
290901,1284.6246883501526
290902,1071.4110157777739
290903,608.8304091556706
290904,703.9829318001688
290905,278.6673816361464
290906,1440.2058561883384
290907,1226.9921836159597
290908,764.4115769938563
290909,859.5640996383546
290910,-530.2662132187104
290911,631.2722613334817
290912,418.058588761103
290913,-44.522017861000336
290914,50.63050478349783
290915,-82.84547452364382
290916,1078.6930000285483
290917,865.4793274561696
290918,402.89872083406624
290919,498.05124347856434
290920,72.735693314542
290921,1234.2741678667342
290922,1021.0604952943554
290923,558.479888672252
290924,653.6324113167502
290925,-1155.158558119494
290926,6.379916432697996
290927,-206.83375613968064
290928,-669.4143627617841
290929,-574.2618401172858
290930,-707.7378194244272
290931,453.8006551277647
290932,240.586982555386
290933,-221.9936240667173
290934,-126.84110142221925
290935,-552.1566515862417
290936,609.3818229659505
290937,396.16815039357175
290938,-66.4124562285316
290939,28.740066415966567
290940,351.00532436806463
290941,1512.543798920257
290942,1299.330126347878
290943,836.7495197257747
290944,931.9020423702729
290945,798.4260630631312
290946,1959.9645376153233
290947,1746.7508650429445
290948,1284.1702584208413
290949,1379.3227810653393
290950,954.0072309013171
290951,2115.545705453509
290952,1902.3320328811305
290953,1439.751426259027
290954,1534.9039489035254
290955,-209.4723139435348
290956,952.0661606086572
290957,738.8524880362785
290958,276.2718814141751
290959,371.4244040586733
290960,237.94842475153177
290961,1399.486899303724
290962,1186.273226731345
290963,723.6926201092418
290964,818.84514275374
290965,393.5295925897177
290966,1555.0680671419095
290967,1341.854394569531
290968,879.2737879474275
290969,974.4263105919258
290970,-320.06861436510644
290971,841.4698601870855
290972,628.2561876147067
290973,165.6755809926034
290974,260.8281036371016
290975,127.35212432996013
290976,1288.890598882152
290977,1075.6769263097735
290978,613.0963196876701
290979,708.2488423321682
290980,282.933292168146
290981,1444.471766720338
290982,1231.2580941479594
290983,768.6774875258559
290984,863.8300101703541
290985,-311.9952764238303
290986,849.5431981283618
290987,636.3295255559831
290988,173.74891893387962
290989,268.9014415783779
290990,135.42546227123648
290991,1296.9639368234284
290992,1083.7502642510497
290993,621.1696576289464
290994,716.3221802734445
290995,291.00663010942225
290996,1452.5451046616145
290997,1239.3314320892355
290998,776.7508254671322
290999,871.9033481116304
291000,-517.9269647454346
291001,643.6115098067575
291002,430.3978372343788
291003,-32.182769387724534
291004,62.96975325677374
291005,-70.5062260503679
291006,1091.0322485018241
291007,877.8185759294454
291008,415.23796930734204
291009,510.3904919518402
291010,85.0749417878178
291011,1246.61341634001
291012,1033.3997437676312
291013,570.8191371455277
291014,665.971659790026
291015,-1142.8193096462182
291016,18.719164905973912
291017,-194.49450766640484
291018,-657.0751142885083
291019,-561.92259164401
291020,-695.3985709511514
291021,466.1399036010405
291022,252.92623102866173
291023,-209.6543755934416
291024,-114.50185294894345
291025,-539.8174031129658
291026,621.7210714392263
291027,408.50739886684755
291028,-54.07320775525591
291029,41.07931488924237
291030,363.3445728413405
291031,1524.8830473935325
291032,1311.6693748211537
291033,849.0887681990505
291034,944.2412908435485
291035,810.7653115364071
291036,1972.303786088599
291037,1759.0901135162203
291038,1296.509506894117
291039,1391.6620295386151
291040,966.346479374593
291041,2127.884953926785
291042,1914.6712813544063
291043,1452.090674732303
291044,1547.2431973768012
291045,-197.13306547025923
291046,964.4054090819329
291047,751.1917365095543
291048,288.61112988745083
291049,383.7636525319491
291050,250.28767322480752
291051,1411.8261477769997
291052,1198.6124752046208
291053,736.0318685825175
291054,831.1843912270157
291055,405.86884106299334
291056,1567.4073156151856
291057,1354.1936430428068
291058,891.6130364207033
291059,986.7655590652016
291060,-307.72936589183064
291061,853.8091086603613
291062,640.5954360879826
291063,178.0148294658793
291064,273.1673521103774
291065,139.69137280323594
291066,1301.2298473554279
291067,1088.0161747830493
291068,625.4355681609459
291069,720.588090805444
291070,295.27254064142176
291071,1456.811015193614
291072,1243.597342621235
291073,781.0167359991317
291074,876.1692586436299
291075,-299.6560279505543
291076,861.8824466016376
291077,648.6687740292589
291078,186.08816740715554
291079,281.2406900516537
291080,147.76471074451229
291081,1309.3031852967042
291082,1096.0895127243255
291083,633.5089061022222
291084,728.6614287467204
291085,303.3458785826981
291086,1464.8843531348903
291087,1251.6706805625113
291088,789.090073940408
291089,884.2425965849062
291090,-505.5877162721588
291091,655.9507582800334
291092,442.73708570765456
291093,-19.843520914448845
291094,75.30900173004943
291095,-58.1669775770921
291096,1103.3714969751
291097,890.1578244027212
291098,427.57721778061784
291099,522.729740425116
291100,97.41419026109372
291101,1258.9526648132858
291102,1045.738992240907
291103,583.1583856188037
291104,678.3109082633018
291105,-1130.4800611729422
291106,31.058413379249714
291107,-182.15525919312904
291108,-644.7358658152323
291109,-549.5833431707342
291110,-683.0593224778756
291111,478.47915207431623
291112,265.26547950193753
291113,-197.3151271201658
291114,-102.16260447566765
291115,-527.47815463969
291116,634.060319912502
291117,420.84664734012335
291118,-41.733959281980106
291119,53.41856336251817
291120,375.6838213146163
291121,1537.2222958668083
291122,1324.0086232944295
291123,861.4280166723263
291124,956.5805393168243
291125,823.1045600096829
291126,1984.6430345618749
291127,1771.429361989496
291128,1308.8487553673929
291129,1404.001278011891
291130,978.6857278478687
291131,2140.2242024000607
291132,1927.010529827682
291133,1464.4299232055787
291134,1559.582445850077
291135,-184.7938169969832
291136,976.7446575552088
291137,763.5309849828301
291138,300.9503783607267
291139,396.1029010052249
291140,262.6269216980834
291141,1424.1653962502753
291142,1210.9517236778966
291143,748.3711170557933
291144,843.5236397002915
291145,418.2080895362692
291146,1579.7465640884614
291147,1366.5328915160826
291148,903.9522848939791
291149,999.1048075384774
291150,-218.8580124198279
291151,942.6804621323643
291152,729.4667895599854
291153,266.8861829378821
291154,362.0387055823803
291155,228.5627262752388
291156,1390.1012008274308
291157,1176.887528255052
291158,714.3069216329487
291159,809.4594442774469
291160,384.1438941134246
291161,1545.6823686656167
291162,1332.468696093238
291163,869.8880894711345
291164,965.0406121156327
291165,-210.78467447855155
291166,950.7538000736405
291167,737.5401275012617
291168,274.9595208791584
291169,370.1120435236566
291170,236.63606421651514
291171,1398.174538768707
291172,1184.9608661963284
291173,722.3802595742251
291174,817.5327822187232
291175,392.21723205470096
291176,1553.755706606893
291177,1340.5420340345142
291178,877.9614274124108
291179,973.1139500569091
291180,-416.71636280015605
291181,744.8221117520361
291182,531.6084391796574
291183,69.02783255755412
291184,164.18035520205228
291185,30.704375894910754
291186,1192.2428504471027
291187,979.0291778747239
291188,516.4485712526207
291189,611.6010938971189
291190,186.28554373309646
291191,1347.8240182852885
291192,1134.6103457129097
291193,672.0297390908064
291194,767.1822617353047
291195,-1041.6087077009397
291196,119.92976685125245
291197,-93.2839057211263
291198,-555.8645123432298
291199,-460.7119896987315
291200,-594.1879690058729
291201,567.3505055463191
291202,354.1368329739404
291203,-108.44377364816296
291204,-13.291251003664797
291205,-438.6068011676873
291206,722.931673384505
291207,509.7180008121262
291208,47.13739419002286
291209,142.28991683452102
291210,464.55517478661915
291211,1626.0936493388112
291212,1412.8799767664325
291213,950.2993701443293
291214,1045.4518927888273
291215,911.9759134816857
291216,2073.514388033878
291217,1860.300715461499
291218,1397.7201088393958
291219,1492.872631483894
291220,1067.5570813198715
291221,2229.0955558720634
291222,2015.8818832996851
291223,1553.3012766775817
291224,1648.4537993220797
291225,-95.92246352498023
291226,1065.6160110272117
291227,852.402338454833
291228,389.8217318327296
291229,484.97425447722776
291230,351.49827517008623
291231,1513.0367497222783
291232,1299.8230771498995
291233,837.2424705277963
291234,932.3949931722943
291235,507.07944300827216
291236,1668.6179175604643
291237,1455.4042449880853
291238,992.8236383659821
291239,1087.9761610104802
291240,-206.51876394655187
291241,955.01971060564
291242,741.8060380332613
291243,279.22543141115796
291244,374.3779540556561
291245,240.90197474851465
291246,1402.4404493007066
291247,1189.2267767283279
291248,726.6461701062245
291249,821.7986927507227
291250,396.48314258670047
291251,1558.0216171388925
291252,1344.807944566514
291253,882.2273379444104
291254,977.3798605889085
291255,-198.44542600527575
291256,963.0930485469163
291257,749.8793759745375
291258,287.2987693524342
291259,382.45129199693247
291260,248.97531268979088
291261,1410.5137872419828
291262,1197.3001146696042
291263,734.7195080475009
291264,829.872030691999
291265,404.5564805279767
291266,1566.0949550801688
291267,1352.88128250779
291268,890.3006758856866
291269,985.4531985301849
291270,-404.37711432688
291271,757.1613602253119
291272,543.9476876529333
291273,81.36708103082992
291274,176.5196036753282
291275,43.043624368186556
291276,1204.5820989203785
291277,991.3684263479997
291278,528.7878197258965
291279,623.9403423703947
291280,198.62479220637238
291281,1360.1632667585643
291282,1146.9495941861855
291283,684.3689875640823
291284,779.5215102085805
291285,-1029.2694592276637
291286,132.26901532452825
291287,-80.94465724785027
291288,-543.5252638699537
291289,-448.37274122545546
291290,-581.8487205325971
291291,579.689754019595
291292,366.4760814472162
291293,-96.10452517488704
291294,-0.9520025303888815
291295,-426.2675526944113
291296,735.2709218577808
291297,522.057249285402
291298,59.47664266329866
291299,154.62916530779694
291300,476.89442325989506
291301,1638.432897812087
291302,1425.2192252397083
291303,962.6386186176051
291304,1057.791141262103
291305,924.3151619549616
291306,2085.8536365071536
291307,1872.6399639347749
291308,1410.0593573126716
291309,1505.2118799571697
291310,1079.8963297931475
291311,2241.434804345339
291312,2028.221131772961
291313,1565.6405251508575
291314,1660.7930477953555
291315,-83.58321505170454
291316,1077.9552595004875
291317,864.7415869281087
291318,402.1609803060054
291319,497.3135029505036
291320,363.83752364336203
291321,1525.375998195554
291322,1312.1623256231753
291323,849.5817190010721
291324,944.7342416455701
291325,519.4186914815479
291326,1680.95716603374
291327,1467.7434934613611
291328,1005.1628868392578
291329,1100.315409483756
291330,-357.07789534951553
291331,804.4605792026765
291332,591.2469066302979
291333,128.6663000081944
291334,223.8188226526927
291335,90.34284334555116
291336,1251.881317897743
291337,1038.6676453253644
291338,576.0870387032611
291339,671.2395613477593
291340,245.92401118373698
291341,1407.462485735929
291342,1194.2488131635503
291343,731.6682065414469
291344,826.8207291859451
291345,-349.0045574082392
291346,812.5339171439529
291347,599.3202445715741
291348,136.73963794947076
291349,231.89216059396892
291350,98.41618128682751
291351,1259.9546558390193
291352,1046.7409832666408
291353,584.1603766445373
291354,679.3128992890355
291355,253.99734912501322
291356,1415.5358236772054
291357,1202.3221511048266
291358,739.7415444827232
291359,834.8940671272214
291360,-554.9362457298437
291361,606.6022288223485
291362,393.3885562499697
291363,-69.19205037213362
291364,25.960472272364655
291365,-107.51550703477687
291366,1054.022967517415
291367,840.8092949450363
291368,378.22868832293307
291369,473.3812109674312
291370,48.06566080340883
291371,1209.604135355601
291372,996.3904627832222
291373,533.8098561611189
291374,628.962378805617
291375,-1179.8285906306273
291376,-18.290116078435062
291377,-231.50378865081382
291378,-694.0843952729174
291379,-598.9318726284191
291380,-732.4078519355605
291381,429.13062261663146
291382,215.91695004425276
291383,-246.6636565778506
291384,-151.51113393335243
291385,-576.8266840973749
291386,584.7117904548172
291387,371.4981178824386
291388,-91.08248873966488
291389,4.0700339048333944
291390,326.3352918569315
291391,1487.8737664091236
291392,1274.6600938367449
291393,812.0794872146414
291394,907.2320098591397
291395,773.7560305519982
291396,1935.29450510419
291397,1722.0808325318114
291398,1259.5002259097082
291399,1354.6527485542063
291400,929.337198390184
291401,2090.875672942376
291402,1877.6620003699973
291403,1415.0813937478938
291404,1510.233916392392
291405,-234.1423464546681
291406,927.3961280975241
291407,714.1824555251453
291408,251.60184890304186
291409,346.75437154754013
291410,213.2783922403986
291411,1374.8168667925906
291412,1161.603194220212
291413,699.0225875981085
291414,794.1751102426067
291415,368.8595600785844
291416,1530.3980346307765
291417,1317.1843620583977
291418,854.6037554362944
291419,949.7562780807925
291420,-344.7386468762397
291421,816.7998276759523
291422,603.5861551035736
291423,141.0055484814702
291424,236.15807112596838
291425,102.68209181882685
291426,1264.2205663710188
291427,1051.0068937986402
291428,588.4262871765368
291429,683.5788098210351
291430,258.2632596570128
291431,1419.8017342092048
291432,1206.588061636826
291433,744.0074550147227
291434,839.1599776592209
291435,-336.6653089349634
291436,824.8731656172287
291437,611.6594930448499
291438,149.07888642274656
291439,244.23140906724473
291440,110.7554297601032
291441,1272.2939043122951
291442,1059.0802317399166
291443,596.4996251178131
291444,691.6521477623113
291445,266.33659759828913
291446,1427.8750721504812
291447,1214.6613995781024
291448,752.080792955999
291449,847.2333156004972
291450,-542.5969972565676
291451,618.9414772956243
291452,405.7278047232456
291453,-56.852801898857706
291454,38.29972074564046
291455,-95.17625856150119
291456,1066.3622159906909
291457,853.1485434183121
291458,390.5679367962088
291459,485.720459440707
291460,60.40490927668475
291461,1221.943383828877
291462,1008.729711256498
291463,546.1491046343946
291464,641.3016272788929
291465,-1167.4893421573513
291466,-5.950867605159374
291467,-219.16454017753802
291468,-681.7451467996414
291469,-586.5926241551431
291470,-720.0686034622847
291471,441.46987108990726
291472,228.25619851752856
291473,-234.3244081045748
291474,-139.17188546007662
291475,-564.4874356240989
291476,597.051038928093
291477,383.8373663557144
291478,-78.74324026638897
291479,16.409282378109197
291480,338.67454033020726
291481,1500.2130148823994
291482,1286.9993423100207
291483,824.4187356879172
291484,919.5712583324155
291485,786.0952790252738
291486,1947.6337535774658
291487,1734.420081005087
291488,1271.839474382984
291489,1366.991997027482
291490,941.6764468634598
291491,2103.2149214156516
291492,1890.0012488432733
291493,1427.4206422211696
291494,1522.5731648656679
291495,-221.80309798139228
291496,939.7353765707998
291497,726.5217039984211
291498,263.94109737631766
291499,359.0936200208159
291500,225.6176407136743
291501,1387.1561152658664
291502,1173.9424426934877
291503,711.3618360713843
291504,806.5143587158825
291505,381.1988085518602
291506,1542.7372831040523
291507,1329.5236105316735
291508,866.9430039095702
291509,962.0955265540683
291510,-332.3993984029639
291511,829.1390761492281
291512,615.9254035768495
291513,153.34479695474602
291514,248.49731959924424
291515,115.02134029210265
291516,1276.5598148442948
291517,1063.346142271916
291518,600.7655356498126
291519,695.9180582943109
291520,270.6025081302885
291521,1432.1409826824806
291522,1218.9273101101019
291523,756.3467034879985
291524,851.4992261324967
291525,-324.3260604616878
291526,837.2124140905045
291527,623.9987415181257
291528,161.41813489602237
291529,256.57065754052053
291530,123.094678233379
291531,1284.633152785571
291532,1071.4194802131924
291533,608.8388735910889
291534,703.9913962355871
291535,278.67584607156476
291536,1440.214320623757
291537,1227.0006480513782
291538,764.4200414292748
291539,859.572564073773
291540,-530.2577487832921
291541,631.2807257689001
291542,418.06705319652144
291543,-44.513553425581904
291544,50.63896921891626
291545,-82.83701008822538
291546,1078.7014644639667
291547,865.4877918915879
291548,402.9071852694846
291549,498.0597079139828
291550,72.74415774996032
291551,1234.2826323021525
291552,1021.0689597297738
291553,558.4883531076704
291554,653.6408757521687
291555,-1155.1500936840757
291556,6.388380868116428
291557,-206.82529170426233
291558,-669.4058983263658
291559,-574.2533756818675
291560,-707.7293549890089
291561,453.8091195631831
291562,240.59544699080442
291563,-221.98515963129898
291564,-126.83263698680082
291565,-552.1481871508233
291566,609.3902874013689
291567,396.1766148289902
291568,-66.40399179311316
291569,28.748530851385
291570,351.01378880348307
291571,1512.5522633556752
291572,1299.3385907832965
291573,836.7579841611931
291574,931.9105068056913
291575,798.4345274985496
291576,1959.9730020507418
291577,1746.759329478363
291578,1284.1787228562598
291579,1379.3312455007579
291580,954.0156953367355
291581,2115.5541698889274
291582,1902.3404973165489
291583,1439.7598906944456
291584,1534.9124133389437
291585,-209.46384950811637
291586,952.0746250440757
291587,738.8609524716969
291588,276.2803458495935
291589,371.43286849409174
291590,237.9568891869502
291591,1399.4953637391422
291592,1186.2816911667635
291593,723.7010845446601
291594,818.8536071891583
291595,393.5380570251361
291596,1555.0765315773283
291597,1341.8628590049493
291598,879.282252382846
291599,974.4347750273441
291600,-320.0601499296881
291601,841.4783246225039
291602,628.2646520501252
291603,165.68404542802182
291604,260.83656807252004
291605,127.36058876537857
291606,1288.8990633175704
291607,1075.6853907451919
291608,613.1047841230884
291609,708.2573067675867
291610,282.9417566035644
291611,1444.4802311557564
291612,1231.2665585833777
291613,768.6859519612743
291614,863.8384746057725
291615,-311.9868119884118
291616,849.5516625637803
291617,636.3379899914015
291618,173.75738336929817
291619,268.90990601379633
291620,135.43392670665492
291621,1296.9724012588467
291622,1083.7587286864682
291623,621.1781220643647
291624,716.3306447088629
291625,291.0150945448406
291626,1452.5535690970328
291627,1239.339896524654
291628,776.7592899025506
291629,871.9118125470488
291630,-517.9185003100163
291631,643.6199742421759
291632,430.40630166979713
291633,-32.174304952306215
291634,62.97821769219206
291635,-70.49776161494947
291636,1091.0407129372425
291637,877.8270403648637
291638,415.2464337427604
291639,510.3989563872586
291640,85.08340622323624
291641,1246.6218807754283
291642,1033.4082082030495
291643,570.8276015809462
291644,665.9801242254445
291645,-1142.8108452107997
291646,18.727629341392344
291647,-194.4860432309864
291648,-657.0666498530898
291649,-561.9141272085915
291650,-695.3901065157331
291651,466.1483680364588
291652,252.93469546408016
291653,-209.64591115802318
291654,-114.49338851352502
291655,-539.8089386775475
291656,621.7295358746446
291657,408.5158633022659
291658,-54.064743319837476
291659,41.0877793246608
291660,363.3530372767589
291661,1524.891511828951
291662,1311.6778392565723
291663,849.0972326344688
291664,944.2497552789671
291665,810.7737759718256
291666,1972.3122505240174
291667,1759.0985779516388
291668,1296.5179713295356
291669,1391.6704939740337
291670,966.3549438100114
291671,2127.893418362203
291672,1914.6797457898247
291673,1452.0991391677212
291674,1547.2516618122195
291675,-197.12460103484068
291676,964.4138735173515
291677,751.2002009449727
291678,288.61959432286926
291679,383.77211696736754
291680,250.2961376602259
291681,1411.834612212418
291682,1198.6209396400393
291683,736.040333017936
291684,831.1928556624341
291685,405.8773054984117
291686,1567.4157800506039
291687,1354.2021074782251
291688,891.6215008561218
291689,986.7740235006199
291690,-307.7209014564123
291691,853.8175730957797
291692,640.603900523401
291693,178.02329390129762
291694,273.1758165457958
291695,139.69983723865425
291696,1301.2383117908462
291697,1088.0246392184677
291698,625.4440325963643
291699,720.5965552408625
291700,295.2810050768402
291701,1456.8194796290322
291702,1243.6058070566535
291703,781.0252004345501
291704,876.1777230790483
291705,-299.64756351513597
291706,861.890911037056
291707,648.6772384646773
291708,186.09663184257386
291709,281.24915448707213
291710,147.7731751799306
291711,1309.3116497321225
291712,1096.097977159744
291713,633.5173705376405
291714,728.6698931821387
291715,303.35434301811654
291716,1464.8928175703086
291717,1251.6791449979298
291718,789.0985383758264
291719,884.2510610203246
291720,-505.57925183674024
291721,655.9592227154517
291722,442.745550143073
291723,-19.8350564790303
291724,75.31746616546786
291725,-58.158513141673666
291726,1103.3799614105183
291727,890.1662888381395
291728,427.5856822160362
291729,522.7382048605343
291730,97.42265469651215
291731,1258.9611292487043
291732,1045.7474566763253
291733,583.1668500542221
291734,678.3193726987203
291735,-1130.471596737524
291736,31.066877814668032
291737,-182.1467947577106
291738,-644.727401379814
291739,-549.5748787353159
291740,-683.0508580424573
291741,478.48761650973466
291742,265.27394393735597
291743,-197.30666268474738
291744,-102.15414004024922
291745,-527.4696902042715
291746,634.0687843479204
291747,420.8551117755418
291748,-41.72549484656156
291749,53.4270277979366
291750,375.69228575003467
291751,1537.2307603022268
291752,1324.0170877298478
291753,861.4364811077446
291754,956.5890037522428
291755,823.1130244451012
291756,1984.6514989972932
291757,1771.4378264249146
291758,1308.8572198028112
291759,1404.0097424473095
291760,978.6941922832872
291761,2140.232666835479
291762,1927.0189942631005
291763,1464.438387640997
291764,1559.5909102854953
291765,-184.78535256156488
291766,976.7531219906272
291767,763.5394494182485
291768,300.95884279614506
291769,396.1113654406433
291770,262.63538613350175
291771,1424.1738606856939
291772,1210.960188113315
291773,748.3795814912118
291774,843.5321041357099
291775,418.21655397168763
291776,1579.7550285238797
291777,1366.541355951501
291778,903.9607493293976
291779,999.1132719738957
291780,-218.84954798440936
291781,942.6889265677826
291782,729.4752539954038
291783,266.89464737330053
291784,362.04717001779875
291785,228.5711907106571
291786,1390.1096652628491
291787,1176.8959926904704
291788,714.3153860683672
291789,809.4679087128653
291790,384.152358548843
291791,1545.690833101035
291792,1332.4771605286564
291793,869.896553906553
291794,965.0490765510511
291795,-210.776210043133
291796,950.7622645090589
291797,737.5485919366802
291798,274.9679853145768
291799,370.12050795907504
291800,236.64452865193346
291801,1398.1830032041255
291802,1184.9693306317467
291803,722.3887240096435
291804,817.5412466541416
291805,392.22569649011933
291806,1553.7641710423113
291807,1340.5504984699328
291808,877.9698918478292
291809,973.1224144923274
291810,-416.7078983647375
291811,744.8305761874545
291812,531.6169036150759
291813,69.03629699297244
291814,164.18881963747071
291815,30.712840330329072
291816,1192.2513148825212
291817,979.0376423101424
291818,516.457035688039
291819,611.6095583325373
291820,186.2940081685149
291821,1347.832482720707
291822,1134.6188101483283
291823,672.0382035262248
291824,767.1907261707231
291825,-1041.6002432655212
291826,119.93823128667088
291827,-93.27544128570776
291828,-555.8560479078112
291829,-460.70352526331294
291830,-594.1795045704546
291831,567.3589699817376
291832,354.1452974093588
291833,-108.43530921274453
291834,-13.282786568246365
291835,-438.59833673226876
291836,722.9401378199234
291837,509.7264652475446
291838,47.14585862544118
291839,142.29838126993945
291840,464.5636392220376
291841,1626.1021137742296
291842,1412.888441201851
291843,950.3078345797476
291844,1045.4603572242459
291845,911.9843779171041
291846,2073.5228524692966
291847,1860.3091798969174
291848,1397.7285732748142
291849,1492.8810959193124
291850,1067.56554575529
291851,2229.1040203074817
291852,2015.8903477351034
291853,1553.309741113
291854,1648.4622637574982
291855,-95.91399908956191
291856,1065.62447546263
291857,852.4108028902514
291858,389.83019626814803
291859,484.9827189126462
291860,351.50673960550466
291861,1513.0452141576966
291862,1299.831541585318
291863,837.2509349632147
291864,932.4034576077128
291865,507.08790744369054
291866,1668.6263819958826
291867,1455.4127094235039
291868,992.8321028014004
291869,1087.9846254458985
291870,-206.51029951113355
291871,955.0281750410584
291872,741.8145024686796
291873,279.23389584657633
291874,374.3864184910745
291875,240.91043918393302
291876,1402.448913736125
291877,1189.2352411637462
291878,726.654634541643
291879,821.8071571861411
291880,396.4916070221189
291881,1558.0300815743108
291882,1344.8164090019322
291883,882.2358023798288
291884,977.388325024327
291885,-198.43696156985732
291886,963.1015129823347
291887,749.887840409956
291888,287.3072337878526
291889,382.4597564323508
291890,248.98377712520926
291891,1410.522251677401
291892,1197.3085791050225
291893,734.7279724829193
291894,829.8804951274174
291895,404.56494496339513
291896,1566.1034195155871
291897,1352.8897469432084
291898,890.309140321105
291899,985.4616629656033
291900,-404.3686498914615
291901,757.1698246607303
291902,543.9561520883517
291903,81.37554546624835
291904,176.52806811074652
291905,43.05208880360499
291906,1204.590563355797
291907,991.3768907834183
291908,528.7962841613149
291909,623.9488068058131
291910,198.6332566417907
291911,1360.1717311939829
291912,1146.958058621604
291913,684.3774519995006
291914,779.5299746439989
291915,-1029.2609947922454
291916,132.2774797599468
291917,-80.93619281243195
291918,-543.5167994345354
291919,-448.36427679003714
291920,-581.8402560971788
291921,579.6982184550133
291922,366.4845458826346
291923,-96.09606073946873
291924,-0.9435380949705632
291925,-426.25908825899296
291926,735.2793862931991
291927,522.0657137208204
291928,59.48510709871698
291929,154.63762974321526
291930,476.90288769531344
291931,1638.4413622475054
291932,1425.2276896751266
291933,962.6470830530234
291934,1057.7996056975217
291935,924.32362639038
291936,2085.862100942572
291937,1872.6484283701932
291938,1410.06782174809
291939,1505.2203443925882
291940,1079.9047942285658
291941,2241.4432687807575
291942,2028.2295962083792
291943,1565.6489895862758
291944,1660.801512230774
291945,-83.57475061628611
291946,1077.9637239359058
291947,864.7500513635271
291948,402.1694447414238
291949,497.321967385922
291950,363.8459880787804
291951,1525.3844626309724
291952,1312.1707900585939
291953,849.5901834364904
291954,944.7427060809886
291955,519.4271559169663
291956,1680.9656304691582
291957,1467.7519578967795
291958,1005.1713512746762
291959,1100.3238739191745
291960,-357.069430914097
291961,804.469043638095
291962,591.2553710657162
291963,128.67476444361284
291964,223.827287088111
291965,90.35130778096959
291966,1251.8897823331615
291967,1038.6761097607828
291968,576.0955031386795
291969,671.2480257831776
291970,245.9324756191554
291971,1407.4709501713473
291972,1194.2572775989688
291973,731.6766709768654
291974,826.8291936213635
291975,-348.99609297282086
291976,812.5423815793712
291977,599.3287090069925
291978,136.74810238488908
291979,231.90062502938736
291980,98.42464572224594
291981,1259.9631202744379
291982,1046.7494477020591
291983,584.1688410799559
291984,679.3213637244539
291985,254.00581356043165
291986,1415.5442881126237
291987,1202.330615540245
291988,739.7500089181416
291989,834.9025315626398
291990,-554.9277812944251
291991,606.6106932577669
291992,393.39702068538816
291993,-69.18358593671519
291994,25.968936707783087
291995,-107.50704259935856
291996,1054.0314319528334
291997,840.8177593804547
291998,378.23715275835144
291999,473.3896754028496
292000,48.074125238827264
292001,1209.6125997910194
292002,996.3989272186407
292003,533.8183205965372
292004,628.9708432410355
292005,-1179.8201261952088
292006,-18.281651643016744
292007,-231.49532421539539
292008,-694.0759308374988
292009,-598.9234081930006
292010,-732.3993875001422
292011,429.1390870520499
292012,215.9254144796712
292013,-246.65519214243216
292014,-151.502669497934
292015,-576.8182196619564
292016,584.7202548902357
292017,371.506582317857
292018,-91.07402430424645
292019,4.0784983402518264
292020,326.3437562923499
292021,1487.882230844542
292022,1274.6685582721632
292023,812.0879516500598
292024,907.240474294558
292025,773.7644949874166
292026,1935.3029695396085
292027,1722.0892969672298
292028,1259.5086903451265
292029,1354.6612129896246
292030,929.3456628256024
292031,2090.884137377794
292032,1877.6704648054158
292033,1415.0898581833123
292034,1510.2423808278104
292035,-234.13388201924965
292036,927.4045925329424
292037,714.1909199605636
292038,251.6103133384603
292039,346.76283598295845
292040,213.28685667581703
292041,1374.825331228009
292042,1161.6116586556304
292043,699.031052033527
292044,794.1835746780251
292045,368.86802451400285
292046,1530.4064990661948
292047,1317.192826493816
292048,854.6122198717128
292049,949.764742516211
292050,-344.7301824408212
292051,816.8082921113707
292052,603.594619538992
292053,141.01401291688865
292054,236.1665355613868
292055,102.69055625424528
292056,1264.2290308064373
292057,1051.0153582340586
292058,588.4347516119553
292059,683.5872742564534
292060,258.27172409243116
292061,1419.8101986446231
292062,1206.5965260722446
292063,744.0159194501412
292064,839.1684420946393
292065,-336.65684449954483
292066,824.8816300526471
292067,611.6679574802683
292068,149.08735085816488
292069,244.23987350266316
292070,110.76389419552163
292071,1272.3023687477137
292072,1059.088696175335
292073,596.5080895532316
292074,691.6606121977297
292075,266.3450620337075
292076,1427.8835365858995
292077,1214.6698640135207
292078,752.0892573914174
292079,847.2417800359156
292080,-542.5885328211491
292081,618.9499417310427
292082,405.736269158664
292083,-56.84433746343939
292084,38.30818518105889
292085,-95.16779412608275
292086,1066.3706804261092
292087,853.1570078537305
292088,390.5764012316272
292089,485.72892387612535
292090,60.413373712103066
292091,1221.9518482642952
292092,1008.7381756919165
292093,546.157569069813
292094,641.3100917143113
292095,-1167.480877721933
292096,-5.942403169740942
292097,-219.1560757421197
292098,-681.736682364223
292099,-586.5841597197248
292100,-720.0601390268664
292101,441.4783355253257
292102,228.264662952947
292103,-234.31594366915635
292104,-139.1634210246582
292105,-564.4789711886804
292106,597.0595033635116
292107,383.84583079113276
292108,-78.73477583097065
292109,16.41774681352763
292110,338.6830047656257
292111,1500.2214793178177
292112,1287.0078067454392
292113,824.4272001233358
292114,919.5797227678339
292115,786.1037434606923
292116,1947.6422180128843
292117,1734.4285454405056
292118,1271.8479388184023
292119,1367.0004614629006
292120,941.6849112988782
292121,2103.2233858510704
292122,1890.0097132786916
292123,1427.4291066565881
292124,1522.5816293010864
292125,-221.79463354597385
292126,939.7438410062182
292127,726.5301684338394
292128,263.9495618117361
292129,359.1020844562343
292130,225.62610514909272
292131,1387.1645797012848
292132,1173.950907128906
292133,711.3703005068028
292134,806.5228231513009
292135,381.2072729872786
292136,1542.7457475394708
292137,1329.5320749670918
292138,866.9514683449886
292139,962.1039909894868
292140,-332.3909339675456
292141,829.1475405846465
292142,615.9338680122678
292143,153.35326139016445
292144,248.5057840346626
292145,115.02980472752108
292146,1276.5682792797131
292147,1063.3546067073344
292148,600.7740000852311
292149,695.9265227297292
292150,270.6109725657069
292151,1432.149447117899
292152,1218.9357745455204
292153,756.355167923417
292154,851.5076905679151
292155,-324.31759602626926
292156,837.2208785259228
292157,624.0072059535441
292158,161.42659933144068
292159,256.5791219759389
292160,123.10314266879743
292161,1284.6416172209892
292162,1071.4279446486107
292163,608.8473380265074
292164,703.9998606710055
292165,278.68431050698314
292166,1440.2227850591753
292167,1227.0091124867965
292168,764.4285058646932
292169,859.5810285091914
292170,-530.2492843478735
292171,631.2891902043185
292172,418.0755176319399
292173,-44.50508899016347
292174,50.64743365433469
292175,-82.82854565280695
292176,1078.709928899385
292177,865.4962563270063
292178,402.915649704903
292179,498.06817234940115
292180,72.75262218537875
292181,1234.291096737571
292182,1021.0774241651922
292183,558.4968175430888
292184,653.6493401875871
292185,-1155.1416292486572
292186,6.39684530353486
292187,-206.8168272688439
292188,-669.3974338909472
292189,-574.244911246449
292190,-707.7208905535906
292191,453.81758399860144
292192,240.60391142622274
292193,-221.97669519588067
292194,-126.8241725513825
292195,-552.139722715405
292196,609.3987518367873
292197,396.1850792644086
292198,-66.39552735769485
292199,28.756995286803317
292200,351.02225323890144
292201,1512.5607277910935
292202,1299.3470552187148
292203,836.7664485966116
292204,931.9189712411096
292205,798.4429919339681
292206,1959.9814664861601
292207,1746.7677939137816
292208,1284.1871872916781
292209,1379.3397099361764
292210,954.0241597721539
292211,2115.5626343243457
292212,1902.3489617519674
292213,1439.768355129864
292214,1534.920877774362
292215,-209.45538507269794
292216,952.083089479494
292217,738.8694169071152
292218,276.2888102850119
292219,371.4413329295101
292220,237.96535362236853
292221,1399.5038281745606
292222,1186.290155602182
292223,723.7095489800786
292224,818.8620716245767
292225,393.54652146055446
292226,1555.0849960127466
292227,1341.8713234403679
292228,879.2907168182644
292229,974.4432394627626
292230,-320.0516854942696
292231,841.4867890579224
292232,628.2731164855436
292233,165.69250986344014
292234,260.8450325079384
292235,127.369053200797
292236,1288.907527752989
292237,1075.6938551806102
292238,613.1132485585069
292239,708.265771203005
292240,282.9502210389828
292241,1444.4886955911747
292242,1231.2750230187962
292243,768.6944163966928
292244,863.8469390411909
292245,-311.97834755299345
292246,849.5601269991986
292247,636.34645442682
292248,173.7658478047165
292249,268.9183704492147
292250,135.44239114207335
292251,1296.9808656942653
292252,1083.7671931218865
292253,621.1865864997832
292254,716.3391091442813
292255,291.02355898025905
292256,1452.562033532451
292257,1239.3483609600723
292258,776.767754337969
292259,871.9202769824672
292260,-517.9100358745977
292261,643.6284386775943
292262,430.41476610521556
292263,-32.16584051688778
292264,62.98668212761049
292265,-70.48929717953115
292266,1091.0491773726608
292267,877.8355048002821
292268,415.25489817817885
292269,510.40742082267695
292270,85.09187065865467
292271,1246.6303452108468
292272,1033.416672638468
292273,570.8360660163646
292274,665.9885886608629
292275,-1142.8023807753814
292276,18.736093776810662
292277,-194.47757879556798
292278,-657.0581854176714
292279,-561.9056627731732
292280,-695.3816420803148
292281,466.15683247187724
292282,252.9431598994986
292283,-209.63744672260475
292284,-114.48492407810659
292285,-539.800474242129
292286,621.7380003100631
292287,408.52432773768436
292288,-54.056278884419044
292289,41.09624376007923
292290,363.3615017121773
292291,1524.8999762643693
292292,1311.6863036919906
292293,849.1056970698872
292294,944.2582197143854
292295,810.782240407244
292296,1972.320714959436
292297,1759.1070423870572
292298,1296.526435764954
292299,1391.678958409452
292300,966.3634082454298
292301,2127.9018827976215
292302,1914.6882102252432
292303,1452.1076036031398
292304,1547.2601262476378
292305,-197.11613659942236
292306,964.4223379527698
292307,751.208665380391
292308,288.6280587582877
292309,383.78058140278586
292310,250.30460209564433
292311,1411.8430766478364
292312,1198.6294040754578
292313,736.0487974533544
292314,831.2013200978525
292315,405.88576993383015
292316,1567.4242444860222
292317,1354.2105719136434
292318,891.6299652915402
292319,986.7824879360384
292320,-307.7124370209938
292321,853.8260375311982
292322,640.6123649588194
292323,178.03175833671605
292324,273.1842809812142
292325,139.7083016740727
292326,1301.2467762262647
292327,1088.033103653886
292328,625.4524970317826
292329,720.6050196762808
292330,295.2894695122586
292331,1456.8279440644505
292332,1243.6142714920718
292333,781.0336648699686
292334,876.1861875144667
292335,-299.6390990797174
292336,861.8993754724745
292337,648.6857029000957
292338,186.1050962779923
292339,281.25761892249056
292340,147.78163961534904
292341,1309.320114167541
292342,1096.1064415951623
292343,633.525834973059
292344,728.6783576175571
292345,303.36280745353497
292346,1464.901282005727
292347,1251.6876094333481
292348,789.1070028112448
292349,884.259525455743
292350,-505.5707874013217
292351,655.9676871508701
292352,442.7540145784914
292353,-19.82659204361198
292354,75.3259306008863
292355,-58.15004870625535
292356,1103.3884258459366
292357,890.1747532735579
292358,427.59414665145465
292359,522.7466692959528
292360,97.43111913193059
292361,1258.9695936841226
292362,1045.7559211117439
292363,583.1753144896404
292364,678.3278371341387
292365,-1130.4631323021056
292366,31.075342250086464
292367,-182.1383303222923
292368,-644.7189369443956
292369,-549.5664142998976
292370,-683.042393607039
292371,478.4960809451531
292372,265.2824083727744
292373,-197.29819824932895
292374,-102.14567560483079
292375,-527.461225768853
292376,634.0772487833389
292377,420.86357621096016
292378,-41.71703041114324
292379,53.435492233355035
292380,375.7007501854531
292381,1537.2392247376451
292382,1324.0255521652664
292383,861.444945543163
292384,956.5974681876612
292385,823.1214888805197
292386,1984.6599634327117
292387,1771.446290860333
292388,1308.8656842382297
292389,1404.0182068827278
292390,978.7026567187056
292391,2140.2411312708973
292392,1927.0274586985188
292393,1464.4468520764156
292394,1559.5993747209136
292395,-184.77688812614645
292396,976.7615864260456
292397,763.5479138536668
292398,300.9673072315635
292399,396.1198298760617
292400,262.64385056892013
292401,1424.1823251211122
292402,1210.9686525487336
292403,748.3880459266302
292404,843.5405685711283
292405,418.22501840710606
292406,1579.7634929592982
292407,1366.5498203869192
292408,903.969213764816
292409,999.1217364093142
292410,-218.84108354899104
292411,942.697391003201
292412,729.4837184308223
292413,266.9031118087189
292414,362.0556344532171
292415,228.57965514607554
292416,1390.1181296982675
292417,1176.904457125889
292418,714.3238505037855
292419,809.4763731482838
292420,384.1608229842614
292421,1545.6992975364533
292422,1332.4856249640748
292423,869.9050183419713
292424,965.0575409864696
292425,-210.7677456077147
292426,950.7707289444772
292427,737.5570563720985
292428,274.9764497499952
292429,370.1289723944934
292430,236.6529930873519
292431,1398.1914676395438
292432,1184.977795067165
292433,722.3971884450618
292434,817.54971108956
292435,392.23416092553776
292436,1553.7726354777296
292437,1340.558962905351
292438,877.9783562832476
292439,973.1308789277459
292440,-416.69943392931896
292441,744.839040622873
292442,531.6253680504942
292443,69.04476142839098
292444,164.19728407288915
292445,30.721304765747504
292446,1192.2597793179395
292447,979.0461067455608
292448,516.4655001234576
292449,611.6180227679556
292450,186.3024726039332
292451,1347.8409471561254
292452,1134.6272745837466
292453,672.0466679616433
292454,767.1991906061414
292455,-1041.5917788301028
292456,119.94669572208932
292457,-93.26697685028944
292458,-555.8475834723929
292459,-460.6950608278946
292460,-594.1710401350363
292461,567.3674344171559
292462,354.15376184477725
292463,-108.42684477732621
292464,-13.274322132828047
292465,-438.58987229685044
292466,722.9486022553417
292467,509.734929682963
292468,47.1543230608595
292469,142.30684570535777
292470,464.57210365745595
292471,1626.110578209648
292472,1412.8969056372694
292473,950.316299015166
292474,1045.4688216596642
292475,911.9928423525225
292476,2073.531316904715
292477,1860.317644332336
292478,1397.7370377102325
292479,1492.8895603547307
292480,1067.5740101907083
292481,2229.1124847429
292482,2015.8988121705218
292483,1553.3182055484185
292484,1648.4707281929166
292485,-95.90553465414348
292486,1065.6329398980486
292487,852.4192673256698
292488,389.8386607035664
292489,484.9911833480646
292490,351.51520404092304
292491,1513.053678593115
292492,1299.8400060207364
292493,837.259399398633
292494,932.4119220431312
292495,507.096371879109
292496,1668.634846431301
292497,1455.4211738589222
292498,992.8405672368189
292499,1087.993089881317
292500,-206.50183507571523
292501,955.0366394764768
292502,741.822966904098
292503,279.2423602819947
292504,374.39488292649287
292505,240.9189036193514
292506,1402.4573781715435
292507,1189.2437055991647
292508,726.6630989770613
292509,821.8156216215596
292510,396.5000714575373
292511,1558.0385460097293
292512,1344.8248734373506
292513,882.2442668152471
292514,977.3967894597454
292515,-198.42849713443889
292516,963.109977417753
292517,749.8963048453743
292518,287.31569822327094
292519,382.4682208677692
292520,248.99224156062763
292521,1410.5307161128196
292522,1197.3170435404409
292523,734.7364369183376
292524,829.8889595628358
292525,404.5734093988135
292526,1566.1118839510054
292527,1352.898211378627
292528,890.3176047565235
292529,985.4701274010216
292530,-404.36018545604315
292531,757.1782890961488
292532,543.96461652377
292533,81.38400990166667
292534,176.53653254616484
292535,43.06055323902342
292536,1204.5990277912153
292537,991.3853552188366
292538,528.8047485967334
292539,623.9572712412314
292540,198.64172107720913
292541,1360.1801956294012
292542,1146.9665230570224
292543,684.3859164349191
292544,779.5384390794172
292545,-1029.252530356827
292546,132.28594419536512
292547,-80.92772837701364
292548,-543.5083349991171
292549,-448.3558123546188
292550,-581.8317916617602
292551,579.7066828904317
292552,366.493010318053
292553,-96.0875963040503
292554,-0.9350736595521312
292555,-426.2506238235744
292556,735.2878507286175
292557,522.0741781562388
292558,59.49357153413541
292559,154.64609417863358
292560,476.9113521307318
292561,1638.4498266829237
292562,1425.2361541105452
292563,962.6555474884417
292564,1057.80807013294
292565,924.3320908257984
292566,2085.8705653779907
292567,1872.6568928056117
292568,1410.0762861835083
292569,1505.2288088280065
292570,1079.9132586639844
292571,2241.4517332161763
292572,2028.2380606437976
292573,1565.6574540216943
292574,1660.8099766661924
292575,-83.56628618086779
292576,1077.9721883713241
292577,864.7585157989455
292578,402.17790917684215
292579,497.33043182134037
292580,363.8544525141988
292581,1525.3929270663907
292582,1312.1792544940122
292583,849.5986478719088
292584,944.751170516407
292585,519.4356203523846
292586,1680.9740949045768
292587,1467.760422332198
292588,1005.1798157100945
292589,1100.3323383545928
292590,-357.06096647867867
292591,804.4775080735134
292592,591.2638355011346
292593,128.68322887903128
292594,223.83575152352944
292595,90.35977221638791
292596,1251.89824676858
292597,1038.684574196201
292598,576.1039675740979
292599,671.256490218596
292600,245.94094005457384
292601,1407.4794146067659
292602,1194.2657420343871
292603,731.6851354122837
292604,826.837658056782
292605,-348.9876285374023
292606,812.5508460147896
292607,599.3371734424109
292608,136.7565668203075
292609,231.90908946480567
292610,98.43311015766426
292611,1259.9715847098564
292612,1046.7579121374774
292613,584.1773055153742
292614,679.3298281598724
292615,254.01427799585008
292616,1415.5527525480422
292617,1202.3390799756635
292618,739.75847335356
292619,834.9109959980582
292620,-554.9193168590066
292621,606.6191576931853
292622,393.4054851208066
292623,-69.17512150129676
292624,25.97740114320152
292625,-107.49857816394012
292626,1054.039896388252
292627,840.8262238158732
292628,378.2456171937698
292629,473.398139838268
292630,48.082589674245696
292631,1209.6210642264377
292632,996.4073916540591
292633,533.8267850319556
292634,628.9793076764538
292635,-1179.8116617597905
292636,-18.273187207598312
292637,-231.48685977997707
292638,-694.0674664020805
292639,-598.9149437575823
292640,-732.3909230647237
292641,429.1475514874683
292642,215.93387891508962
292643,-246.64672770701372
292644,-151.49420506251556
292645,-576.8097552265378
292646,584.7287193256541
292647,371.5150467532753
292648,-91.06555986882802
292649,4.0869627756702585
292650,326.3522207277683
292651,1487.8906952799603
292652,1274.6770227075817
292653,812.0964160854783
292654,907.2489387299764
292655,773.7729594228349
292656,1935.311433975027
292657,1722.0977614026483
292658,1259.5171547805448
292659,1354.6696774250431
292660,929.3541272610208
292661,2090.892601813213
292662,1877.6789292408341
292663,1415.098322618731
292664,1510.250845263229
292665,-234.12541758383122
292666,927.4130569683608
292667,714.1993843959821
292668,251.61877777387872
292669,346.7713004183769
292670,213.29532111123535
292671,1374.8337956634273
292672,1161.6201230910488
292673,699.0395164689454
292674,794.1920391134436
292675,368.8764889494213
292676,1530.4149635016133
292677,1317.2012909292346
292678,854.6206843071311
292679,949.7732069516294
292680,-344.72171800540286
292681,816.8167565467891
292682,603.6030839744104
292683,141.02247735230708
292684,236.17499999680524
292685,102.69902068966371
292686,1264.2374952418556
292687,1051.0238226694769
292688,588.4432160473737
292689,683.5957386918718
292690,258.28018852784953
292691,1419.8186630800415
292692,1206.604990507663
292693,744.0243838855595
292694,839.1769065300577
292695,-336.6483800641265
292696,824.8900944880654
292697,611.6764219156867
292698,149.0958152935833
292699,244.24833793808153
292700,110.77235863094006
292701,1272.310833183132
292702,1059.0971606107532
292703,596.51655398865
292704,691.6690766331482
292705,266.3535264691259
292706,1427.8920010213178
292707,1214.6783284489393
292708,752.0977218268358
292709,847.250244471334
292710,-542.5800683857308
292711,618.9584061664611
292712,405.74473359408245
292713,-56.83587302802084
292714,38.31664961647732
292715,-95.15932969066432
292716,1066.3791448615277
292717,853.165472289149
292718,390.5848656670456
292719,485.7373883115438
292720,60.4218381475215
292721,1221.9603126997135
292722,1008.7466401273348
292723,546.1660335052314
292724,641.3185561497296
292725,-1167.4724132865144
292726,-5.93393873432251
292727,-219.14761130670126
292728,-681.7282179288045
292729,-586.5756952843064
292730,-720.0516745914481
292731,441.486799960744
292732,228.2731273883653
292733,-234.30747923373804
292734,-139.15495658923987
292735,-564.470506753262
292736,597.0679677989299
292737,383.8542952265512
292738,-78.72631139555233
292739,16.426211248945947
292740,338.6914692010441
292741,1500.229943753236
292742,1287.0162711808575
292743,824.4356645587541
292744,919.5881872032523
292745,786.1122078961107
292746,1947.6506824483026
292747,1734.437009875924
292748,1271.8564032538206
292749,1367.008925898319
292750,941.6933757342965
292751,2103.2318502864887
292752,1890.01817771411
292753,1427.4375710920067
292754,1522.5900937365047
292755,-221.78616911055542
292756,939.7523054416366
292757,726.5386328692579
292758,263.95802624715446
292759,359.1105488916527
292760,225.63456958451115
292761,1387.173044136703
292762,1173.9593715643246
292763,711.3787649422212
292764,806.5312875867194
292765,381.215737422697
292766,1542.7542119748891
292767,1329.5405394025104
292768,866.9599327804069
292769,962.1124554249052
292770,-332.38246953212706
292771,829.1560050200649
292772,615.9423324476861
292773,153.36172582558277
292774,248.514248470081
292775,115.03826916293951
292776,1276.5767437151317
292777,1063.3630711427527
292778,600.7824645206495
292779,695.9349871651476
292780,270.61943700112533
292781,1432.1579115533173
292782,1218.9442389809387
292783,756.3636323588353
292784,851.5161550033336
292785,-324.30913159085094
292786,837.2293429613412
292787,624.0156703889625
292788,161.435063766859
292789,256.5875864113573
292790,123.11160710421586
292791,1284.6500816564078
292792,1071.436409084029
292793,608.8558024619258
292794,704.008325106424
292795,278.69277494240157
292796,1440.2312494945936
292797,1227.017576922215
292798,764.4369703001116
292799,859.5894929446098
292800,-530.2408199124552
292801,631.2976546397368
292802,418.0839820673582
292803,-44.49662455474515
292804,50.65589808975301
292805,-82.82008121738863
292806,1078.7183933348035
292807,865.5047207624248
292808,402.9241141403214
292809,498.0766367848196
292810,72.76108662079719
292811,1234.2995611729893
292812,1021.0858886006106
292813,558.5052819785072
292814,653.6578046230054
292815,-1155.1331648132389
292816,6.405309738953179
292817,-206.80836283342546
292818,-669.3889694555289
292819,-574.2364468110306
292820,-707.7124261181723
292821,453.82604843401987
292822,240.61237586164117
292823,-221.96823076046212
292824,-126.81570811596407
292825,-552.1312582799865
292826,609.4072162722057
292827,396.19354369982693
292828,-66.38706292227641
292829,28.76545972222175
292830,351.0307176743198
292831,1512.5691922265119
292832,1299.3555196541333
292833,836.7749130320299
292834,931.927435676528
292835,798.4514563693865
292836,1959.9899309215787
292837,1746.7762583492
292838,1284.1956517270964
292839,1379.3481743715947
292840,954.0326242075723
292841,2115.571098759764
292842,1902.3574261873857
292843,1439.7768195652825
292844,1534.9293422097805
292845,-209.44692063727962
292846,952.0915539149124
292847,738.8778813425337
292848,276.29727472043027
292849,371.4497973649285
292850,237.97381805778696
292851,1399.5122926099789
292852,1186.2986200376004
292853,723.718013415497
292854,818.8705360599952
292855,393.5549858959729
292856,1555.093460448165
292857,1341.8797878757862
292858,879.2991812536827
292859,974.451703898181
292860,-320.04322105885126
292861,841.4952534933408
292862,628.281580920962
292863,165.70097429885868
292864,260.85349694335684
292865,127.37751763621532
292866,1288.9159921884075
292867,1075.7023196160285
292868,613.1217129939253
292869,708.2742356384234
292870,282.95868547440125
292871,1444.4971600265933
292872,1231.2834874542145
292873,768.7028808321111
292874,863.8554034766094
292875,-311.9698831175749
292876,849.568591434617
292877,636.3549188622383
292878,173.77431224013492
292879,268.92683488463314
292880,135.45085557749167
292881,1296.9893301296838
292882,1083.7756575573048
292883,621.1950509352016
292884,716.3475735796998
292885,291.0320234156775
292886,1452.5704979678696
292887,1239.356825395491
292888,776.7762187733874
292889,871.9287414178856
292890,-517.9015714391792
292891,643.6369031130127
292892,430.423230540634
292893,-32.15737608146935
292894,62.995146563028925
292895,-70.48083274411272
292896,1091.0576418080793
292897,877.8439692357006
292898,415.2633626135972
292899,510.4158852580954
292900,85.1003350940731
292901,1246.6388096462651
292902,1033.4251370738864
292903,570.844530451783
292904,665.9970530962812
292905,-1142.793916339963
292906,18.744558212229094
292907,-194.46911436014966
292908,-657.0497209822531
292909,-561.8971983377548
292910,-695.3731776448963
292911,466.16529690729567
292912,252.95162433491703
292913,-209.62898228718632
292914,-114.47645964268816
292915,-539.7920098067104
292916,621.7464647454815
292917,408.53279217310273
292918,-54.04781444900061
292919,41.104708195497665
292920,363.36996614759573
292921,1524.9084406997877
292922,1311.6947681274091
292923,849.1141615053057
292924,944.2666841498038
292925,810.7907048426623
292926,1972.3291793948545
292927,1759.1155068224757
292928,1296.5349002003722
292929,1391.6874228448705
292930,966.3718726808482
292931,2127.9103472330403
292932,1914.6966746606615
292933,1452.1160680385583
292934,1547.2685906830563
292935,-197.10767216400393
292936,964.4308023881882
292937,751.2171298158095
292938,288.6365231937061
292939,383.7890458382043
292940,250.31306653106276
292941,1411.8515410832547
292942,1198.6378685108762
292943,736.0572618887728
292944,831.209784533271
292945,405.8942343692486
292946,1567.4327089214407
292947,1354.219036349062
292948,891.6384297269585
292949,986.7909523714568
292950,-307.70397258557546
292951,853.8345019666165
292952,640.6208293942378
292953,178.04022277213448
292954,273.1927454166326
292955,139.71676610949112
292956,1301.255240661683
292957,1088.0415680893043
292958,625.4609614672011
292959,720.6134841116992
292960,295.297933947677
292961,1456.8364084998689
292962,1243.6227359274903
292963,781.0421293053869
292964,876.1946519498852
292965,-299.6306346442991
292966,861.9078399078928
292967,648.6941673355141
292968,186.11356071341072
292969,281.2660833579089
292970,147.79010405076747
292971,1309.3285786029594
292972,1096.1149060305806
292973,633.5342994084774
292974,728.6868220529756
292975,303.37127188895334
292976,1464.9097464411452
292977,1251.6960738687667
292978,789.1154672466632
292979,884.2679898911614
292980,-505.5623229659034
292981,655.9761515862886
292982,442.76247901390985
292983,-19.818127608193436
292984,75.33439503630473
292985,-58.141584270836915
292986,1103.3968902813551
292987,890.1832177089764
292988,427.602611086873
292989,522.7551337313712
292990,97.43958356734902
292991,1258.978058119541
292992,1045.7643855471622
292993,583.1837789250588
292994,678.336301569557
292995,-1130.4546678666873
292996,31.083806685504896
292997,-182.12986588687386
292998,-644.7104725089773
292999,-549.5579498644793
293000,-683.0339291716207
293001,478.5045453805714
293002,265.2908728081927
293003,-197.28973381391063
293004,-102.13721116941247
293005,-527.4527613334346
293006,634.0857132187572
293007,420.8720406463786
293008,-41.70856597572492
293009,53.44395666877335
293010,375.7092146208715
293011,1537.2476891730635
293012,1324.0340166006847
293013,861.4534099785815
293014,956.6059326230795
293015,823.1299533159381
293016,1984.66842786813
293017,1771.4547552957515
293018,1308.874148673648
293019,1404.0266713181463
293020,978.7111211541239
293021,2140.2495957063156
293022,1927.0359231339373
293023,1464.4553165118339
293024,1559.6078391563321
293025,-184.768423690728
293026,976.770050861464
293027,763.5563782890853
293028,300.97577166698187
293029,396.1282943114801
293030,262.65231500433856
293031,1424.1907895565305
293032,1210.977116984152
293033,748.3965103620486
293034,843.5490330065468
293035,418.23348284252444
293036,1579.7719573947165
293037,1366.5582848223378
293038,903.9776782002343
293039,999.1302008447326
293040,-219.816373964665
293041,941.7221005875272
293042,728.5084280151484
293043,265.9278213930451
293044,361.0803440375433
293045,227.6043647304017
293046,1389.1428392825937
293047,1175.929166710215
293048,713.3485600881118
293049,808.5010827326099
293050,383.18553256858746
293051,1544.7240071207798
293052,1331.5103345484008
293053,868.9297279262976
293054,964.0822505707956
293055,-211.7430360233884
293056,949.7954385288035
293057,736.5817659564248
293058,274.0011593343214
293059,369.1536819788196
293060,235.67770267167805
293061,1397.21617722387
293062,1184.0025046514913
293063,721.421898029388
293064,816.5744206738862
293065,391.2588705098639
293066,1552.7973450620561
293067,1339.5836724896772
293068,877.0030658675738
293069,972.155588512072
293070,-417.6747243449929
293071,743.8637502071991
293072,530.6500776348204
293073,68.06947101271703
293074,163.2219936572153
293075,29.746014350073665
293076,1191.2844889022658
293077,978.070816329887
293078,515.4902097077836
293079,610.6427323522819
293080,185.32718218825948
293081,1346.8656567404514
293082,1133.6519841680729
293083,671.0713775459694
293084,766.2239001904677
293085,-1042.5670692457768
293086,118.97140530641548
293087,-94.24226726596328
293088,-556.8228738880666
293089,-461.6703512435686
293090,-595.14633055071
293091,566.3921440014822
293092,353.17847142910335
293093,-109.40213519299994
293094,-14.249612548501773
293095,-439.56516271252417
293096,721.9733118396679
293097,508.7596392672892
293098,46.17903264518577
293099,141.33155528968405
293100,463.5968132417822
293101,1625.1352877939744
293102,1411.9216152215954
293103,949.3410085994922
293104,1044.4935312439904
293105,911.0175519368488
293106,2072.556026489041
293107,1859.3423539166622
293108,1396.7617472945587
293109,1491.9142699390568
293110,1066.5987197750346
293111,2228.137194327227
293112,2014.923521754848
293113,1552.3429151327446
293114,1647.4954377772428
293115,-96.88082506981732
293116,1064.6576494823746
293117,851.4439769099959
293118,388.8633702878926
293119,484.0158929323908
293120,350.5399136252492
293121,1512.0783881774414
293122,1298.8647156050624
293123,836.2841089829592
293124,931.4366316274574
293125,506.121081463435
293126,1667.6595560156272
293127,1454.4458834432485
293128,991.865276821145
293129,1087.0177994656433
293130,-207.47712549138907
293131,954.061349060803
293132,740.8476764884242
293133,278.2670698663209
293134,373.4195925108191
293135,239.94361320367761
293136,1401.4820877558695
293137,1188.2684151834908
293138,725.6878085613876
293139,820.8403312058857
293140,395.5247810418634
293141,1557.0632555940554
293142,1343.8495830216766
293143,881.2689763995734
293144,976.4214990440715
293145,-199.40378755011272
293146,962.1346870020793
293147,748.9210144297004
293148,286.3404078075972
293149,381.4929304520954
293150,248.01695114495385
293151,1409.555425697146
293152,1196.3417531247671
293153,733.7611465026638
293154,828.913669147162
293155,403.5981189831397
293156,1565.1365935353317
293157,1351.922920962953
293158,889.3423143408496
293159,984.4948369853478
293160,-405.3354758717171
293161,756.2029986804749
293162,542.9893261080963
293163,80.40871948599295
293164,175.5612421304911
293165,42.08526282334947
293166,1203.6237373755416
293167,990.4100648031628
293168,527.8294581810595
293169,622.9819808255577
293170,197.6664306615353
293171,1359.2049052137272
293172,1145.9912326413487
293173,683.4106260192452
293174,778.5631486637435
293175,-1030.2278207725005
293176,131.31065377969128
293177,-81.90301879268748
293178,-544.4836254147906
293179,-449.33110277029255
293180,-582.8070820774342
293181,578.731392474758
293182,365.5177199023792
293183,-97.06288671972425
293184,-1.9103640752260844
293185,-427.22591423924837
293186,734.3125603129438
293187,521.098887740565
293188,58.51828111846157
293189,153.67080376295974
293190,475.93606171505803
293191,1637.47453626725
293192,1424.2608636948712
293193,961.680257072768
293194,1056.832779717266
293195,923.3568004101246
293196,2084.8952749623168
293197,1871.681602389938
293198,1409.1009957678345
293199,1504.2535184123326
293200,1078.9379682483104
293201,2240.476442800503
293202,2027.2627702281236
293203,1564.6821636060204
293204,1659.8346862505186
293205,-84.54157659654163
293206,1076.9968979556504
293207,863.7832253832717
293208,401.20261876116837
293209,496.35514140566653
293210,362.87916209852494
293211,1524.4176366507172
293212,1311.2039640783382
293213,848.623357456235
293214,943.7758801007332
293215,518.4603299367109
293216,1679.9988044889028
293217,1466.785131916524
293218,1004.2045252944208
293219,1099.357047938919
293220,-358.0362568943526
293221,803.5022176578395
293222,590.2885450854608
293223,127.70793846335744
293224,222.8604611078556
293225,89.38448180071418
293226,1250.922956352906
293227,1037.7092837805274
293228,575.1286771584241
293229,670.2811998029222
293230,244.9656496388999
293231,1406.5041241910922
293232,1193.2904516187132
293233,730.70984499661
293234,825.8623676411081
293235,-349.96291895307627
293236,811.5755555991159
293237,598.361883026737
293238,135.78127640463367
293239,230.93379904913184
293240,97.45781974199042
293241,1258.9962942941825
293242,1045.7826217218037
293243,583.2020150997004
293244,678.3545377441985
293245,253.03898758017624
293246,1414.5774621323683
293247,1201.3637895599895
293248,738.7831829378862
293249,833.9357055823843
293250,-555.8946072746805
293251,605.6438672775115
293252,392.43019470513275
293253,-70.1504119169706
293254,25.002110727527565
293255,-108.47386857961396
293256,1053.0646059725782
293257,839.8509334001993
293258,377.270326778096
293259,472.42284942259414
293260,47.10729925857186
293261,1208.6457738107638
293262,995.4321012383851
293263,532.8514946162818
293264,628.00401726078
293265,-1180.7869521754644
293266,-19.24847762327215
293267,-232.46215019565102
293268,-695.0427568177543
293269,-599.8902341732562
293270,-733.3662134803976
293271,428.1722610717944
293272,214.95858849941567
293273,-247.62201812268756
293274,-152.4694954781894
293275,-577.7850456422118
293276,583.7534289099802
293277,370.5397563376015
293278,-92.04085028450186
293279,3.111672359996305
293280,325.3769303120945
293281,1486.9154048642865
293282,1273.7017322919078
293283,811.1211256698044
293284,906.2736483143026
293285,772.7976690071612
293286,1934.336143559353
293287,1721.1224709869743
293288,1258.5418643648711
293289,1353.6943870093692
293290,928.378836845347
293291,2089.9173113975394
293292,1876.7036388251602
293293,1414.123032203057
293294,1509.2755548475552
293295,-235.10070799950506
293296,926.437766552687
293297,713.2240939803082
293298,250.64348735820488
293299,345.79601000270304
293300,212.32003069556163
293301,1373.8585052477536
293302,1160.6448326753748
293303,698.0642260532716
293304,793.2167486977697
293305,367.90119853374745
293306,1529.4396730859394
293307,1316.2260005135608
293308,853.6453938914574
293309,948.7979165359556
293310,-345.6970084210768
293311,815.8414661311153
293312,602.6277935587366
293313,140.04718693663324
293314,235.1997095811314
293315,101.72373027398987
293316,1263.262204826182
293317,1050.0485322538032
293318,587.4679256316999
293319,682.620448276198
293320,257.3048981121757
293321,1418.8433726643677
293322,1205.629700091989
293323,743.0490934698857
293324,838.2016161143839
293325,-337.62367047980047
293326,823.9148040723916
293327,610.7011315000129
293328,148.12052487790947
293329,243.2730475224077
293330,109.79706821526611
293331,1271.3355427674583
293332,1058.1218701950795
293333,595.5412635729762
293334,690.6937862174743
293335,265.37823605345204
293336,1426.916710605644
293337,1213.7030380332653
293338,751.122431411162
293339,846.2749540556601
293340,-543.5553588014047
293341,617.9831157507873
293342,404.76944317840855
293343,-57.811163443694795
293344,37.34135920080348
293345,-96.13462010633828
293346,1065.403854445854
293347,852.1901818734751
293348,389.6095752513718
293349,484.76209789586994
293350,59.44654773184766
293351,1220.9850222840398
293352,1007.7713497116611
293353,545.1907430895576
293354,640.3432657340559
293355,-1168.4477037021884
293356,-6.909229149996349
293357,-220.122901722375
293358,-682.7035083444785
293359,-587.5509856999802
293360,-721.0269650071218
293361,440.5115095450702
293362,227.29783697269158
293363,-235.28276964941176
293364,-140.1302470049136
293365,-565.445797168936
293366,596.092677383256
293367,382.87900481087735
293368,-79.70160181122606
293369,15.450920833272221
293370,337.7161787853703
293371,1499.2546533375623
293372,1286.0409807651836
293373,823.4603741430803
293374,918.6128967875785
293375,785.1369174804369
293376,1946.675392032629
293377,1733.4617194602502
293378,1270.8811128381467
293379,1366.033635482645
293380,940.7180853186228
293381,2102.2565598708147
293382,1889.042887298436
293383,1426.4622806763327
293384,1521.614803320831
293385,-222.76145952622926
293386,938.7770150259628
293387,725.563342453584
293388,262.9827358314807
293389,358.13525847597884
293390,224.65927916883732
293391,1386.1977537210294
293392,1172.9840811486506
293393,710.4034745265474
293394,805.5559971710455
293395,380.24044700702325
293396,1541.7789215592152
293397,1328.5652489868367
293398,865.9846423647332
293399,961.1371650092314
293400,-333.357759947801
293401,828.180714604391
293402,614.9670420320124
293403,152.38643540990904
293404,247.53895805440715
293405,114.06297874726567
293406,1275.6014532994577
293407,1062.387780727079
293408,599.8071741049756
293409,694.9596967494738
293410,269.64414658545144
293411,1431.1826211376438
293412,1217.9689485652648
293413,755.3883419431615
293414,850.5408645876597
293415,-325.28442200652466
293416,836.2540525456674
293417,623.0403799732886
293418,160.45977335118528
293419,255.61229599568344
293420,122.13631668854191
293421,1283.674791240734
293422,1070.4611186683553
293423,607.880512046252
293424,703.0330346907501
293425,277.7174845267278
293426,1439.2559590789201
293427,1226.0422865065411
293428,763.4616798844378
293429,858.614202528936
293430,-531.2161103281289
293431,630.322364224063
293432,417.1086916516844
293433,-45.47191497041888
293434,49.68060767407928
293435,-83.79537163306247
293436,1077.7431029191296
293437,864.5294303467509
293438,401.9488237246476
293439,497.10134636914574
293440,71.78579620512346
293441,1233.3242707573154
293442,1020.1105981849369
293443,557.5299915628334
293444,652.6825142073316
293445,-1156.1084552289128
293446,5.430019323279453
293447,-207.7836532490993
293448,-670.3642598712026
293449,-575.2117372267046
293450,-708.6877165338462
293451,452.8507580183461
293452,239.63708544596727
293453,-222.94352117613607
293454,-127.79099853163791
293455,-553.1065486956602
293456,608.431925856532
293457,395.21825328415315
293458,-67.36235333795025
293459,27.79016930654791
293460,350.05542725864603
293461,1511.5939018108381
293462,1298.3802292384594
293463,835.7996226163561
293464,930.9521452608542
293465,797.4761659537127
293466,1959.0146405059047
293467,1745.800967933526
293468,1283.2203613114227
293469,1378.3728839559208
293470,953.0573337918986
293471,2114.595808344091
293472,1901.382135771712
293473,1438.8015291496085
293474,1533.9540517941068
293475,-210.42221105295357
293476,951.1162634992386
293477,737.9025909268598
293478,275.3219843047565
293479,370.47450694925465
293480,236.99852764211312
293481,1398.5370021943054
293482,1185.3233296219264
293483,722.7427229998232
293484,817.8952456443213
293485,392.579695480299
293486,1554.1181700324912
293487,1340.9044974601125
293488,878.323890838009
293489,973.4764134825072
293490,-321.0185114745252
293491,840.519963077667
293492,627.3062905052882
293493,164.72568388318473
293494,259.87820652768295
293495,126.40222722054159
293496,1287.9407017727335
293497,1074.7270292003548
293498,612.1464225782514
293499,707.2989452227496
293500,281.9833950587273
293501,1443.5218696109193
293502,1230.3081970385406
293503,767.7275904164374
293504,862.8801130609354
293505,-312.94517353324886
293506,848.5933010189432
293507,635.3796284465644
293508,172.79902182446108
293509,267.95154446895924
293510,134.47556516181783
293511,1296.0140397140099
293512,1082.800367141631
293513,620.2197605195278
293514,715.3722831640259
293515,290.05673300000365
293516,1451.5952075521957
293517,1238.381534979817
293518,775.8009283577136
293519,870.9534510022118
293520,-518.8768618548531
293521,642.6616126973389
293522,429.44794012496016
293523,-33.13266649714319
293524,62.01985614735497
293525,-71.45612315978656
293526,1090.0823513924056
293527,876.8686788200267
293528,414.2880721979234
293529,509.44059484242155
293530,84.12504467839926
293531,1245.6635192305912
293532,1032.4498466582127
293533,569.8692400361092
293534,665.0217626806074
293535,-1143.769206755637
293536,17.769267796555255
293537,-195.4444047758236
293538,-658.0250113979271
293539,-562.8724887534288
293540,-696.3484680605702
293541,465.19000649162183
293542,251.97633391924313
293543,-210.60427270286016
293544,-115.45175005836211
293545,-540.7673002223844
293546,620.7711743298076
293547,407.5575017574289
293548,-55.02310486467445
293549,40.12941777982371
293550,362.3946757319219
293551,1523.933150284114
293552,1310.7194777117352
293553,848.1388710896318
293554,943.29139373413
293555,809.8154144269886
293556,1971.3538889791805
293557,1758.1402164068018
293558,1295.5596097846985
293559,1390.7121324291966
293560,965.3965822651744
293561,2126.935056817367
293562,1913.7213842449876
293563,1451.1407776228843
293564,1546.2933002673826
293565,-198.08296257967777
293566,963.4555119725144
293567,750.2418394001356
293568,287.6612327780323
293569,382.81375542253045
293570,249.33777611538886
293571,1410.876250667581
293572,1197.6625780952022
293573,735.081971473099
293574,830.2344941175971
293575,404.91894395357474
293576,1566.4574185057668
293577,1353.2437459333883
293578,890.6631393112848
293579,985.815661955783
293580,-308.6792630012494
293581,852.8592115509427
293582,639.645538978564
293583,177.06493235646064
293584,272.2174550009588
293585,138.74147569381728
293586,1300.2799502460093
293587,1087.0662776736306
293588,624.4856710515272
293589,719.6381936960254
293590,294.3226435320031
293591,1455.8611180841951
293592,1242.6474455118164
293593,780.0668388897132
293594,875.2193615342112
293595,-300.60592505997306
293596,860.932549492219
293597,647.7188769198402
293598,185.13827029773688
293599,280.2907929422351
293600,146.81481363509351
293601,1308.3532881872857
293602,1095.139615614907
293603,632.5590089928036
293604,727.7115316373017
293605,302.39598147327945
293606,1463.9344560254713
293607,1250.7207834530927
293608,788.1401768309894
293609,883.2926994754876
293610,-506.53761338157733
293611,655.0008611706147
293612,441.78718859823596
293613,-20.79341802386739
293614,74.35910462063089
293615,-59.11687468651087
293616,1102.4215998656812
293617,889.2079272933025
293618,426.6273206711992
293619,521.7798433156973
293620,96.46429315167507
293621,1258.0027677038672
293622,1044.7890951314885
293623,582.208488509385
293624,677.3610111538832
293625,-1131.429958282361
293626,30.108516269830943
293627,-183.10515630254758
293628,-645.685762924651
293629,-550.5332402801528
293630,-684.0092195872944
293631,477.52925496489763
293632,264.31558239251893
293633,-198.26502422958436
293634,-103.11250158508619
293635,-528.4280517491086
293636,633.1104228030835
293637,419.89675023070475
293638,-42.68385639139865
293639,52.46866625309963
293640,374.7339242051977
293641,1536.2723987573897
293642,1323.058726185011
293643,860.4781195629076
293644,955.6306422074058
293645,822.1546629002643
293646,1983.6931374524563
293647,1770.4794648800776
293648,1307.898858257974
293649,1403.0513809024724
293650,977.7358307384502
293651,2139.274305290642
293652,1926.0606327182634
293653,1463.4800260961601
293654,1558.6325487406584
293655,-185.74371410640185
293656,975.7947604457902
293657,762.5810878734114
293658,300.0004812513081
293659,395.15300389580625
293660,261.6770245886648
293661,1423.2154991408568
293662,1210.001826568478
293663,747.4212199463748
293664,842.5737425908729
293665,417.25819242685066
293666,1578.7966669790426
293667,1365.582994406664
293668,903.0023877845606
293669,998.1549104290588
293670,-219.80790952924656
293671,941.7305650229455
293672,728.5168924505667
293673,265.9362858284635
293674,361.08880847296166
293675,227.61282916582013
293676,1389.151303718012
293677,1175.9376311456335
293678,713.3570245235301
293679,808.5095471680283
293680,383.1939970040059
293681,1544.732471556198
293682,1331.5187989838191
293683,868.9381923617159
293684,964.0907150062142
293685,-211.7345715879701
293686,949.8039029642218
293687,736.5902303918431
293688,274.0096237697398
293689,369.16214641423795
293690,235.68616710709648
293691,1397.2246416592884
293692,1184.0109690869099
293693,721.4303624648064
293694,816.5828851093046
293695,391.26733494528236
293696,1552.8058094974745
293697,1339.5921369250955
293698,877.0115303029922
293699,972.1640529474904
293700,-417.6662599095746
293701,743.8722146426176
293702,530.6585420702388
293703,68.07793544813558
293704,163.23045809263374
293705,29.754478785491983
293706,1191.2929533376841
293707,978.0792807653054
293708,515.4986741432022
293709,610.6511967877002
293710,185.3356466236778
293711,1346.87412117587
293712,1133.6604486034912
293713,671.0798419813879
293714,766.232364625886
293715,-1042.558604810358
293716,118.97986974183391
293717,-94.23380283054485
293718,-556.8144094526481
293719,-461.66188680815003
293720,-595.1378661152917
293721,566.4006084369005
293722,353.1869358645218
293723,-109.39367075758162
293724,-14.241148113083455
293725,-439.55669827710585
293726,721.9817762750863
293727,508.76810370270755
293728,46.18749708060409
293729,141.34001972510237
293730,463.60527767720055
293731,1625.1437522293927
293732,1411.930079657014
293733,949.3494730349106
293734,1044.5019956794088
293735,911.0260163722671
293736,2072.5644909244593
293737,1859.3508183520805
293738,1396.7702117299773
293739,1491.9227343744753
293740,1066.607184210453
293741,2228.1456587626453
293742,2014.9319861902663
293743,1552.351379568163
293744,1647.5039022126612
293745,-96.872360634399
293746,1064.6661139177932
293747,851.4524413454143
293748,388.871834723311
293749,484.02435736780916
293750,350.5483780606676
293751,1512.0868526128597
293752,1298.873180040481
293753,836.2925734183776
293754,931.4450960628758
293755,506.12954589885345
293756,1667.6680204510455
293757,1454.4543478786668
293758,991.8737412565634
293759,1087.0262639010616
293760,-207.46866105597064
293761,954.0698134962214
293762,740.8561409238426
293763,278.27553430173936
293764,373.4280569462375
293765,239.95207763909605
293766,1401.4905521912879
293767,1188.2768796189093
293768,725.6962729968059
293769,820.8487956413042
293770,395.53324547728175
293771,1557.0717200294737
293772,1343.858047457095
293773,881.2774408349917
293774,976.4299634794899
293775,-199.3953231146943
293776,962.1431514374976
293777,748.9294788651189
293778,286.34887224301565
293779,381.5013948875138
293780,248.02541558037228
293781,1409.5638901325642
293782,1196.3502175601855
293783,733.7696109380822
293784,828.9221335825804
293785,403.6065834185581
293786,1565.14505797075
293787,1351.9313853983713
293788,889.350778776268
293789,984.5033014207662
293790,-405.3270114362988
293791,756.2114631158934
293792,542.9977905435146
293793,80.41718392141127
293794,175.56970656590943
293795,42.0937272587679
293796,1203.63220181096
293797,990.4185292385812
293798,527.837922616478
293799,622.990445260976
293800,197.67489509695372
293801,1359.2133696491458
293802,1145.999697076767
293803,683.4190904546637
293804,778.5716130991618
293805,-1030.2193563370822
293806,131.3191182151097
293807,-81.89455435726904
293808,-544.4751609793723
293809,-449.3226383348742
293810,-582.7986176420156
293811,578.7398569101763
293812,365.52618433779753
293813,-97.0544222843057
293814,-1.9018996398076524
293815,-427.21744980383005
293816,734.3210247483621
293817,521.1073521759834
293818,58.526745553880005
293819,153.67926819837817
293820,475.94452615047646
293821,1637.4830007026685
293822,1424.2693281302898
293823,961.6887215081864
293824,1056.8412441526846
293825,923.365264845543
293826,2084.903739397735
293827,1871.6900668253563
293828,1409.109460203253
293829,1504.2619828477511
293830,1078.9464326837287
293831,2240.484907235921
293832,2027.2712346635421
293833,1564.6906280414387
293834,1659.843150685937
293835,-84.5331121611232
293836,1077.005362391069
293837,863.7916898186901
293838,401.2110831965868
293839,496.36360584108496
293840,362.8876265339434
293841,1524.4261010861355
293842,1311.2124285137565
293843,848.6318218916534
293844,943.7843445361516
293845,518.4687943721292
293846,1680.0072689243211
293847,1466.7935963519426
293848,1004.2129897298391
293849,1099.3655123743374
293850,-358.0277924589343
293851,803.5106820932579
293852,590.2970095208791
293853,127.71640289877587
293854,222.86892554327403
293855,89.3929462361325
293856,1250.9314207883244
293857,1037.717748215946
293858,575.1371415938424
293859,670.2896642383406
293860,244.97411407431832
293861,1406.5125886265105
293862,1193.2989160541317
293863,730.7183094320283
293864,825.8708320765264
293865,-349.95445451765795
293866,811.5840200345342
293867,598.3703474621555
293868,135.7897408400521
293869,230.94226348455027
293870,97.46628417740874
293871,1259.0047587296008
293872,1045.791086157222
293873,583.2104795351188
293874,678.363002179617
293875,253.04745201559467
293876,1414.5859265677866
293877,1201.3722539954078
293878,738.7916473733046
293879,833.9441700178028
293880,-555.8861428392622
293881,605.6523317129299
293882,392.4386591405512
293883,-70.14194748155217
293884,25.010575162945997
293885,-108.46540414419565
293886,1053.0730704079965
293887,839.8593978356178
293888,377.2787912135144
293889,472.4313138580126
293890,47.11576369399029
293891,1208.6542382461823
293892,995.4405656738036
293893,532.8599590517002
293894,628.0124816961984
293895,-1180.7784877400456
293896,-19.240013187853833
293897,-232.45368576023247
293898,-695.0342923823357
293899,-599.8817697378377
293900,-733.3577490449791
293901,428.18072550721286
293902,214.9670529348341
293903,-247.61355368726913
293904,-152.46103104277108
293905,-577.7765812067935
293906,583.7618933453987
293907,370.5482207730199
293908,-92.03238584908343
293909,3.120136795414737
293910,325.3853947475129
293911,1486.923869299705
293912,1273.710196727326
293913,811.1295901052229
293914,906.282112749721
293915,772.8061334425795
293916,1934.3446079947714
293917,1721.1309354223927
293918,1258.5503288002894
293919,1353.7028514447875
293920,928.3873012807654
293921,2089.9257758329577
293922,1876.7121032605787
293923,1414.1314966384753
293924,1509.2840192829735
293925,-235.09224356408663
293926,926.4462309881053
293927,713.2325584157267
293928,250.6519517936233
293929,345.8044744381215
293930,212.32849513097995
293931,1373.866969683172
293932,1160.6532971107931
293933,698.07269048869
293934,793.225213133188
293935,367.9096629691659
293936,1529.4481375213577
293937,1316.2344649489792
293938,853.6538583268757
293939,948.806380971374
293940,-345.6885439856585
293941,815.8499305665337
293942,602.636257994155
293943,140.05565137205167
293944,235.20817401654983
293945,101.7321947094083
293946,1263.2706692616002
293947,1050.0569966892217
293948,587.4763900671182
293949,682.6289127116164
293950,257.31336254759407
293951,1418.8518370997863
293952,1205.6381645274075
293953,743.0575579053041
293954,838.2100805498022
293955,-337.61520604438215
293956,823.92326850781
293957,610.7095959354313
293958,148.12898931332802
293959,243.28151195782613
293960,109.80553265068454
293961,1271.3440072028766
293962,1058.1303346304978
293963,595.5497280083946
293964,690.7022506528928
293965,265.3867004888704
293966,1426.9251750410626
293967,1213.7115024686836
293968,751.1308958465804
293969,846.2834184910786
293970,-543.5468943659864
293971,617.9915801862056
293972,404.777907613827
293973,-57.80269900827625
293974,37.34982363622191
293975,-96.12615567091984
293976,1065.4123188812723
293977,852.1986463088936
293978,389.6180396867902
293979,484.7705623312884
293980,59.45501216726598
293981,1220.9934867194581
293982,1007.7798141470794
293983,545.199207524976
293984,640.3517301694742
293985,-1168.43923926677
293986,-6.900764714577917
293987,-220.11443728695667
293988,-682.6950439090601
293989,-587.5425212645619
293990,-721.0185005717033
293991,440.51997398048866
293992,227.30630140811002
293993,-235.27430521399333
293994,-140.12178256949517
293995,-565.4373327335177
293996,596.1011418186745
293997,382.8874692462957
293998,-79.69313737580751
293999,15.459385268690653
294000,337.7246432207887
294001,1499.2631177729806
294002,1286.049445200602
294003,823.4688385784987
294004,918.6213612229969
294005,785.1453819158553
294006,1946.6838564680475
294007,1733.4701838956687
294008,1270.8895772735652
294009,1366.0420999180635
294010,940.7265497540411
294011,2102.2650243062335
294012,1889.0513517338545
294013,1426.470745111751
294014,1521.6232677562493
294015,-222.75299509081083
294016,938.7854794613811
294017,725.5718068890025
294018,262.9912002668991
294019,358.1437229113973
294020,224.66774360425575
294021,1386.206218156448
294022,1172.992545584069
294023,710.4119389619658
294024,805.5644616064639
294025,380.2489114424416
294026,1541.7873859946337
294027,1328.573713422255
294028,865.9931068001515
294029,961.1456294446498
294030,-333.3492955123827
294031,828.1891790398095
294032,614.9755064674307
294033,152.39489984532747
294034,247.54742248982558
294035,114.0714431826841
294036,1275.609917734876
294037,1062.3962451624975
294038,599.815638540394
294039,694.9681611848922
294040,269.6526110208698
294041,1431.191085573062
294042,1217.977413000683
294043,755.3968063785799
294044,850.549329023078
294045,-325.27595757110635
294046,836.2625169810858
294047,623.048844408707
294048,160.4682377866037
294049,255.62076043110187
294050,122.14478112396034
294051,1283.6832556761524
294052,1070.4695831037736
294053,607.8889764816704
294054,703.0414991261686
294055,277.72594896214616
294056,1439.2644235143384
294057,1226.0507509419594
294058,763.4701443198562
294059,858.6226669643544
294060,-531.2076458927106
294061,630.3308286594815
294062,417.1171560871027
294063,-45.46345053500056
294064,49.6890721094976
294065,-83.78690719764404
294066,1077.7515673545481
294067,864.5378947821694
294068,401.957288160066
294069,497.1098108045642
294070,71.79426064054178
294071,1233.332735192734
294072,1020.1190626203552
294073,557.5384559982518
294074,652.69097864275
294075,-1156.0999907934945
294076,5.438483758697885
294077,-207.77518881368087
294078,-670.3557954357843
294079,-575.2032727912863
294080,-708.6792520984277
294081,452.8592224537644
294082,239.6455498813857
294083,-222.93505674071764
294084,-127.78253409621948
294085,-553.0980842602419
294086,608.4403902919503
294087,395.2267177195715
294088,-67.35388890253182
294089,27.79863374196634
294090,350.06389169406447
294091,1511.6023662462567
294092,1298.388693673878
294093,835.8080870517745
294094,930.9606096962727
294095,797.4846303891311
294096,1959.023104941323
294097,1745.8094323689445
294098,1283.2288257468413
294099,1378.3813483913393
294100,953.0657982273169
294101,2114.6042727795093
294102,1901.3906002071303
294103,1438.8099935850269
294104,1533.9625162295251
294105,-210.41374661753503
294106,951.124727934657
294107,737.9110553622783
294108,275.3304487401749
294109,370.4829713846731
294110,237.00699207753155
294111,1398.5454666297237
294112,1185.331794057345
294113,722.7511874352416
294114,817.9037100797398
294115,392.58815991571737
294116,1554.1266344679095
294117,1340.9129618955308
294118,878.3323552734274
294119,973.4848779179256
294120,-321.0100470391069
294121,840.5284275130853
294122,627.3147549407065
294123,164.73414831860327
294124,259.8866709631014
294125,126.41069165595991
294126,1287.9491662081518
294127,1074.7354936357733
294128,612.1548870136698
294129,707.307409658168
294130,281.99185949414573
294131,1443.5303340463377
294132,1230.3166614739591
294133,767.7360548518557
294134,862.8885774963538
294135,-312.93670909783054
294136,848.6017654543616
294137,635.3880928819829
294138,172.8074862598795
294139,267.9600089043777
294140,134.48402959723614
294141,1296.0225041494282
294142,1082.8088315770494
294143,620.2282249549462
294144,715.3807475994444
294145,290.0651974354221
294146,1451.603671987614
294147,1238.3899994152353
294148,775.809392793132
294149,870.9619154376302
294150,-518.8683974194348
294151,642.6700771327572
294152,429.4564045603786
294153,-33.12420206172476
294154,62.028320582773404
294155,-71.44765872436824
294156,1090.090815827824
294157,876.8771432554452
294158,414.2965366333418
294159,509.4490592778399
294160,84.1335091138177
294161,1245.6719836660097
294162,1032.458311093631
294163,569.8777044715276
294164,665.0302271160258
294165,-1143.7607423202182
294166,17.777732231973573
294167,-195.43594034040507
294168,-658.0165469625083
294169,-562.8640243180103
294170,-696.3400036251517
294171,465.19847092704026
294172,251.98479835466156
294173,-210.59580826744173
294174,-115.44328562294368
294175,-540.7588357869661
294176,620.7796387652261
294177,407.5659661928473
294178,-55.01464042925602
294179,40.13788221524214
294180,362.4031401673403
294181,1523.9416147195325
294182,1310.7279421471535
294183,848.1473355250503
294184,943.2998581695484
294185,809.8238788624069
294186,1971.3623534145988
294187,1758.14868084222
294188,1295.5680742201168
294189,1390.720596864615
294190,965.4050467005928
294191,2126.943521252785
294192,1913.7298486804061
294193,1451.1492420583027
294194,1546.301764702801
294195,-198.07449814425934
294196,963.4639764079327
294197,750.2503038355541
294198,287.6696972134507
294199,382.8222198579489
294200,249.3462405508073
294201,1410.8847151029995
294202,1197.6710425306205
294203,735.0904359085174
294204,830.2429585530155
294205,404.9274083889932
294206,1566.465882941185
294207,1353.2522103688066
294208,890.6716037467031
294209,985.8241263912014
294210,-308.6707985658311
294211,852.8676759863611
294212,639.6540034139824
294213,177.07339679187908
294214,272.22591943637724
294215,138.7499401292357
294216,1300.2884146814276
294217,1087.074742109049
294218,624.4941354869457
294219,719.6466581314438
294220,294.3311079674215
294221,1455.8695825196137
294222,1242.6559099472347
294223,780.0753033251315
294224,875.2278259696296
294225,-300.59746062455474
294226,860.9410139276374
294227,647.7273413552587
294228,185.1467347331553
294229,280.29925737765353
294230,146.82327807051195
294231,1308.361752622704
294232,1095.1480800503252
294233,632.567473428222
294234,727.7199960727202
294235,302.4044459086978
294236,1463.94292046089
294237,1250.729247888511
294238,788.1486412664078
294239,883.301163910906
294240,-506.529148946159
294241,655.0093256060331
294242,441.7956530336544
294243,-20.784953588448843
294244,74.3675690560492
294245,-59.10841025109244
294246,1102.4300643010997
294247,889.216391728721
294248,426.6357851066176
294249,521.7883077511158
294250,96.47275758709338
294251,1258.0112321392855
294252,1044.7975595669068
294253,582.2169529448034
294254,677.3694755893016
294255,-1131.4214938469427
294256,30.11698070524949
294257,-183.09669186712927
294258,-645.6772984892327
294259,-550.5247758447344
294260,-684.0007551518759
294261,477.53771940031606
294262,264.32404682793737
294263,-198.25655979416592
294264,-103.10403714966776
294265,-528.4195873136903
294266,633.1188872385019
294267,419.90521466612313
294268,-42.6753919559801
294269,52.477130688517946
294270,374.7423886406161
294271,1536.2808631928083
294272,1323.0671906204293
294273,860.4865839983261
294274,955.6391066428242
294275,822.1631273356827
294276,1983.7016018878746
294277,1770.4879293154959
294278,1307.9073226933926
294279,1403.0598453378907
294280,977.7442951738685
294281,2139.282769726061
294282,1926.069097153682
294283,1463.4884905315785
294284,1558.6410131760767
294285,-185.73524967098342
294286,975.8032248812086
294287,762.5895523088299
294288,300.0089456867265
294289,395.1614683312247
294290,261.68548902408315
294291,1423.2239635762753
294292,1210.0102910038963
294293,747.4296843817932
294294,842.5822070262913
294295,417.26665686226903
294296,1578.8051314144611
294297,1365.5914588420824
294298,903.0108522199789
294299,998.1633748644772
294300,-219.79944509382813
294301,941.739029458364
294302,728.5253568859853
294303,265.94475026388193
294304,361.0972729083801
294305,227.62129360123856
294306,1389.1597681534304
294307,1175.9460955810518
294308,713.3654889589485
294309,808.5180116034467
294310,383.20246143942427
294311,1544.7409359916164
294312,1331.5272634192377
294313,868.9466567971343
294314,964.0991794416325
294315,-211.72610715255166
294316,949.8123673996403
294317,736.5986948272615
294318,274.0180882051582
294319,369.1706108496564
294320,235.6946315425149
294321,1397.2331060947067
294322,1184.0194335223282
294323,721.4388269002249
294324,816.591349544723
294325,391.27579938070073
294326,1552.8142739328928
294327,1339.600601360514
294328,877.0199947384106
294329,972.1725173829088
294330,-417.6577954741563
294331,743.880679078036
294332,530.6670065056571
294333,68.0863998835539
294334,163.23892252805206
294335,29.762943220910415
294336,1191.3014177731025
294337,978.0877452007237
294338,515.5071385786205
294339,610.6596612231186
294340,185.34411105909624
294341,1346.8825856112885
294342,1133.6689130389095
294343,671.0883064168063
294344,766.2408290613045
294345,-1042.5501403749397
294346,118.98833417725234
294347,-94.22533839512641
294348,-556.8059450172298
294349,-461.6534223727317
294350,-595.1294016798731
294351,566.4090728723188
294352,353.19540029994016
294353,-109.38520632216319
294354,-14.232683677665023
294355,-439.54823384168753
294356,721.9902407105046
294357,508.776568138126
294358,46.195961516022635
294359,141.3484841605208
294360,463.613742112619
294361,1625.152216664811
294362,1411.9385440924323
294363,949.357937470329
294364,1044.5104601148273
294365,911.0344808076856
294366,2072.5729553598776
294367,1859.3592827874988
294368,1396.7786761653956
294369,1491.9311988098939
294370,1066.6156486458713
294371,2228.1541231980636
294372,2014.940450625685
294373,1552.3598440035814
294374,1647.5123666480795
294375,-96.86389619898057
294376,1064.6745783532115
294377,851.4609057808327
294378,388.88029915872943
294379,484.0328218032276
294380,350.556842496086
294381,1512.095317048278
294382,1298.8816444758993
294383,836.3010378537961
294384,931.4535604982941
294385,506.1380103342718
294386,1667.6764848864639
294387,1454.462812314085
294388,991.8822056919819
294389,1087.03472833648
294390,-207.46019662055232
294391,954.0782779316398
294392,740.864605359261
294393,278.28399873715773
294394,373.4365213816559
294395,239.96054207451448
294396,1401.4990166267064
294397,1188.2853440543277
294398,725.7047374322243
294399,820.8572600767225
294400,395.5417099127002
294401,1557.0801844648922
294402,1343.8665118925135
294403,881.2859052704102
294404,976.4384279149083
294405,-199.38685867927597
294406,962.1516158729161
294407,748.9379433005373
294408,286.35733667843397
294409,381.5098593229322
294410,248.03388001579066
294411,1409.5723545679825
294412,1196.358681995604
294413,733.7780753735007
294414,828.9305980179988
294415,403.61504785397653
294416,1565.1535224061686
294417,1351.9398498337898
294418,889.3592432116865
294419,984.5117658561846
294420,-405.31854700088024
294421,756.2199275513117
294422,543.0062549789329
294423,80.4256483568297
294424,175.57817100132786
294425,42.10219169418633
294426,1203.6406662463783
294427,990.4269936739996
294428,527.8463870518963
294429,622.9989096963944
294430,197.68335953237215
294431,1359.221834084564
294432,1146.0081615121853
294433,683.4275548900821
294434,778.5800775345803
294435,-1030.210891901664
294436,131.32758265052803
294437,-81.88608992185073
294438,-544.466696543954
294439,-449.3141738994559
294440,-582.7901532065973
294441,578.7483213455947
294442,365.53464877321596
294443,-97.04595784888738
294444,-1.8934352043892204
294445,-427.2089853684115
294446,734.3294891837805
294447,521.1158166114018
294448,58.53520998929844
294449,153.6877326337966
294450,475.95299058589484
294451,1637.4914651380868
294452,1424.277792565708
294453,961.6971859436048
294454,1056.8497085881029
294455,923.3737292809615
294456,2084.9122038331534
294457,1871.6985312607746
294458,1409.1179246386714
294459,1504.2704472831697
294460,1078.9548971191473
294461,2240.4933716713394
294462,2027.2796990989607
294463,1564.6990924768572
294464,1659.8516151213553
294465,-84.52464772570488
294466,1077.0138268264873
294467,863.8001542541085
294468,401.2195476320052
294469,496.37207027650334
294470,362.89609096936175
294471,1524.4345655215538
294472,1311.220892949175
294473,848.6402863270719
294474,943.7928089715699
294475,518.4772588075476
294476,1680.0157333597397
294477,1466.802060787361
294478,1004.2214541652577
294479,1099.3739768097557
294480,-358.01932802351575
294481,803.5191465286763
294482,590.3054739562976
294483,127.7248673341943
294484,222.87738997869246
294485,89.40141067155093
294486,1250.939885223743
294487,1037.7262126513642
294488,575.1456060292609
294489,670.298128673759
294490,244.9825785097367
294491,1406.5210530619288
294492,1193.30738048955
294493,730.7267738674467
294494,825.8792965119449
294495,-349.9459900822394
294496,811.5924844699526
294497,598.3788118975739
294498,135.79820527547054
294499,230.9507279199687
294500,97.47474861282717
294501,1259.0132231650193
294502,1045.7995505926406
294503,583.2189439705372
294504,678.3714666150354
294505,253.05591645101305
294506,1414.5943910032051
294507,1201.3807184308264
294508,738.8001118087229
294509,833.9526344532212
294510,-555.8776784038437
294511,605.6607961483483
294512,392.4471235759696
294513,-70.13348304613373
294514,25.01903959836443
294515,-108.45693970877721
294516,1053.0815348434148
294517,839.8678622710361
294518,377.28725564893284
294519,472.43977829343095
294520,47.12422812940872
294521,1208.6627026816006
294522,995.449030109222
294523,532.8684234871187
294524,628.0209461316168
294525,-1180.7700233046273
294526,-19.2315487524354
294527,-232.44522132481416
294528,-695.0258279469174
294529,-599.8733053024193
294530,-733.3492846095608
294531,428.1891899426313
294532,214.97551737025253
294533,-247.6050892518507
294534,-152.45256660735254
294535,-577.7681167713749
294536,583.7703577808171
294537,370.55668520843835
294538,-92.023921413665
294539,3.128601230833169
294540,325.39385918293135
294541,1486.9323337351234
294542,1273.7186611627446
294543,811.1380545406413
294544,906.2905771851395
294545,772.8145978779979
294546,1934.35307243019
294547,1721.1393998578112
294548,1258.558793235708
294549,1353.711315880206
294550,928.3957657161839
294551,2089.934240268376
294552,1876.720567695997
294553,1414.1399610738938
294554,1509.2924837183918
294555,-235.0837791286682
294556,926.4546954235238
294557,713.2410228511451
294558,250.66041622904174
294559,345.8129388735399
294560,212.33695956639838
294561,1373.8754341185904
294562,1160.6617615462117
294563,698.0811549241083
294564,793.2336775686065
294565,367.91812740458425
294566,1529.4566019567765
294567,1316.2429293843975
294568,853.6623227622941
294569,948.8148454067923
294570,-345.68007955023995
294571,815.8583950019521
294572,602.6447224295734
294573,140.06411580747
294574,235.21663845196815
294575,101.74065914482674
294576,1263.2791336970186
294577,1050.06546112464
294578,587.4848545025367
294579,682.6373771470348
294580,257.32182698301244
294581,1418.8603015352046
294582,1205.6466289628258
294583,743.0660223407225
294584,838.2185449852207
294585,-337.6067416089636
294586,823.9317329432284
294587,610.7180603708497
294588,148.13745374874634
294589,243.2899763932445
294590,109.81399708610297
294591,1271.352471638295
294592,1058.1387990659164
294593,595.558192443813
294594,690.7107150883112
294595,265.3951649242888
294596,1426.933639476481
294597,1213.7199669041022
294598,751.1393602819988
294599,846.291882926497
294600,-543.5384299305679
294601,618.000044621624
294602,404.7863720492454
294603,-57.79423457285793
294604,37.358288071640345
294605,-96.11769123550141
294606,1065.4207833166906
294607,852.2071107443119
294608,389.62650412220864
294609,484.77902676670675
294610,59.46347660268441
294611,1221.0019511548765
294612,1007.7882785824977
294613,545.2076719603945
294614,640.3601946048926
294615,-1168.4307748313518
294616,-6.892300279159485
294617,-220.10597285153824
294618,-682.6865794736418
294619,-587.5340568291435
294620,-721.010036136285
294621,440.528438415907
294622,227.31476584352833
294623,-235.265840778575
294624,-140.11331813407685
294625,-565.4288682980994
294626,596.1096062540928
294627,382.89593368171415
294628,-79.68467294038919
294629,15.467849704108971
294630,337.7331076562071
294631,1499.2715822083992
294632,1286.0579096360204
294633,823.4773030139171
294634,918.6298256584153
294635,785.1538463512737
294636,1946.6923209034658
294637,1733.4786483310872
294638,1270.8980417089838
294639,1366.050564353482
294640,940.7350141894595
294641,2102.273488741652
294642,1889.0598161692728
294643,1426.4792095471696
294644,1521.6317321916677
294645,-222.7445306553925
294646,938.7939438967996
294647,725.5802713244209
294648,262.9996647023175
294649,358.15218734681565
294650,224.67620803967418
294651,1386.2146825918662
294652,1173.0010100194875
294653,710.4204033973841
294654,805.5729260418823
294655,380.25737587786
294656,1541.795850430052
294657,1328.5821778576733
294658,866.0015712355699
294659,961.1540938800681
294660,-333.3408310769644
294661,828.1976434752279
294662,614.9839709028491
294663,152.4033642807458
294664,247.55588692524395
294665,114.07990761810242
294666,1275.6183821702944
294667,1062.4047095979158
294668,599.8241029758125
294669,694.9766256203106
294670,269.66107545628824
294671,1431.1995500084804
294672,1217.9858774361016
294673,755.4052708139983
294674,850.5577934584965
294675,-325.267493135688
294676,836.2709814165041
294677,623.0573088441255
294678,160.47670222202214
294679,255.6292248665203
294680,122.15324555937877
294681,1283.6917201115707
294682,1070.4780475391922
294683,607.8974409170887
294684,703.0499635615869
294685,277.7344133975646
294686,1439.2728879497568
294687,1226.059215377378
294688,763.4786087552745
294689,858.6311313997728
294690,-531.1991814572923
294691,630.3392930948999
294692,417.12562052252116
294693,-45.45498609958213
294694,49.697536544916034
294695,-83.77844276222572
294696,1077.7600317899664
294697,864.5463592175877
294698,401.96575259548445
294699,497.11827523998255
294700,71.80272507596021
294701,1233.3411996281525
294702,1020.1275270557736
294703,557.5469204336703
294704,652.6994430781684
294705,-1156.0915263580757
294706,5.446948194116203
294707,-207.76672437826244
294708,-670.3473310003658
294709,-575.1948083558677
294710,-708.6707876630092
294711,452.86768688918283
294712,239.65401431680414
294713,-222.9265923052992
294714,-127.77406966080105
294715,-553.0896198248236
294716,608.4488547273686
294717,395.23518215498996
294718,-67.34542446711339
294719,27.807098177384773
294720,350.07235612948284
294721,1511.610830681675
294722,1298.3971581092962
294723,835.8165514871929
294724,930.9690741316911
294725,797.4930948245494
294726,1959.0315693767416
294727,1745.8178968043628
294728,1283.2372901822596
294729,1378.3898128267576
294730,953.0742626627354
294731,2114.6127372149276
294732,1901.3990646425489
294733,1438.8184580204454
294734,1533.9709806649435
294735,-210.4052821821167
294736,951.1331923700754
294737,737.9195197976967
294738,275.3389131755933
294739,370.49143582009145
294740,237.01545651294987
294741,1398.553931065142
294742,1185.3402584927633
294743,722.75965187066
294744,817.9121745151581
294745,392.5966243511358
294746,1554.1350989033278
294747,1340.921426330949
294748,878.3408197088459
294749,973.4933423533439
294750,-321.00158260368835
294751,840.5368919485037
294752,627.323219376125
294753,164.7426127540216
294754,259.8951353985198
294755,126.41915609137834
294756,1287.9576306435704
294757,1074.7439580711916
294758,612.1633514490883
294759,707.3158740935864
294760,282.0003239295641
294761,1443.5387984817562
294762,1230.3251259093774
294763,767.7445192872741
294764,862.8970419317723
294765,-312.928244662412
294766,848.61022988978
294767,635.3965573174013
294768,172.81595069529794
294769,267.9684733397961
294770,134.49249403265458
294771,1296.0309685848465
294772,1082.817296012468
294773,620.2366893903645
294774,715.3892120348627
294775,290.07366187084045
294776,1451.6121364230326
294777,1238.3984638506538
294778,775.8178572285503
294779,870.9703798730486
294780,-518.8599329840163
294781,642.6785415681757
294782,429.464868995797
294783,-33.11573762630633
294784,62.036785018191836
294785,-71.4391942889498
294786,1090.0992802632422
294787,876.8856076908635
294788,414.3050010687602
294789,509.4575237132583
294790,84.14197354923613
294791,1245.680448101428
294792,1032.4667755290493
294793,569.8861689069461
294794,665.0386915514442
294795,-1143.7522778848
294796,17.786196667392005
294797,-195.42747590498675
294798,-658.00808252709
294799,-562.8555598825919
294800,-696.3315391897333
294801,465.2069353624587
294802,251.99326279008
294803,-210.5873438320233
294804,-115.43482118752524
294805,-540.7503713515475
294806,620.7881032006445
294807,407.57443062826576
294808,-55.00617599383759
294809,40.146346650660576
294810,362.41160460275876
294811,1523.9500791549508
294812,1310.736406582572
294813,848.1557999604687
294814,943.3083226049669
294815,809.8323432978253
294816,1971.3708178500174
294817,1758.1571452776386
294818,1295.5765386555354
294819,1390.7290613000334
294820,965.4135111360113
294821,2126.9519856882034
294822,1913.7383131158244
294823,1451.1577064937212
294824,1546.3102291382193
294825,-198.0660337088409
294826,963.4724408433513
294827,750.2587682709725
294828,287.67816164886915
294829,382.8306842933673
294830,249.35470498622567
294831,1410.8931795384178
294832,1197.679506966039
294833,735.0989003439357
294834,830.2514229884339
294835,404.93587282441155
294836,1566.4743473766039
294837,1353.260674804225
294838,890.6800681821215
294839,985.8325908266197
294840,-308.66233413041255
294841,852.8761404217795
294842,639.6624678494007
294843,177.0818612272974
294844,272.23438387179556
294845,138.75840456465414
294846,1300.296879116846
294847,1087.0832065444674
294848,624.5025999223641
294849,719.6551225668622
294850,294.33957240283985
294851,1455.878046955032
294852,1242.6643743826532
294853,780.0837677605499
294854,875.2362904050481
294855,-300.5889961891362
294856,860.9494783630558
294857,647.7358057906771
294858,185.15519916857374
294859,280.3077218130719
294860,146.83174250593038
294861,1308.3702170581223
294862,1095.1565444857438
294863,632.5759378636404
294864,727.7284605081385
294865,302.4129103441162
294866,1463.9513848963084
294867,1250.7377123239296
294868,788.1571057018261
294869,883.3096283463244
294870,-506.52068451074047
294871,655.0177900414515
294872,441.8041174690728
294873,-20.776489153030525
294874,74.37603349146775
294875,-59.099945815674005
294876,1102.438528736518
294877,889.2248561641393
294878,426.644249542036
294879,521.7967721865341
294880,96.48122202251182
294881,1258.0196965747039
294882,1044.806024002325
294883,582.2254173802219
294884,677.37794002472
294885,-1131.4130294115241
294886,30.125445140667807
294887,-183.08822743171095
294888,-645.6688340538142
294889,-550.5163114093159
294890,-683.9922907164575
294891,477.5461838357344
294892,264.3325112633557
294893,-198.2480953587476
294894,-103.09557271424944
294895,-528.411122878272
294896,633.1273516739202
294897,419.91367910154156
294898,-42.666927520561785
294899,52.485595123936264
294900,374.7508530760345
294901,1536.2893276282266
294902,1323.0756550558478
294903,860.4950484337444
294904,955.6475710782427
294905,822.1715917711011
294906,1983.710066323293
294907,1770.4963937509144
294908,1307.9157871288112
294909,1403.0683097733092
294910,977.752759609287
294911,2139.291234161479
294912,1926.0775615891002
294913,1463.4969549669968
294914,1558.649477611495
294915,-185.7267852355651
294916,975.811689316627
294917,762.5980167442483
294918,300.0174101221449
294919,395.16993276664306
294920,261.6939534595016
294921,1423.2324280116936
294922,1210.0187554393149
294923,747.4381488172115
294924,842.5906714617097
294925,417.2751212976874
294926,1578.8135958498794
294927,1365.5999232775007
294928,903.0193166553973
294929,998.1718392998955
294930,-219.7909806584098
294931,941.7474938937823
294932,728.5338213214036
294933,265.9532146993003
294934,361.10573734379847
294935,227.629758036657
294936,1389.168232588849
294937,1175.9545600164702
294938,713.3739533943669
294939,808.5264760388651
294940,383.2109258748427
294941,1544.7494004270347
294942,1331.5357278546562
294943,868.9551212325528
294944,964.1076438770509
294945,-211.71764271713323
294946,949.8208318350587
294947,736.6071592626799
294948,274.0265526405766
294949,369.17907528507476
294950,235.70309597793334
294951,1397.2415705301253
294952,1184.0278979577465
294953,721.4472913356433
294954,816.5998139801413
294955,391.28426381611916
294956,1552.822738368311
294957,1339.6090657959326
294958,877.0284591738291
294959,972.1809818183272
294960,-417.6493310387377
294961,743.8891435134543
294962,530.6754709410756
294963,68.09486431897221
294964,163.2473869634705
294965,29.771407656328847
294966,1191.309882208521
294967,978.0962096361422
294968,515.5156030140389
294969,610.6681256585371
294970,185.35257549451467
294971,1346.8910500467068
294972,1133.677377474328
294973,671.0967708522246
294974,766.2492934967229
294975,-1042.5416759395214
294976,118.99679861267066
294977,-94.2168739597081
294978,-556.7974805818114
294979,-461.6449579373134
294980,-595.1209372444548
294981,566.4175373077373
294982,353.2038647353586
294983,-109.37674188674475
294984,-14.22421924224659
294985,-439.539769406269
294986,721.998705145923
294987,508.7850325735444
294988,46.20442595144095
294989,141.35694859593923
294990,463.62220654803735
294991,1625.1606811002293
294992,1411.9470085278508
294993,949.3664019057474
294994,1044.5189245502456
294995,911.042945243104
294996,2072.581419795296
294997,1859.3677472229174
294998,1396.787140600814
294999,1491.9396632453122
295000,1066.6241130812898
295001,2228.162587633482
295002,2014.9489150611032
295003,1552.368308439
295004,1647.520831083498
295005,-96.85543176356214
295006,1064.6830427886298
295007,851.469370216251
295008,388.8887635941478
295009,484.04128623864597
295010,350.5653069315044
295011,1512.1037814836964
295012,1298.8901089113178
295013,836.3095022892145
295014,931.4620249337125
295015,506.14647476969026
295016,1667.6849493218824
295017,1454.4712767495037
295018,991.8906701274002
295019,1087.0431927718985
295020,-207.45173218513378
295021,954.0867423670582
295022,740.8730697946794
295023,278.29246317257616
295024,373.4449858170743
295025,239.9690065099328
295026,1401.5074810621247
295027,1188.293808489746
295028,725.7132018676427
295029,820.8657245121409
295030,395.55017434811856
295031,1557.0886489003105
295032,1343.874976327932
295033,881.2943697058286
295034,976.4468923503267
295035,-199.37839424385743
295036,962.1600803083345
295037,748.9464077359557
295038,286.3658011138524
295039,381.5183237583506
295040,248.0423444512091
295041,1409.580819003401
295042,1196.3671464310223
295043,733.7865398089191
295044,828.9390624534171
295045,403.6235122893949
295046,1565.161986841587
295047,1351.9483142692084
295048,889.3677076471048
295049,984.520230291603
295050,-405.3100825654617
295051,756.2283919867301
295052,543.0147194143515
295053,80.43411279224813
295054,175.5866354367463
295055,42.11065612960465
295056,1203.6491306817968
295057,990.435458109418
295058,527.8548514873147
295059,623.0073741318129
295060,197.69182396779058
295061,1359.2302985199826
295062,1146.0166259476039
295063,683.4360193255005
295064,778.5885419699987
295065,-1030.2024274662456
295066,131.33604708594646
295067,-81.87762548643218
295068,-544.4582321085356
295069,-449.30570946403736
295070,-582.781688771179
295071,578.7567857810131
295072,365.5431132086344
295073,-97.03749341346884
295074,-1.8849707689707884
295075,-427.20052093299296
295076,734.337953619199
295077,521.1242810468202
295078,58.54367442471687
295079,153.69619706921503
295080,475.96145502131327
295081,1637.4999295735051
295082,1424.2862570011266
295083,961.7056503790232
295084,1056.8581730235214
295085,923.3821937163798
295086,2084.9206682685717
295087,1871.706995696193
295088,1409.1263890740897
295089,1504.278911718588
295090,1078.9633615545656
295091,2240.5018361067578
295092,2027.288163534379
295093,1564.7075569122755
295094,1659.8600795567738
295095,-84.51618329028634
295096,1077.0222912619056
295097,863.8086186895268
295098,401.2280120674236
295099,496.38053471192177
295100,362.9045554047802
295101,1524.4430299569722
295102,1311.2293573845936
295103,848.6487507624902
295104,943.8012734069883
295105,518.4857232429661
295106,1680.024197795158
295107,1466.8105252227795
295108,1004.229918600676
295109,1099.382441245174
295110,-358.01086358809744
295111,803.5276109640947
295112,590.313938391716
295113,127.73333176961262
295114,222.88585441411078
295115,89.40987510696937
295116,1250.9483496591613
295117,1037.7346770867825
295118,575.1540704646793
295119,670.3065931091775
295120,244.99104294515507
295121,1406.5295174973471
295122,1193.3158449249686
295123,730.7352383028651
295124,825.8877609473633
295125,-349.9375256468211
295126,811.6009489053711
295127,598.3872763329923
295128,135.80666971088885
295129,230.95919235538713
295130,97.4832130482456
295131,1259.0216876004376
295132,1045.808015028059
295133,583.2274084059557
295134,678.3799310504537
295135,253.06438088643142
295136,1414.6028554386235
295137,1201.389182866245
295138,738.8085762441414
295139,833.9610988886395
295140,-555.8692139684251
295141,605.6692605837667
295142,392.45558801138804
295143,-70.1250186107153
295144,25.02750403378286
295145,-108.44847527335878
295146,1053.0899992788331
295147,839.8763267064545
295148,377.2957200843512
295149,472.4482427288493
295150,47.13269256482704
295151,1208.6711671170192
295152,995.4574945446403
295153,532.876887922537
295154,628.0294105670353
295155,-1180.761558869209
295156,-19.22308431701697
295157,-232.43675688939572
295158,-695.0173635114991
295159,-599.864840867001
295160,-733.3408201741424
295161,428.1976543780496
295162,214.98398180567085
295163,-247.59662481643238
295164,-152.44410217193422
295165,-577.7596523359566
295166,583.7788222162354
295167,370.5651496438568
295168,-92.01545697824668
295169,3.1370656662514875
295170,325.4023236183497
295171,1486.9407981705417
295172,1273.727125598163
295173,811.1465189760597
295174,906.2990416205578
295175,772.8230623134164
295176,1934.3615368656083
295177,1721.1478642932298
295178,1258.5672576711263
295179,1353.7197803156246
295180,928.4042301516022
295181,2089.9427047037943
295182,1876.7290321314156
295183,1414.1484255093121
295184,1509.3009481538102
295185,-235.07531469324977
295186,926.4631598589422
295187,713.2494872865634
295188,250.66888066446006
295189,345.8214033089583
295190,212.3454240018168
295191,1373.8838985540087
295192,1160.6702259816302
295193,698.0896193595268
295194,793.2421420040249
295195,367.92659184000263
295196,1529.4650663921948
295197,1316.2513938198158
295198,853.6707871977126
295199,948.8233098422107
295200,-345.67161511482163
295201,815.8668594373705
295202,602.6531868649918
295203,140.07258024288842
295204,235.22510288738658
295205,101.74912358024517
295206,1263.287598132437
295207,1050.0739255600583
295208,587.4933189379551
295209,682.6458415824532
295210,257.3302914184309
295211,1418.868765970623
295212,1205.6550933982444
295213,743.0744867761409
295214,838.2270094206391
295215,-337.5982771735453
295216,823.9401973786468
295217,610.7265248062681
295218,148.14591818416466
295219,243.29844082866288
295220,109.82246152152129
295221,1271.3609360737134
295222,1058.1472635013347
295223,595.5666568792315
295224,690.7191795237295
295225,265.4036293597072
295226,1426.9421039118993
295227,1213.7284313395205
295228,751.1478247174173
295229,846.3003473619153
295230,-543.5299654951496
295231,618.0085090570425
295232,404.79483648466373
295233,-57.78577013743961
295234,37.36675250705866
295235,-96.10922680008298
295236,1065.429247752109
295237,852.2155751797303
295238,389.634968557627
295239,484.7874912021251
295240,59.47194103810284
295241,1221.010415590295
295242,1007.7967430179162
295243,545.2161363958128
295244,640.3686590403111
295245,-1168.4223103959332
295246,-6.883835843741167
295247,-220.0975084161198
295248,-682.6781150382233
295249,-587.525592393725
295250,-721.0015717008666
295251,440.5369028513254
295252,227.32323027894677
295253,-235.25737634315658
295254,-140.10485369865842
295255,-565.4204038626808
295256,596.1180706895112
295257,382.90439811713253
295258,-79.67620850497087
295259,15.476314139527403
295260,337.74157209162547
295261,1499.2800466438175
295262,1286.0663740714388
295263,823.4857674493355
295264,918.6382900938337
295265,785.1623107866922
295266,1946.7007853388843
295267,1733.4871127665056
295268,1270.906506144402
295269,1366.0590287889004
295270,940.743478624878
295271,2102.28195317707
295272,1889.0682806046914
295273,1426.487673982588
295274,1521.6401966270862
295275,-222.73606621997408
295276,938.802408332218
295277,725.5887357598392
295278,263.00812913773586
295279,358.160651782234
295280,224.6846724750926
295281,1386.2231470272845
295282,1173.009474454906
295283,710.4288678328026
295284,805.5813904773007
295285,380.26584031327843
295286,1541.8043148654704
295287,1328.5906422930916
295288,866.0100356709884
295289,961.1625583154865
295290,-333.33236664154583
295291,828.2061079106463
295292,614.9924353382676
295293,152.41182871616422
295294,247.56435136066239
295295,114.08837205352086
295296,1275.626846605713
295297,1062.4131740333341
295298,599.8325674112309
295299,694.9850900557291
295300,269.6695398917067
295301,1431.2080144438987
295302,1217.99434187152
295303,755.4137352494167
295304,850.5662578939149
295305,-325.2590287002695
295306,836.2794458519227
295307,623.0657732795439
295308,160.48516665744046
295309,255.63768930193874
295310,122.16170999479709
295311,1283.7001845469892
295312,1070.4865119746105
295313,607.9059053525073
295314,703.0584279970053
295315,277.742877832983
295316,1439.281352385175
295317,1226.0676798127963
295318,763.487073190693
295319,858.6395958351911
295320,-531.1907170218738
295321,630.3477575303183
295322,417.1340849579396
295323,-45.4465216641637
295324,49.706000980334466
295325,-83.76997832680729
295326,1077.7684962253848
295327,864.5548236530061
295328,401.9742170309028
295329,497.1267396754009
295330,71.81118951137864
295331,1233.3496640635708
295332,1020.135991491192
295333,557.5553848690886
295334,652.7079075135869
295335,-1156.0830619226574
295336,5.455412629534635
295337,-207.75825994284412
295338,-670.3388665649475
295339,-575.1863439204494
295340,-708.6623232275908
295341,452.87615132460127
295342,239.66247875222257
295343,-222.91812786988078
295344,-127.76560522538261
295345,-553.081155389405
295346,608.4573191627871
295347,395.24364659040833
295348,-67.33696003169496
295349,27.815562612803205
295350,350.0808205649013
295351,1511.6192951170933
295352,1298.4056225447148
295353,835.8250159226113
295354,930.9775385671095
295355,797.5015592599678
295356,1959.0400338121601
295357,1745.8263612397814
295358,1283.245754617678
295359,1378.3982772621762
295360,953.0827270981538
295361,2114.621201650346
295362,1901.4075290779672
295363,1438.826922455864
295364,1533.979445100362
295365,-210.39681774669828
295366,951.1416568054938
295367,737.9279842331151
295368,275.3473776110117
295369,370.4999002555099
295370,237.0239209483683
295371,1398.5623955005603
295372,1185.3487229281818
295373,722.7681163060784
295374,817.9206389505765
295375,392.60508878655423
295376,1554.1435633387464
295377,1340.9298907663674
295378,878.3492841442642
295379,973.5018067887625
295380,-320.99311816827003
295381,840.5453563839221
295382,627.3316838115434
295383,164.75107718944002
295384,259.9035998339382
295385,126.42762052679677
295386,1287.9660950789887
295387,1074.75242250661
295388,612.1718158845067
295389,707.3243385290048
295390,282.0087883649825
295391,1443.5472629171745
295392,1230.333590344796
295393,767.7529837226925
295394,862.9055063671907
295395,-312.9197802269937
295396,848.6186943251984
295397,635.4050217528197
295398,172.82441513071626
295399,267.9769377752145
295400,134.500958468073
295401,1296.0394330202648
295402,1082.8257604478863
295403,620.2451538257831
295404,715.3976764702811
295405,290.08212630625883
295406,1451.6206008584509
295407,1238.4069282860721
295408,775.8263216639688
295409,870.9788443084669
295410,-518.8514685485977
295411,642.6870060035941
295412,429.47333343121545
295413,-33.107273190887895
295414,62.04524945361027
295415,-71.43072985353137
295416,1090.1077446986606
295417,876.8940721262819
295418,414.3134655041786
295419,509.46598814867673
295420,84.15043798465445
295421,1245.6889125368466
295422,1032.4752399644676
295423,569.8946333423644
295424,665.0471559868627
295425,-1143.7438134493816
295426,17.794661102810437
295427,-195.41901146956832
295428,-657.9996180916717
295429,-562.8470954471734
295430,-696.323074754315
295431,465.215399797877
295432,252.0017272254983
295433,-210.57887939660498
295434,-115.42635675210693
295435,-540.7419069161292
295436,620.7965676360628
295437,407.5828950636842
295438,-54.99771155841927
295439,40.154811086078894
295440,362.42006903817713
295441,1523.9585435903691
295442,1310.7448710179904
295443,848.1642643958871
295444,943.3167870403852
295445,809.8408077332438
295446,1971.3792822854357
295447,1758.1656097130572
295448,1295.5850030909537
295449,1390.737525735452
295450,965.4219755714296
295451,2126.9604501236217
295452,1913.746777551243
295453,1451.1661709291395
295454,1546.3186935736376
295455,-198.0575692734226
295456,963.4809052787696
295457,750.2672327063908
295458,287.68662608428747
295459,382.8391487287857
295460,249.3631694216441
295461,1410.9016439738361
295462,1197.6879714014576
295463,735.1073647793542
295464,830.2598874238523
295465,404.9443372598299
295466,1566.4828118120222
295467,1353.2691392396432
295468,890.68853261754
295469,985.8410552620381
295470,-308.6538696949942
295471,852.8846048571979
295472,639.6709322848192
295473,177.09032566271583
295474,272.242848307214
295475,138.76686900007257
295476,1300.3053435522645
295477,1087.0916709798857
295478,624.5110643577825
295479,719.6635870022806
295480,294.3480368382583
295481,1455.8865113904503
295482,1242.6728388180718
295483,780.0922321959683
295484,875.2447548404665
295485,-300.5805317537179
295486,860.9579427984742
295487,647.7442702260954
295488,185.16366360399206
295489,280.3161862484903
295490,146.8402069413488
295491,1308.3786814935409
295492,1095.165008921162
295493,632.5844022990588
295494,727.7369249435569
295495,302.42137477953463
295496,1463.9598493317267
295497,1250.746176759348
295498,788.1655701372446
295499,883.3180927817427
295500,-506.51222007532215
295501,655.0262544768699
295502,441.81258190449114
295503,-20.768024717612207
295504,74.38449792688607
295505,-59.09148138025557
295506,1102.4469931719364
295507,889.2333205995577
295508,426.6527139774544
295509,521.8052366219525
295510,96.48968645793025
295511,1258.0281610101224
295512,1044.8144884377436
295513,582.2338818156402
295514,677.3864044601385
295515,-1131.4045649761058
295516,30.133909576086126
295517,-183.0797629962924
295518,-645.6603696183959
295519,-550.5078469738976
295520,-683.9838262810392
295521,477.5546482711528
295522,264.3409756987741
295523,-198.23963092332917
295524,-103.08710827883101
295525,-528.4026584428534
295526,633.1358161093386
295527,419.92214353695994
295528,-42.65846308514347
295529,52.49405955935481
295530,374.7593175114529
295531,1536.297792063645
295532,1323.0841194912662
295533,860.5035128691628
295534,955.656035513661
295535,822.1800562065196
295536,1983.7185307587115
295537,1770.5048581863327
295538,1307.9242515642295
295539,1403.0767742087278
295540,977.7612240447054
295541,2139.2996985968975
295542,1926.0860260245188
295543,1463.5054194024153
295544,1558.6579420469134
295545,-185.71832080014667
295546,975.8201537520454
295547,762.6064811796666
295548,300.02587455756327
295549,395.17839720206143
295550,261.70241789491996
295551,1423.240892447112
295552,1210.0272198747334
295553,747.44661325263
295554,842.5991358971281
295555,417.28358573310584
295556,1578.8220602852978
295557,1365.608387712919
295558,903.0277810908158
295559,998.1803037353139
295560,-219.78251622299126
295561,941.7559583292008
295562,728.542285756822
295563,265.96167913471874
295564,361.1142017792169
295565,227.6382224720753
295566,1389.1766970242675
295567,1175.9630244518885
295568,713.3824178297854
295569,808.5349404742835
295570,383.2193903102611
295571,1544.757864862453
295572,1331.5441922900745
295573,868.9635856679711
295574,964.1161083124694
295575,-211.7091782817149
295576,949.829296270477
295577,736.6156236980984
295578,274.03501707599503
295579,369.1875397204932
295580,235.71156041335166
295581,1397.2500349655438
295582,1184.0363623931648
295583,721.4557557710616
295584,816.6082784155598
295585,391.29272825153754
295586,1552.8312028037294
295587,1339.6175302313509
295588,877.0369236092474
295589,972.1894462537456
295590,-417.6408666033192
295591,743.8976079488727
295592,530.683935376494
295593,68.10332875439076
295594,163.25585139888892
295595,29.779872091747166
295596,1191.3183466439393
295597,978.1046740715606
295598,515.5240674494573
295599,610.6765900939554
295600,185.3610399299331
295601,1346.8995144821251
295602,1133.6858419097466
295603,671.105235287643
295604,766.2577579321412
295605,-1042.533211504103
295606,119.00526304808909
295607,-94.20840952428955
295608,-556.7890161463929
295609,-461.63649350189485
295610,-595.1124728090365
295611,566.4260017431557
295612,353.21232917077697
295613,-109.36827745132632
295614,-14.215754806828159
295615,-439.53130497085044
295616,722.0071695813415
295617,508.7934970089628
295618,46.2128903868595
295619,141.36541303135766
295620,463.6306709834558
295621,1625.1691455356479
295622,1411.9554729632691
295623,949.3748663411659
295624,1044.527388985664
295625,911.0514096785223
295626,2072.5898842307142
295627,1859.3762116583357
295628,1396.7956050362322
295629,1491.9481276807305
295630,1066.6325775167081
295631,2228.1710520689003
295632,2014.9573794965215
295633,1552.3767728744183
295634,1647.5292955189163
295635,-96.84696732814382
295636,1064.6915072240483
295637,851.4778346516696
295638,388.89722802956624
295639,484.0497506740644
295640,350.5737713669228
295641,1512.112245919115
295642,1298.8985733467362
295643,836.3179667246329
295644,931.470489369131
295645,506.15493920510863
295646,1667.6934137573007
295647,1454.479741184922
295648,991.8991345628186
295649,1087.0516572073168
295650,-207.44326774971546
295651,954.0952068024766
295652,740.8815342300978
295653,278.30092760799454
295654,373.4534502524927
295655,239.97747094535123
295656,1401.515945497543
295657,1188.3022729251645
295658,725.7216663030612
295659,820.8741889475593
295660,395.558638783537
295661,1557.0971133357289
295662,1343.8834407633503
295663,881.302834141247
295664,976.4553567857452
295665,-199.3699298084391
295666,962.1685447437528
295667,748.9548721713741
295668,286.37426554927083
295669,381.526788193769
295670,248.05080888662746
295671,1409.5892834388194
295672,1196.3756108664406
295673,733.7950042443374
295674,828.9475268888356
295675,403.63197672481334
295676,1565.1704512770052
295677,1351.9567787046267
295678,889.3761720825232
295679,984.5286947270215
295680,-405.3016181300434
295681,756.2368564221485
295682,543.0231838497698
295683,80.44257722766656
295684,175.59509987216472
295685,42.11912056502308
295686,1203.6575951172151
295687,990.4439225448364
295688,527.8633159227331
295689,623.0158385672312
295690,197.70028840320902
295691,1359.238762955401
295692,1146.0250903830222
295693,683.444483760919
295694,778.597006405417
295695,-1030.1939630308273
295696,131.3445115213649
295697,-81.86916105101386
295698,-544.4497676731173
295699,-449.29724502861905
295700,-582.7732243357607
295701,578.7652502164315
295702,365.5515776440528
295703,-97.02902897805052
295704,-1.87650633355247
295705,-427.19205649757464
295706,734.3464180546173
295707,521.1327454822385
295708,58.55213886013519
295709,153.70466150463335
295710,475.96991945673165
295711,1637.5083940089237
295712,1424.294721436545
295713,961.7141148144416
295714,1056.8666374589397
295715,923.3906581517982
295716,2084.92913270399
295717,1871.7154601316115
295718,1409.134853509508
295719,1504.2873761540063
295720,1078.9718259899842
295721,2240.510300542176
295722,2027.2966279697973
295723,1564.716021347694
295724,1659.8685439921921
295725,-84.50771885486802
295726,1077.030755697324
295727,863.8170831249453
295728,401.236476502842
295729,496.38899914734014
295730,362.91301984019856
295731,1524.4514943923905
295732,1311.237821820012
295733,848.6572151979086
295734,943.8097378424068
295735,518.4941876783844
295736,1680.0326622305763
295737,1466.8189896581978
295738,1004.2383830360944
295739,1099.3909056805926
295740,-358.0023991526789
295741,803.5360753995132
295742,590.3224028271343
295743,127.74179620503105
295744,222.8943188495292
295745,89.4183395423878
295746,1250.9568140945798
295747,1037.7431415222009
295748,575.1625349000976
295749,670.3150575445958
295750,244.9995073805735
295751,1406.537981932766
295752,1193.324309360387
295753,730.7437027382836
295754,825.8962253827817
295755,-349.92906121140254
295756,811.6094133407894
295757,598.3957407684106
295758,135.8151341463073
295759,230.96765679080545
295760,97.49167748366403
295761,1259.0301520358562
295762,1045.8164794634772
295763,583.235872841374
295764,678.3883954858721
295765,253.07284532184985
295766,1414.611319874042
295767,1201.3976473016633
295768,738.8170406795598
295769,833.969563324058
295770,-555.8607495330068
295771,605.6777250191851
295772,392.46405244680636
295773,-70.11655417529698
295774,25.03596846920118
295775,-108.44001083794046
295776,1053.0984637142517
295777,839.8847911418729
295778,377.3041845197696
295779,472.45670716426775
295780,47.14115700024547
295781,1208.6796315524375
295782,995.4659589800588
295783,532.8853523579554
295784,628.0378750024536
295785,-1180.7530944337907
295786,-19.214619881598537
295787,-232.4282924539773
295788,-695.0088990760805
295789,-599.8563764315825
295790,-733.3323557387241
295791,428.20611881346815
295792,214.99244624108928
295793,-247.58816038101395
295794,-152.4356377365159
295795,-577.7511879005381
295796,583.787286651654
295797,370.5736140792751
295798,-92.00699254282824
295799,3.1455301016699195
295800,325.4107880537681
295801,1486.94926260596
295802,1273.7355900335815
295803,811.154983411478
295804,906.3075060559762
295805,772.8315267488348
295806,1934.3700013010268
295807,1721.156328728648
295808,1258.5757221065446
295809,1353.728244751043
295810,928.4126945870206
295811,2089.9511691392127
295812,1876.737496566834
295813,1414.1568899447307
295814,1509.3094125892287
295815,-235.06685025783145
295816,926.4716242943606
295817,713.2579517219818
295818,250.6773450998785
295819,345.82986774437666
295820,212.35388843723524
295821,1373.8923629894273
295822,1160.6786904170485
295823,698.0980837949452
295824,793.2506064394433
295825,367.93505627542106
295826,1529.473530827613
295827,1316.2598582552343
295828,853.679251633131
295829,948.8317742776292
295830,-344.9469207481811
295831,816.591553804011
295832,603.3778812316323
295833,140.7972746095288
295834,235.9497972540271
295835,102.47381794688556
295836,1264.0122924990776
295837,1050.7986199266988
295838,588.2180133045955
295839,683.3705359490937
295840,258.0549857850714
295841,1419.5934603372634
295842,1206.3797877648847
295843,743.7991811427813
295844,838.9517037872795
295845,-336.8735828069048
295846,824.6648917452873
295847,611.4512191729086
295848,148.87061255080516
295849,244.02313519530338
295850,110.54715588816191
295851,1272.085630440354
295852,1058.8719578679752
295853,596.2913512458719
295854,691.44387389037
295855,266.1283237263476
295856,1427.6667982785398
295857,1214.453125706161
295858,751.8725190840576
295859,847.0250417285558
295860,-542.8052711285093
295861,618.7332034236829
295862,405.5195308513042
295863,-57.06107577079911
295864,38.091446873699056
295865,-95.38453243344247
295866,1066.1539421187495
295867,852.9402695463708
295868,390.35966292426747
295869,485.51218556876563
295870,60.19663540474323
295871,1221.7351099569355
295872,1008.5214373845566
295873,545.9408307624533
295874,641.0933534069515
295875,-1167.697616029293
295876,-6.159141477100661
295877,-219.37281404947942
295878,-681.953420671583
295879,-586.8008980270847
295880,-720.2768773342261
295881,441.2615972179659
295882,228.04792464558716
295883,-234.5326819765162
295884,-139.38015933201802
295885,-564.6957094960405
295886,596.8427650561517
295887,383.629092483773
295888,-78.95151413833037
295889,16.201008506167796
295890,338.4662664582659
295891,1500.004741010458
295892,1286.7910684380793
295893,824.2104618159759
295894,919.3629844604741
295895,785.8870051533326
295896,1947.4254797055246
295897,1734.2118071331458
295898,1271.6312005110426
295899,1366.7837231555409
295900,941.4681729915184
295901,2103.0066475437106
295902,1889.7929749713317
295903,1427.2123683492284
295904,1522.3648909937265
295905,-222.01137185333369
295906,939.5271026988585
295907,726.3134301264797
295908,263.7328235043763
295909,358.88534614887453
295910,225.409366841733
295911,1386.947841393925
295912,1173.7341688215463
295913,711.153562199443
295914,806.3060848439411
295915,380.9905346799188
295916,1542.5290092321109
295917,1329.315336659732
295918,866.7347300376288
295919,961.8872526821269
295920,-332.6076722749053
295921,828.9308022772867
295922,615.7171297049081
295923,153.13652308280462
295924,248.28904572730283
295925,114.81306642016125
295926,1276.3515409723534
295927,1063.1378683999746
295928,600.5572617778713
295929,695.7097844223695
295930,270.3942342583472
295931,1431.9327088105392
295932,1218.7190362381605
295933,756.1384296160571
295934,851.2909522605553
295935,-324.534334333629
295936,837.0041402185631
295937,623.7904676461843
295938,161.20986102408096
295939,256.3623836685791
295940,122.8864043614376
295941,1284.4248789136298
295942,1071.211206341251
295943,608.6305997191477
295944,703.7831223636458
295945,278.46757219962353
295946,1440.0060467518156
295947,1226.7923741794368
295948,764.2117675573334
295949,859.3642902018316
295950,-530.4660226552332
295951,631.0724518969587
295952,417.85877932458004
295953,-44.721827297523305
295954,50.43069534697486
295955,-83.04528396016667
295956,1078.4931905920253
295957,865.2795180196466
295958,402.69891139754327
295959,497.85143404204143
295960,72.53588387801915
295961,1234.0743584302113
295962,1020.8606858578324
295963,558.2800792357291
295964,653.4326018802273
295965,-1155.358367556017
295966,6.180106996175027
295967,-207.0335655762036
295968,-669.614172198307
295969,-574.4616495538087
295970,-707.9376288609503
295971,453.6008456912418
295972,240.38717311886302
295973,-222.19343350324039
295974,-127.04091085874222
295975,-552.3564610227645
295976,609.1820135294275
295977,395.9683409570488
295978,-66.61226566505457
295979,28.540256979443598
295980,350.80551493154167
295981,1512.3439894837338
295982,1299.130316911355
295983,836.5497102892517
295984,931.7022329337499
295985,798.2262536266082
295986,1959.7647281788004
295987,1746.5510556064216
295988,1283.9704489843184
295989,1379.1229716288165
295990,953.8074214647942
295991,2115.3458960169864
295992,1902.1322234446077
295993,1439.5516168225042
295994,1534.7041394670023
295995,-209.67212338005788
295996,951.8663511721343
295997,738.6526785997555
295998,276.0720719776521
295999,371.22459462215033
296000,237.7486153150088
296001,1399.2870898672008
296002,1186.073417294822
296003,723.4928106727189
296004,818.6453333172169
296005,393.3297831531946
296006,1554.868257705387
296007,1341.654585133008
296008,879.0739785109046
296009,974.2265011554028
296010,-320.2684238016295
296011,841.2700507505626
296012,628.0563781781838
296013,165.47577155608042
296014,260.62829420057864
296015,127.15231489343716
296016,1288.6907894456292
296017,1075.4771168732505
296018,612.8965102511471
296019,708.0490328956453
296020,282.73348273162304
296021,1444.271957283815
296022,1231.0582847114363
296023,768.4776780893329
296024,863.6302007338311
296025,-312.1950858603532
296026,849.3433886918389
296027,636.1297161194601
296028,173.54910949735677
296029,268.70163214185493
296030,135.22565283471351
296031,1296.7641273869053
296032,1083.5504548145268
296033,620.9698481924235
296034,716.1223708369216
296035,290.8068206728994
296036,1452.3452952250914
296037,1239.1316226527126
296038,776.5510160306092
296039,871.7035386751074
296040,-518.1267741819574
296041,643.4117003702346
296042,430.19802779785573
296043,-32.38257882424762
296044,62.76994382025066
296045,-70.70603548689087
296046,1090.832439065301
296047,877.6187664929224
296048,415.0381598708191
296049,510.19068251531723
296050,84.87513235129495
296051,1246.4136069034869
296052,1033.1999343311081
296053,570.6193277090049
296054,665.771850353503
296055,-1143.019119082741
296056,18.519355469450943
296057,-194.6943171029278
296058,-657.2749237250312
296059,-562.1224010805331
296060,-695.5983803876745
296061,465.9400941645175
296062,252.72642159213876
296063,-209.85418502996458
296064,-114.70166238546642
296065,-540.0172125494887
296066,621.5212620027032
296067,408.3075894303246
296068,-54.27301719177888
296069,40.8795054527194
296070,363.1447634048175
296071,1524.6832379570096
296072,1311.4695653846309
296073,848.8889587625274
296074,944.0414814070257
296075,810.5655020998842
296076,1972.1039766520762
296077,1758.8903040796974
296078,1296.3096974575942
296079,1391.4622201020923
296080,966.1466699380701
296081,2127.6851444902622
296082,1914.4714719178833
296083,1451.89086529578
296084,1547.043387940278
296085,-197.33287490678208
296086,964.2055996454101
296087,750.9919270730313
296088,288.41132045092786
296089,383.56384309542614
296090,250.08786378828455
296091,1411.6263383404767
296092,1198.412665768098
296093,735.8320591459947
296094,830.9845817904927
296095,405.6690316264705
296096,1567.2075061786625
296097,1353.9938336062837
296098,891.4132269841804
296099,986.5657496286786
296100,-307.9291753283537
296101,853.6092992238383
296102,640.3956266514597
296103,177.81502002935622
296104,272.96754267385444
296105,139.49156336671297
296106,1301.030037918905
296107,1087.8163653465263
296108,625.2357587244229
296109,720.3882813689211
296110,295.0727312048988
296111,1456.6112057570908
296112,1243.397533184712
296113,780.8169265626087
296114,875.9694492071069
296115,-299.8558373870774
296116,861.6826371651147
296117,648.4689645927359
296118,185.88835797063257
296119,281.04088061513073
296120,147.56490130798932
296121,1309.1033758601811
296122,1095.8897032878026
296123,633.3090966656993
296124,728.4616193101974
296125,303.146069146175
296126,1464.6845436983672
296127,1251.4708711259884
296128,788.890264503885
296129,884.0427871483832
296130,-505.78752570868187
296131,655.7509488435103
296132,442.5372762711316
296133,-20.0433303509717
296134,75.10919229352646
296135,-58.36678701361507
296136,1103.1716875385769
296137,889.9580149661982
296138,427.3774083440949
296139,522.529930988593
296140,97.21438082457064
296141,1258.752855376763
296142,1045.539182804384
296143,582.9585761822807
296144,678.1110988267789
296145,-1130.6798706094653
296146,30.858603942726745
296147,-182.355068629652
296148,-644.9356752517554
296149,-549.7831526072571
296150,-683.2591319143987
296151,478.2793426377933
296152,265.06567006541457
296153,-197.51493655668878
296154,-102.36241391219062
296155,-527.6779640762131
296156,633.8605104759791
296157,420.6468379036004
296158,-41.93376871850296
296159,53.2187539259952
296160,375.4840118780933
296161,1537.0224864302854
296162,1323.8088138579067
296163,861.2282072358032
296164,956.3807298803015
296165,822.90475057316
296166,1984.443225125352
296167,1771.2295525529732
296168,1308.64894593087
296169,1403.801468575368
296170,978.4859184113458
296171,2140.024392963538
296172,1926.810720391159
296173,1464.2301137690556
296174,1559.3826364135539
296175,-184.99362643350628
296176,976.5448481186859
296177,763.3311755463071
296178,300.7505689242037
296179,395.90309156870194
296180,262.4271122615604
296181,1423.9655868137525
296182,1210.7519142413737
296183,748.1713076192705
296184,843.3238302637685
296185,418.00828009974623
296186,1579.5467546519383
296187,1366.3330820795595
296188,903.7524754574562
296189,998.9049981019544
296190,-219.05782185635076
296191,942.4806526958412
296192,729.2669801234624
296193,266.6863735013591
296194,361.83889614585735
296195,228.36291683871582
296196,1389.901391390908
296197,1176.687718818529
296198,714.1071121964258
296199,809.2596348409239
296200,383.94408467690164
296201,1545.4825592290936
296202,1332.268886656715
296203,869.6882800346116
296204,964.8408026791099
296205,-210.9844839150744
296206,950.5539906371175
296207,737.3403180647388
296208,274.7597114426354
296209,369.91223408713364
296210,236.43625477999217
296211,1397.9747293321843
296212,1184.7610567598053
296213,722.1804501377021
296214,817.3329727822003
296215,392.017422618178
296216,1553.55589717037
296217,1340.3422245979914
296218,877.7616179758879
296219,972.9141406203861
296220,-416.9161722366787
296221,744.6223023155131
296222,531.4086297431345
296223,68.82802312103104
296224,163.9805457655293
296225,30.504566458387785
296226,1192.0430410105798
296227,978.8293684382011
296228,516.2487618160977
296229,611.4012844605959
296230,186.0857342965736
296231,1347.6242088487656
296232,1134.410536276387
296233,671.8299296542834
296234,766.9824522987817
296235,-1041.8085171374626
296236,119.72995741472948
296237,-93.48371515764927
296238,-556.0643217797526
296239,-460.91179913525434
296240,-594.387778442396
296241,567.1506961097962
296242,353.9370235374174
296243,-108.64358308468593
296244,-13.491060440187766
296245,-438.80661060420994
296246,722.731863947982
296247,509.51819137560324
296248,46.93758475349978
296249,142.09010739799805
296250,464.3553653500962
296251,1625.8938399022882
296252,1412.6801673299096
296253,950.0995607078062
296254,1045.2520833523045
296255,911.7761040451628
296256,2073.3145785973547
296257,1860.1009060249762
296258,1397.5202994028728
296259,1492.672822047371
296260,1067.3572718833486
296261,2228.895746435541
296262,2015.682073863162
296263,1553.1014672410588
296264,1648.2539898855568
296265,-96.12227296150331
296266,1065.4162015906886
296267,852.20252901831
296268,389.6219223962066
296269,484.7744450407048
296270,351.29846573356326
296271,1512.8369402857554
296272,1299.6232677133767
296273,837.0426610912733
296274,932.1951837357715
296275,506.87963357174914
296276,1668.4181081239412
296277,1455.2044355515625
296278,992.623828929459
296279,1087.7763515739573
296280,-206.71857338307495
296281,954.8199011691171
296282,741.6062285967382
296283,279.02562197463493
296284,374.1781446191331
296285,240.70216531199168
296286,1402.2406398641838
296287,1189.0269672918048
296288,726.4463606697016
296289,821.5988833141997
296290,396.2833331501775
296291,1557.8218077023694
296292,1344.6081351299908
296293,882.0275285078874
296294,977.1800511523855
296295,-198.64523544179872
296296,962.8932391103933
296297,749.6795665380146
296298,287.0989599159112
296299,382.2514825604094
296300,248.7755032532679
296301,1410.31397780546
296302,1197.1003052330811
296303,734.5196986109779
296304,829.6722212554761
296305,404.35667109145373
296306,1565.8951456436457
296307,1352.681473071267
296308,890.1008664491636
296309,985.2533890936619
296310,-404.5769237634029
296311,756.961550788789
296312,543.7478782164102
296313,81.16727159430684
296314,176.319794238805
296315,42.84381493166359
296316,1204.3822894838556
296317,991.1686169114769
296318,528.5880102893735
296319,623.7405329338717
296320,198.42498276984952
296321,1359.9634573220414
296322,1146.7497847496627
296323,684.1691781275592
296324,779.3217007720575
296325,-1029.4692686641868
296326,132.0692058880054
296327,-81.14446668437336
296328,-543.7250733064768
296329,-448.57255066197877
296330,-582.0485299691202
296331,579.489944583072
296332,366.2762720106932
296333,-96.30433461141013
296334,-1.1518119669119642
296335,-426.46736213093413
296336,735.0711124212578
296337,521.857439848879
296338,59.27683322677558
296339,154.42935587127374
296340,476.69461382337204
296341,1638.233088375564
296342,1425.0194158031852
296343,962.438809181082
296344,1057.5913318255803
296345,924.1153525184386
296346,2085.6538270706305
296347,1872.4401544982518
296348,1409.8595478761486
296349,1505.0120705206468
296350,1079.6965203566244
296351,2241.2349949088166
296352,2028.0213223364378
296353,1565.4407157143344
296354,1660.5932383588327
296355,-83.78302448822751
296356,1077.7554500639644
296357,864.5417774915857
296358,401.9611708694824
296359,497.1136935139806
296360,363.63771420683906
296361,1525.176188759031
296362,1311.9625161866525
296363,849.381909564549
296364,944.5344322090472
296365,519.2188820450249
296366,1680.757356597217
296367,1467.543684024838
296368,1004.9630774027348
296369,1100.115600047233
296370,-357.2777047860384
296371,804.2607697661535
296372,591.0470971937748
296373,128.46649057167144
296374,223.6190132161696
296375,90.14303390902819
296376,1251.6815084612201
296377,1038.4678358888414
296378,575.8872292667381
296379,671.0397519112363
296380,245.724201747214
296381,1407.262676299406
296382,1194.0490037270274
296383,731.468397104924
296384,826.6209197494221
296385,-349.20436684476203
296386,812.3341077074299
296387,599.1204351350511
296388,136.53982851294768
296389,231.69235115744596
296390,98.21637185030454
296391,1259.7548464024965
296392,1046.5411738301177
296393,583.9605672080145
296394,679.1130898525125
296395,253.79753968849036
296396,1415.3360142406823
296397,1202.1223416683035
296398,739.5417350462002
296399,834.6942576906985
296400,-555.1360551663663
296401,606.4024193858255
296402,393.18874681344676
296403,-69.39185980865659
296404,25.760662835841686
296405,-107.71531647129984
296406,1053.8231580808922
296407,840.6094855085134
296408,378.0288788864101
296409,473.1814015309082
296410,47.86585136688598
296411,1209.404325919078
296412,996.1906533466993
296413,533.6100467245958
296414,628.7625693690941
296415,-1180.0284000671502
296416,-18.48992551495803
296417,-231.7035980873368
296418,-694.2842047094402
296419,-599.1316820649422
296420,-732.6076613720836
296421,428.93081318010854
296422,215.7171406077298
296423,-246.86346601437356
296424,-151.7109433698754
296425,-577.0264935338976
296426,584.5119810182944
296427,371.29830844591555
296428,-91.28229817618785
296429,3.8702244683104254
296430,326.13548242040855
296431,1487.6739569726005
296432,1274.4602844002218
296433,811.8796777781185
296434,907.0322004226166
296435,773.5562211154752
296436,1935.094695667667
296437,1721.8810230952886
296438,1259.3004164731851
296439,1354.4529391176834
296440,929.137388953661
296441,2090.675863505853
296442,1877.4621909334744
296443,1414.881584311371
296444,1510.034106955869
296445,-234.34215589119094
296446,927.196318661001
296447,713.9826460886223
296448,251.4020394665189
296449,346.55456211101716
296450,213.07858280387563
296451,1374.6170573560676
296452,1161.403384783689
296453,698.8227781615856
296454,793.9753008060837
296455,368.65975064206145
296456,1530.1982251942536
296457,1316.9845526218746
296458,854.4039459997714
296459,949.5564686442697
296460,-344.9384563127626
296461,816.6000182394293
296462,603.3863456670506
296463,140.80573904494725
296464,235.9582616894454
296465,102.48228238230388
296466,1264.0207569344961
296467,1050.8070843621172
296468,588.2264777400139
296469,683.3790003845121
296470,258.0634502204898
296471,1419.6019247726817
296472,1206.3882522003032
296473,743.8076455781998
296474,838.9601682226979
296475,-336.86511837148646
296476,824.6733561807057
296477,611.4596836083269
296478,148.87907698622348
296479,244.03159963072176
296480,110.55562032358023
296481,1272.0940948757723
296482,1058.8804223033935
296483,596.2998156812903
296484,691.4523383257883
296485,266.13678816176605
296486,1427.675262713958
296487,1214.4615901415796
296488,751.880983519476
296489,847.0335061639743
296490,-542.7968066930907
296491,618.7416678591013
296492,405.5279952867226
296493,-57.05261133538079
296494,38.09991130911749
296495,-95.37606799802415
296496,1066.1624065541678
296497,852.9487339817892
296498,390.3681273596859
296499,485.520650004184
296500,60.205099840161665
296501,1221.7435743923538
296502,1008.5299018199751
296503,545.9492951978716
296504,641.1018178423699
296505,-1167.6891515938744
296506,-6.150677041682343
296507,-219.36434961406098
296508,-681.9449562361644
296509,-586.7924335916662
296510,-720.2684128988078
296511,441.27006165338435
296512,228.0563890810056
296513,-234.52421754109776
296514,-139.3716948965996
296515,-564.687245060622
296516,596.8512294915702
296517,383.6375569191914
296518,-78.94304970291205
296519,16.209472941586228
296520,338.4747308936843
296521,1500.0132054458763
296522,1286.7995328734976
296523,824.2189262513944
296524,919.3714488958925
296525,785.8954695887509
296526,1947.4339441409431
296527,1734.2202715685644
296528,1271.639664946461
296529,1366.7921875909592
296530,941.4766374269368
296531,2103.015111979129
296532,1889.8014394067502
296533,1427.2208327846467
296534,1522.373355429145
296535,-222.00290741791525
296536,939.5355671342768
296537,726.321894561898
296538,263.7412879397947
296539,358.8938105842929
296540,225.41783127715132
296541,1386.9563058293434
296542,1173.7426332569648
296543,711.1620266348614
296544,806.3145492793595
296545,380.99899911533726
296546,1542.5374736675294
296547,1329.3238010951507
296548,866.7431944730472
296549,961.8957171175454
296550,-332.5992078394868
296551,828.9392667127051
296552,615.7255941403264
296553,153.14498751822305
296554,248.29751016272127
296555,114.82153085557968
296556,1276.3600054077717
296557,1063.146332835393
296558,600.5657262132897
296559,695.7182488577879
296560,270.40269869376556
296561,1431.9411732459575
296562,1218.727500673579
296563,756.1468940514756
296564,851.2994166959737
296565,-324.52586989821043
296566,837.0126046539815
296567,623.7989320816027
296568,161.21832545949928
296569,256.37084810399756
296570,122.89486879685603
296571,1284.433343349048
296572,1071.2196707766693
296573,608.6390641545661
296574,703.7915867990641
296575,278.4760366350419
296576,1440.014511187234
296577,1226.8008386148551
296578,764.2202319927518
296579,859.3727546372501
296580,-530.4575582198149
296581,631.0809163323771
296582,417.86724375999836
296583,-44.71336286210499
296584,50.439159782393176
296585,-83.03681952474835
296586,1078.5016550274438
296587,865.287982455065
296588,402.7073758329617
296589,497.85989847745986
296590,72.54434831343758
296591,1234.0828228656296
296592,1020.8691502932509
296593,558.2885436711474
296594,653.4410663156457
296595,-1155.3499031205986
296596,6.188571431593459
296597,-207.0251011407853
296598,-669.6057077628886
296599,-574.4531851183904
296600,-707.929164425532
296601,453.6093101266601
296602,240.39563755428145
296603,-222.18496906782184
296604,-127.03244642332379
296605,-552.347996587346
296606,609.1904779648459
296607,395.9768053924672
296608,-66.60380122963613
296609,28.54872141486203
296610,350.8139793669601
296611,1512.3524539191521
296612,1299.1387813467736
296613,836.5581747246702
296614,931.7106973691683
296615,798.2347180620267
296616,1959.7731926142187
296617,1746.5595200418402
296618,1283.9789134197367
296619,1379.131436064235
296620,953.8158859002126
296621,2115.3543604524048
296622,1902.140687880026
296623,1439.5600812579225
296624,1534.7126039024208
296625,-209.66365894463945
296626,951.8748156075527
296627,738.661143035174
296628,276.08053641307055
296629,371.23305905756877
296630,237.75707975042724
296631,1399.2955543026192
296632,1186.0818817302406
296633,723.5012751081372
296634,818.6537977526353
296635,393.338247588613
296636,1554.8767221408052
296637,1341.6630495684265
296638,879.082442946323
296639,974.2349655908213
296640,-320.259959366211
296641,841.278515185981
296642,628.0648426136022
296643,165.48423599149885
296644,260.63675863599707
296645,127.1607793288556
296646,1288.6992538810475
296647,1075.4855813086688
296648,612.9049746865655
296649,708.0574973310637
296650,282.7419471670414
296651,1444.2804217192333
296652,1231.0667491468548
296653,768.4861425247514
296654,863.6386651692495
296655,-312.18662142493463
296656,849.3518531272573
296657,636.1381805548785
296658,173.55757393277509
296659,268.71009657727336
296660,135.23411727013195
296661,1296.7725918223239
296662,1083.5589192499451
296663,620.9783126278419
296664,716.1308352723399
296665,290.81528510831777
296666,1452.3537596605097
296667,1239.140087088131
296668,776.5594804660276
296669,871.7120031105259
296670,-518.1183097465389
296671,643.4201648056529
296672,430.20649223327416
296673,-32.374114388829184
296674,62.77840825566909
296675,-70.69757105147244
296676,1090.8409035007194
296677,877.6272309283409
296678,415.04662430623745
296679,510.1991469507356
296680,84.88359678671338
296681,1246.4220713389054
296682,1033.2083987665267
296683,570.6277921444232
296684,665.7803147889215
296685,-1143.0106546473226
296686,18.527819904869375
296687,-194.68585266750938
296688,-657.2664592896128
296689,-562.1139366451146
296690,-695.5899159522562
296691,465.94855859993595
296692,252.7348860275572
296693,-209.84572059454615
296694,-114.69319795004799
296695,-540.0087481140702
296696,621.5297264381218
296697,408.31605386574296
296698,-54.264552756360445
296699,40.88796988813783
296700,363.15322784023596
296701,1524.691702392428
296702,1311.4780298200492
296703,848.897423197946
296704,944.049945842444
296705,810.5739665353026
296706,1972.1124410874945
296707,1758.898768515116
296708,1296.3181618930125
296709,1391.4706845375108
296710,966.1551343734884
296711,2127.6936089256806
296712,1914.4799363533018
296713,1451.8993297311983
296714,1547.0518523756964
296715,-197.32441047136354
296716,964.2140640808284
296717,751.0003915084498
296718,288.4197848863463
296719,383.57230753084457
296720,250.09632822370293
296721,1411.634802775895
296722,1198.4211302035164
296723,735.840523581413
296724,830.9930462259111
296725,405.67749606188886
296726,1567.215970614081
296727,1354.002298041702
296728,891.4216914195988
296729,986.5742140640971
296730,-307.9207108929352
296731,853.6177636592568
296732,640.4040910868781
296733,177.82348446477477
296734,272.97600710927287
296735,139.5000278021314
296736,1301.0385023543236
296737,1087.8248297819446
296738,625.2442231598413
296739,720.3967458043395
296740,295.0811956403172
296741,1456.6196701925091
296742,1243.4059976201306
296743,780.8253909980272
296744,875.9779136425253
296745,-299.84737295165905
296746,861.6911016005331
296747,648.4774290281543
296748,185.896822406051
296749,281.04934505054916
296750,147.57336574340775
296751,1309.1118402955997
296752,1095.898167723221
296753,633.3175611011177
296754,728.4700837456157
296755,303.15453358159345
296756,1464.6930081337855
296757,1251.479335561407
296758,788.8987289393034
296759,884.0512515838017
296760,-505.7790612732633
296761,655.7594132789287
296762,442.54574070655
296763,-20.034865915553382
296764,75.1176567289449
296765,-58.35832257819675
296766,1103.1801519739952
296767,889.9664794016167
296768,427.38587277951325
296769,522.5383954240115
296770,97.22284525998907
296771,1258.7613198121812
296772,1045.5476472398025
296773,582.967040617699
296774,678.1195632621973
296775,-1130.671406174047
296776,30.867068378145063
296777,-182.34660419423358
296778,-644.927210816337
296779,-549.7746881718388
296780,-683.2506674789804
296781,478.28780707321175
296782,265.074134500833
296783,-197.50647212127035
296784,-102.35394947677219
296785,-527.6694996407946
296786,633.8689749113976
296787,420.6553023390188
296788,-41.92530428308464
296789,53.227218361413634
296790,375.49247631351176
296791,1537.0309508657037
296792,1323.817278293325
296793,861.2366716712218
296794,956.3891943157198
296795,822.9132150085784
296796,1984.4516895607703
296797,1771.2380169883916
296798,1308.6574103662883
296799,1403.8099330107864
296800,978.4943828467642
296801,2140.0328573989564
296802,1926.8191848265776
296803,1464.2385782044742
296804,1559.3911008489722
296805,-184.98516199808773
296806,976.5533125541042
296807,763.3396399817256
296808,300.75903335962215
296809,395.91155600412037
296810,262.4355766969788
296811,1423.9740512491708
296812,1210.7603786767922
296813,748.1797720546888
296814,843.332294699187
296815,418.01674453516466
296816,1579.5552190873568
296817,1366.341546514978
296818,903.7609398928746
296819,998.9134625373729
296820,-219.04935742093244
296821,942.4891171312597
296822,729.2754445588808
296823,266.69483793677756
296824,361.8473605812758
296825,228.37138127413414
296826,1389.9098558263263
296827,1176.6961832539475
296828,714.1155766318442
296829,809.2680992763424
296830,383.95254911232
296831,1545.4910236645119
296832,1332.2773510921334
296833,869.6967444700299
296834,964.8492671145282
296835,-210.9760194796561
296836,950.562455072536
296837,737.3487825001572
296838,274.76817587805385
296839,369.9206985225521
296840,236.4447192154105
296841,1397.9831937676026
296842,1184.7695211952237
296843,722.1889145731205
296844,817.3414372176187
296845,392.02588705359636
296846,1553.5643616057882
296847,1340.3506890334097
296848,877.7700824113062
296849,972.9226050558045
296850,-416.90770780126036
296851,744.6307667509316
296852,531.4170941785528
296853,68.83648755644936
296854,163.98901020094763
296855,30.513030893806217
296856,1192.0515054459984
296857,978.8378328736194
296858,516.2572262515162
296859,611.4097488960143
296860,186.09419873199204
296861,1347.632673284184
296862,1134.4190007118054
296863,671.8383940897019
296864,766.9909167342001
296865,-1041.800052702044
296866,119.73842185014792
296867,-93.47525072223073
296868,-556.0558573443341
296869,-460.9033346998358
296870,-594.3793140069774
296871,567.1591605452145
296872,353.94548797283585
296873,-108.6351186492675
296874,-13.482596004769334
296875,-438.7981461687916
296876,722.7403283834003
296877,509.5266558110216
296878,46.94604918891832
296879,142.09857183341649
296880,464.3638297855146
296881,1625.9023043377067
296882,1412.688631765328
296883,950.1080251432247
296884,1045.2605477877228
296885,911.7845684805811
296886,2073.323043032773
296887,1860.1093704603945
296888,1397.528763838291
296889,1492.6812864827893
296890,1067.365736318767
296891,2228.904210870959
296892,2015.6905382985803
296893,1553.1099316764771
296894,1648.2624543209752
296895,-96.11380852608488
296896,1065.4246660261072
296897,852.2109934537284
296898,389.63038683162506
296899,484.7829094761232
296900,351.3069301689817
296901,1512.8454047211737
296902,1299.631732148795
296903,837.0511255266917
296904,932.2036481711898
296905,506.8880980071675
296906,1668.4265725593596
296907,1455.212899986981
296908,992.6322933648775
296909,1087.7848160093756
296910,-206.71010894765652
296911,954.8283656045354
296912,741.6146930321567
296913,279.03408641005336
296914,374.1866090545515
296915,240.71062974741005
296916,1402.249104299602
296917,1189.035431727223
296918,726.45482510512
296919,821.6073477496182
296920,396.2917975855959
296921,1557.830272137788
296922,1344.6165995654092
296923,882.0359929433057
296924,977.188515587804
296925,-198.6367710063803
296926,962.9017035458118
296927,749.688030973433
296928,287.10742435132966
296929,382.2599469958278
296930,248.7839676886863
296931,1410.3224422408784
296932,1197.1087696684995
296933,734.5281630463963
296934,829.6806856908944
296935,404.3651355268721
296936,1565.903610079064
296937,1352.6899375066855
296938,890.109330884582
296939,985.2618535290802
296940,-404.56845932798456
296941,756.9700152242074
296942,543.7563426518286
296943,81.17573602972527
296944,176.32825867422343
296945,42.85227936708202
296946,1204.390753919274
296947,991.1770813468952
296948,528.596474724792
296949,623.74899736929
296950,198.43344720526784
296951,1359.9719217574598
296952,1146.758249185081
296953,684.1776425629777
296954,779.3301652074759
296955,-1029.4608042287682
296956,132.07767032342372
296957,-81.13600224895504
296958,-543.7166088710585
296959,-448.5640862265602
296960,-582.0400655337016
296961,579.4984090184903
296962,366.2847364461116
296963,-96.2958701759917
296964,-1.1433475314935322
296965,-426.4588976955158
296966,735.0795768566761
296967,521.8659042842975
296968,59.28529766219401
296969,154.43782030669217
296970,476.70307825879047
296971,1638.2415528109825
296972,1425.0278802386038
296973,962.4472736165004
296974,1057.5997962609986
296975,924.123816953857
296976,2085.662291506049
296977,1872.4486189336703
296978,1409.8680123115669
296979,1505.0205349560651
296980,1079.704984792043
296981,2241.243459344235
296982,2028.0297867718562
296983,1565.449180149753
296984,1660.601702794251
296985,-83.77456005280919
296986,1077.763914499383
296987,864.5502419270042
296988,401.9696353049008
296989,497.122157949399
296990,363.64617864225744
296991,1525.1846531944495
296992,1311.9709806220708
296993,849.3903739999674
296994,944.5428966444656
296995,519.2273464804432
296996,1680.7658210326354
296997,1467.5521484602566
296998,1004.9715418381531
296999,1100.1240644826514
297000,-357.26924035062007
297001,804.269234201572
297002,591.0555616291933
297003,128.47495500708987
297004,223.62747765158815
297005,90.15149834444651
297006,1251.6899728966387
297007,1038.47630032426
297008,575.8956937021564
297009,671.0482163466547
297010,245.73266618263244
297011,1407.2711407348245
297012,1194.0574681624457
297013,731.4768615403424
297014,826.6293841848405
297015,-349.1959024093437
297016,812.3425721428483
297017,599.1288995704696
297018,136.54829294836622
297019,231.7008155928644
297020,98.22483628572286
297021,1259.763310837915
297022,1046.549638265536
297023,583.9690316434328
297024,679.121554287931
297025,253.8060041239088
297026,1415.3444786761008
297027,1202.130806103722
297028,739.5501994816186
297029,834.7027221261169
297030,-555.127590730948
297031,606.4108838212439
297032,393.1972112488652
297033,-69.38339537323816
297034,25.769127271260118
297035,-107.70685203588141
297036,1053.8316225163105
297037,840.6179499439318
297038,378.0373433218285
297039,473.18986596632664
297040,47.87431580230441
297041,1209.4127903544963
297042,996.1991177821177
297043,533.6185111600142
297044,628.7710338045125
297045,-1180.0199356317316
297046,-18.4814610795396
297047,-231.69513365191835
297048,-694.2757402740217
297049,-599.1232176295237
297050,-732.5991969366651
297051,428.939277615527
297052,215.72560504314822
297053,-246.85500157895513
297054,-151.70247893445696
297055,-577.0180290984792
297056,584.5204454537128
297057,371.306772881334
297058,-91.27383374076942
297059,3.8786889037288574
297060,326.143946855827
297061,1487.6824214080189
297062,1274.4687488356403
297063,811.8881422135369
297064,907.0406648580351
297065,773.5646855508935
297066,1935.1031601030857
297067,1721.889487530707
297068,1259.3088809086034
297069,1354.4614035531017
297070,929.1458533890794
297071,2090.6843279412715
297072,1877.4706553688927
297073,1414.8900487467895
297074,1510.0425713912875
297075,-234.33369145577262
297076,927.2047830964195
297077,713.9911105240408
297078,251.41050390193732
297079,346.5630265464356
297080,213.08704723929395
297081,1374.625521791486
297082,1161.4118492191074
297083,698.831242597004
297084,793.9837652415022
297085,368.6682150774799
297086,1530.206689629672
297087,1316.9930170572932
297088,854.4124104351898
297089,949.564933079688
297090,-344.92999187734426
297091,816.6084826748478
297092,603.394810102469
297093,140.81420348036568
297094,235.96672612486384
297095,102.49074681772231
297096,1264.0292213699145
297097,1050.8155487975357
297098,588.2349421754323
297099,683.3874648199305
297100,258.0719146559082
297101,1419.6103892081
297102,1206.3967166357215
297103,743.8161100136181
297104,838.9686326581163
297105,-336.8566539360679
297106,824.6818206161241
297107,611.4681480437454
297108,148.88754142164203
297109,244.0400640661402
297110,110.56408475899866
297111,1272.1025593111906
297112,1058.8888867388118
297113,596.3082801167086
297114,691.4608027612068
297115,266.1452525971844
297116,1427.6837271493764
297117,1214.4700545769979
297118,751.8894479548944
297119,847.0419705993926
297120,-542.7883422576724
297121,618.7501322945197
297122,405.53645972214093
297123,-57.04414689996247
297124,38.108375744535806
297125,-95.36760356260572
297126,1066.1708709895863
297127,852.9571984172076
297128,390.3765917951043
297129,485.52911443960244
297130,60.2135642755801
297131,1221.7520388277721
297132,1008.5383662553935
297133,545.95775963329
297134,641.1102822777883
297135,-1167.680687158456
297136,-6.142212606263911
297137,-219.35588517864267
297138,-681.9364918007461
297139,-586.7839691562478
297140,-720.2599484633893
297141,441.27852608880266
297142,228.06485351642402
297143,-234.51575310567932
297144,-139.36323046118116
297145,-564.6787806252034
297146,596.8596939269885
297147,383.6460213546098
297148,-78.9345852674935
297149,16.21793737700466
297150,338.4831953291027
297151,1500.0216698812947
297152,1286.8079973089161
297153,824.2273906868127
297154,919.379913331311
297155,785.9039340241693
297156,1947.4424085763615
297157,1734.2287360039827
297158,1271.6481293818792
297159,1366.8006520263775
297160,941.4851018623551
297161,2103.0235764145473
297162,1889.8099038421685
297163,1427.2292972200653
297164,1522.3818198645633
297165,-221.99444298249682
297166,939.5440315696952
297167,726.3303589973166
297168,263.7497523752131
297169,358.90227501971134
297170,225.42629571256975
297171,1386.9647702647617
297172,1173.7510976923832
297173,711.1704910702798
297174,806.323013714778
297175,381.00746355075563
297176,1542.5459381029477
297177,1329.332265530569
297178,866.7516589084655
297179,961.9041815529638
297180,-332.59074340406846
297181,828.9477311481236
297182,615.7340585757448
297183,153.15345195364148
297184,248.30597459813964
297185,114.82999529099811
297186,1276.3684698431903
297187,1063.1547972708115
297188,600.574190648708
297189,695.7267132932063
297190,270.41116312918393
297191,1431.949637681376
297192,1218.7359651089973
297193,756.1553584868939
297194,851.3078811313922
297195,-324.5174054627921
297196,837.0210690893998
297197,623.8073965170211
297198,161.22678989491772
297199,256.37931253941593
297200,122.90333323227446
297201,1284.4418077844666
297202,1071.2281352120876
297203,608.6475285899844
297204,703.8000512344826
297205,278.4845010704603
297206,1440.0229756226522
297207,1226.8093030502737
297208,764.2286964281702
297209,859.3812190726684
297210,-530.4490937843964
297211,631.0893807677955
297212,417.8757081954168
297213,-44.704898426686555
297214,50.44762421781161
297215,-83.02835508932992
297216,1078.5101194628621
297217,865.2964468904834
297218,402.7158402683801
297219,497.86836291287824
297220,72.55281274885601
297221,1234.091287301048
297222,1020.8776147286693
297223,558.2970081065658
297224,653.4495307510641
297225,-1155.34143868518
297226,6.197035867011891
297227,-207.01663670536686
297228,-669.5972433274701
297229,-574.4447206829718
297230,-707.9206999901137
297231,453.6177745620785
297232,240.40410198969977
297233,-222.17650463240352
297234,-127.02398198790547
297235,-552.3395321519276
297236,609.1989424002643
297237,395.98526982788565
297238,-66.59533679421781
297239,28.557185850280348
297240,350.8224438023785
297241,1512.3609183545705
297242,1299.147245782192
297243,836.5666391600885
297244,931.7191618045867
297245,798.2431824974451
297246,1959.7816570496373
297247,1746.5679844772585
297248,1283.987377855155
297249,1379.1399004996533
297250,953.8243503356309
297251,2115.362824887823
297252,1902.1491523154443
297253,1439.568545693341
297254,1534.7210683378391
297255,-209.65519450922102
297256,951.883280042971
297257,738.6696074705924
297258,276.0890008484889
297259,371.24152349298714
297260,237.76554418584556
297261,1399.3040187380377
297262,1186.090346165659
297263,723.5097395435556
297264,818.6622621880538
297265,393.3467120240314
297266,1554.8851865762235
297267,1341.6715140038448
297268,879.0909073817414
297269,974.2434300262396
297270,-320.25149493079266
297271,841.2869796213994
297272,628.0733070490206
297273,165.49270042691728
297274,260.6452230714155
297275,127.16924376427392
297276,1288.707718316466
297277,1075.4940457440873
297278,612.9134391219839
297279,708.065961766482
297280,282.75041160245985
297281,1444.288886154652
297282,1231.0752135822731
297283,768.4946069601697
297284,863.647129604668
297285,-312.1781569895163
297286,849.3603175626757
297287,636.146644990297
297288,173.56603836819363
297289,268.7185610126918
297290,135.24258170555026
297291,1296.7810562577424
297292,1083.5673836853634
297293,620.9867770632602
297294,716.1392997077584
297295,290.8237495437362
297296,1452.3622240959282
297297,1239.1485515235495
297298,776.567944901446
297299,871.7204675459443
297300,-518.1098453111206
297301,643.4286292410713
297302,430.2149566686926
297303,-32.36564995341075
297304,62.786872691087524
297305,-70.689106616054
297306,1090.849367936138
297307,877.6356953637592
297308,415.0550887416559
297309,510.207611386154
297310,84.89206122213182
297311,1246.4305357743237
297312,1033.216863201945
297313,570.6362565798416
297314,665.7887792243399
297315,-1143.0021902119042
297316,18.536284340287807
297317,-194.67738823209095
297318,-657.2579948541945
297319,-562.1054722096962
297320,-695.5814515168377
297321,465.9570230353544
297322,252.74335046297563
297323,-209.83725615912772
297324,-114.68473351462956
297325,-540.0002836786518
297326,621.5381908735401
297327,408.3245183011614
297328,-54.25608832094201
297329,40.896434323556264
297330,363.1616922756544
297331,1524.7001668278463
297332,1311.4864942554677
297333,848.9058876333643
297334,944.0584102778625
297335,810.5824309707209
297336,1972.120905522913
297337,1758.9072329505343
297338,1296.3266263284308
297339,1391.4791489729291
297340,966.1635988089068
297341,2127.702073361099
297342,1914.4884007887201
297343,1451.907794166617
297344,1547.060316811115
297345,-197.31594603594522
297346,964.2225285162469
297347,751.0088559438682
297348,288.4282493217647
297349,383.580771966263
297350,250.10479265912136
297351,1411.6432672113135
297352,1198.4295946389348
297353,735.8489880168314
297354,831.0015106613296
297355,405.6859604973073
297356,1567.2244350494993
297357,1354.0107624771206
297358,891.4301558550172
297359,986.5826784995154
297360,-307.91224645751686
297361,853.6262280946752
297362,640.4125555222964
297363,177.83194890019308
297364,272.98447154469125
297365,139.50849223754972
297366,1301.0469667897419
297367,1087.8332942173631
297368,625.2526875952597
297369,720.4052102397579
297370,295.08966007573565
297371,1456.6281346279275
297372,1243.414462055549
297373,780.8338554334456
297374,875.9863780779438
297375,-299.8389085162405
297376,861.6995660359514
297377,648.4858934635728
297378,185.90528684146932
297379,281.0578094859676
297380,147.58183017882607
297381,1309.120304731018
297382,1095.9066321586392
297383,633.326025536536
297384,728.4785481810342
297385,303.1629980170119
297386,1464.7014725692038
297387,1251.4877999968253
297388,788.9071933747218
297389,884.0597160192201
297390,-505.7705968378448
297391,655.7678777143472
297392,442.55420514196845
297393,-20.026401480134837
297394,75.12612116436333
297395,-58.34985814277832
297396,1103.1886164094137
297397,889.974943837035
297398,427.3943372149317
297399,522.5468598594298
297400,97.2313096954075
297401,1258.7697842475995
297402,1045.556111675221
297403,582.9755050531174
297404,678.1280276976157
297405,-1130.6629417386287
297406,30.875532813563495
297407,-182.33813975881526
297408,-644.9187463809187
297409,-549.7662237364204
297410,-683.2422030435619
297411,478.29627150863007
297412,265.08259893625143
297413,-197.49800768585192
297414,-102.34548504135375
297415,-527.661035205376
297416,633.8774393468159
297417,420.6637667744372
297418,-41.9168398476661
297419,53.235682796832066
297420,375.50094074893013
297421,1537.039415301122
297422,1323.8257427287435
297423,861.2451361066401
297424,956.3976587511382
297425,822.9216794439967
297426,1984.4601539961886
297427,1771.24648142381
297428,1308.6658748017067
297429,1403.818397446205
297430,978.5028472821826
297431,2140.0413218343747
297432,1926.827649261996
297433,1464.2470426398927
297434,1559.3995652843907
297435,-184.97669756266941
297436,976.5617769895226
297437,763.348104417144
297438,300.7674977950405
297439,395.92002043953875
297440,262.44404113239716
297441,1423.982515684589
297442,1210.7688431122106
297443,748.1882364901072
297444,843.3407591346054
297445,418.0252089705831
297446,1579.5636835227751
297447,1366.3500109503964
297448,903.769404328293
297449,998.9219269727912
297450,-219.040892985514
297451,942.497581566678
297452,729.2839089942993
297453,266.70330237219594
297454,361.85582501669415
297455,228.37984570955257
297456,1389.9183202617446
297457,1176.7046476893659
297458,714.1240410672626
297459,809.2765637117608
297460,383.96101354773845
297461,1545.4994880999304
297462,1332.2858155275517
297463,869.7052089054484
297464,964.8577315499466
297465,-210.96755504423766
297466,950.5709195079544
297467,737.3572469355756
297468,274.7766403134722
297469,369.92916295797045
297470,236.45318365082892
297471,1397.991658203021
297472,1184.7779856306422
297473,722.1973790085389
297474,817.349901653037
297475,392.0343514890148
297476,1553.5728260412068
297477,1340.359153468828
297478,877.7785468467247
297479,972.9310694912228
297480,-416.89924336584204
297481,744.63923118635
297482,531.4255586139711
297483,68.8449519918679
297484,163.99747463636606
297485,30.521495329224535
297486,1192.0599698814167
297487,978.8462973090378
297488,516.2656906869345
297489,611.4182133314328
297490,186.10266316741036
297491,1347.6411377196023
297492,1134.4274651472238
297493,671.8468585251203
297494,766.9993811696186
297495,-1041.7915882666257
297496,119.74688628556635
297497,-93.46678628681241
297498,-556.0473929089158
297499,-460.8948702644175
297500,-594.3708495715591
297501,567.1676249806329
297502,353.9539524082543
297503,-108.62665421384918
297504,-13.474131569351016
297505,-438.7896817333733
297506,722.7487928188187
297507,509.53512024644004
297508,46.95451362433664
297509,142.1070362688348
297510,464.372294220933
297511,1625.910768773125
297512,1412.6970962007463
297513,950.116489578643
297514,1045.269012223141
297515,911.7930329159996
297516,2073.3315074681914
297517,1860.117834895813
297518,1397.5372282737096
297519,1492.6897509182077
297520,1067.3742007541855
297521,2228.9126753063774
297522,2015.6990027339987
297523,1553.1183961118954
297524,1648.2709187563937
297525,-96.10534409066645
297526,1065.4331304615255
297527,852.2194578891467
297528,389.63885126704344
297529,484.79137391154165
297530,351.31539460440007
297531,1512.8538691565923
297532,1299.6401965842133
297533,837.0595899621101
297534,932.2121126066082
297535,506.89656244258595
297536,1668.4350369947779
297537,1455.2213644223993
297538,992.6407578002959
297539,1087.7932804447942
297540,-206.7016445122381
297541,954.8368300399538
297542,741.6231574675751
297543,279.0425508454718
297544,374.19507348996996
297545,240.71909418282848
297546,1402.2575687350204
297547,1189.0438961626417
297548,726.4632895405384
297549,821.6158121850366
297550,396.3002620210143
297551,1557.8387365732065
297552,1344.6250640008275
297553,882.0444573787242
297554,977.1969800232224
297555,-198.62830657096185
297556,962.9101679812302
297557,749.6964954088514
297558,287.1158887867481
297559,382.26841143124625
297560,248.79243212410472
297561,1410.3309066762968
297562,1197.117234103918
297563,734.5366274818147
297564,829.6891501263128
297565,404.37359996229054
297566,1565.9120745144826
297567,1352.6984019421038
297568,890.1177953200005
297569,985.2703179644986
297570,-404.55999489256624
297571,756.9784796596258
297572,543.764807087247
297573,81.1842004651437
297574,176.33672310964187
297575,42.86074380250045
297576,1204.3992183546925
297577,991.1855457823136
297578,528.6049391602103
297579,623.7574618047084
297580,198.44191164068627
297581,1359.9803861928783
297582,1146.7667136204996
297583,684.1861069983961
297584,779.3386296428943
297585,-1029.4523397933497
297586,132.08613475884226
297587,-81.12753781353649
297588,-543.7081444356397
297589,-448.5556217911417
297590,-582.0316010982831
297591,579.5068734539088
297592,366.29320088153
297593,-96.28740574057326
297594,-1.1348830960751002
297595,-426.4504332600975
297596,735.0880412920947
297597,521.8743687197159
297598,59.29376209761244
297599,154.4462847421106
297600,476.7115426942089
297601,1638.2500172464008
297602,1425.036344674022
297603,962.4557380519188
297604,1057.608260696417
297605,924.1322813892755
297606,2085.670755941467
297607,1872.4570833690887
297608,1409.8764767469854
297609,1505.0289993914835
297610,1079.7134492274613
297611,2241.251923779653
297612,2028.0382512072745
297613,1565.4576445851712
297614,1660.6101672296695
297615,-83.76609561739065
297616,1077.7723789348013
297617,864.5587063624225
297618,401.97809974031924
297619,497.13062238481746
297620,363.65464307767587
297621,1525.193117629868
297622,1311.979445057489
297623,849.3988384353859
297624,944.551361079884
297625,519.2358109158617
297626,1680.7742854680537
297627,1467.5606128956751
297628,1004.9800062735717
297629,1100.13252891807
297630,-357.26077591520175
297631,804.2776986369904
297632,591.0640260646117
297633,128.4834194425083
297634,223.63594208700647
297635,90.15996277986494
297636,1251.698437332057
297637,1038.4847647596782
297638,575.9041581375749
297639,671.056680782073
297640,245.74113061805087
297641,1407.2796051702428
297642,1194.065932597864
297643,731.4853259757608
297644,826.637848620259
297645,-349.1874379739254
297646,812.3510365782666
297647,599.137364005888
297648,136.55675738378454
297649,231.70928002828282
297650,98.23330072114129
297651,1259.7717752733333
297652,1046.5581027009546
297653,583.9774960788512
297654,679.1300187233494
297655,253.81446855932722
297656,1415.3529431115192
297657,1202.1392705391404
297658,739.558663917037
297659,834.7111865615352
297660,-555.1191262955297
297661,606.4193482566624
297662,393.2056756842836
297663,-69.37493093781973
297664,25.77759170667855
297665,-107.6983876004631
297666,1053.840086951729
297667,840.6264143793502
297668,378.04580775724685
297669,473.198330401745
297670,47.88278023772284
297671,1209.4212547899147
297672,996.2075822175361
297673,533.6269755954327
297674,628.779498239931
297675,-1180.0114711963133
297676,-18.47299664412128
297677,-231.68666921650004
297678,-694.2672758386034
297679,-599.1147531941053
297680,-732.5907325012465
297681,428.9477420509453
297682,215.73406947856665
297683,-246.8465371435367
297684,-151.69401449903853
297685,-577.0095646630609
297686,584.5289098891311
297687,371.31523731675236
297688,-91.26536930535099
297689,3.8871533391472894
297690,326.15241129124536
297691,1487.6908858434374
297692,1274.4772132710586
297693,811.8966066489553
297694,907.0491292934535
297695,773.5731499863119
297696,1935.111624538504
297697,1721.8979519661252
297698,1259.3173453440218
297699,1354.46986798852
297700,929.1543178244979
297701,2090.69279237669
297702,1877.479119804311
297703,1414.8985131822078
297704,1510.051035826706
297705,-234.3252270203542
297706,927.2132475318379
297707,713.9995749594591
297708,251.41896833735575
297709,346.5714909818539
297710,213.09551167471238
297711,1374.6339862269044
297712,1161.4203136545257
297713,698.8397070324224
297714,793.9922296769206
297715,368.6766795128983
297716,1530.2151540650902
297717,1317.0014814927117
297718,854.4208748706083
297719,949.5733975151064
297720,-344.92152744192595
297721,816.6169471102662
297722,603.4032745378875
297723,140.822667915784
297724,235.97519056028227
297725,102.49921125314074
297726,1264.0376858053328
297727,1050.824013232954
297728,588.2434066108507
297729,683.3959292553488
297730,258.08037909132656
297731,1419.6188536435186
297732,1206.4051810711399
297733,743.8245744490365
297734,838.9770970935347
297735,-336.8481895006496
297736,824.6902850515424
297737,611.4766124791638
297738,148.89600585706035
297739,244.04852850155856
297740,110.57254919441709
297741,1272.1110237466091
297742,1058.8973511742304
297743,596.316744552127
297744,691.4692671966252
297745,266.1537170326028
297746,1427.692191584795
297747,1214.4785190124162
297748,751.8979123903129
297749,847.050435034811
297750,-542.7798778222539
297751,618.7585967299381
297752,405.54492415755936
297753,-57.035682464543925
297754,38.11684017995424
297755,-95.35913912718729
297756,1066.1793354250046
297757,852.965662852626
297758,390.38505623052265
297759,485.5375788750208
297760,60.22202871099853
297761,1221.7605032631905
297762,1008.5468306908119
297763,545.9662240687085
297764,641.1187467132067
297765,-1167.6722227230375
297766,-6.133748170845479
297767,-219.34742074322423
297768,-681.9280273653276
297769,-586.7755047208293
297770,-720.251484027971
297771,441.2869905242211
297772,228.07331795184234
297773,-234.507288670261
297774,-139.35476602576284
297775,-564.6703161897851
297776,596.8681583624069
297777,383.6544857900282
297778,-78.92612083207518
297779,16.226401812422978
297780,338.4916597645211
297781,1500.030134316713
297782,1286.8164617443344
297783,824.2358551222311
297784,919.3883777667293
297785,785.9123984595877
297786,1947.4508730117798
297787,1734.237200439401
297788,1271.6565938172976
297789,1366.8091164617958
297790,941.4935662977736
297791,2103.0320408499656
297792,1889.8183682775868
297793,1427.2377616554836
297794,1522.3902842999819
297795,-221.9859785470785
297796,939.5524960051137
297797,726.3388234327349
297798,263.7582168106315
297799,358.9107394551297
297800,225.4347601479882
297801,1386.9732347001802
297802,1173.7595621278015
297803,711.1789555056982
297804,806.3314781501963
297805,381.015927986174
297806,1542.554402538366
297807,1329.3407299659875
297808,866.760123343884
297809,961.9126459883822
297810,-332.58227896865014
297811,828.956195583542
297812,615.7425230111633
297813,153.1619163890599
297814,248.31443903355807
297815,114.83845972641654
297816,1276.3769342786086
297817,1063.1632617062298
297818,600.5826550841265
297819,695.7351777286246
297820,270.41962756460237
297821,1431.9581021167944
297822,1218.7444295444157
297823,756.1638229223123
297824,851.3163455668105
297825,-324.5089410273738
297826,837.0295335248182
297827,623.8158609524396
297828,161.23525433033615
297829,256.38777697483437
297830,122.9117976676929
297831,1284.450272219885
297832,1071.2365996475062
297833,608.6559930254028
297834,703.808515669901
297835,278.4929655058787
297836,1440.0314400580708
297837,1226.817767485692
297838,764.2371608635885
297839,859.3896835080868
297840,-530.4406293489781
297841,631.097845203214
297842,417.8841726308352
297843,-44.69643399126812
297844,50.45608865323004
297845,-83.01989065391149
297846,1078.5185838982807
297847,865.3049113259018
297848,402.72430470379845
297849,497.8768273482966
297850,72.56127718427433
297851,1234.0997517364663
297852,1020.8860791640876
297853,558.3054725419843
297854,653.4579951864825
297855,-1155.3329742497617
297856,6.205500302430323
297857,-207.00817226994843
297858,-669.5887788920518
297859,-574.4362562475535
297860,-707.9122355546951
297861,453.62623899749696
297862,240.4125664251182
297863,-222.1680401969852
297864,-127.01551755248704
297865,-552.3310677165093
297866,609.2074068356827
297867,395.99373426330396
297868,-66.58687235879938
297869,28.56565028569878
297870,350.8309082377969
297871,1512.369382789989
297872,1299.1557102176102
297873,836.575103595507
297874,931.7276262400051
297875,798.2516469328635
297876,1959.7901214850556
297877,1746.5764489126768
297878,1283.9958422905736
297879,1379.1483649350716
297880,953.8328147710494
297881,2115.3712893232414
297882,1902.1576167508626
297883,1439.5770101287594
297884,1534.7295327732577
297885,-209.6467300738027
297886,951.8917444783895
297887,738.6780719060107
297888,276.09746528390735
297889,371.2499879284056
297890,237.774008621264
297891,1399.312483173456
297892,1186.0988106010773
297893,723.518203978974
297894,818.6707266234722
297895,393.3551764594498
297896,1554.8936510116419
297897,1341.6799784392633
297898,879.0993718171599
297899,974.251894461658
297900,-320.24303049537434
297901,841.2954440568178
297902,628.0817714844391
297903,165.5011648623356
297904,260.6536875068339
297905,127.17770819969235
297906,1288.7161827518844
297907,1075.5025101795056
297908,612.9219035574023
297909,708.0744262019005
297910,282.7588760378783
297911,1444.2973505900702
297912,1231.0836780176915
297913,768.5030713955881
297914,863.6555940400864
297915,-312.169692554098
297916,849.368781998094
297917,636.1551094257154
297918,173.57450280361195
297919,268.72702544811017
297920,135.2510461409687
297921,1296.7895206931607
297922,1083.575848120782
297923,620.9952414986786
297924,716.1477641431768
297925,290.83221397915463
297926,1452.3706885313466
297927,1239.1570159589678
297928,776.5764093368645
297929,871.7289319813626
297930,-518.1013808757023
297931,643.4370936764898
297932,430.223421104111
297933,-32.35718551799232
297934,62.795337126505956
297935,-70.68064218063569
297936,1090.8578323715565
297937,877.6441597991776
297938,415.06355317707425
297939,510.2160758215724
297940,84.90052565755025
297941,1246.439000209742
297942,1033.2253276373635
297943,570.6447210152601
297944,665.7972436597582
297945,-1142.993725776486
297946,18.544748775706125
297947,-194.66892379667263
297948,-657.2495304187762
297949,-562.0970077742779
297950,-695.5729870814191
297951,465.9654874707727
297952,252.75181489839406
297953,-209.8287917237093
297954,-114.67626907921112
297955,-539.9918192432335
297956,621.5466553089584
297957,408.33298273657977
297958,-54.24762388552358
297959,40.904898758974696
297960,363.17015671107276
297961,1524.7086312632648
297962,1311.494958690886
297963,848.9143520687827
297964,944.0668747132809
297965,810.5908954061393
297966,1972.1293699583314
297967,1758.9156973859526
297968,1296.3350907638492
297969,1391.4876134083474
297970,966.1720632443253
297971,2127.710537796517
297972,1914.4968652241384
297973,1451.9162586020352
297974,1547.0687812465335
297975,-197.30748160052678
297976,964.2309929516653
297977,751.0173203792865
297978,288.43671375718316
297979,383.5892364016813
297980,250.1132570945398
297981,1411.6517316467318
297982,1198.438059074353
297983,735.8574524522498
297984,831.009975096748
297985,405.6944249327257
297986,1567.2328994849177
297987,1354.0192269125391
297988,891.4386202904357
297989,986.5911429349338
297990,-307.90378202209854
297991,853.6346925300935
297992,640.4210199577149
297993,177.8404133356114
297994,272.9929359801096
297995,139.51695667296815
297996,1301.0554312251602
297997,1087.8417586527814
297998,625.2611520306781
297999,720.4136746751763
298000,295.09812451115397
298001,1456.636599063346
298002,1243.4229264909673
298003,780.8423198688639
298004,875.9948425133621
298005,-299.8304440808222
298006,861.7080304713699
298007,648.4943578989911
298008,185.91375127688775
298009,281.0662739213859
298010,147.5902946142445
298011,1309.1287691664365
298012,1095.9150965940578
298013,633.3344899719544
298014,728.4870126164526
298015,303.1714624524302
298016,1464.7099370046224
298017,1251.4962644322436
298018,788.9156578101401
298019,884.0681804546384
298020,-505.76213240242646
298021,655.7763421497655
298022,442.56266957738677
298023,-20.01793704471652
298024,75.13458559978164
298025,-58.341393707359885
298026,1103.197080844832
298027,889.9834082724534
298028,427.40280165035006
298029,522.5553242948482
298030,97.23977413082594
298031,1258.7782486830179
298032,1045.5645761106393
298033,582.9839694885359
298034,678.136492133034
298035,-1130.6544773032103
298036,30.883997248981927
298037,-182.32967532339683
298038,-644.9102819455004
298039,-549.7577593010021
298040,-683.2337386081435
298041,478.3047359440485
298042,265.09106337166975
298043,-197.4895432504336
298044,-102.33702060593544
298045,-527.6525707699577
298046,633.8859037822343
298047,420.6722312098556
298048,-41.90837541224778
298049,53.244147232250384
298050,375.5094051843485
298051,1537.0478797365404
298052,1323.8342071641619
298053,861.2536005420584
298054,956.4061231865567
298055,822.9301438794151
298056,1984.4686184316072
298057,1771.2549458592284
298058,1308.674339237125
298059,1403.8268618816232
298060,978.511311717601
298061,2140.049786269793
298062,1926.8361136974142
298063,1464.255507075311
298064,1559.408029719809
298065,-184.9682331272511
298066,976.5702414249411
298067,763.3565688525623
298068,300.7759622304589
298069,395.9284848749571
298070,262.4525055678156
298071,1423.9909801200076
298072,1210.7773075476289
298073,748.1967009255256
298074,843.3492235700237
298075,418.0336734060014
298076,1579.5721479581935
298077,1366.358475385815
298078,903.7778687637114
298079,998.9303914082096
298080,-219.03242855009557
298081,942.5060460020965
298082,729.2923734297177
298083,266.71176680761437
298084,361.8642894521126
298085,228.388310144971
298086,1389.9267846971632
298087,1176.7131121247844
298088,714.1325055026809
298089,809.2850281471792
298090,383.9694779831568
298091,1545.507952535349
298092,1332.29427996297
298093,869.7136733408668
298094,964.866195985365
298095,-210.95909060881922
298096,950.5793839433727
298097,737.365711370994
298098,274.78510474889066
298099,369.9376273933889
298100,236.46164808624735
298101,1398.0001226384393
298102,1184.7864500660605
298103,722.2058434439573
298104,817.3583660884555
298105,392.04281592443317
298106,1553.5812904766253
298107,1340.3676179042463
298108,877.7870112821431
298109,972.9395339266413
298110,-416.8907789304237
298111,744.6476956217684
298112,531.4340230493897
298113,68.85341642728622
298114,164.0059390717845
298115,30.529959764642967
298116,1192.068434316835
298117,978.8547617444563
298118,516.274155122353
298119,611.4266777668511
298120,186.1111276028288
298121,1347.6496021550208
298122,1134.435929582642
298123,671.8553229605387
298124,767.0078456050369
298125,-1041.7831238312071
298126,119.75535072098478
298127,-93.45832185139398
298128,-556.0389284734972
298129,-460.88640582899893
298130,-594.3623851361406
298131,567.1760894160514
298132,353.9624168436726
298133,-108.61818977843075
298134,-13.465667133932584
298135,-438.781217297955
298136,722.7572572542372
298137,509.5435846818584
298138,46.96297805975496
298139,142.11550070425324
298140,464.3807586563514
298141,1625.9192332085436
298142,1412.7055606361648
298143,950.1249540140615
298144,1045.2774766585596
298145,911.801497351418
298146,2073.33997190361
298147,1860.1262993312314
298148,1397.5456927091282
298149,1492.6982153536262
298150,1067.3826651896038
298151,2228.9211397417957
298152,2015.7074671694172
298153,1553.1268605473138
298154,1648.279383191812
298155,-96.09687965524813
298156,1065.441594896944
298157,852.2279223245653
298158,389.64731570246187
298159,484.7998383469601
298160,351.3238590398185
298161,1512.8623335920106
298162,1299.6486610196318
298163,837.0680543975285
298164,932.2205770420267
298165,506.9050268780043
298166,1668.4435014301964
298167,1455.2298288578177
298168,992.6492222357142
298169,1087.8017448802125
298170,-206.69318007681977
298171,954.8452944753723
298172,741.6316219029935
298173,279.05101528089017
298174,374.20353792538833
298175,240.72755861824686
298176,1402.2660331704387
298177,1189.0523605980602
298178,726.4717539759567
298179,821.6242766204549
298180,396.3087264564327
298181,1557.8472010086248
298182,1344.633528436246
298183,882.0529218141426
298184,977.2054444586407
298185,-198.61984213554342
298186,962.9186324166485
298187,749.7049598442698
298188,287.1243532221664
298189,382.2768758666647
298190,248.8008965595231
298191,1410.339371111715
298192,1197.1256985393363
298193,734.5450919172331
298194,829.6976145617313
298195,404.3820643977089
298196,1565.920538949901
298197,1352.7068663775221
298198,890.1262597554188
298199,985.2787823999171
298200,-404.5515304571477
298201,756.9869440950442
298202,543.7732715226655
298203,81.19266490056214
298204,176.3451875450603
298205,42.86920823791888
298206,1204.4076827901108
298207,991.1940102177321
298208,528.6134035956287
298209,623.7659262401269
298210,198.4503760761047
298211,1359.9888506282966
298212,1146.7751780559179
298213,684.1945714338145
298214,779.3470940783127
298215,-1029.4438753579313
298216,132.09459919426058
298217,-81.11907337811817
298218,-543.6996800002214
298219,-448.54715735572336
298220,-582.0231366628648
298221,579.5153378893272
298222,366.3016653169484
298223,-96.27894130515483
298224,-1.1264186606566682
298225,-426.44196882467895
298226,735.096505727513
298227,521.8828331551342
298228,59.302226533030876
298229,154.45474917752904
298230,476.7200071296273
298231,1638.2584816818194
298232,1425.0448091094404
298233,962.4642024873372
298234,1057.6167251318354
298235,924.1407458246938
298236,2085.6792203768855
298237,1872.4655478045072
298238,1409.884941182404
298239,1505.037463826902
298240,1079.7219136628796
298241,2241.2603882150715
298242,2028.046715642693
298243,1565.4661090205896
298244,1660.6186316650878
298245,-83.75763118197233
298246,1077.7808433702198
298247,864.567170797841
298248,401.9865641757376
298249,497.13908682023583
298250,363.66310751309425
298251,1525.2015820652864
298252,1311.9879094929074
298253,849.4073028708043
298254,944.5598255153025
298255,519.2442753512801
298256,1680.782749903472
298257,1467.5690773310935
298258,1004.98847070899
298259,1100.1409933534883
298260,-357.2523114797832
298261,804.2861630724087
298262,591.07249050003
298263,128.49188387792663
298264,223.6444065224248
298265,90.16842721528337
298266,1251.7069017674753
298267,1038.4932291950968
298268,575.9126225729933
298269,671.0651452174915
298270,245.74959505346925
298271,1407.2880696056613
298272,1194.0743970332826
298273,731.4937904111791
298274,826.6463130556774
298275,-349.17897353850685
298276,812.3595010136851
298277,599.1458284413063
298278,136.56522181920286
298279,231.71774446370114
298280,98.24176515655972
298281,1259.7802397087517
298282,1046.5665671363731
298283,583.9859605142697
298284,679.1384831587678
298285,253.8229329947456
298286,1415.3614075469377
298287,1202.1477349745587
298288,739.5671283524555
298289,834.7196509969536
298290,-555.1106618601113
298291,606.4278126920807
298292,393.21414011970194
298293,-69.36646650240141
298294,25.786056142096868
298295,-107.68992316504466
298296,1053.8485513871474
298297,840.6348788147686
298298,378.0542721926653
298299,473.20679483716344
298300,47.89124467314127
298301,1209.4297192253332
298302,996.2160466529544
298303,533.6354400308511
298304,628.7879626753493
298305,-1180.0030067608948
298306,-18.46453220870285
298307,-231.6782047810816
298308,-694.2588114031848
298309,-599.1062887586868
298310,-732.5822680658282
298311,428.9562064863637
298312,215.74253391398497
298313,-246.83807270811837
298314,-151.6855500636202
298315,-577.0011002276426
298316,584.5373743245495
298317,371.3237017521708
298318,-91.25690486993267
298319,3.8956177745656078
298320,326.16087572666373
298321,1487.6993502788557
298322,1274.485677706477
298323,811.9050710843737
298324,907.0575937288718
298325,773.5816144217304
298326,1935.1200889739223
298327,1721.9064164015435
298328,1259.3258097794403
298329,1354.4783324239384
298330,929.1627822599162
298331,2090.701256812108
298332,1877.4875842397296
298333,1414.9069776176261
298334,1510.0595002621244
298335,-234.31676258493576
298336,927.2217119672562
298337,714.0080393948775
298338,251.42743277277407
298339,346.57995541727234
298340,213.10397611013082
298341,1374.642450662323
298342,1161.4287780899442
298343,698.8481714678408
298344,794.0006941123389
298345,368.6851439483167
298346,1530.2236185005086
298347,1317.00994592813
298348,854.4293393060266
298349,949.5818619505249
298350,-344.9130630065074
298351,816.6254115456845
298352,603.4117389733059
298353,140.83113235120254
298354,235.9836549957007
298355,102.50767568855917
298356,1264.046150240751
298357,1050.8324776683726
298358,588.2518710462691
298359,683.4043936907673
298360,258.088843526745
298361,1419.6273180789372
298362,1206.4136455065582
298363,743.8330388844549
298364,838.9855615289531
298365,-336.8397250652313
298366,824.6987494869609
298367,611.4850769145821
298368,148.90447029247878
298369,244.056992936977
298370,110.58101362983552
298371,1272.1194881820275
298372,1058.9058156096487
298373,596.3252089875455
298374,691.4777316320436
298375,266.16218146802123
298376,1427.7006560202135
298377,1214.4869834478345
298378,751.9063768257313
298379,847.0588994702294
298380,-542.7714133868355
298381,618.7670611653566
298382,405.5533885929778
298383,-57.027218029125606
298384,38.12530461537267
298385,-95.35067469176886
298386,1066.1877998604232
298387,852.9741272880444
298388,390.3935206659411
298389,485.54604331043925
298390,60.23049314641685
298391,1221.768967698609
298392,1008.5552951262302
298393,545.9746885041269
298394,641.1272111486251
298395,-1167.6637582876192
298396,-6.125283735427047
298397,-219.3389563078058
298398,-681.9195629299093
298399,-586.767040285411
298400,-720.2430195925524
298401,441.2954549596395
298402,228.08178238726077
298403,-234.49882423484257
298404,-139.3463015903444
298405,-564.6618517543668
298406,596.8766227978253
298407,383.6629502254466
298408,-78.91765639665687
298409,16.23486624784141
298410,338.50012419993953
298411,1500.0385987521315
298412,1286.8249261797528
298413,824.2443195576495
298414,919.3968422021478
298415,785.9208628950062
298416,1947.4593374471983
298417,1734.2456648748196
298418,1271.665058252716
298419,1366.8175808972144
298420,941.502030733192
298421,2103.040505285384
298422,1889.8268327130052
298423,1427.246226090902
298424,1522.3987487354002
298425,-221.97751411165996
298426,939.5609604405321
298427,726.3472878681533
298428,263.7666812460499
298429,358.91920389054815
298430,225.44322458340662
298431,1386.9816991355988
298432,1173.7680265632198
298433,711.1874199411166
298434,806.3399425856147
298435,381.02439242159244
298436,1542.5628669737846
298437,1329.3491944014058
298438,866.7685877793024
298439,961.9211104238007
298440,-332.5738145332318
298441,828.9646600189603
298442,615.7509874465816
298443,153.17038082447823
298444,248.32290346897645
298445,114.84692416183486
298446,1276.385398714027
298447,1063.1717261416484
298448,600.5911195195449
298449,695.7436421640431
298450,270.4280920000208
298451,1431.9665665522127
298452,1218.7528939798342
298453,756.1722873577307
298454,851.3248100022289
298455,-324.5004765919555
298456,837.0379979602367
298457,623.8243253878579
298458,161.24371876575447
298459,256.39624141025274
298460,122.92026210311121
298461,1284.4587366553033
298462,1071.2450640829245
298463,608.6644574608213
298464,703.8169801053194
298465,278.50142994129715
298466,1440.039904493489
298467,1226.8262319211103
298468,764.245625299007
298469,859.3981479435053
298470,-530.4321649135597
298471,631.1063096386323
298472,417.89263706625366
298473,-44.68796955584969
298474,50.46455308864847
298475,-83.01142621849317
298476,1078.527048333699
298477,865.3133757613202
298478,402.7327691392169
298479,497.88529178371505
298480,72.56974161969276
298481,1234.1082161718846
298482,1020.894543599506
298483,558.3139369774027
298484,653.4664596219009
298485,-1155.3245098143434
298486,6.213964737848642
298487,-206.9997078345301
298488,-669.5803144566335
298489,-574.4277918121352
298490,-707.9037711192766
298491,453.6347034329153
298492,240.42103086053663
298493,-222.15957576156666
298494,-127.00705311706861
298495,-552.322603281091
298496,609.215871271101
298497,396.0021986987224
298498,-66.57840792338095
298499,28.574114721117212
298500,350.8393726732153
298501,1512.3778472254075
298502,1299.1641746530286
298503,836.5835680309253
298504,931.7360906754235
298505,798.2601113682819
298506,1959.798585920474
298507,1746.5849133480951
298508,1284.004306725992
298509,1379.15682937049
298510,953.8412792064678
298511,2115.3797537586597
298512,1902.1660811862812
298513,1439.5854745641777
298514,1534.737997208676
298515,-209.63826563838427
298516,951.9002089138079
298517,738.6865363414291
298518,276.10592971932573
298519,371.25845236382395
298520,237.78247305668242
298521,1399.3209476088743
298522,1186.1072750364956
298523,723.5266684143925
298524,818.6791910588905
298525,393.36364089486824
298526,1554.9021154470602
298527,1341.6884428746816
298528,879.1078362525782
298529,974.2603588970765
298530,-320.2345660599558
298531,841.3039084922362
298532,628.0902359198574
298533,165.50962929775403
298534,260.66215194225225
298535,127.18617263511078
298536,1288.724647187303
298537,1075.5109746149242
298538,612.9303679928207
298539,708.0828906373189
298540,282.76734047329666
298541,1444.3058150254888
298542,1231.09214245311
298543,768.5115358310065
298544,863.6640584755047
298545,-312.16122811867945
298546,849.3772464335125
298547,636.1635738611337
298548,173.58296723903027
298549,268.73548988352854
298550,135.25951057638713
298551,1296.797985128579
298552,1083.5843125562003
298553,621.0037059340971
298554,716.1562285785952
298555,290.840678414573
298556,1452.379152966765
298557,1239.1654803943861
298558,776.5848737722829
298559,871.737396416781
298560,-518.092916440284
298561,643.4455581119082
298562,430.23188553952934
298563,-32.348721082574
298564,62.803801561924274
298565,-70.67217774521725
298566,1090.8662968069748
298567,877.652624234596
298568,415.0720176124927
298569,510.22454025699085
298570,84.90899009296868
298571,1246.4474646451606
298572,1033.2337920727819
298573,570.6531854506784
298574,665.8057080951767
298575,-1142.9852613410676
298576,18.553213211124557
298577,-194.6604593612542
298578,-657.2410659833579
298579,-562.0885433388596
298580,-695.5645226460008
298581,465.97395190619125
298582,252.76027933381238
298583,-209.82032728829097
298584,-114.6678046437928
298585,-539.9833548078152
298586,621.555119744377
298587,408.3414471719982
298588,-54.23915945010526
298589,40.913363194393014
298590,363.17862114649114
298591,1524.7170956986834
298592,1311.5034231263044
298593,848.9228165042011
298594,944.0753391486992
298595,810.5993598415578
298596,1972.13783439375
298597,1758.924161821371
298598,1296.3435551992677
298599,1391.4960778437658
298600,966.1805276797436
298601,2127.7190022319355
298602,1914.505329659557
298603,1451.9247230374535
298604,1547.0772456819518
298605,-197.29901716510835
298606,964.2394573870837
298607,751.0257848147049
298608,288.4451781926015
298609,383.59770083709975
298610,250.12172152995817
298611,1411.6601960821504
298612,1198.4465235097716
298613,735.8659168876682
298614,831.0184395321664
298615,405.7028893681441
298616,1567.2413639203362
298617,1354.0276913479574
298618,891.447084725854
298619,986.5996073703523
298620,-308.8802816428322
298621,852.65819290936
298622,639.4445203369812
298623,176.86391371487798
298624,272.01643635937603
298625,138.54045705223461
298626,1300.0789316044265
298627,1086.8652590320478
298628,624.2846524099446
298629,719.4371750544427
298630,294.1216248904203
298631,1455.6600994426126
298632,1242.4464268702336
298633,779.8658202481304
298634,875.0183428926285
298635,-300.80694370155584
298636,860.7315308506363
298637,647.5178582782576
298638,184.93725165615422
298639,280.0897743006524
298640,146.61379499351085
298641,1308.152269545703
298642,1094.9385969733241
298643,632.3579903512208
298644,727.510512995719
298645,302.19496283169667
298646,1463.7334373838887
298647,1250.51976481151
298648,787.9391581894066
298649,883.0916808339048
298650,-506.7386320231601
298651,654.7998425290319
298652,441.5861699566532
298653,-20.994436665450166
298654,74.15808597904811
298655,-59.31789332809353
298656,1102.2205812240986
298657,889.0069086517199
298658,426.42630202961647
298659,521.5788246741147
298660,96.26327451009229
298661,1257.8017490622844
298662,1044.5880764899057
298663,582.0074698678023
298664,677.1599925123005
298665,-1131.630976923944
298666,29.907497628248393
298667,-183.30617494413036
298668,-645.8867815662338
298669,-550.7342589217358
298670,-684.2102382288772
298671,477.32823632331497
298672,264.1145637509362
298673,-198.46604287116713
298674,-103.31352022666897
298675,-528.6290703906914
298676,632.9094041615008
298677,419.695731589122
298678,-42.88487503298143
298679,52.26764761151685
298680,374.532905563615
298681,1536.071380115807
298682,1322.8577075434282
298683,860.277100921325
298684,955.429623565823
298685,821.9536442586816
298686,1983.4921188108735
298687,1770.2784462384948
298688,1307.6978396163915
298689,1402.8503622608896
298690,977.5348120968674
298691,2139.07328664906
298692,1925.8596140766806
298693,1463.2790074545774
298694,1558.4315300990756
298695,-185.94473274798452
298696,975.5937418042074
298697,762.3800692318287
298698,299.79946260972537
298699,394.95198525422353
298700,261.476005947082
298701,1423.0144804992742
298702,1209.8008079268952
298703,747.220201304792
298704,842.3727239492902
298705,417.0571737852679
298706,1578.5956483374598
298707,1365.3819757650813
298708,902.8013691429778
298709,997.953891787476
298710,-220.00892817082922
298711,941.5295463813628
298712,728.3158738089841
298713,265.7352671868808
298714,360.88778983137894
298715,227.41181052423747
298716,1388.9502850764295
298717,1175.7366125040508
298718,713.1560058819474
298719,808.3085285264456
298720,382.9929783624232
298721,1544.5314529146153
298722,1331.3177803422366
298723,868.7371737201332
298724,963.8896963646314
298725,-211.93559022955287
298726,949.602884322639
298727,736.3892117502604
298728,273.80860512815707
298729,368.96112777265523
298730,235.48514846551382
298731,1397.0236230177059
298732,1183.809950445327
298733,721.2293438232238
298734,816.3818664677219
298735,391.06631630369964
298736,1552.6047908558917
298737,1339.391118283513
298738,876.8105116614095
298739,971.9630343059077
298740,-417.86727855115737
298741,743.6711960010348
298742,530.457523428656
298743,67.8769168065528
298744,163.02943945105096
298745,29.55346014390932
298746,1191.0919346961014
298747,977.8782621237226
298748,515.2976555016194
298749,610.4501781461175
298750,185.13462798209514
298751,1346.6731025342872
298752,1133.4594299619084
298753,670.8788233398052
298754,766.0313459843034
298755,-1042.759623451941
298756,118.77885110025113
298757,-94.43482147212762
298758,-557.0154280942311
298759,-461.8629054497328
298760,-595.3388847568742
298761,566.1995897953178
298762,352.98591722293907
298763,-109.59468939916428
298764,-14.442166754666118
298765,-439.75771691868863
298766,721.7807576335036
298767,508.5670850611248
298768,45.98647843902154
298769,141.1390010835197
298770,463.4042590356178
298771,1624.94273358781
298772,1411.7290610154312
298773,949.1484543933279
298774,1044.300977037826
298775,910.8249977306845
298776,2072.3634722828765
298777,1859.1497997104977
298778,1396.5691930883945
298779,1491.7217157328928
298780,1066.4061655688702
298781,2227.9446401210625
298782,2014.7309675486838
298783,1552.1503609265803
298784,1647.3028835710784
298785,-97.07337927598178
298786,1064.4650952762104
298787,851.2514227038316
298788,388.6708160817283
298789,483.82333872622644
298790,350.3473594190849
298791,1511.885833971277
298792,1298.6721613988982
298793,836.091554776795
298794,931.244077421293
298795,505.92852725727073
298796,1667.4670018094628
298797,1454.253329237084
298798,991.6727226149808
298799,1086.8252452594788
298800,-207.66967969755342
298801,953.8687948546387
298802,740.6551222822599
298803,278.0745156601566
298804,373.22703830465474
298805,239.75105899751327
298806,1401.2895335497053
298807,1188.0758609773266
298808,725.4952543552232
298809,820.6477769997214
298810,395.33222683569903
298811,1556.8707013878911
298812,1343.6570288155121
298813,881.076422193409
298814,976.2289448379072
298815,-199.59634175627707
298816,961.942132795915
298817,748.7284602235361
298818,286.14785360143287
298819,381.30037624593103
298820,247.82439693878956
298821,1409.3628714909814
298822,1196.149198918603
298823,733.5685922964996
298824,828.7211149409976
298825,403.4055647769754
298826,1564.9440393291675
298827,1351.7303667567885
298828,889.1497601346853
298829,984.3022827791835
298830,-405.52803007788157
298831,756.0104444743106
298832,542.7967719019318
298833,80.21616527982849
298834,175.36868792432665
298835,41.89270861718512
298836,1203.4311831693772
298837,990.2175105969984
298838,527.6369039748952
298839,622.7894266193932
298840,197.47387645537106
298841,1359.0123510075632
298842,1145.7986784351842
298843,683.218071813081
298844,778.3705944575792
298845,-1030.420374978665
298846,131.11809957352693
298847,-82.09557299885182
298848,-544.676179620955
298849,-449.5236569764568
298850,-582.9996362835984
298851,578.5388382685935
298852,365.32516569621487
298853,-97.25544092588848
298854,-2.10291828139043
298855,-427.4184684454128
298856,734.1200061067793
298857,520.9063335344006
298858,58.32572691229723
298859,153.4782495567954
298860,475.7435075088937
298861,1637.2819820610857
298862,1424.068309488707
298863,961.4877028666036
298864,1056.6402255111018
298865,923.1642462039603
298866,2084.7027207561523
298867,1871.4890481837735
298868,1408.9084415616703
298869,1504.0609642061684
298870,1078.7454140421462
298871,2240.2838885943384
298872,2027.0702160219594
298873,1564.4896093998561
298874,1659.6421320443542
298875,-84.73413080270598
298876,1076.8043437494862
298877,863.5906711771073
298878,401.010064555004
298879,496.1625871995022
298880,362.6866078923607
298881,1524.2250824445528
298882,1311.011409872174
298883,848.4308032500707
298884,943.5833258945688
298885,518.2677757305464
298886,1679.8062502827386
298887,1466.5925777103598
298888,1004.0119710882565
298889,1099.1644937327546
298890,-358.22881110051685
298891,803.3096634516752
298892,590.0959908792964
298893,127.51538425719309
298894,222.66790690169125
298895,89.19192759454984
298896,1250.7304021467417
298897,1037.5167295743631
298898,574.9361229522597
298899,670.0886455967579
298900,244.77309543273554
298901,1406.3115699849277
298902,1193.097897412549
298903,730.5172907904456
298904,825.6698134349438
298905,-350.1554731592405
298906,811.3830013929514
298907,598.1693288205728
298908,135.58872219846944
298909,230.7412448429676
298910,97.26526553582607
298911,1258.803740088018
298912,1045.5900675156395
298913,583.009460893536
298914,678.1619835380342
298915,252.8464333740119
298916,1414.384907926204
298917,1201.171235353825
298918,738.5906287317218
298919,833.7431513762201
298920,-556.087161480845
298921,605.4513130713472
298922,392.2376404989684
298923,-70.34296612313494
298924,24.80955652136322
298925,-108.66642278577831
298926,1052.8720517664137
298927,839.658379194035
298928,377.0777725719317
298929,472.2302952164298
298930,46.91474505240751
298931,1208.4532196045996
298932,995.2395470322208
298933,532.6589404101176
298934,627.8114630546156
298935,-1180.9795063816284
298936,-19.441031829436497
298937,-232.65470440181525
298938,-695.2353110239185
298939,-600.0827883794202
298940,-733.5587676865619
298941,427.97970686563013
298942,214.76603429325132
298943,-247.8145723288519
298944,-152.66204968435386
298945,-577.9775998483763
298946,583.5608747038159
298947,370.3472021314372
298948,-92.2334044906662
298949,2.9191181538319597
298950,325.1843761059302
298951,1486.7228506581223
298952,1273.5091780857435
298953,810.9285714636401
298954,906.0810941081384
298955,772.6051148009968
298956,1934.1435893531889
298957,1720.9299167808101
298958,1258.3493101587069
298959,1353.501832803205
298960,928.1862826391827
298961,2089.724757191375
298962,1876.511084618996
298963,1413.9304779968925
298964,1509.0830006413908
298965,-235.2932622056694
298966,926.2452123465226
298967,713.0315397741439
298968,250.45093315204053
298969,345.60345579653875
298970,212.12747648939728
298971,1373.6659510415893
298972,1160.4522784692106
298973,697.8716718471072
298974,793.0241944916054
298975,367.7086443275831
298976,1529.2471188797751
298977,1316.0334463073964
298978,853.452839685293
298979,948.6053623297912
298980,-345.8895626272413
298981,815.648911924951
298982,602.4352393525722
298983,139.8546327304689
298984,235.00715537496706
298985,101.53117606782553
298986,1263.0696506200177
298987,1049.855978047639
298988,587.2753714255355
298989,682.4278940700337
298990,257.11234390601135
298991,1418.6508184582035
298992,1205.4371458858247
298993,742.8565392637214
298994,838.0090619082196
298995,-337.8162246859649
298996,823.7222498662272
298997,610.5085772938485
298998,147.92797067174524
298999,243.08049331624335
299000,109.60451400910176
299001,1271.1429885612938
299002,1057.9293159889153
299003,595.3487093668118
299004,690.50123201131
299005,265.1856818472877
299006,1426.7241563994799
299007,1213.510483827101
299008,750.9298772049976
299009,846.0823998494958
299010,-543.7479130075692
299011,617.790561544623
299012,404.5768889722442
299013,-58.00371764985903
299014,37.148804994639136
299015,-96.32717431250262
299016,1065.2113002396895
299017,851.9976276673108
299018,389.4170210452075
299019,484.56954368970565
299020,59.25399352568331
299021,1220.7924680778754
299022,1007.5787955054966
299023,544.9981888833934
299024,640.1507115278915
299025,-1168.6402579083526
299026,-7.101783356160695
299027,-220.31545592853934
299028,-682.8960625506427
299029,-587.7435399061446
299030,-721.219519213286
299031,440.318955338906
299032,227.10528276652724
299033,-235.4753238555761
299034,-140.32280121107794
299035,-565.6383513751005
299036,595.9001231770917
299037,382.686450604713
299038,-79.89415601739029
299039,15.258366627107876
299040,337.52362457920594
299041,1499.062099131398
299042,1285.8484265590193
299043,823.2678199369159
299044,918.4203425814142
299045,784.9443632742725
299046,1946.4828378264647
299047,1733.2691652540857
299048,1270.6885586319827
299049,1365.8410812764807
299050,940.5255311124585
299051,2102.0640056646507
299052,1888.850333092272
299053,1426.2697264701683
299054,1521.4222491146666
299055,-222.9540137323936
299056,938.5844608197984
299057,725.3707882474197
299058,262.79018162531634
299059,357.9427042698145
299060,224.46672496267297
299061,1386.0051995148651
299062,1172.7915269424864
299063,710.210920320383
299064,805.3634429648812
299065,380.0478928008589
299066,1541.586367353051
299067,1328.3726947806722
299068,865.7920881585688
299069,960.944610803067
299070,-333.5503141539655
299071,827.9881603982268
299072,614.7744878258479
299073,152.1938812037447
299074,247.3464038482428
299075,113.87042454110133
299076,1275.4088990932933
299077,1062.1952265209147
299078,599.6146198988113
299079,694.7671425433094
299080,269.4515923792871
299081,1430.9900669314793
299082,1217.7763943591005
299083,755.1957877369972
299084,850.3483103814954
299085,-325.4769762126891
299086,836.061498339503
299087,622.8478257671243
299088,160.26721914502093
299089,255.4197417895191
299090,121.94376248237756
299091,1283.4822370345696
299092,1070.268564462191
299093,607.6879578400876
299094,702.8404804845858
299095,277.52493032056344
299096,1439.0634048727557
299097,1225.8497323003767
299098,763.2691256782734
299099,858.4216483227716
299100,-531.4086645342934
299101,630.1298100178988
299102,416.91613744551995
299103,-45.66446917658334
299104,49.488053467914824
299105,-83.98792583922682
299106,1077.5505487129653
299107,864.3368761405866
299108,401.75626951848324
299109,496.9087921629814
299110,71.593241998959
299111,1233.1317165511512
299112,1019.9180439787724
299113,557.337437356669
299114,652.4899600011672
299115,-1156.301009435077
299116,5.237465117115107
299117,-207.97620745526365
299118,-670.5568140773671
299119,-575.4042914328688
299120,-708.8802707400105
299121,452.6582038121817
299122,239.44453123980293
299123,-223.13607538230042
299124,-127.98355273780226
299125,-553.2991029018247
299126,608.2393716503675
299127,395.0256990779888
299128,-67.5549075441146
299129,27.597615100383564
299130,349.8628730524817
299131,1511.401347604674
299132,1298.1876750322951
299133,835.6070684101917
299134,930.75959105469
299135,797.2836117475483
299136,1958.8220862997405
299137,1745.6084137273617
299138,1283.0278071052585
299139,1378.1803297497565
299140,952.8647795857341
299141,2114.4032541379265
299142,1901.1895815655475
299143,1438.6089749434443
299144,1533.7614975879424
299145,-210.6147652591178
299146,950.9237092930744
299147,737.7100367206955
299148,275.12943009859214
299149,370.2819527430903
299150,236.80597343594877
299151,1398.344447988141
299152,1185.1307754157622
299153,722.5501687936588
299154,817.702691438157
299155,392.38714127413465
299156,1553.9256158263267
299157,1340.711943253948
299158,878.1313366318446
299159,973.2838592763428
299160,-321.21106568068944
299161,840.3274088715026
299162,627.1137362991238
299163,164.5331296770205
299164,259.68565232151866
299165,126.20967301437724
299166,1287.748147566569
299167,1074.5344749941905
299168,611.9538683720871
299169,707.1063910165852
299170,281.79084085256295
299171,1443.329315404755
299172,1230.1156428323764
299173,767.535036210273
299174,862.6875588547712
299175,-313.1377277394131
299176,848.4007468127788
299177,635.1870742404002
299178,172.60646761829685
299179,267.75899026279495
299180,134.28301095565348
299181,1295.8214855078454
299182,1082.6078129354669
299183,620.0272063133634
299184,715.1797289578616
299185,289.8641787938393
299186,1451.4026533460315
299187,1238.1889807736525
299188,775.6083741515492
299189,870.7608967960474
299190,-519.0694160610176
299191,642.4690584911746
299192,429.2553859187958
299193,-33.32522070330754
299194,61.827301941190626
299195,-71.6486773659509
299196,1089.8897971862411
299197,876.6761246138624
299198,414.0955179917591
299199,509.2480406362572
299200,83.93249047223492
299201,1245.470965024427
299202,1032.2572924520482
299203,569.6766858299449
299204,664.829208474443
299205,-1143.9617609618012
299206,17.57671359039091
299207,-195.63695898198785
299208,-658.2175656040913
299209,-563.065042959593
299210,-696.5410222667344
299211,464.99745228545754
299212,251.7837797130788
299213,-210.7968269090245
299214,-115.64430426452645
299215,-540.9598544285489
299216,620.5786201236433
299217,407.36494755126455
299218,-55.2156590708388
299219,39.936863573659366
299220,362.2021215257576
299221,1523.7405960779497
299222,1310.526923505571
299223,847.9463168834675
299224,943.0988395279658
299225,809.6228602208242
299226,1971.1613347730163
299227,1757.9476622006375
299228,1295.3670555785343
299229,1390.5195782230323
299230,965.20402805901
299231,2126.7425026112023
299232,1913.5288300388233
299233,1450.9482234167199
299234,1546.1007460612182
299235,-198.275516785842
299236,963.26295776635
299237,750.0492851939713
299238,287.46867857186794
299239,382.62120121636616
299240,249.14522190922457
299241,1410.6836964614167
299242,1197.470023889038
299243,734.8894172669346
299244,830.0419399114328
299245,404.7263897474104
299246,1566.2648642996026
299247,1353.0511917272238
299248,890.4705851051204
299249,985.6231077496186
299250,-308.87181720741387
299251,852.6666573447783
299252,639.4529847723996
299253,176.8723781502963
299254,272.02490079479446
299255,138.54892148765293
299256,1300.0873960398449
299257,1086.8737234674663
299258,624.2931168453629
299259,719.445639489861
299260,294.13008932583875
299261,1455.668563878031
299262,1242.4548913056522
299263,779.8742846835488
299264,875.026807328047
299265,-300.7984792661375
299266,860.7399952860546
299267,647.5263227136759
299268,184.94571609157254
299269,280.09823873607075
299270,146.62225942892917
299271,1308.1607339811212
299272,1094.9470614087427
299273,632.3664547866392
299274,727.5189774311374
299275,302.2034272671151
299276,1463.7419018193073
299277,1250.5282292469285
299278,787.947622624825
299279,883.1001452693232
299280,-506.7301675877418
299281,654.8083069644504
299282,441.5946343920716
299283,-20.98597223003162
299284,74.16655041446643
299285,-59.309428892675214
299286,1102.229045659517
299287,889.0153730871382
299288,426.4347664650349
299289,521.587289109533
299290,96.27173894551072
299291,1257.8102134977028
299292,1044.596540925324
299293,582.0159343032208
299294,677.1684569477188
299295,-1131.6225124885252
299296,29.91596206366671
299297,-183.29771050871204
299298,-645.8783171308153
299299,-550.7257944863172
299300,-684.2017737934586
299301,477.3367007587334
299302,264.12302818635465
299303,-198.4575784357487
299304,-103.30505579125054
299305,-528.620605955273
299306,632.9178685969191
299307,419.7041960245404
299308,-42.87641059756288
299309,52.27611204693517
299310,374.54136999903335
299311,1536.0798445512255
299312,1322.8661719788465
299313,860.2855653567433
299314,955.4380880012415
299315,821.9621086940999
299316,1983.500583246292
299317,1770.286910673913
299318,1307.7063040518099
299319,1402.858826696308
299320,977.5432765322859
299321,2139.081751084478
299322,1925.8680785120991
299323,1463.2874718899957
299324,1558.439994534494
299325,-185.9362683125662
299326,975.6022062396258
299327,762.3885336672471
299328,299.80792704514374
299329,394.9604496896419
299330,261.48447038250043
299331,1423.0229449346925
299332,1209.8092723623138
299333,747.2286657402104
299334,842.3811883847086
299335,417.0656382206863
299336,1578.6041127728784
299337,1365.3904402004996
299338,902.8098335783963
299339,997.9623562228944
299340,-220.0004637354109
299341,941.5380108167813
299342,728.3243382444025
299343,265.7437316222992
299344,360.89625426679737
299345,227.42027495965579
299346,1388.9587495118478
299347,1175.745076939469
299348,713.1644703173658
299349,808.316992961864
299350,383.00144279784155
299351,1544.5399173500336
299352,1331.3262447776551
299353,868.7456381555517
299354,963.8981608000497
299355,-211.92712579413433
299356,949.6113487580576
299357,736.3976761856788
299358,273.8170695635755
299359,368.96959220807366
299360,235.49361290093213
299361,1397.0320874531242
299362,1183.8184148807454
299363,721.2378082586421
299364,816.3903309031402
299365,391.074780739118
299366,1552.61325529131
299367,1339.3995827189315
299368,876.8189760968279
299369,971.9714987413261
299370,-417.85881411573905
299371,743.6796604364532
299372,530.4659878640744
299373,67.88538124197112
299374,163.03790388646928
299375,29.56192457932775
299376,1191.10039913152
299377,977.886726559141
299378,515.3061199370377
299379,610.458642581536
299380,185.14309241751357
299381,1346.6815669697057
299382,1133.467894397327
299383,670.8872877752235
299384,766.0398104197218
299385,-1042.7511590165225
299386,118.78731553566956
299387,-94.42635703670908
299388,-557.0069636588125
299389,-461.85444101431426
299390,-595.3304203214559
299391,566.2080542307361
299392,352.99438165835744
299393,-109.58622496374585
299394,-14.433702319247686
299395,-439.7492524832701
299396,721.789222068922
299397,508.5755494965432
299398,45.99494287443986
299399,141.14746551893813
299400,463.41272347103626
299401,1624.9511980232282
299402,1411.7375254508497
299403,949.1569188287463
299404,1044.3094414732445
299405,910.8334621661029
299406,2072.371936718295
299407,1859.158264145916
299408,1396.5776575238128
299409,1491.730180168311
299410,1066.4146300042887
299411,2227.953104556481
299412,2014.739431984102
299413,1552.1588253619987
299414,1647.311348006497
299415,-97.06491484056323
299416,1064.4735597116287
299417,851.2598871392499
299418,388.6792805171467
299419,483.83180316164487
299420,350.35582385450334
299421,1511.8942984066953
299422,1298.6806258343167
299423,836.1000192122133
299424,931.2525418567114
299425,505.9369916926891
299426,1667.475466244881
299427,1454.2617936725026
299428,991.6811870503991
299429,1086.8337096948972
299430,-207.661215262135
299431,953.877259290057
299432,740.6635867176783
299433,278.082980095575
299434,373.2355027400732
299435,239.7595234329317
299436,1401.2979979851236
299437,1188.0843254127449
299438,725.5037187906416
299439,820.6562414351397
299440,395.3406912711174
299441,1556.8791658233094
299442,1343.6654932509307
299443,881.0848866288275
299444,976.2374092733255
299445,-199.58787732085864
299446,961.9505972313334
299447,748.7369246589545
299448,286.1563180368513
299449,381.30884068134947
299450,247.83286137420794
299451,1409.3713359264
299452,1196.1576633540212
299453,733.5770567319179
299454,828.729579376416
299455,403.41402921239376
299456,1564.9525037645858
299457,1351.738831192207
299458,889.1582245701037
299459,984.3107472146019
299460,-405.519565642463
299461,756.018908909729
299462,542.8052363373502
299463,80.22462971524692
299464,175.37715235974508
299465,41.90117305260355
299466,1203.4396476047955
299467,990.2259750324168
299468,527.6453684103135
299469,622.7978910548117
299470,197.48234089078937
299471,1359.0208154429815
299472,1145.8071428706025
299473,683.2265362484993
299474,778.3790588929975
299475,-1030.4119105432467
299476,131.12656400894537
299477,-82.08710856343339
299478,-544.6677151855367
299479,-449.51519254103846
299480,-582.9911718481801
299481,578.5473027040119
299482,365.3336301316332
299483,-97.24697649047016
299484,-2.094453845971998
299485,-427.4100040099943
299486,734.1284705421978
299487,520.9147979698191
299488,58.33419134771566
299489,153.48671399221382
299490,475.7519719443121
299491,1637.290446496504
299492,1424.0767739241253
299493,961.4961673020221
299494,1056.6486899465203
299495,923.1727106393787
299496,2084.7111851915706
299497,1871.4975126191919
299498,1408.9169059970886
299499,1504.069428641587
299500,1078.7538784775645
299501,2240.2923530297567
299502,2027.078680457378
299503,1564.4980738352745
299504,1659.6505964797725
299505,-84.72566636728754
299506,1076.8128081849045
299507,863.5991356125257
299508,401.01852899042245
299509,496.1710516349206
299510,362.6950723277791
299511,1524.233546879971
299512,1311.0198743075923
299513,848.4392676854891
299514,943.5917903299872
299515,518.2762401659649
299516,1679.814714718157
299517,1466.6010421457781
299518,1004.0204355236749
299519,1099.172958168173
299520,-358.22034666509853
299521,803.3181278870935
299522,590.1044553147149
299523,127.52384869261152
299524,222.67637133710969
299525,89.20039202996827
299526,1250.7388665821602
299527,1037.5251940097814
299528,574.9445873876781
299529,670.0971100321763
299530,244.78155986815398
299531,1406.320034420346
299532,1193.1063618479673
299533,730.525755225864
299534,825.6782778703622
299535,-350.1470087238222
299536,811.3914658283699
299537,598.1777932559912
299538,135.59718663388776
299539,230.74970927838604
299540,97.27372997124439
299541,1258.8122045234365
299542,1045.5985319510578
299543,583.0179253289544
299544,678.1704479734526
299545,252.85489780943033
299546,1414.3933723616224
299547,1201.1796997892436
299548,738.5990931671403
299549,833.7516158116384
299550,-556.0786970454265
299551,605.4597775067655
299552,392.24610493438684
299553,-70.33450168771651
299554,24.818020956781652
299555,-108.65795835035988
299556,1052.880516201832
299557,839.6668436294534
299558,377.08623700735006
299559,472.2387596518482
299560,46.92320948782594
299561,1208.461684040018
299562,995.2480114676392
299563,532.6674048455359
299564,627.819927490034
299565,-1180.97104194621
299566,-19.43256739401818
299567,-232.64623996639682
299568,-695.2268465885002
299569,-600.0743239440019
299570,-733.5503032511435
299571,427.98817130104857
299572,214.77449872866987
299573,-247.80610789343348
299574,-152.65358524893531
299575,-577.9691354129577
299576,583.5693391392343
299577,370.35566656685563
299578,-92.22494005524777
299579,2.9275825892503917
299580,325.19284054134863
299581,1486.7313150935406
299582,1273.5176425211619
299583,810.9370358990586
299584,906.0895585435567
299585,772.6135792364153
299586,1934.1520537886072
299587,1720.9383812162284
299588,1258.3577745941252
299589,1353.5102972386233
299590,928.1947470746011
299591,2089.7332216267932
299592,1876.5195490544145
299593,1413.938942432311
299594,1509.091465076809
299595,-235.28479777025086
299596,926.2536767819411
299597,713.0400042095623
299598,250.45939758745897
299599,345.6119202319572
299600,212.1359409248157
299601,1373.6744154770076
299602,1160.460742904629
299603,697.8801362825257
299604,793.0326589270237
299605,367.71710876300153
299606,1529.2555833151937
299607,1316.0419107428147
299608,853.4613041207115
299609,948.6138267652096
299610,-345.88109819182273
299611,815.6573763603694
299612,602.4437037879907
299613,139.86309716588732
299614,235.0156198103855
299615,101.53964050324396
299616,1263.078115055436
299617,1049.8644424830572
299618,587.2838358609539
299619,682.4363585054521
299620,257.1208083414297
299621,1418.6592828936218
299622,1205.445610321243
299623,742.8650036991398
299624,838.0175263436379
299625,-337.8077602505464
299626,823.7307143016457
299627,610.517041729267
299628,147.93643510716356
299629,243.08895775166178
299630,109.6129784445202
299631,1271.1514529967121
299632,1057.9377804243336
299633,595.3571738022302
299634,690.5096964467284
299635,265.1941462827061
299636,1426.7326208348982
299637,1213.5189482625194
299638,750.9383416404161
299639,846.0908642849142
299640,-543.7394485721509
299641,617.7990259800413
299642,404.5853534076625
299643,-57.99525321444071
299644,37.157269430057454
299645,-96.31870987708419
299646,1065.2197646751079
299647,852.0060921027292
299648,389.42548548062587
299649,484.57800812512403
299650,59.262457961101745
299651,1220.8009325132937
299652,1007.5872599409151
299653,545.0066533188117
299654,640.1591759633098
299655,-1168.6317934729343
299656,-7.093318920742263
299657,-220.30699149312102
299658,-682.8875981152244
299659,-587.7350754707263
299660,-721.2110547778677
299661,440.3274197743243
299662,227.11374720194567
299663,-235.46685942015768
299664,-140.3143367756595
299665,-565.6298869396819
299666,595.90858761251
299667,382.6949150401314
299668,-79.88569158197197
299669,15.266831062526308
299670,337.5320890146244
299671,1499.0705635668164
299672,1285.856890994438
299673,823.2762843723344
299674,918.4288070168326
299675,784.952827709691
299676,1946.491302261883
299677,1733.2776296895042
299678,1270.697023067401
299679,1365.8495457118993
299680,940.5339955478769
299681,2102.072470100069
299682,1888.8587975276903
299683,1426.2781909055868
299684,1521.430713550085
299685,-222.94554929697517
299686,938.5929252552169
299687,725.3792526828381
299688,262.79864606073477
299689,357.95116870523293
299690,224.4751893980914
299691,1386.0136639502834
299692,1172.7999913779047
299693,710.2193847558015
299694,805.3719074002995
299695,380.0563572362773
299696,1541.5948317884693
299697,1328.3811592160905
299698,865.8005525939873
299699,960.9530752384853
299700,-333.5418497185469
299701,827.9966248336451
299702,614.7829522612665
299703,152.20234563916313
299704,247.35486828366123
299705,113.87888897651976
299706,1275.4173635287118
299707,1062.203690956333
299708,599.6230843342297
299709,694.7756069787279
299710,269.46005681470547
299711,1430.9985313668976
299712,1217.7848587945189
299713,755.2042521724156
299714,850.3567748169137
299715,-325.4685117772706
299716,836.0699627749215
299717,622.8562902025427
299718,160.27568358043936
299719,255.42820622493753
299720,121.952226917796
299721,1283.4907014699882
299722,1070.2770288976094
299723,607.696422275506
299724,702.8489449200042
299725,277.5333947559818
299726,1439.071869308174
299727,1225.8581967357952
299728,763.2775901136919
299729,858.43011275819
299730,-531.4002000988751
299731,630.1382744533171
299732,416.9246018809384
299733,-45.65600474116491
299734,49.496517903333256
299735,-83.97946140380839
299736,1077.5590131483837
299737,864.345340576005
299738,401.76473395390167
299739,496.91725659839983
299740,71.60170643437743
299741,1233.1401809865697
299742,1019.9265084141908
299743,557.3459017920875
299744,652.4984244365857
299745,-1156.2925449996587
299746,5.245929552533539
299747,-207.96774301984522
299748,-670.5483496419488
299749,-575.3958269974505
299750,-708.8718063045919
299751,452.6666682476001
299752,239.45299567522136
299753,-223.127610946882
299754,-127.97508830238382
299755,-553.2906384664063
299756,608.2478360857859
299757,395.0341635134072
299758,-67.54644310869617
299759,27.606079535801996
299760,349.8713374879001
299761,1511.4098120400922
299762,1298.1961394677135
299763,835.6155328456102
299764,930.7680554901083
299765,797.2920761829668
299766,1958.8305507351588
299767,1745.6168781627803
299768,1283.0362715406768
299769,1378.188794185175
299770,952.8732440211526
299771,2114.411718573345
299772,1901.198046000966
299773,1438.6174393788626
299774,1533.7699620233607
299775,-210.60630082369948
299776,950.9321737284927
299777,737.7185011561139
299778,275.13789453401057
299779,370.29041717850873
299780,236.8144378713672
299781,1398.3529124235592
299782,1185.1392398511805
299783,722.5586332290773
299784,817.7111558735753
299785,392.395605709553
299786,1553.9340802617453
299787,1340.7204076893663
299788,878.1398010672631
299789,973.2923237117612
299790,-321.2026012452711
299791,840.335873306921
299792,627.1222007345423
299793,164.54159411243893
299794,259.6941167569371
299795,126.21813744979568
299796,1287.7566120019876
299797,1074.5429394296089
299798,611.9623328075055
299799,707.1148554520037
299800,281.7993052879814
299801,1443.3377798401734
299802,1230.1241072677947
299803,767.5435006456914
299804,862.6960232901895
299805,-313.1292633039948
299806,848.4092112481973
299807,635.1955386758186
299808,172.61493205371517
299809,267.7674546982134
299810,134.2914753910718
299811,1295.829949943264
299812,1082.6162773708852
299813,620.0356707487819
299814,715.18819339328
299815,289.87264322925773
299816,1451.4111177814498
299817,1238.197445209071
299818,775.6168385869677
299819,870.7693612314658
299820,-519.060951625599
299821,642.477522926593
299822,429.26385035421424
299823,-33.316756267889104
299824,61.83576637660906
299825,-71.64021293053247
299826,1089.8982616216595
299827,876.6845890492808
299828,414.10398242717747
299829,509.25650507167563
299830,83.94095490765335
299831,1245.4794294598455
299832,1032.2657568874665
299833,569.6851502653633
299834,664.8376729098615
299835,-1143.9532965263827
299836,17.58517802580934
299837,-195.6284945465694
299838,-658.2091011686728
299839,-563.0565785241745
299840,-696.5325578313161
299841,465.005916720876
299842,251.79224414849722
299843,-210.78836247360607
299844,-115.63583982910802
299845,-540.9513899931303
299846,620.5870845590617
299847,407.373411986683
299848,-55.207194635420365
299849,39.9453280090778
299850,362.21058596117604
299851,1523.749060513368
299852,1310.5353879409893
299853,847.954781318886
299854,943.1073039633841
299855,809.6313246562427
299856,1971.1697992084346
299857,1757.9561266360558
299858,1295.3755200139526
299859,1390.5280426584507
299860,965.2124924944285
299861,2126.7509670466206
299862,1913.537294474242
299863,1450.9566878521384
299864,1546.1092104966365
299865,-198.26705235042368
299866,963.2714222017685
299867,750.0577496293897
299868,287.4771430072864
299869,382.6296656517846
299870,249.153686344643
299871,1410.692160896835
299872,1197.4784883244563
299873,734.8978817023531
299874,830.0504043468511
299875,404.7348541828288
299876,1566.273328735021
299877,1353.059656162642
299878,890.4790495405389
299879,985.631572185037
299880,-308.8633527719953
299881,852.6751217801968
299882,639.4614492078181
299883,176.88084258571473
299884,272.0333652302129
299885,138.55738592307137
299886,1300.0958604752632
299887,1086.8821879028847
299888,624.3015812807813
299889,719.4541039252795
299890,294.1385537612571
299891,1455.6770283134492
299892,1242.4633557410705
299893,779.8827491189672
299894,875.0352717634653
299895,-300.790014830719
299896,860.7484597214731
299897,647.5347871490943
299898,184.95418052699097
299899,280.1067031714892
299900,146.6307238643476
299901,1308.1691984165395
299902,1094.955525844161
299903,632.3749192220577
299904,727.5274418665558
299905,302.2118917025335
299906,1463.7503662547256
299907,1250.5366936823468
299908,787.9560870602435
299909,883.1086097047416
299910,-506.72170315232347
299911,654.8167713998687
299912,441.60309882748993
299913,-20.977507794613302
299914,74.17501484988475
299915,-59.30096445725678
299916,1102.2375100949353
299917,889.0238375225566
299918,426.4432309004533
299919,521.5957535449514
299920,96.28020338092915
299921,1257.818677933121
299922,1044.6050053607426
299923,582.0243987386391
299924,677.1769213831373
299925,-1131.614048053107
299926,29.92442649908503
299927,-183.28924607329373
299928,-645.869852695397
299929,-550.7173300508989
299930,-684.1933093580403
299931,477.3451651941517
299932,264.1314926217731
299933,-198.44911400033027
299934,-103.2965913558321
299935,-528.6121415198545
299936,632.9263330323374
299937,419.7126604599588
299938,-42.86794616214456
299939,52.284576482353714
299940,374.5498344344518
299941,1536.0883089866438
299942,1322.874636414265
299943,860.2940297921617
299944,955.4465524366599
299945,821.9705731295184
299946,1983.5090476817104
299947,1770.2953751093316
299948,1307.7147684872284
299949,1402.8672911317265
299950,977.5517409677043
299951,2139.0902155198964
299952,1925.8765429475175
299953,1463.2959363254142
299954,1558.4484589699123
299955,-185.92780387714777
299956,975.6106706750443
299957,762.3969981026655
299958,299.8163914805622
299959,394.96891412506034
299960,261.4929348179188
299961,1423.0314093701109
299962,1209.817736797732
299963,747.2371301756289
299964,842.3896528201269
299965,417.0741026561047
299966,1578.6125772082967
299967,1365.398904635918
299968,902.8182980138147
299969,997.9708206583127
299970,-219.99199929999247
299971,941.5464752521996
299972,728.3328026798208
299973,265.7521960577176
299974,360.90471870221575
299975,227.42873939507422
299976,1388.9672139472664
299977,1175.7535413748874
299978,713.1729347527842
299979,808.3254573972823
299980,383.00990723326
299981,1544.548381785452
299982,1331.3347092130734
299983,868.75410259097
299984,963.9066252354683
299985,-211.918661358716
299986,949.6198131934759
299987,736.4061406210972
299988,273.8255339989939
299989,368.97805664349204
299990,235.50207733635057
299991,1397.0405518885427
299992,1183.8268793161637
299993,721.2462726940605
299994,816.3987953385587
299995,391.08324517453644
299996,1552.6217197267283
299997,1339.4080471543498
299998,876.8274405322463
299999,971.9799631767445
300000,-417.8503496803205
300001,743.6881248718717
300002,530.4744522994928
300003,67.89384567738944
300004,163.0463683218877
300005,29.57038901474607
300006,1191.1088635669382
300007,977.8951909945595
300008,515.3145843724562
300009,610.4671070169543
300010,185.1515568529319
300011,1346.690031405124
300012,1133.4763588327453
300013,670.895752210642
300014,766.0482748551401
300015,-1042.7426945811042
300016,118.795779971088
300017,-94.41789260129076
300018,-556.9984992233942
300019,-461.84597657889594
300020,-595.3219558860376
300021,566.2165186661546
300022,353.0028460937759
300023,-109.57776052832753
300024,-14.425237883829368
300025,-439.74078804785177
300026,721.7976865043404
300027,508.58401393196164
300028,46.003407309858176
300029,141.15592995435645
300030,463.42118790645463
300031,1624.9596624586468
300032,1411.745989886268
300033,949.1653832641647
300034,1044.3179059086629
300035,910.8419266015212
300036,2072.380401153713
300037,1859.1667285813346
300038,1396.5861219592311
300039,1491.7386446037294
300040,1066.423094439707
300041,2227.961568991899
300042,2014.7478964195204
300043,1552.1672897974172
300044,1647.3198124419152
300045,-97.05645040514491
300046,1064.482024147047
300047,851.2683515746684
300048,388.6877449525651
300049,483.84026759706325
300050,350.3642882899217
300051,1511.9027628421138
300052,1298.689090269735
300053,836.1084836476317
300054,931.2610062921299
300055,505.94545612810754
300056,1667.4839306802996
300057,1454.2702581079209
300058,991.6896514858175
300059,1086.8421741303157
300060,-207.65275082671656
300061,953.8857237254755
300062,740.6720511530967
300063,278.09144453099344
300064,373.2439671754916
300065,239.76798786835013
300066,1401.3064624205422
300067,1188.0927898481632
300068,725.51218322606
300069,820.6647058705581
300070,395.34915570653584
300071,1556.8876302587278
300072,1343.6739576863492
300073,881.0933510642458
300074,976.2458737087439
300075,-199.5794128854402
300076,961.9590616667517
300077,748.745389094373
300078,286.16478247226974
300079,381.3173051167679
300080,247.84132580962637
300081,1409.3798003618185
300082,1196.1661277894395
300083,733.5855211673363
300084,828.7380438118345
300085,403.4224936478122
300086,1564.9609682000041
300087,1351.7472956276256
300088,889.1666890055221
300089,984.3192116500203
300090,-405.5111012070445
300091,756.0273733451475
300092,542.8137007727687
300093,80.23309415066535
300094,175.38561679516351
300095,41.909637488021986
300096,1203.448112040214
300097,990.2344394678353
300098,527.6538328457319
300099,622.8063554902301
300100,197.4908053262078
300101,1359.0292798783998
300102,1145.815607306021
300103,683.2350006839177
300104,778.3875233284159
300105,-1030.4034461078284
300106,131.1350284443638
300107,-82.07864412801496
300108,-544.6592507501184
300109,-449.50672810562014
300110,-582.9827074127618
300111,578.5557671394304
300112,365.3420945670516
300113,-97.23851205505161
300114,-2.085989410553566
300115,-427.40153957457574
300116,734.1369349776162
300117,520.9232624052374
300118,58.34265578313409
300119,153.49517842763225
300120,475.76043637973055
300121,1637.2989109319226
300122,1424.0852383595438
300123,961.5046317374405
300124,1056.6571543819387
300125,923.1811750747971
300126,2084.719649626989
300127,1871.5059770546104
300128,1408.925370432507
300129,1504.0778930770052
300130,1078.762342912983
300131,2240.300817465175
300132,2027.0871448927962
300133,1564.506538270693
300134,1659.659060915191
300135,-84.71720193186911
300136,1076.8212726203228
300137,863.6076000479442
300138,401.0269934258409
300139,496.17951607033905
300140,362.7035367631975
300141,1524.2420113153896
300142,1311.0283387430109
300143,848.4477321209075
300144,943.6002547654057
300145,518.2847046013833
300146,1679.8231791535754
300147,1466.6095065811967
300148,1004.0288999590932
300149,1099.1814226035915
300150,-358.21188222968
300151,803.3265923225119
300152,590.1129197501332
300153,127.53231312802995
300154,222.68483577252812
300155,89.20885646538659
300156,1250.7473310175785
300157,1037.5336584451998
300158,574.9530518230965
300159,670.1055744675947
300160,244.7900243035724
300161,1406.3284988557643
300162,1193.1148262833858
300163,730.5342196612823
300164,825.6867423057805
300165,-350.13854428840364
300166,811.3999302637883
300167,598.1862576914095
300168,135.6056510693062
300169,230.75817371380435
300170,97.28219440666282
300171,1258.8206689588549
300172,1045.606996386476
300173,583.0263897643729
300174,678.178912408871
300175,252.86336224484876
300176,1414.4018367970407
300177,1201.1881642246622
300178,738.6075576025587
300179,833.7600802470569
300180,-556.0702326100079
300181,605.4682419421839
300182,392.25456936980527
300183,-70.32603725229808
300184,24.826485392200084
300185,-108.64949391494156
300186,1052.8889806372506
300187,839.6753080648718
300188,377.0947014427685
300189,472.24722408726666
300190,46.931673923244375
300191,1208.4701484754364
300192,995.2564759030577
300193,532.6758692809543
300194,627.8283919254525
300195,-1180.9625775107918
300196,-19.424102958599747
300197,-232.6377755309785
300198,-695.2183821530818
300199,-600.0658595085836
300200,-733.5418388157252
300201,427.9966357364669
300202,214.7829631640882
300203,-247.79764345801505
300204,-152.645120813517
300205,-577.9606709775392
300206,583.5778035746526
300207,370.364131002274
300208,-92.21647561982934
300209,2.9360470246688237
300210,325.201304976767
300211,1486.739779528959
300212,1273.5261069565804
300213,810.945500334477
300214,906.0980229789751
300215,772.6220436718336
300216,1934.1605182240255
300217,1720.946845651647
300218,1258.3662390295435
300219,1353.5187616740418
300220,928.2032115100195
300221,2089.7416860622116
300222,1876.5280134898328
300223,1413.9474068677296
300224,1509.0999295122276
300225,-235.27633333483254
300226,926.2621412173594
300227,713.0484686449807
300228,250.4678620228774
300229,345.62038466737556
300230,212.14440536023403
300231,1373.682879912426
300232,1160.4692073400474
300233,697.888600717944
300234,793.0411233624421
300235,367.72557319841997
300236,1529.264047750612
300237,1316.050375178233
300238,853.4697685561298
300239,948.6222912006281
300240,-345.8726337564044
300241,815.6658407957877
300242,602.452168223409
300243,139.87156160130576
300244,235.0240842458038
300245,101.54810493866239
300246,1263.0865794908543
300247,1049.8729069184756
300248,587.2923002963723
300249,682.4448229408705
300250,257.1292727768481
300251,1418.6677473290401
300252,1205.4540747566616
300253,742.8734681345582
300254,838.0259907790563
300255,-337.79929581512806
300256,823.7391787370641
300257,610.5255061646853
300258,147.944899542582
300259,243.09742218708016
300260,109.62144287993863
300261,1271.1599174321307
300262,1057.946244859752
300263,595.3656382376487
300264,690.5181608821468
300265,265.20261071812445
300266,1426.7410852703165
300267,1213.527412697938
300268,750.9468060758345
300269,846.0993287203327
300270,-543.7309841367323
300271,617.8074904154597
300272,404.59381784308096
300273,-57.98678877902239
300274,37.165733865475886
300275,-96.31024544166576
300276,1065.2282291105264
300277,852.0145565381476
300278,389.4339499160443
300279,484.58647256054246
300280,59.270922396520064
300281,1220.8093969487122
300282,1007.5957243763335
300283,545.0151177542301
300284,640.1676403987283
300285,-1168.623329037516
300286,-7.084854485323831
300287,-220.2985270577026
300288,-682.879133679806
300289,-587.726611035308
300290,-721.2025903424494
300291,440.33588420974274
300292,227.122211637364
300293,-235.45839498473936
300294,-140.3058723402412
300295,-565.6214225042636
300296,595.9170520479286
300297,382.7033794755498
300298,-79.87722714655365
300299,15.275295497944626
300300,337.54055345004275
300301,1499.0790280022347
300302,1285.8653554298562
300303,823.2847488077527
300304,918.437271452251
300305,784.9612921451094
300306,1946.4997666973013
300307,1733.2860941249228
300308,1270.7054875028193
300309,1365.8580101473176
300310,940.5424599832952
300311,2102.0809345354874
300312,1888.8672619631086
300313,1426.2866553410054
300314,1521.4391779855034
300315,-222.93708486155674
300316,938.6013896906352
300317,725.3877171182565
300318,262.80711049615314
300319,357.9596331406513
300320,224.48365383350983
300321,1386.0221283857018
300322,1172.8084558133232
300323,710.2278491912198
300324,805.3803718357179
300325,380.06482167169565
300326,1541.6032962238878
300327,1328.389623651509
300328,865.8090170294056
300329,960.9615396739039
300330,-333.5333852831286
300331,828.0050892690635
300332,614.7914166966848
300333,152.21081007458156
300334,247.36333271907966
300335,113.8873534119382
300336,1275.4258279641303
300337,1062.2121553917514
300338,599.6315487696481
300339,694.7840714141463
300340,269.4685212501239
300341,1431.006995802316
300342,1217.7933232299374
300343,755.212716607834
300344,850.3652392523321
300345,-325.46004734185226
300346,836.0784272103399
300347,622.8647546379611
300348,160.2841480158578
300349,255.43667066035596
300350,121.96069135321432
300351,1283.4991659054065
300352,1070.2854933330277
300353,607.7048867109245
300354,702.8574093554225
300355,277.54185919140025
300356,1439.0803337435923
300357,1225.8666611712138
300358,763.2860545491103
300359,858.4385771936085
300360,-531.3917356634565
300361,630.1467388887355
300362,416.9330663163568
300363,-45.647540305746475
300364,49.50498233875169
300365,-83.97099696838995
300366,1077.5674775838022
300367,864.3538050114234
300368,401.7731983893201
300369,496.9257210338182
300370,71.61017086979587
300371,1233.148645421988
300372,1019.9349728496093
300373,557.3543662275059
300374,652.5068888720041
300375,-1156.2840805642402
300376,5.254393987951971
300377,-207.95927858442678
300378,-670.5398852065302
300379,-575.387362562032
300380,-708.8633418691736
300381,452.67513268301855
300382,239.4614601106398
300383,-223.11914651146355
300384,-127.96662386696539
300385,-553.2821740309878
300386,608.2563005212044
300387,395.0426279488256
300388,-67.53797867327773
300389,27.614543971220428
300390,349.87980192331855
300391,1511.4182764755105
300392,1298.204603903132
300393,835.6239972810286
300394,930.7765199255268
300395,797.3005406183852
300396,1958.8390151705773
300397,1745.6253425981986
300398,1283.0447359760951
300399,1378.1972586205934
300400,952.881708456571
300401,2114.420183008763
300402,1901.2065104363844
300403,1438.6259038142812
300404,1533.7784264587792
300405,-210.59783638828094
300406,950.9406381639111
300407,737.7269655915323
300408,275.146358969429
300409,370.29888161392716
300410,236.82290230678564
300411,1398.3613768589776
300412,1185.147704286599
300413,722.5670976644956
300414,817.7196203089937
300415,392.40407014497146
300416,1553.9425446971636
300417,1340.7288721247849
300418,878.1482655026814
300419,973.3007881471797
300420,-321.1941368098526
300421,840.3443377423393
300422,627.1306651699606
300423,164.55005854785736
300424,259.70258119235547
300425,126.226601885214
300426,1287.765076437406
300427,1074.5514038650272
300428,611.9707972429239
300429,707.1233198874221
300430,281.8077697233998
300431,1443.3462442755917
300432,1230.1325717032132
300433,767.5519650811098
300434,862.7044877256079
300435,-313.12079886857623
300436,848.4176756836157
300437,635.204003111237
300438,172.6233964891336
300439,267.77591913363176
300440,134.29993982649023
300441,1295.8384143786823
300442,1082.6247418063035
300443,620.0441351842003
300444,715.1966578286983
300445,289.88110766467616
300446,1451.419582216868
300447,1238.2059096444893
300448,775.6253030223861
300449,870.7778256668843
300450,-519.0524871901805
300451,642.4859873620113
300452,429.2723147896327
300453,-33.30829183247067
300454,61.84423081202749
300455,-71.63174849511415
300456,1089.906726057078
300457,876.6930534846992
300458,414.1124468625959
300459,509.26496950709407
300460,83.94941934307178
300461,1245.4878938952638
300462,1032.274221322885
300463,569.6936147007817
300464,664.8461373452799
300465,-1143.9448320909644
300466,17.59364246122766
300467,-195.6200301111511
300468,-658.2006367332544
300469,-563.0481140887562
300470,-696.5240933958978
300471,465.0143811562943
300472,251.80070858391565
300473,-210.77989803818764
300474,-115.62737539368959
300475,-540.9429255577118
300476,620.59554899448
300477,407.3818764221014
300478,-55.19873020000193
300479,39.95379244449623
300480,362.2190503965944
300481,1523.7575249487863
300482,1310.5438523764078
300483,847.9632457543044
300484,943.1157683988025
300485,809.639789091661
300486,1971.178263643853
300487,1757.9645910714744
300488,1295.383984449371
300489,1390.5365070938692
300490,965.2209569298469
300491,2126.759431482039
300492,1913.5457589096602
300493,1450.965152287557
300494,1546.117674932055
300495,-198.25858791500525
300496,963.2798866371868
300497,750.0662140648082
300498,287.4856074427048
300499,382.63813008720297
300500,249.16215078006144
300501,1410.7006253322534
300502,1197.4869527598748
300503,734.9063461377714
300504,830.0588687822695
300505,404.74331861824726
300506,1566.2817931704394
300507,1353.0681205980604
300508,890.4875139759572
300509,985.6400366204555
300510,-308.854888336577
300511,852.6835862156152
300512,639.4699136432364
300513,176.88930702113316
300514,272.0418296656312
300515,138.5658503584898
300516,1300.1043249106817
300517,1086.890652338303
300518,624.3100457161997
300519,719.4625683606979
300520,294.1470181966755
300521,1455.6854927488675
300522,1242.471820176489
300523,779.8912135543856
300524,875.0437361988837
300525,-300.78155039530066
300526,860.7569241568915
300527,647.5432515845127
300528,184.9626449624094
300529,280.11516760690756
300530,146.63918829976603
300531,1308.177662851958
300532,1094.9639902795793
300533,632.3833836574761
300534,727.5359063019741
300535,302.22035613795185
300536,1463.758830690144
300537,1250.5451581177654
300538,787.9645514956619
300539,883.11707414016
300540,-506.7132387169049
300541,654.8252358352871
300542,441.61156326290836
300543,-20.969043359194984
300544,74.18347928530329
300545,-59.29250002183835
300546,1102.2459745303536
300547,889.032301957975
300548,426.4516953358717
300549,521.6042179803699
300550,96.28866781634747
300551,1257.8271423685396
300552,1044.6134697961609
300553,582.0328631740575
300554,677.1853858185557
300555,-1131.6055836176886
300556,29.932890934503575
300557,-183.28078163787518
300558,-645.8613882599784
300559,-550.7088656154804
300560,-684.184844922622
300561,477.35362962957015
300562,264.1399570571914
300563,-198.44064956491195
300564,-103.28812692041379
300565,-528.6036770844362
300566,632.934797467756
300567,419.7211248953772
300568,-42.859481726726244
300569,52.29304091777203
300570,374.55829886987016
300571,1536.0967734220621
300572,1322.8831008496834
300573,860.3024942275802
300574,955.4550168720782
300575,821.9790375649368
300576,1983.5175121171287
300577,1770.3038395447502
300578,1307.7232329226467
300579,1402.875755567145
300580,977.5602054031226
300581,2139.0986799553148
300582,1925.885007382936
300583,1463.3044007608326
300584,1558.4569234053306
300585,-185.91933944172933
300586,975.6191351104626
300587,762.4054625380838
300588,299.82485591598055
300589,394.9773785604787
300590,261.50139925333724
300591,1423.0398738055292
300592,1209.8262012331506
300593,747.2455946110472
300594,842.3981172555453
300595,417.08256709152306
300596,1578.6210416437152
300597,1365.4073690713365
300598,902.826762449233
300599,997.9792850937313
300600,-219.98353486457404
300601,941.5549396876181
300602,728.3412671152394
300603,265.760660493136
300604,360.9131831376342
300605,227.43720383049265
300606,1388.9756783826847
300607,1175.762005810306
300608,713.1813991882026
300609,808.3339218327008
300610,383.01837166867836
300611,1544.5568462208705
300612,1331.3431736484918
300613,868.7625670263884
300614,963.9150896708866
300615,-211.91019692329758
300616,949.6282776288944
300617,736.4146050565156
300618,273.8339984344123
300619,368.98652107891047
300620,235.510541771769
300621,1397.049016323961
300622,1183.835343751582
300623,721.2547371294789
300624,816.4072597739771
300625,391.0917096099548
300626,1552.6301841621469
300627,1339.416511589768
300628,876.8359049676646
300629,971.9884276121629
300630,-417.84188524490196
300631,743.6965893072901
300632,530.4829167349112
300633,67.90231011280798
300634,163.05483275730614
300635,29.5788534501645
300636,1191.1173280023568
300637,977.9036554299779
300638,515.3230488078746
300639,610.4755714523727
300640,185.16002128835032
300641,1346.6984958405424
300642,1133.4848232681638
300643,670.9042166460604
300644,766.0567392905585
300645,-1042.7342301456858
300646,118.80424440650643
300647,-94.40942816587233
300648,-556.9900347879759
300649,-461.8375121434776
300650,-595.3134914506193
300651,566.224983101573
300652,353.01131052919425
300653,-109.5692960929091
300654,-14.416773448410936
300655,-439.7323236124332
300656,721.8061509397588
300657,508.59247836738007
300658,46.01187174527672
300659,141.16439438977488
300660,463.42965234187307
300661,1624.968126894065
300662,1411.7544543216864
300663,949.1738476995831
300664,1044.3263703440812
300665,910.8503910369396
300666,2072.3888655891315
300667,1859.175193016753
300668,1396.5945863946497
300669,1491.7471090391477
300670,1066.4315588751256
300671,2227.9700334273175
300672,2014.7563608549387
300673,1552.1757542328355
300674,1647.3282768773338
300675,-97.04798596972648
300676,1064.4904885824656
300677,851.2768160100868
300678,388.6962093879835
300679,483.8487320324817
300680,350.37275272534015
300681,1511.9112272775324
300682,1298.6975547051534
300683,836.1169480830501
300684,931.2694707275482
300685,505.9539205635259
300686,1667.492395115718
300687,1454.2787225433392
300688,991.698115921236
300689,1086.850638565734
300690,-207.64428639129824
300691,953.8941881608939
300692,740.680515588515
300693,278.0999089664118
300694,373.25243161091
300695,239.77645230376856
300696,1401.3149268559605
300697,1188.1012542835817
300698,725.5206476614784
300699,820.6731703059766
300700,395.3576201419542
300701,1556.896094694146
300702,1343.6824221217676
300703,881.1018154996642
300704,976.2543381441624
300705,-199.5709484500219
300706,961.9675261021702
300707,748.7538535297914
300708,286.17324690768805
300709,381.3257695521863
300710,247.84979024504474
300711,1409.3882647972368
300712,1196.1745922248579
300713,733.5939856027547
300714,828.7465082472529
300715,403.43095808323056
300716,1564.9694326354224
300717,1351.755760063044
300718,889.1751534409404
300719,984.3276760854387
300720,-405.50263677162616
300721,756.0358377805658
300722,542.822165208187
300723,80.24155858608378
300724,175.39408123058195
300725,41.91810192344042
300726,1203.4565764756326
300727,990.2429039032536
300728,527.6622972811504
300729,622.8148199256485
300730,197.49926976162624
300731,1359.0377443138182
300732,1145.8240717414396
300733,683.2434651193362
300734,778.3959877638343
300735,-1030.3949816724098
300736,131.14349287978212
300737,-82.07017969259653
300738,-544.6507863146999
300739,-449.4982636702016
300740,-582.9742429773432
300741,578.5642315748487
300742,365.35055900247005
300743,-97.2300476196333
300744,-2.077524975135134
300745,-427.3930751391574
300746,734.1453994130345
300747,520.9317268406559
300748,58.35112021855252
300749,153.5036428630507
300750,475.7689008151489
300751,1637.307375367341
300752,1424.0937027949622
300753,961.5130961728589
300754,1056.665618817357
300755,923.1896395102156
300756,2084.7281140624073
300757,1871.5144414900287
300758,1408.9338348679255
300759,1504.0863575124235
300760,1078.7708073484014
300761,2240.3092819005933
300762,2027.0956093282146
300763,1564.5150027061113
300764,1659.6675253506094
300765,-84.7087374964508
300766,1076.8297370557414
300767,863.6160644833626
300768,401.03545786125926
300769,496.1879805057574
300770,362.7120011986159
300771,1524.250475750808
300772,1311.0368031784292
300773,848.456196556326
300774,943.608719200824
300775,518.2931690368016
300776,1679.8316435889938
300777,1466.617971016615
300778,1004.0373643945117
300779,1099.1898870390098
300780,-358.20341779426167
300781,803.3350567579304
300782,590.1213841855516
300783,127.54077756344827
300784,222.69330020794644
300785,89.21732090080502
300786,1250.755795452997
300787,1037.5421228806183
300788,574.9615162585148
300789,670.1140389030131
300790,244.79848873899073
300791,1406.3369632911829
300792,1193.1232907188041
300793,730.5426840967008
300794,825.695206741199
300795,-350.1300798529853
300796,811.4083946992066
300797,598.194722126828
300798,135.61411550472462
300799,230.76663814922279
300800,97.29065884208126
300801,1258.8291333942734
300802,1045.6154608218944
300803,583.0348541997912
300804,678.1873768442894
300805,252.87182668026708
300806,1414.410301232459
300807,1201.1966286600805
300808,738.616022037977
300809,833.7685446824753
300810,-556.0617681745896
300811,605.4767063776023
300812,392.2630338052236
300813,-70.31757281687976
300814,24.834949827618402
300815,-108.64102947952313
300816,1052.897445072669
300817,839.6837725002902
300818,377.1031658781869
300819,472.25568852268503
300820,46.94013835866281
300821,1208.4786129108547
300822,995.2649403384761
300823,532.6843337163727
300824,627.8368563608709
300825,-1180.9541130753735
300826,-19.415638523181315
300827,-232.62931109556007
300828,-695.2099177176635
300829,-600.0573950731653
300830,-733.5333743803069
300831,428.0051001718853
300832,214.7914275995065
300833,-247.78917902259673
300834,-152.63665637809868
300835,-577.9522065421208
300836,583.5862680100711
300837,370.37259543769244
300838,-92.20801118441102
300839,2.944511460087142
300840,325.2097694121854
300841,1486.7482439643773
300842,1273.5345713919987
300843,810.9539647698953
300844,906.1064874143935
300845,772.630508107252
300846,1934.168982659444
300847,1720.9553100870653
300848,1258.3747034649618
300849,1353.5272261094601
300850,928.2116759454378
300851,2089.75015049763
300852,1876.5364779252511
300853,1413.955871303148
300854,1509.108393947646
300855,-235.26786889941422
300856,926.2706056527778
300857,713.0569330803991
300858,250.47632645829572
300859,345.62884910279394
300860,212.15286979565246
300861,1373.6913443478445
300862,1160.4776717754658
300863,697.8970651533624
300864,793.0495877978606
300865,367.7340376338383
300866,1529.2725121860303
300867,1316.0588396136516
300868,853.4782329915482
300869,948.6307556360464
300870,-345.86416932098587
300871,815.6743052312062
300872,602.4606326588275
300873,139.88002603672408
300874,235.03254868122224
300875,101.55656937408082
300876,1263.0950439262729
300877,1049.881371353894
300878,587.3007647317907
300879,682.4532873762889
300880,257.13773721226653
300881,1418.6762117644587
300882,1205.46253919208
300883,742.8819325699766
300884,838.0344552144747
300885,-337.7908313797095
300886,823.7476431724825
300887,610.5339706001038
300888,147.95336397800043
300889,243.1058866224986
300890,109.62990731535706
300891,1271.1683818675492
300892,1057.9547092951702
300893,595.374102673067
300894,690.5266253175652
300895,265.2110751535429
300896,1426.749549705735
300897,1213.5358771333563
300898,750.9552705112528
300899,846.1077931557511
300900,-543.7225197013138
300901,617.8159548508781
300902,404.6022822784994
300903,-57.978324343603845
300904,37.17419830089432
300905,-96.30178100624732
300906,1065.2366935459447
300907,852.023020973566
300908,389.44241435146273
300909,484.59493699596084
300910,59.279386831938496
300911,1220.8178613841305
300912,1007.6041888117518
300913,545.0235821896486
300914,640.1761048341467
300915,-1168.6148646020977
300916,-7.076390049905399
300917,-220.29006262228415
300918,-682.8706692443875
300919,-587.7181465998895
300920,-721.1941259070311
300921,440.3443486451612
300922,227.13067607278242
300923,-235.44993054932092
300924,-140.29740790482276
300925,-565.612958068845
300926,595.9255164833469
300927,382.7118439109682
300928,-79.8687627111351
300929,15.283759933363058
300930,337.5490178854612
300931,1499.0874924376533
300932,1285.8738198652745
300933,823.2932132431712
300934,918.4457358876693
300935,784.9697565805278
300936,1946.5082311327199
300937,1733.294558560341
300938,1270.7139519382379
300939,1365.866474582736
300940,940.5509244187136
300941,2102.0893989709057
300942,1888.875726398527
300943,1426.2951197764237
300944,1521.447642420922
300945,-222.92862042613842
300946,938.6098541260537
300947,725.396181553675
300948,262.8155749315716
300949,357.96809757606974
300950,224.49211826892827
300951,1386.0305928211203
300952,1172.8169202487416
300953,710.2363136266382
300954,805.3888362711364
300955,380.0732861071141
300956,1541.6117606593061
300957,1328.3980880869274
300958,865.817481464824
300959,960.9700041093222
300960,-333.52492084771006
300961,828.013553704482
300962,614.7998811321032
300963,152.21927450999988
300964,247.37179715449804
300965,113.89581784735651
300966,1275.4342923995487
300967,1062.22061982717
300968,599.6400132050665
300969,694.7925358495647
300970,269.47698568554233
300971,1431.0154602377343
300972,1217.8017876653557
300973,755.2211810432524
300974,850.3737036877505
300975,-325.4515829064337
300976,836.0868916457582
300977,622.8732190733796
300978,160.29261245127623
300979,255.4451350957744
300980,121.96915578863275
300981,1283.5076303408248
300982,1070.293957768446
300983,607.7133511463428
300984,702.865873790841
300985,277.5503236268187
300986,1439.0887981790106
300987,1225.875125606632
300988,763.2945189845286
300989,858.4470416290269
300990,-531.383271228038
300991,630.155203324154
300992,416.94153075177525
300993,-45.63907587032804
300994,49.51344677417012
300995,-83.96253253297164
300996,1077.5759420192205
300997,864.3622694468418
300998,401.7816628247385
300999,496.9341854692366
301000,71.6186353052143
301001,1233.1571098574063
301002,1019.9434372850277
301003,557.3628306629244
301004,652.5153533074225
301005,-1156.2756161288219
301006,5.2628584233702895
301007,-207.95081414900847
301008,-670.5314207711119
301009,-575.3788981266136
301010,-708.8548774337553
301011,452.68359711843686
301012,239.46992454605822
301013,-223.11068207604512
301014,-127.95815943154696
301015,-553.2737095955692
301016,608.2647649566227
301017,395.051092384244
301018,-67.5295142378593
301019,27.62300840663886
301020,349.8882663587369
301021,1511.426740910929
301022,1298.2130683385503
301023,835.632461716447
301024,930.7849843609451
301025,797.3090050538035
301026,1958.8474796059957
301027,1745.633807033617
301028,1283.0532004115134
301029,1378.2057230560117
301030,952.8901728919894
301031,2114.4286474441815
301032,1901.2149748718027
301033,1438.6343682496995
301034,1533.7868908941978
301035,-210.58937195286262
301036,950.9491025993295
301037,737.7354300269508
301038,275.1548234048474
301039,370.30734604934554
301040,236.83136674220407
301041,1398.3698412943959
301042,1185.1561687220174
301043,722.575562099914
301044,817.7280847444122
301045,392.4125345803899
301046,1553.951009132582
301047,1340.7373365602032
301048,878.1567299380998
301049,973.309252582598
301050,-321.18567237443426
301051,840.3528021777578
301052,627.139129605379
301053,164.55852298327568
301054,259.71104562777384
301055,126.23506632063243
301056,1287.7735408728245
301057,1074.5598683004457
301058,611.9792616783423
301059,707.1317843228405
301060,281.8162341588182
301061,1443.3547087110103
301062,1230.1410361386315
301063,767.5604295165282
301064,862.7129521610264
301065,-313.1123344331579
301066,848.426140119034
301067,635.2124675466554
301068,172.63186092455203
301069,267.78438356905014
301070,134.30840426190866
301071,1295.8468788141008
301072,1082.6332062417218
301073,620.0525996196186
301074,715.2051222641168
301075,289.88957210009454
301076,1451.4280466522864
301077,1238.2143740799079
301078,775.6337674578044
301079,870.7862901023027
301080,-519.0440227547622
301081,642.4944517974297
301082,429.280779225051
301083,-33.299827397052354
301084,61.85269524744581
301085,-71.62328405969572
301086,1089.9151904924963
301087,876.7015179201176
301088,414.1209112980143
301089,509.27343394251244
301090,83.95788377849021
301091,1245.4963583306821
301092,1032.2826857583036
301093,569.7020791362002
301094,664.8546017806983
301095,-1143.9363676555458
301096,17.60210689664609
301097,-195.61156567573266
301098,-658.1921722978359
301099,-563.0396496533376
301100,-696.5156289604795
301101,465.0228455917127
301102,251.80917301933397
301103,-210.77143360276932
301104,-115.61891095827127
301105,-540.9344611222934
301106,620.6040134298985
301107,407.39034085751985
301108,-55.190265764583614
301109,39.96225687991455
301110,362.2275148320128
301111,1523.7659893842047
301112,1310.5523168118261
301113,847.9717101897227
301114,943.124232834221
301115,809.6482535270794
301116,1971.1867280792715
301117,1757.9730555068927
301118,1295.3924488847892
301119,1390.5449715292875
301120,965.2294213652654
301121,2126.7678959174573
301122,1913.5542233450785
301123,1450.9736167229753
301124,1546.1261393674733
301125,-198.25012347958682
301126,963.2883510726052
301127,750.0746785002265
301128,287.4940718781231
301129,382.64659452262134
301130,249.1706152154798
301131,1410.709089767672
301132,1197.4954171952932
301133,734.9148105731898
301134,830.067333217688
301135,404.75178305366563
301136,1566.2902576058577
301137,1353.076585033479
301138,890.4959784113756
301139,985.6485010558738
301140,-309.8277603421311
301141,851.7107142100609
301142,638.4970416376822
301143,175.91643501557883
301144,271.068957660077
301145,137.59297835293546
301146,1299.1314529051274
301147,1085.9177803327489
301148,623.3371737106454
301149,718.4896963551436
301150,293.1741461911213
301151,1454.7126207433134
301152,1241.4989481709347
301153,778.9183415488312
301154,874.0708641933295
301155,-301.75442240085476
301156,859.7840521513372
301157,646.5703795789585
301158,183.98977295685506
301159,279.1422956013533
301160,145.6663162942118
301161,1307.2047908464037
301162,1093.9911182740252
301163,631.4105116519218
301164,726.5630342964199
301165,301.24748413239763
301166,1462.7859586845898
301167,1249.5722861122108
301168,786.9916794901076
301169,882.1442021346057
301170,-507.68611072245926
301171,653.8523638297329
301172,440.63869125735414
301173,-21.941915364749207
301174,73.21060727974896
301175,-60.26537202739257
301176,1101.2731025247995
301177,888.0594299524207
301178,425.4788233303174
301179,520.6313459748155
301180,95.31579581079325
301181,1256.8542703629853
301182,1043.6405977906065
301183,581.0599911685032
301184,676.2125138130014
301185,-1132.578455623243
301186,28.96001892894924
301187,-184.25365364342952
301188,-646.834260265533
301189,-551.6817376210347
301190,-685.1577169281761
301191,476.38075762401587
301192,263.1670850516371
301193,-199.41352157046617
301194,-104.26099892596812
301195,-529.5765490899905
301196,631.9619254622016
301197,418.7482528898229
301198,-43.83235373228047
301199,51.320168912217696
301200,373.58542686431593
301201,1535.123901416508
301202,1321.9102288441293
301203,859.3296222220258
301204,954.4821448665241
301205,821.0061655593826
301206,1982.5446401115746
301207,1769.3309675391959
301208,1306.7503609170926
301209,1401.9028835615907
301210,976.5873333975684
301211,2138.12580794976
301212,1924.9121353773817
301213,1462.3315287552782
301214,1557.4840513997765
301215,-186.89221144728367
301216,974.6462631049084
301217,761.4325905325297
301218,298.85198391042627
301219,394.0045065549245
301220,260.5285272477829
301221,1422.067001799975
301222,1208.8533292275963
301223,746.272722605493
301224,841.4252452499911
301225,416.1096950859687
301226,1577.6481696381609
301227,1364.4344970657821
301228,901.8538904436787
301229,997.0064130881769
301230,-220.95640687012838
301231,940.5820676820638
301232,727.368395109685
301233,264.7877884875817
301234,359.9403111320799
301235,226.4643318249383
301236,1388.0028063771306
301237,1174.7891338047516
301238,712.2085271826484
301239,807.3610498271465
301240,382.04549966312413
301241,1543.5839742153162
301242,1330.3703016429376
301243,867.7896950208342
301244,962.9422176653324
301245,-212.88306892885203
301246,948.6554056233401
301247,735.4417330509613
301248,272.861126428858
301249,368.0136490733562
301250,234.53766976621466
301251,1396.0761443184067
301252,1182.862471746028
301253,720.2818651239246
301254,815.4343877684228
301255,390.1188376044005
301256,1551.6573121565925
301257,1338.4436395842138
301258,875.8630329621104
301259,971.0155556066086
301260,-418.8147572504563
301261,742.7237173017357
301262,529.510044729357
301263,66.92943810725365
301264,162.08196075175192
301265,28.60598144461028
301266,1190.1444559968022
301267,976.9307834244236
301268,514.3501768023202
301269,609.5026994468185
301270,184.1871492827961
301271,1345.725623834988
301272,1132.5119512626095
301273,669.931344640506
301274,765.0838672850043
301275,-1043.70710215124
301276,117.83137240095198
301277,-95.38230017142678
301278,-557.96290679353
301279,-462.81038414903196
301280,-596.2863634561734
301281,565.2521110960188
301282,352.03843852363997
301283,-110.54216809846332
301284,-15.389645453965159
301285,-440.70519561798756
301286,720.8332789342046
301287,507.61960636182573
301288,45.038999739722385
301289,140.19152238422066
301290,462.4567803363188
301291,1623.9952548885108
301292,1410.7815823161322
301293,948.2009756940288
301294,1043.353498338527
301295,909.8775190313854
301296,2071.415993583578
301297,1858.2023210111988
301298,1395.6217143890954
301299,1490.7742370335936
301300,1065.4586868695712
301301,2226.9971614217634
301302,2013.7834888493846
301303,1551.2028822272812
301304,1646.3554048717795
301305,-98.0208579752807
301306,1063.5176165769112
301307,850.3039440045325
301308,387.7233373824292
301309,482.87586002692734
301310,349.3998807197858
301311,1510.938355271978
301312,1297.7246826995993
301313,835.1440760774958
301314,930.296598721994
301315,504.9810485579717
301316,1666.5195231101638
301317,1453.305850537785
301318,990.7252439156816
301319,1085.8777665601797
301320,-208.61715839685246
301321,952.9213161553396
301322,739.7076435829608
301323,277.1270369608575
301324,372.27955960535564
301325,238.80358029821411
301326,1400.3420548504062
301327,1187.1283822780274
301328,724.5477756559242
301329,819.7002983004222
301330,394.3847481364
301331,1555.923222688592
301332,1342.7095501162132
301333,880.12894349411
301334,975.281466138608
301335,-200.54382045557622
301336,960.9946540966159
301337,747.7809815242371
301338,285.2003749021337
301339,380.35289754663194
301340,246.87691823949052
301341,1408.4153927916825
301342,1195.2017202193038
301343,732.6211135972004
301344,827.7736362416986
301345,402.4580860776762
301346,1563.9965606298683
301347,1350.7828880574896
301348,888.2022814353862
301349,983.3548040798844
301350,-406.4755087771805
301351,755.0629657750115
301352,541.8492932026327
301353,79.26868658052945
301354,174.4212092250276
301355,40.94522991788608
301356,1202.4837044700782
301357,989.2700318976994
301358,526.689425275596
301359,621.8419479200942
301360,196.5263977560719
301361,1358.064872308264
301362,1144.8511997358853
301363,682.2705931137818
301364,777.42311575828
301365,-1031.3678536779641
301366,130.1706208742279
301367,-83.04305169815086
301368,-545.6236583202542
301369,-450.47113567575593
301370,-583.9471149828976
301371,577.5913595692945
301372,364.37768699691577
301373,-98.20291962518763
301374,-3.05039698068947
301375,-428.36594714471175
301376,733.1725274074803
301377,519.9588548351016
301378,57.37824821299819
301379,152.53077085749635
301380,474.79602880959465
301381,1636.3345033617866
301382,1423.1208307894078
301383,960.5402241673046
301384,1055.6927468118029
301385,922.2167675046612
301386,2083.7552420568536
301387,1870.5415694844744
301388,1407.9609628623712
301389,1503.1134855068694
301390,1077.797935342847
301391,2239.3364098950387
301392,2026.1227373226604
301393,1563.542130700557
301394,1658.6946533450553
301395,-85.68160950200502
301396,1075.856865050187
301397,862.6431924778083
301398,400.0625858557049
301399,495.21510850020314
301400,361.7391291930616
301401,1523.2776037452536
301402,1310.0639311728748
301403,847.4833245507716
301404,942.6358471952698
301405,517.3202970312475
301406,1678.8587715834394
301407,1465.6450990110607
301408,1003.0644923889574
301409,1098.2170150334555
301410,-359.176289799816
301411,802.3621847523762
301412,589.1485121799974
301413,126.56790555789405
301414,221.7204282023922
301415,88.24444889525068
301416,1249.7829234474427
301417,1036.569250875064
301418,573.9886442529606
301419,669.1411668974588
301420,243.8256167334365
301421,1405.3640912856285
301422,1192.1504187132498
301423,729.5698120911466
301424,824.7223347356447
301425,-351.10295185853965
301426,810.4355226936524
301427,597.2218501212737
301428,134.6412434991703
301429,229.79376614366856
301430,96.31778683652703
301431,1257.856261388719
301432,1044.6425888163403
301433,582.061982194237
301434,677.2145048387351
301435,251.89895467471285
301436,1413.437429226905
301437,1200.2237566545261
301438,737.6431500324228
301439,832.795672676921
301440,-557.0346401801439
301441,604.503834372048
301442,391.2901617996693
301443,-71.29044482243398
301444,23.86207782206418
301445,-109.61390148507735
301446,1051.9245730671146
301447,838.7109004947359
301448,376.1302938726326
301449,471.28281651713075
301450,45.96726635310847
301451,1207.5057409053006
301452,994.2920683329218
301453,531.7114617108184
301454,626.8639843553166
301455,-1181.9269850809276
301456,-20.388510528735537
301457,-233.6021831011143
301458,-696.1827897232176
301459,-601.0302670787194
301460,-734.506246385861
301461,427.03222816633104
301462,213.81855559395228
301463,-248.76205102815106
301464,-153.6095283836529
301465,-578.9250785476752
301466,582.6133960045169
301467,369.3997234321381
301468,-93.18088318996524
301469,1.9716394545329194
301470,324.23689740663116
301471,1485.7753719588231
301472,1272.5616993864444
301473,809.981092764341
301474,905.1336154088392
301475,771.6576361016978
301476,1933.1961106538897
301477,1719.9824380815112
301478,1257.4018314594077
301479,1352.554354103906
301480,927.2388039398836
301481,2088.7772784920753
301482,1875.563605919697
301483,1412.9829992975936
301484,1508.1355219420916
301485,-236.24074090496856
301486,925.2977336472236
301487,712.0840610748448
301488,249.5034544527415
301489,344.65597709723966
301490,211.17999779009813
301491,1372.7184723422902
301492,1159.5047997699114
301493,696.9241931478082
301494,792.0767157923062
301495,366.76116562828395
301496,1528.2996401804762
301497,1315.0859676080972
301498,852.505360985994
301499,947.6578836304922
301500,-346.8370413265402
301501,814.7014332256518
301502,601.4877606532732
301503,138.90715403116974
301504,234.05967667566802
301505,100.58369736852637
301506,1262.1221719207185
301507,1048.9084993483398
301508,586.3278927262364
301509,681.4804153707346
301510,256.1648652067123
301511,1417.7033397589043
301512,1204.4896671865256
301513,741.9090605644222
301514,837.0615832089204
301515,-338.76370338526385
301516,822.7747711669282
301517,609.5610985945494
301518,146.9804919724461
301519,242.13301461694425
301520,108.65703530980272
301521,1270.1955098619949
301522,1056.9818372896161
301523,594.4012306675128
301524,689.5537533120109
301525,264.23820314798866
301526,1425.7766777001807
301527,1212.563005127802
301528,749.9823985056986
301529,845.1349211501968
301530,-544.6953917068681
301531,616.8430828453238
301532,403.62941027294517
301533,-58.95119634915818
301534,36.20132629533998
301535,-97.27465301180155
301536,1064.2638215403904
301537,851.0501489680117
301538,388.4695423459084
301539,483.62206499040656
301540,58.30651482638427
301541,1219.8449893785764
301542,1006.6313168061977
301543,544.0507101840942
301544,639.2032328285924
301545,-1169.5877366076518
301546,-8.049262055459849
301547,-221.2629346278385
301548,-683.8435412499418
301549,-588.6910186054436
301550,-722.1669979125852
301551,439.3714766396069
301552,226.1578040672282
301553,-236.42280255487515
301554,-141.27027991037698
301555,-566.5858300743994
301556,594.9526444777928
301557,381.73897190541396
301558,-80.84163471668944
301559,14.310887927808722
301560,336.5761458799069
301561,1498.114620432099
301562,1284.9009478597202
301563,822.3203412376168
301564,917.4728638821151
301565,783.9968845749735
301566,1945.5353591271657
301567,1732.321686554787
301568,1269.7410799326835
301569,1364.8936025771818
301570,939.5780524131594
301571,2101.116526965351
301572,1887.9028543929728
301573,1425.3222477708694
301574,1520.4747704153676
301575,-223.90149243169276
301576,937.6369821204994
301577,724.4233095481206
301578,261.84270292601724
301579,356.99522557051546
301580,223.51924626337393
301581,1385.057720815566
301582,1171.8440482431872
301583,709.263441621084
301584,804.415964265582
301585,379.10041410155975
301586,1540.638888653752
301587,1327.425216081373
301588,864.8446094592697
301589,959.9971321037679
301590,-334.4977928532644
301591,827.0406816989278
301592,613.827009126549
301593,151.24640250444554
301594,246.39892514894376
301595,112.92294584180217
301596,1274.4614203939943
301597,1061.2477478216156
301598,598.6671411995122
301599,693.8196638440104
301600,268.50411367998805
301601,1430.0425882321802
301602,1216.8289156598014
301603,754.248309037698
301604,849.4008316821962
301605,-326.42445491198805
301606,835.114019640204
301607,621.9003470678252
301608,159.3197404457219
301609,254.47226309022005
301610,120.99628378307852
301611,1282.5347583352705
301612,1069.321085762892
301613,606.7404791407886
301614,701.8930017852867
301615,276.5774516212644
301616,1438.1159261734565
301617,1224.9022536010777
301618,762.3216469789743
301619,857.4741696234726
301620,-532.3561432335925
301621,629.1823313185997
301622,415.96865874622085
301623,-46.61194787588249
301624,48.540574768615784
301625,-84.93540453852586
301626,1076.6030700136662
301627,863.3893974412875
301628,400.8087908191842
301629,495.96131346368236
301630,70.64576329966008
301631,1232.184237851852
301632,1018.9705652794734
301633,556.38995865737
301634,651.5424813018682
301635,-1157.248488134376
301636,4.289986417816067
301637,-208.9236861545627
301638,-671.504292776666
301639,-576.351770132168
301640,-709.8277494393094
301641,451.71072511288264
301642,238.4970525405039
301643,-224.08355408159946
301644,-128.9310314371013
301645,-554.2465816011238
301646,607.2918929510683
301647,394.0782203786897
301648,-68.50238624341375
301649,26.650136401084524
301650,348.91539435318265
301651,1510.4538689053747
301652,1297.240196332996
301653,834.6595897108925
301654,929.8121123553908
301655,796.3361330482493
301656,1957.8746076004413
301657,1744.6609350280628
301658,1282.0803284059593
301659,1377.2328510504576
301660,951.9173008864352
301661,2113.455775438627
301662,1900.2421028662486
301663,1437.6614962441452
301664,1532.8140188886434
301665,-211.56224395841696
301666,949.9762305937752
301667,736.7625580213964
301668,274.18195139929304
301669,369.33447404379126
301670,235.85849473664973
301671,1397.3969692888418
301672,1184.183296716463
301673,721.6026900943598
301674,816.7552127388578
301675,391.4396625748356
301676,1552.9781371270276
301677,1339.7644645546488
301678,877.1838579325456
301679,972.3363805770438
301680,-322.1585443799886
301681,839.3799301722036
301682,626.1662575998248
301683,163.58565097772134
301684,258.7381736222196
301685,125.26219431507809
301686,1286.8006688672701
301687,1073.5869962948914
301688,611.006389672788
301689,706.1589123172862
301690,280.8433621532639
301691,1442.381836705456
301692,1229.1681641330772
301693,766.5875575109739
301694,861.740080155472
301695,-314.08520643871225
301696,847.4532681134798
301697,634.239595541101
301698,171.6589889189977
301699,266.81151156349586
301700,133.33553225635444
301701,1294.8740068085465
301702,1081.6603342361677
301703,619.0797276140644
301704,714.2322502585625
301705,288.91670009454026
301706,1450.4551746467323
301707,1237.2415020743535
301708,774.6608954522502
301709,869.8134180967484
301710,-520.0168947603165
301711,641.5215797918754
301712,428.3079072194967
301713,-34.27269940260658
301714,60.879823241891586
301715,-72.59615606524994
301716,1088.942318486942
301717,875.7286459145633
301718,413.14803929246
301719,508.30056193695816
301720,82.98501177293588
301721,1244.523486325128
301722,1031.309813752749
301723,568.7292071306458
301724,663.881729775144
301725,-1144.9092396611002
301726,16.62923489109187
301727,-196.5844376812869
301728,-659.1650443033905
301729,-564.0125216588922
301730,-697.4885009660336
301731,464.04997358615844
301732,250.8363010137797
301733,-211.74430560832366
301734,-116.5917829638255
301735,-541.9073331278478
301736,619.6311414243443
301737,406.4174688519655
301738,-56.16313777013784
301739,38.989384874360326
301740,361.25464282645856
301741,1522.7931173786505
301742,1309.5794448062718
301743,846.9988381841686
301744,942.1513608286666
301745,808.6753815215252
301746,1970.2138560737171
301747,1757.0001835013386
301748,1294.4195768792351
301749,1389.5720995237334
301750,964.256549359711
301751,2125.7950239119027
301752,1912.5813513395244
301753,1450.000744717421
301754,1545.153267361919
301755,-199.22299548514115
301756,962.315479067051
301757,749.1018064946722
301758,286.5211998725689
301759,381.67372251706706
301760,248.19774320992553
301761,1409.7362177621176
301762,1196.5225451897388
301763,733.9419385676356
301764,829.0944612121336
301765,403.77891104811135
301766,1565.3173856003036
301767,1352.1037130279246
301768,889.5231064058214
301769,984.6756290503196
301770,-309.8192959067128
301771,851.7191786454792
301772,638.5055060731006
301773,175.92489945099715
301774,271.07742209549536
301775,137.60144278835378
301776,1299.139917340546
301777,1085.9262447681672
301778,623.3456381460638
301779,718.498160790562
301780,293.1826106265397
301781,1454.7210851787318
301782,1241.507412606353
301783,778.9268059842497
301784,874.0793286287478
301785,-301.74595796543645
301786,859.7925165867556
301787,646.5788440143768
301788,183.9982373922735
301789,279.15076003677166
301790,145.67478072963013
301791,1307.2132552818223
301792,1093.9995827094435
301793,631.4189760873402
301794,726.5714987318383
301795,301.25594856781606
301796,1462.794423120008
301797,1249.5807505476293
301798,787.0001439255259
301799,882.1526665700242
301800,-507.6776462870407
301801,653.8608282651512
301802,440.64715569277257
301803,-21.933450929330775
301804,73.21907171516739
301805,-60.25690759197414
301806,1101.2815669602178
301807,888.0678943878391
301808,425.4872877657358
301809,520.639810410234
301810,95.32426024621168
301811,1256.8627347984038
301812,1043.6490622260249
301813,581.0684556039216
301814,676.2209782484198
301815,-1132.5699911878244
301816,28.968483364367557
301817,-184.24518920801108
301818,-646.8257958301144
301819,-551.6732731856162
301820,-685.1492524927578
301821,476.3892220594343
301822,263.17554948705555
301823,-199.40505713504774
301824,-104.25253449054969
301825,-529.568084654572
301826,631.9703898976201
301827,418.7567173252413
301828,-43.823889296862035
301829,51.32863334763613
301830,373.5938912997343
301831,1535.1323658519264
301832,1321.9186932795476
301833,859.3380866574443
301834,954.4906093019424
301835,821.0146299948009
301836,1982.553104546993
301837,1769.3394319746142
301838,1306.758825352511
301839,1401.911347997009
301840,976.5957978329868
301841,2138.1342723851785
301842,1924.9205998128002
301843,1462.3399931906968
301844,1557.4925158351948
301845,-186.88374701186535
301846,974.6547275403268
301847,761.441054967948
301848,298.86044834584465
301849,394.01297099034286
301850,260.53699168320134
301851,1422.0754662353934
301852,1208.8617936630146
301853,746.2811870409114
301854,841.4337096854094
301855,416.11815952138716
301856,1577.6566340735794
301857,1364.4429615012004
301858,901.8623548790971
301859,997.0148775235953
301860,-220.94794243470983
301861,940.5905321174822
301862,727.3768595451035
301863,264.7962529230001
301864,359.94877556749833
301865,226.47279626035663
301866,1388.011270812549
301867,1174.79759824017
301868,712.2169916180667
301869,807.3695142625648
301870,382.0539640985425
301871,1543.5924386507345
301872,1330.378766078356
301873,867.7981594562525
301874,962.9506821007507
301875,-212.87460449343348
301876,948.6638700587584
301877,735.4501974863797
301878,272.8695908642764
301879,368.0221135087746
301880,234.54613420163298
301881,1396.084608753825
301882,1182.8709361814463
301883,720.290329559343
301884,815.4428522038412
301885,390.12730203981886
301886,1551.6657765920108
301887,1338.4521040196323
301888,875.8714973975289
301889,971.024020042027
301890,-418.806292815038
301891,742.7321817371542
301892,529.5185091647753
301893,66.93790254267196
301894,162.09042518717024
301895,28.614445880028597
301896,1190.1529204322208
301897,976.939247859842
301898,514.3586412377388
301899,609.5111638822368
301900,184.19561371821453
301901,1345.7340882704066
301902,1132.5204156980278
301903,669.9398090759245
301904,765.0923317204226
301905,-1043.6986377158216
301906,117.83983683637052
301907,-95.37383573600823
301908,-557.9544423581117
301909,-462.8019197136134
301910,-596.2778990207551
301911,565.2605755314371
301912,352.04690295905834
301913,-110.53370366304489
301914,-15.381181018546727
301915,-440.696731182569
301916,720.8417433696229
301917,507.62807079724416
301918,45.04746417514082
301919,140.19998681963898
301920,462.4652447717372
301921,1624.0037193239293
301922,1410.7900467515506
301923,948.2094401294471
301924,1043.3619627739454
301925,909.8859834668037
301926,2071.424458018996
301927,1858.2107854466171
301928,1395.6301788245137
301929,1490.782701469012
301930,1065.4671513049896
301931,2227.0056258571817
301932,2013.791953284803
301933,1551.2113466626995
301934,1646.3638693071978
301935,-98.01239353986239
301936,1063.5260810123298
301937,850.312408439951
301938,387.7318018178476
301939,482.8843244623458
301940,349.40834515520424
301941,1510.9468197073963
301942,1297.7331471350176
301943,835.1525405129142
301944,930.3050631574124
301945,504.98951299339006
301946,1666.5279875455822
301947,1453.3143149732034
301948,990.7337083511
301949,1085.8862309955982
301950,-208.60869396143403
301951,952.9297805907579
301952,739.7161080183793
301953,277.1355013962759
301954,372.2880240407741
301955,238.81204473363255
301956,1400.3505192858247
301957,1187.1368467134457
301958,724.5562400913425
301959,819.7087627358407
301960,394.39321257181837
301961,1555.9316871240103
301962,1342.7180145516318
301963,880.1374079295283
301964,975.2899305740265
301965,-200.5353560201578
301966,961.0031185320343
301967,747.7894459596555
301968,285.20883933755215
301969,380.36136198205037
301970,246.8853826749089
301971,1408.423857227101
301972,1195.210184654722
301973,732.6295780326188
301974,827.782100677117
301975,402.4665505130946
301976,1564.0050250652866
301977,1350.7913524929081
301978,888.2107458708045
301979,983.3632685153027
301980,-406.46704434176195
301981,755.07143021043
301982,541.8577576380512
301983,79.27715101594777
301984,174.42967366044604
301985,40.95369435330451
301986,1202.4921689054966
301987,989.2784963331178
301988,526.6978897110145
301989,621.8504123555126
301990,196.53486219149033
301991,1358.0733367436824
301992,1144.8596641713036
301993,682.2790575492003
301994,777.4315801936984
301995,-1031.3593892425458
301996,130.17908530964633
301997,-83.03458726273243
301998,-545.6151938848359
301999,-450.4626712403376
302000,-583.9386505474793
302001,577.5998240047129
302002,364.38615143233415
302003,-98.1944551897692
302004,-3.041932545271038
302005,-428.3574827092932
302006,733.1809918428987
302007,519.96731927052
302008,57.386712648416506
302009,152.53923529291478
302010,474.8044932450131
302011,1636.3429677972051
302012,1423.1292952248264
302013,960.548688602723
302014,1055.7012112472212
302015,922.2252319400797
302016,2083.763706492272
302017,1870.550033919893
302018,1407.9694272977895
302019,1503.1219499422878
302020,1077.8063997782656
302021,2239.3448743304575
302022,2026.1312017580788
302023,1563.5505951359755
302024,1658.7031177804736
302025,-85.67314506658659
302026,1075.8653294856053
302027,862.6516569132267
302028,400.07105029112336
302029,495.2235729356216
302030,361.74759362848
302031,1523.2860681806721
302032,1310.0723956082934
302033,847.49178898619
302034,942.6443116306882
302035,517.3287614666658
302036,1678.867236018858
302037,1465.6535634464792
302038,1003.0729568243758
302039,1098.225479468874
302040,-359.16782536439746
302041,802.3706491877945
302042,589.1569766154158
302043,126.57636999331248
302044,221.72889263781065
302045,88.25291333066912
302046,1249.7913878828613
302047,1036.5777153104823
302048,573.9971086883791
302049,669.1496313328772
302050,243.83408116885494
302051,1405.3725557210469
302052,1192.1588831486683
302053,729.5782765265649
302054,824.730799171063
302055,-351.0944874231211
302056,810.4439871290708
302057,597.2303145566921
302058,134.64970793458872
302059,229.80223057908688
302060,96.32625127194547
302061,1257.8647258241374
302062,1044.6510532517586
302063,582.0704466296554
302064,677.2229692741535
302065,251.9074191101313
302066,1413.4458936623232
302067,1200.2322210899447
302068,737.6516144678412
302069,832.8041371123394
302070,-557.0261757447254
302071,604.5122988074664
302072,391.29862623508774
302073,-71.28198038701555
302074,23.87054225748261
302075,-109.60543704965903
302076,1051.933037502533
302077,838.7193649301544
302078,376.138758308051
302079,471.2912809525492
302080,45.9757307885269
302081,1207.514205340719
302082,994.3005327683402
302083,531.7199261462368
302084,626.872448790735
302085,-1181.9185206455093
302086,-20.38004609331722
302087,-233.59371866569586
302088,-696.1743252877993
302089,-601.021802643301
302090,-734.4977819504427
302091,427.04069260174947
302092,213.82702002937071
302093,-248.75358659273252
302094,-153.60106394823447
302095,-578.9166141122566
302096,582.6218604399353
302097,369.40818786755653
302098,-93.17241875454681
302099,1.9801038899513514
302100,324.2453618420496
302101,1485.7838363942415
302102,1272.570163821863
302103,809.9895571997595
302104,905.1420798442578
302105,771.6661005371161
302106,1933.2045750893083
302107,1719.9909025169295
302108,1257.410295894826
302109,1352.5628185393243
302110,927.247268375302
302111,2088.785742927494
302112,1875.5720703551153
302113,1412.9914637330119
302114,1508.1439863775101
302115,-236.23227646955002
302116,925.3061980826419
302117,712.0925255102633
302118,249.51191888815993
302119,344.6644415326581
302120,211.18846222551656
302121,1372.7269367777085
302122,1159.51326420533
302123,696.9326575832265
302124,792.0851802277247
302125,366.7696300637024
302126,1528.3081046158945
302127,1315.0944320435158
302128,852.5138254214123
302129,947.6663480659106
302130,-346.82857689112166
302131,814.7098976610703
302132,601.4962250886915
302133,138.91561846658828
302134,234.06814111108645
302135,100.5921618039448
302136,1262.1306363561368
302137,1048.916963783758
302138,586.3363571616549
302139,681.488879806153
302140,256.1733296421307
302141,1417.7118041943227
302142,1204.4981316219441
302143,741.9175249998407
302144,837.0700476443388
302145,-338.7552389498453
302146,822.7832356023466
302147,609.5695630299679
302148,146.98895640786452
302149,242.14147905236268
302150,108.66549974522115
302151,1270.2039742974132
302152,1056.9903017250344
302153,594.4096951029312
302154,689.5622177474293
302155,264.24666758340703
302156,1425.785142135599
302157,1212.5714695632205
302158,749.990862941117
302159,845.1433855856152
302160,-544.6869272714498
302161,616.8515472807424
302162,403.6378747083635
302163,-58.94273191373986
302164,36.2097907307583
302165,-97.26618857638323
302166,1064.272285975809
302167,851.0586134034302
302168,388.4780067813268
302169,483.630529425825
302170,58.314979261802705
302171,1219.8534538139947
302172,1006.639781241616
302173,544.0591746195126
302174,639.2116972640108
302175,-1169.5792721722335
302176,-8.040797620041417
302177,-221.25447019242017
302178,-683.8350768145235
302179,-588.6825541700252
302180,-722.1585334771669
302181,439.3799410750252
302182,226.16626850264652
302183,-236.41433811945672
302184,-141.26181547495855
302185,-566.5773656389808
302186,594.9611089132111
302187,381.74743634083234
302188,-80.83317028127101
302189,14.319352363227154
302190,336.58461031532534
302191,1498.1230848675173
302192,1284.9094122951387
302193,822.3288056730353
302194,917.4813283175336
302195,784.0053490103919
302196,1945.543823562584
302197,1732.3301509902053
302198,1269.7495443681019
302199,1364.9020670126001
302200,939.5865168485777
302201,2101.1249914007694
302202,1887.9113188283911
302203,1425.3307122062877
302204,1520.483234850786
302205,-223.89302799627433
302206,937.6454465559177
302207,724.4317739835391
302208,261.85116736143567
302209,357.0036900059339
302210,223.52771069879236
302211,1385.0661852509843
302212,1171.8525126786058
302213,709.2719060565023
302214,804.4244287010005
302215,379.1088785369781
302216,1540.6473530891703
302217,1327.4336805167914
302218,864.8530738946881
302219,960.0055965391864
302220,-334.4893284178461
302221,827.0491461343461
302222,613.8354735619673
302223,151.25486693986397
302224,246.4073895843622
302225,112.9314102772206
302226,1274.4698848294126
302227,1061.256212257034
302228,598.6756056349307
302229,693.8281282794288
302230,268.5125781154064
302231,1430.0510526675985
302232,1216.83738009522
302233,754.2567734731165
302234,849.4092961176146
302235,-326.41599047656973
302236,835.1224840756224
302237,621.9088115032437
302238,159.3282048811402
302239,254.48072752563849
302240,121.00474821849696
302241,1282.543222770689
302242,1069.3295501983102
302243,606.748943576207
302244,701.9014662207051
302245,276.5859160566828
302246,1438.1243906088748
302247,1224.910718036496
302248,762.3301114143927
302249,857.482634058891
302250,-532.347678798174
302251,629.190795754018
302252,415.9771231816393
302253,-46.60348344046406
302254,48.549039204034216
302255,-84.92694010310743
302256,1076.6115344490845
302257,863.397861876706
302258,400.8172552546026
302259,495.96977789910073
302260,70.6542277350784
302261,1232.1927022872705
302262,1018.9790297148918
302263,556.3984230927883
302264,651.5509457372866
302265,-1157.2400236989577
302266,4.298450853234499
302267,-208.91522171914426
302268,-671.4958283412477
302269,-576.3433056967497
302270,-709.8192850038911
302271,451.7191895483011
302272,238.50551697592232
302273,-224.07508964618103
302274,-128.92256700168286
302275,-554.2381171657053
302276,607.3003573864869
302277,394.0866848141081
302278,-68.49392180799532
302279,26.658600836502956
302280,348.9238587886011
302281,1510.462333340793
302282,1297.2486607684145
302283,834.6680541463111
302284,929.8205767908094
302285,796.3445974836677
302286,1957.8830720358599
302287,1744.669399463481
302288,1282.0887928413777
302289,1377.241315485876
302290,951.9257653218535
302291,2113.4642398740457
302292,1900.250567301667
302293,1437.6699606795635
302294,1532.8224833240617
302295,-211.5537795229984
302296,949.9846950291935
302297,736.7710224568149
302298,274.1904158347115
302299,369.3429384792097
302300,235.86695917206816
302301,1397.40543372426
302302,1184.1917611518816
302303,721.6111545297781
302304,816.7636771742763
302305,391.448127010254
302306,1552.9866015624461
302307,1339.7729289900672
302308,877.1923223679639
302309,972.3448450124622
302310,-322.15007994457005
302311,839.3883946076219
302312,626.1747220352432
302313,163.5941154131399
302314,258.74663805763805
302315,125.27065875049652
302316,1286.8091333026887
302317,1073.5954607303097
302318,611.0148541082065
302319,706.1673767527046
302320,280.85182658868234
302321,1442.3903011408743
302322,1229.1766285684957
302323,766.5960219463923
302324,861.7485445908904
302325,-314.0767420032937
302326,847.4617325488982
302327,634.2480599765195
302328,171.66745335441612
302329,266.8199759989143
302330,133.34399669177287
302331,1294.8824712439648
302332,1081.668798671586
302333,619.0881920494828
302334,714.2407146939809
302335,288.9251645299587
302336,1450.4636390821506
302337,1237.249966509772
302338,774.6693598876686
302339,869.8218825321668
302340,-520.008430324898
302341,641.530044227294
302342,428.31637165491514
302343,-34.26423496718826
302344,60.88828767731002
302345,-72.58769162983162
302346,1088.9507829223605
302347,875.7371103499818
302348,413.15650372787843
302349,508.30902637237654
302350,82.99347620835431
302351,1244.5319507605464
302352,1031.3182781881676
302353,568.7376715660641
302354,663.8901942105624
302355,-1144.9007752256819
302356,16.6376993265103
302357,-196.57597324586845
302358,-659.1565798679719
302359,-564.0040572234736
302360,-697.4800365306153
302361,464.0584380215769
302362,250.84476544919812
302363,-211.73584117290522
302364,-116.58331852840706
302365,-541.8988686924292
302366,619.6396058597627
302367,406.42593328738394
302368,-56.15467333471952
302369,38.99784930977876
302370,361.263107261877
302371,1522.8015818140689
302372,1309.5879092416903
302373,847.0073026195869
302374,942.1598252640852
302375,808.6838459569435
302376,1970.2223205091357
302377,1757.008647936757
302378,1294.4280413146535
302379,1389.5805639591517
302380,964.2650137951294
302381,2125.8034883473215
302382,1912.5898157749427
302383,1450.0092091528395
302384,1545.1617317973376
302385,-199.2145310497226
302386,962.3239435024694
302387,749.1102709300907
302388,286.52966430798733
302389,381.6821869524855
302390,248.2062076453439
302391,1409.744682197536
302392,1196.5310096251574
302393,733.9504030030539
302394,829.1029256475521
302395,403.7873754835298
302396,1565.325850035722
302397,1352.1121774633432
302398,889.5315708412397
302399,984.684093485738
302400,-309.81083147129425
302401,851.7276430808977
302402,638.5139705085189
302403,175.9333638864157
302404,271.0858865309138
302405,137.6099072237722
302406,1299.1483817759643
302407,1085.9347092035855
302408,623.3541025814823
302409,718.5066252259804
302410,293.1910750619581
302411,1454.72954961415
302412,1241.5158770417715
302413,778.9352704196681
302414,874.0877930641662
302415,-301.7374935300179
302416,859.800981022174
302417,646.5873084497953
302418,184.00670182769193
302419,279.1592244721901
302420,145.68324516504856
302421,1307.2217197172406
302422,1094.0080471448618
302423,631.4274405227586
302424,726.5799631672567
302425,301.26441300323444
302426,1462.8028875554264
302427,1249.5892149830477
302428,787.0086083609443
302429,882.1611310054425
302430,-507.6691818516224
302431,653.8692927005696
302432,440.6556201281909
302433,-21.924986493912456
302434,73.2275361505857
302435,-60.24844315655582
302436,1101.2900313956363
302437,888.0763588232576
302438,425.49575220115423
302439,520.6482748456524
302440,95.33272468163011
302441,1256.8711992338222
302442,1043.6575266614434
302443,581.07692003934
302444,676.2294426838382
302445,-1132.561526752406
302446,28.97694779978599
302447,-184.23672477259277
302448,-646.8173313946961
302449,-551.6648087501978
302450,-685.1407880573395
302451,476.3976864948526
302452,263.184013922474
302453,-199.3965926996293
302454,-104.24407005513126
302455,-529.5596202191534
302456,631.9788543330384
302457,418.76518176065974
302458,-43.8154248614436
302459,51.33709778305456
302460,373.60235573515274
302461,1535.1408302873447
302462,1321.9271577149661
302463,859.3465510928627
302464,954.4990737373608
302465,821.0230944302193
302466,1982.5615689824112
302467,1769.3478964100327
302468,1306.7672897879293
302469,1401.9198124324275
302470,976.6042622684051
302471,2138.142736820597
302472,1924.9290642482185
302473,1462.348457626115
302474,1557.5009802706134
302475,-186.87528257644692
302476,974.6631919757452
302477,761.4495194033665
302478,298.8689127812631
302479,394.0214354257613
302480,260.5454561186197
302481,1422.0839306708117
302482,1208.8702580984332
302483,746.2896514763297
302484,841.4421741208279
302485,416.12662395680553
302486,1577.6650985089977
302487,1364.451425936619
302488,901.8708193145155
302489,997.0233419590138
302490,-220.9394779992915
302491,940.5989965529005
302492,727.3853239805218
302493,264.8047173584185
302494,359.9572400029167
302495,226.48126069577506
302496,1388.0197352479672
302497,1174.8060626755885
302498,712.2254560534851
302499,807.3779786979833
302500,382.06242853396094
302501,1543.600903086153
302502,1330.3872305137743
302503,867.8066238916709
302504,962.9591465361691
302505,-212.86614005801516
302506,948.6723344941769
302507,735.4586619217981
302508,272.8780552996948
302509,368.030577944193
302510,234.5545986370514
302511,1396.0930731892436
302512,1182.8794006168648
302513,720.2987939947615
302514,815.4513166392596
302515,390.1357664752373
302516,1551.6742410274292
302517,1338.4605684550506
302518,875.8799618329472
302519,971.0324844774455
302520,-418.79782837961943
302521,742.7406461725725
302522,529.5269736001937
302523,66.9463669780904
302524,162.09888962258856
302525,28.62291031544703
302526,1190.161384867639
302527,976.9477122952603
302528,514.3671056731571
302529,609.5196283176552
302530,184.20407815363296
302531,1345.742552705825
302532,1132.5288801334464
302533,669.9482735113429
302534,765.1007961558411
302535,-1043.6901732804033
302536,117.84830127178884
302537,-95.36537130058991
302538,-557.9459779226934
302539,-462.7934552781951
302540,-596.2694345853367
302541,565.2690399668554
302542,352.0553673944768
302543,-110.52523922762657
302544,-15.372716583128408
302545,-440.6882667471507
302546,720.8502078050412
302547,507.6365352326626
302548,45.055928610559135
302549,140.2084512550573
302550,462.4737092071556
302551,1624.0121837593476
302552,1410.7985111869689
302553,948.2179045648655
302554,1043.3704272093637
302555,909.8944479022222
302556,2071.4329224544144
302557,1858.2192498820357
302558,1395.6386432599322
302559,1490.7911659044303
302560,1065.475615740408
302561,2227.0140902926005
302562,2013.8004177202213
302563,1551.219811098118
302564,1646.3723337426163
302565,-98.00392910444396
302566,1063.534545447748
302567,850.3208728753693
302568,387.740266253266
302569,482.89278889776415
302570,349.4168095906226
302571,1510.9552841428147
302572,1297.741611570436
302573,835.1610049483327
302574,930.3135275928307
302575,504.9979774288085
302576,1666.5364519810005
302577,1453.3227794086217
302578,990.7421727865185
302579,1085.8946954310165
302580,-208.6002295260156
302581,952.9382450261764
302582,739.7245724537977
302583,277.14396583169435
302584,372.2964884761925
302585,238.82050916905098
302586,1400.358983721243
302587,1187.1453111488643
302588,724.5647045267609
302589,819.7172271712591
302590,394.4016770072368
302591,1555.9401515594288
302592,1342.72647898705
302593,880.1458723649467
302594,975.2983950094449
302595,-200.52689158473936
302596,961.0115829674527
302597,747.7979103950739
302598,285.2173037729706
302599,380.3698264174688
302600,246.89384711032733
302601,1408.4323216625194
302602,1195.2186490901404
302603,732.6380424680373
302604,827.7905651125354
302605,402.47501494851304
302606,1564.0134895007052
302607,1350.7998169283264
302608,888.219210306223
302609,983.3717329507213
302610,-406.45857990634363
302611,755.0798946458484
302612,541.8662220734695
302613,79.28561545136631
302614,174.43813809586447
302615,40.962158788722945
302616,1202.500633340915
302617,989.2869607685361
302618,526.7063541464329
302619,621.858876790931
302620,196.54332662690877
302621,1358.0818011791007
302622,1144.8681286067222
302623,682.2875219846187
302624,777.4400446291169
302625,-1031.3509248071275
302626,130.18754974506476
302627,-83.026122827314
302628,-545.6067294494176
302629,-450.4542068049193
302630,-583.9301861120607
302631,577.6082884401313
302632,364.3946158677526
302633,-98.18599075435077
302634,-3.033468109852606
302635,-428.3490182738749
302636,733.1894562783172
302637,519.9757837059384
302638,57.39517708383505
302639,152.5476997283332
302640,474.8129576804315
302641,1636.3514322326234
302642,1423.1377596602447
302643,960.5571530381415
302644,1055.7096756826395
302645,922.2336963754981
302646,2083.7721709276902
302647,1870.5584983553113
302648,1407.977891733208
302649,1503.130414377706
302650,1077.814864213684
302651,2239.3533387658763
302652,2026.139666193497
302653,1563.5590595713938
302654,1658.7115822158921
302655,-85.66468063116815
302656,1075.873793921024
302657,862.6601213486451
302658,400.0795147265418
302659,495.23203737104
302660,361.7560580638984
302661,1523.2945326160905
302662,1310.0808600437117
302663,847.5002534216085
302664,942.6527760661065
302665,517.3372259020842
302666,1678.8757004542763
302667,1465.6620278818975
302668,1003.0814212597942
302669,1098.2339439042923
302670,-359.15936092897914
302671,802.3791136232129
302672,589.1654410508341
302673,126.5848344287308
302674,221.73735707322896
302675,88.26137776608743
302676,1249.7998523182796
302677,1036.5861797459008
302678,574.0055731237975
302679,669.1580957682957
302680,243.84254560427337
302681,1405.3810201564652
302682,1192.1673475840867
302683,729.5867409619833
302684,824.7392636064815
302685,-351.0860229877028
302686,810.4524515644893
302687,597.2387789921105
302688,134.65817237000715
302689,229.8106950145053
302690,96.33471570736378
302691,1257.8731902595557
302692,1044.6595176871772
302693,582.0789110650737
302694,677.2314337095719
302695,251.91588354554972
302696,1413.4543580977415
302697,1200.240685525363
302698,737.6600789032595
302699,832.8126015477578
302700,-557.0177113093071
302701,604.5207632428849
302702,391.30709067050617
302703,-71.27351595159712
302704,23.879006692901044
302705,-109.5969726142406
302706,1051.9415019379514
302707,838.7278293655727
302708,376.14722274346946
302709,471.29974538796756
302710,45.984195223945335
302711,1207.5226697761373
302712,994.3089972037586
302713,531.7283905816553
302714,626.8809132261534
302715,-1181.910056210091
302716,-20.371581657898787
302717,-233.58525423027754
302718,-696.165860852381
302719,-601.0133382078827
302720,-734.4893175150241
302721,427.0491570371678
302722,213.83548446478915
302723,-248.7451221573142
302724,-153.59259951281604
302725,-578.9081496768383
302726,582.6303248753536
302727,369.4166523029749
302728,-93.16395431912838
302729,1.9885683253697835
302730,324.25382627746797
302731,1485.79230082966
302732,1272.5786282572813
302733,809.9980216351778
302734,905.1505442796761
302735,771.6745649725345
302736,1933.2130395247266
302737,1719.9993669523478
302738,1257.4187603302444
302739,1352.5712829747426
302740,927.2557328107205
302741,2088.7942073629124
302742,1875.5805347905336
302743,1412.9999281684304
302744,1508.1524508129287
302745,-236.2238120341317
302746,925.3146625180605
302747,712.1009899456817
302748,249.52038332357824
302749,344.67290596807646
302750,211.196926660935
302751,1372.7354012131268
302752,1159.5217286407483
302753,696.9411220186449
302754,792.0936446631431
302755,366.7780944991208
302756,1528.3165690513129
302757,1315.102896478934
302758,852.5222898568308
302759,947.6748125013289
302760,-346.82011245570334
302761,814.7183620964887
302762,601.50468952411
302763,138.9240829020066
302764,234.07660554650477
302765,100.60062623936324
302766,1262.1391007915554
302767,1048.9254282191766
302768,586.3448215970732
302769,681.4973442415715
302770,256.18179407754906
302771,1417.7202686297412
302772,1204.5065960573625
302773,741.9259894352591
302774,837.0785120797573
302775,-338.746774514427
302776,822.7917000377649
302777,609.5780274653863
302778,146.99742084328295
302779,242.14994348778112
302780,108.67396418063959
302781,1270.2124387328317
302782,1056.9987661604528
302783,594.4181595383495
302784,689.5706821828477
302785,264.2551320188254
302786,1425.7936065710173
302787,1212.5799339986388
302788,749.9993273765353
302789,845.1518500210336
302790,-544.6784628360313
302791,616.8600117161607
302792,403.6463391437819
302793,-58.93426747832143
302794,36.21825516617673
302795,-97.2577241409648
302796,1064.2807504112272
302797,851.0670778388485
302798,388.48647121674526
302799,483.63899386124336
302800,58.32344369722114
302801,1219.861918249413
302802,1006.6482456770344
302803,544.0676390549311
302804,639.2201616994292
302805,-1169.5708077368151
302806,-8.032333184622985
302807,-221.24600575700174
302808,-683.8266123791052
302809,-588.6740897346069
302810,-722.1500690417486
302811,439.38840551044365
302812,226.17473293806484
302813,-236.4058736840384
302814,-141.25335103954023
302815,-566.5689012035625
302816,594.9695733486294
302817,381.75590077625077
302818,-80.82470584585269
302819,14.327816798645472
302820,336.5930747507437
302821,1498.1315493029356
302822,1284.917876730557
302823,822.3372701084536
302824,917.4897927529519
302825,784.0138134458103
302826,1945.5522879980024
302827,1732.3386154256236
302828,1269.7580088035202
302829,1364.9105314480184
302830,939.5949812839962
302831,2101.133455836188
302832,1887.9197832638094
302833,1425.3391766417062
302834,1520.4916992862045
302835,-223.8845635608559
302836,937.6539109913361
302837,724.4402384189574
302838,261.85963179685405
302839,357.01215444135227
302840,223.53617513421068
302841,1385.0746496864028
302842,1171.860977114024
302843,709.2803704919207
302844,804.4328931364189
302845,379.1173429723965
302846,1540.6558175245887
302847,1327.44214495221
302848,864.8615383301066
302849,960.0140609746047
302850,-334.48086398242754
302851,827.0576105697645
302852,613.8439379973859
302853,151.2633313752824
302854,246.41585401978062
302855,112.93987471263904
302856,1274.4783492648312
302857,1061.2646766924524
302858,598.684070070349
302859,693.8365927148473
302860,268.52104255082486
302861,1430.059517103017
302862,1216.8458445306383
302863,754.2652379085349
302864,849.4177605530331
302865,-326.4075260411512
302866,835.1309485110409
302867,621.9172759386621
302868,159.33666931655875
302869,254.48919196105692
302870,121.01321265391539
302871,1282.5516872061075
302872,1069.3380146337286
302873,606.7574080116253
302874,701.9099306561235
302875,276.5943804921012
302876,1438.1328550442934
302877,1224.9191824719146
302878,762.3385758498111
302879,857.4910984943094
302880,-532.3392143627555
302881,629.1992601894365
302882,415.9855876170577
302883,-46.59501900504563
302884,48.55750363945265
302885,-84.91847566768911
302886,1076.619998884503
302887,863.4063263121243
302888,400.825719690021
302889,495.97824233451917
302890,70.66269217049683
302891,1232.2011667226889
302892,1018.9874941503101
302893,556.4068875282068
302894,651.559410172705
302895,-1157.2315592635393
302896,4.306915288652931
302897,-208.90675728372582
302898,-671.4873639058292
302899,-576.3348412613311
302900,-709.8108205684728
302901,451.7276539837195
302902,238.51398141134075
302903,-224.0666252107626
302904,-128.91410256626443
302905,-554.2296527302867
302906,607.3088218219052
302907,394.0951492495265
302908,-68.48545737257689
302909,26.667065271921388
302910,348.9323232240195
302911,1510.4707977762116
302912,1297.2571252038329
302913,834.6765185817294
302914,929.8290412262277
302915,796.353061919086
302916,1957.8915364712782
302917,1744.6778638988994
302918,1282.0972572767962
302919,1377.2497799212942
302920,951.934229757272
302921,2113.4727043094645
302922,1900.2590317370853
302923,1437.678425114982
302924,1532.8309477594803
302925,-211.5453150875801
302926,949.9931594646121
302927,736.7794868922333
302928,274.1988802701299
302929,369.3514029146281
302930,235.87542360748648
302931,1397.4138981596786
302932,1184.2002255872999
302933,721.6196189651965
302934,816.7721416096947
302935,391.4565914456724
302936,1552.9950659978645
302937,1339.7813934254857
302938,877.2007868033824
302939,972.3533094478805
302940,-322.14161550915173
302941,839.3968590430403
302942,626.1831864706616
302943,163.6025798485582
302944,258.75510249305637
302945,125.27912318591484
302946,1286.817597738107
302947,1073.6039251657282
302948,611.0233185436248
302949,706.1758411881231
302950,280.8602910241008
302951,1442.3987655762926
302952,1229.185093003914
302953,766.6044863818107
302954,861.7570090263089
302955,-314.0682775678754
302956,847.4701969843167
302957,634.2565244119379
302958,171.67591778983456
302959,266.8284404343327
302960,133.3524611271912
302961,1294.8909356793831
302962,1081.6772631070044
302963,619.0966564849011
302964,714.2491791293993
302965,288.9336289653771
302966,1450.472103517569
302967,1237.2584309451904
302968,774.677824323087
302969,869.8303469675852
302970,-519.9999658894797
302971,641.5385086627123
302972,428.3248360903336
302973,-34.25577053176971
302974,60.89675211272845
302975,-72.57922719441319
302976,1088.9592473577788
302977,875.7455747854001
302978,413.1649681632968
302979,508.3174908077949
302980,83.00194064377274
302981,1244.5404151959647
302982,1031.3267426235861
302983,568.7461360014826
302984,663.8986586459808
302985,-1144.8923107902635
302986,16.64616376192862
302987,-196.56750881045014
302988,-659.1481154325536
302989,-563.9955927880553
302990,-697.4715720951967
302991,464.0669024569952
302992,250.85322988461655
302993,-211.7273767374868
302994,-116.57485409298863
302995,-541.8904042570109
302996,619.648070295181
302997,406.4343977228023
302998,-56.14620889930097
302999,39.00631374519719
303000,361.27157169729537
303001,1522.8100462494874
303002,1309.5963736771087
303003,847.0157670550053
303004,942.1682896995035
303005,808.692310392362
303006,1970.230784944554
303007,1757.0171123721752
303008,1294.4365057500718
303009,1389.58902839457
303010,964.2734782305479
303011,2125.81195278274
303012,1912.598280210361
303013,1450.0176735882578
303014,1545.170196232756
303015,-199.2060666143043
303016,962.3324079378879
303017,749.1187353655091
303018,286.53812874340565
303019,381.69065138790387
303020,248.21467208076228
303021,1409.7531466329542
303022,1196.5394740605757
303023,733.9588674384723
303024,829.1113900829705
303025,403.7958399189482
303026,1565.3343144711403
303027,1352.1206418987615
303028,889.5400352766582
303029,984.6925579211563
303030,-309.80236703587593
303031,851.7361075163161
303032,638.5224349439374
303033,175.941828321834
303034,271.0943509663322
303035,137.61837165919064
303036,1299.1568462113828
303037,1085.943173639004
303038,623.3625670169006
303039,718.5150896613989
303040,293.19953949737646
303041,1454.7380140495686
303042,1241.5243414771899
303043,778.9437348550865
303044,874.0962574995847
303045,-301.7290290945996
303046,859.8094454575923
303047,646.5957728852137
303048,184.01516626311025
303049,279.16768890760846
303050,145.691709600467
303051,1307.2301841526591
303052,1094.0165115802802
303053,631.4359049581769
303054,726.5884276026751
303055,301.2728774386528
303056,1462.8113519908447
303057,1249.5976794184662
303058,787.0170727963628
303059,882.169595440861
303060,-507.66071741620385
303061,653.8777571359881
303062,440.6640845636093
303063,-21.916522058494024
303064,73.23600058600414
303065,-60.23997872113739
303066,1101.2984958310547
303067,888.0848232586759
303068,425.5042166365726
303069,520.6567392810707
303070,95.34118911704854
303071,1256.8796636692405
303072,1043.665991096862
303073,581.0853844747585
303074,676.2379071192566
303075,-1132.5530623169875
303076,28.98541223520442
303077,-184.22826033717433
303078,-646.8088669592776
303079,-551.6563443147793
303080,-685.1323236219212
303081,476.40615093027105
303082,263.1924783578923
303083,-199.388128264211
303084,-104.23560561971294
303085,-529.5511557837351
303086,631.9873187684568
303087,418.7736461960782
303088,-43.806960426025285
303089,51.34556221847288
303090,373.6108201705711
303091,1535.149294722763
303092,1321.9356221503845
303093,859.355015528281
303094,954.5075381727793
303095,821.0315588656377
303096,1982.5700334178298
303097,1769.356360845451
303098,1306.7757542233476
303099,1401.9282768678459
303100,976.6127267038236
303101,2138.1512012560156
303102,1924.9375286836369
303103,1462.3569220615336
303104,1557.5094447060317
303105,-186.8668181410285
303106,974.6716564111636
303107,761.4579838387849
303108,298.87737721668145
303109,394.0298998611797
303110,260.55392055403814
303111,1422.0923951062302
303112,1208.8787225338515
303113,746.2981159117481
303114,841.4506385562463
303115,416.1350883922239
303116,1577.673562944416
303117,1364.4598903720373
303118,901.879283749934
303119,997.0318063944321
303120,-220.93101356387308
303121,940.607460988319
303122,727.3937884159402
303123,264.8131817938369
303124,359.96570443833514
303125,226.4897251311935
303126,1388.0281996833855
303127,1174.8145271110068
303128,712.2339204889035
303129,807.3864431334017
303130,382.0708929693793
303131,1543.6093675215716
303132,1330.3956949491926
303133,867.8150883270894
303134,962.9676109715875
303135,-212.85767562259673
303136,948.6807989295953
303137,735.4671263572166
303138,272.8865197351132
303139,368.03904237961143
303140,234.56306307246984
303141,1396.101537624662
303142,1182.8878650522831
303143,720.3072584301799
303144,815.459781074678
303145,390.14423091065566
303146,1551.6827054628477
303147,1338.469032890469
303148,875.8884262683656
303149,971.0409489128638
303150,-418.7893639442011
303151,742.7491106079909
303152,529.5354380356122
303153,66.95483141350883
303154,162.1073540580071
303155,28.63137475086546
303156,1190.1698493030576
303157,976.9561767306789
303158,514.3755701085755
303159,609.5280927530737
303160,184.21254258905128
303161,1345.7510171412434
303162,1132.5373445688647
303163,669.9567379467612
303164,765.1092605912595
303165,-1043.681708844985
303166,117.85676570720739
303167,-95.35690686517137
303168,-557.937513487275
303169,-462.7849908427768
303170,-596.2609701499182
303171,565.277504402274
303172,352.06383182989515
303173,-110.51677479220814
303174,-15.364252147709976
303175,-440.6798023117324
303176,720.8586722404598
303177,507.64499966808097
303178,45.06439304597757
303179,140.21691569047584
303180,462.482173642574
303181,1624.0206481947662
303182,1410.8069756223874
303183,948.226369000284
303184,1043.3788916447822
303185,909.9029123376406
303186,2071.4413868898328
303187,1858.227714317454
303188,1395.6471076953508
303189,1490.7996303398488
303190,1065.4840801758264
303191,2227.022554728019
303192,2013.8088821556398
303193,1551.2282755335364
303194,1646.3807981780346
303195,-97.99546466902552
303196,1063.5430098831666
303197,850.3293373107878
303198,387.7487306886844
303199,482.9012533331826
303200,349.42527402604105
303201,1510.9637485782332
303202,1297.7500760058542
303203,835.1694693837511
303204,930.3219920282492
303205,505.0064418642269
303206,1666.544916416419
303207,1453.3312438440403
303208,990.7506372219368
303209,1085.903159866435
303210,-208.59176509059716
303211,952.9467094615948
303212,739.733036889216
303213,277.1524302671127
303214,372.3049529116109
303215,238.8289736044694
303216,1400.3674481566613
303217,1187.1537755842826
303218,724.5731689621794
303219,819.7256916066775
303220,394.4101414426552
303221,1555.9486159948472
303222,1342.7349434224684
303223,880.1543368003652
303224,975.3068594448632
303225,-200.51842714932104
303226,961.0200474028711
303227,747.8063748304924
303228,285.225768208389
303229,380.3782908528872
303230,246.9023115457457
303231,1408.4407860979377
303232,1195.227113525559
303233,732.6465069034557
303234,827.7990295479538
303235,402.4834793839314
303236,1564.0219539361235
303237,1350.8082813637448
303238,888.2276747416414
303239,983.3801973861396
303240,-406.4501154709253
303241,755.0883590812667
303242,541.8746865088881
303243,79.29407988678463
303244,174.4466025312829
303245,40.970623224141264
303246,1202.5090977763334
303247,989.2954252039546
303248,526.7148185818513
303249,621.8673412263495
303250,196.5517910623272
303251,1358.0902656145192
303252,1144.8765930421405
303253,682.295986420037
303254,777.4485090645353
303255,-1031.3424603717087
303256,130.19601418048308
303257,-83.01765839189557
303258,-545.598265013999
303259,-450.44574236950075
303260,-583.9217216766422
303261,577.6167528755497
303262,364.40308030317095
303263,-98.17752631893234
303264,-3.025003674434174
303265,-428.3405538384566
303266,733.1979207137355
303267,519.9842481413568
303268,57.40364151925337
303269,152.55616416375165
303270,474.8214221158499
303271,1636.359896668042
303272,1423.146224095663
303273,960.5656174735598
303274,1055.718140118058
303275,922.2421608109164
303276,2083.7806353631086
303277,1870.5669627907298
303278,1407.9863561686266
303279,1503.1388788131246
303280,1077.8233286491022
303281,2239.3618032012946
303282,2026.1481306289156
303283,1563.5675240068122
303284,1658.7200466513104
303285,-85.65621619574972
303286,1075.8822583564422
303287,862.6685857840635
303288,400.08797916196016
303289,495.2405018064584
303290,361.7645224993168
303291,1523.3029970515088
303292,1310.08932447913
303293,847.5087178570268
303294,942.661240501525
303295,517.3456903375027
303296,1678.8841648896946
303297,1465.670492317316
303298,1003.0898856952126
303299,1098.242408339711
303300,-359.1508964935608
303301,802.3875780586313
303302,589.1739054862526
303303,126.59329886414923
303304,221.7458215086474
303305,88.26984220150587
303306,1249.808316753698
303307,1036.5946441813192
303308,574.0140375592159
303309,669.166560203714
303310,243.8510100396917
303311,1405.3894845918837
303312,1192.175812019505
303313,729.5952053974017
303314,824.7477280418999
303315,-351.0775585522845
303316,810.4609159999076
303317,597.2472434275289
303318,134.66663680542547
303319,229.81915944992375
303320,96.34318014278222
303321,1257.8816546949743
303322,1044.6679821225955
303323,582.0873755004922
303324,677.2398981449903
303325,251.92434798096804
303326,1413.46282253316
303327,1200.2491499607813
303328,737.668543338678
303329,832.8210659831761
303330,-557.0092468738887
303331,604.5292276783032
303332,391.3155551059245
303333,-71.2650515161788
303334,23.887471128319362
303335,-109.58850817882217
303336,1051.9499663733698
303337,838.7362938009911
303338,376.15568717888783
303339,471.30820982338594
303340,45.99265965936365
303341,1207.5311342115556
303342,994.317461639177
303343,531.7368550170736
303344,626.8893776615719
303345,-1181.9015917746726
303346,-20.363117222480355
303347,-233.5767897948591
303348,-696.1573964169627
303349,-601.0048737724644
303350,-734.4808530796058
303351,427.0576214725862
303352,213.84394890020747
303353,-248.73665772189588
303354,-153.58413507739772
303355,-578.89968524142
303356,582.638789310772
303357,369.42511673839334
303358,-93.15548988371006
303359,1.9970327607881018
303360,324.26229071288634
303361,1485.8007652650783
303362,1272.5870926926996
303363,810.0064860705962
303364,905.1590087150944
303365,771.683029407953
303366,1933.221503960145
303367,1720.0078313877661
303368,1257.427224765663
303369,1352.579747410161
303370,927.2641972461388
303371,2088.802671798331
303372,1875.5889992259522
303373,1413.0083926038487
303374,1508.160915248347
303375,-236.21534759871338
303376,925.3231269534788
303377,712.1094543811
303378,249.52884775899668
303379,344.68137040349484
303380,211.2053910963533
303381,1372.7438656485454
303382,1159.5301930761666
303383,696.9495864540634
303384,792.1021090985615
303385,366.78655893453913
303386,1528.3250334867312
303387,1315.1113609143526
303388,852.5307542922492
303389,947.6832769367473
303390,-346.811648020285
303391,814.7268265319071
303392,601.5131539595284
303393,138.93254733742504
303394,234.0850699819232
303395,100.60909067478167
303396,1262.1475652269737
303397,1048.933892654595
303398,586.3532860324917
303399,681.5058086769898
303400,256.1902585129675
303401,1417.7287330651598
303402,1204.5150604927808
303403,741.9344538706775
303404,837.0869765151757
303405,-338.73831007900867
303406,822.8001644731835
303407,609.5864919008047
303408,147.00588527870127
303409,242.15840792319955
303410,108.68242861605802
303411,1270.22090316825
303412,1057.0072305958713
303413,594.426623973768
303414,689.5791466182661
303415,264.26359645424384
303416,1425.8020710064359
303417,1212.5883984340571
303418,750.0077918119538
303419,845.1603144564519
303420,-544.6699984006129
303421,616.8684761515791
303422,403.65480357920035
303423,-58.925803042903
303424,36.226719601595164
303425,-97.24925970554636
303426,1064.2892148466458
303427,851.0755422742669
303428,388.49493565216363
303429,483.6474582966618
303430,58.331908132639455
303431,1219.8703826848316
303432,1006.6567101124529
303433,544.0761034903494
303434,639.2286261348477
303435,-1169.5623433013966
303436,-8.023868749204553
303437,-221.2375413215833
303438,-683.8181479436867
303439,-588.6656252991884
303440,-722.14160460633
303441,439.3968699458621
303442,226.18319737348338
303443,-236.39740924861997
303444,-141.2448866041218
303445,-566.5604367681442
303446,594.978037784048
303447,381.76436521166914
303448,-80.81624141043426
303449,14.336281234063904
303450,336.60153918616214
303451,1498.1400137383541
303452,1284.9263411659754
303453,822.3457345438721
303454,917.4982571883704
303455,784.0222778812288
303456,1945.560752433421
303457,1732.3470798610422
303458,1269.7664732389387
303459,1364.918995883437
303460,939.6034457194146
303461,2101.141920271607
303462,1887.9282476992278
303463,1425.3476410771245
303464,1520.5001637216228
303465,-223.87609912543758
303466,937.6623754267546
303467,724.4487028543758
303468,261.8680962322725
303469,357.0206188767707
303470,223.5446395696291
303471,1385.0831141218212
303472,1171.8694415494424
303473,709.2888349273392
303474,804.4413575718373
303475,379.12580740781493
303476,1540.664281960007
303477,1327.4506093876284
303478,864.870002765525
303479,960.0225254100231
303480,-334.4723995470092
303481,827.0660750051829
303482,613.8524024328042
303483,151.27179581070084
303484,246.424318455199
303485,112.94833914805736
303486,1274.4868137002495
303487,1061.2731411278708
303488,598.6925345057674
303489,693.8450571502656
303490,268.5295069862433
303491,1430.0679815384353
303492,1216.8543089660566
303493,754.2737023439533
303494,849.4262249884515
303495,-326.39906160573287
303496,835.1394129464592
303497,621.9257403740805
303498,159.34513375197707
303499,254.4976563964753
303500,121.0216770893337
303501,1282.5601516415259
303502,1069.346479069147
303503,606.7658724470438
303504,701.9183950915419
303505,276.60284492751964
303506,1438.1413194797117
303507,1224.927646907333
303508,762.3470402852296
303509,857.4995629297277
303510,-532.3307499273371
303511,629.2077246248549
303512,415.99405205247615
303513,-46.5865545696272
303514,48.56596807487108
303515,-84.91001123227068
303516,1076.6284633199216
303517,863.4147907475427
303518,400.8341841254394
303519,495.98670676993754
303520,70.67115660591526
303521,1232.2096311581072
303522,1018.9959585857287
303523,556.4153519636252
303524,651.5678746081234
303525,-1157.223094828121
303526,4.315379724071249
303527,-208.8982928483075
303528,-671.4788994704109
303529,-576.3263768259128
303530,-709.8023561330542
303531,451.7361184191378
303532,238.52244584675918
303533,-224.05816077534416
303534,-128.905638130846
303535,-554.2211882948684
303536,607.3172862573235
303537,394.1036136849449
303538,-68.47699293715846
303539,26.67552970733982
303540,348.9407876594379
303541,1510.4792622116302
303542,1297.2655896392512
303543,834.6849830171478
303544,929.8375056616461
303545,796.3615263545045
303546,1957.9000009066965
303547,1744.6863283343177
303548,1282.1057217122145
303549,1377.2582443567126
303550,951.9426941926904
303551,2113.481168744883
303552,1900.2674961725038
303553,1437.6868895504003
303554,1532.8394121948986
303555,-211.53685065216166
303556,950.0016239000304
303557,736.7879513276516
303558,274.2073447055483
303559,369.3598673500465
303560,235.8838880429049
303561,1397.422362595097
303562,1184.2086900227182
303563,721.628083400615
303564,816.7806060451131
303565,391.46505588109085
303566,1553.0035304332828
303567,1339.7898578609042
303568,877.2092512388008
303569,972.361773883299
303570,-322.1331510737334
303571,839.4053234784587
303572,626.19165090608
303573,163.61104428397653
303574,258.7635669284748
303575,125.28758762133327
303576,1286.8260621735253
303577,1073.6123896011466
303578,611.0317829790433
303579,706.1843056235414
303580,280.86875545951915
303581,1442.4072300117111
303582,1229.1935574393324
303583,766.6129508172291
303584,861.7654734617273
303585,-314.05981313245707
303586,847.478661419735
303587,634.2649888473562
303588,171.68438222525288
303589,266.83690486975104
303590,133.36092556260962
303591,1294.8994001148017
303592,1081.685727542423
303593,619.1051209203196
303594,714.2576435648177
303595,288.9420934007955
303596,1450.4805679529875
303597,1237.2668953806087
303598,774.6862887585054
303599,869.8388114030035
303600,-519.9915014540613
303601,641.5469730981306
303602,428.3333005257519
303603,-34.247306096351394
303604,60.90521654814677
303605,-72.57076275899476
303606,1088.9677117931972
303607,875.7540392208185
303608,413.17343259871524
303609,508.32595524321334
303610,83.01040507919106
303611,1244.548879631383
303612,1031.3352070590045
303613,568.754600436901
303614,663.9071230813993
303615,-1144.8838463548448
303616,16.65462819734705
303617,-196.5590443750317
303618,-659.139650997135
303619,-563.9871283526368
303620,-697.4631076597784
303621,464.0753668924136
303622,250.86169432003487
303623,-211.71891230206847
303624,-116.56638965757031
303625,-541.8819398215926
303626,619.6565347305994
303627,406.44286215822075
303628,-56.137744463882655
303629,39.01477818061551
303630,361.28003613271375
303631,1522.8185106849057
303632,1309.604838112527
303633,847.0242314904237
303634,942.1767541349218
303635,808.7007748277804
303636,1970.2392493799723
303637,1757.0255768075936
303638,1294.4449701854903
303639,1389.5974928299884
303640,964.2819426659662
303641,2125.8204172181586
303642,1912.6067446457796
303643,1450.0261380236761
303644,1545.1786606681744
303645,-199.19760217888597
303646,962.3408723733062
303647,749.1271998009274
303648,286.5465931788241
303649,381.69911582332224
303650,248.22313651618072
303651,1409.7616110683728
303652,1196.547938495994
303653,733.9673318738908
303654,829.1198545183889
303655,403.8043043543666
303656,1565.3427789065586
303657,1352.12910633418
303658,889.5484997120766
303659,984.7010223565748
303660,-309.7939026004576
303661,851.7445719517345
303662,638.5308993793558
303663,175.95029275725244
303664,271.1028154017506
303665,137.62683609460908
303666,1299.1653106468011
303667,1085.9516380744224
303668,623.371031452319
303669,718.5235540968172
303670,293.2080039327949
303671,1454.746478484987
303672,1241.5328059126082
303673,778.952199290505
303674,874.104721935003
303675,-301.72056465918126
303676,859.8179098930108
303677,646.6042373206321
303678,184.02363069852868
303679,279.1761533430269
303680,145.70017403588542
303681,1307.2386485880775
303682,1094.0249760156987
303683,631.4443693935954
303684,726.5968920380935
303685,301.28134187407125
303686,1462.8198164262633
303687,1249.6061438538845
303688,787.0255372317812
303689,882.1780598762793
303690,-507.65225298078553
303691,653.8862215714065
303692,440.67254899902775
303693,-21.908057623075592
303694,73.24446502142257
303695,-60.23151428571896
303696,1101.3069602664732
303697,888.0932876940943
303698,425.51268107199104
303699,520.6652037164891
303700,95.34965355246686
303701,1256.8881281046588
303702,1043.6744555322803
303703,581.0938489101768
303704,676.2463715546751
303705,-1132.5445978815692
303706,28.993876670622853
303707,-184.2197959017559
303708,-646.8004025238592
303709,-551.647879879361
303710,-685.1238591865026
303711,476.4146153656895
303712,263.20094279331073
303713,-199.37966382879256
303714,-104.22714118429451
303715,-529.5426913483168
303716,631.9957832038752
303717,418.7821106314965
303718,-43.79849599060685
303719,51.35402665389131
303720,373.61928460598955
303721,1535.1577591581815
303722,1321.9440865858028
303723,859.3634799636995
303724,954.5160026081976
303725,821.0400233010562
303726,1982.578497853248
303727,1769.3648252808694
303728,1306.7842186587661
303729,1401.9367413032642
303730,976.621191139242
303731,2138.1596656914344
303732,1924.9459931190552
303733,1462.365386496952
303734,1557.5179091414502
303735,-186.85835370561017
303736,974.680120846582
303737,761.4664482742032
303738,298.8858416520999
303739,394.0383642965981
303740,260.5623849894565
303741,1422.1008595416486
303742,1208.8871869692698
303743,746.3065803471666
303744,841.4591029916647
303745,416.14355282764234
303746,1577.6820273798344
303747,1364.4683548074559
303748,901.8877481853524
303749,997.0402708298506
303750,-220.92254912845465
303751,940.6159254237374
303752,727.4022528513586
303753,264.8216462292553
303754,359.9741688737535
303755,226.49818956661193
303756,1388.0366641188039
303757,1174.8229915464253
303758,712.2423849243219
303759,807.3949075688201
303760,382.07935740479775
303761,1543.61783195699
303762,1330.4041593846111
303763,867.8235527625077
303764,962.976075407006
303765,-212.8492111871783
303766,948.6892633650136
303767,735.4755907926349
303768,272.8949841705316
303769,368.0475068150298
303770,234.57152750788828
303771,1396.1100020600802
303772,1182.8963294877017
303773,720.3157228655982
303774,815.4682455100964
303775,390.1526953460741
303776,1551.691169898266
303777,1338.4774973258873
303778,875.896890703784
303779,971.0494133482823
303780,-418.7808995087828
303781,742.7575750434094
303782,529.5439024710306
303783,66.96329584892726
303784,162.11581849342542
303785,28.639839186283893
303786,1190.178313738476
303787,976.9646411660972
303788,514.384034543994
303789,609.536557188492
303790,184.2210070244697
303791,1345.7594815766618
303792,1132.545809004283
303793,669.9652023821797
303794,765.1177250266778
303795,-1043.6732444095662
303796,117.8652301426257
303797,-95.34844242975305
303798,-557.9290490518563
303799,-462.77652640735823
303800,-596.2525057144996
303801,565.2859688376923
303802,352.0722962653136
303803,-110.5083103567897
303804,-15.355787712291544
303805,-440.67133787631406
303806,720.8671366758781
303807,507.65346410349935
303808,45.072857481396
303809,140.22538012589416
303810,462.4906380779924
303811,1624.0291126301845
303812,1410.8154400578057
303813,948.2348334357023
303814,1043.3873560802006
303815,909.911376773059
303816,2071.449851325251
303817,1858.2361787528723
303818,1395.655572130769
303819,1490.8080947752674
303820,1065.4925446112447
303821,2227.031019163437
303822,2013.8173465910584
303823,1551.2367399689547
303824,1646.389262613453
303825,-97.9870002336072
303826,1063.551474318585
303827,850.3378017462062
303828,387.7571951241028
303829,482.90971776860096
303830,349.4337384614594
303831,1510.9722130136515
303832,1297.7585404412728
303833,835.1779338191694
303834,930.3304564636676
303835,505.0149062996453
303836,1666.5533808518373
303837,1453.3397082794586
303838,990.7591016573552
303839,1085.9116243018534
303840,-208.58330065517885
303841,952.9551738970132
303842,739.7415013246344
303843,277.1608947025311
303844,372.31341734702926
303845,238.83743803988773
303846,1400.3759125920799
303847,1187.1622400197011
303848,724.5816333975978
303849,819.734156042096
303850,394.4186058780736
303851,1555.9570804302657
303852,1342.7434078578867
303853,880.1628012357835
303854,975.3153238802818
303855,-200.5099627139026
303856,961.0285118382894
303857,747.8148392659107
303858,285.23423264380733
303859,380.38675528830555
303860,246.91077598116414
303861,1408.4492505333562
303862,1195.2355779609775
303863,732.654971338874
303864,827.8074939833722
303865,402.49194381934984
303866,1564.030418371542
303867,1350.816745799163
303868,888.2361391770598
303869,983.388661821558
303870,-406.441651035507
303871,755.0968235166852
303872,541.8831509443064
303873,79.30254432220295
303874,174.45506696670122
303875,40.979087659559696
303876,1202.5175622117517
303877,989.303889639373
303878,526.7232830172698
303879,621.8758056617678
303880,196.56025549774563
303881,1358.0987300499376
303882,1144.8850574775588
303883,682.3044508554555
303884,777.4569734999536
303885,-1031.3339959362904
303886,130.2044786159015
303887,-83.00919395647725
303888,-545.5898005785807
303889,-450.43727793408243
303890,-583.9132572412238
303891,577.6252173109682
303892,364.4115447385894
303893,-98.16906188351402
303894,-3.016539239015856
303895,-428.33208940303825
303896,733.206385149154
303897,519.9927125767751
303898,57.41210595467169
303899,152.56462859916996
303900,474.82988655126826
303901,1636.3683611034603
303902,1423.1546885310815
303903,960.5740819089782
303904,1055.7266045534764
303905,922.2506252463348
303906,2083.789099798527
303907,1870.5754272261481
303908,1407.994820604045
303909,1503.147343248543
303910,1077.8317930845208
303911,2239.370267636713
303912,2026.156595064334
303913,1563.5759884422307
303914,1658.7285110867288
303915,-85.6477517603314
303916,1075.8907227918608
303917,862.6770502194819
303918,400.09644359737854
303919,495.24896624187676
303920,361.77298693473523
303921,1523.3114614869273
303922,1310.0977889145486
303923,847.5171822924452
303924,942.6697049369434
303925,517.354154772921
303926,1678.8926293251131
303927,1465.6789567527344
303928,1003.0983501306309
303929,1098.2508727751292
303930,-360.12739611429424
303931,801.4110784378977
303932,588.1974058655189
303933,125.6167992434157
303934,220.76932188791386
303935,87.29334258077233
303936,1248.8318171329643
303937,1035.6181445605855
303938,573.0375379384823
303939,668.1900605829804
303940,242.87451041895815
303941,1404.4129849711503
303942,1191.1993123987713
303943,728.6187057766681
303944,823.7712284211663
303945,-352.0540581730179
303946,809.484416379174
303947,596.2707438067953
303948,133.69013718469193
303949,228.8426598291901
303950,95.36668052204868
303951,1256.9051550742406
303952,1043.6914825018619
303953,581.1108758797586
303954,676.2633985242567
303955,250.9478483602345
303956,1412.4863229124267
303957,1199.2726503400477
303958,736.6920437179444
303959,831.8445663624426
303960,-557.9857464946224
303961,603.5527280575697
303962,390.33905548519095
303963,-72.24155113691234
303964,22.910971507585828
303965,-110.5650077995557
303966,1050.9734667526363
303967,837.7597941802576
303968,375.17918755815424
303969,470.33171020265235
303970,45.01616003863012
303971,1206.5546345908222
303972,993.3409620184434
303973,530.7603553963401
303974,625.9128780408382
303975,-1182.878091395406
303976,-21.33961684321389
303977,-234.55328941559264
303978,-697.1338960376961
303979,-601.981373393198
303980,-735.4573527003392
303981,426.0811218518527
303982,212.86744927947393
303983,-249.71315734262942
303984,-154.56063469813125
303985,-579.8761848621537
303986,581.6622896900385
303987,368.44861711765975
303988,-94.1319895044436
303989,1.0205331400545674
303990,323.2857910921527
303991,1484.8242656443447
303992,1271.610593071966
303993,809.0299864498627
303994,904.1825090943607
303995,770.7065297872193
303996,1932.2450043394113
303997,1719.0313317670325
303998,1256.4507251449293
303999,1351.6032477894273
304000,926.2876976254051
304001,2087.826172177597
304002,1874.6124996052183
304003,1412.031892983115
304004,1507.1844156276134
304005,-237.1918472194468
304006,924.3466273327451
304007,711.1329547603665
304008,248.55234813826314
304009,343.7048707827613
304010,210.22889147561978
304011,1371.767366027812
304012,1158.553693455433
304013,695.9730868333297
304014,791.1256094778279
304015,365.8100593138056
304016,1527.3485338659975
304017,1314.134861293619
304018,851.5542546715155
304019,946.7067773160138
304020,-347.78814764101867
304021,813.7503269111735
304022,600.5366543387947
304023,137.9560477166915
304024,233.10857036118955
304025,99.63259105404802
304026,1261.17106560624
304027,1047.9573930338615
304028,585.3767864117581
304029,680.5293090562562
304030,255.21375889223395
304031,1416.752233444426
304032,1203.5385608720474
304033,740.9579542499439
304034,836.1104768944421
304035,-339.7148096997423
304036,821.8236648524498
304037,608.6099922800711
304038,146.02938565796774
304039,241.1819083024659
304040,107.70592899532437
304041,1269.2444035475164
304042,1056.0307309751377
304043,593.4501243530344
304044,688.6026469975325
304045,263.2870968335103
304046,1424.8255713857025
304047,1211.6118988133235
304048,749.0312921912202
304049,844.1838148357184
304050,-545.6464980213466
304051,615.8919765308455
304052,402.67830395846676
304053,-59.90230266363653
304054,35.25021998086163
304055,-98.22575932628001
304056,1063.3127152259121
304057,850.0990426535334
304058,387.51843603143004
304059,482.67095867592815
304060,57.35540851190592
304061,1218.893883064098
304062,1005.6802104917192
304063,543.0996038696159
304064,638.252126514114
304065,-1170.53884292213
304066,-9.0003683699382
304067,-222.21404094231684
304068,-684.7946475644201
304069,-589.642124919922
304070,-723.1181042270634
304071,438.4203703251285
304072,225.20669775274973
304073,-237.3739088693536
304074,-142.22138622485545
304075,-567.5369363888778
304076,594.0015381633143
304077,380.78786559093555
304078,-81.7927410311678
304079,13.35978161333037
304080,335.62503956542844
304081,1497.1635141176205
304082,1283.9498415452417
304083,821.3692349231385
304084,916.5217575676367
304085,783.045778260495
304086,1944.5842528126873
304087,1731.3705802403083
304088,1268.789973618205
304089,1363.9424962627031
304090,938.626946098681
304091,2100.165420650873
304092,1886.9517480784941
304093,1424.371141456391
304094,1519.5236641008892
304095,-224.8525987461711
304096,936.6858758060209
304097,723.4722032336423
304098,260.8915966115389
304099,356.04411925603705
304100,222.56813994889546
304101,1384.1066145010877
304102,1170.8929419287088
304103,708.3123353066055
304104,803.4648579511037
304105,378.1493077870814
304106,1539.6877823392736
304107,1326.4741097668948
304108,863.8935031447913
304109,959.0460257892896
304110,-335.44889916774287
304111,826.0895753844493
304112,612.8759028120705
304113,150.2952961899672
304114,245.44781883446535
304115,111.97183952732382
304116,1273.5103140795159
304117,1060.2966415071373
304118,597.7160348850339
304119,692.868557529532
304120,267.5530073655097
304121,1429.091481917702
304122,1215.877809345323
304123,753.2972027232197
304124,848.4497253677179
304125,-327.3755612264665
304126,834.1629133257256
304127,620.9492407533469
304128,158.36863413124343
304129,253.5211567757417
304130,120.04517746860017
304131,1281.5836520207922
304132,1068.3699794484135
304133,605.7893728263102
304134,700.9418954708083
304135,275.62634530678605
304136,1437.164819858978
304137,1223.9511472865993
304138,761.370540664496
304139,856.5230633089942
304140,-533.3072495480708
304141,628.2312250041213
304142,415.0175524317425
304143,-47.563054190360845
304144,47.58946845413732
304145,-85.88651085300421
304146,1075.651963699188
304147,862.4382911268092
304148,399.8576845047058
304149,495.01020714920395
304150,69.69465698518161
304151,1231.2331315373738
304152,1018.019458964995
304153,555.4388523428917
304154,650.5913749873898
304155,-1158.1995944488544
304156,3.338880103337601
304157,-209.87479246904115
304158,-672.4553990911445
304159,-577.3028764466462
304160,-710.7788557537879
304161,450.75961879840423
304162,237.54594622602542
304163,-225.03466039607792
304164,-129.88213775157965
304165,-555.197687915602
304166,606.3407866365901
304167,393.12711406421136
304168,-69.4534925578921
304169,25.699030086606058
304170,347.9642880387042
304171,1509.5027625908965
304172,1296.2890900185175
304173,833.7084833964143
304174,928.8610060409123
304175,795.3850267337708
304176,1956.9235012859629
304177,1743.709828713584
304178,1281.1292220914809
304179,1376.281744735979
304180,950.9661945719567
304181,2112.5046691241487
304182,1899.2909965517701
304183,1436.7103899296667
304184,1531.862912574165
304185,-212.5133502728952
304186,949.0251242792968
304187,735.8114517069181
304188,273.2308450848147
304189,368.38336772931285
304190,234.90738842217138
304191,1396.4458629743635
304192,1183.2321904019846
304193,720.6515837798813
304194,815.8041064243795
304195,390.48855626035726
304196,1552.0270308125491
304197,1338.8133582401706
304198,876.2327516180671
304199,971.3852742625654
304200,-323.10965069446684
304201,838.4288238577251
304202,625.2151512853463
304203,162.6345446632431
304204,257.7870673077412
304205,124.31108800059974
304206,1285.8495625527917
304207,1072.6358899804131
304208,610.0552833583097
304209,705.2078060028078
304210,279.89225583878556
304211,1441.4307303909777
304212,1228.2170578185987
304213,765.6364511964955
304214,860.7889738409937
304215,-315.0363127531905
304216,846.5021617990014
304217,633.2884892266227
304218,170.70788260451934
304219,265.8604052490175
304220,132.3844259418761
304221,1293.922900494068
304222,1080.7092279216893
304223,618.128621299586
304224,713.2811439440841
304225,287.9655937800619
304226,1449.504068332254
304227,1236.290395759875
304228,773.7097891377718
304229,868.86231178227
304230,-520.968001074795
304231,640.5704734773971
304232,427.3568009050183
304233,-35.22380571708504
304234,59.928716927413234
304235,-73.5472623797283
304236,1087.9912121724637
304237,874.777539600085
304238,412.1969329779816
304239,507.34945562247975
304240,82.03390545845753
304241,1243.5723800106496
304242,1030.3587074382708
304243,567.7781008161675
304244,662.9306234606656
304245,-1145.8603459755784
304246,15.678128576613517
304247,-197.53554399576524
304248,-660.1161506178685
304249,-564.9636279733704
304250,-698.4396072805118
304251,463.0988672716801
304252,249.88519469930134
304253,-212.695411922802
304254,-117.54288927830385
304255,-542.8584394423262
304256,618.6800351098659
304257,405.46636253748716
304258,-57.1142440846163
304259,38.038278559881974
304260,360.3035365119801
304261,1521.842011064172
304262,1308.6283384917933
304263,846.0477318696901
304264,941.2002545141881
304265,807.7242752070467
304266,1969.2627497592387
304267,1756.04907718686
304268,1293.468470564757
304269,1388.6209932092547
304270,963.3054430452326
304271,2124.8439175974245
304272,1911.6302450250457
304273,1449.0496384029425
304274,1544.2021610474408
304275,-200.1741017996194
304276,961.3643727525725
304277,748.1507001801939
304278,285.57009355809055
304279,380.7226162025887
304280,247.24663689544707
304281,1408.7851114476393
304282,1195.5714388752604
304283,732.9908322531571
304284,828.1433548976553
304285,402.827804733633
304286,1564.366279285825
304287,1351.1526067134464
304288,888.5720000913429
304289,983.7245227358412
304290,-310.77040222119126
304291,850.7680723310009
304292,637.5543997586221
304293,174.9737931365189
304294,270.12631578101696
304295,136.65033647387543
304296,1298.1888110260675
304297,1084.9751384536887
304298,622.3945318315855
304299,717.5470544760836
304300,292.23150431206136
304301,1453.7699788642535
304302,1240.5563062918745
304303,777.9756996697713
304304,873.1282223142695
304305,-302.6970642799149
304306,858.8414102722772
304307,645.6277376998985
304308,183.04713107779514
304309,278.1996537222933
304310,144.72367441515178
304311,1306.2621489673438
304312,1093.048476394965
304313,630.4678697728617
304314,725.6203924173599
304315,300.3048422533377
304316,1461.8433168055299
304317,1248.6296442331509
304318,786.0490376110477
304319,881.2015602555457
304320,-508.6287526015192
304321,652.9097219506729
304322,439.69604937829416
304323,-22.884557243809127
304324,72.26796540068904
304325,-61.20801390645261
304326,1100.3304606457395
304327,887.1167880733608
304328,424.5361814512574
304329,519.6887040957556
304330,94.37315393173333
304331,1255.9116284839254
304332,1042.6979559115466
304333,580.1173492894433
304334,675.2698719339414
304335,-1133.5210975023026
304336,28.017377049889205
304337,-185.19629552248944
304338,-647.7769021445927
304339,-552.6243795000946
304340,-686.100358807236
304341,475.4381157449559
304342,262.22444317257714
304343,-200.3561634495262
304344,-105.20364080502804
304345,-530.5191909690504
304346,631.0192835831417
304347,417.80561101076296
304348,-44.77499561134039
304349,50.377527033157776
304350,372.64278498525584
304351,1534.1812595374479
304352,1320.9675869650691
304353,858.3869803429659
304354,953.539502987464
304355,820.0635236803224
304356,1981.6019982325145
304357,1768.3883256601357
304358,1305.8077190380325
304359,1400.9602416825305
304360,975.6446915185084
304361,2137.1831660707003
304362,1923.9694934983215
304363,1461.3888868762183
304364,1556.5414095207166
304365,-187.8348533263437
304366,973.7036212258483
304367,760.4899486534696
304368,297.9093420313663
304369,393.06186467586446
304370,259.5858853687229
304371,1421.1243599209151
304372,1207.9106873485362
304373,745.3300807264329
304374,840.4826033709311
304375,415.1670532069088
304376,1576.705527759101
304377,1363.4918551867222
304378,900.9112485646187
304379,996.063771209117
304380,-221.8990487491883
304381,939.6394258030039
304382,726.425753230625
304383,263.8451466085217
304384,358.99766925301986
304385,225.52168994587828
304386,1387.0601644980704
304387,1173.8464919256917
304388,711.2658853035883
304389,806.4184079480865
304390,381.10285778406416
304391,1542.6413323362563
304392,1329.4276597638775
304393,866.8470531417742
304394,961.9995757862723
304395,-213.82571080791195
304396,947.7127637442801
304397,734.4990911719013
304398,271.918484549798
304399,367.07100719429616
304400,233.59502788715463
304401,1395.1335024393466
304402,1181.919829866968
304403,719.3392232448646
304404,814.4917458893628
304405,389.1761957253405
304406,1550.7146702775326
304407,1337.5009977051536
304408,874.9203910830504
304409,970.0729137275487
304410,-419.75739912951644
304411,741.7810754226758
304412,528.567402850297
304413,65.98679622819361
304414,161.13931887269177
304415,27.663339565550245
304416,1189.2018141177423
304417,975.9881415453635
304418,513.4075349232603
304419,608.5600575677583
304420,183.24450740373618
304421,1344.7829819559283
304422,1131.5693093835494
304423,668.9887027614461
304424,764.1412254059443
304425,-1044.6497440303
304426,116.88873052189206
304427,-96.3249420504867
304428,-558.9055486725902
304429,-463.7530260280919
304430,-597.2290053352333
304431,564.3094692169586
304432,351.09579664458
304433,-111.48480997752347
304434,-16.332287333025306
304435,-441.6478374970477
304436,719.8906370551445
304437,506.6769644827658
304438,44.09635786066235
304439,139.2488805051605
304440,461.5141384572587
304441,1623.0526130094509
304442,1409.838940437072
304443,947.2583338149688
304444,1042.410856459467
304445,908.9348771523253
304446,2070.4733517045174
304447,1857.2596791321387
304448,1394.6790725100354
304449,1489.8315951545335
304450,1064.516044990511
304451,2226.054519542703
304452,2012.8408469703245
304453,1550.2602403482213
304454,1645.4127629927193
304455,-98.96349985434085
304456,1062.5749746978513
304457,849.3613021254725
304458,386.7806955033692
304459,481.93321814786736
304460,348.45723884072584
304461,1509.9957133929179
304462,1296.7820408205391
304463,834.2014341984359
304464,929.3539568429339
304465,504.03840667891166
304466,1665.5768812311037
304467,1452.363208658725
304468,989.7826020366217
304469,1084.9351246811198
304470,-209.55980027591238
304471,951.9786742762797
304472,738.7650017039008
304473,276.18439508179756
304474,371.3369177262957
304475,237.8609384191542
304476,1399.3994129713462
304477,1186.1857403989675
304478,723.6051337768641
304479,818.7576564213623
304480,393.44210625734
304481,1554.980580809532
304482,1341.7669082371533
304483,879.18630161505
304484,974.3388242595481
304485,-201.48646233463614
304486,960.0520122175559
304487,746.8383396451771
304488,284.2577330230738
304489,379.410255667572
304490,245.93427636043043
304491,1407.4727509126226
304492,1194.2590783402438
304493,731.6784717181405
304494,826.8309943626386
304495,401.51544419861625
304496,1563.0539187508084
304497,1349.8402461784294
304498,887.2596395563262
304499,982.4121622008245
304500,-407.4181506562404
304501,754.1203238959515
304502,540.9066513235728
304503,78.32604470146953
304504,173.4785673459677
304505,40.00258803882616
304506,1201.541062591018
304507,988.3273900186393
304508,525.7467833965361
304509,620.8993060410342
304510,195.58375587701198
304511,1357.1222304292041
304512,1143.9085578568252
304513,681.3279512347219
304514,776.4804738792201
304515,-1032.310495557024
304516,129.22797899516797
304517,-83.98569357721078
304518,-546.5663001993141
304519,-451.4137775548161
304520,-584.8897568619575
304521,576.6487176902345
304522,363.4350451178558
304523,-99.14556150424755
304524,-3.99303885974939
304525,-429.3085890237717
304526,732.2298855284204
304527,519.0162129560416
304528,56.43560633393827
304529,151.58812897843643
304530,473.8533869305346
304531,1635.3918614827267
304532,1422.178188910348
304533,959.5975822882446
304534,1054.7501049327427
304535,921.2741256256012
304536,2082.8126001777932
304537,1869.5989276054145
304538,1407.0183209833112
304539,1502.1708436278093
304540,1076.855293463787
304541,2238.393768015979
304542,2025.1800954436003
304543,1562.5994888214968
304544,1657.752011465995
304545,-86.62425138106505
304546,1074.914223171127
304547,861.7005505987484
304548,399.119943976645
304549,494.27246662114317
304550,360.7964873140016
304551,1522.3349618661937
304552,1309.121289293815
304553,846.5406826717116
304554,941.6932053162097
304555,516.3776551521873
304556,1677.9161297043795
304557,1464.7024571320007
304558,1002.1218505098974
304559,1097.2743731543956
304560,-360.1189316788759
304561,801.4195428733161
304562,588.2058703009374
304563,125.62526367883402
304564,220.77778632333218
304565,87.30180701619065
304566,1248.8402815683828
304567,1035.626608996004
304568,573.0460023739006
304569,668.1985250183989
304570,242.88297485437658
304571,1404.4214494065686
304572,1191.2077768341899
304573,728.6271702120865
304574,823.7796928565847
304575,-352.0455937375996
304576,809.4928808145924
304577,596.2792082422137
304578,133.69860162011037
304579,228.85112426460853
304580,95.375144957467
304581,1256.9136195096592
304582,1043.6999469372804
304583,581.1193403151769
304584,676.2718629596751
304585,250.95631279565293
304586,1412.494787347845
304587,1199.2811147754662
304588,736.7005081533628
304589,831.853030797861
304590,-557.9772820592038
304591,603.5611924929881
304592,390.3475199206094
304593,-72.2330867014939
304594,22.91943594300426
304595,-110.55654336413727
304596,1050.9819311880547
304597,837.7682586156759
304598,375.1876519935726
304599,470.3401746380708
304600,45.02462447404855
304601,1206.5630990262407
304602,993.3494264538618
304603,530.7688198317585
304604,625.9213424762567
304605,-1182.8696269599875
304606,-21.33115240779557
304607,-234.5448249801742
304608,-697.1254316022776
304609,-601.9729089577795
304610,-735.4488882649209
304611,426.0895862872711
304612,212.87591371489236
304613,-249.70469290721098
304614,-154.55217026271282
304615,-579.8677204267351
304616,581.6707541254569
304617,368.4570815530782
304618,-94.12352506902516
304619,1.0289975754729994
304620,323.29425552757107
304621,1484.8327300797632
304622,1271.6190575073842
304623,809.038450885281
304624,904.1909735297792
304625,770.7149942226376
304626,1932.2534687748298
304627,1719.0397962024508
304628,1256.4591895803478
304629,1351.6117122248456
304630,926.2961620608236
304631,2087.8346366130154
304632,1874.6209640406369
304633,1412.0403574185334
304634,1507.1928800630317
304635,-237.18338278402848
304636,924.3550917681636
304637,711.1414191957848
304638,248.56081257368146
304639,343.7133352181797
304640,210.2373559110381
304641,1371.7758304632302
304642,1158.5621578908515
304643,695.9815512687481
304644,791.1340739132463
304645,365.818523749224
304646,1527.356998301416
304647,1314.1433257290373
304648,851.562719106934
304649,946.7152417514321
304650,-347.7796832056001
304651,813.7587913465919
304652,600.5451187742133
304653,137.96451215210982
304654,233.11703479660798
304655,99.64105548946645
304656,1261.1795300416584
304657,1047.9658574692799
304658,585.3852508471764
304659,680.5377734916747
304660,255.22222332765233
304661,1416.7606978798444
304662,1203.5470253074657
304663,740.9664186853623
304664,836.1189413298605
304665,-339.7063452643238
304666,821.8321292878683
304667,608.6184567154895
304668,146.03785009338617
304669,241.19037273788433
304670,107.7143934307428
304671,1269.2528679829347
304672,1056.0391954105562
304673,593.4585887884527
304674,688.6111114329509
304675,263.2955612689287
304676,1424.8340358211208
304677,1211.620363248742
304678,749.0397566266386
304679,844.1922792711368
304680,-545.6380335859283
304681,615.9004409662639
304682,402.6867683938851
304683,-59.893838228218215
304684,35.25868441627995
304685,-98.21729489086158
304686,1063.3211796613305
304687,850.1075070889517
304688,387.5269004668484
304689,482.6794231113466
304690,57.36387294732435
304691,1218.9023474995163
304692,1005.6886749271376
304693,543.1080683050343
304694,638.2605909495325
304695,-1170.5303784867117
304696,-8.991903934519769
304697,-222.20557650689852
304698,-684.7861831290018
304699,-589.6336604845037
304700,-723.1096397916451
304701,438.4288347605468
304702,225.21516218816816
304703,-237.36544443393518
304704,-142.21292178943702
304705,-567.5284719534593
304706,594.0100025987326
304707,380.7963300263539
304708,-81.78427659574936
304709,13.368246048748802
304710,335.63350400084687
304711,1497.171978553039
304712,1283.95830598066
304713,821.3776993585569
304714,916.5302220030551
304715,783.0542426959134
304716,1944.5927172481056
304717,1731.3790446757268
304718,1268.7984380536236
304719,1363.9509606981217
304720,938.6354105340993
304721,2100.173885086291
304722,1886.9602125139127
304723,1424.3796058918094
304724,1519.5321285363075
304725,-224.84413431075268
304726,936.6943402414395
304727,723.4806676690607
304728,260.9000610469573
304729,356.0525836914555
304730,222.5766043843139
304731,1384.115078936506
304732,1170.9014063641273
304733,708.320799742024
304734,803.4733223865221
304735,378.1577722224998
304736,1539.6962467746919
304737,1326.4825742023131
304738,863.9019675802098
304739,959.0544902247079
304740,-335.4404347323243
304741,826.0980398198677
304742,612.884367247489
304743,150.30376062538562
304744,245.45628326988378
304745,111.98030396274225
304746,1273.5187785149342
304747,1060.3051059425557
304748,597.7244993204522
304749,692.8770219649505
304750,267.5614718009281
304751,1429.0999463531202
304752,1215.8862737807415
304753,753.3056671586381
304754,848.4581898031363
304755,-327.36709679104797
304756,834.171377761144
304757,620.9577051887653
304758,158.37709856666197
304759,253.52962121116013
304760,120.0536419040186
304761,1281.5921164562105
304762,1068.378443883832
304763,605.7978372617285
304764,700.9503599062267
304765,275.6348097422044
304766,1437.1732842943966
304767,1223.9596117220176
304768,761.3790050999144
304769,856.5315277444126
304770,-533.2987851126525
304771,628.2396894395397
304772,415.02601686716093
304773,-47.55458975494241
304774,47.59793288955575
304775,-85.87804641758578
304776,1075.6604281346063
304777,862.4467555622275
304778,399.86614894012416
304779,495.0186715846223
304780,69.70312142060004
304781,1231.241595972792
304782,1018.0279234004133
304783,555.4473167783101
304784,650.5998394228083
304785,-1158.191130013436
304786,3.347344538756033
304787,-209.86632803362272
304788,-672.446934655726
304789,-577.2944120112277
304790,-710.7703913183693
304791,450.76808323382267
304792,237.55441066144385
304793,-225.02619596065938
304794,-129.87367331616133
304795,-555.1892234801837
304796,606.3492510720084
304797,393.13557849962973
304798,-69.44502812247367
304799,25.70749452202449
304800,347.9727524741226
304801,1509.5112270263148
304802,1296.297554453936
304803,833.7169478318326
304804,928.8694704763309
304805,795.3934911691892
304806,1956.9319657213814
304807,1743.7182931490026
304808,1281.1376865268994
304809,1376.2902091713975
304810,950.9746590073751
304811,2112.513133559567
304812,1899.2994609871885
304813,1436.718854365085
304814,1531.8713770095833
304815,-212.50488583747688
304816,949.0335887147153
304817,735.8199161423365
304818,273.2393095202331
304819,368.3918321647313
304820,234.9158528575897
304821,1396.4543274097819
304822,1183.240654837403
304823,720.6600482152998
304824,815.8125708597979
304825,390.49702069577563
304826,1552.0354952479677
304827,1338.821822675589
304828,876.2412160534856
304829,971.3937386979837
304830,-323.1011862590485
304831,838.4372882931435
304832,625.2236157207649
304833,162.64300909866142
304834,257.79553174315964
304835,124.31955243601806
304836,1285.8580269882102
304837,1072.6443544158315
304838,610.063747793728
304839,705.2162704382263
304840,279.900720274204
304841,1441.439194826396
304842,1228.2255222540173
304843,765.6449156319139
304844,860.7974382764121
304845,-315.02784831777217
304846,846.5106262344198
304847,633.2969536620411
304848,170.71634703993777
304849,265.86886968443594
304850,132.3928903772944
304851,1293.9313649294863
304852,1080.7176923571078
304853,618.1370857350043
304854,713.2896083795025
304855,287.97405821548034
304856,1449.5125327676724
304857,1236.2988601952936
304858,773.7182535731902
304859,868.8707762176884
304860,-520.9595366393764
304861,640.5789379128155
304862,427.36526534043674
304863,-35.2153412816665
304864,59.937181362831666
304865,-73.53879794430986
304866,1087.999676607882
304867,874.7860040355033
304868,412.2053974134
304869,507.3579200578981
304870,82.04236989387596
304871,1243.580844446068
304872,1030.3671718736891
304873,567.7865652515859
304874,662.9390878960841
304875,-1145.85188154016
304876,15.686593012031835
304877,-197.5270795603468
304878,-660.1076861824502
304879,-564.9551635379521
304880,-698.4311428450935
304881,463.1073317070985
304882,249.89365913471977
304883,-212.68694748738358
304884,-117.53442484288541
304885,-542.8499750069077
304886,618.6884995452843
304887,405.4748269729056
304888,-57.10577964919776
304889,38.046742995300406
304890,360.31200094739853
304891,1521.8504754995906
304892,1308.6368029272119
304893,846.0561963051086
304894,941.2087189496067
304895,807.732739642465
304896,1969.2712141946572
304897,1756.0575416222784
304898,1293.4769350001752
304899,1388.6294576446733
304900,963.313907480651
304901,2124.852382032843
304902,1911.6387094604643
304903,1449.058102838361
304904,1544.210625482859
304905,-200.16563736420107
304906,961.372837187991
304907,748.1591646156123
304908,285.578557993509
304909,380.73108063800714
304910,247.2551013308655
304911,1408.7935758830577
304912,1195.579903310679
304913,732.9992966885756
304914,828.1518193330737
304915,402.83626916905143
304916,1564.3747437212435
304917,1351.1610711488647
304918,888.5804645267614
304919,983.7329871712595
304920,-310.7619377857727
304921,850.7765367664193
304922,637.5628641940406
304923,174.98225757193723
304924,270.1347802164354
304925,136.65880090929386
304926,1298.1972754614858
304927,1084.9836028891073
304928,622.4029962670038
304929,717.555518911502
304930,292.23996874747974
304931,1453.7784432996718
304932,1240.564770727293
304933,777.9841641051897
304934,873.1366867496879
304935,-302.68859984449637
304936,858.8498747076957
304937,645.6362021353169
304938,183.05559551321358
304939,278.20811815771174
304940,144.7321388505702
304941,1306.2706134027621
304942,1093.0569408303836
304943,630.4763342082802
304944,725.6288568527783
304945,300.3133066887561
304946,1461.8517812409482
304947,1248.6381086685694
304948,786.057502046466
304949,881.2100246909642
304950,-508.62028816610086
304951,652.9181863860913
304952,439.7045138137125
304953,-22.87609280839081
304954,72.27642983610735
304955,-61.199549471034175
304956,1100.3389250811579
304957,887.1252525087791
304958,424.5446458866758
304959,519.6971685311739
304960,94.38161836715176
304961,1255.9200929193437
304962,1042.706420346965
304963,580.1258137248617
304964,675.2783363693599
304965,-1133.5126330668843
304966,28.025841485307637
304967,-185.18783108707112
304968,-647.7684377091743
304969,-552.6159150646763
304970,-686.0918943718177
304971,475.4465801803742
304972,262.23290760799557
304973,-200.34769901410777
304974,-105.19517636960961
304975,-530.5107265336319
304976,631.02774801856
304977,417.81407544618133
304978,-44.766531175921955
304979,50.38599146857621
304980,372.6512494206743
304981,1534.1897239728664
304982,1320.9760514004874
304983,858.3954447783843
304984,953.5479674228824
304985,820.0719881157409
304986,1981.6104626679328
304987,1768.396790095554
304988,1305.816183473451
304989,1400.9687061179488
304990,975.6531559539267
304991,2137.1916305061186
304992,1923.97795793374
304993,1461.3973513116368
304994,1556.549873956135
304995,-187.82638889092527
304996,973.7120856612668
304997,760.4984130888881
304998,297.9178064667847
304999,393.0703291112829
305000,259.5943498041413
305001,1421.1328243563335
305002,1207.9191517839547
305003,745.3385451618514
305004,840.4910678063495
305005,415.1755176423272
305006,1576.7139921945193
305007,1363.5003196221405
305008,900.9197130000372
305009,996.0722356445353
305010,-221.89058431376986
305011,939.6478902384222
305012,726.4342176660434
305013,263.85361104394013
305014,359.0061336884383
305015,225.5301543812967
305016,1387.068628933489
305017,1173.85495636111
305018,711.2743497390067
305019,806.4268723835049
305020,381.11132221948253
305021,1542.6497967716746
305022,1329.4361241992958
305023,866.8555175771926
305024,962.0080402216906
305025,-213.8172463724935
305026,947.7212281796985
305027,734.5075556073198
305028,271.9269489852164
305029,367.0794716297146
305030,233.60349232257306
305031,1395.141966874765
305032,1181.9282943023863
305033,719.347687680283
305034,814.5002103247812
305035,389.1846601607589
305036,1550.723134712951
305037,1337.5094621405722
305038,874.9288555184688
305039,970.081378162967
305040,-419.7489346940979
305041,741.7895398580941
305042,528.5758672857154
305043,65.99526066361204
305044,161.1477833081102
305045,27.671804000968677
305046,1189.2102785531606
305047,975.996605980782
305048,513.4159993586786
305049,608.5685220031769
305050,183.2529718391545
305051,1344.7914463913467
305052,1131.5777738189677
305053,668.9971671968644
305054,764.1496898413627
305055,-1044.6412795948816
305056,116.89719495731049
305057,-96.31647761506827
305058,-558.8970842371716
305059,-463.74456159267334
305060,-597.220540899815
305061,564.3179336523771
305062,351.1042610799983
305063,-111.47634554210504
305064,-16.323822897606874
305065,-441.63937306162916
305066,719.8991014905629
305067,506.6854289181842
305068,44.10482229608078
305069,139.25734494057895
305070,461.5226028926771
305071,1623.0610774448692
305072,1409.8474048724904
305073,947.2667982503872
305074,1042.4193208948855
305075,908.9433415877437
305076,2070.481816139936
305077,1857.268143567557
305078,1394.6875369454538
305079,1489.840059589952
305080,1064.5245094259294
305081,2226.0629839781213
305082,2012.849311405743
305083,1550.2687047836396
305084,1645.4212274281376
305085,-98.95503541892231
305086,1062.5834391332696
305087,849.3697665608909
305088,386.78915993878763
305089,481.9416825832858
305090,348.4657032761442
305091,1510.0041778283362
305092,1296.7905052559577
305093,834.2098986338542
305094,929.3624212783524
305095,504.04687111433003
305096,1665.5853456665222
305097,1452.3716730941433
305098,989.79106647204
305099,1084.943589116538
305100,-209.55133584049395
305101,951.987138711698
305102,738.7734661393192
305103,276.192859517216
305104,371.34538216171416
305105,237.86940285457263
305106,1399.4078774067648
305107,1186.1942048343858
305108,723.6135982122826
305109,818.7661208567807
305110,393.45057069275845
305111,1554.9890452449504
305112,1341.7753726725718
305113,879.1947660504684
305114,974.3472886949666
305115,-201.4779978992177
305116,960.0604766529743
305117,746.8468040805956
305118,284.26619745849223
305119,379.41872010299045
305120,245.94274079584886
305121,1407.481215348041
305122,1194.2675427756622
305123,731.6869361535588
305124,826.839458798057
305125,401.5239086340347
305126,1563.0623831862267
305127,1349.848710613848
305128,887.2681039917446
305129,982.4206266362428
305130,-407.40968622082187
305131,754.12878833137
305132,540.9151157589912
305133,78.33450913688785
305134,173.48703178138612
305135,40.01105247424459
305136,1201.5495270264366
305137,988.3358544540578
305138,525.7552478319544
305139,620.9077704764527
305140,195.5922203124304
305141,1357.1306948646225
305142,1143.9170222922437
305143,681.3364156701402
305144,776.4889383146385
305145,-1032.3020311216055
305146,129.2364434305864
305147,-83.97722914179235
305148,-546.5578357638956
305149,-451.40531311939753
305150,-584.8812924265392
305151,576.657182125653
305152,363.4435095532742
305153,-99.13709706882912
305154,-3.984574424330958
305155,-429.3001245883531
305156,732.2383499638388
305157,519.02467739146
305158,56.444070769356586
305159,151.59659341385486
305160,473.86185136595304
305161,1635.400325918145
305162,1422.1866533457662
305163,959.606046723663
305164,1054.7585693681613
305165,921.2825900610196
305166,2082.821064613212
305167,1869.6073920408328
305168,1407.0267854187296
305169,1502.1793080632278
305170,1076.8637578992054
305171,2238.402232451397
305172,2025.1885598790188
305173,1562.6079532569154
305174,1657.7604759014134
305175,-86.6157869456465
305176,1074.9226876065454
305177,861.7090150341667
305178,399.12840841206344
305179,494.2809310565616
305180,360.80495174942
305181,1522.343426301612
305182,1309.1297537292335
305183,846.54914710713
305184,941.7016697516282
305185,516.3861195876059
305186,1677.924594139798
305187,1464.710921567419
305188,1002.1303149453158
305189,1097.2828375898139
305190,-360.1104672434574
305191,801.4280073087345
305192,588.2143347363558
305193,125.63372811425245
305194,220.7862507587506
305195,87.31027145160908
305196,1248.8487460038011
305197,1035.6350734314224
305198,573.054466809319
305199,668.2069894538172
305200,242.89143928979496
305201,1404.429913841987
305202,1191.2162412696082
305203,728.635634647505
305204,823.7881572920031
305205,-352.03712930218103
305206,809.5013452500109
305207,596.2876726776321
305208,133.70706605552868
305209,228.85958870002696
305210,95.38360939288543
305211,1256.9220839450775
305212,1043.7084113726987
305213,581.1278047505954
305214,676.2803273950935
305215,250.9647772310713
305216,1412.5032517832633
305217,1199.2895792108845
305218,736.7089725887812
305219,831.8614952332794
305220,-557.9688176237855
305221,603.5696569284065
305222,390.3559843560277
305223,-72.22462226607558
305224,22.927900378422578
305225,-110.54807892871895
305226,1050.990395623473
305227,837.7767230510943
305228,375.196116428991
305229,470.34863907348915
305230,45.03308890946698
305231,1206.571563461659
305232,993.3578908892803
305233,530.7772842671768
305234,625.9298069116751
305235,-1182.8611625245692
305236,-21.32268797237714
305237,-234.5363605447559
305238,-697.1169671668592
305239,-601.9644445223612
305240,-735.4404238295026
305241,426.09805072268944
305242,212.8843781503108
305243,-249.69622847179255
305244,-154.5437058272944
305245,-579.8592559913166
305246,581.6792185608753
305247,368.46554598849656
305248,-94.11506063360673
305249,1.0374620108914314
305250,323.3027199629895
305251,1484.8411945151815
305252,1271.6275219428028
305253,809.0469153206996
305254,904.1994379651976
305255,770.7234586580561
305256,1932.2619332102481
305257,1719.0482606378694
305258,1256.4676540157661
305259,1351.6201766602642
305260,926.304626496242
305261,2087.8431010484337
305262,1874.6294284760552
305263,1412.048821853952
305264,1507.20134449845
305265,-237.17491834861005
305266,924.363556203582
305267,711.1498836312032
305268,248.5692770090999
305269,343.7217996535981
305270,210.24582034645653
305271,1371.7842948986486
305272,1158.5706223262698
305273,695.9900157041666
305274,791.1425383486647
305275,365.8269881846424
305276,1527.3654627368344
305277,1314.1517901644556
305278,851.5711835423524
305279,946.7237061868506
305280,-347.7712187701818
305281,813.7672557820104
305282,600.5535832096316
305283,137.97297658752825
305284,233.1254992320264
305285,99.64951992488488
305286,1261.187994477077
305287,1047.9743219046982
305288,585.3937152825948
305289,680.546237927093
305290,255.2306877630707
305291,1416.7691623152627
305292,1203.5554897428842
305293,740.9748831207808
305294,836.1274057652789
305295,-339.69788082890545
305296,821.8405937232866
305297,608.626921150908
305298,146.0463145288045
305299,241.1988371733027
305300,107.72285786616123
305301,1269.2613324183533
305302,1056.0476598459745
305303,593.4670532238712
305304,688.6195758683693
305305,263.30402570434705
305306,1424.842500256539
305307,1211.6288276841603
305308,749.048221062057
305309,844.2007437065552
305310,-545.6295691505097
305311,615.9089054016822
305312,402.6952328293035
305313,-59.88537379279978
305314,35.26714885169838
305315,-98.20883045544315
305316,1063.3296440967488
305317,850.1159715243701
305318,387.5353649022668
305319,482.68788754676496
305320,57.37233738274267
305321,1218.9108119349348
305322,1005.6971393625561
305323,543.1165327404526
305324,638.2690553849509
305325,-1170.5219140512934
305326,-8.983439499101337
305327,-222.1971120714801
305328,-684.7777186935834
305329,-589.6251960490852
305330,-723.1011753562268
305331,438.43729919596524
305332,225.22362662358648
305333,-237.35697999851686
305334,-142.2044573540187
305335,-567.520007518041
305336,594.0184670341511
305337,380.80479446177236
305338,-81.77581216033104
305339,13.37671048416712
305340,335.64196843626524
305341,1497.1804429884573
305342,1283.9667704160786
305343,821.3861637939754
305344,916.5386864384734
305345,783.0627071313319
305346,1944.601181683524
305347,1731.3875091111454
305348,1268.806902489042
305349,1363.9594251335402
305350,938.6438749695177
305351,2100.1823495217095
305352,1886.968676949331
305353,1424.3880703272278
305354,1519.5405929717258
305355,-224.83566987533436
305356,936.7028046768578
305357,723.489132104479
305358,260.9085254823757
305359,356.06104812687386
305360,222.58506881973233
305361,1384.1235433719244
305362,1170.9098707995456
305363,708.3292641774424
305364,803.4817868219405
305365,378.16623665791815
305366,1539.7047112101104
305367,1326.4910386377314
305368,863.9104320156282
305369,959.0629546601264
305370,-335.431970296906
305371,826.1065042552862
305372,612.8928316829074
305373,150.31222506080405
305374,245.46474770530222
305375,111.98876839816057
305376,1273.5272429503527
305377,1060.313570377974
305378,597.7329637558706
305379,692.8854864003688
305380,267.5699362363465
305381,1429.1084107885385
305382,1215.8947382161598
305383,753.3141315940566
305384,848.4666542385547
305385,-327.35863235562965
305386,834.1798421965625
305387,620.9661696241837
305388,158.3855630020803
305389,253.53808564657857
305390,120.06210633943692
305391,1281.600580891629
305392,1068.3869083192503
305393,605.806301697147
305394,700.9588243416451
305395,275.64327417762286
305396,1437.181748729815
305397,1223.9680761574361
305398,761.3874695353328
305399,856.539992179831
305400,-533.2903206772339
305401,628.2481538749581
305402,415.03448130257937
305403,-47.54612531952398
305404,47.60639732497418
305405,-85.86958198216735
305406,1075.6688925700246
305407,862.4552199976459
305408,399.8746133755426
305409,495.02713602004076
305410,69.71158585601847
305411,1231.2500604082106
305412,1018.0363878358319
305413,555.4557812137284
305414,650.6083038582266
305415,-1158.1826655780176
305416,3.355808974174465
305417,-209.8578635982043
305418,-672.4384702203076
305419,-577.2859475758094
305420,-710.761926882951
305421,450.7765476692411
305422,237.56287509686229
305423,-225.01773152524106
305424,-129.86520888074278
305425,-555.1807590447652
305426,606.357715507427
305427,393.14404293504816
305428,-69.43656368705524
305429,25.715958957442922
305430,347.98121690954105
305431,1509.5196914617331
305432,1296.3060188893544
305433,833.7254122672512
305434,928.8779349117492
305435,795.4019556046076
305436,1956.9404301567997
305437,1743.726757584421
305438,1281.1461509623177
305439,1376.2986736068158
305440,950.9831234427935
305441,2112.5215979949853
305442,1899.307925422607
305443,1436.7273188005036
305444,1531.8798414450016
305445,-212.49642140205833
305446,949.0420531501336
305447,735.828380577755
305448,273.24777395565155
305449,368.4002966001497
305450,234.92431729300813
305451,1396.4627918452002
305452,1183.2491192728216
305453,720.6685126507182
305454,815.8210352952163
305455,390.50548513119406
305456,1552.0439596833862
305457,1338.8302871110072
305458,876.249680488904
305459,971.4022031334022
305460,-323.09272182363
305461,838.445752728562
305462,625.2320801561832
305463,162.65147353407986
305464,257.803996178578
305465,124.32801687143649
305466,1285.8664914236285
305467,1072.6528188512498
305468,610.0722122291464
305469,705.2247348736446
305470,279.9091847096224
305471,1441.4476592618144
305472,1228.2339866894356
305473,765.6533800673324
305474,860.8059027118305
305475,-315.0193838823536
305476,846.5190906698382
305477,633.3054180974596
305478,170.7248114753561
305479,265.8773341198543
305480,132.40135481271284
305481,1293.9398293649047
305482,1080.7261567925261
305483,618.1455501704228
305484,713.2980728149209
305485,287.9825226508988
305486,1449.5209972030907
305487,1236.307324630712
305488,773.7267180086086
305489,868.8792406531068
305490,-520.9510722039579
305491,640.5874023482339
305492,427.37372977585517
305493,-35.20687684624818
305494,59.9456457982501
305495,-73.53033350889154
305496,1088.0081410433004
305497,874.7944684709217
305498,412.2138618488184
305499,507.36638449331656
305500,82.05083432929439
305501,1243.5893088814864
305502,1030.3756363091077
305503,567.7950296870042
305504,662.9475523315025
305505,-1145.8434171047418
305506,15.695057447450267
305507,-197.5186151249285
305508,-660.0992217470318
305509,-564.9466991025338
305510,-698.4226784096752
305511,463.11579614251684
305512,249.9021235701382
305513,-212.67848305196515
305514,-117.52596040746698
305515,-542.8415105714892
305516,618.6969639807027
305517,405.4832914083239
305518,-57.09731521377944
305519,38.05520743071884
305520,360.3204653828169
305521,1521.858939935009
305522,1308.6452673626302
305523,846.064660740527
305524,941.217183385025
305525,807.7412040778835
305526,1969.2796786300755
305527,1756.0660060576968
305528,1293.4853994355935
305529,1388.6379220800916
305530,963.3223719160694
305531,2124.860846468261
305532,1911.6471738958826
305533,1449.0665672737796
305534,1544.2190899182774
305535,-200.15717292878264
305536,961.3813016234094
305537,748.1676290510306
305538,285.5870224289273
305539,380.7395450734255
305540,247.26356576628393
305541,1408.802040318476
305542,1195.5883677460974
305543,733.007761123994
305544,828.1602837684921
305545,402.84473360446987
305546,1564.3832081566618
305547,1351.169535584283
305548,888.5889289621798
305549,983.741451606678
305550,-310.7534733503544
305551,850.7850012018378
305552,637.571328629459
305553,174.99072200735566
305554,270.1432446518538
305555,136.6672653447123
305556,1298.2057398969043
305557,1084.9920673245256
305558,622.4114607024222
305559,717.5639833469204
305560,292.2484331828981
305561,1453.7869077350902
305562,1240.5732351627116
305563,777.9926285406082
305564,873.1451511851062
305565,-302.68013540907805
305566,858.858339143114
305567,645.6446665707352
305568,183.0640599486319
305569,278.2165825931301
305570,144.74060328598864
305571,1306.2790778381807
305572,1093.065405265802
305573,630.4847986436986
305574,725.6373212881967
305575,300.32177112417446
305576,1461.8602456763665
305577,1248.6465731039877
305578,786.0659664818844
305579,881.2184891263826
305580,-508.6118237306823
305581,652.9266508215096
305582,439.7129782491309
305583,-22.867628372972376
305584,72.28489427152579
305585,-61.19108503561574
305586,1100.3473895165762
305587,887.1337169441975
305588,424.5531103220942
305589,519.7056329665924
305590,94.39008280257008
305591,1255.9285573547622
305592,1042.7148847823835
305593,580.13427816028
305594,675.2868008047783
305595,-1133.504168631466
305596,28.03430592072607
305597,-185.17936665165269
305598,-647.759973273756
305599,-552.607450629258
305600,-686.0834299363994
305601,475.45504461579264
305602,262.2413720434139
305603,-200.33923457868946
305604,-105.1867119341913
305605,-530.5022620982136
305606,631.0362124539785
305607,417.82253988159977
305608,-44.75806674050364
305609,50.394455903994526
305610,372.65971385609265
305611,1534.1981884082848
305612,1320.984515835906
305613,858.4039092138028
305614,953.5564318583008
305615,820.0804525511593
305616,1981.6189271033513
305617,1768.4052545309726
305618,1305.8246479088693
305619,1400.9771705533674
305620,975.6616203893451
305621,2137.200094941537
305622,1923.9864223691584
305623,1461.4058157470552
305624,1556.5583383915532
305625,-187.81792445550695
305626,973.7205500966852
305627,760.5068775243064
305628,297.9262709022031
305629,393.07879354670126
305630,259.60281423955973
305631,1421.1412887917518
305632,1207.927616219373
305633,745.3470095972698
305634,840.499532241768
305635,415.18398207774555
305636,1576.7224566299376
305637,1363.5087840575588
305638,900.9281774354556
305639,996.0807000799538
305640,-221.88211987835143
305641,939.6563546738406
305642,726.4426821014619
305643,263.86207547935857
305644,359.01459812385673
305645,225.53861881671514
305646,1387.0770933689073
305647,1173.8634207965283
305648,711.2828141744251
305649,806.4353368189232
305650,381.11978665490096
305651,1542.6582612070931
305652,1329.4445886347144
305653,866.8639820126109
305654,962.0165046571092
305655,-213.80878193707508
305656,947.7296926151168
305657,734.5160200427382
305658,271.93541342063486
305659,367.087936065133
305660,233.6119567579915
305661,1395.1504313101836
305662,1181.9367587378047
305663,719.3561521157014
305664,814.5086747601996
305665,389.1931245961773
305666,1550.7315991483692
305667,1337.5179265759907
305668,874.9373199538873
305669,970.0898425983854
305670,-419.74047025867935
305671,741.7980042935126
305672,528.5843317211338
305673,66.00372509903048
305674,161.15624774352864
305675,27.68026843638711
305676,1189.2187429885792
305677,976.0050704162004
305678,513.424463794097
305679,608.5769864385952
305680,183.26143627457293
305681,1344.799910826765
305682,1131.5862382543862
305683,669.0056316322829
305684,764.158154276781
305685,-1044.632815159463
305686,116.90565939272892
305687,-96.30801317964983
305688,-558.8886198017531
305689,-463.7360971572548
305690,-597.2120764643967
305691,564.3263980877955
305692,351.11272551541674
305693,-111.4678811066866
305694,-16.315358462188442
305695,-441.6309086262106
305696,719.9075659259813
305697,506.69389335360256
305698,44.113286731499215
305699,139.26580937599738
305700,461.53106732809556
305701,1623.0695418802877
305702,1409.855869307909
305703,947.2752626858056
305704,1042.4277853303038
305705,908.9518060231621
305706,2070.4902805753545
305707,1857.2766080029755
305708,1394.696001380872
305709,1489.8485240253704
305710,1064.532973861348
305711,2226.07144841354
305712,2012.8577758411614
305713,1550.2771692190581
305714,1645.4296918635562
305715,-98.94657098350399
305716,1062.5919035686882
305717,849.3782309963094
305718,386.79762437420607
305719,481.95014701870423
305720,348.47416771156264
305721,1510.0126422637547
305722,1296.798969691376
305723,834.2183630692726
305724,929.3708857137708
305725,504.05533554974846
305726,1665.5938101019406
305727,1452.3801375295618
305728,989.7995309074585
305729,1084.9520535519566
305730,-209.54287140507563
305731,951.9956031471164
305732,738.7819305747377
305733,276.20132395263437
305734,371.35384659713253
305735,237.87786728999106
305736,1399.416341842183
305737,1186.2026692698041
305738,723.6220626477009
305739,818.774585292199
305740,393.4590351281768
305741,1554.9975096803687
305742,1341.7838371079902
305743,879.2032304858867
305744,974.3557531303849
305745,-201.46953346379928
305746,960.0689410883926
305747,746.8552685160139
305748,284.27466189391066
305749,379.4271845384088
305750,245.95120523126724
305751,1407.4896797834592
305752,1194.2760072110805
305753,731.6954005889772
305754,826.8479232334754
305755,401.53237306945306
305756,1563.070847621645
305757,1349.8571750492665
305758,887.276568427163
305759,982.4290910716612
305760,-407.40122178540355
305761,754.1372527667884
305762,540.9235801944096
305763,78.34297357230639
305764,173.49549621680455
305765,40.019516909663025
305766,1201.557991461855
305767,988.3443188894762
305768,525.7637122673729
305769,620.916234911871
305770,195.60068474784885
305771,1357.1391593000408
305772,1143.925486727662
305773,681.3448801055587
305774,776.4974027500568
305775,-1032.2935666861872
305776,129.24490786600472
305777,-83.96876470637392
305778,-546.5493713284773
305779,-451.3968486839792
305780,-584.8728279911206
305781,576.6656465610713
305782,363.45197398869254
305783,-99.12863263341069
305784,-3.976109988912526
305785,-429.2916601529348
305786,732.2468143992571
305787,519.0331418268784
305788,56.45253520477513
305789,151.6050578492733
305790,473.8703158013714
305791,1635.4087903535633
305792,1422.1951177811848
305793,959.6145111590813
305794,1054.7670338035796
305795,921.2910544964379
305796,2082.8295290486303
305797,1869.615856476251
305798,1407.035249854148
305799,1502.1877724986462
305800,1076.8722223346238
305801,2238.4106968868155
305802,2025.1970243144372
305803,1562.6164176923337
305804,1657.768940336832
305805,-86.60732251022819
305806,1074.9311520419637
305807,861.7174794695851
305808,399.1368728474818
305809,494.28939549198
305810,360.8134161848384
305811,1522.3518907370303
305812,1309.1382181646518
305813,846.5576115425484
305814,941.7101341870466
305815,516.3945840230242
305816,1677.9330585752164
305817,1464.7193860028376
305818,1002.1387793807341
305819,1097.2913020252324
305820,-360.10200280803906
305821,801.4364717441529
305822,588.2227991717741
305823,125.64219254967088
305824,220.79471519416904
305825,87.31873588702751
305826,1248.8572104392194
305827,1035.6435378668407
305828,573.0629312447375
305829,668.2154538892356
305830,242.89990372521333
305831,1404.4383782774053
305832,1191.2247057050267
305833,728.6440990829233
305834,823.7966217274214
305835,-352.0286648667627
305836,809.5098096854292
305837,596.2961371130505
305838,133.71553049094712
305839,228.86805313544528
305840,95.39207382830386
305841,1256.9305483804958
305842,1043.716875808117
305843,581.1362691860138
305844,676.288791830512
305845,250.97324166648968
305846,1412.5117162186816
305847,1199.298043646303
305848,736.7174370241996
305849,831.8699596686978
305850,-557.960353188367
305851,603.5781213638248
305852,390.36444879144614
305853,-72.21615783065715
305854,22.93636481384101
305855,-110.53961449330052
305856,1050.9988600588915
305857,837.7851874865128
305858,375.2045808644094
305859,470.3571035089076
305860,45.041553344885415
305861,1206.5800278970773
305862,993.3663553246986
305863,530.7857487025952
305864,625.9382713470934
305865,-1182.8526980891506
305866,-21.314223536958707
305867,-234.52789610933746
305868,-697.1085027314407
305869,-601.9559800869426
305870,-735.4319593940843
305871,426.10651515810787
305872,212.8928425857291
305873,-249.68776403637423
305874,-154.53524139187607
305875,-579.8507915558982
305876,581.6876829962937
305877,368.474010423915
305878,-94.10659619818841
305879,1.0459264463097497
305880,323.3111843984079
305881,1484.8496589505999
305882,1271.635986378221
305883,809.0553797561179
305884,904.2079024006159
305885,770.7319230934745
305886,1932.2703976456664
305887,1719.056725073288
305888,1256.4761184511844
305889,1351.6286410956827
305890,926.3130909316603
305891,2087.851565483852
305892,1874.6378929114737
305893,1412.0572862893705
305894,1507.2098089338683
305895,-237.16645391319162
305896,924.3720206390003
305897,711.1583480666217
305898,248.57774144451832
305899,343.7302640890165
305900,210.25428478187496
305901,1371.792759334067
305902,1158.5790867616884
305903,695.9984801395849
305904,791.1510027840831
305905,365.8354526200608
305906,1527.373927172253
305907,1314.1602545998742
305908,851.5796479777707
305909,946.732170622269
305910,-347.76275433476326
305911,813.7757202174288
305912,600.56204764505
305913,137.98144102294668
305914,233.13396366744485
305915,99.65798436030332
305916,1261.1964589124955
305917,1047.9827863401165
305918,585.4021797180133
305919,680.5547023625114
305920,255.23915219848914
305921,1416.777626750681
305922,1203.5639541783025
305923,740.9833475561991
305924,836.1358702006972
305925,-339.6894163934869
305926,821.849058158705
305927,608.6353855863263
305928,146.05477896422303
305929,241.20730160872114
305930,107.73132230157967
305931,1269.2697968537716
305932,1056.0561242813928
305933,593.4755176592896
305934,688.6280403037878
305935,263.3124901397655
305936,1424.8509646919574
305937,1211.637292119579
305938,749.0566854974754
305939,844.2092081419736
305940,-545.6211047150912
305941,615.9173698371008
305942,402.70369726472194
305943,-59.87690935738135
305944,35.27561328711681
305945,-98.20036602002472
305946,1063.3381085321673
305947,850.1244359597886
305948,387.5438293376852
305949,482.6963519821834
305950,57.3808018181611
305951,1218.9192763703531
305952,1005.7056037979744
305953,543.124997175871
305954,638.2775198203692
305955,-1170.513449615875
305956,-8.974975063682905
305957,-222.18864763606166
305958,-684.7692542581651
305959,-589.6167316136668
305960,-723.0927109208085
305961,438.44576363138367
305962,225.23209105900492
305963,-237.34851556309843
305964,-142.19599291860027
305965,-567.5115430826224
305966,594.0269314695695
305967,380.81325889719074
305968,-81.76734772491261
305969,13.385174919585552
305970,335.6504328716837
305971,1497.1889074238757
305972,1283.975234851497
305973,821.3946282293937
305974,916.547150873892
305975,783.0711715667503
305976,1944.6096461189425
305977,1731.3959735465637
305978,1268.8153669244602
305979,1363.9678895689585
305980,938.6523394049361
305981,2100.190813957128
305982,1886.9771413847495
305983,1424.3965347626463
305984,1519.5490574071443
305985,-224.82720543991582
305986,936.7112691122762
305987,723.4975965398975
305988,260.9169899177941
305989,356.0695125622923
305990,222.59353325515076
305991,1384.1320078073427
305992,1170.9183352349642
305993,708.3377286128607
305994,803.4902512573589
305995,378.1747010933366
305996,1539.7131756455287
305997,1326.49950307315
305998,863.9188964510465
305999,959.0714190955448
306000,-335.42350586148746
306001,826.1149686907045
306002,612.9012961183257
306003,150.32068949622249
306004,245.4732121407206
306005,111.997232833579
306006,1273.535707385771
306007,1060.3220348133923
306008,597.7414281912891
306009,692.8939508357872
306010,267.57840067176494
306011,1429.1168752239569
306012,1215.9032026515783
306013,753.3225960294749
306014,848.475118673973
306015,-327.3501679202111
306016,834.1883066319808
306017,620.9746340596021
306018,158.39402743749872
306019,253.54655008199688
306020,120.07057077485536
306021,1281.6090453270474
306022,1068.3953727546686
306023,605.8147661325654
306024,700.9672887770636
306025,275.6517386130413
306026,1437.1902131652332
306027,1223.9765405928547
306028,761.3959339707512
306029,856.5484566152494
306030,-533.2818562418154
306031,628.2566183103764
306032,415.0429457379978
306033,-47.53766088410555
306034,47.614861760392614
306035,-85.86111754674903
306036,1075.6773570054431
306037,862.4636844330644
306038,399.883077810961
306039,495.0356004554592
306040,69.7200502914369
306041,1231.258524843629
306042,1018.0448522712502
306043,555.4642456491468
306044,650.616768293645
306045,-1158.1742011425993
306046,3.3642734095927835
306047,-209.84939916278597
306048,-672.4300057848893
306049,-577.277483140391
306050,-710.7534624475327
306051,450.7850121046594
306052,237.57133953228072
306053,-225.00926708982252
306054,-129.85674444532447
306055,-555.1722946093466
306056,606.3661799428453
306057,393.15250737046654
306058,-69.42809925163681
306059,25.724423392861354
306060,347.9896813449594
306061,1509.5281558971515
306062,1296.314483324773
306063,833.7338767026695
306064,928.8863993471676
306065,795.410420040026
306066,1956.948894592218
306067,1743.7352220198395
306068,1281.154615397736
306069,1376.3071380422343
306070,950.9915878782119
306071,2112.5300624304036
306072,1899.3163898580253
306073,1436.735783235922
306074,1531.8883058804201
306075,-212.48795696664
306076,949.050517585552
306077,735.8368450131733
306078,273.2562383910699
306079,368.4087610355681
306080,234.93278172842656
306081,1396.4712562806185
306082,1183.25758370824
306083,720.6769770861365
306084,815.8294997306348
306085,390.5139495666125
306086,1552.0524241188045
306087,1338.8387515464258
306088,876.2581449243224
306089,971.4106675688206
306090,-323.08425738821165
306091,838.4542171639803
306092,625.2405445916015
306093,162.6599379694983
306094,257.8124606139964
306095,124.33648130685492
306096,1285.874955859047
306097,1072.661283286668
306098,610.0806766645649
306099,705.233199309063
306100,279.91764914504074
306101,1441.4561236972327
306102,1228.2424511248541
306103,765.6618445027507
306104,860.8143671472488
306105,-315.0109194469353
306106,846.5275551052566
306107,633.3138825328779
306108,170.73327591077452
306109,265.8857985552727
306110,132.40981924813127
306111,1293.9482938003232
306112,1080.7346212279444
306113,618.1540146058412
306114,713.3065372503393
306115,287.9909870863171
306116,1449.529461638509
306117,1236.3157890661305
306118,773.735182444027
306119,868.8877050885252
306120,-520.9426077685396
306121,640.5958667836522
306122,427.3821942112735
306123,-35.19841241082986
306124,59.954110233668416
306125,-73.52186907347311
306126,1088.0166054787187
306127,874.8029329063402
306128,412.22232628423683
306129,507.374848928735
306130,82.05929876471282
306131,1243.5977733169047
306132,1030.384100744526
306133,567.8034941224226
306134,662.9560167669208
306135,-1145.8349526693235
306136,15.7035218828687
306137,-197.51015068951006
306138,-660.0907573116135
306139,-564.9382346671155
306140,-698.4142139742569
306141,463.1242605779353
306142,249.91058800555652
306143,-212.67001861654683
306144,-117.51749597204866
306145,-542.8330461360708
306146,618.7054284161211
306147,405.49175584374234
306148,-57.08885077836112
306149,38.063671866137156
306150,360.3289298182353
306151,1521.8674043704273
306152,1308.6537317980485
306153,846.0731251759453
306154,941.2256478204433
306155,807.7496685133019
306156,1969.2881430654938
306157,1756.0744704931153
306158,1293.4938638710119
306159,1388.6463865155101
306160,963.3308363514877
306161,2124.8693109036794
306162,1911.6556383313011
306163,1449.075031709198
306164,1544.2275543536957
306165,-200.1487084933642
306166,961.3897660588277
306167,748.1760934864491
306168,285.59548686434573
306169,380.7480095088439
306170,247.2720302017023
306171,1408.8105047538943
306172,1195.5968321815158
306173,733.0162255594123
306174,828.1687482039105
306175,402.8531980398882
306176,1564.3916725920803
306177,1351.1780000197016
306178,888.5973933975981
306179,983.7499160420964
306180,-310.74500891493585
306181,850.7934656372561
306182,637.5797930648774
306183,174.9991864427741
306184,270.15170908727225
306185,136.67572978013072
306186,1298.2142043323229
306187,1085.000531759944
306188,622.4199251378407
306189,717.5724477823388
306190,292.25689761831654
306191,1453.7953721705085
306192,1240.58169959813
306193,778.0010929760265
306194,873.1536156205246
306195,-302.6716709736595
306196,858.8668035785324
306197,645.6531310061537
306198,183.07252438405033
306199,278.22504702854854
306200,144.74906772140707
306201,1306.287542273599
306202,1093.0738697012202
306203,630.493263079117
306204,725.6457857236152
306205,300.3302355595929
306206,1461.8687101117848
306207,1248.6550375394063
306208,786.0744309173028
306209,881.226953561801
306210,-508.6033592952638
306211,652.9351152569282
306212,439.72144268454934
306213,-22.859163937553944
306214,72.29335870694422
306215,-61.18262060019731
306216,1100.3558539519947
306217,887.142181379616
306218,424.56157475751263
306219,519.7140974020108
306220,94.39854723798851
306221,1255.9370217901806
306222,1042.7233492178018
306223,580.1427425956985
306224,675.2952652401966
306225,-1133.4957041960477
306226,28.0427703561445
306227,-185.17090221623425
306228,-647.7515088383377
306229,-552.5989861938394
306230,-686.0749655009811
306231,475.4635090512111
306232,262.2498364788323
306233,-200.33077014327102
306234,-105.17824749877286
306235,-530.493797662795
306236,631.0446768893969
306237,417.83100431701814
306238,-44.749602305085205
306239,50.40292033941296
306240,372.6681782915111
306241,1534.206652843703
306242,1320.9929802713243
306243,858.4123736492211
306244,953.5648962937191
306245,820.0889169865777
306246,1981.6273915387696
306247,1768.413718966391
306248,1305.8331123442877
306249,1400.985634988786
306250,975.6700848247635
306251,2137.2085593769552
306252,1923.994886804577
306253,1461.4142801824737
306254,1556.5668028269715
306255,-187.8094600200884
306256,973.7290145321036
306257,760.5153419597249
306258,297.93473533762153
306259,393.0872579821197
306260,259.6112786749781
306261,1421.14975322717
306262,1207.9360806547916
306263,745.3554740326881
306264,840.5079966771863
306265,415.192446513164
306266,1576.7309210653561
306267,1363.5172484929774
306268,900.9366418708739
306269,996.0891645153722
306270,-221.8736554429331
306271,939.664819109259
306272,726.4511465368803
306273,263.87053991477694
306274,359.0230625592751
306275,225.54708325213358
306276,1387.0855578043256
306277,1173.8718852319469
306278,711.2912786098435
306279,806.4438012543417
306280,381.12825109031934
306281,1542.6667256425114
306282,1329.4530530701327
306283,866.8724464480293
306284,962.0249690925275
306285,-213.80031750165676
306286,947.7381570505353
306287,734.5244844781565
306288,271.94387785605323
306289,367.0964005005514
306290,233.62042119340992
306291,1395.158895745602
306292,1181.945223173223
306293,719.3646165511199
306294,814.517139195618
306295,389.2015890315957
306296,1550.7400635837876
306297,1337.526391011409
306298,874.9457843893056
306299,970.0983070338038
306300,-419.73200582326103
306301,741.806468728931
306302,528.5927961565523
306303,66.01218953444891
306304,161.16471217894707
306305,27.68873287180554
306306,1189.2272074239977
306307,976.0135348516187
306308,513.4329282295155
306309,608.5854508740136
306310,183.26990070999136
306311,1344.8083752621833
306312,1131.5947026898048
306313,669.0140960677013
306314,764.1666187121995
306315,-1044.6243507240447
306316,116.91412382814724
306317,-96.2995487442314
306318,-558.8801553663347
306319,-463.72763272183647
306320,-597.2036120289781
306321,564.3348625232138
306322,351.1211899508352
306323,-111.45941667126817
306324,-16.30689402677001
306325,-441.6224441907923
306326,719.9160303613996
306327,506.702357789021
306328,44.12175116691765
306329,139.2742738114158
306330,461.53953176351393
306331,1623.078006315706
306332,1409.8643337433273
306333,947.283727121224
306334,1042.436249765722
306335,908.9602704585805
306336,2070.498745010773
306337,1857.2850724383939
306338,1394.7044658162906
306339,1489.8569884607887
306340,1064.5414382967663
306341,2226.0799128489584
306342,2012.8662402765797
306343,1550.2856336544764
306344,1645.4381562989745
306345,-98.93810654808556
306346,1062.6003680041065
306347,849.3866954317277
306348,386.80608880962444
306349,481.9586114541226
306350,348.482632146981
306351,1510.021106699173
306352,1296.8074341267943
306353,834.2268275046911
306354,929.3793501491891
306355,504.06379998516684
306356,1665.6022745373589
306357,1452.3886019649804
306358,989.8079953428769
306359,1084.960517987375
306360,-209.5344069696572
306361,952.0040675825348
306362,738.790395010156
306363,276.20978838805274
306364,371.3623110325509
306365,237.88633172540938
306366,1399.4248062776014
306367,1186.2111337052227
306368,723.6305270831193
306369,818.7830497276175
306370,393.46749956359525
306371,1555.0059741157872
306372,1341.7923015434085
306373,879.2116949213053
306374,974.3642175658033
306375,-201.46106902838096
306376,960.0774055238111
306377,746.8637329514323
306378,284.283126329329
306379,379.4356489738272
306380,245.95966966668567
306381,1407.4981442188778
306382,1194.284471646499
306383,731.7038650243957
306384,826.8563876688938
306385,401.5408375048715
306386,1563.0793120570634
306387,1349.8656394846848
306388,887.2850328625815
306389,982.4375555070797
306390,-407.39275734998523
306391,754.1457172022067
306392,540.9320446298279
306393,78.35143800772471
306394,173.50396065222287
306395,40.02798134508134
306396,1201.5664558972735
306397,988.3527833248946
306398,525.7721767027913
306399,620.9246993472894
306400,195.60914918326716
306401,1357.147623735459
306402,1143.9339511630806
306403,681.3533445409771
306404,776.5058671854753
306405,-1032.285102250769
306406,129.25337230142316
306407,-83.9603002709556
306408,-546.540906893059
306409,-451.3883842485609
306410,-584.8643635557023
306411,576.6741109964897
306412,363.460438424111
306413,-99.12016819799237
306414,-3.967645553494208
306415,-429.2831957175165
306416,732.2552788346756
306417,519.0416062622968
306418,56.46099964019345
306419,151.6135222846916
306420,473.8787802367898
306421,1635.4172547889818
306422,1422.203582216603
306423,959.6229755944997
306424,1054.775498238998
306425,921.2995189318564
306426,2082.8379934840486
306427,1869.6243209116697
306428,1407.0437142895664
306429,1502.1962369340645
306430,1076.8806867700423
306431,2238.4191613222342
306432,2025.2054887498555
306433,1562.6248821277522
306434,1657.7774047722503
306435,-86.59885807480987
306436,1074.9396164773823
306437,861.7259439050035
306438,399.1453372829002
306439,494.29785992739835
306440,360.8218806202568
306441,1522.3603551724489
306442,1309.14668260007
306443,846.5660759779669
306444,941.7185986224649
306445,516.4030484584426
306446,1677.9415230106347
306447,1464.727850438256
306448,1002.1472438161527
306449,1097.2997664606507
306450,-360.09353837262074
306451,801.4449361795713
306452,588.2312636071927
306453,125.65065698508931
306454,220.80317962958748
306455,87.32720032244595
306456,1248.865674874638
306457,1035.6520023022592
306458,573.0713956801558
306459,668.223918324654
306460,242.90836816063177
306461,1404.4468427128238
306462,1191.233170140445
306463,728.6525635183417
306464,823.8050861628399
306465,-352.0202004313444
306466,809.5182741208477
306467,596.3046015484689
306468,133.72399492636555
306469,228.8765175708637
306470,95.4005382637223
306471,1256.9390128159143
306472,1043.7253402435356
306473,581.1447336214321
306474,676.2972562659303
306475,250.98170610190812
306476,1412.5201806541002
306477,1199.3065080817214
306478,736.725901459618
306479,831.8784241041162
306480,-557.9518887529487
306481,603.5865857992433
306482,390.37291322686457
306483,-72.20769339523872
306484,22.944829249259442
306485,-110.53115005788209
306486,1051.0073244943098
306487,837.7936519219312
306488,375.21304529982785
306489,470.36556794432596
306490,45.05001778030373
306491,1206.5884923324957
306492,993.374819760117
306493,530.7942131380137
306494,625.9467357825118
306495,-1182.8442336537323
306496,-21.305759101540275
306497,-234.51943167391903
306498,-697.1000382960224
306499,-601.9475156515243
306500,-735.4234949586657
306501,426.1149795935263
306502,212.90130702114755
306503,-249.6792996009558
306504,-154.52677695645764
306505,-579.8423271204799
306506,581.6961474317121
306507,368.48247485933337
306508,-94.09813176276998
306509,1.0543908817281817
306510,323.3196488338263
306511,1484.8581233860182
306512,1271.6444508136397
306513,809.0638441915363
306514,904.2163668360345
306515,770.7403875288929
306516,1932.278862081085
306517,1719.0651895087062
306518,1256.484582886603
306519,1351.637105531101
306520,926.3215553670788
306521,2087.860029919271
306522,1874.646357346892
306523,1412.0657507247888
306524,1507.2182733692869
306525,-237.1579894777733
306526,924.3804850744189
306527,711.1668125020401
306528,248.58620587993676
306529,343.7387285244349
306530,210.2627492172934
306531,1371.8012237694854
306532,1158.5875511971067
306533,696.0069445750033
306534,791.1594672195015
306535,365.8439170554792
306536,1527.3823916076713
306537,1314.1687190352925
306538,851.5881124131892
306539,946.7406350576873
306540,-347.75428989934494
306541,813.7841846528471
306542,600.5705120804685
306543,137.989905458365
306544,233.14242810286316
306545,99.66644879572164
306546,1261.2049233479138
306547,1047.991250775535
306548,585.4106441534316
306549,680.5631667979299
306550,255.24761663390757
306551,1416.7860911860994
306552,1203.5724186137209
306553,740.9918119916175
306554,836.1443346361157
306555,-339.6809519580686
306556,821.8575225941235
306557,608.6438500217447
306558,146.06324339964135
306559,241.2157660441395
306560,107.73978673699798
306561,1269.27826128919
306562,1056.0645887168112
306563,593.4839820947079
306564,688.6365047392061
306565,263.3209545751839
306566,1424.8594291273757
306567,1211.6457565549972
306568,749.0651499328939
306569,844.217672577392
306570,-545.6126402796729
306571,615.9258342725191
306572,402.71216170014037
306573,-59.86844492196292
306574,35.284077722535244
306575,-98.19190158460628
306576,1063.3465729675856
306577,850.132900395207
306578,387.55229377310366
306579,482.70481641760176
306580,57.389266253579535
306581,1218.9277408057715
306582,1005.7140682333928
306583,543.1334616112895
306584,638.2859842557876
306585,-1170.5049851804567
306586,-8.966510628264587
306587,-222.18018320064334
306588,-684.7607898227468
306589,-589.6082671782485
306590,-723.0842464853899
306591,438.454228066802
306592,225.24055549442335
306593,-237.34005112768
306594,-142.18752848318184
306595,-567.5030786472041
306596,594.0353959049878
306597,380.82172333260917
306598,-81.75888328949418
306599,13.393639355003984
306600,335.65889730710205
306601,1497.197371859294
306602,1283.9836992869155
306603,821.4030926648121
306604,916.5556153093103
306605,783.0796360021686
306606,1944.6181105543608
306607,1731.404437981982
306608,1268.8238313598786
306609,1363.9763540043768
306610,938.6608038403546
306611,2100.199278392546
306612,1886.9856058201678
306613,1424.4049991980646
306614,1519.557521842563
306615,-224.8187410044975
306616,936.7197335476947
306617,723.5060609753159
306618,260.9254543532125
306619,356.07797699771066
306620,222.60199769056908
306621,1384.140472242761
306622,1170.9267996703825
306623,708.3461930482791
306624,803.4987156927773
306625,378.183165528755
306626,1539.721640080947
306627,1326.5079675085685
306628,863.927360886465
306629,959.0798835309631
306630,-336.3987962771614
306631,825.1396782750307
306632,611.926005702652
306633,149.34539908054865
306634,244.4979217250468
306635,111.02194241790528
306636,1272.5604169700973
306637,1059.3467443977186
306638,596.7661377756152
306639,691.9186604201134
306640,266.603110256091
306641,1428.1415848082831
306642,1214.9279122359044
306643,752.347305613801
306644,847.4998282582992
306645,-328.32545833588506
306646,833.213016216307
306647,619.9993436439283
306648,157.41873702182488
306649,252.5712596663231
306650,119.09528035918152
306651,1280.6337549113737
306652,1067.420082338995
306653,604.8394757168916
306654,699.9919983613897
306655,274.67644819736734
306656,1436.2149227495595
306657,1223.0012501771807
306658,760.4206435550773
306659,855.5731661995756
306660,-534.2571466574893
306661,627.2813278947026
306662,414.0676553223239
306663,-48.51295129977939
306664,46.639571344718775
306665,-86.83640796242287
306666,1074.7020665897692
306667,861.4883940173905
306668,398.9077873952872
306669,494.06031003978535
306670,68.74475987576295
306671,1230.283234427955
306672,1017.0695618555764
306673,554.488955233473
306674,649.6414778779712
306675,-1159.1494915582732
306676,2.3889829939190577
306677,-210.8246895784597
306678,-673.4052962005633
306679,-578.252773556065
306680,-711.7287528632066
306681,449.80972168898563
306682,236.59604911660688
306683,-225.98455750549647
306684,-130.8320348609983
306685,-556.1475850250206
306686,605.3908895271715
306687,392.1772169547927
306688,-70.40338966731065
306689,24.749132977187514
306690,347.01439092928564
306691,1508.5528654814777
306692,1295.339192909099
306693,832.7585862869958
306694,927.9111089314938
306695,794.4351296243523
306696,1955.9736041765443
306697,1742.7599316041656
306698,1280.1793249820623
306699,1375.3318476265604
306700,950.0162974625381
306701,2111.5547720147306
306702,1898.3410994423514
306703,1435.7604928202481
306704,1530.9130154647464
306705,-213.46324738231397
306706,948.0752271698782
306707,734.8615545974994
306708,272.2809479753961
306709,367.43347061989425
306710,233.95749131275272
306711,1395.4959658649448
306712,1182.282293292566
306713,719.7016866704628
306714,814.8542093149608
306715,389.53865915093854
306716,1551.0771337031306
306717,1337.863461130752
306718,875.2828545086486
306719,970.4353771531468
306720,-324.0595478038856
306721,837.4789267483064
306722,624.2652541759278
306723,161.68464755382433
306724,256.83717019832255
306725,123.36119089118108
306726,1284.8996654433731
306727,1071.6859928709944
306728,609.105386248891
306729,704.2579088933892
306730,278.9423587293669
306731,1440.4808332815592
306732,1227.2671607091802
306733,764.6865540870768
306734,859.839076731575
306735,-315.98620986260926
306736,845.5522646895828
306737,632.338592117204
306738,169.75798549510068
306739,264.91050813959885
306740,131.43452883245732
306741,1292.9730033846495
306742,1079.7593308122707
306743,617.1787241901674
306744,712.3312468346655
306745,287.01569667064325
306746,1448.5541712228353
306747,1235.3404986504565
306748,772.7598920283532
306749,867.9124146728514
306750,-521.9178981842135
306751,639.6205763679784
306752,426.40690379559976
306753,-36.173702826503586
306754,58.97881981799458
306755,-74.49715948914695
306756,1087.041315063045
306757,873.8276424906663
306758,411.247035868563
306759,506.39955851306115
306760,81.08400834903887
306761,1242.622482901231
306762,1029.4088103288523
306763,566.8282037067488
306764,661.980726351247
306765,-1146.8102430849972
306766,14.728231467194746
306767,-198.4854411051839
306768,-661.0660477272872
306769,-565.913525082789
306770,-699.3895043899306
306771,462.1489701622615
306772,248.93529758988274
306773,-213.64530903222055
306774,-118.49278638772239
306775,-543.8083365517448
306776,617.7301380004474
306777,404.51646542806856
306778,-58.064141194034846
306779,37.08838145046332
306780,359.3536394025615
306781,1520.8921139547535
306782,1307.6784413823748
306783,845.0978347602714
306784,940.2503574047696
306785,806.7743780976281
306786,1968.3128526498201
306787,1755.0991800774414
306788,1292.518573455338
306789,1387.6710960998362
306790,962.355545935814
306791,2123.8940204880064
306792,1910.6803479156272
306793,1448.099741293524
306794,1543.2522639380222
306795,-201.12399890903816
306796,960.414475643154
306797,747.2008030707752
306798,284.6201964486719
306799,379.77271909317005
306800,246.29673978602852
306801,1407.8352143382208
306802,1194.6215417658418
306803,732.0409351437386
306804,827.1934577882367
306805,401.87790762421434
306806,1563.4163821764064
306807,1350.2027096040279
306808,887.6221029819244
306809,982.7746256264226
306810,-311.7202993306098
306811,849.8181752215824
306812,636.6045026492035
306813,174.02389602710014
306814,269.17641867159836
306815,135.70043936445688
306816,1297.238913916649
306817,1084.0252413442702
306818,621.4446347221668
306819,716.597157366665
306820,291.28160720264276
306821,1452.8200817548347
306822,1239.606409182456
306823,777.0258025603528
306824,872.1783252048508
306825,-303.64696138933346
306826,857.8915131628586
306827,644.6778405904798
306828,182.0972339683765
306829,277.24975661287465
306830,143.77377730573312
306831,1305.3122518579253
306832,1092.0985792855465
306833,629.5179726634432
306834,724.6704953079413
306835,299.354945143919
306836,1460.893419696111
306837,1247.6797471237323
306838,785.099140501629
306839,880.2516631461272
306840,-509.5786497109377
306841,651.9598248412543
306842,438.74615226887545
306843,-23.834454353227784
306844,71.31806829127038
306845,-62.157911015871264
306846,1099.380563536321
306847,886.1668909639421
306848,423.5862843418388
306849,518.738806986337
306850,93.42325682231467
306851,1254.9617313745066
306852,1041.748058802128
306853,579.1674521800246
306854,674.3199748245228
306855,-1134.4709946117216
306856,27.067479940470662
306857,-186.1461926319081
306858,-648.7267992540114
306859,-553.5742766095134
306860,-687.050255916655
306861,474.48821863553724
306862,261.2745460631585
306863,-201.30606055894486
306864,-106.1535379144467
306865,-531.469088078469
306866,630.0693864737231
306867,416.8557139013443
306868,-45.724892720759044
306869,49.42762992373912
306870,371.69288787583724
306871,1533.2313624280293
306872,1320.0176898556506
306873,857.4370832335471
306874,952.5896058780454
306875,819.1136265709039
306876,1980.652101123096
306877,1767.4384285507172
306878,1304.8578219286137
306879,1400.010344573112
306880,974.6947944090898
306881,2136.2332689612817
306882,1923.019596388903
306883,1460.4389897667998
306884,1555.5915124112978
306885,-188.78475043576236
306886,972.7537241164298
306887,759.540051544051
306888,296.95944492194764
306889,392.11196756644586
306890,258.6359882593043
306891,1420.1744628114964
306892,1206.9607902391176
306893,744.3801836170144
306894,839.5327062615124
306895,414.2171560974902
306896,1575.7556306496822
306897,1362.5419580773037
306898,899.9613514552002
306899,995.1138740996984
306900,-222.84894585860695
306901,938.6895286935851
306902,725.4758561212064
306903,262.8952494991031
306904,358.04777214360126
306905,224.57179283645974
306906,1386.1102673886517
306907,1172.8965948162731
306908,710.3159881941697
306909,805.4685108386678
306910,380.15296067464544
306911,1541.6914352268377
306912,1328.4777626544587
306913,865.8971560323555
306914,961.0496786768537
306915,-214.7756079173305
306916,946.7628666348614
306917,733.5491940624827
306918,270.9685874403794
306919,366.1211100848776
306920,232.64513077773609
306921,1394.183605329928
306922,1180.9699327575493
306923,718.389326135446
306924,813.5418487799442
306925,388.2262986159219
306926,1549.764773168114
306927,1336.551100595735
306928,873.9704939736318
306929,969.12301661813
306930,-420.707296238935
306931,740.8311783132572
306932,527.6175057408784
306933,65.03689911877495
306934,160.18942176327323
306935,26.713442456131588
306936,1188.2519170083237
306937,975.038244435945
306938,512.4576378138416
306939,607.6101604583398
306940,182.2946102943174
306941,1343.8330848465096
306942,1130.6194122741308
306943,668.0388056520275
306944,763.1913282965256
306945,-1045.5996411397186
306946,115.93883341247351
306947,-97.27483915990524
306948,-559.8554457820087
306949,-464.7029231375104
306950,-598.1789024446521
306951,563.3595721075401
306952,350.14589953516133
306953,-112.43470708694201
306954,-17.28218444244385
306955,-442.59773460646625
306956,718.9407399457259
306957,505.72706737334715
306958,43.146460751243694
306959,138.29898339574197
306960,460.56424134784015
306961,1622.1027159000323
306962,1408.8890433276536
306963,946.3084367055502
306964,1041.4609593500484
306965,907.9849800429067
306966,2069.523454595099
306967,1856.3097820227201
306968,1393.729175400617
306969,1488.881698045115
306970,1063.5661478810925
306971,2225.104622433285
306972,2011.890949860906
306973,1549.3103432388025
306974,1644.4628658833008
306975,-99.9133969637594
306976,1061.6250775884328
306977,848.4114050160539
306978,385.8307983939506
306979,480.98332103844876
306980,347.50734173130724
306981,1509.0458162834993
306982,1295.8321437111206
306983,833.2515370890172
306984,928.4040597335154
306985,503.088509569493
306986,1664.6269841216852
306987,1451.4133115493064
306988,988.8327049272029
306989,1083.9852275717012
306990,-210.50969738533104
306991,951.0287771668609
306992,737.8151045944821
306993,275.2344979723789
306994,370.38702061687707
306995,236.91104130973565
306996,1398.4495158619277
306997,1185.235843289549
306998,722.6552366674455
306999,817.8077593119436
307000,392.49220914792136
307001,1554.0306837001135
307002,1340.8170111277348
307003,878.2364045056313
307004,973.3889271501296
307005,-202.4363594440547
307006,959.1021151081372
307007,745.8884425357585
307008,283.30783591365514
307009,378.46035855815336
307010,244.98437925101183
307011,1406.5228538032038
307012,1193.3091812308253
307013,730.7285746087218
307014,825.88109725322
307015,400.5655470891977
307016,1562.1040216413899
307017,1348.8903490690109
307018,886.3097424469076
307019,981.4622650914058
307020,-408.3680477656592
307021,753.170426786533
307022,539.9567542141542
307023,77.37614759205087
307024,172.52867023654903
307025,39.052690929407504
307026,1200.5911654815995
307027,987.3774929092208
307028,524.7968862871174
307029,619.9494089316156
307030,194.63385876759332
307031,1356.1723333197851
307032,1142.9586607474066
307033,680.3780541253033
307034,775.5305767698014
307035,-1033.2603926664428
307036,128.2780818857492
307037,-84.93559068662955
307038,-547.5161973087329
307039,-452.3636746642346
307040,-585.839653971376
307041,575.6988205808159
307042,362.4851480084372
307043,-100.0954586136661
307044,-4.9429359691680474
307045,-430.25848613319044
307046,731.2799884190017
307047,518.066315846623
307048,55.48570922451961
307049,150.63823186901777
307050,472.903489821116
307051,1634.441964373308
307052,1421.2282918009291
307053,958.6476851788259
307054,1053.8002078233242
307055,920.3242285161826
307056,2081.8627030683747
307057,1868.649030495996
307058,1406.0684238738927
307059,1501.2209465183907
307060,1075.9053963543683
307061,2237.4438709065607
307062,2024.2301983341818
307063,1561.6495917120783
307064,1656.8021143565766
307065,-87.5741484904836
307066,1073.9643260617086
307067,860.7506534893297
307068,398.17004686722635
307069,493.3225695117245
307070,359.846590204583
307071,1521.3850647567751
307072,1308.1713921843964
307073,845.590785562293
307074,940.7433082067912
307075,515.4277580427688
307076,1676.966232594961
307077,1463.7525600225822
307078,1001.1719534004787
307079,1096.324476044977
307080,-361.0688287882947
307081,800.4696457638975
307082,587.2559731915187
307083,124.67536656941536
307084,219.82788921391352
307085,86.35190990677211
307086,1247.890384458964
307087,1034.6767118865855
307088,572.096105264482
307089,667.2486279089802
307090,241.93307774495787
307091,1403.47155229715
307092,1190.257879724771
307093,727.6772731026679
307094,822.829795747166
307095,-352.99549084701835
307096,808.5429837051738
307097,595.329311132795
307098,132.7487045106916
307099,227.90122715518987
307100,94.42524784804834
307101,1255.9637224002404
307102,1042.7500498278616
307103,580.1694432057584
307104,675.3219658502564
307105,250.00641568623422
307106,1411.5448902384262
307107,1198.3312176660475
307108,735.7506110439442
307109,830.9031336884424
307110,-558.9271791686226
307111,602.6112953835695
307112,389.3976228111907
307113,-73.18298381091267
307114,21.969538833585602
307115,-111.50644047355604
307116,1050.0320340786361
307117,836.8183615062574
307118,374.237754884154
307119,469.3902775286521
307120,44.07472736462978
307121,1205.613201916822
307122,992.3995293444432
307123,529.8189227223398
307124,624.971445366838
307125,-1183.8195240694063
307126,-22.281049517214228
307127,-235.49472208959298
307128,-698.0753287116963
307129,-602.922806067198
307130,-736.3987853743397
307131,425.1396891778524
307132,211.9260166054737
307133,-250.65459001662964
307134,-155.50206737213148
307135,-580.8176175361539
307136,580.7208570160383
307137,367.5071844436595
307138,-95.07342217844393
307139,0.07910046605434218
307140,322.34435841815247
307141,1483.8828329703447
307142,1270.6691603979657
307143,808.0885537758625
307144,903.2410764203605
307145,769.7650971132191
307146,1931.303571665411
307147,1718.0898990930323
307148,1255.509292470929
307149,1350.661815115427
307150,925.3462649514049
307151,2086.8847395035973
307152,1873.6710669312183
307153,1411.0904603091149
307154,1506.2429829536131
307155,-238.13327989344702
307156,923.405194658745
307157,710.1915220863661
307158,247.6109154642628
307159,342.763438108761
307160,209.28745880161955
307161,1370.8259333538117
307162,1157.6122607814327
307163,695.0316541593295
307164,790.1841768038277
307165,364.8686266398054
307166,1526.4071011919973
307167,1313.1934286196188
307168,850.6128219975153
307169,945.7653446420136
307170,-348.72958031501867
307171,812.8088942371733
307172,599.5952216647945
307173,137.01461504269128
307174,232.16713768718932
307175,98.69115838004791
307176,1260.2296329322398
307177,1047.0159603598613
307178,584.4353537377579
307179,679.587876382256
307180,254.27232621823373
307181,1415.8108007704259
307182,1202.597128198047
307183,740.0165215759437
307184,835.1690442204418
307185,-340.65624237374254
307186,820.8822321784496
307187,607.6685596060709
307188,145.0879529839675
307189,240.24047562846567
307190,106.76449632132415
307191,1268.3029708735162
307192,1055.0892983011374
307193,592.5086916790342
307194,687.6612143235322
307195,262.34566415950997
307196,1423.8841387117022
307197,1210.6704661393233
307198,748.08985951722
307199,843.2423821617182
307200,-546.5879306953468
307201,614.9505438568452
307202,401.7368712844665
307203,-60.84373533763687
307204,34.308787306861404
307205,-99.16719200028024
307206,1062.371282551912
307207,849.1576099795332
307208,386.5770033574298
307209,481.7295260019279
307210,56.41397583790558
307211,1217.9524503900977
307212,1004.738777817719
307213,542.1581711956156
307214,637.3106938401138
307215,-1171.4802755961307
307216,-9.941801043938312
307217,-223.15547361631707
307218,-685.7360802384205
307219,-590.5835575939225
307220,-724.0595369010639
307221,437.47893765112826
307222,224.2652650787495
307223,-238.31534154335384
307224,-143.16281889885568
307225,-568.4783690628781
307226,593.0601054893141
307227,379.8464329169353
307228,-82.73417370516813
307229,12.418348939330144
307230,334.68360689142827
307231,1496.2220814436205
307232,1283.0084088712417
307233,820.4278022491383
307234,915.5803248936365
307235,782.1043455864949
307236,1943.6428201386868
307237,1730.429147566308
307238,1267.848540944205
307239,1363.0010635887031
307240,937.6855134246807
307241,2099.223987976873
307242,1886.0103154044941
307243,1423.4297087823907
307244,1518.582231426889
307245,-225.79403142017122
307246,935.7444431320207
307247,722.5307705596421
307248,259.95016393753866
307249,355.1026865820369
307250,221.62670727489535
307251,1383.1651818270875
307252,1169.9515092547085
307253,707.3709026326053
307254,802.5234252771035
307255,377.2078751130812
307256,1538.746349665273
307257,1325.5326770928946
307258,862.9520704707911
307259,958.1045931152894
307260,-336.3903318417431
307261,825.1481427104491
307262,611.9344701380703
307263,149.35386351596696
307264,244.50638616046513
307265,111.0304068533236
307266,1272.5688814055156
307267,1059.3552088331369
307268,596.7746022110337
307269,691.9271248555318
307270,266.6115746915094
307271,1428.1500492437017
307272,1214.9363766713227
307273,752.3557700492195
307274,847.5082926937176
307275,-328.31699390046674
307276,833.2214806517254
307277,620.0078080793467
307278,157.4272014572432
307279,252.57972410174148
307280,119.10374479459983
307281,1280.642219346792
307282,1067.4285467744132
307283,604.84794015231
307284,700.000462796808
307285,274.68491263278577
307286,1436.223387184978
307287,1223.009714612599
307288,760.4291079904957
307289,855.581630634994
307290,-534.248682222071
307291,627.289792330121
307292,414.07611975774233
307293,-48.504486864360956
307294,46.64803578013721
307295,-86.82794352700444
307296,1074.7105310251877
307297,861.496858452809
307298,398.9162518307056
307299,494.0687744752037
307300,68.75322431118138
307301,1230.2916988633735
307302,1017.0780262909948
307303,554.4974196688914
307304,649.6499423133896
307305,-1159.1410271228547
307306,2.397447429337376
307307,-210.81622514304127
307308,-673.3968317651447
307309,-578.2443091206464
307310,-711.7202884277881
307311,449.81818612440406
307312,236.6045135520253
307313,-225.97609307007804
307314,-130.82357042557987
307315,-556.1391205896023
307316,605.3993539625899
307317,392.18568139021113
307318,-70.39492523189222
307319,24.757597412605946
307320,347.022855364704
307321,1508.5613299168963
307322,1295.3476573445173
307323,832.7670507224141
307324,927.9195733669122
307325,794.4435940597706
307326,1955.9820686119629
307327,1742.7683960395839
307328,1280.1877894174806
307329,1375.3403120619787
307330,950.0247618979565
307331,2111.563236450149
307332,1898.34956387777
307333,1435.7689572556665
307334,1530.9214799001647
307335,-213.45478294689553
307336,948.0836916052965
307337,734.8700190329179
307338,272.28941241081446
307339,367.4419350553127
307340,233.96595574817115
307341,1395.5044303003633
307342,1182.2907577279843
307343,719.7101511058811
307344,814.8626737503793
307345,389.547123586357
307346,1551.0855981385491
307347,1337.8719255661704
307348,875.2913189440669
307349,970.4438415885652
307350,-324.0510833684673
307351,837.4873911837249
307352,624.2737186113462
307353,161.69311198924288
307354,256.845634633741
307355,123.36965532659951
307356,1284.9081298787914
307357,1071.694457306413
307358,609.1138506843095
307359,704.2663733288076
307360,278.9508231647853
307361,1440.4892977169775
307362,1227.2756251445985
307363,764.6950185224953
307364,859.8475411669934
307365,-315.97774542719094
307366,845.5607291250012
307367,632.3470565526225
307368,169.76644993051912
307369,264.9189725750173
307370,131.44299326787575
307371,1292.9814678200678
307372,1079.767795247689
307373,617.1871886255858
307374,712.3397112700839
307375,287.0241611060616
307376,1448.5626356582536
307377,1235.3489630858749
307378,772.7683564637716
307379,867.9208791082698
307380,-521.9094337487952
307381,639.6290408033968
307382,426.4153682310181
307383,-36.16523839108527
307384,58.987284253412895
307385,-74.48869505372863
307386,1087.0497794984635
307387,873.8361069260848
307388,411.2555003039814
307389,506.4080229484796
307390,81.0924727844573
307391,1242.6309473366493
307392,1029.4172747642706
307393,566.8366681421672
307394,661.9891907866654
307395,-1146.8017786495789
307396,14.736695902613178
307397,-198.47697666976558
307398,-661.0575832918689
307399,-565.9050606473706
307400,-699.3810399545121
307401,462.1574345976798
307402,248.94376202530117
307403,-213.63684459680212
307404,-118.48432195230407
307405,-543.7998721163265
307406,617.7386024358657
307407,404.52492986348693
307408,-58.055676758616414
307409,37.09684588588175
307410,359.36210383797993
307411,1520.900578390172
307412,1307.686905817793
307413,845.1062991956899
307414,940.258821840188
307415,806.7828425330465
307416,1968.3213170852384
307417,1755.1076445128597
307418,1292.5270378907564
307419,1387.6795605352545
307420,962.3640103712323
307421,2123.9024849234247
307422,1910.6888123510457
307423,1448.1082057289423
307424,1543.2607283734405
307425,-201.11553447361973
307426,960.4229400785724
307427,747.2092675061937
307428,284.6286608840903
307429,379.7811835285885
307430,246.3052042214469
307431,1407.843678773639
307432,1194.6300062012601
307433,732.0493995791569
307434,827.2019222236551
307435,401.8863720596327
307436,1563.4248466118247
307437,1350.2111740394462
307438,887.6305674173427
307439,982.783090061841
307440,-311.71183489519126
307441,849.8266396570007
307442,636.6129670846219
307443,174.03236046251868
307444,269.1848831070168
307445,135.70890379987532
307446,1297.2473783520672
307447,1084.0337057796887
307448,621.4530991575853
307449,716.6056218020834
307450,291.29007163806114
307451,1452.8285461902533
307452,1239.6148736178743
307453,777.0342669957711
307454,872.1867896402692
307455,-303.63849695391514
307456,857.899977598277
307457,644.6863050258983
307458,182.10569840379492
307459,277.2582210482931
307460,143.78224174115155
307461,1305.3207162933436
307462,1092.1070437209648
307463,629.5264370988616
307464,724.6789597433597
307465,299.3634095793374
307466,1460.9018841315294
307467,1247.6882115591507
307468,785.1076049370474
307469,880.2601275815456
307470,-509.5701852755194
307471,651.9682892766726
307472,438.7546167042939
307473,-23.825989917809466
307474,71.32653272668881
307475,-62.14944658045283
307476,1099.3890279717393
307477,886.1753553993606
307478,423.59474877725717
307479,518.7472714217554
307480,93.43172125773299
307481,1254.9701958099251
307482,1041.7565232375464
307483,579.175916615443
307484,674.3284392599412
307485,-1134.4625301763028
307486,27.075944375889094
307487,-186.13772819648966
307488,-648.7183348185929
307489,-553.5658121740948
307490,-687.0417914812365
307491,474.49668307095567
307492,261.2830104985769
307493,-201.29759612352643
307494,-106.14507347902827
307495,-531.4606236430507
307496,630.0778509091415
307497,416.8641783367627
307498,-45.716428285340726
307499,49.43609435915755
307500,371.7013523112557
307501,1533.2398268634477
307502,1320.026154291069
307503,857.4455476689657
307504,952.5980703134637
307505,819.1220910063223
307506,1980.6605655585142
307507,1767.4468929861355
307508,1304.8662863640322
307509,1400.0188090085303
307510,974.7032588445081
307511,2136.2417333967005
307512,1923.0280608243213
307513,1460.447454202218
307514,1555.5999768467163
307515,-188.77628600034382
307516,972.7621885518481
307517,759.5485159794695
307518,296.96790935736607
307519,392.1204320018643
307520,258.64445269472276
307521,1420.182927246915
307522,1206.969254674536
307523,744.3886480524327
307524,839.5411706969309
307525,414.2256205329086
307526,1575.7640950851005
307527,1362.550422512722
307528,899.9698158906185
307529,995.1223385351168
307530,-222.84048142318852
307531,938.6979931290035
307532,725.4843205566249
307533,262.90371393452153
307534,358.0562365790197
307535,224.58025727187817
307536,1386.1187318240702
307537,1172.9050592516915
307538,710.3244526295881
307539,805.4769752740863
307540,380.1614251100639
307541,1541.699899662256
307542,1328.4862270898773
307543,865.9056204677739
307544,961.0581431122721
307545,-214.76714348191206
307546,946.7713310702799
307547,733.5576584979011
307548,270.9770518757978
307549,366.12957452029605
307550,232.65359521315452
307551,1394.1920697653466
307552,1180.9783971929678
307553,718.3977905708645
307554,813.5503132153626
307555,388.23476305134034
307556,1549.7732376035324
307557,1336.5595650311536
307558,873.9789584090502
307559,969.1314810535484
307560,-420.69883180351667
307561,740.8396427486755
307562,527.6259701762967
307563,65.0453635541935
307564,160.19788619869166
307565,26.72190689155002
307566,1188.260381443742
307567,975.0467088713633
307568,512.4661022492601
307569,607.6186248937582
307570,182.30307472973584
307571,1343.8415492819279
307572,1130.6278767095491
307573,668.0472700874459
307574,763.1997927319441
307575,-1045.5911767043003
307576,115.94729784789183
307577,-97.26637472448681
307578,-559.8469813465904
307579,-464.6944587020921
307580,-598.1704380092335
307581,563.3680365429585
307582,350.15436397057977
307583,-112.42624265152358
307584,-17.273720007025418
307585,-442.58927017104793
307586,718.9492043811443
307587,505.7355318087656
307588,43.15492518666224
307589,138.3074478311604
307590,460.5727057832586
307591,1622.1111803354506
307592,1408.8975077630719
307593,946.3169011409686
307594,1041.469423785467
307595,907.9934444783252
307596,2069.531919030517
307597,1856.3182464581384
307598,1393.7376398360352
307599,1488.8901624805335
307600,1063.5746123165109
307601,2225.1130868687032
307602,2011.8994142963245
307603,1549.318807674221
307604,1644.471330318719
307605,-99.90493252834096
307606,1061.633542023851
307607,848.4198694514723
307608,385.83926282936903
307609,480.9917854738672
307610,347.51580616672567
307611,1509.0542807189177
307612,1295.840608146539
307613,833.2600015244357
307614,928.4125241689337
307615,503.09697400491143
307616,1664.6354485571037
307617,1451.4217759847247
307618,988.8411693626215
307619,1083.9936920071195
307620,-210.50123294991272
307621,951.0372416022794
307622,737.8235690299007
307623,275.24296240779734
307624,370.3954850522955
307625,236.91950574515397
307626,1398.457980297346
307627,1185.2443077249673
307628,722.6637011028639
307629,817.8162237473621
307630,392.50067358333973
307631,1554.0391481355318
307632,1340.825475563153
307633,878.2448689410497
307634,973.3973915855479
307635,-202.42789500863637
307636,959.1105795435557
307637,745.8969069711769
307638,283.3163003490736
307639,378.4688229935718
307640,244.99284368643026
307641,1406.5313182386221
307642,1193.3176456662436
307643,730.7370390441403
307644,825.8895616886384
307645,400.5740115246161
307646,1562.1124860768082
307647,1348.8988135044294
307648,886.318206882326
307649,981.4707295268242
307650,-408.35958333024087
307651,753.1788912219514
307652,539.9652186495725
307653,77.38461202746919
307654,172.53713467196735
307655,39.061155364825936
307656,1200.5996299170179
307657,987.3859573446391
307658,524.8053507225359
307659,619.957873367034
307660,194.64232320301176
307661,1356.180797755204
307662,1142.967125182825
307663,680.3865185607217
307664,775.5390412052199
307665,-1033.2519282310243
307666,128.28654632116763
307667,-84.927126251211
307668,-547.5077328733144
307669,-452.3552102288161
307670,-585.8311895359577
307671,575.7072850162342
307672,362.49361244385557
307673,-100.08699417824778
307674,-4.9344715337496154
307675,-430.2500216977719
307676,731.28845285442
307677,518.0747802820414
307678,55.49417365993804
307679,150.6466963044362
307680,472.91195425653444
307681,1634.4504288087264
307682,1421.2367562363477
307683,958.6561496142444
307684,1053.8086722587425
307685,920.3326929516011
307686,2081.871167503793
307687,1868.6574949314142
307688,1406.076888309311
307689,1501.229410953809
307690,1075.913860789787
307691,2237.452335341979
307692,2024.2386627696003
307693,1561.6580561474968
307694,1656.8105787919949
307695,-87.56568405506528
307696,1073.9727904971269
307697,860.7591179247481
307698,398.1785113026448
307699,493.33103394714294
307700,359.8550546400014
307701,1521.3935291921935
307702,1308.1798566198147
307703,845.5992499977114
307704,940.7517726422095
307705,515.4362224781871
307706,1676.9746970303793
307707,1463.7610244580005
307708,1001.1804178358972
307709,1096.3329404803953
307710,-361.06036435287615
307711,800.4781101993159
307712,587.2644376269371
307713,124.68383100483379
307714,219.83635364933195
307715,86.36037434219054
307716,1247.8988488943826
307717,1034.6851763220038
307718,572.1045696999004
307719,667.2570923443986
307720,241.94154218037625
307721,1403.4800167325684
307722,1190.2663441601896
307723,727.6857375380863
307724,822.8382601825845
307725,-352.9870264115998
307726,808.5514481405922
307727,595.3377755682135
307728,132.75716894611014
307729,227.9096915906083
307730,94.43371228346678
307731,1255.9721868356587
307732,1042.7585142632802
307733,580.1779076411767
307734,675.3304302856749
307735,250.0148801216526
307736,1411.5533546738448
307737,1198.339682101466
307738,735.7590754793625
307739,830.9115981238608
307740,-558.9187147332043
307741,602.6197598189879
307742,389.4060872466091
307743,-73.17451937549424
307744,21.97800326900392
307745,-111.49797603813761
307746,1050.0404985140544
307747,836.8268259416757
307748,374.2462193195724
307749,469.39874196407055
307750,44.08319180004821
307751,1205.6216663522403
307752,992.4079937798615
307753,529.8273871577583
307754,624.9799098022564
307755,-1183.811059633988
307756,-22.272585081795796
307757,-235.48625765417455
307758,-698.066864276278
307759,-602.9143416317797
307760,-736.3903209389211
307761,425.14815361327084
307762,211.93448104089214
307763,-250.6461255812112
307764,-155.49360293671305
307765,-580.8091531007356
307766,580.7293214514566
307767,367.5156488790779
307768,-95.0649577430255
307769,0.0875649014726605
307770,322.3528228535709
307771,1483.891297405763
307772,1270.6776248333842
307773,808.0970182112808
307774,903.2495408557791
307775,769.7735615486375
307776,1931.3120361008296
307777,1718.0983635284508
307778,1255.5177569063476
307779,1350.6702795508456
307780,925.3547293868234
307781,2086.8932039390156
307782,1873.6795313666366
307783,1411.0989247445332
307784,1506.2514473890315
307785,-238.1248154580287
307786,923.4136590941633
307787,710.1999865217847
307788,247.61937989968123
307789,342.77190254417945
307790,209.29592323703798
307791,1370.83439778923
307792,1157.6207252168513
307793,695.0401185947479
307794,790.1926412392461
307795,364.8770910752238
307796,1526.4155656274158
307797,1313.201893055037
307798,850.6212864329337
307799,945.7738090774319
307800,-348.72111587960035
307801,812.8173586725917
307802,599.603686100213
307803,137.0230794781096
307804,232.17560212260787
307805,98.69962281546623
307806,1260.2380973676584
307807,1047.0244247952796
307808,584.4438181731762
307809,679.5963408176744
307810,254.28079065365216
307811,1415.8192652058442
307812,1202.6055926334654
307813,740.0249860113621
307814,835.1775086558603
307815,-340.647777938324
307816,820.890696613868
307817,607.6770240414893
307818,145.09641741938594
307819,240.2489400638841
307820,106.77296075674258
307821,1268.3114353089345
307822,1055.097762736556
307823,592.5171561144525
307824,687.6696787589507
307825,262.3541285949284
307826,1423.8926031471206
307827,1210.6789305747418
307828,748.0983239526383
307829,843.2508465971366
307830,-546.5794662599285
307831,614.9590082922637
307832,401.7453357198849
307833,-60.835270902218326
307834,34.317251742279836
307835,-99.15872756486192
307836,1062.3797469873302
307837,849.1660744149515
307838,386.5854677928482
307839,481.73799043734635
307840,56.422440273324014
307841,1217.9609148255163
307842,1004.7472422531374
307843,542.1666356310341
307844,637.3191582755322
307845,-1171.471811160712
307846,-9.93333660851988
307847,-223.14700918089864
307848,-685.727615803002
307849,-590.5750931585039
307850,-724.0510724656453
307851,437.4874020865467
307852,224.27372951416794
307853,-238.3068771079354
307854,-143.15435446343724
307855,-568.4699046274598
307856,593.0685699247325
307857,379.85489735235376
307858,-82.72570926974959
307859,12.426813374748576
307860,334.6920713268467
307861,1496.2305458790388
307862,1283.01687330666
307863,820.4362666845567
307864,915.5887893290549
307865,782.1128100219132
307866,1943.6512845741054
307867,1730.4376120017266
307868,1267.8570053796234
307869,1363.0095280241214
307870,937.6939778600992
307871,2099.2324524122914
307872,1886.0187798399127
307873,1423.4381732178092
307874,1518.5906958623073
307875,-225.7855669847529
307876,935.7529075674393
307877,722.5392349950605
307878,259.9586283729571
307879,355.1111510174553
307880,221.63517171031367
307881,1383.1736462625058
307882,1169.959973690127
307883,707.3793670680237
307884,802.5318897125219
307885,377.2163395484996
307886,1538.7548141006916
307887,1325.541141528313
307888,862.9605349062095
307889,958.1130575507077
307890,-336.3818674063248
307891,825.1566071458675
307892,611.9429345734887
307893,149.3623279513854
307894,244.51485059588356
307895,111.03887128874203
307896,1272.577345840934
307897,1059.3636732685554
307898,596.783066646452
307899,691.9355892909502
307900,266.6200391269278
307901,1428.15851367912
307902,1214.9448411067413
307903,752.3642344846379
307904,847.5167571291361
307905,-328.3085294650484
307906,833.2299450871438
307907,620.0162725147651
307908,157.43566589266175
307909,252.5881885371599
307910,119.11220923001827
307911,1280.6506837822103
307912,1067.4370112098318
307913,604.8564045877283
307914,700.0089272322265
307915,274.69337706820414
307916,1436.2318516203964
307917,1223.0181790480176
307918,760.4375724259141
307919,855.5900950704123
307920,-534.2402177866527
307921,627.2982567655395
307922,414.08458419316065
307923,-48.49602242894264
307924,46.656500215555525
307925,-86.81947909158612
307926,1074.718995460606
307927,861.5053228882273
307928,398.924716266124
307929,494.07723891062216
307930,68.76168874659982
307931,1230.3001632987919
307932,1017.0864907264132
307933,554.5058841043099
307934,649.658406748808
307935,-1159.1325626874363
307936,2.405911864755808
307937,-210.80776070762295
307938,-673.3883673297264
307939,-578.2358446852281
307940,-711.7118239923695
307941,449.8266505598224
307942,236.61297798744374
307943,-225.9676286346596
307944,-130.81510599016144
307945,-556.130656154184
307946,605.4078183980082
307947,392.1941458256295
307948,-70.38646079647378
307949,24.76606184802438
307950,347.03131980012245
307951,1508.5697943523146
307952,1295.3561217799358
307953,832.7755151578325
307954,927.9280378023307
307955,794.452058495189
307956,1955.9905330473812
307957,1742.7768604750024
307958,1280.1962538528992
307959,1375.3487764973972
307960,950.0332263333748
307961,2111.571700885567
307962,1898.3580283131882
307963,1435.777421691085
307964,1530.929944335583
307965,-213.4463185114771
307966,948.092156040715
307967,734.8784834683363
307968,272.2978768462329
307969,367.4503994907311
307970,233.9744201835896
307971,1395.5128947357816
307972,1182.2992221634029
307973,719.7186155412995
307974,814.8711381857977
307975,389.55558802177535
307976,1551.0940625739674
307977,1337.8803900015887
307978,875.2997833794853
307979,970.4523060239835
307980,-324.04261893304874
307981,837.4958556191433
307982,624.2821830467645
307983,161.7015764246612
307984,256.85409906915936
307985,123.37811976201795
307986,1284.9165943142098
307987,1071.7029217418312
307988,609.1223151197278
307989,704.274837764226
307990,278.95928760020365
307991,1440.4977621523958
307992,1227.284089580017
307993,764.7034829579137
307994,859.8560056024119
307995,-315.9692809917724
307996,845.5691935604195
307997,632.3555209880409
307998,169.77491436593755
307999,264.9274370104357
308000,131.45145770329418
308001,1292.989932255486
308002,1079.7762596831076
308003,617.1956530610041
308004,712.3481757055023
308005,287.03262554148
308006,1448.5711000936722
308007,1235.3574275212934
308008,772.7768208991899
308009,867.9293435436882
308010,-521.9009693133769
308011,639.6375052388153
308012,426.4238326664365
308013,-36.156773955666836
308014,58.99574868883133
308015,-74.4802306183102
308016,1087.0582439338818
308017,873.8445713615031
308018,411.2639647393998
308019,506.41648738389796
308020,81.10093721987573
308021,1242.6394117720677
308022,1029.425739199689
308023,566.8451325775857
308024,661.9976552220838
308025,-1146.7933142141603
308026,14.74516033803161
308027,-198.46851223434714
308028,-661.0491188564504
308029,-565.8965962119521
308030,-699.3725755190937
308031,462.16589903309824
308032,248.9522264607195
308033,-213.6283801613838
308034,-118.47585751688575
308035,-543.7914076809082
308036,617.747066871284
308037,404.53339429890536
308038,-58.047212323198096
308039,37.10531032130007
308040,359.3705682733983
308041,1520.9090428255904
308042,1307.6953702532116
308043,845.1147636311082
308044,940.2672862756065
308045,806.7913069684649
308046,1968.329781520657
308047,1755.1161089482782
308048,1292.535502326175
308049,1387.688024970673
308050,962.3724748066508
308051,2123.910949358843
308052,1910.697276786464
308053,1448.1166701643606
308054,1543.2691928088589
308055,-201.1070700382013
308056,960.4314045139907
308057,747.2177319416121
308058,284.63712531950864
308059,379.78964796400686
308060,246.31366865686533
308061,1407.8521432090574
308062,1194.6384706366787
308063,732.0578640145753
308064,827.2103866590735
308065,401.8948364950511
308066,1563.4333110472433
308067,1350.2196384748645
308068,887.6390318527611
308069,982.7915544972593
308070,-311.70337045977294
308071,849.8351040924191
308072,636.6214315200403
308073,174.040824897937
308074,269.1933475424352
308075,135.71736823529363
308076,1297.2558427874858
308077,1084.042170215107
308078,621.4615635930036
308079,716.6140862375019
308080,291.29853607347957
308081,1452.8370106256716
308082,1239.6233380532929
308083,777.0427314311895
308084,872.1952540756877
308085,-303.6300325184966
308086,857.9084420336955
308087,644.6947694613167
308088,182.11416283921335
308089,277.2666854837115
308090,143.79070617656998
308091,1305.329180728762
308092,1092.1155081563834
308093,629.5349015342799
308094,724.6874241787781
308095,299.3718740147558
308096,1460.910348566948
308097,1247.6966759945692
308098,785.1160693724657
308099,880.268592016964
308100,-509.5617208401011
308101,651.9767537120911
308102,438.7630811397123
308103,-23.81752548239092
308104,71.33499716210724
308105,-62.14098214503451
308106,1099.3974924071576
308107,886.1838198347789
308108,423.6032132126756
308109,518.7557358571737
308110,93.44018569315142
308111,1254.9786602453435
308112,1041.7649876729647
308113,579.1843810508615
308114,674.3369036953596
308115,-1134.4540657408845
308116,27.084408811307526
308117,-186.12926376107123
308118,-648.7098703831746
308119,-553.5573477386765
308120,-687.0333270458179
308121,474.5051475063741
308122,261.29147493399535
308123,-201.289131688108
308124,-106.13660904360984
308125,-531.4521592076323
308126,630.0863153445599
308127,416.8726427721811
308128,-45.70796384992218
308129,49.44455879457598
308130,371.7098167466741
308131,1533.2482912988662
308132,1320.0346187264875
308133,857.454012104384
308134,952.6065347488823
308135,819.1305554417406
308136,1980.6690299939328
308137,1767.455357421554
308138,1304.8747507994506
308139,1400.0272734439488
308140,974.7117232799266
308141,2136.250197832119
308142,1923.0365252597398
308143,1460.4559186376364
308144,1555.6084412821347
308145,-188.7678215649255
308146,972.7706529872667
308147,759.5569804148879
308148,296.9763737927845
308149,392.1288964372827
308150,258.65291713014113
308151,1420.1913916823332
308152,1206.9777191099545
308153,744.3971124878511
308154,839.5496351323493
308155,414.234084968327
308156,1575.772559520519
308157,1362.5588869481403
308158,899.978280326037
308159,995.1308029705351
308160,-222.8320169877702
308161,938.706457564422
308162,725.4927849920432
308163,262.9121783699399
308164,358.06470101443807
308165,224.5887217072966
308166,1386.1271962594885
308167,1172.9135236871098
308168,710.3329170650065
308169,805.4854397095047
308170,380.16988954548225
308171,1541.7083640976743
308172,1328.4946915252958
308173,865.9140849031924
308174,961.0666075476905
308175,-214.75867904649363
308176,946.7797955056983
308177,733.5661229333195
308178,270.9855163112162
308179,366.13803895571436
308180,232.66205964857295
308181,1394.2005342007649
308182,1180.9868616283861
308183,718.4062550062829
308184,813.5587776507809
308185,388.2432274867587
308186,1549.7817020389507
308187,1336.5680294665722
308188,873.9874228444686
308189,969.1399454889668
308190,-420.6903673680981
308191,740.8481071840939
308192,527.6344346117153
308193,65.05382798961182
308194,160.2063506341101
308195,26.730371326968452
308196,1188.2688458791606
308197,975.0551733067817
308198,512.4745666846784
308199,607.6270893291767
308200,182.31153916515427
308201,1343.8500137173464
308202,1130.6363411449677
308203,668.0557345228642
308204,763.2082571673625
308205,-1045.5827122688818
308206,115.95576228331026
308207,-97.25791028906838
308208,-559.8385169111718
308209,-464.68599426667356
308210,-598.1619735738152
308211,563.3765009783768
308212,350.16282840599814
308213,-112.41777821610515
308214,-17.265255571606986
308215,-442.5808057356294
308216,718.9576688165627
308217,505.74399624418396
308218,43.16338962208056
308219,138.31591226657883
308220,460.58117021867696
308221,1622.119644770869
308222,1408.9059721984904
308223,946.325365576387
308224,1041.4778882208852
308225,908.0019089137436
308226,2069.5403834659355
308227,1856.3267108935568
308228,1393.7461042714535
308229,1488.8986269159518
308230,1063.5830767519294
308231,2225.1215513041216
308232,2011.9078787317428
308233,1549.3272721096394
308234,1644.4797947541376
308235,-99.89646809292253
308236,1061.6420064592694
308237,848.4283338868908
308238,385.8477272647874
308239,481.00024990928557
308240,347.52427060214404
308241,1509.062745154336
308242,1295.8490725819574
308243,833.268465959854
308244,928.4209886043521
308245,503.1054384403298
308246,1664.643912992522
308247,1451.4302404201433
308248,988.8496337980398
308249,1084.0021564425379
308250,-210.4927685144943
308251,951.0457060376978
308252,737.832033465319
308253,275.2514268432157
308254,370.4039494877139
308255,236.9279701805724
308256,1398.4664447327646
308257,1185.2527721603856
308258,722.6721655382823
308259,817.8246881827805
308260,392.50913801875816
308261,1554.0476125709502
308262,1340.8339399985714
308263,878.2533333764682
308264,973.4058560209663
308265,-202.41943057321794
308266,959.1190439789741
308267,745.9053714065953
308268,283.324764784492
308269,378.47728742899017
308270,245.00130812184864
308271,1406.5397826740407
308272,1193.326110101662
308273,730.7455034795586
308274,825.8980261240567
308275,400.5824759600345
308276,1562.1209505122265
308277,1348.9072779398477
308278,886.3266713177444
308279,981.4791939622426
308280,-408.3511188948223
308281,753.1873556573697
308282,539.973683084991
308283,77.39307646288762
308284,172.54559910738578
308285,39.069619800244254
308286,1200.6080943524364
308287,987.3944217800577
308288,524.8138151579543
308289,619.9663378024525
308290,194.65078763843007
308291,1356.1892621906222
308292,1142.9755896182435
308293,680.39498299614
308294,775.5475056406383
308295,-1033.243463795606
308296,128.29501075658607
308297,-84.91866181579269
308298,-547.499268437896
308299,-452.34674579339776
308300,-585.8227251005394
308301,575.7157494516528
308302,362.502076879274
308303,-100.07852974282946
308304,-4.926007098331297
308305,-430.2415572623536
308306,731.2969172898385
308307,518.0832447174598
308308,55.50263809535636
308309,150.65516073985452
308310,472.9204186919528
308311,1634.4588932441447
308312,1421.245220671766
308313,958.6646140496628
308314,1053.817136694161
308315,920.3411573870194
308316,2081.8796319392113
308317,1868.6659593668326
308318,1406.0853527447293
308319,1501.2378753892276
308320,1075.9223252252052
308321,2237.4607997773974
308322,2024.2471272050186
308323,1561.6665205829152
308324,1656.8190432274134
308325,-87.55721961964684
308326,1073.9812549325452
308327,860.7675823601664
308328,398.18697573806315
308329,493.3394983825614
308330,359.8635190754198
308331,1521.4019936276118
308332,1308.1883210552332
308333,845.6077144331298
308334,940.760237077628
308335,515.4446869136057
308336,1676.9831614657978
308337,1463.7694888934188
308338,1001.1888822713156
308339,1096.3414049158137
308340,-361.05189991745783
308341,800.4865746347343
308342,587.2729020623556
308343,124.69229544025222
308344,219.8448180847504
308345,86.36883877760897
308346,1247.907313329801
308347,1034.6936407574221
308348,572.1130341353188
308349,667.265556779817
308350,241.95000661579468
308351,1403.4884811679867
308352,1190.274808595608
308353,727.6942019735047
308354,822.8467246180029
308355,-352.9785619761815
308356,808.5599125760107
308357,595.3462400036319
308358,132.76563338152846
308359,227.91815602602674
308360,94.4421767188851
308361,1255.9806512710772
308362,1042.7669786986985
308363,580.1863720765951
308364,675.3388947210933
308365,250.02334455707103
308366,1411.561819109263
308367,1198.3481465368843
308368,735.767539914781
308369,830.9200625592791
308370,-558.9102502977858
308371,602.6282242544063
308372,389.41455168202754
308373,-73.16605494007581
308374,21.986467704422466
308375,-111.48951160271918
308376,1050.0489629494728
308377,836.8352903770941
308378,374.25468375499077
308379,469.4072063994889
308380,44.091656235466644
308381,1205.6301307876588
308382,992.41645821528
308383,529.8358515931766
308384,624.9883742376749
308385,-1183.8025951985694
308386,-22.264120646377364
308387,-235.47779321875612
308388,-698.0583998408595
308389,-602.9058771963612
308390,-736.3818565035028
308391,425.15661804868927
308392,211.94294547631057
308393,-250.63766114579278
308394,-155.4851385012946
308395,-580.800688665317
308396,580.7377858868751
308397,367.52411331449633
308398,-95.05649330760707
308399,0.09602933689120619
308400,322.36128728898933
308401,1483.8997618411813
308402,1270.6860892688026
308403,808.1054826466993
308404,903.2580052911974
308405,769.782025984056
308406,1931.320500536248
308407,1718.1068279638691
308408,1255.526221341766
308409,1350.678743986264
308410,925.3631938222418
308411,2086.901668374434
308412,1873.6879958020552
308413,1411.1073891799517
308414,1506.2599118244498
308415,-238.11635102261016
308416,923.4221235295818
308417,710.208450957203
308418,247.62784433509967
308419,342.7803669795979
308420,209.30438767245641
308421,1370.8428622246483
308422,1157.6291896522698
308423,695.0485830301664
308424,790.2011056746645
308425,364.88555551064223
308426,1526.4240300628344
308427,1313.2103574904554
308428,850.6297508683522
308429,945.7822735128503
308430,-348.7126514441818
308431,812.8258231080101
308432,599.6121505356314
308433,137.03154391352803
308434,232.1840665580262
308435,98.70808725088466
308436,1260.2465618030767
308437,1047.032889230698
308438,584.4522826085946
308439,679.6048052530928
308440,254.2892550890706
308441,1415.8277296412625
308442,1202.6140570688838
308443,740.0334504467805
308444,835.1859730912787
308445,-340.6393135029057
308446,820.8991610492864
308447,607.6854884769077
308448,145.10488185480426
308449,240.25740449930248
308450,106.7814251921609
308451,1268.3198997443528
308452,1055.1062271719743
308453,592.525620549871
308454,687.6781431943691
308455,262.36259303034683
308456,1423.9010675825389
308457,1210.6873950101601
308458,748.1067883880568
308459,843.2593110325549
308460,-546.57100182451
308461,614.9674727276821
308462,401.75380015530334
308463,-60.82680646680001
308464,34.32571617769827
308465,-99.15026312944349
308466,1062.3882114227486
308467,849.1745388503699
308468,386.59393222826657
308469,481.74645487276473
308470,56.430904708742446
308471,1217.9693792609346
308472,1004.7557066885558
308473,542.1751000664524
308474,637.3276227109507
308475,-1171.4633467252936
308476,-9.924872173101562
308477,-223.13854474548032
308478,-685.7191513675837
308479,-590.5666287230856
308480,-724.042608030227
308481,437.495866521965
308482,224.28219394958637
308483,-238.29841267251697
308484,-143.1458900280188
308485,-568.4614401920412
308486,593.0770343601508
308487,379.8633617877721
308488,-82.71724483433127
308489,12.435277810167008
308490,334.7005357622651
308491,1496.2390103144571
308492,1283.0253377420786
308493,820.4447311199751
308494,915.5972537644733
308495,782.1212744573317
308496,1943.6597490095237
308497,1730.446076437145
308498,1267.8654698150417
308499,1363.01799245954
308500,937.7024422955176
308501,2099.2409168477097
308502,1886.027244275331
308503,1423.4466376532275
308504,1518.5991602977258
308505,-225.77710254933447
308506,935.7613720028576
308507,722.5476994304788
308508,259.96709280837547
308509,355.11961545287363
308510,221.6436361457321
308511,1383.1821106979241
308512,1169.9684381255456
308513,707.3878315034422
308514,802.5403541479403
308515,377.22480398391804
308516,1538.76327853611
308517,1325.5496059637312
308518,862.968999341628
308519,958.1215219861261
308520,-336.3734029709062
308521,825.1650715812859
308522,611.9513990089072
308523,149.37079238680383
308524,244.523315031302
308525,111.04733572416046
308526,1272.5858102763525
308527,1059.3721377039737
308528,596.7915310818704
308529,691.9440537263686
308530,266.62850356234617
308531,1428.1669781145383
308532,1214.9533055421598
308533,752.3726989200563
308534,847.5252215645544
308535,-328.3000650296299
308536,833.2384095225622
308537,620.0247369501835
308538,157.44413032808006
308539,252.59665297257828
308540,119.1206736654367
308541,1280.6591482176289
308542,1067.44547564525
308543,604.8648690231468
308544,700.0173916676449
308545,274.7018415036225
308546,1436.2403160558147
308547,1223.026643483436
308548,760.4460368613326
308549,855.5985595058307
308550,-534.2317533512344
308551,627.3067212009578
308552,414.0930486285791
308553,-48.487557993524206
308554,46.66496465097396
308555,-86.81101465616769
308556,1074.7274598960244
308557,861.5137873236457
308558,398.93318070154237
308559,494.08570334604053
308560,68.77015318201825
308561,1230.3086277342104
308562,1017.0949551618316
308563,554.5143485397282
308564,649.6668711842265
308565,-1159.1240982520178
308566,2.41437630017424
308567,-210.79929627220451
308568,-673.3799028943079
308569,-578.2273802498096
308570,-711.7033595569512
308571,449.8351149952408
308572,236.62144242286206
308573,-225.9591641992413
308574,-130.80664155474312
308575,-556.1221917187656
308576,605.4162828334266
308577,392.20261026104794
308578,-70.37799636105547
308579,24.774526283442697
308580,347.0397842355408
308581,1508.578258787733
308582,1295.3645862153542
308583,832.7839795932509
308584,927.936502237749
308585,794.4605229306075
308586,1955.9989974827995
308587,1742.785324910421
308588,1280.2047182883175
308589,1375.3572409328158
308590,950.0416907687933
308591,2111.5801653209855
308592,1898.3664927486068
308593,1435.7858861265033
308594,1530.9384087710014
308595,-213.43785407605878
308596,948.1006204761334
308597,734.8869479037546
308598,272.30634128165127
308599,367.45886392614943
308600,233.9828846190079
308601,1395.5213591712
308602,1182.3076865988214
308603,719.727079976718
308604,814.8796026212161
308605,389.5640524571937
308606,1551.102527009386
308607,1337.888854437007
308608,875.3082478149038
308609,970.4607704594019
308610,-324.0341544976304
308611,837.5043200545617
308612,624.290647482183
308613,161.71004086007963
308614,256.8625635045778
308615,123.38658419743638
308616,1284.9250587496283
308617,1071.7113861772496
308618,609.1307795551462
308619,704.2833021996444
308620,278.9677520356221
308621,1440.5062265878141
308622,1227.2925540154354
308623,764.7119473933321
308624,859.8644700378303
308625,-315.9608165563541
308626,845.5776579958381
308627,632.3639854234593
308628,169.78337880135587
308629,264.93590144585414
308630,131.4599221387126
308631,1292.9983966909047
308632,1079.784724118526
308633,617.2041174964226
308634,712.3566401409207
308635,287.04108997689843
308636,1448.5795645290905
308637,1235.3658919567117
308638,772.7852853346084
308639,867.9378079791065
308640,-521.8925048779583
308641,639.6459696742337
308642,426.43229710185494
308643,-36.148309520248404
308644,59.00421312424976
308645,-74.47176618289177
308646,1087.0667083693002
308647,873.8530357969215
308648,411.2724291748182
308649,506.42495181931633
308650,81.10940165529405
308651,1242.6478762074862
308652,1029.4342036351075
308653,566.853597013004
308654,662.0061196575023
308655,-1146.784849778742
308656,14.753624773450042
308657,-198.4600477989287
308658,-661.0406544210321
308659,-565.8881317765338
308660,-699.3641110836754
308661,462.1743634685167
308662,248.96069089613792
308663,-213.61991572596537
308664,-118.46739308146721
308665,-543.7829432454896
308666,617.7555313067026
308667,404.54185873432374
308668,-58.038747887779664
308669,37.1137747567185
308670,359.37903270881674
308671,1520.9175072610087
308672,1307.70383468863
308673,845.1232280665267
308674,940.2757507110248
308675,806.7997714038834
308676,1968.3382459560753
308677,1755.1245733836965
308678,1292.5439667615933
308679,1387.6964894060916
308680,962.3809392420692
308681,2123.9194137942613
308682,1910.7057412218826
308683,1448.1251345997791
308684,1543.2776572442772
308685,-201.09860560278298
308686,960.4398689494092
308687,747.2261963770304
308688,284.6455897549271
308689,379.7981123994253
308690,246.3221330922837
308691,1407.8606076444757
308692,1194.6469350720972
308693,732.0663284499938
308694,827.2188510944919
308695,401.9033009304695
308696,1563.4417754826618
308697,1350.2281029102828
308698,887.6474962881796
308699,982.8000189326777
308700,-311.6949060243544
308701,849.8435685278375
308702,636.6298959554588
308703,174.04928933335543
308704,269.2018119778536
308705,135.72583267071207
308706,1297.264307222904
308707,1084.0506346505254
308708,621.470028028422
308709,716.6225506729202
308710,291.307000508898
308711,1452.84547506109
308712,1239.6318024887112
308713,777.0511958666079
308714,872.2037185111061
308715,-303.6215680830783
308716,857.9169064691138
308717,644.7032338967351
308718,182.12262727463167
308719,277.2751499191299
308720,143.7991706119883
308721,1305.3376451641802
308722,1092.1239725918017
308723,629.5433659696984
308724,724.6958886141965
308725,299.38033845017424
308726,1460.9188130023663
308727,1247.7051404299875
308728,785.1245338078842
308729,880.2770564523823
308730,-509.55325640468254
308731,651.9852181475095
308732,438.77154557513074
308733,-23.8090610469726
308734,71.34346159752567
308735,-62.13251770961608
308736,1099.405956842576
308737,886.1922842701973
308738,423.611677648094
308739,518.7642002925921
308740,93.44865012856985
308741,1254.9871246807618
308742,1041.7734521083833
308743,579.1928454862798
308744,674.345368130778
308745,-1134.4456013054662
308746,27.092873246725844
308747,-186.1207993256529
308748,-648.7014059477563
308749,-553.5488833032582
308750,-687.0248626103996
308751,474.5136119417924
308752,261.2999393694138
308753,-201.28066725268957
308754,-106.1281446081914
308755,-531.4436947722138
308756,630.0947797799782
308757,416.8811072075995
308758,-45.69949941450386
308759,49.453023229994415
308760,371.7182811820925
308761,1533.2567557342845
308762,1320.0430831619058
308763,857.4624765398024
308764,952.6149991843006
308765,819.1390198771591
308766,1980.677494429351
308767,1767.4638218569723
308768,1304.883215234869
308769,1400.0357378793672
308770,974.720187715345
308771,2136.258662267537
308772,1923.0449896951582
308773,1460.464383073055
308774,1555.616905717553
308775,-188.75935712950707
308776,972.779117422685
308777,759.5654448503062
308778,296.9848382282029
308779,392.13736087270104
308780,258.6613815655595
308781,1420.1998561177516
308782,1206.986183545373
308783,744.4055769232696
308784,839.5580995677677
308785,414.24254940374544
308786,1575.7810239559374
308787,1362.5673513835586
308788,899.9867447614554
308789,995.1392674059535
308790,-222.82355255235177
308791,938.7149219998403
308792,725.5012494274616
308793,262.9206428053583
308794,358.07316544985645
308795,224.59718614271492
308796,1386.135660694907
308797,1172.921988122528
308798,710.3413815004249
308799,805.4939041449231
308800,380.1783539809007
308801,1541.7168285330927
308802,1328.5031559607141
308803,865.9225493386107
308804,961.075071983109
308805,-214.7502146110753
308806,946.7882599411166
308807,733.5745873687379
308808,270.9939807466346
308809,366.1465033911328
308810,232.67052408399127
308811,1394.2089986361834
308812,1180.9953260638044
308813,718.4147194417012
308814,813.5672420861994
308815,388.25169192217714
308816,1549.790166474369
308817,1336.5764939019905
308818,873.995887279887
308819,969.1484099243852
308820,-420.6819029326798
308821,740.8565716195124
308822,527.6428990471336
308823,65.06229242503014
308824,160.2148150695284
308825,26.73883576238677
308826,1188.277310314579
308827,975.0636377422002
308828,512.4830311200969
308829,607.635553764595
308830,182.3200036005726
308831,1343.8584781527647
308832,1130.644805580386
308833,668.0641989582826
308834,763.2167216027808
308835,-1045.5742478334635
308836,115.9642267187287
308837,-97.24944585365006
308838,-559.8300524757535
308839,-464.67752983125524
308840,-598.1535091383969
308841,563.3849654137953
308842,350.1712928414166
308843,-112.40931378068683
308844,-17.256791136188667
308845,-442.57234130021106
308846,718.9661332519811
308847,505.75246067960234
308848,43.17185405749888
308849,138.32437670199715
308850,460.58963465409533
308851,1622.1281092062875
308852,1408.9144366339087
308853,946.3338300118054
308854,1041.4863526563036
308855,908.0103733491619
308856,2069.548847901354
308857,1856.3351753289753
308858,1393.7545687068719
308859,1488.9070913513701
308860,1063.5915411873477
308861,2225.13001573954
308862,2011.9163431671611
308863,1549.335736545058
308864,1644.488259189556
308865,-99.88800365750421
308866,1061.6504708946877
308867,848.4367983223091
308868,385.8561917002058
308869,481.00871434470395
308870,347.5327350375624
308871,1509.0712095897545
308872,1295.8575370173758
308873,833.2769303952724
308874,928.4294530397706
308875,503.11390287574824
308876,1664.6523774279403
308877,1451.4387048555616
308878,988.8580982334582
308879,1084.0106208779564
308880,-210.48430407907586
308881,951.0541704731162
308882,737.8404979007374
308883,275.25989127863414
308884,370.4124139231323
308885,236.93643461599083
308886,1398.4749091681829
308887,1185.261236595804
308888,722.6806299737007
308889,817.8331526181989
308890,392.51760245417654
308891,1554.0560770063687
308892,1340.84240443399
308893,878.2617978118865
308894,973.4143204563848
308895,-202.4109661377995
308896,959.1275084143924
308897,745.9138358420137
308898,283.33322921991044
308899,378.4857518644086
308900,245.00977255726707
308901,1406.5482471094592
308902,1193.3345745370802
308903,730.753967914977
308904,825.9064905594752
308905,400.5909403954529
308906,1562.1294149476448
308907,1348.9157423752663
308908,886.3351357531628
308909,981.487658397661
308910,-408.3426544594038
308911,753.1958200927882
308912,539.9821475204094
308913,77.40154089830605
308914,172.55406354280422
308915,39.078084235662686
308916,1200.6165587878547
308917,987.402886215476
308918,524.8222795933727
308919,619.9748022378708
308920,194.6592520738485
308921,1356.1977266260405
308922,1142.9840540536618
308923,680.4034474315584
308924,775.5559700760566
308925,-1033.2349993601874
308926,128.3034751920045
308927,-84.91019738037426
308928,-547.4908040024775
308929,-452.3382813579792
308930,-585.8142606651211
308931,575.7242138870711
308932,362.5105413146924
308933,-100.07006530741091
308934,-4.917542662912865
308935,-430.23309282693504
308936,731.3053817252569
308937,518.0917091528781
308938,55.51110253077479
308939,150.66362517527295
308940,472.92888312737125
308941,1634.4673576795633
308942,1421.2536851071845
308943,958.6730784850812
308944,1053.8256011295794
308945,920.3496218224378
308946,2081.8880963746296
308947,1868.674423802251
308948,1406.0938171801477
308949,1501.246339824646
308950,1075.9307896606238
308951,2237.4692642128157
308952,2024.255591640437
308953,1561.6749850183337
308954,1656.8275076628317
308955,-87.54875518422841
308956,1073.9897193679635
308957,860.7760467955849
308958,398.1954401734816
308959,493.3479628179798
308960,359.8719835108382
308961,1521.4104580630303
308962,1308.1967854906516
308963,845.6161788685482
308964,940.7687015130464
308965,515.453151349024
308966,1676.9916259012161
308967,1463.7779533288374
308968,1001.1973467067339
308969,1096.3498693512322
308970,-361.0434354820393
308971,800.4950390701526
308972,587.281366497774
308973,124.70075987567066
308974,219.85328252016882
308975,86.37730321302729
308976,1247.9157777652192
308977,1034.7021051928405
308978,572.1214985707372
308979,667.2740212152354
308980,241.9584710512131
308981,1403.496945603405
308982,1190.2832730310265
308983,727.702666408923
308984,822.8551890534213
308985,-352.97009754076294
308986,808.568377011429
308987,595.3547044390502
308988,132.7740978169469
308989,227.92662046144505
308990,94.45064115430353
308991,1255.9891157064956
308992,1042.7754431341168
308993,580.1948365120136
308994,675.3473591565117
308995,250.03180899248946
308996,1411.5702835446814
308997,1198.3566109723029
308998,735.7760043501994
308999,830.9285269946976
309000,-558.9017858623672
309001,602.6366886898247
309002,389.42301611744597
309003,-73.15759050465738
309004,21.994932139840785
309005,-111.48104716730086
309006,1050.0574273848913
309007,836.8437548125125
309008,374.2631481904092
309009,469.41567083490736
309010,44.100120670885076
309011,1205.6385952230771
309012,992.4249226506984
309013,529.844316028595
309014,624.9968386730932
309015,-1183.794130763151
309016,-22.255656210959046
309017,-235.4693287833378
309018,-698.0499354054411
309019,-602.8974127609429
309020,-736.3733920680845
309021,425.1650824841076
309022,211.951409911729
309023,-250.62919671037434
309024,-155.47667406587618
309025,-580.7922242298985
309026,580.7462503222935
309027,367.5325777499147
309028,-95.04802887218864
309029,0.1044937723095245
309030,322.3697517244077
309031,1483.9082262765996
309032,1270.694553704221
309033,808.1139470821176
309034,903.2664697266158
309035,769.7904904194743
309036,1931.3289649716662
309037,1718.1152923992877
309038,1255.5346857771842
309039,1350.6872084216825
309040,925.3716582576602
309041,2086.9101328098523
309042,1873.6964602374735
309043,1411.1158536153703
309044,1506.2683762598683
309045,-238.10788658719184
309046,923.4305879650002
309047,710.2169153926214
309048,247.6363087705181
309049,342.78883141501626
309050,209.31285210787473
309051,1370.8513266600667
309052,1157.6376540876881
309053,695.0570474655847
309054,790.2095701100828
309055,364.89401994606067
309056,1526.4324944982527
309057,1313.218821925874
309058,850.6382153037705
309059,945.7907379482688
309060,-348.7041870087635
309061,812.8342875434284
309062,599.6206149710497
309063,137.04000834894646
309064,232.1925309934445
309065,98.71655168630309
309066,1260.255026238495
309067,1047.0413536661163
309068,584.460747044013
309069,679.6132696885112
309070,254.29771952448897
309071,1415.8361940766808
309072,1202.6225215043023
309073,740.0419148821989
309074,835.1944375266971
309075,-340.63084906748736
309076,820.9076254847048
309077,607.693952912326
309078,145.1133462902227
309079,240.26586893472086
309080,106.78988962757933
309081,1268.3283641797714
309082,1055.1146916073926
309083,592.5340849852894
309084,687.6866076297875
309085,262.3710574657652
309086,1423.9095320179572
309087,1210.6958594455787
309088,748.1152528234752
309089,843.2677754679734
309090,-546.5625373890916
309091,614.9759371631004
309092,401.76226459072166
309093,-60.81834203138169
309094,34.33418061311659
309095,-99.14179869402506
309096,1062.396675858167
309097,849.1830032857883
309098,386.602396663685
309099,481.75491930818316
309100,56.439369144160764
309101,1217.977843696353
309102,1004.7641711239742
309103,542.1835645018708
309104,637.336087146369
309105,-1171.4548822898753
309106,-9.91640773768313
309107,-223.13008031006189
309108,-685.7106869321651
309109,-590.5581642876671
309110,-724.0341435948087
309111,437.50433095738344
309112,224.2906583850047
309113,-238.28994823709866
309114,-143.1374255926005
309115,-568.4529757566229
309116,593.0854987955693
309117,379.8718262231905
309118,-82.70878039891295
309119,12.443742245585327
309120,334.70900019768345
309121,1496.2474747498754
309122,1283.033802177497
309123,820.4531955553934
309124,915.6057181998917
309125,782.1297388927501
309126,1943.668213444942
309127,1730.4545408725635
309128,1267.87393425046
309129,1363.0264568949583
309130,937.7109067309359
309131,2099.249381283128
309132,1886.0357087107493
309133,1423.455102088646
309134,1518.6076247331441
309135,-225.76863811391604
309136,935.7698364382759
309137,722.5561638658972
309138,259.97555724379384
309139,355.12807988829206
309140,221.65210058115053
309141,1383.1905751333425
309142,1169.976902560964
309143,707.3962959388605
309144,802.5488185833586
309145,377.2332684193364
309146,1538.7717429715285
309147,1325.5580703991498
309148,862.9774637770463
309149,958.1299864215446
309150,-336.3649385354879
309151,825.1735360167042
309152,611.9598634443256
309153,149.37925682222226
309154,244.53177946672042
309155,111.0558001595789
309156,1272.594274711771
309157,1059.380602139392
309158,596.7999955172888
309159,691.952518161787
309160,266.6369679977646
309161,1428.1754425499566
309162,1214.9617699775781
309163,752.3811633554747
309164,847.5336859999728
309165,-328.29160059421156
309166,833.2468739579806
309167,620.0332013856018
309168,157.4525947634985
309169,252.60511740799672
309170,119.12913810085513
309171,1280.6676126530472
309172,1067.4539400806684
309173,604.8733334585652
309174,700.0258561030633
309175,274.71030593904095
309176,1436.248780491233
309177,1223.0351079188545
309178,760.454501296751
309179,855.6070239412492
309180,-534.2232889158158
309181,627.3151856363763
309182,414.1015130639975
309183,-48.479093558105774
309184,46.67342908639239
309185,-86.80255022074925
309186,1074.735924331443
309187,861.5222517590641
309188,398.9416451369608
309189,494.09416778145896
309190,68.77861761743657
309191,1230.3170921696287
309192,1017.10341959725
309193,554.5228129751466
309194,649.6753356196448
309195,-1159.1156338165995
309196,2.422840735592672
309197,-210.79083183678608
309198,-673.3714384588895
309199,-578.2189158143913
309200,-711.6948951215329
309201,449.84357943065925
309202,236.6299068582805
309203,-225.95069976382285
309204,-130.7981771193247
309205,-556.1137272833471
309206,605.4247472688451
309207,392.2110746964663
309208,-70.36953192563703
309209,24.78299071886113
309210,347.04824867095925
309211,1508.5867232231512
309212,1295.3730506507727
309213,832.7924440286693
309214,927.9449666731675
309215,794.4689873660259
309216,1956.007461918218
309217,1742.7937893458393
309218,1280.2131827237358
309219,1375.365705368234
309220,950.0501552042117
309221,2111.588629756404
309222,1898.374957184025
309223,1435.7943505619219
309224,1530.94687320642
309225,-213.42938964064024
309226,948.1090849115518
309227,734.895412339173
309228,272.3148057170697
309229,367.46732836156787
309230,233.99134905442634
309231,1395.5298236066185
309232,1182.3161510342397
309233,719.7355444121364
309234,814.8880670566346
309235,389.57251689261216
309236,1551.1109914448043
309237,1337.8973188724256
309238,875.3167122503221
309239,970.4692348948204
309240,-324.0256900622119
309241,837.51278448998
309242,624.2991119176014
309243,161.71850529549806
309244,256.87102793999617
309245,123.3950486328547
309246,1284.9335231850466
309247,1071.7198506126679
309248,609.1392439905646
309249,704.2917666350628
309250,278.9762164710405
309251,1440.5146910232324
309252,1227.301018450854
309253,764.7204118287505
309254,859.8729344732486
309255,-315.95235212093553
309256,845.5861224312564
309257,632.3724498588776
309258,169.7918432367743
309259,264.94436588127246
309260,131.46838657413093
309261,1293.006861126323
309262,1079.7931885539442
309263,617.212581931841
309264,712.3651045763391
309265,287.04955441231687
309266,1448.5880289645088
309267,1235.3743563921303
309268,772.7937497700268
309269,867.946272414525
309270,-521.8840404425398
309271,639.654434109652
309272,426.4407615372734
309273,-36.13984508482997
309274,59.01267755966819
309275,-74.46330174747345
309276,1087.0751728047187
309277,873.86150023234
309278,411.2808936102366
309279,506.43341625473477
309280,81.11786609071248
309281,1242.6563406429045
309282,1029.4426680705258
309283,566.8620614484224
309284,662.0145840929206
309285,-1146.7763853433237
309286,14.76208920886836
309287,-198.4515833635104
309288,-661.0321899856137
309289,-565.8796673411155
309290,-699.3556466482571
309291,462.182827903935
309292,248.96915533155635
309293,-213.61145129054694
309294,-118.45892864604889
309295,-543.7744788100711
309296,617.7639957421209
309297,404.55032316974217
309298,-58.03028345236123
309299,37.12223919213693
309300,359.3874971442351
309301,1520.925971696427
309302,1307.7122991240485
309303,845.131692501945
309304,940.2842151464432
309305,806.8082358393017
309306,1968.3467103914936
309307,1755.133037819115
309308,1292.5524311970116
309309,1387.70495384151
309310,962.3894036774876
309311,2123.9278782296797
309312,1910.714205657301
309313,1448.1335990351977
309314,1543.2861216796957
309315,-201.09014116736455
309316,960.4483333848276
309317,747.2346608124489
309318,284.6540541903455
309319,379.80657683484367
309320,246.33059752770214
309321,1407.869072079894
309322,1194.6553995075155
309323,732.0747928854122
309324,827.2273155299104
309325,401.91176536588796
309326,1563.4502399180801
309327,1350.2365673457014
309328,887.6559607235979
309329,982.8084833680962
309330,-311.6864415889361
309331,849.852032963256
309332,636.6383603908771
309333,174.05775376877386
309334,269.21027641327197
309335,135.7342971061305
309336,1297.2727716583227
309337,1084.0590990859437
309338,621.4784924638404
309339,716.6310151083386
309340,291.3154649443164
309341,1452.8539394965085
309342,1239.6402669241297
309343,777.0596603020263
309344,872.2121829465244
309345,-303.61310364765995
309346,857.9253709045322
309347,644.7116983321534
309348,182.1310917100501
309349,277.28361435454826
309350,143.80763504740673
309351,1305.346109599599
309352,1092.13243702722
309353,629.5518304051168
309354,724.704353049615
309355,299.3888028855926
309356,1460.9272774377848
309357,1247.713604865406
309358,785.1329982433026
309359,880.2855208878008
309360,-509.5447919692642
309361,651.9936825829279
309362,438.78001001054906
309363,-23.800596611554283
309364,71.351926032944
309365,-62.12405327419765
309366,1099.4144212779945
309367,886.2007487056158
309368,423.6201420835124
309369,518.7726647280106
309370,93.45711456398817
309371,1254.9955891161803
309372,1041.7819165438016
309373,579.2013099216982
309374,674.3538325661964
309375,-1134.4371368700479
309376,27.101337682144276
309377,-186.11233489023448
309378,-648.6929415123379
309379,-553.5404188678399
309380,-687.0163981749813
309381,474.52207637721096
309382,261.3084038048321
309383,-201.27220281727125
309384,-106.11968017277309
309385,-531.4352303367955
309386,630.1032442153968
309387,416.8895716430179
309388,-45.69103497908554
309389,49.46148766541273
309390,371.72674561751086
309391,1533.2652201697028
309392,1320.051547597324
309393,857.4709409752209
309394,952.6234636197189
309395,819.1474843125775
309396,1980.6859588647696
309397,1767.472286292391
309398,1304.8916796702874
309399,1400.0442023147857
309400,974.7286521507633
309401,2136.2671267029555
309402,1923.0534541305767
309403,1460.4728475084733
309404,1555.6253701529715
309405,-188.75089269408863
309406,972.7875818581034
309407,759.5739092857247
309408,296.99330266362125
309409,392.14582530811947
309410,258.66984600097794
309411,1420.20832055317
309412,1206.9946479807913
309413,744.4140413586879
309414,839.5665640031862
309415,414.2510138391638
309416,1575.789488391356
309417,1362.5758158189772
309418,899.9952091968737
309419,995.147731841372
309420,-223.8000521730853
309421,937.7384223791069
309422,724.524749806728
309423,261.9441431846247
309424,357.0966658291229
309425,223.62068652198127
309426,1385.1591610741734
309427,1171.9454885017947
309428,709.3648818796913
309429,804.5174045241895
309430,379.2018543601671
309431,1540.7403289123592
309432,1327.5266563399805
309433,864.946049717877
309434,960.0985723623753
309435,-215.72671423180884
309436,945.8117603203831
309437,732.5980877480043
309438,270.017481125901
309439,365.1700037703992
309440,231.69402446325773
309441,1393.2324990154498
309442,1180.0188264430708
309443,717.4382198209677
309444,812.5907424654658
309445,387.27519230144355
309446,1548.8136668536356
309447,1335.5999942812568
309448,873.0193876591534
309449,968.1719103036517
309450,-421.6584025534132
309451,739.8800719987787
309452,526.6663994264
309453,64.0857928042966
309454,159.23831544879488
309455,25.762336141653236
309456,1187.3008106938455
309457,974.0871381214665
309458,511.5065314993633
309459,606.6590541438615
309460,181.34350397983906
309461,1342.881978532031
309462,1129.6683059596523
309463,667.087699337549
309464,762.2402219820473
309465,-1046.550747454197
309466,114.98772709799516
309467,-98.2259454743836
309468,-560.8065520964872
309469,-465.6540294519889
309470,-599.1300087591305
309471,562.4084657930617
309472,349.194793220683
309473,-113.38581340142036
309474,-18.2332907569222
309475,-443.5488409209445
309476,717.9896336312476
309477,504.77596105886875
309478,42.19535443676534
309479,137.34787708126362
309480,459.6131350333618
309481,1621.1516095855538
309482,1407.937937013175
309483,945.3573303910717
309484,1040.50985303557
309485,907.0338737284284
309486,2068.5723482806206
309487,1855.3586757082417
309488,1392.7780690861382
309489,1487.9305917306365
309490,1062.6150415666143
309491,2224.1535161188067
309492,2010.9398435464275
309493,1548.3592369243243
309494,1643.5117595688225
309495,-100.86450327823775
309496,1060.6739712739543
309497,847.4602987015755
309498,384.8796920794722
309499,480.03221472397036
309500,346.5562354168288
309501,1508.0947099690209
309502,1294.8810373966421
309503,832.3004307745389
309504,927.4529534190369
309505,502.13740325501465
309506,1663.6758778072067
309507,1450.462205234828
309508,987.8815986127246
309509,1083.0341212572228
309510,-211.4608036998095
309511,950.0776708523825
309512,736.8639982800038
309513,274.2833916579005
309514,369.43591430239866
309515,235.95993499525719
309516,1397.4984095474492
309517,1184.2847369750705
309518,721.7041303529671
309519,816.8566529974653
309520,391.541102833443
309521,1553.079577385635
309522,1339.8659048132563
309523,877.285298191153
309524,972.4378208356511
309525,-203.38746575853315
309526,958.1510087936589
309527,744.9373362212801
309528,282.3567295991768
309529,377.50925224367495
309530,244.03327293653348
309531,1405.5717474887256
309532,1192.3580749163466
309533,729.7774682942435
309534,824.9299909387416
309535,399.61444077471924
309536,1561.1529153269114
309537,1347.9392427545326
309538,885.3586361324292
309539,980.5111587769275
309540,-409.3191540801374
309541,752.2193204720545
309542,539.0056478996758
309543,76.42504127757252
309544,171.57756392207068
309545,38.10158461492915
309546,1199.640059167121
309547,986.4263865947423
309548,523.8457799726391
309549,618.9983026171373
309550,193.68275245311497
309551,1355.221227005307
309552,1142.0075544329284
309553,679.4269478108249
309554,774.5794704553231
309555,-1034.2114989809213
309556,127.32697557127085
309557,-85.8866970011079
309558,-548.4673036232114
309559,-453.3147809787131
309560,-586.7907602858545
309561,574.7477142663375
309562,361.5340416939588
309563,-101.04656492814456
309564,-5.8940422836463995
309565,-431.2095924476687
309566,730.3288821045234
309567,517.1152095321446
309568,54.53460291004126
309569,149.68712555453942
309570,471.95238350663766
309571,1633.4908580588296
309572,1420.277185486451
309573,957.6965788643477
309574,1052.8491015088457
309575,919.3731222017043
309576,2080.9115967538964
309577,1867.6979241815175
309578,1405.117317559414
309579,1500.2698402039123
309580,1074.95429003989
309581,2236.4927645920825
309582,2023.2790920197033
309583,1560.6984853976
309584,1655.8510080420983
309585,-88.52525480496206
309586,1073.01321974723
309587,859.7995471748513
309588,397.21894055274794
309589,492.37146319724616
309590,358.8954838901046
309591,1520.4339584422967
309592,1307.220285869918
309593,844.6396792478146
309594,939.7922018923127
309595,514.4766517282904
309596,1676.0151262804825
309597,1462.8014537081037
309598,1000.2208470860004
309599,1095.3733697304986
309600,-362.01993510277293
309601,799.5185394494191
309602,586.3048668770404
309603,123.72426025493701
309604,218.87678289943517
309605,85.40080359229364
309606,1246.9392781444858
309607,1033.725605572107
309608,571.1449989500036
309609,666.2975215945019
309610,240.98197143047952
309611,1402.5204459826714
309612,1189.3067734102929
309613,726.7261667881895
309614,821.8786894326877
309615,-353.9465971614966
309616,807.5918773906955
309617,594.3782048183166
309618,131.79759819621324
309619,226.9501208407114
309620,93.47414153356999
309621,1255.0126160857621
309622,1041.7989435133832
309623,579.2183368912799
309624,674.3708595357781
309625,249.05530937175587
309626,1410.5937839239477
309627,1197.3801113515692
309628,734.7995047294658
309629,829.952027373964
309630,-559.8782854831009
309631,601.6601890690911
309632,388.44651649671226
309633,-74.13409012539103
309634,21.018432519107137
309635,-112.45754678803439
309636,1049.0809277641577
309637,835.8672551917789
309638,373.2866485696756
309639,468.43917121417377
309640,43.12362105015154
309641,1204.6620956023435
309642,991.4484230299648
309643,528.8678164078614
309644,624.0203390523596
309645,-1184.7706303838847
309646,-23.23215583169258
309647,-236.44582840407134
309648,-699.0264350261748
309649,-603.8739123816765
309650,-737.3498916888182
309651,424.18858286337405
309652,210.97491029099524
309653,-251.605696331108
309654,-156.45317368660994
309655,-581.7687238506321
309656,579.7697507015598
309657,366.5560781291811
309658,-96.02452849292229
309659,-0.8720058484241235
309660,321.3932521036741
309661,1482.9317266558662
309662,1269.7180540834875
309663,807.137447461384
309664,902.2899701058823
309665,768.8139907987407
309666,1930.3524653509328
309667,1717.138792778554
309668,1254.5581861564506
309669,1349.7107088009489
309670,924.3951586369267
309671,2085.9336331891186
309672,1872.7199606167399
309673,1410.1393539946366
309674,1505.2918766391347
309675,-239.0843862079255
309676,922.4540883442667
309677,709.2404157718878
309678,246.65980914978445
309679,341.8123317942826
309680,208.33635248714108
309681,1369.874827039333
309682,1156.6611544669545
309683,694.0805478448511
309684,789.2330704893493
309685,363.9175203253271
309686,1525.455994877519
309687,1312.2423223051403
309688,849.661715683037
309689,944.8142383275351
309690,-349.68068662949713
309691,811.8577879226949
309692,598.6441153503162
309693,136.0635087282128
309694,231.21603137271097
309695,97.74005206556944
309696,1259.2785266177616
309697,1046.0648540453828
309698,583.4842474232794
309699,678.6367700677777
309700,253.32121990375526
309701,1414.8596944559474
309702,1201.6460218835687
309703,739.0654152614653
309704,834.2179379059635
309705,-341.6073486882208
309706,819.9311258639713
309707,606.7174532915925
309708,144.13684666948916
309709,239.28936931398732
309710,105.8133900068458
309711,1267.351864559038
309712,1054.138191986659
309713,591.5575853645557
309714,686.7101080090539
309715,261.3945578450316
309716,1422.9330323972235
309717,1209.719359824845
309718,747.1387532027416
309719,842.2912758472398
309720,-547.539037009825
309721,613.9994375423669
309722,400.7857649699881
309723,-61.794841652115224
309724,33.35768099238294
309725,-100.11829831475859
309726,1061.4201762374335
309727,848.2065036650547
309728,385.6258970429514
309729,480.77841968744957
309730,55.46286952342723
309731,1217.0013440756193
309732,1003.7876715032405
309733,541.2070648811372
309734,636.3595875256354
309735,-1172.4313819106087
309736,-10.892907358416778
309737,-224.10657993079553
309738,-686.6871865528988
309739,-591.5346639084005
309740,-725.0106432155424
309741,436.52783133664985
309742,223.31415876427116
309743,-239.2664478578322
309744,-144.11392521333403
309745,-569.4294753773563
309746,592.1089991748356
309747,378.8953266024569
309748,-83.68528001964648
309749,11.467242624851679
309750,333.7325005769499
309751,1495.2709751291418
309752,1282.0573025567633
309753,819.4766959346598
309754,914.6292185791581
309755,781.1532392720165
309756,1942.6917138242086
309757,1729.4780412518298
309758,1266.8974346297264
309759,1362.0499572742247
309760,936.7344071102024
309761,2098.2728816623944
309762,1885.0592090900157
309763,1422.4786024679124
309764,1517.6311251124107
309765,-226.7451377346497
309766,934.7933368175424
309767,721.5796642451637
309768,258.99905762306025
309769,354.1515802675585
309770,220.6756009604169
309771,1382.214075512609
309772,1169.0004029402303
309773,706.4197963181269
309774,801.5723189626251
309775,376.2567687986027
309776,1537.7952433507949
309777,1324.581570778416
309778,862.0009641563128
309779,957.1534868008109
309780,-337.34143815622133
309781,824.1970363959707
309782,610.983363823592
309783,148.4027572014886
309784,243.55527984598677
309785,110.07930053884513
309786,1271.6177750910374
309787,1058.4041025186586
309788,595.8234958965552
309789,690.9760185410535
309790,265.66046837703107
309791,1427.1989429292232
309792,1213.9852703568445
309793,751.404663734741
309794,846.5571863792393
309795,-329.268100214945
309796,832.270374337247
309797,619.0567017648682
309798,156.47609514276485
309799,251.62861778726307
309800,118.15263848012148
309801,1279.6911130323138
309802,1066.4774404599348
309803,603.8968338378315
309804,699.0493564823297
309805,273.7338063183074
309806,1435.2722808704996
309807,1222.0586082981208
309808,759.4780016760174
309809,854.6305243205155
309810,-535.1997885365492
309811,626.3386860156427
309812,413.1250134432639
309813,-49.45559317883942
309814,45.696929465658854
309815,-87.7790498414829
309816,1073.7594247107093
309817,860.5457521383305
309818,397.9651455162272
309819,493.1176681607254
309820,67.80211799670303
309821,1229.340592548895
309822,1016.1269199765164
309823,553.546313354413
309824,648.6988359989112
309825,-1160.0921334373331
309826,1.446341114859024
309827,-211.76733145751962
309828,-674.347938079623
309829,-579.1954154351249
309830,-712.6713947422666
309831,448.8670798099257
309832,235.65340723754696
309833,-226.9271993845564
309834,-131.77467674005823
309835,-557.0902269040805
309836,604.4482476481115
309837,391.2345750757328
309838,-71.34603154637068
309839,23.806491098127594
309840,346.07174905022566
309841,1507.6102236024178
309842,1294.396551030039
309843,831.8159444079356
309844,926.9684670524339
309845,793.4924877452922
309846,1955.0309622974844
309847,1741.8172897251056
309848,1279.2366831030022
309849,1374.3892057475005
309850,949.0736555834782
309851,2110.6121301356707
309852,1897.3984575632915
309853,1434.8178509411882
309854,1529.9703735856865
309855,-214.4058892613739
309856,947.1325852908182
309857,733.9189127184395
309858,271.33830609633605
309859,366.4908287408343
309860,233.0148494336927
309861,1394.5533239858848
309862,1181.339651413506
309863,718.7590447914027
309864,813.9115674359009
309865,388.5960172718786
309866,1550.1344918240707
309867,1336.920819251692
309868,874.3402126295886
309869,969.4927352740867
309870,-325.0021896829455
309871,836.5362848692465
309872,623.3226122968678
309873,160.7420056747644
309874,255.89452831926258
309875,122.41854901212105
309876,1283.9570235643132
309877,1070.7433509919344
309878,608.162744369831
309879,703.3152670143292
309880,277.9997168503069
309881,1439.5381914024988
309882,1226.3245188301203
309883,763.7439122080168
309884,858.8964348525151
309885,-316.9288517416692
309886,844.6096228105229
309887,631.395950238144
309888,168.81534361604065
309889,263.96786626053887
309890,130.4918869533974
309891,1292.0303615055896
309892,1078.8166889332106
309893,616.2360823111073
309894,711.3886049556055
309895,286.0730547915833
309896,1447.6115293437751
309897,1234.3978567713966
309898,771.8172501492932
309899,866.9697727937914
309900,-522.8605400632734
309901,638.6779344889185
309902,425.46426191653967
309903,-37.11634470556373
309904,58.03617793893454
309905,-75.43980136820699
309906,1086.098673183985
309907,872.8850006116063
309908,410.304393989503
309909,505.4569166340011
309910,80.14136646997895
309911,1241.6798410221709
309912,1028.4661684497921
309913,565.8855618276888
309914,661.038084472187
309915,-1147.7528849640573
309916,13.785589588134826
309917,-199.42808298424393
309918,-662.0086896063474
309919,-566.8561669618491
309920,-700.3321462689908
309921,461.2063282832014
309922,247.99265571082265
309923,-214.5879509112807
309924,-119.43542826678254
309925,-544.7509784308047
309926,616.7874961213872
309927,403.5738235490085
309928,-59.006783073094994
309929,36.14573957140328
309930,358.4109975235015
309931,1519.9494720756936
309932,1306.7357995033149
309933,844.1551928812114
309934,939.3077155257097
309935,805.8317362185682
309936,1967.3702107707602
309937,1754.1565381983814
309938,1291.575931576278
309939,1386.7284542207763
309940,961.4129040567541
309941,2122.951378608946
309942,1909.7377060365673
309943,1447.157099414464
309944,1542.309622058962
309945,-202.06664078809808
309946,959.4718337640941
309947,746.2581611917152
309948,283.67755456961186
309949,378.83007721411
309950,245.3540979069685
309951,1406.8925724591604
309952,1193.678899886782
309953,731.0982932646785
309954,826.2508159091767
309955,400.93526574515437
309956,1562.4737402973465
309957,1349.2600677249677
309958,886.6794611028644
309959,981.8319837473625
309960,-312.6629412096697
309961,848.8755333425223
309962,635.6618607701436
309963,173.08125414804022
309964,268.2337767925384
309965,134.75779748539685
309966,1296.296272037589
309967,1083.0825994652103
309968,620.5019928431068
309969,715.6545154876051
309970,290.33896532358267
309971,1451.8774398757748
309972,1238.663767303396
309973,776.0831606812927
309974,871.2356833257909
309975,-304.5896032683934
309976,856.9488712837986
309977,643.7351987114199
309978,181.15459208931645
309979,276.30711473381473
309980,142.8311354266732
309981,1304.3696099788654
309982,1091.1559374064864
309983,628.5753307843831
309984,723.7278534288813
309985,298.412303264859
309986,1459.950777817051
309987,1246.7371052446724
309988,784.156498622569
309989,879.3090212670672
309990,-510.52129158999765
309991,651.0171829621943
309992,437.80351038981553
309993,-24.777096232287818
309994,70.37542641221035
309995,-63.100552894931184
309996,1098.4379216572609
309997,885.2242490848821
309998,422.6436424627788
309999,517.7961651072769
310000,92.48061494325464
310001,1254.0190894954467
310002,1040.805416923068
310003,578.2248103009646
310004,673.3773329454629
310005,-1135.4136364907815
310006,26.124838061410628
310007,-187.08883451096813
310008,-649.6694411330716
310009,-554.5169184885733
310010,-687.992897795715
310011,473.54557675647726
310012,260.3319041840985
310013,-202.24870243800478
310014,-107.09617979350674
310015,-532.4117299575289
310016,629.126744594663
310017,415.9130720222843
310018,-46.66753459981908
310019,48.484988044679085
310020,370.7502459967773
310021,1532.2887205489692
310022,1319.0750479765907
310023,856.4944413544872
310024,951.6469639989855
310025,818.170984691844
310026,1979.709459244036
310027,1766.4957866716572
310028,1303.9151800495538
310029,1399.067702694052
310030,973.7521525300298
310031,2135.290627082222
310032,1922.076954509843
310033,1459.4963478877398
310034,1554.6488705322379
310035,-189.72739231482228
310036,971.8110822373698
310037,758.5974096649911
310038,296.01680304288766
310039,391.1693256873859
310040,257.6933463802443
310041,1419.2318209324364
310042,1206.0181483600577
310043,743.4375417379543
310044,838.5900643824525
310045,413.2745142184301
310046,1574.8129887706223
310047,1361.5993161982435
310048,899.0187095761402
310049,994.1712322206383
310050,-223.791587737667
310051,937.7468868145252
310052,724.5332142421464
310053,261.95260762004307
310054,357.1051302645413
310055,223.6291509573997
310056,1385.1676255095917
310057,1171.953952937213
310058,709.3733463151098
310059,804.5258689596079
310060,379.2103187955855
310061,1540.7487933477778
310062,1327.5351207753988
310063,864.9545141532956
310064,960.1070367977937
310065,-215.7182497963904
310066,945.8202247558015
310067,732.6065521834228
310068,270.02594556131936
310069,365.1784682058176
310070,231.70248889867617
310071,1393.240963450868
310072,1180.0272908784893
310073,717.446684256386
310074,812.5992069008842
310075,387.283656736862
310076,1548.822131289054
310077,1335.6084587166752
310078,873.0278520945718
310079,968.18037473907
310080,-421.6499381179949
310081,739.8885364341971
310082,526.6748638618184
310083,64.09425723971503
310084,159.2467798842133
310085,25.770800577071668
310086,1187.3092751292638
310087,974.095602556885
310088,511.51499593478167
310089,606.6675185792799
310090,181.3519684152575
310091,1342.8904429674494
310092,1129.676770395071
310093,667.0961637729674
310094,762.2486864174657
310095,-1046.5422830187788
310096,114.99619153341348
310097,-98.21748103896527
310098,-560.7980876610688
310099,-465.6455650165706
310100,-599.121544323712
310101,562.4169302284802
310102,349.2032576561014
310103,-113.37734896600193
310104,-18.22482632150377
310105,-443.54037648552617
310106,717.998098066666
310107,504.7844254942872
310108,42.203818872183774
310109,137.35634151668205
310110,459.6215994687802
310111,1621.1600740209724
310112,1407.9464014485934
310113,945.3657948264902
310114,1040.5183174709884
310115,907.0423381638468
310116,2068.580812716039
310117,1855.3671401436602
310118,1392.7865335215567
310119,1487.939056166055
310120,1062.6235060020326
310121,2224.161980554225
310122,2010.948307981846
310123,1548.3677013597426
310124,1643.5202240042408
310125,-100.85603884281932
310126,1060.6824357093726
310127,847.4687631369939
310128,384.88815651489057
310129,480.0406791593888
310130,346.5646998522472
310131,1508.1031744044394
310132,1294.8895018320604
310133,832.3088952099572
310134,927.4614178544554
310135,502.1458676904331
310136,1663.6843422426252
310137,1450.4706696702465
310138,987.890063048143
310139,1083.0425856926413
310140,-211.45233926439096
310141,950.086135287801
310142,736.8724627154222
310143,274.2918560933189
310144,369.4443787378171
310145,235.9683994306755
310146,1397.5068739828675
310147,1184.2932014104888
310148,721.7125947883856
310149,816.8651174328837
310150,391.5495672688614
310151,1553.0880418210534
310152,1339.8743692486746
310153,877.2937626265714
310154,972.4462852710695
310155,-203.37900132311484
310156,958.1594732290773
310157,744.9458006566986
310158,282.3651940345952
310159,377.5177166790934
310160,244.0417373719519
310161,1405.580211924144
310162,1192.3665393517651
310163,729.7859327296618
310164,824.93845537416
310165,399.6229052101376
310166,1561.1613797623297
310167,1347.947707189951
310168,885.3671005678476
310169,980.5196232123458
310170,-409.3106896447191
310171,752.2277849074729
310172,539.0141123350941
310173,76.43350571299084
310174,171.586028357489
310175,38.11004905034747
310176,1199.6485236025396
310177,986.4348510301609
310178,523.8542444080575
310179,619.0067670525557
310180,193.6912168885334
310181,1355.2296914407254
310182,1142.0160188683467
310183,679.4354122462432
310184,774.5879348907415
310185,-1034.2030345455025
310186,127.33544000668928
310187,-85.87823256568936
310188,-548.4588391877928
310189,-453.30631654329454
310190,-586.782295850436
310191,574.7561787017559
310192,361.54250612937716
310193,-101.03810049272613
310194,-5.8855778482279675
310195,-431.20112801225036
310196,730.3373465399417
310197,517.123673967563
310198,54.543067345459576
310199,149.69558998995785
310200,471.9608479420561
310201,1633.4993224942482
310202,1420.2856499218692
310203,957.705043299766
310204,1052.8575659442643
310205,919.3815866371226
310206,2080.9200611893148
310207,1867.706388616936
310208,1405.1257819948323
310209,1500.2783046393306
310210,1074.9627544753084
310211,2236.501229027501
310212,2023.2875564551218
310213,1560.7069498330184
310214,1655.8594724775166
310215,-88.51679036954351
310216,1073.0216841826484
310217,859.8080116102697
310218,397.22740498816637
310219,492.3799276326646
310220,358.903948325523
310221,1520.442422877715
310222,1307.2287503053362
310223,844.648143683233
310224,939.8006663277312
310225,514.4851161637089
310226,1676.0235907159008
310227,1462.8099181435223
310228,1000.2293115214188
310229,1095.381834165917
310230,-362.0114706673546
310231,799.5270038848375
310232,586.3133313124588
310233,123.73272469035544
310234,218.8852473348536
310235,85.40926802771207
310236,1246.9477425799041
310237,1033.7340700075254
310238,571.153463385422
310239,666.3059860299202
310240,240.9904358658979
310241,1402.52891041809
310242,1189.3152378457112
310243,726.734631223608
310244,821.8871538681061
310245,-353.93813272607827
310246,807.6003418261138
310247,594.3866692537351
310248,131.80606263163168
310249,226.95858527612995
310250,93.48260596898842
310251,1255.0210805211805
310252,1041.8074079488017
310253,579.2268013266984
310254,674.3793239711965
310255,249.06377380717424
310256,1410.6022483593663
310257,1197.3885757869875
310258,734.8079691648842
310259,829.9604918093823
310260,-559.8698210476825
310261,601.6686535045095
310262,388.4549809321307
310263,-74.1256256899726
310264,21.02689695452557
310265,-112.44908235261596
310266,1049.0893921995762
310267,835.8757196271973
310268,373.295113005094
310269,468.44763564959214
310270,43.13208548556986
310271,1204.6705600377618
310272,991.4568874653831
310273,528.8762808432798
310274,624.0288034877781
310275,-1184.762165948466
310276,-23.22369139627415
310277,-236.4373639686529
310278,-699.0179705907562
310279,-603.865447946258
310280,-737.3414272533996
310281,424.1970472987925
310282,210.98337472641367
310283,-251.59723189568967
310284,-156.4447092511915
310285,-581.7602594152138
310286,579.7782151369782
310287,366.5645425645995
310288,-96.01606405750385
310289,-0.8635414130056915
310290,321.40171653909255
310291,1482.9401910912845
310292,1269.7265185189058
310293,807.1459118968024
310294,902.2984345413006
310295,768.8224552341592
310296,1930.360929786351
310297,1717.1472572139724
310298,1254.5666505918691
310299,1349.7191732363672
310300,924.403623072345
310301,2085.9420976245374
310302,1872.7284250521582
310303,1410.147818430055
310304,1505.3003410745532
310305,-239.07592177250694
310306,922.462552779685
310307,709.2488802073062
310308,246.66827358520288
310309,341.82079622970105
310310,208.34481692255952
310311,1369.8832914747516
310312,1156.6696189023728
310313,694.0890122802696
310314,789.2415349247677
310315,363.92598476074545
310316,1525.4644593129374
310317,1312.2507867405589
310318,849.6701801184554
310319,944.8227027629536
310320,-349.6722221940788
310321,811.8662523581133
310322,598.6525797857346
310323,136.07197316363124
310324,231.2244958081294
310325,97.74851650098776
310326,1259.28699105318
310327,1046.0733184808012
310328,583.4927118586978
310329,678.645234503196
310330,253.3296843391737
310331,1414.868158891366
310332,1201.654486318987
310333,739.0738796968838
310334,834.2264023413819
310335,-341.59888425280246
310336,819.9395902993896
310337,606.7259177270109
310338,144.14531110490748
310339,239.29783374940575
310340,105.82185444226411
310341,1267.3603289944563
310342,1054.1466564220775
310343,591.5660497999742
310344,686.7185724444723
310345,261.40302228045005
310346,1422.941496832642
310347,1209.7278242602633
310348,747.14721763816
310349,842.2997402826581
310350,-547.5305725744067
310351,614.0079019777852
310352,400.79422940540655
310353,-61.78637721669679
310354,33.366145427801484
310355,-100.10983387934016
310356,1061.4286406728518
310357,848.2149681004731
310358,385.6343614783698
310359,480.78688412286795
310360,55.47133395884566
310361,1217.0098085110378
310362,1003.7961359386591
310363,541.2155293165556
310364,636.3680519610539
310365,-1172.4229174751904
310366,-10.88444292299846
310367,-224.098115495377
310368,-686.6787221174804
310369,-591.5261994729822
310370,-725.0021787801238
310371,436.5362957720683
310372,223.3226231996896
310373,-239.25798342241376
310374,-144.1054607779156
310375,-569.421010941938
310376,592.1174636102542
310377,378.90379103787535
310378,-83.67681558422805
310379,11.475707060270224
310380,333.74096501236835
310381,1495.2794395645603
310382,1282.0657669921816
310383,819.4851603700783
310384,914.6376830145766
310385,781.161703707435
310386,1942.7001782596271
310387,1729.4865056872484
310388,1266.905899065145
310389,1362.0584217096432
310390,936.7428715456208
310391,2098.281346097813
310392,1885.067673525434
310393,1422.4870669033307
310394,1517.639589547829
310395,-226.73667329923137
310396,934.8018012529608
310397,721.588128680582
310398,259.0075220584787
310399,354.1600447029769
310400,220.68406539583532
310401,1382.2225399480274
310402,1169.0088673756486
310403,706.4282607535454
310404,801.5807833980435
310405,376.26523323402114
310406,1537.8037077862132
310407,1324.5900352138347
310408,862.0094285917312
310409,957.1619512362294
310410,-337.332973720803
310411,824.2055008313891
310412,610.9918282590104
310413,148.41122163690704
310414,243.5637442814052
310415,110.08776497426356
310416,1271.6262395264557
310417,1058.412566954077
310418,595.8319603319736
310419,690.9844829764718
310420,265.66893281244944
310421,1427.2074073646415
310422,1213.9937347922628
310423,751.4131281701594
310424,846.5656508146576
310425,-329.25963577952666
310426,832.2788387726654
310427,619.0651662002867
310428,156.48455957818328
310429,251.6370822226815
310430,118.16110291553991
310431,1279.699577467732
310432,1066.4859048953533
310433,603.90529827325
310434,699.0578209177481
310435,273.7422707537258
310436,1435.280745305918
310437,1222.0670727335391
310438,759.4864661114357
310439,854.638988755934
310440,-535.1913241011309
310441,626.3471504510611
310442,413.13347787868224
310443,-49.4471287434211
310444,45.70539390107717
310445,-87.77058540606447
310446,1073.7678891461278
310447,860.5542165737489
310448,397.9736099516456
310449,493.12613259614375
310450,67.81058243212146
310451,1229.3490569843134
310452,1016.1353844119349
310453,553.5547777898314
310454,648.7073004343297
310455,-1160.0836690019148
310456,1.454805550277456
310457,-211.7588670221013
310458,-674.3394736442046
310459,-579.1869509997066
310460,-712.662930306848
310461,448.87554424534403
310462,235.6618716729654
310463,-226.91873494913796
310464,-131.7662123046398
310465,-557.0817624686622
310466,604.4567120835299
310467,391.2430395111511
310468,-71.33756711095225
310469,23.814955533546026
310470,346.0802134856441
310471,1507.6186880378364
310472,1294.4050154654574
310473,831.824408843354
310474,926.9769314878523
310475,793.5009521807107
310476,1955.0394267329027
310477,1741.825754160524
310478,1279.2451475384205
310479,1374.3976701829188
310480,949.0821200188966
310481,2110.620594571089
310482,1897.40692199871
310483,1434.8263153766065
310484,1529.9788380211048
310485,-214.39742482595545
310486,947.1410497262366
310487,733.9273771538578
310488,271.3467705317545
310489,366.4992931762527
310490,233.02331386911112
310491,1394.5617884213032
310492,1181.3481158489244
310493,718.7675092268212
310494,813.9200318713193
310495,388.604481707297
310496,1550.142956259489
310497,1336.9292836871105
310498,874.348677065007
310499,969.5011997095052
310500,-324.9937252475272
310501,836.544749304665
310502,623.3310767322862
310503,160.75047011018273
310504,255.902992754681
310505,122.42701344753948
310506,1283.9654879997315
310507,1070.7518154273528
310508,608.1712088052494
310509,703.3237314497476
310510,278.0081812857253
310511,1439.5466558379173
310512,1226.3329832655386
310513,763.7523766434352
310514,858.9048992879335
310515,-316.92038730625086
310516,844.6180872459412
310517,631.4044146735625
310518,168.82380805145908
310519,263.9763306959573
310520,130.50035138881583
310521,1292.0388259410079
310522,1078.8251533686291
310523,616.2445467465258
310524,711.3970693910239
310525,286.08151922700165
310526,1447.6199937791937
310527,1234.406321206815
310528,771.8257145847116
310529,866.9782372292098
310530,-522.8520756278551
310531,638.6863989243369
310532,425.4727263519581
310533,-37.10788027014519
310534,58.044642374352975
310535,-75.43133693278855
310536,1086.1071376194036
310537,872.8934650470247
310538,410.3128584249214
310539,505.46538106941955
310540,80.14983090539727
310541,1241.6883054575892
310542,1028.4746328852107
310543,565.8940262631072
310544,661.0465489076054
310545,-1147.744420528639
310546,13.794054023553258
310547,-199.4196185488255
310548,-662.0002251709291
310549,-566.8477025264308
310550,-700.3236818335722
310551,461.21479271861983
310552,248.00112014624108
310553,-214.57948647586227
310554,-119.4269638313641
310555,-544.7425139953864
310556,616.7959605568057
310557,403.5822879844269
310558,-58.99831863767645
310559,36.154204006821715
310560,358.41946195891995
310561,1519.957936511112
310562,1306.7442639387332
310563,844.1636573166298
310564,939.316179961128
310565,805.8402006539866
310566,1967.3786752061785
310567,1754.1650026337998
310568,1291.5843960116965
310569,1386.7369186561946
310570,961.4213684921724
310571,2122.959843044365
310572,1909.7461704719856
310573,1447.1655638498823
310574,1542.3180864943806
310575,-202.05817635267977
310576,959.4802981995124
310577,746.2666256271336
310578,283.6860190050303
310579,378.83854164952845
310580,245.36256234238692
310581,1406.901036894579
310582,1193.6873643222002
310583,731.106757700097
310584,826.259280344595
310585,400.94373018057274
310586,1562.4822047327648
310587,1349.2685321603863
310588,886.6879255382828
310589,981.840448182781
310590,-312.6544767742514
310591,848.8839977779407
310592,635.670325205562
310593,173.08971858345865
310594,268.2422412279568
310595,134.76626192081517
310596,1296.3047364730073
310597,1083.0910639006286
310598,620.5104572785252
310599,715.6629799230234
310600,290.3474297590011
310601,1451.8859043111934
310602,1238.6722317388144
310603,776.0916251167112
310604,871.2441477612093
310605,-304.58113883297506
310606,856.9573357192171
310607,643.7436631468383
310608,181.16305652473488
310609,276.31557916923316
310610,142.83959986209152
310611,1304.3780744142837
310612,1091.164401841905
310613,628.5837952198016
310614,723.7363178642997
310615,298.42076770027745
310616,1459.9592422524695
310617,1246.7455696800907
310618,784.1649630579874
310619,879.3174857024856
310620,-510.5128271545793
310621,651.0256473976127
310622,437.81197482523396
310623,-24.768631796869386
310624,70.38389084762878
310625,-63.09208845951275
310626,1098.4463860926794
310627,885.2327135203005
310628,422.6521068981972
310629,517.8046295426954
310630,92.48907937867307
310631,1254.0275539308652
310632,1040.8138813584865
310633,578.233274736383
310634,673.3857973808812
310635,-1135.405172055363
310636,26.13330249682906
310637,-187.0803700755497
310638,-649.660976697653
310639,-554.5084540531548
310640,-687.9844333602964
310641,473.5540411918957
310642,260.34036861951694
310643,-202.24023800258635
310644,-107.0877153580883
310645,-532.4032655221106
310646,629.1352090300815
310647,415.92153645770276
310648,-46.659070164400646
310649,48.49345248009752
310650,370.75871043219576
310651,1532.2971849843877
310652,1319.083512412009
310653,856.5029057899058
310654,951.6554284344038
310655,818.1794491272624
310656,1979.7179236794543
310657,1766.5042511070756
310658,1303.9236444849723
310659,1399.0761671294704
310660,973.7606169654482
310661,2135.2990915176406
310662,1922.0854189452614
310663,1459.5048123231581
310664,1554.6573349676564
310665,-189.71892787940396
310666,971.8195466727882
310667,758.6058741004094
310668,296.0252674783061
310669,391.1777901228043
310670,257.7018108156627
310671,1419.2402853678548
310672,1206.026612795476
310673,743.4460061733728
310674,838.5985288178708
310675,413.28297865384855
310676,1574.8214532060406
310677,1361.607780633662
310678,899.0271740115586
310679,994.1796966560568
310680,-223.78312330224844
310681,937.7553512499436
310682,724.5416786775648
310683,261.9610720554615
310684,357.1135946999597
310685,223.63761539281802
310686,1385.17608994501
310687,1171.9624173726315
310688,709.3818107505281
310689,804.5343333950262
310690,379.2187832310039
310691,1540.757257783196
310692,1327.5435852108174
310693,864.9629785887139
310694,960.1155012332122
310695,-215.7097853609721
310696,945.8286891912198
310697,732.6150166188411
310698,270.0344099967378
310699,365.186932641236
310700,231.71095333409448
310701,1393.2494278862864
310702,1180.0357553139077
310703,717.4551486918044
310704,812.6076713363026
310705,387.29212117228036
310706,1548.8305957244722
310707,1335.6169231520937
310708,873.0363165299902
310709,968.1888391744884
310710,-421.6414736825766
310711,739.8970008696156
310712,526.6833282972367
310713,64.10272167513335
310714,159.25524431963163
310715,25.779265012489986
310716,1187.3177395646821
310717,974.1040669923034
310718,511.5234603702001
310719,606.6759830146982
310720,181.36043285067592
310721,1342.8989074028682
310722,1129.6852348304892
310723,667.1046282083859
310724,762.257150852884
310725,-1046.53381858336
310726,115.00465596883191
310727,-98.20901660354673
310728,-560.7896232256501
310729,-465.637100581152
310730,-599.1130798882934
310731,562.4253946638985
310732,349.21172209151973
310733,-113.3688845305835
310734,-18.216361886085338
310735,-443.53191205010785
310736,718.0065625020843
310737,504.79288992970555
310738,42.212283307602206
310739,137.36480595210048
310740,459.6300639041986
310741,1621.1685384563907
310742,1407.954865884012
310743,945.3742592619085
310744,1040.5267819064068
310745,907.0508025992651
310746,2068.5892771514573
310747,1855.3756045790785
310748,1392.794997956975
310749,1487.9475206014733
310750,1062.631970437451
310751,2224.1704449896433
310752,2010.9567724172646
310753,1548.376165795161
310754,1643.5286884396592
310755,-100.847574407401
310756,1060.6909001447912
310757,847.4772275724124
310758,384.896620950309
310759,480.0491435948072
310760,346.57316428766563
310761,1508.1116388398577
310762,1294.897966267479
310763,832.3173596453756
310764,927.4698822898738
310765,502.15433212585145
310766,1663.6928066780436
310767,1450.4791341056648
310768,987.8985274835613
310769,1083.0510501280596
310770,-211.44387482897264
310771,950.0945997232194
310772,736.8809271508406
310773,274.3003205287373
310774,369.45284317323546
310775,235.97686386609394
310776,1397.5153384182859
310777,1184.3016658459073
310778,721.7210592238039
310779,816.873581868302
310780,391.5580317042798
310781,1553.096506256472
310782,1339.882833684093
310783,877.3022270619897
310784,972.454749706488
310785,-203.3705368876964
310786,958.1679376644956
310787,744.9542650921169
310788,282.37365847001354
310789,377.5261811145118
310790,244.05020180737029
310791,1405.5886763595622
310792,1192.3750037871837
310793,729.7943971650802
310794,824.9469198095784
310795,399.63136964555605
310796,1561.1698441977483
310797,1347.9561716253693
310798,885.375565003266
310799,980.5280876477642
310800,-409.3022252093008
310801,752.2362493428914
310802,539.0225767705126
310803,76.44197014840915
310804,171.59449279290743
310805,38.1185134857659
310806,1199.656988037958
310807,986.4433154655792
310808,523.862708843476
310809,619.015231487974
310810,193.69968132395184
310811,1355.2381558761438
310812,1142.024483303765
310813,679.4438766816617
310814,774.5963993261598
310815,-1034.1945701100842
310816,127.34390444210771
310817,-85.86976813027104
310818,-548.4503747523745
310819,-453.2978521078762
310820,-586.7738314150176
310821,574.7646431371743
310822,361.5509705647956
310823,-101.02963605730781
310824,-5.877113412809649
310825,-431.19266357683205
310826,730.3458109753601
310827,517.1321384029814
310828,54.551531780877895
310829,149.70405442537617
310830,471.96931237747447
310831,1633.5077869296665
310832,1420.2941143572878
310833,957.7135077351844
310834,1052.8660303796826
310835,919.390051072541
310836,2080.928525624733
310837,1867.7148530523543
310838,1405.1342464302509
310839,1500.2867690747491
310840,1074.971218910727
310841,2236.509693462919
310842,2023.2960208905401
310843,1560.715414268437
310844,1655.867936912935
310845,-88.5083259341252
310846,1073.030148618067
310847,859.8164760456881
310848,397.23586942358475
310849,492.38839206808296
310850,358.9124127609414
310851,1520.4508873131335
310852,1307.2372147407548
310853,844.6566081186514
310854,939.8091307631496
310855,514.4935805991272
310856,1676.0320551513194
310857,1462.8183825789406
310858,1000.2377759568371
310859,1095.3902986013354
310860,-362.00300623193607
310861,799.535468320256
310862,586.3217957478772
310863,123.74118912577387
310864,218.89371177027203
310865,85.4177324631305
310866,1246.9562070153224
310867,1033.742534442944
310868,571.1619278208404
310869,666.3144504653386
310870,240.99890030131633
310871,1402.5373748535085
310872,1189.3237022811297
310873,726.7430956590263
310874,821.8956183035245
310875,-353.9296682906597
310876,807.6088062615322
310877,594.3951336891535
310878,131.8145270670501
310879,226.96704971154827
310880,93.49107040440686
310881,1255.0295449565988
310882,1041.8158723842203
310883,579.2352657621168
310884,674.387788406615
310885,249.07223824259268
310886,1410.6107127947848
310887,1197.3970402224058
310888,734.8164336003026
310889,829.9689562448008
310890,-559.8613566122642
310891,601.6771179399279
310892,388.4634453675491
310893,-74.11716125455416
310894,21.035361389944
310895,-112.44061791719764
310896,1049.0978566349945
310897,835.8841840626158
310898,373.3035774405124
310899,468.4561000850106
310900,43.14054992098829
310901,1204.6790244731803
310902,991.4653519008016
310903,528.8847452786982
310904,624.0372679231964
310905,-1184.7537015130476
310906,-23.215226960855716
310907,-236.42889953323447
310908,-699.0095061553379
310909,-603.8569835108397
310910,-737.3329628179811
310911,424.2055117342109
310912,210.9918391618321
310913,-251.58876746027113
310914,-156.43624481577308
310915,-581.7517949797955
310916,579.7866795723967
310917,366.5730070000179
310918,-96.00759962208542
310919,-0.8550769775872595
310920,321.410180974511
310921,1482.948655526703
310922,1269.7349829543243
310923,807.1543763322209
310924,902.3068989767191
310925,768.8309196695775
310926,1930.3693942217697
310927,1717.155721649391
310928,1254.5751150272874
310929,1349.7276376717857
310930,924.4120875077634
310931,2085.9505620599557
310932,1872.7368894875767
310933,1410.1562828654733
310934,1505.3088055099715
310935,-239.06745733708863
310936,922.4710172151034
310937,709.2573446427247
310938,246.67673802062131
310939,341.8292606651195
310940,208.35328135797795
310941,1369.89175591017
310942,1156.6780833377911
310943,694.0974767156879
310944,789.249999360186
310945,363.9344491961639
310946,1525.472923748356
310947,1312.2592511759772
310948,849.6786445538737
310949,944.831167198372
310950,-349.6637577586605
310951,811.8747167935317
310952,598.661044221153
310953,136.08043759904967
310954,231.23296024354784
310955,97.7569809364062
310956,1259.2954554885982
310957,1046.0817829162197
310958,583.5011762941162
310959,678.6536989386144
310960,253.33814877459213
310961,1414.8766233267843
310962,1201.6629507544053
310963,739.0823441323021
310964,834.2348667768003
310965,-341.59041981738415
310966,819.948054734808
310967,606.7343821624293
310968,144.1537755403259
310969,239.30629818482407
310970,105.83031887768254
310971,1267.3687934298746
310972,1054.155120857496
310973,591.5745142353926
310974,686.7270368798908
310975,261.4114867158685
310976,1422.9499612680604
310977,1209.7362886956817
310978,747.1556820735784
310979,842.3082047180766
310980,-547.5221081389884
310981,614.0163664132037
310982,400.802693840825
310983,-61.77791278127836
310984,33.3746098632198
310985,-100.10136944392184
310986,1061.4371051082703
310987,848.2234325358916
310988,385.6428259137882
310989,480.7953485582864
310990,55.479798394264094
310991,1217.0182729464561
310992,1003.8046003740774
310993,541.223993751974
310994,636.3765163964722
310995,-1172.414453039772
310996,-10.875978487579914
310997,-224.08965105995867
310998,-686.6702576820621
310999,-591.5177350375639
311000,-724.9937143447053
311001,436.5447602074866
311002,223.33108763510802
311003,-239.24951898699533
311004,-144.09699634249716
311005,-569.4125465065197
311006,592.1259280456725
311007,378.9122554732937
311008,-83.66835114880962
311009,11.484171495688543
311010,333.7494294477867
311011,1495.2879039999789
311012,1282.0742314276
311013,819.4936248054967
311014,914.6461474499949
311015,781.1701681428533
311016,1942.7086426950455
311017,1729.4949701226667
311018,1266.9143635005632
311019,1362.0668861450615
311020,936.7513359810392
311021,2098.2898105332315
311022,1885.0761379608525
311023,1422.495531338749
311024,1517.6480539832473
311025,-226.72820886381294
311026,934.8102656883792
311027,721.5965931160005
311028,259.01598649389706
311029,354.1685091383953
311030,220.69252983125375
311031,1382.2310043834457
311032,1169.017331811067
311033,706.4367251889637
311034,801.5892478334619
311035,376.27369766943957
311036,1537.8121722216315
311037,1324.598499649253
311038,862.0178930271495
311039,957.1704156716478
311040,-337.3245092853847
311041,824.2139652668075
311042,611.0002926944287
311043,148.41968607232536
311044,243.57220871682358
311045,110.096229409682
311046,1271.634703961874
311047,1058.4210313894955
311048,595.840424767392
311049,690.9929474118902
311050,265.6773972478678
311051,1427.21587180006
311052,1214.0021992276813
311053,751.4215926055779
311054,846.574115250076
311055,-329.25117134410834
311056,832.2873032080838
311057,619.0736306357051
311058,156.4930240136016
311059,251.64554665809987
311060,118.16956735095835
311061,1279.7080419031504
311062,1066.4943693307716
311063,603.9137627086684
311064,699.0662853531666
311065,273.75073518914417
311066,1435.2892097413364
311067,1222.0755371689575
311068,759.4949305468541
311069,854.6474531913524
311070,-535.1828596657126
311071,626.3556148864794
311072,413.1419423141007
311073,-49.43866430800267
311074,45.713858336495605
311075,-87.76212097064604
311076,1073.7763535815461
311077,860.5626810091674
311078,397.982074387064
311079,493.1345970315622
311080,67.81904686753978
311081,1229.357521419732
311082,1016.1438488473532
311083,553.5632422252498
311084,648.715764869748
311085,-1160.0752045664965
311086,1.463269985695888
311087,-211.75040258668287
311088,-674.3310092087863
311089,-579.1784865642883
311090,-712.6544658714297
311091,448.88400868076246
311092,235.6703361083837
311093,-226.91027051371964
311094,-131.75774786922148
311095,-557.0732980332439
311096,604.4651765189483
311097,391.2515039465695
311098,-71.32910267553393
311099,23.823419968964345
311100,346.08867792106247
311101,1507.6271524732547
311102,1294.413479900876
311103,831.8328732787725
311104,926.9853959232707
311105,793.5094166161291
311106,1955.0478911683213
311107,1741.8342185959425
311108,1279.253611973839
311109,1374.4061346183373
311110,949.0905844543149
311111,2110.6290590065073
311112,1897.4153864341283
311113,1434.8347798120249
311114,1529.9873024565231
311115,-214.38896039053702
311116,947.149514161655
311117,733.9358415892763
311118,271.35523496717286
311119,366.5077576116711
311120,233.03177830452955
311121,1394.5702528567217
311122,1181.3565802843427
311123,718.7759736622396
311124,813.9284963067378
311125,388.6129461427154
311126,1550.1514206949075
311127,1336.9377481225288
311128,874.3571415004253
311129,969.5096641449236
311130,-324.98526081210866
311131,836.5532137400834
311132,623.3395411677046
311133,160.75893454560128
311134,255.91145719009944
311135,122.43547788295791
311136,1283.9739524351498
311137,1070.7602798627713
311138,608.1796732406679
311139,703.332195885166
311140,278.01664572114373
311141,1439.555120273336
311142,1226.3414477009571
311143,763.7608410788537
311144,858.9133637233518
311145,-316.9119228708323
311146,844.6265516813596
311147,631.4128791089809
311148,168.8322724868775
311149,263.98479513137573
311150,130.50881582423426
311151,1292.0472903764262
311152,1078.8336178040474
311153,616.2530111819442
311154,711.4055338264423
311155,286.0899836624201
311156,1447.6284582146122
311157,1234.4147856422333
311158,771.83417902013
311159,866.9867016646282
311160,-522.8436111924368
311161,638.6948633597553
311162,425.48119078737653
311163,-37.09941583472687
311164,58.05310680977141
311165,-75.42287249737024
311166,1086.115602054822
311167,872.9019294824432
311168,410.3213228603398
311169,505.473845504838
311170,80.1582953408157
311171,1241.6967698930077
311172,1028.483097320629
311173,565.9024906985255
311174,661.0550133430238
311175,-1147.7359560932202
311176,13.80251845897169
311177,-199.41115411340706
311178,-661.9917607355105
311179,-566.8392380910122
311180,-700.3152173981537
311181,461.22325715403827
311182,248.0095845816595
311183,-214.57102204044384
311184,-119.41849939594567
311185,-544.7340495599681
311186,616.8044249922241
311187,403.59075241984533
311188,-58.98985420225813
311189,36.16266844224015
311190,358.4279263943384
311191,1519.9664009465305
311192,1306.7527283741517
311193,844.1721217520483
311194,939.3246443965465
311195,805.8486650894049
311196,1967.387139641597
311197,1754.1734670692183
311198,1291.5928604471148
311199,1386.7453830916131
311200,961.4298329275908
311201,2122.968307479783
311202,1909.7546349074041
311203,1447.1740282853007
311204,1542.326550929799
311205,-202.04971191726122
311206,959.4887626349308
311207,746.2750900625521
311208,283.6944834404487
311209,378.8470060849469
311210,245.3710267778053
311211,1406.9095013299975
311212,1193.6958287576185
311213,731.1152221355153
311214,826.2677447800135
311215,400.9521946159912
311216,1562.4906691681833
311217,1349.2769965958046
311218,886.6963899737011
311219,981.8489126181994
311220,-312.6460123388331
311221,848.8924622133591
311222,635.6787896409804
311223,173.09818301887708
311224,268.2507056633752
311225,134.7747263562336
311226,1296.3132009084256
311227,1083.0995283360471
311228,620.5189217139437
311229,715.6714443584418
311230,290.35589419441953
311231,1451.8943687466117
311232,1238.6806961742327
311233,776.1000895521295
311234,871.2526121966276
311235,-304.57267439755674
311236,856.9658001546354
311237,643.7521275822567
311238,181.17152096015332
311239,276.3240436046515
311240,142.84806429750995
311241,1304.386538849702
311242,1091.1728662773232
311243,628.59225965522
311244,723.7447822997182
311245,298.4292321356959
311246,1459.9677066878878
311247,1246.754034115509
311248,784.1734274934058
311249,879.325950137904
311250,-510.504362719161
311251,651.034111833031
311252,437.8204392606524
311253,-24.760167361450954
311254,70.39235528304721
311255,-63.08362402409443
311256,1098.4548505280977
311257,885.241177955719
311258,422.6605713336156
311259,517.8130939781138
311260,92.4975438140915
311261,1254.0360183662835
311262,1040.8223457939048
311263,578.2417391718014
311264,673.3942618162996
311265,-1135.3967076199447
311266,26.14176693224738
311267,-187.07190564013138
311268,-649.6525122622347
311269,-554.4999896177364
311270,-687.9759689248779
311271,473.562505627314
311272,260.34883305493537
311273,-202.23177356716792
311274,-107.07925092266987
311275,-532.3948010866923
311276,629.1436734654998
311277,415.93000089312113
311278,-46.650605728982214
311279,48.50191691551595
311280,370.76717486761413
311281,1532.3056494198063
311282,1319.0919768474273
311283,856.5113702253241
311284,951.6638928698222
311285,818.1879135626807
311286,1979.7263881148726
311287,1766.5127155424939
311288,1303.9321089203906
311289,1399.0846315648887
311290,973.7690814008666
311291,2135.307555953059
311292,1922.09388338068
311293,1459.5132767585765
311294,1554.6657994030747
311295,-189.71046344398553
311296,971.8280111082066
311297,758.6143385358279
311298,296.03373191372447
311299,391.1862545582227
311300,257.71027525108116
311301,1419.248749803273
311302,1206.0350772308943
311303,743.4544706087911
311304,838.6069932532893
311305,413.291443089267
311306,1574.829917641459
311307,1361.6162450690804
311308,899.0356384469769
311309,994.1881610914752
311310,-223.77465886683012
311311,937.763815685362
311312,724.5501431129832
311313,261.9695364908799
311314,357.1220591353781
311315,223.64607982823645
311316,1385.1845543804286
311317,1171.9708818080499
311318,709.3902751859465
311319,804.5427978304447
311320,379.22724766642233
311321,1540.7657222186144
311322,1327.5520496462357
311323,864.9714430241323
311324,960.1239656686305
311325,-215.70132092555366
311326,945.8371536266383
311327,732.6234810542595
311328,270.04287443215617
311329,365.1953970766544
311330,231.71941776951292
311331,1393.257892321705
311332,1180.0442197493262
311333,717.4636131272229
311334,812.616135771721
311335,387.3005856076988
311336,1548.8390601598908
311337,1335.625387587512
311338,873.0447809654086
311339,968.1973036099068
311340,-421.63300924715827
311341,739.9054653050339
311342,526.6917927326551
311343,64.11118611055178
311344,159.26370875505006
311345,25.78772944790842
311346,1187.3262040001005
311347,974.1125314277218
311348,511.5319248056185
311349,606.6844474501166
311350,181.36889728609435
311351,1342.9073718382865
311352,1129.6936992659075
311353,667.1130926438043
311354,762.2656152883025
311355,-1046.5253541479417
311356,115.01312040425034
311357,-98.20055216812841
311358,-560.7811587902318
311359,-465.6286361457337
311360,-599.1046154528751
311361,562.4338590993169
311362,349.22018652693816
311363,-113.36042009516518
311364,-18.20789745066702
311365,-443.52344761468953
311366,718.0150269375027
311367,504.801354365124
311368,42.220747743020524
311369,137.3732703875188
311370,459.638528339617
311371,1621.177002891809
311372,1407.9633303194303
311373,945.3827236973269
311374,1040.5352463418253
311375,907.0592670346836
311376,2068.5977415868756
311377,1855.3840690144968
311378,1392.8034623923936
311379,1487.955985036892
311380,1062.6404348728695
311381,2224.1789094250616
311382,2010.965236852683
311383,1548.3846302305794
311384,1643.5371528750777
311385,-100.83910997198257
311386,1060.6993645802095
311387,847.4856920078307
311388,384.9050853857274
311389,480.05760803022554
311390,346.581628723084
311391,1508.120103275276
311392,1294.9064307028973
311393,832.3258240807941
311394,927.4783467252921
311395,502.1627965612699
311396,1663.7012711134619
311397,1450.4875985410831
311398,987.9069919189799
311399,1083.059514563478
311400,-211.4354103935542
311401,950.1030641586378
311402,736.8893915862591
311403,274.30878496415573
311404,369.4613076086539
311405,235.98532830151237
311406,1397.5238028537044
311407,1184.3101302813257
311408,721.7295236592223
311409,816.8820463037205
311410,391.5664961396982
311411,1553.1049706918902
311412,1339.8912981195115
311413,877.3106914974081
311414,972.4632141419063
311415,-203.36207245227797
311416,958.1764020999141
311417,744.9627295275353
311418,282.38212290543197
311419,377.53464554993025
311420,244.05866624278872
311421,1405.5971407949808
311422,1192.383468222602
311423,729.8028616004987
311424,824.9553842449968
311425,399.6398340809744
311426,1561.1783086331666
311427,1347.9646360607878
311428,885.3840294386844
311429,980.5365520831826
311430,-409.29376077388224
311431,752.2447137783098
311432,539.0310412059309
311433,76.4504345838277
311434,171.60295722832586
311435,38.126977921184334
311436,1199.6654524733763
311437,986.4517799009976
311438,523.8711732788943
311439,619.0236959233924
311440,193.70814575937015
311441,1355.2466203115623
311442,1142.0329477391833
311443,679.4523411170801
311444,774.6048637615783
311445,-1034.186105674666
311446,127.35236887752615
311447,-85.86130369485261
311448,-548.4419103169562
311449,-453.2893876724579
311450,-586.7653669795993
311451,574.7731075725927
311452,361.55943500021397
311453,-101.02117162188938
311454,-5.868648977391217
311455,-431.1841991414135
311456,730.3542754107785
311457,517.1406028383998
311458,54.55999621629644
311459,149.7125188607946
311460,471.9777768128929
311461,1633.5162513650848
311462,1420.302578792706
311463,957.7219721706028
311464,1052.8744948151011
311465,919.3985155079595
311466,2080.9369900601514
311467,1867.7233174877726
311468,1405.1427108656694
311469,1500.2952335101677
311470,1074.9796833461453
311471,2236.5181578983374
311472,2023.3044853259587
311473,1560.7238787038552
311474,1655.8764013483533
311475,-88.49986149870676
311476,1073.0386130534853
311477,859.8249404811065
311478,397.2443338590032
311479,492.3968565035014
311480,358.9208771963598
311481,1520.4593517485519
311482,1307.245679176173
311483,844.6650725540699
311484,939.8175951985679
311485,514.5020450345456
311486,1676.0405195867377
311487,1462.826847014359
311488,1000.2462403922556
311489,1095.3987630367537
311490,-361.99454179651775
311491,799.5439327556743
311492,586.3302601832956
311493,123.74965356119219
311494,218.90217620569047
311495,85.42619689854882
311496,1246.9646714507408
311497,1033.7509988783622
311498,571.1703922562589
311499,666.322914900757
311500,241.00736473673476
311501,1402.5458392889268
311502,1189.332166716548
311503,726.7515600944447
311504,821.9040827389429
311505,-353.9212038552414
311506,807.6172706969506
311507,594.4035981245719
311508,131.82299150246854
311509,226.9755141469667
311510,93.49953483982517
311511,1255.038009392017
311512,1041.8243368196386
311513,579.2437301975351
311514,674.3962528420333
311515,249.0807026780111
311516,1410.6191772302031
311517,1197.4055046578244
311518,734.8248980357209
311519,829.9774206802192
311520,-559.8528921768457
311521,601.6855823753463
311522,388.47190980296756
311523,-74.10869681913573
311524,21.043825825362433
311525,-112.43215348177921
311526,1049.1063210704128
311527,835.8926484980341
311528,373.31204187593084
311529,468.46456452042895
311530,43.149014356406724
311531,1204.6874889085987
311532,991.47381633622
311533,528.8932097141167
311534,624.0457323586148
311535,-1184.7452370776293
311536,-23.206762525437398
311537,-236.42043509781615
311538,-699.0010417199196
311539,-603.8485190754213
311540,-737.3244983825628
311541,424.21397616962923
311542,211.00030359725054
311543,-251.5803030248528
311544,-156.42778038035465
311545,-581.7433305443769
311546,579.795144007815
311547,366.5814714354363
311548,-95.99913518666699
311549,-0.8466125421688275
311550,321.41864540992935
311551,1482.9571199621214
311552,1269.7434473897426
311553,807.1628407676392
311554,902.3153634121375
311555,768.8393841049959
311556,1930.377858657188
311557,1717.1641860848092
311558,1254.583579462706
311559,1349.736102107204
311560,924.4205519431819
311561,2085.959026495374
311562,1872.745353922995
311563,1410.1647473008916
311564,1505.3172699453899
311565,-239.0589929016702
311566,922.4794816505218
311567,709.2658090781431
311568,246.68520245603963
311569,341.8377251005379
311570,208.36174579339638
311571,1369.9002203455884
311572,1156.6865477732097
311573,694.1059411511063
311574,789.2584637956045
311575,363.9429136315823
311576,1525.4813881837742
311577,1312.2677156113955
311578,849.6871089892921
311579,944.8396316337903
311580,-349.65529332324195
311581,811.8831812289501
311582,598.6695086565713
311583,136.088902034468
311584,231.24142467896615
311585,97.76544537182463
311586,1259.3039199240168
311587,1046.090247351638
311588,583.5096407295346
311589,678.6621633740328
311590,253.34661321001045
311591,1414.8850877622026
311592,1201.6714151898238
311593,739.0908085677205
311594,834.2433312122187
311595,-341.5819553819656
311596,819.9565191702264
311597,606.7428465978477
311598,144.16223997574434
311599,239.3147626202425
311600,105.83878331310098
311601,1267.377257865293
311602,1054.1635852929144
311603,591.5829786708109
311604,686.7355013153091
311605,261.4199511512868
311606,1422.958425703479
311607,1209.7447531311002
311608,747.1641465089967
311609,842.316669153495
311610,-547.5136437035701
311611,614.0248308486221
311612,400.8111582762433
311613,-61.76944834586004
311614,33.38307429863812
311615,-100.09290500850341
311616,1061.4455695436886
311617,848.23189697131
311618,385.65129034920665
311619,480.80381299370475
311620,55.488262829682526
311621,1217.0267373818745
311622,1003.8130648094958
311623,541.2324581873925
311624,636.3849808318906
311625,-1172.4059886043538
311626,-10.867514052161596
311627,-224.08118662454035
311628,-686.6617932466438
311629,-591.5092706021455
311630,-724.985249909287
311631,436.55322464290504
311632,223.33955207052634
311633,-239.241054551577
311634,-144.08853190707885
311635,-569.4040820711014
311636,592.1343924810908
311637,378.92071990871216
311638,-83.6598867133913
311639,11.49263593110686
311640,333.7578938832051
311641,1495.2963684353972
311642,1282.0826958630184
311643,819.502089240915
311644,914.6546118854133
311645,781.1786325782717
311646,1942.7171071304638
311647,1729.5034345580852
311648,1266.9228279359818
311649,1362.07535058048
311650,936.7598004164576
311651,2098.29827496865
311652,1885.0846023962708
311653,1422.5039957741674
311654,1517.6565184186657
311655,-226.7197444283945
311656,934.8187301237975
311657,721.6050575514189
311658,259.02445092931544
311659,354.17697357381365
311660,220.70099426667207
311661,1382.2394688188642
311662,1169.0257962464855
311663,706.4451896243821
311664,801.5977122688803
311665,376.2821621048579
311666,1537.82063665705
311667,1324.6069640846713
311668,862.026357462568
311669,957.1788801070661
311670,-337.31604484996615
311671,824.2224297022259
311672,611.0087571298473
311673,148.4281505077438
311674,243.580673152242
311675,110.10469384510043
311676,1271.6431683972926
311677,1058.4294958249138
311678,595.8488892028104
311679,691.0014118473086
311680,265.68586168328625
311681,1427.2243362354784
311682,1214.0106636630996
311683,751.4300570409963
311684,846.5825796854945
311685,-329.2427069086898
311686,832.2957676435022
311687,619.0820950711235
311688,156.50148844902014
311689,251.6540110935183
311690,118.17803178637678
311691,1279.7165063385687
311692,1066.5028337661902
311693,603.9222271440867
311694,699.0747497885849
311695,273.7591996245626
311696,1435.2976741767548
311697,1222.084001604376
311698,759.5033949822725
311699,854.6559176267708
311700,-535.1743952302943
311701,626.3640793218979
311702,413.1504067495191
311703,-49.43019987258424
311704,45.72232277191404
311705,-87.7536565352276
311706,1073.7848180169644
311707,860.5711454445858
311708,397.99053882248245
311709,493.14306146698055
311710,67.82751130295821
311711,1229.3659858551505
311712,1016.1523132827716
311713,553.5717066606683
311714,648.7242293051664
311715,-1160.0667401310777
311716,1.47173442111432
311717,-211.74193815126443
311718,-674.3225447733678
311719,-579.1700221288697
311720,-712.6460014360111
311721,448.8924731161809
311722,235.67880054380214
311723,-226.9018060783012
311724,-131.74928343380304
311725,-557.0648335978256
311726,604.4736409543667
311727,391.25996838198796
311728,-71.3206382401155
311729,23.831884404382777
311730,346.0971423564809
311731,1507.635616908673
311732,1294.4219443362942
311733,831.8413377141908
311734,926.9938603586891
311735,793.5178810515475
311736,1955.0563556037396
311737,1741.8426830313608
311738,1279.2620764092576
311739,1374.4145990537559
311740,949.0990488897334
311741,2110.6375234419256
311742,1897.4238508695469
311743,1434.8432442474432
311744,1529.9957668919415
311745,-214.3804959551187
311746,947.1579785970735
311747,733.9443060246947
311748,271.3636994025913
311749,366.5162220470895
311750,233.04024273994798
311751,1394.57871729214
311752,1181.3650447197613
311753,718.7844380976579
311754,813.9369607421561
311755,388.6214105781338
311756,1550.1598851303258
311757,1336.946212557947
311758,874.3656059358437
311759,969.5181285803419
311760,-324.97679637669034
311761,836.5616781755017
311762,623.348005603123
311763,160.7673989810196
311764,255.91992162551782
311765,122.44394231837623
311766,1283.9824168705682
311767,1070.7687442981896
311768,608.1881376760862
311769,703.3406603205844
311770,278.02511015656216
311771,1439.5635847087542
311772,1226.3499121363755
311773,763.7693055142721
311774,858.9218281587703
311775,-316.903458435414
311776,844.635016116778
311777,631.4213435443993
311778,168.84073692229595
311779,263.9932595667941
311780,130.51728025965258
311781,1292.0557548118445
311782,1078.842082239466
311783,616.2614756173625
311784,711.4139982618607
311785,286.0984480978385
311786,1447.6369226500306
311787,1234.4232500776518
311788,771.8426434555483
311789,866.9951661000466
311790,-522.8351467570183
311791,638.7033277951737
311792,425.48965522279497
311793,-37.090951399308324
311794,58.06157124518984
311795,-75.4144080619518
311796,1086.1240664902402
311797,872.9103939178615
311798,410.3297872957582
311799,505.48230994025636
311800,80.16675977623413
311801,1241.705234328426
311802,1028.4915617560473
311803,565.910955133944
311804,661.0634777784422
311805,-1147.727491657802
311806,13.810982894390008
311807,-199.40268967798875
311808,-661.9832963000922
311809,-566.8307736555939
311810,-700.3067529627353
311811,461.2317215894566
311812,248.01804901707794
311813,-214.5625576050254
311814,-119.41003496052724
311815,-544.7255851245495
311816,616.8128894276424
311817,403.5992168552637
311818,-58.981389766839584
311819,36.17113287765858
311820,358.43639082975676
311821,1519.9748653819488
311822,1306.76119280957
311823,844.1805861874666
311824,939.3331088319649
311825,805.8571295248233
311826,1967.3956040770154
311827,1754.1819315046366
311828,1291.6013248825334
311829,1386.7538475270314
311830,961.4382973630093
311831,2122.9767719152014
311832,1909.7630993428224
311833,1447.182492720719
311834,1542.3350153652173
311835,-202.0412474818429
311836,959.4972270703493
311837,746.2835544979705
311838,283.70294787586704
311839,378.8554705203653
311840,245.37949121322367
311841,1406.9179657654158
311842,1193.704293193037
311843,731.1236865709337
311844,826.2762092154319
311845,400.9606590514096
311846,1562.4991336036016
311847,1349.285461031223
311848,886.7048544091195
311849,981.8573770536177
311850,-312.63754790341454
311851,848.9009266487775
311852,635.6872540763987
311853,173.1066474542954
311854,268.25917009879356
311855,134.78319079165203
311856,1296.321665343844
311857,1083.1079927714654
311858,620.527386149362
311859,715.6799087938602
311860,290.3643586298379
311861,1451.90283318203
311862,1238.6891606096513
311863,776.1085539875479
311864,871.2610766320461
311865,-304.5642099621382
311866,856.9742645900537
311867,643.7605920176751
311868,181.17998539557163
311869,276.3325080400699
311870,142.85652873292838
311871,1304.3950032851203
311872,1091.1813307127418
311873,628.6007240906383
311874,723.7532467351365
311875,298.43769657111426
311876,1459.9761711233064
311877,1246.7624985509276
311878,784.1818919288241
311879,879.3344145733224
311880,-510.4958982837427
311881,651.0425762684495
311882,437.8289036960707
311883,-24.751702926032635
311884,70.40081971846553
311885,-63.075159588676
311886,1098.463314963516
311887,885.2496423911373
311888,422.669035769034
311889,517.8215584135321
311890,92.50600824950993
311891,1254.0444828017019
311892,1040.830810229323
311893,578.2502036072199
311894,673.402726251718
311895,-1135.3882431845261
311896,26.15023136766581
311897,-187.06344120471294
311898,-649.6440478268162
311899,-554.4915251823179
311900,-687.9675044894595
311901,473.57097006273244
311902,260.3572974903537
311903,-202.2233091317496
311904,-107.07078648725155
311905,-532.386336651274
311906,629.1521379009182
311907,415.93846532853956
311908,-46.642141293563895
311909,48.51038135093427
311910,370.7756393030325
311911,1532.3141138552246
311912,1319.1004412828458
311913,856.5198346607424
311914,951.6723573052407
311915,818.1963779980991
311916,1979.7348525502912
311917,1766.5211799779124
311918,1303.9405733558092
311919,1399.0930960003072
311920,973.7775458362851
311921,2135.316020388477
311922,1922.1023478160982
311923,1459.521741193995
311924,1554.674263838493
311925,-189.7019990085671
311926,971.8364755436249
311927,758.6228029712463
311928,296.04219634914284
311929,391.19471899364106
311930,257.71873968649953
311931,1419.2572142386916
311932,1206.0435416663129
311933,743.4629350442095
311934,838.6154576887077
311935,413.29990752468535
311936,1574.8383820768775
311937,1361.6247095044987
311938,899.0441028823954
311939,994.1966255268935
311940,-223.7661944314117
311941,937.7722801207804
311942,724.5586075484016
311943,261.9780009262983
311944,357.1305235707965
311945,223.65454426365488
311946,1385.1930188158472
311947,1171.9793462434682
311948,709.3987396213649
311949,804.5512622658631
311950,379.2357121018407
311951,1540.7741866540327
311952,1327.5605140816542
311953,864.9799074595508
311954,960.1324301040489
311955,-215.69285649013523
311956,945.8456180620567
311957,732.631945489678
311958,270.0513388675746
311959,365.2038615120728
311960,231.72788220493135
311961,1393.2663567571235
311962,1180.0526841847445
311963,717.4720775626413
311964,812.6246002071393
311965,387.30905004311717
311966,1548.847524595309
311967,1335.6338520229303
311968,873.053245400827
311969,968.2057680453252
311970,-421.6245448117397
311971,739.9139297404523
311972,526.7002571680736
311973,64.11965054597022
311974,159.2721731904685
311975,25.79619388332685
311976,1187.334668435519
311977,974.1209958631403
311978,511.5403892410369
311979,606.6929118855351
311980,181.37736172151267
311981,1342.9158362737048
311982,1129.702163701326
311983,667.1215570792226
311984,762.2740797237209
311985,-1046.5168897125234
311986,115.02158483966878
311987,-98.19208773270998
311988,-560.7726943548134
311989,-465.6201717103154
311990,-599.0961510174568
311991,562.4423235347354
311992,349.2286509623566
311993,-113.35195565974675
311994,-18.199433015248587
311995,-443.514983179271
311996,718.0234913729212
311997,504.80981880054236
311998,42.22921217843896
311999,137.38173482293723
312000,459.6469927750354
312001,1621.1854673272276
312002,1407.9717947548488
312003,945.3911881327454
312004,1040.5437107772436
312005,907.067731470102
312006,2068.606206022294
312007,1855.3925334499154
312008,1392.811926827812
312009,1487.9644494723102
312010,1062.6488993082878
312011,2224.18737386048
312012,2010.9737012881012
312013,1548.3930946659978
312014,1643.545617310496
312015,-100.83064553656413
312016,1060.7078290156278
312017,847.4941564432492
312018,384.9135498211458
312019,480.06607246564397
312020,346.59009315850244
312021,1508.1285677106946
312022,1294.9148951383158
312023,832.3342885162125
312024,927.4868111607105
312025,502.17126099668826
312026,1663.7097355488804
312027,1450.4960629765017
312028,987.9154563543982
312029,1083.0679789988963
312030,-211.42694595813578
312031,950.1115285940562
312032,736.8978560216774
312033,274.3172493995741
312034,369.4697720440723
312035,235.9937927369308
312036,1397.5322672891227
312037,1184.318594716744
312038,721.7379880946407
312039,816.8905107391389
312040,391.5749605751166
312041,1553.1134351273085
312042,1339.89976255493
312043,877.3191559328266
312044,972.4716785773247
312045,-203.35360801685965
312046,958.1848665353325
312047,744.9711939629537
312048,282.3905873408504
312049,377.54310998534856
312050,244.0671306782071
312051,1405.605605230399
312052,1192.3919326580203
312053,729.8113260359171
312054,824.9638486804151
312055,399.64829851639286
312056,1561.186773068585
312057,1347.9731004962064
312058,885.3924938741028
312059,980.5450165186011
312060,-409.2852963384637
312061,752.2531782137281
312062,539.0395056413495
312063,76.45889901924602
312064,171.6114216637443
312065,38.135442356602766
312066,1199.6739169087948
312067,986.460244336416
312068,523.8796377143127
312069,619.0321603588109
312070,193.7166101947886
312071,1355.2550847469806
312072,1142.0414121746019
312073,679.4608055524984
312074,774.6133281969967
312075,-1034.1776412392476
312076,127.36083331294446
312077,-85.85283925943418
312078,-548.4334458815376
312079,-453.28092323703936
312080,-586.756902544181
312081,574.781572008011
312082,361.5678994356324
312083,-101.01270718647095
312084,-5.860184541972785
312085,-431.17573470599496
312086,730.3627398461969
312087,517.1490672738182
312088,54.56846065171476
312089,149.72098329621303
312090,471.9862412483113
312091,1633.5247158005031
312092,1420.3110432281246
312093,957.7304366060212
312094,1052.8829592505194
312095,919.4069799433779
312096,2080.9454544955697
312097,1867.7317819231912
312098,1405.1511753010877
312099,1500.303697945586
312100,1074.9881477815638
312101,2236.5266223337558
312102,2023.312949761377
312103,1560.7323431392738
312104,1655.8848657837718
312105,-88.49139706328833
312106,1073.0470774889036
312107,859.8334049165248
312108,397.25279829442155
312109,492.4053209389198
312110,358.9293416317782
312111,1520.4678161839702
312112,1307.2541436115916
312113,844.6735369894882
312114,939.8260596339863
312115,514.5105094699641
312116,1676.048984022156
312117,1462.8353114497775
312118,1000.254704827674
312119,1095.4072274721723
312120,-362.9698322121915
312121,798.5686423400005
312122,585.3549697676217
312123,122.77436314551846
312124,217.92688579001663
312125,84.4509064828751
312126,1245.9893810350673
312127,1032.7757084626883
312128,570.195101840585
312129,665.3476244850832
312130,240.03207432106092
312131,1401.5705488732528
312132,1188.3568763008743
312133,725.7762696787709
312134,820.928792323269
312135,-354.8964942709151
312136,806.6419802812768
312137,593.428307708898
312138,130.8477010867947
312139,226.00022373129286
312140,92.52424442415145
312141,1254.0627189763434
312142,1040.8490464039646
312143,578.2684397818614
312144,673.4209624263594
312145,248.10541226233727
312146,1409.6438868145292
312147,1196.4302142421507
312148,733.8496076200472
312149,829.0021302645454
312150,-560.8281825925194
312151,600.7102919596724
312152,387.4966193872937
312153,-75.08398723480957
312154,20.068535409688593
312155,-113.40744389745294
312156,1048.131030654739
312157,834.9173580823604
312158,372.336751460257
312159,467.48927410475517
312160,42.173723940732884
312161,1203.712198492925
312162,990.4985259205462
312163,527.9179192984428
312164,623.070441942941
312165,-1185.7205274933033
312166,-24.182052941111124
312167,-237.39572551348988
312168,-699.9763321355933
312169,-604.8238094910953
312170,-738.2997887982367
312171,423.23868575395545
312172,210.0250131815767
312173,-252.55559344052665
312174,-157.4030707960285
312175,-582.7186209600507
312176,578.8198535921413
312177,365.6061810197625
312178,-96.97442560234083
312179,-1.821902957842667
312180,320.44335499425546
312181,1481.9818295464474
312182,1268.7681569740687
312183,806.1875503519655
312184,901.3400729964635
312185,767.8640936893221
312186,1929.402568241514
312187,1716.1888956691353
312188,1253.608289047032
312189,1348.7608116915303
312190,923.4452615275079
312191,2084.9837360797
312192,1871.7700635073213
312193,1409.1894568852179
312194,1504.341979529716
312195,-240.03428331734403
312196,921.5041912348479
312197,708.2905186624693
312198,245.7099120403659
312199,340.86243468486407
312200,207.38645537772254
312201,1368.9249299299145
312202,1155.711257357536
312203,693.1306507354325
312204,788.2831733799306
312205,362.96762321590836
312206,1524.5060977681005
312207,1311.2924251957215
312208,848.7118185736183
312209,943.8643412181166
312210,-350.6305837389157
312211,810.9078908132763
312212,597.6942182408975
312213,135.11361161879427
312214,230.26613426329232
312215,96.79015495615079
312216,1258.328629508343
312217,1045.114956935964
312218,582.5343503138608
312219,677.686872958359
312220,252.37132279433672
312221,1413.9097973465286
312222,1200.6961247741501
312223,738.1155181520467
312224,833.2680407965448
312225,-342.5572457976393
312226,818.9812287545526
312227,605.7675561821738
312228,143.1869495600705
312229,238.33947220456866
312230,104.86349289742714
312231,1266.4019674496194
312232,1053.1882948772404
312233,590.6076882551372
312234,685.7602108996352
312235,260.44466073561307
312236,1421.983135287805
312237,1208.7694627154265
312238,746.188856093323
312239,841.3413787378212
312240,-548.4889341192436
312241,613.0495404329482
312242,399.8358678605695
312243,-62.74473876153377
312244,32.407783882964395
312245,-101.06819542417725
312246,1060.4702791280147
312247,847.2566065556362
312248,384.6759999335328
312249,479.82852257803097
312250,54.512972414008686
312251,1216.0514469662007
312252,1002.837774393822
312253,540.2571677717186
312254,635.4096904162168
312255,-1173.3812790200275
312256,-11.842804467835435
312257,-225.05647704021408
312258,-687.6370836623175
312259,-592.4845610178193
312260,-725.9605403249609
312261,435.57793422723125
312262,222.3642616548525
312263,-240.21634496725073
312264,-145.06382232275269
312265,-570.3793724867749
312266,591.1591020654171
312267,377.9454294930383
312268,-84.63517712906503
312269,10.517345515433135
312270,332.7826034675312
312271,1494.3210780197232
312272,1281.1074054473445
312273,818.5267988252413
312274,913.6793214697394
312275,780.2033421625978
312276,1941.74181671479
312277,1728.5281441424113
312278,1265.9475375203078
312279,1361.100060164806
312280,935.7845100007837
312281,2097.322984552976
312282,1884.109311980597
312283,1421.5287053584939
312284,1516.681228002992
312285,-227.69503484406835
312286,933.8434397081237
312287,720.629767135745
312288,258.04916051364165
312289,353.2016831581398
312290,219.72570385099834
312291,1381.2641784031903
312292,1168.0505058308117
312293,705.4698992087083
312294,800.6224218532064
312295,375.30687168918416
312296,1536.8453462413763
312297,1323.6316736689976
312298,861.0510670468941
312299,956.2035896913924
312300,-338.2913352656401
312301,823.247139286552
312302,610.0334667141733
312303,147.45286009206995
312304,242.60538273656812
312305,109.12940342942659
312306,1270.6678779816186
312307,1057.4542054092399
312308,594.8735987871366
312309,690.0261214316348
312310,264.71057126761247
312311,1426.2490458198045
312312,1213.035373247426
312313,750.4547666253225
312314,845.6072892698206
312315,-330.21799732436375
312316,831.3204772278284
312317,618.1068046554497
312318,155.5261980333462
312319,250.67872067784447
312320,117.20274137070294
312321,1278.741215922895
312322,1065.5275433505162
312323,602.946936728413
312324,698.099459372911
312325,272.7839092088888
312326,1434.3223837610808
312327,1221.1087111887023
312328,758.5281045665988
312329,853.680627211097
312330,-536.149685645968
312331,625.388788906224
312332,412.17511633384527
312333,-50.40549028825808
312334,44.747032356240084
312335,-88.72894695090145
312336,1072.8095276012907
312337,859.595855028912
312338,397.0152484068086
312339,492.1677710513067
312340,66.85222088728437
312341,1228.3906954394765
312342,1015.1770228670978
312343,552.5964162449944
312344,647.7489388894926
312345,-1161.0420305467517
312346,0.4964440054403667
312347,-212.7172285669384
312348,-675.2978351890417
312349,-580.1453125445435
312350,-713.6212918516851
312351,447.917182700507
312352,234.7035101281283
312353,-227.87709649397505
312354,-132.72457384947688
312355,-558.0401240134993
312356,603.4983505386929
312357,390.2846779663141
312358,-72.29592865578934
312359,22.856593988708823
312360,345.12185194080695
312361,1506.660326492999
312362,1293.4466539206203
312363,830.8660472985171
312364,926.0185699430151
312365,792.5425906358736
312366,1954.0810651880656
312367,1740.867392615687
312368,1278.2867859935836
312369,1373.439308638082
312370,948.1237584740595
312371,2109.6622330262517
312372,1896.448560453873
312373,1433.8679538317695
312374,1529.0204764762677
312375,-215.35578637079243
312376,946.1826881813996
312377,732.9690156090209
312378,270.38840898691745
312379,365.5409316314156
312380,232.06495232427415
312381,1393.603426876466
312382,1180.3897543040875
312383,717.8091476819841
312384,812.9616703264822
312385,387.64612016246
312386,1549.1845947146521
312387,1335.9709221422734
312388,873.3903155201699
312389,968.5428381646682
312390,-325.95208679236407
312391,835.5863877598279
312392,622.3727151874491
312393,159.79210856534587
312394,254.94463120984398
312395,121.4686519027025
312396,1283.0071264548947
312397,1069.7934538825157
312398,607.2128472604124
312399,702.3653699049106
312400,277.0498197408883
312401,1438.5882942930803
312402,1225.3746217207017
312403,762.7940150985983
312404,857.9465377430964
312405,-317.8787488510877
312406,843.6597257011042
312407,630.4460531287255
312408,167.8654465066221
312409,263.01796915112027
312410,129.54198984397885
312411,1291.0804643961708
312412,1077.866791823792
312413,615.2861852016888
312414,710.4387078461868
312415,285.1231576821647
312416,1446.6616322343566
312417,1233.4479596619778
312418,770.8673530398746
312419,866.0198756843728
312420,-523.810437172692
312421,637.7280373794998
312422,424.51436480712107
312423,-38.06624181498228
312424,57.086280829516
312425,-76.38969847762553
312426,1085.1487760745665
312427,871.9351035021878
312428,409.3544968800844
312429,504.5070195245825
312430,79.19146936056029
312431,1240.7299439127523
312432,1027.5162713403736
312433,564.9356647182702
312434,660.0881873627684
312435,-1148.7027820734756
312436,12.835692478716282
312437,-200.37798009366247
312438,-662.9585867157657
312439,-567.8060640712677
312440,-701.2820433784093
312441,460.25643117378286
312442,247.0427586014041
312443,-215.53784802069924
312444,-120.38532537620108
312445,-545.7008755402233
312446,615.8375990119687
312447,402.6239264395899
312448,-59.95668018251354
312449,35.19584246198474
312450,357.46110041408286
312451,1518.9995749662748
312452,1305.785902393896
312453,843.2052957717929
312454,938.3578184162909
312455,804.8818391091495
312456,1966.4203136613414
312457,1753.206641088963
312458,1290.6260344668594
312459,1385.7785571113577
312460,960.4630069473353
312461,2122.0014814995275
312462,1908.7878089271487
312463,1446.2072023050455
312464,1541.3597249495433
312465,-203.01653789751663
312466,958.5219366546753
312467,745.3082640822967
312468,282.7276574601933
312469,377.8801801046915
312470,244.40420079754995
312471,1405.9426753497419
312472,1192.7290027773633
312473,730.1483961552599
312474,825.300918799758
312475,399.98536863573577
312476,1561.523843187928
312477,1348.310170615549
312478,885.7295639934457
312479,980.882086637944
312480,-313.61283831908827
312481,847.9256362331037
312482,634.7119636607249
312483,172.13135703862167
312484,267.2838796831197
312485,133.8079003759782
312486,1295.3463749281705
312487,1082.1327023557915
312488,619.5520957336882
312489,714.7046183781864
312490,289.3890682141641
312491,1450.927542766356
312492,1237.7138701939775
312493,775.1332635718741
312494,870.2857862163722
312495,-305.5395003778119
312496,855.99897417438
312497,642.7853016020013
312498,180.2046949798979
312499,275.35721762439607
312500,141.88123831725454
312501,1303.4197128694466
312502,1090.2060402970678
312503,627.6254336749646
312504,722.7779563194626
312505,297.4624061554405
312506,1459.0008807076324
312507,1245.7872081352539
312508,783.2066015131504
312509,878.3591241576486
312510,-511.4711886994162
312511,650.0672858527756
312512,436.8536132803969
312513,-25.72699334170636
312514,69.4255293027918
312515,-64.05045000434984
312516,1097.488024547842
312517,884.2743519754636
312518,421.6937453533602
312519,516.8462679978584
312520,91.53071783383609
312521,1253.0691923860281
312522,1039.8555198136494
312523,577.274913191546
312524,672.4274358360442
312525,-1136.3635336002
312526,25.17494095199197
312527,-188.03873162038667
312528,-650.6193382424901
312529,-555.4668155979919
312530,-688.9427949051335
312531,472.59567964705866
312532,259.3820070746799
312533,-203.19859954742344
312534,-108.04607690292528
312535,-533.3616270669474
312536,628.1768474852445
312537,414.9631749128657
312538,-47.61743170923762
312539,47.53509093526054
312540,369.8003488873586
312541,1531.3388234395507
312542,1318.125150867172
312543,855.5445442450687
312544,950.6970668895667
312545,817.2210875824252
312546,1978.7595621346172
312547,1765.5458895622385
312548,1302.9652829401352
312549,1398.1178055846333
312550,972.8022554206111
312551,2134.3407299728033
312552,1921.1270574004245
312553,1458.5464507783213
312554,1553.698973422819
312555,-190.67728942424094
312556,970.8611851279511
312557,757.6475125555723
312558,295.06690593346906
312559,390.2194285779672
312560,256.74344927082575
312561,1418.2819238230177
312562,1205.0682512506392
312563,742.4876446285357
312564,837.6401672730339
312565,412.32461710901157
312566,1573.8630916612037
312567,1360.649419088825
312568,898.0688124667215
312569,993.2213351112198
312570,-224.74148484708553
312571,936.7969897051066
312572,723.5833171327278
312573,261.00271051062447
312574,356.15523315512263
312575,222.67925384798104
312576,1384.2177284001732
312577,1171.0040558277944
312578,708.4234492056911
312579,803.5759718501893
312580,378.2604216861669
312581,1539.798896238359
312582,1326.5852236659803
312583,864.0046170438769
312584,959.1571396883751
312585,-216.66814690580918
312586,944.8703276463829
312587,731.6566550740041
312588,269.07604845190076
312589,364.2285710963989
312590,230.7525917892574
312591,1392.2910663414496
312592,1179.0773937690706
312593,716.4967871469674
312594,811.6493097914656
312595,386.33375962744327
312596,1547.8722341796351
312597,1334.6585616072566
312598,872.0779549851532
312599,967.2304776296514
312600,-422.59983522741345
312601,738.9386393247786
312602,525.7249667523997
312603,63.14436013029638
312604,158.29688277479454
312605,24.82090346765301
312606,1186.3593780198453
312607,973.1457054474663
312608,510.56509882536307
312609,605.7176214698612
312610,180.40207130583894
312611,1341.9405458580309
312612,1128.7268732856523
312613,666.1462666635489
312614,761.298789308047
312615,-1047.4921801281973
312616,114.04629442399482
312617,-99.16737814838393
312618,-561.7479847704874
312619,-466.5954621259891
312620,-600.0714414331308
312621,561.4670331190614
312622,348.25336054668276
312623,-114.32724607542059
312624,-19.17472343092254
312625,-444.4902735949447
312626,717.0482009572472
312627,503.8345283848686
312628,41.25392176276512
312629,136.40644440726328
312630,458.67170235936146
312631,1620.2101769115536
312632,1406.9965043391749
312633,944.4158977170715
312634,1039.5684203615697
312635,906.092441054428
312636,2067.63091560662
312637,1854.4172430342414
312638,1391.836636412138
312639,1486.9891590566363
312640,1061.6736088926139
312641,2223.212083444806
312642,2009.9984108724273
312643,1547.417804250324
312644,1642.570326894822
312645,-101.80593595223797
312646,1059.732538599954
312647,846.5188660275753
312648,383.93825940547197
312649,479.09078204997013
312650,345.61480274282866
312651,1507.1532772950206
312652,1293.939604722642
312653,831.3589981005387
312654,926.5115207450367
312655,501.1959705810145
312656,1662.7344451332065
312657,1449.5207725608277
312658,986.9401659387245
312659,1082.0926885832225
312660,-212.40223637380961
312661,949.1362381783824
312662,735.9225656060036
312663,273.3419589839003
312664,368.4944816283985
312665,235.01850232125696
312666,1396.556976873449
312667,1183.3433043010702
312668,720.7626976789669
312669,815.9152203234651
312670,390.5996701594428
312671,1552.1381447116348
312672,1338.924472139256
312673,876.3438655171527
312674,971.4963881616509
312675,-204.32889843253338
312676,957.2095761196587
312677,743.9959035472799
312678,281.41529692517656
312679,376.5678195696748
312680,243.0918402625332
312681,1404.6303148147254
312682,1191.4166422423464
312683,728.8360356202433
312684,823.9885582647414
312685,398.673008100719
312686,1560.211482652911
312687,1346.9978100805324
312688,884.417203458429
312689,979.5697261029272
312690,-410.26058675413765
312691,751.2778877980543
312692,538.0642152256755
312693,75.48360860357229
312694,170.63613124807046
312695,37.16015194092893
312696,1198.698626493121
312697,985.4849539207421
312698,522.9043472986389
312699,618.056869943137
312700,192.74131977911475
312701,1354.2797943313067
312702,1141.066121758928
312703,678.4855151368247
312704,773.6380377813229
312705,-1035.1529316549213
312706,126.38554289727074
312707,-86.82812967510802
312708,-549.4087362972114
312709,-454.2562136527133
312710,-587.7321929598547
312711,573.8062815923373
312712,360.59260901995856
312713,-101.98799760214479
312714,-6.835474957646625
312715,-432.1510251216689
312716,729.3874494305231
312717,516.1737768581444
312718,53.59317023604103
312719,148.7456928805392
312720,471.0109508326374
312721,1632.5494253848294
312722,1419.3357528124507
312723,956.7551461903473
312724,1051.9076688348455
312725,918.431689527704
312726,2079.9701640798958
312727,1866.7564915075172
312728,1404.175884885414
312729,1499.328407529912
312730,1074.0128573658899
312731,2235.551331918082
312732,2022.337659345703
312733,1559.7570527235998
312734,1654.9095753680979
312735,-89.46668747896229
312736,1072.0717870732299
312737,858.8581145008511
312738,396.27750787874777
312739,491.43003052324593
312740,357.9540512161044
312741,1519.4925257682964
312742,1306.2788531959177
312743,843.6982465738145
312744,938.8507692183125
312745,513.5352190542901
312746,1675.0736936064823
312747,1461.8600210341035
312748,999.2794144120002
312749,1094.4319370564983
312750,-362.96136777677316
312751,798.5771067754189
312752,585.3634342030401
312753,122.78282758093678
312754,217.93535022543495
312755,84.45937091829342
312756,1245.9978454704856
312757,1032.7841728981068
312758,570.2035662760034
312759,665.3560889205016
312760,240.04053875647935
312761,1401.5790133086714
312762,1188.3653407362926
312763,725.7847341141893
312764,820.9372567586875
312765,-354.8880298354968
312766,806.6504447166951
312767,593.4367721443165
312768,130.85616552221313
312769,226.0086881667113
312770,92.53270885956977
312771,1254.071183411762
312772,1040.857510839383
312773,578.2769042172797
312774,673.4294268617779
312775,248.1138766977557
312776,1409.6523512499477
312777,1196.438678677569
312778,733.8580720554655
312779,829.0105946999638
312780,-560.8197181571011
312781,600.7187563950908
312782,387.50508382271215
312783,-75.07552279939114
312784,20.076999845107025
312785,-113.3989794620345
312786,1048.1394950901574
312787,834.9258225177787
312788,372.34521589567544
312789,467.49773854017354
312790,42.182188376151316
312791,1203.7206629283432
312792,990.5069903559646
312793,527.9263837338613
312794,623.0789063783594
312795,-1185.7120630578847
312796,-24.173588505692805
312797,-237.38726107807145
312798,-699.9678677001748
312799,-604.8153450556767
312800,-738.2913243628182
312801,423.2471501893739
312802,210.03347761699513
312803,-252.54712900510822
312804,-157.39460636061006
312805,-582.7101565246323
312806,578.8283180275597
312807,365.61464545518095
312808,-96.9659611669224
312809,-1.813438522424235
312810,320.45181942967383
312811,1481.9902939818658
312812,1268.7766214094872
312813,806.1960147873838
312814,901.3485374318819
312815,767.8725581247404
312816,1929.4110326769326
312817,1716.1973601045538
312818,1253.6167534824506
312819,1348.7692761269486
312820,923.4537259629263
312821,2084.9922005151184
312822,1871.7785279427396
312823,1409.1979213206364
312824,1504.3504439651344
312825,-240.02581888192572
312826,921.5126556702663
312827,708.2989830978876
312828,245.71837647578423
312829,340.87089912028244
312830,207.39491981314097
312831,1368.933394365333
312832,1155.7197217929543
312833,693.1391151708509
312834,788.2916378153491
312835,362.9760876513268
312836,1524.5145622035188
312837,1311.30088963114
312838,848.7202830090367
312839,943.8728056535349
312840,-350.62211930349736
312841,810.9163552486947
312842,597.702682676316
312843,135.12207605421258
312844,230.27459869871075
312845,96.79861939156922
312846,1258.3370939437614
312847,1045.1234213713826
312848,582.5428147492792
312849,677.6953373937774
312850,252.3797872297551
312851,1413.918261781947
312852,1200.7045892095684
312853,738.1239825874651
312854,833.2765052319633
312855,-342.548781362221
312856,818.989693189971
312857,605.7760206175923
312858,143.19541399548893
312859,238.3479366399871
312860,104.87195733284557
312861,1266.4104318850377
312862,1053.1967593126587
312863,590.6161526905555
312864,685.7686753350537
312865,260.45312517103145
312866,1421.9915997232233
312867,1208.7779271508448
312868,746.1973205287413
312869,841.3498431732396
312870,-548.4804696838253
312871,613.0580048683667
312872,399.84433229598784
312873,-62.73627432611545
312874,32.41624831838271
312875,-101.05973098875882
312876,1060.4787435634332
312877,847.2650709910545
312878,384.68446436895124
312879,479.83698701344935
312880,54.52143684942712
312881,1216.059911401619
312882,1002.8462388292404
312883,540.2656322071371
312884,635.4181548516352
312885,-1173.3728145846092
312886,-11.834340032417003
312887,-225.04801260479576
312888,-687.6286192268992
312889,-592.4760965824009
312890,-725.9520758895424
312891,435.5863986626496
312892,222.37272609027093
312893,-240.20788053183242
312894,-145.05535788733425
312895,-570.3709080513565
312896,591.1675665008354
312897,377.9538939284567
312898,-84.6267126936466
312899,10.525809950851567
312900,332.79106790294964
312901,1494.3295424551416
312902,1281.115869882763
312903,818.5352632606597
312904,913.6877859051579
312905,780.2118065980162
312906,1941.7502811502084
312907,1728.5366085778296
312908,1265.9560019557262
312909,1361.1085246002244
312910,935.792974436202
312911,2097.331448988394
312912,1884.1177764160154
312913,1421.5371697939122
312914,1516.6896924384102
312915,-227.6865704086499
312916,933.8519041435422
312917,720.6382315711635
312918,258.0576249490601
312919,353.21014759355825
312920,219.73416828641678
312921,1381.2726428386086
312922,1168.05897026623
312923,705.4783636441267
312924,800.6308862886249
312925,375.31533612460254
312926,1536.8538106767946
312927,1323.6401381044159
312928,861.0595314823125
312929,956.2120541268107
312930,-338.28287083022155
312931,823.2556037219705
312932,610.0419311495917
312933,147.4613245274884
312934,242.61384717198655
312935,109.13786786484502
312936,1270.6763424170372
312937,1057.4626698446584
312938,594.882063222555
312939,690.0345858670532
312940,264.71903570303084
312941,1426.257510255223
312942,1213.0438376828442
312943,750.4632310607409
312944,845.6157537052391
312945,-330.2095328889452
312946,831.3289416632467
312947,618.1152690908681
312948,155.53466246876474
312949,250.6871851132629
312950,117.21120580612137
312951,1278.7496803583135
312952,1065.5360077859345
312953,602.9554011638313
312954,698.1079238083295
312955,272.7923736443072
312956,1434.3308481964991
312957,1221.1171756241206
312958,758.5365690020171
312959,853.6890916465154
312960,-536.1412212105495
312961,625.3972533416425
312962,412.1835807692637
312963,-50.39702585283965
312964,44.755496791658516
312965,-88.72048251548301
312966,1072.817992036709
312967,859.6043194643303
312968,397.023712842227
312969,492.17623548672515
312970,66.8606853227028
312971,1228.3991598748948
312972,1015.1854873025161
312973,552.6048806804129
312974,647.757403324911
312975,-1161.0335661113331
312976,0.5049084408587987
312977,-212.70876413151996
312978,-675.2893707536232
312979,-580.1368481091249
312980,-713.6128274162668
312981,447.92564713592543
312982,234.71197456354662
312983,-227.8686320585566
312984,-132.71610941405845
312985,-558.0316595780807
312986,603.5068149741112
312987,390.2931424017325
312988,-72.28746422037091
312989,22.865058424127255
312990,345.1303163762254
312991,1506.6687909284174
312992,1293.4551183560388
312993,830.8745117339354
312994,926.0270343784337
312995,792.551055071292
312996,1954.0895296234842
312997,1740.8758570511054
312998,1278.295250429002
312999,1373.4477730735002
313000,948.1322229094778
313001,2109.67069746167
313002,1896.4570248892912
313003,1433.876418267188
313004,1529.028940911686
313005,-215.3473219353741
313006,946.191152616818
313007,732.9774800444393
313008,270.3968734223359
313009,365.54939606683405
313010,232.07341675969258
313011,1393.6118913118846
313012,1180.3982187395059
313013,717.8176121174025
313014,812.9701347619007
313015,387.6545845978784
313016,1549.1930591500704
313017,1335.9793865776917
313018,873.3987799555883
313019,968.5513026000865
313020,-325.94362235694575
313021,835.5948521952463
313022,622.3811796228676
313023,159.8005730007642
313024,254.9530956452624
313025,121.47711633812082
313026,1283.015590890313
313027,1069.8019183179342
313028,607.2213116958308
313029,702.373834340329
313030,277.05828417630676
313031,1438.5967587284988
313032,1225.38308615612
313033,762.8024795340167
313034,857.9550021785149
313035,-317.8702844156694
313036,843.6681901365225
313037,630.4545175641439
313038,167.87391094204054
313039,263.0264335865387
313040,129.55045427939717
313041,1291.0889288315893
313042,1077.8752562592103
313043,615.2946496371071
313044,710.4471722816053
313045,285.1316221175831
313046,1446.6700966697751
313047,1233.4564240973964
313048,770.8758174752929
313049,866.0283401197912
313050,-523.8019727372737
313051,637.7365018149183
313052,424.5228292425395
313053,-38.05777737956373
313054,57.09474526493443
313055,-76.3812340422071
313056,1085.1572405099848
313057,871.9435679376061
313058,409.3629613155028
313059,504.51548396000095
313060,79.19993379597872
313061,1240.7384083481707
313062,1027.5247357757921
313063,564.9441291536887
313064,660.0966517981868
313065,-1148.6943176380573
313066,12.8441569141346
313067,-200.36951565824404
313068,-662.9501222803474
313069,-567.7975996358493
313070,-701.2735789429908
313071,460.2648956092013
313072,247.05122303682253
313073,-215.5293835852808
313074,-120.37686094078265
313075,-545.6924111048049
313076,615.8460634473871
313077,402.63239087500835
313078,-59.94821574709499
313079,35.20430689740317
313080,357.4695648495013
313081,1519.0080394016932
313082,1305.7943668293146
313083,843.2137602072113
313084,938.3662828517095
313085,804.8903035445678
313086,1966.42877809676
313087,1753.2151055243812
313088,1290.634498902278
313089,1385.787021546776
313090,960.4714713827537
313091,2122.009945934946
313092,1908.796273362567
313093,1446.2156667404638
313094,1541.3681893849619
313095,-203.0080734620983
313096,958.5304010900937
313097,745.3167285177151
313098,282.73612189561175
313099,377.8886445401099
313100,244.41266523296832
313101,1405.9511397851604
313102,1192.7374672127817
313103,730.1568605906783
313104,825.3093832351765
313105,399.9938330711542
313106,1561.5323076233462
313107,1348.3186350509675
313108,885.7380284288641
313109,980.8905510733623
313110,-313.60437388366995
313111,847.9341006685221
313112,634.7204280961433
313113,172.13982147404
313114,267.29234411853815
313115,133.81636481139662
313116,1295.3548393635888
313117,1082.14116679121
313118,619.5605601691066
313119,714.7130828136048
313120,289.3975326495825
313121,1450.9360072017744
313122,1237.7223346293958
313123,775.1417280072925
313124,870.2942506517907
313125,-305.5310359423936
313126,856.0074386097984
313127,642.7937660374197
313128,180.21315941531634
313129,275.3656820598145
313130,141.88970275267297
313131,1303.428177304865
313132,1090.2145047324861
313133,627.6338981103829
313134,722.7864207548811
313135,297.47087059085885
313136,1459.0093451430507
313137,1245.7956725706722
313138,783.2150659485687
313139,878.3675885930669
313140,-511.46272426399787
313141,650.0757502881941
313142,436.86207771581525
313143,-25.718528906288043
313144,69.43399373821012
313145,-64.04198556893141
313146,1097.4964889832606
313147,884.2828164108819
313148,421.7022097887786
313149,516.8547324332767
313150,91.53918226925452
313151,1253.0776568214465
313152,1039.863984249068
313153,577.2833776269645
313154,672.4359002714626
313155,-1136.3550691647818
313156,25.183405387410403
313157,-188.03026718496835
313158,-650.6108738070718
313159,-555.4583511625735
313160,-688.934330469715
313161,472.604144082477
313162,259.39047151009834
313163,-203.190135112005
313164,-108.03761246750685
313165,-533.3531626315291
313166,628.1853119206628
313167,414.9716393482841
313168,-47.60896727381919
313169,47.54355537067897
313170,369.80881332277704
313171,1531.347287874969
313172,1318.1336153025904
313173,855.5530086804871
313174,950.7055313249851
313175,817.2295520178436
313176,1978.7680265700355
313177,1765.554353997657
313178,1302.9737473755536
313179,1398.1262700200518
313180,972.8107198560294
313181,2134.3491944082216
313182,1921.1355218358428
313183,1458.5549152137396
313184,1553.7074378582377
313185,-190.6688249888225
313186,970.8696495633695
313187,757.6559769909909
313188,295.0753703688875
313189,390.22789301338565
313190,256.7519137062441
313191,1418.290388258436
313192,1205.0767156860575
313193,742.4961090639541
313194,837.6486317084523
313195,412.33308154442994
313196,1573.871556096622
313197,1360.6578835242433
313198,898.0772769021399
313199,993.2297995466381
313200,-224.7330204116671
313201,936.805454140525
313202,723.5917815681462
313203,261.0111749460429
313204,356.16369759054106
313205,222.68771828339948
313206,1384.2261928355915
313207,1171.0125202632128
313208,708.4319136411095
313209,803.5844362856077
313210,378.2688861215853
313211,1539.8073606737773
313212,1326.5936881013986
313213,864.0130814792954
313214,959.1656041237934
313215,-216.65968247039075
313216,944.8787920818013
313217,731.6651195094225
313218,269.0845128873192
313219,364.23703553181736
313220,230.76105622467583
313221,1392.2995307768679
313222,1179.085858204489
313223,716.5052515823859
313224,811.6577742268839
313225,386.34222406286165
313226,1547.8806986150537
313227,1334.667026042675
313228,872.0864194205716
313229,967.2389420650698
313230,-422.59137079199513
313231,738.9471037601969
313232,525.7334311878182
313233,63.15282456571481
313234,158.30534721021297
313235,24.829367903071443
313236,1186.3678424552636
313237,973.1541698828847
313238,510.57356326078144
313239,605.7260859052797
313240,180.41053574125726
313241,1341.9490102934492
313242,1128.7353377210707
313243,666.1547310989672
313244,761.3072537434655
313245,-1047.4837156927788
313246,114.05475885941325
313247,-99.1589137129655
313248,-561.7395203350688
313249,-466.58699769057057
313250,-600.0629769977122
313251,561.47549755448
313252,348.26182498210113
313253,-114.31878164000216
313254,-19.16625899550411
313255,-444.4818091595264
313256,717.0566653926656
313257,503.84299282028695
313258,41.26238619818355
313259,136.4149088426817
313260,458.6801667947799
313261,1620.218641346972
313262,1407.0049687745932
313263,944.42436215249
313264,1039.576884796988
313265,906.1009054898465
313266,2067.6393800420383
313267,1854.4257074696598
313268,1391.8451008475565
313269,1486.9976234920546
313270,1061.6820733280324
313271,2223.2205478802243
313272,2010.0068753078456
313273,1547.4262686857423
313274,1642.5787913302406
313275,-101.79747151681954
313276,1059.7410030353724
313277,846.5273304629936
313278,383.9467238408904
313279,479.09924648538856
313280,345.62326717824703
313281,1507.1617417304392
313282,1293.9480691580602
313283,831.367462535957
313284,926.5199851804551
313285,501.20443501643285
313286,1662.7429095686248
313287,1449.5292369962463
313288,986.9486303741428
313289,1082.101153018641
313290,-212.39377193839118
313291,949.1447026138007
313292,735.931030041422
313293,273.35042341931876
313294,368.5029460638169
313295,235.0269667566754
313296,1396.5654413088673
313297,1183.3517687364886
313298,720.7711621143853
313299,815.9236847588835
313300,390.6081345948612
313301,1552.1466091470534
313302,1338.9329365746744
313303,876.3523299525712
313304,971.5048525970693
313305,-204.32043399711495
313306,957.2180405550771
313307,744.0043679826983
313308,281.423761360595
313309,376.5762840050932
313310,243.10030469795163
313311,1404.6387792501437
313312,1191.425106677765
313313,728.8445000556617
313314,823.9970227001597
313315,398.68147253613745
313316,1560.2199470883295
313317,1347.0062745159507
313318,884.4256678938474
313319,979.5781905383456
313320,-410.25212231871933
313321,751.2863522334727
313322,538.072679661094
313323,75.49207303899061
313324,170.6445956834889
313325,37.16861637634736
313326,1198.7070909285394
313327,985.4934183561605
313328,522.9128117340573
313329,618.0653343785555
313330,192.74978421453318
313331,1354.2882587667252
313332,1141.0745861943465
313333,678.493979572243
313334,773.6465022167413
313335,-1035.1444672195028
313336,126.39400733268917
313337,-86.81966523968958
313338,-549.4002718617928
313339,-454.24774921729477
313340,-587.7237285244362
313341,573.8147460277557
313342,360.601073455377
313343,-101.97953316672636
313344,-6.827010522228193
313345,-432.1425606862506
313346,729.3959138659416
313347,516.1822412935628
313348,53.60163467145935
313349,148.75415731595763
313350,471.0194152680558
313351,1632.5578898202477
313352,1419.344217247869
313353,956.7636106257658
313354,1051.9161332702638
313355,918.4401539631224
313356,2079.978628515314
313357,1866.7649559429356
313358,1404.1843493208326
313359,1499.3368719653304
313360,1074.0213218013082
313361,2235.5597963535
313362,2022.3461237811214
313363,1559.7655171590181
313364,1654.9180398035164
313365,-89.45822304354374
313366,1072.0802515086482
313367,858.8665789362694
313368,396.2859723141662
313369,491.43849495866436
313370,357.96251565152284
313371,1519.500990203715
313372,1306.287317631336
313373,843.7067110092328
313374,938.8592336537309
313375,513.5436834897087
313376,1675.0821580419006
313377,1461.868485469522
313378,999.2878788474186
313379,1094.4404014919169
313380,-362.95290334135484
313381,798.5855712108373
313382,585.3718986384586
313383,122.79129201635521
313384,217.94381466085338
313385,84.46783535371185
313386,1246.006309905904
313387,1032.7926373335251
313388,570.2120307114219
313389,665.36455335592
313390,240.04900319189778
313391,1401.5874777440897
313392,1188.373805171711
313393,725.7931985496077
313394,820.9457211941059
313395,-354.8795654000785
313396,806.6589091521137
313397,593.4452365797349
313398,130.86462995763145
313399,226.01715260212973
313400,92.5411732949882
313401,1254.0796478471802
313402,1040.8659752748015
313403,578.2853686526981
313404,673.4378912971963
313405,248.12234113317407
313406,1409.660815685366
313407,1196.4471431129873
313408,733.866536490884
313409,829.0190591353821
313410,-560.8112537216828
313411,600.7272208305093
313412,387.51354825813047
313413,-75.06705836397282
313414,20.085464280525343
313415,-113.39051502661619
313416,1048.147959525576
313417,834.9342869531971
313418,372.3536803310938
313419,467.5062029755919
313420,42.19065281156975
313421,1203.7291273637616
313422,990.515454791383
313423,527.9348481692796
313424,623.0873708137779
313425,-1185.7035986224664
313426,-24.165124070274373
313427,-237.37879664265313
313428,-699.9594032647565
313429,-604.8068806202584
313430,-738.2828599273996
313431,423.2556146247922
313432,210.04194205241356
313433,-252.5386645696898
313434,-157.38614192519162
313435,-582.701692089214
313436,578.836782462978
313437,365.6231098905993
313438,-96.95749673150397
313439,-1.804974087005803
313440,320.46028386509226
313441,1481.9987584172843
313442,1268.7850858449056
313443,806.2044792228023
313444,901.3570018673004
313445,767.8810225601588
313446,1929.4194971123509
313447,1716.2058245399721
313448,1253.625217917869
313449,1348.777740562367
313450,923.4621903983448
313451,2085.0006649505367
313452,1871.786992378158
313453,1409.2063857560547
313454,1504.3589084005528
313455,-240.01735444650728
313456,921.5211201056848
313457,708.307447533306
313458,245.72684091120266
313459,340.8793635557009
313460,207.4033842485594
313461,1368.9418588007513
313462,1155.7281862283726
313463,693.1475796062693
313464,788.3001022507675
313465,362.98455208674517
313466,1524.5230266389372
313467,1311.3093540665586
313468,848.7287474444552
313469,943.8812700889533
313470,-350.61365486807904
313471,810.9248196841131
313472,597.7111471117344
313473,135.13054048963102
313474,230.28306313412918
313475,96.80708382698765
313476,1258.3455583791797
313477,1045.131885806801
313478,582.5512791846977
313479,677.7038018291958
313480,252.38825166517347
313481,1413.9267262173655
313482,1200.7130536449868
313483,738.1324470228835
313484,833.2849696673817
313485,-342.5403169268027
313486,818.9981576253894
313487,605.7844850530107
313488,143.20387843090725
313489,238.35640107540553
313490,104.880421768264
313491,1266.418896320456
313492,1053.2052237480773
313493,590.6246171259739
313494,685.7771397704721
313495,260.4615896064498
313496,1422.0000641586419
313497,1208.786391586263
313498,746.2057849641598
313499,841.3583076086579
313500,-548.472005248407
313501,613.066469303785
313502,399.8527967314063
313503,-62.72780989069702
313504,32.424712753801145
313505,-101.05126655334038
313506,1060.4872079988518
313507,847.2735354264729
313508,384.6929288043696
313509,479.8454514488678
313510,54.52990128484544
313511,1216.0683758370374
313512,1002.8547032646588
313513,540.2740966425554
313514,635.4266192870537
313515,-1173.3643501491904
313516,-11.825875596998571
313517,-225.03954816937733
313518,-687.6201547914804
313519,-592.4676321469824
313520,-725.943611454124
313521,435.594863098068
313522,222.38119052568925
313523,-240.1994160964141
313524,-145.04689345191593
313525,-570.3624436159382
313526,591.1760309362538
313527,377.9623583638751
313528,-84.61824825822828
313529,10.534274386269885
313530,332.799532338368
313531,1494.3380068905599
313532,1281.1243343181814
313533,818.5437276960781
313534,913.6962503405762
313535,780.2202710334346
313536,1941.7587455856267
313537,1728.545073013248
313538,1265.9644663911447
313539,1361.1169890356427
313540,935.8014388716205
313541,2097.3399134238125
313542,1884.1262408514337
313543,1421.5456342293305
313544,1516.6981568738288
313545,-227.6781059732316
313546,933.8603685789606
313547,720.6466960065818
313548,258.06608938447846
313549,353.2186120289766
313550,219.7426327218351
313551,1381.2811072740271
313552,1168.0674347016484
313553,705.4868280795451
313554,800.6393507240433
313555,375.3238005600209
313556,1536.862275112213
313557,1323.6486025398344
313558,861.067995917731
313559,956.2205185622291
313560,-338.27440639480324
313561,823.2640681573889
313562,610.0503955850102
313563,147.46978896290682
313564,242.62231160740498
313565,109.14633230026334
313566,1270.6848068524555
313567,1057.4711342800767
313568,594.8905276579734
313569,690.0430503024716
313570,264.7275001384493
313571,1426.2659746906415
313572,1213.0523021182626
313573,750.4716954961593
313574,845.6242181406575
313575,-330.2010684535269
313576,831.3374060986653
313577,618.1237335262865
313578,155.54312690418305
313579,250.69564954868133
313580,117.21967024153969
313581,1278.7581447937318
313582,1065.544472221353
313583,602.9638655992497
313584,698.1163882437479
313585,272.8008380797256
313586,1434.3393126319177
313587,1221.125640059539
313588,758.5450334374356
313589,853.6975560819337
313590,-536.1327567751312
313591,625.4057177770609
313592,412.19204520468213
313593,-50.388561417421215
313594,44.76396122707695
313595,-88.71201808006458
313596,1072.8264564721276
313597,859.6127838997487
313598,397.03217727764536
313599,492.1846999221435
313600,66.86914975812124
313601,1228.4076243103134
313602,1015.1939517379346
313603,552.6133451158312
313604,647.7658677603293
313605,-1161.0251016759148
313606,0.5133728762772307
313607,-212.70029969610152
313608,-675.2809063182049
313609,-580.1283836737066
313610,-713.6043629808482
313611,447.93411157134386
313612,234.72043899896516
313613,-227.86016762313818
313614,-132.70764497864002
313615,-558.0231951426624
313616,603.5152794095297
313617,390.3016068371509
313618,-72.27899978495248
313619,22.873522859545687
313620,345.1387808116438
313621,1506.677255363836
313622,1293.4635827914572
313623,830.8829761693539
313624,926.035498813852
313625,792.5595195067103
313626,1954.0979940589025
313627,1740.8843214865237
313628,1278.3037148644205
313629,1373.4562375089185
313630,948.1406873448963
313631,2109.6791618970883
313632,1896.4654893247096
313633,1433.8848827026063
313634,1529.0374053471046
313635,-215.33885749995557
313636,946.1996170522364
313637,732.9859444798577
313638,270.4053378577543
313639,365.5578605022525
313640,232.081881195111
313641,1393.6203557473032
313642,1180.4066831749242
313643,717.826076552821
313644,812.9785991973191
313645,387.66304903329683
313646,1549.2015235854888
313647,1335.9878510131102
313648,873.4072443910068
313649,968.5597670355049
313650,-325.93515792152743
313651,835.6033166306647
313652,622.389644058286
313653,159.80903743618262
313654,254.96156008068078
313655,121.48558077353925
313656,1283.0240553257313
313657,1069.8103827533525
313658,607.2297761312493
313659,702.3822987757474
313660,277.0667486117252
313661,1438.6052231639171
313662,1225.3915505915384
313663,762.8109439694351
313664,857.9634666139333
313665,-317.8618199802511
313666,843.676654571941
313667,630.4629819995623
313668,167.88237537745886
313669,263.0348980219571
313670,129.5589187148156
313671,1291.0973932670076
313672,1077.883720694629
313673,615.3031140725255
313674,710.4556367170237
313675,285.14008655300154
313676,1446.6785611051935
313677,1233.4648885328147
313678,770.8842819107114
313679,866.0368045552095
313680,-523.7935083018554
313681,637.7449662503367
313682,424.53129367795793
313683,-38.04931294414541
313684,57.10320970035286
313685,-76.37276960678878
313686,1085.1657049454034
313687,871.9520323730245
313688,409.3714257509212
313689,504.5239483954193
313690,79.20839823139715
313691,1240.746872783589
313692,1027.5332002112104
313693,564.952593589107
313694,660.1051162336053
313695,-1148.685853202639
313696,12.852621349553033
313697,-200.36105122282572
313698,-662.9416578449291
313699,-567.789135200431
313700,-701.2651145075722
313701,460.2733600446196
313702,247.05968747224097
313703,-215.52091914986238
313704,-120.36839650536422
313705,-545.6839466693866
313706,615.8545278828054
313707,402.6408553104267
313708,-59.93975131167667
313709,35.2127713328216
313710,357.47802928491967
313711,1519.0165038371117
313712,1305.802831264733
313713,843.2222246426297
313714,938.3747472871278
313715,804.8987679799862
313716,1966.4372425321783
313717,1753.2235699597995
313718,1290.6429633376963
313719,1385.7954859821944
313720,960.4799358181722
313721,2122.018410370364
313722,1908.8047377979854
313723,1446.2241311758821
313724,1541.3766538203804
313725,-202.99960902667988
313726,958.5388655255122
313727,745.3251929531334
313728,282.74458633103006
313729,377.8971089755283
313730,244.4211296683867
313731,1405.9596042205787
313732,1192.7459316482
313733,730.1653250260968
313734,825.3178476705949
313735,400.00229750657263
313736,1561.5407720587646
313737,1348.327099486386
313738,885.7464928642826
313739,980.8990155087807
313740,-313.59590944825163
313741,847.9425651039405
313742,634.7288925315618
313743,172.14828590945842
313744,267.3008085539566
313745,133.82482924681506
313746,1295.363303799007
313747,1082.1496312266283
313748,619.569024604525
313749,714.7215472490232
313750,289.4059970850009
313751,1450.944471637193
313752,1237.7307990648142
313753,775.1501924427109
313754,870.302715087209
313755,-305.5225715069753
313756,856.0159030452168
313757,642.802230472838
313758,180.22162385073466
313759,275.3741464952329
313760,141.8981671880914
313761,1303.4366417402834
313762,1090.2229691679047
313763,627.6423625458013
313764,722.7948851902995
313765,297.4793350262772
313766,1459.0178095784693
313767,1245.8041370060905
313768,783.2235303839872
313769,878.3760530284853
313770,-511.45425982857955
313771,650.0842147236124
313772,436.8705421512337
313773,-25.71006447086961
313774,69.44245817362855
313775,-64.03352113351298
313776,1097.504953418679
313777,884.2912808463003
313778,421.710674224197
313779,516.8631968686951
313780,91.54764670467284
313781,1253.0861212568648
313782,1039.8724486844862
313783,577.2918420623828
313784,672.4443647068811
313785,-1136.3466047293634
313786,25.191869822828835
313787,-188.02180274954992
313788,-650.6024093716535
313789,-555.4498867271552
313790,-688.9258660342966
313791,472.6126085178954
313792,259.39893594551666
313793,-203.1816706765867
313794,-108.02914803208853
313795,-533.3446981961108
313796,628.1937763560812
313797,414.98010378370253
313798,-47.60050283840087
313799,47.55201980609729
313800,369.8172777581954
313801,1531.3557523103873
313802,1318.1420797380088
313803,855.5614731159055
313804,950.7139957604036
313805,817.238016453262
313806,1978.776491005454
313807,1765.5628184330753
313808,1302.982211810972
313809,1398.1347344554702
313810,972.8191842914479
313811,2134.35765884364
313812,1921.1439862712612
313813,1458.563379649158
313814,1553.715902293656
313815,-190.6603605534042
313816,970.878113998788
313817,757.6644414264092
313818,295.08383480430587
313819,390.23635744880403
313820,256.76037814166256
313821,1418.2988526938545
313822,1205.0851801214758
313823,742.5045734993726
313824,837.6570961438707
313825,412.3415459798483
313826,1573.8800205320404
313827,1360.6663479596618
313828,898.0857413375584
313829,993.2382639820565
313830,-224.72455597624867
313831,936.8139185759434
313832,723.6002460035646
313833,261.01963938146133
313834,356.1721620259595
313835,222.6961827188179
313836,1384.23465727101
313837,1171.0209846986313
313838,708.4403780765278
313839,803.5929007210261
313840,378.27735055700373
313841,1539.8158251091959
313842,1326.6021525368171
313843,864.0215459147137
313844,959.174068559212
313845,-216.65121803497232
313846,944.8872565172196
313847,731.673583944841
313848,269.0929773227376
313849,364.2454999672358
313850,230.76952066009426
313851,1392.3079952122862
313852,1179.0943226399077
313853,716.5137160178042
313854,811.6662386623024
313855,386.3506884982801
313856,1547.8891630504722
313857,1334.6754904780933
313858,872.09488385599
313859,967.2474065004882
313860,-422.5829063565768
313861,738.9555681956153
313862,525.7418956232366
313863,63.16128900113324
313864,158.3138116456314
313865,24.837832338489875
313866,1186.376306890682
313867,973.1626343183032
313868,510.5820276961999
313869,605.734550340698
313870,180.4190001766757
313871,1341.9574747288677
313872,1128.743802156489
313873,666.1631955343856
313874,761.3157181788838
313875,-1047.4752512573602
313876,114.06322329483169
313877,-99.15044927754707
313878,-561.7310558996503
313879,-466.578533255152
313880,-600.0545125622937
313881,561.4839619898983
313882,348.27028941751956
313883,-114.31031720458373
313884,-19.157794560085676
313885,-444.4733447241081
313886,717.0651298280841
313887,503.8514572557053
313888,41.27085063360198
313889,136.42337327810014
313890,458.6886312301983
313891,1620.2271057823905
313892,1407.0134332100117
313893,944.4328265879084
313894,1039.5853492324065
313895,906.1093699252649
313896,2067.647844477457
313897,1854.4341719050783
313898,1391.853565282975
313899,1487.0060879274731
313900,1061.6905377634507
313901,2223.2290123156426
313902,2010.0153397432641
313903,1547.4347331211607
313904,1642.587255765659
313905,-101.78900708140111
313906,1059.749467470791
313907,846.5357948984122
313908,383.95518827630883
313909,479.107710920807
313910,345.63173161366547
313911,1507.1702061658575
313912,1293.9565335934788
313913,831.3759269713754
313914,926.5284496158736
313915,501.2128994518513
313916,1662.7513740040433
313917,1449.5377014316646
313918,986.9570948095612
313919,1082.1096174540594
313920,-212.38530750297286
313921,949.1531670492192
313922,735.9394944768404
313923,273.35888785473713
313924,368.5114104992353
313925,235.03543119209382
313926,1396.5739057442856
313927,1183.360233171907
313928,720.7796265498038
313929,815.9321491943019
313930,390.6165990302796
313931,1552.1550735824717
313932,1338.941401010093
313933,876.3607943879895
313934,971.5133170324876
313935,-204.31196956169651
313936,957.2265049904954
313937,744.0128324181167
313938,281.4322257960134
313939,376.5847484405116
313940,243.10876913337
313941,1404.647243685562
313942,1191.4335711131832
313943,728.85296449108
313944,824.0054871355782
313945,398.6899369715558
313946,1560.2284115237478
313947,1347.014738951369
313948,884.4341323292658
313949,979.586654973764
313950,-410.2436578833008
313951,751.2948166688911
313952,538.0811440965124
313953,75.50053747440916
313954,170.65306011890732
313955,37.17708081176579
313956,1198.7155553639577
313957,985.501882791579
313958,522.9212761694757
313959,618.0737988139738
313960,192.7582486499516
313961,1354.2967232021438
313962,1141.0830506297648
313963,678.5024440076614
313964,773.6549666521596
313965,-1035.1360027840844
313966,126.40247176810749
313967,-86.81120080427115
313968,-549.3918074263745
313969,-454.23928478187645
313970,-587.7152640890179
313971,573.8232104631741
313972,360.6095378907953
313973,-101.97106873130792
313974,-6.818546086809761
313975,-432.13409625083204
313976,729.4043783013599
313977,516.1907057289811
313978,53.6100991068779
313979,148.76262175137606
313980,471.0278797034742
313981,1632.5663542556663
313982,1419.3526816832873
313983,956.7720750611841
313984,1051.9245977056823
313985,918.4486183985407
313986,2079.9870929507324
313987,1866.773420378354
313988,1404.1928137562509
313989,1499.345336400749
313990,1074.0297862367265
313991,2235.5682607889185
313992,2022.35458821654
313993,1559.7739815944365
313994,1654.9265042389347
313995,-89.44975860812542
313996,1072.0887159440667
313997,858.8750433716879
313998,396.2944367495846
313999,491.44695939408274
314000,357.9709800869412
314001,1519.5094546391333
314002,1306.2957820667543
314003,843.7151754446512
314004,938.8676980891494
314005,513.552147925127
314006,1675.090622477319
314007,1461.8769499049404
314008,999.2963432828369
314009,1094.4488659273352
314010,-362.9444389059363
314011,798.5940356462556
314012,585.3803630738769
314013,122.79975645177365
314014,217.9522790962718
314015,84.47629978913028
314016,1246.0147743413222
314017,1032.8011017689437
314018,570.2204951468402
314019,665.3730177913384
314020,240.0574676273161
314021,1401.5959421795083
314022,1188.3822696071295
314023,725.801662985026
314024,820.9541856295242
314025,-354.87110096465995
314026,806.667373587532
314027,593.4537010151532
314028,130.87309439304988
314029,226.02561703754805
314030,92.54963773040663
314031,1254.0881122825986
314032,1040.8744397102198
314033,578.2938330881166
314034,673.4463557326147
314035,248.13080556859245
314036,1409.6692801207846
314037,1196.4556075484056
314038,733.8750009263024
314039,829.0275235708006
314040,-560.8027892862644
314041,600.7356852659276
314042,387.5220126935489
314043,-75.05859392855439
314044,20.093928715943775
314045,-113.38205059119775
314046,1048.1564239609943
314047,834.9427513886155
314048,372.3621447665122
314049,467.51466741101035
314050,42.19911724698818
314051,1203.73759179918
314052,990.5239192268014
314053,527.943312604698
314054,623.0958352491962
314055,-1185.6951341870479
314056,-24.15665963485594
314057,-237.3703322072347
314058,-699.9509388293379
314059,-604.7984161848399
314060,-738.2743954919813
314061,423.26407906021063
314062,210.05040648783188
314063,-252.53020013427147
314064,-157.3776774897733
314065,-582.6932276537957
314066,578.8452468983965
314067,365.63157432601776
314068,-96.94903229608565
314069,-1.7965096515874848
314070,320.46874830051064
314071,1482.0072228527026
314072,1268.7935502803239
314073,806.2129436582206
314074,901.3654663027187
314075,767.8894869955773
314076,1929.4279615477692
314077,1716.2142889753904
314078,1253.6336823532874
314079,1348.7862049977853
314080,923.4706548337631
314081,2085.009129385955
314082,1871.7954568135765
314083,1409.214850191473
314084,1504.3673728359713
314085,-240.00889001108885
314086,921.5295845411031
314087,708.3159119687244
314088,245.7353053466211
314089,340.88782799111925
314090,207.41184868397772
314091,1368.9503232361699
314092,1155.736650663791
314093,693.1560440416878
314094,788.3085666861858
314095,362.99301652216354
314096,1524.5314910743555
314097,1311.317818501977
314098,848.7372118798735
314099,943.8897345243718
314100,-350.6051904326605
314101,810.9332841195315
314102,597.7196115471528
314103,135.13900492504945
314104,230.2915275695476
314105,96.81554826240608
314106,1258.354022814598
314107,1045.1403502422195
314108,582.559743620116
314109,677.7122662646142
314110,252.3967161005919
314111,1413.935190652784
314112,1200.7215180804053
314113,738.1409114583018
314114,833.2934341028
314115,-342.53185249138414
314116,819.0066220608078
314117,605.792949488429
314118,143.2123428663258
314119,238.36486551082385
314120,104.88888620368243
314121,1266.4273607558744
314122,1053.2136881834956
314123,590.6330815613924
314124,685.7856042058905
314125,260.47005404186825
314126,1422.0085285940604
314127,1208.7948560216814
314128,746.2142493995782
314129,841.3667720440764
314130,-548.4635408129886
314131,613.0749337392035
314132,399.8612611668247
314133,-62.719345455278585
314134,32.43317718921958
314135,-101.04280211792195
314136,1060.49567243427
314137,847.2819998618913
314138,384.701393239788
314139,479.85391588428615
314140,54.53836572026387
314141,1216.076840272456
314142,1002.8631677000772
314143,540.2825610779738
314144,635.435083722472
314145,-1173.355885713772
314146,-11.81741116158014
314147,-225.0310837339589
314148,-687.6116903560621
314149,-592.4591677115641
314150,-725.9351470187055
314151,435.60332753348644
314152,222.38965496110768
314153,-240.19095166099555
314154,-145.0384290164975
314155,-570.3539791805199
314156,591.1844953716723
314157,377.9708227992935
314158,-84.60978382280985
314159,10.542738821688317
314160,332.80799677378644
314161,1494.3464713259784
314162,1281.1327987535997
314163,818.5521921314964
314164,913.7047147759947
314165,780.2287354688531
314166,1941.7672100210452
314167,1728.5535374486665
314168,1265.9729308265632
314169,1361.1254534710613
314170,935.8099033070389
314171,2097.348377859231
314172,1884.134705286852
314173,1421.5540986647488
314174,1516.706621309247
314175,-227.66964153781305
314176,933.868833014379
314177,720.6551604420002
314178,258.0745538198969
314179,353.22707646439505
314180,219.75109715725353
314181,1381.2895717094457
314182,1168.0758991370667
314183,705.4952925149636
314184,800.6478151594616
314185,375.33226499543935
314186,1536.8707395476315
314187,1323.6570669752527
314188,861.0764603531493
314189,956.2289829976476
314190,-338.2659419593849
314191,823.2725325928072
314192,610.0588600204285
314193,147.47825339832525
314194,242.63077604282336
314195,109.15479673568177
314196,1270.6932712878738
314197,1057.4795987154953
314198,594.8989920933918
314199,690.05151473789
314200,264.7359645738677
314201,1426.2744391260599
314202,1213.0607665536809
314203,750.4801599315776
314204,845.6326825760758
314205,-330.19260401810857
314206,831.3458705340836
314207,618.1321979617048
314208,155.5515913396015
314209,250.70411398409965
314210,117.22813467695812
314211,1278.7666092291502
314212,1065.5529366567714
314213,602.9723300346682
314214,698.1248526791663
314215,272.80930251514405
314216,1434.347777067336
314217,1221.1341044949572
314218,758.553497872854
314219,853.7060205173522
314220,-536.1242923397128
314221,625.4141822124792
314222,412.20050964010056
314223,-50.38009698200278
314224,44.77242566249538
314225,-88.70355364464626
314226,1072.834920907546
314227,859.6212483351671
314228,397.0406417130638
314229,492.19316435756195
314230,66.87761419353967
314231,1228.4160887457317
314232,1015.202416173353
314233,552.6218095512496
314234,647.7743321957478
314235,-1161.0166372404965
314236,0.521837311695549
314237,-212.6918352606832
314238,-675.2724418827866
314239,-580.1199192382883
314240,-713.5958985454297
314241,447.9425760067622
314242,234.72890343438348
314243,-227.85170318771975
314244,-132.6991805432216
314245,-558.0147307072441
314246,603.5237438449481
314247,390.3100712725693
314248,-72.27053534953404
314249,22.88198729496412
314250,345.1472452470622
314251,1506.6857197992545
314252,1293.4720472268755
314253,830.8914406047722
314254,926.0439632492704
314255,792.5679839421288
314256,1954.1064584943208
314257,1740.892785921942
314258,1278.3121792998388
314259,1373.4647019443369
314260,948.1491517803147
314261,2109.6876263325066
314262,1896.473953760128
314263,1433.8933471380246
314264,1529.045869782523
314265,-215.33039306453725
314266,946.2080814876548
314267,732.994408915276
314268,270.4138022931727
314269,365.56632493767086
314270,232.09034563052933
314271,1393.6288201827215
314272,1180.4151476103427
314273,717.8345409882394
314274,812.9870636327375
314275,387.67151346871526
314276,1549.209988020907
314277,1335.9963154485285
314278,873.4157088264252
314279,968.5682314709234
314280,-325.9266934861089
314281,835.611781066083
314282,622.3981084937043
314283,159.81750187160105
314284,254.97002451609916
314285,121.49404520895769
314286,1283.0325197611496
314287,1069.818847188771
314288,607.2382405666676
314289,702.3907632111658
314290,277.0752130471435
314291,1438.6136875993357
314292,1225.400015026957
314293,762.8194084048534
314294,857.9719310493516
314295,-317.85335554483254
314296,843.6851190073594
314297,630.4714464349806
314298,167.8908398128773
314299,263.04336245737545
314300,129.56738315023404
314301,1291.105857702426
314302,1077.8921851300472
314303,615.311578507944
314304,710.4641011524421
314305,285.14855098841986
314306,1446.687025540612
314307,1233.473352968233
314308,770.8927463461298
314309,866.045268990628
314310,-523.785043866437
314311,637.753430685755
314312,424.53975811337625
314313,-38.040848508727095
314314,57.11167413577118
314315,-76.36430517137035
314316,1085.1741693808217
314317,871.9604968084429
314318,409.3798901863396
314319,504.53241283083776
314320,79.21686266681559
314321,1240.7553372190075
314322,1027.5416646466288
314323,564.9610580245254
314324,660.1135806690236
314325,-1148.6773887672207
314326,12.861085784971465
314327,-200.3525867874073
314328,-662.9331934095107
314329,-567.7806707650127
314330,-701.2566500721539
314331,460.28182448003804
314332,247.06815190765928
314333,-215.51245471444406
314334,-120.3599320699459
314335,-545.6754822339683
314336,615.8629923182239
314337,402.6493197458451
314338,-59.931286876258355
314339,35.22123576823992
314340,357.48649372033805
314341,1519.02496827253
314342,1305.8112957001513
314343,843.230689078048
314344,938.3832117225461
314345,804.9072324154047
314346,1966.4457069675966
314347,1753.2320343952179
314348,1290.6514277731148
314349,1385.8039504176127
314350,960.4884002535905
314351,2122.0268748057824
314352,1908.813202233404
314353,1446.2325956113004
314354,1541.3851182557987
314355,-202.99114459126145
314356,958.5473299609305
314357,745.3336573885518
314358,282.7530507664485
314359,377.90557341094666
314360,244.42959410380513
314361,1405.9680686559973
314362,1192.7543960836183
314363,730.1737894615152
314364,825.3263121060132
314365,400.01076194199095
314366,1561.5492364941829
314367,1348.3355639218044
314368,885.7549572997009
314369,980.9074799441992
314370,-313.5874450128331
314371,847.9510295393588
314372,634.7373569669802
314373,172.15675034487685
314374,267.309272989375
314375,133.8332936822335
314376,1295.3717682344254
314377,1082.158095662047
314378,619.5774890399434
314379,714.7300116844416
314380,289.4144615204193
314381,1450.9529360726115
314382,1237.7392635002325
314383,775.1586568781292
314384,870.3111795226274
314385,-305.51410707155674
314386,856.0243674806352
314387,642.8106949082564
314388,180.2300882861531
314389,275.3826109306513
314390,141.90663162350984
314391,1303.4451061757018
314392,1090.231433603323
314393,627.6508269812198
314394,722.8033496257179
314395,297.48779946169566
314396,1459.0262740138878
314397,1245.8126014415088
314398,783.2319948194056
314399,878.3845174639038
314400,-511.44579539316123
314401,650.0926791590309
314402,436.8790065866521
314403,-25.70160003545118
314404,69.45092260904698
314405,-64.02505669809455
314406,1097.5134178540975
314407,884.2997452817187
314408,421.7191386596154
314409,516.8716613041136
314410,91.55611114009128
314411,1253.0945856922833
314412,1039.8809131199046
314413,577.3003064978012
314414,672.4528291422994
314415,-1136.3381402939447
314416,25.200334258247267
314417,-188.0133383141315
314418,-650.5939449362347
314419,-555.4414222917367
314420,-688.9174015988781
314421,472.62107295331384
314422,259.4074003809351
314423,-203.17320624116826
314424,-108.0206835966701
314425,-533.3362337606925
314426,628.2022407914997
314427,414.9885682191209
314428,-47.59203840298244
314429,47.560484241515724
314430,369.82574219361385
314431,1531.3642167458058
314432,1318.150544173427
314433,855.5699375513238
314434,950.7224601958219
314435,817.2464808886805
314436,1978.7849554408724
314437,1765.5712828684937
314438,1302.9906762463906
314439,1398.1431988908885
314440,972.8276487268663
314441,2134.3661232790582
314442,1921.1524507066795
314443,1458.5718440845762
314444,1553.7243667290745
314445,-190.65189611798564
314446,970.8865784342064
314447,757.6729058618276
314448,295.0922992397243
314449,390.24482188422246
314450,256.76884257708093
314451,1418.307317129273
314452,1205.093644556894
314453,742.513037934791
314454,837.665560579289
314455,412.35001041526675
314456,1573.888484967459
314457,1360.6748123950802
314458,898.0942057729767
314459,993.246728417475
314460,-224.71609154083035
314461,936.8223830113618
314462,723.608710438983
314463,261.0281038168797
314464,356.18062646137787
314465,222.70464715423634
314466,1384.2431217064284
314467,1171.0294491340496
314468,708.4488425119463
314469,803.6013651564444
314470,378.2858149924221
314471,1539.8242895446142
314472,1326.6106169722354
314473,864.0300103501321
314474,959.1825329946303
314475,-216.642753599554
314476,944.895720952638
314477,731.6820483802593
314478,269.101441758156
314479,364.25396440265416
314480,230.7779850955127
314481,1392.3164596477045
314482,1179.102787075326
314483,716.5221804532226
314484,811.6747030977208
314485,386.35915293369845
314486,1547.8976274858906
314487,1334.6839549135118
314488,872.1033482914083
314489,967.2558709359066
314490,-422.57444192115827
314491,738.9640326310338
314492,525.750360058655
314493,63.16975343655167
314494,158.32227608104984
314495,24.846296773908307
314496,1186.3847713261002
314497,973.1710987537215
314498,510.59049213161825
314499,605.7430147761164
314500,180.42746461209413
314501,1341.9659391642863
314502,1128.7522665919073
314503,666.1716599698041
314504,761.3241826143022
314505,-1047.466786821942
314506,114.07168773025
314507,-99.14198484212864
314508,-561.722591464232
314509,-466.5700688197337
314510,-600.0460481268753
314511,561.4924264253166
314512,348.27875385293794
314513,-114.3018527691653
314514,-19.149330124667244
314515,-444.4648802886895
314516,717.0735942635024
314517,503.85992169112376
314518,41.27931506902041
314519,136.43183771351858
314520,458.6970956656167
314521,1620.2355702178088
314522,1407.02189764543
314523,944.4412910233268
314524,1039.5938136678249
314525,906.1178343606832
314526,2067.6563089128754
314527,1854.4426363404966
314528,1391.8620297183934
314529,1487.0145523628917
314530,1061.699002198869
314531,2223.237476751061
314532,2010.0238041786827
314533,1547.4431975565792
314534,1642.5957202010773
314535,-101.78054264598268
314536,1059.7579319062093
314537,846.5442593338305
314538,383.9636527117272
314539,479.11617535622537
314540,345.64019604908384
314541,1507.1786706012758
314542,1293.964998028897
314543,831.3843914067938
314544,926.5369140512919
314545,501.22136388726966
314546,1662.7598384394616
314547,1449.546165867083
314548,986.9655592449797
314549,1082.1180818894777
314550,-212.37684306755443
314551,949.1616314846376
314552,735.9479589122587
314553,273.3673522901555
314554,368.51987493465367
314555,235.04389562751214
314556,1396.5823701797042
314557,1183.3686976073254
314558,720.7880909852221
314559,815.9406136297202
314560,390.625063465698
314561,1552.16353801789
314562,1338.9498654455113
314563,876.369258823408
314564,971.5217814679061
314565,-204.3035051262782
314566,957.2349694259138
314567,744.0212968535351
314568,281.44069023143174
314569,376.59321287592996
314570,243.11723356878844
314571,1404.6557081209805
314572,1191.4420355486018
314573,728.8614289264984
314574,824.0139515709966
314575,398.69840140697426
314576,1560.2368759591664
314577,1347.0232033867874
314578,884.4425967646843
314579,979.5951194091824
314580,-410.23519344788247
314581,751.3032811043095
314582,538.0896085319307
314583,75.50900190982748
314584,170.66152455432564
314585,37.18554524718411
314586,1198.724019799376
314587,985.5103472269974
314588,522.929740604894
314589,618.0822632493922
314590,192.76671308536993
314591,1354.305187637562
314592,1141.091515065183
314593,678.5109084430799
314594,773.663431087578
314595,-1035.1275383486661
314596,126.41093620352592
314597,-86.80273636885283
314598,-549.3833429909562
314599,-454.23082034645813
314600,-587.7067996535995
314601,573.8316748985925
314602,360.61800232621374
314603,-101.9626042958896
314604,-6.810081651391442
314605,-432.1256318154137
314606,729.4128427367783
314607,516.1991701643996
314608,53.618563542296215
314609,148.77108618679438
314610,471.03634413889256
314611,1632.5748186910846
314612,1419.3611461187058
314613,956.7805394966025
314614,1051.9330621411007
314615,918.4570828339591
314616,2079.995557386151
314617,1866.7818848137724
314618,1404.2012781916692
314619,1499.3538008361672
314620,1074.038250672145
314621,2235.5767252243368
314622,2022.3630526519582
314623,1559.782446029855
314624,1654.934968674353
314625,-89.4412941727071
314626,1072.097180379485
314627,858.8835078071063
314628,396.30290118500295
314629,491.4554238295011
314630,357.97944452235964
314631,1519.5179190745516
314632,1306.3042465021729
314633,843.7236398800696
314634,938.8761625245677
314635,513.5606123605454
314636,1675.0990869127374
314637,1461.8854143403587
314638,999.3048077182555
314639,1094.4573303627535
314640,-362.935974470518
314641,798.6025000816741
314642,585.3888275092954
314643,122.80822088719208
314644,217.96074353169024
314645,84.48476422454871
314646,1246.0232387767408
314647,1032.809566204362
314648,570.2289595822587
314649,665.3814822267568
314650,240.06593206273453
314651,1401.6044066149266
314652,1188.3907340425478
314653,725.8101274204445
314654,820.9626500649426
314655,-354.8626365292416
314656,806.6758380229504
314657,593.4621654505717
314658,130.88155882846831
314659,226.03408147296648
314660,92.55810216582506
314661,1254.096576718017
314662,1040.8829041456383
314663,578.302297523535
314664,673.4548201680332
314665,248.13927000401088
314666,1409.677744556203
314667,1196.4640719838242
314668,733.8834653617207
314669,829.035988006219
314670,-560.7943248508459
314671,600.744149701346
314672,387.53047712896733
314673,-75.05012949313596
314674,20.102393151362207
314675,-113.37358615577932
314676,1048.1648883964126
314677,834.951215824034
314678,372.3706092019306
314679,467.5231318464288
314680,42.2075816824065
314681,1203.7460562345987
314682,990.5323836622198
314683,527.9517770401164
314684,623.1042996846146
314685,-1185.6866697516296
314686,-24.14819519943751
314687,-237.36186777181626
314688,-699.9424743939196
314689,-604.7899517494216
314690,-738.265931056563
314691,423.27254349562907
314692,210.0588709232503
314693,-252.52173569885304
314694,-157.36921305435487
314695,-582.6847632183772
314696,578.8537113338149
314697,365.64003876143613
314698,-96.94056786066722
314699,-1.7880452161690528
314700,320.4772127359291
314701,1482.0156872881212
314702,1268.8020147157424
314703,806.2214080936391
314704,901.3739307381372
314705,767.8979514309957
314706,1929.4364259831877
314707,1716.222753410809
314708,1253.6421467887058
314709,1348.7946694332038
314710,923.4791192691815
314711,2085.0175938213733
314712,1871.8039212489948
314713,1409.2233146268916
314714,1504.3758372713896
314715,-240.00042557567053
314716,921.5380489765216
314717,708.3243764041429
314718,245.74376978203952
314719,340.8962924265377
314720,207.42031311939616
314721,1368.9587876715882
314722,1155.7451150992094
314723,693.1645084771061
314724,788.3170311216043
314725,363.001480957582
314726,1524.539955509774
314727,1311.3262829373953
314728,848.7456763152919
314729,943.8981989597901
314730,-350.5967259972422
314731,810.9417485549499
314732,597.7280759825712
314733,135.14746936046777
314734,230.29999200496593
314735,96.8240126978244
314736,1258.3624872500163
314737,1045.1488146776378
314738,582.5682080555345
314739,677.7207307000326
314740,252.40518053601033
314741,1413.9436550882024
314742,1200.7299825158236
314743,738.1493758937203
314744,833.3018985382184
314745,-342.5233880559658
314746,819.0150864962262
314747,605.8014139238475
314748,143.22080730174412
314749,238.37332994624228
314750,104.89735063910075
314751,1266.4358251912927
314752,1053.2221526189142
314753,590.6415459968108
314754,685.794068641309
314755,260.4785184772867
314756,1422.0169930294787
314757,1208.8033204571
314758,746.2227138349966
314759,841.3752364794948
314760,-548.4550763775701
314761,613.0833981746218
314762,399.86972560224314
314763,-62.71088101986015
314764,32.44164162463801
314765,-101.03433768250352
314766,1060.5041368696884
314767,847.2904642973098
314768,384.7098576752064
314769,479.8623803197046
314770,54.5468301556823
314771,1216.0853047078742
314772,1002.8716321354956
314773,540.2910255133922
314774,635.4435481578904
314775,-1173.3474212783537
314776,-11.808946726161821
314777,-225.02261929854058
314778,-687.6032259206438
314779,-592.4507032761458
314780,-725.9266825832872
314781,435.61179196890475
314782,222.3981193965261
314783,-240.18248722557723
314784,-145.02996458107907
314785,-570.3455147451014
314786,591.1929598070906
314787,377.97928723471193
314788,-84.60131938739141
314789,10.55120325710675
314790,332.8164612092048
314791,1494.354935761397
314792,1281.141263189018
314793,818.5606565669149
314794,913.713179211413
314795,780.2371999042714
314796,1941.7756744564635
314797,1728.5620018840848
314798,1265.9813952619816
314799,1361.1339179064796
314800,935.8183677424573
314801,2097.356842294649
314802,1884.1431697222706
314803,1421.5625631001674
314804,1516.7150857446654
314805,-227.66117710239473
314806,933.8772974497974
314807,720.6636248774187
314808,258.08301825531527
314809,353.23554089981343
314810,219.75956159267196
314811,1381.298036144864
314812,1168.0843635724852
314813,705.5037569503819
314814,800.6562795948801
314815,375.3407294308578
314816,1536.8792039830498
314817,1323.665531410671
314818,861.0849247885677
314819,956.2374474330659
314820,-338.2574775239664
314821,823.2809970282257
314822,610.0673244558469
314823,147.48671783374357
314824,242.63924047824173
314825,109.1632611711002
314826,1270.7017357232924
314827,1057.4880631509136
314828,594.9074565288103
314829,690.0599791733084
314830,264.7444290092861
314831,1426.2829035614782
314832,1213.0692309890994
314833,750.4886243669961
314834,845.6411470114942
314835,-330.18413958269
314836,831.354334969502
314837,618.1406623971233
314838,155.56005577501992
314839,250.71257841951808
314840,117.23659911237655
314841,1278.7750736645687
314842,1065.56140109219
314843,602.9807944700865
314844,698.1333171145847
314845,272.81776695056243
314846,1434.3562415027545
314847,1221.1425689303758
314848,758.5619623082723
314849,853.7144849527706
314850,-536.1158279042945
314851,625.4226466478976
314852,412.2089740755189
314853,-50.371632546584465
314854,44.7808900979137
314855,-88.69508920922783
314856,1072.8433853429642
314857,859.6297127705855
314858,397.0491061484822
314859,492.20162879298033
314860,66.8860786289581
314861,1228.4245531811503
314862,1015.2108806087714
314863,552.630273986668
314864,647.7827966311662
314865,-1161.0081728050782
314866,0.530301747113981
314867,-212.68337082526477
314868,-675.2639774473682
314869,-580.11145480287
314870,-713.5874341100114
314871,447.9510404421807
314872,234.7373678698018
314873,-227.84323875230143
314874,-132.69071610780327
314875,-558.0062662718258
314876,603.5322082803666
314877,390.31853570798773
314878,-72.26207091411572
314879,22.890451730382438
314880,345.15570968248056
314881,1506.6941842346728
314882,1293.480511662294
314883,830.8999050401906
314884,926.0524276846888
314885,792.5764483775472
314886,1954.1149229297394
314887,1740.9012503573606
314888,1278.3206437352574
314889,1373.4731663797554
314890,948.157616215733
314891,2109.696090767925
314892,1896.4824181955464
314893,1433.9018115734432
314894,1529.0543342179412
314895,-215.32192862911893
314896,946.2165459230732
314897,733.0028733506945
314898,270.42226672859107
314899,365.57478937308923
314900,232.09881006594776
314901,1393.6372846181398
314902,1180.423612045761
314903,717.8430054236578
314904,812.9955280681559
314905,387.67997790413364
314906,1549.2184524563258
314907,1336.0047798839469
314908,873.4241732618436
314909,968.5766959063417
314910,-326.90319310684254
314911,834.6352814453495
314912,621.4216088729708
314913,158.8410022508674
314914,253.99352489536557
314915,120.51754558822415
314916,1282.056020140416
314917,1068.8423475680374
314918,606.261740945934
314919,701.4142635904323
314920,276.09871342641
314921,1437.637187978602
314922,1224.4235154062233
314923,761.8429087841198
314924,856.9954314286181
314925,-318.8298551655662
314926,842.7086193866259
314927,629.4949468142471
314928,166.91434019214375
314929,262.0668628366419
314930,128.5908835295005
314931,1290.1293580816923
314932,1076.9156855093138
314933,614.3350788872103
314934,709.4876015317085
314935,284.1720513676862
314936,1445.7105259198784
314937,1232.4968533474996
314938,769.9162467253961
314939,865.0687693698943
314940,-524.7615434871707
314941,636.7769310650215
314942,423.5632584926427
314943,-39.01734812946063
314944,56.135174515037534
314945,-77.34080479210388
314946,1084.197669760088
314947,870.9839971877093
314948,408.403390565606
314949,503.5559132101041
314950,78.24036304608182
314951,1239.7788375982739
314952,1026.565165025895
314953,563.9845584037918
314954,659.13708104829
314955,-1149.6538883879543
314956,11.884586164237817
314957,-201.32908640814094
314958,-663.9096930302444
314959,-568.7571703857461
314960,-702.2331496928875
314961,459.30532485930445
314962,246.0916522869257
314963,-216.4889543351776
314964,-121.33643169067943
314965,-546.651981854702
314966,614.8864926974902
314967,401.6728201251115
314968,-60.90778649699189
314969,34.24473614750627
314970,356.5099940996045
314971,1518.0484686517966
314972,1304.8347960794179
314973,842.2541894573144
314974,937.4067121018127
314975,803.9307327946711
314976,1965.4692073468632
314977,1752.2555347744844
314978,1289.6749281523812
314979,1384.8274507968792
314980,959.511900632857
314981,2121.0503751850492
314982,1907.8367026126703
314983,1445.2560959905668
314984,1540.408618635065
314985,-203.9676442119951
314986,957.5708303401971
314987,744.3571577678183
314988,281.77655114571485
314989,376.92907379021307
314990,243.45309448307148
314991,1404.9915690352636
314992,1191.7778964628849
314993,729.1972898407815
314994,824.3498124852797
314995,399.0342623212573
314996,1560.5727368734495
314997,1347.3590643010707
314998,884.7784576789674
314999,979.9309803234655
315000,-314.56394463356673
315001,846.9745299186253
315002,633.7608573462466
315003,171.1802507241432
315004,266.33277336864137
315005,132.85679406149984
315006,1294.395268613692
315007,1081.1815960413132
315008,618.6009894192098
315009,713.7535120637081
315010,288.4379618996858
315011,1449.9764364518778
315012,1236.762763879499
315013,774.1821572573957
315014,869.3346799018939
315015,-306.4906066922906
315016,855.0478678599015
315017,641.8341952875229
315018,179.25358866541944
315019,274.40611130991766
315020,140.93013200277608
315021,1302.4686065549681
315022,1089.2549339825896
315023,626.6743273604861
315024,721.8268500049843
315025,296.511299840962
315026,1458.0497743931542
315027,1244.8361018207754
315028,782.255495198672
315029,877.4080178431701
315030,-512.4222950138949
315031,649.1161795382973
315032,435.9025069659185
315033,-26.678099656184713
315034,68.47442298831345
315035,-65.0015563188283
315036,1096.5369182333638
315037,883.3232456609851
315038,420.7426390388818
315039,515.8951616833799
315040,90.57961151935763
315041,1252.11808607155
315042,1038.904413499171
315043,576.3238068770677
315044,671.4763295215658
315045,-1137.3146399146783
315046,24.22383463751362
315047,-188.98983793486502
315048,-651.5704445569684
315049,-556.4179219124703
315050,-689.8939012196117
315051,471.6445733325803
315052,258.43090076020155
315053,-204.1497058619018
315054,-108.99718321740363
315055,-534.3127333814261
315056,627.2257411707661
315057,414.0120685983874
315058,-48.56853802371597
315059,46.58398462078219
315060,368.84924257288026
315061,1530.3877171250724
315062,1317.1740445526934
315063,854.5934379305902
315064,949.7459605750884
315065,816.2699812679468
315066,1977.808455820139
315067,1764.59478324776
315068,1302.0141766256568
315069,1397.1666992701548
315070,971.8511491061328
315071,2133.389623658325
315072,1920.175951085946
315073,1457.5953444638426
315074,1552.7478671083409
315075,-191.6283957387193
315076,969.9100788134728
315077,756.6964062410941
315078,294.11579961899065
315079,389.26832226348887
315080,255.79234295634734
315081,1417.3308175085394
315082,1204.1171449361607
315083,741.5365383140573
315084,836.6890609585555
315085,411.3735107945332
315086,1572.9119853467253
315087,1359.6983127743465
315088,897.1177061522432
315089,992.2702287967413
315090,-225.69259116156388
315091,935.8458833906282
315092,722.6322108182494
315093,260.05160419614606
315094,355.2041268406443
315095,221.7281475335027
315096,1383.2666220856947
315097,1170.052949513316
315098,707.4723428912126
315099,802.6248655357109
315100,377.30931537168857
315101,1538.8477899238806
315102,1325.6341173515018
315103,863.0535107293986
315104,958.2060333738967
315105,-217.61925322028753
315106,943.9192213319045
315107,730.7055487595256
315108,268.12494213742235
315109,363.27746478192057
315110,229.80148547477904
315111,1391.339960026971
315112,1178.1262874545923
315113,715.545680832489
315114,810.6982034769871
315115,385.3826533129649
315116,1546.921127865157
315117,1333.7074552927781
315118,871.1268486706748
315119,966.279371315173
315120,-423.55094154189214
315121,737.9875330103001
315122,524.7738604379213
315123,62.193253815818025
315124,157.3457764603162
315125,23.86979715317466
315126,1185.4082717053668
315127,972.194599132988
315128,509.61399251088466
315129,604.7665151553829
315130,179.45096499136048
315131,1340.9894395435526
315132,1127.7757669711739
315133,665.1951603490704
315134,760.3476829935687
315135,-1048.4432864426756
315136,113.09518810951647
315137,-100.11848446286228
315138,-562.6990910849656
315139,-467.54656844046735
315140,-601.022547747609
315141,560.515926804583
315142,347.30225423220435
315143,-115.27835238989906
315144,-20.125829745400893
315145,-445.4413799094234
315146,716.0970946427689
315147,502.88342207039017
315148,40.302815448286765
315149,135.45533809278493
315150,457.7205960448831
315151,1619.2590705970752
315152,1406.0453980246964
315153,943.4647914025932
315154,1038.6173140470914
315155,905.1413347399497
315156,2066.6798092921417
315157,1853.466136719763
315158,1390.8855300976597
315159,1486.038052742158
315160,1060.7225025781356
315161,2222.260977130328
315162,2009.047304557949
315163,1546.4666979358456
315164,1641.6192205803438
315165,-102.75704226671644
315166,1058.7814322854756
315167,845.5677597130968
315168,382.98715309099356
315169,478.1396757354917
315170,344.66369642835025
315171,1506.2021709805422
315172,1292.9884984081637
315173,830.4078917860602
315174,925.5604144305584
315175,500.244864266536
315176,1661.7833388187282
315177,1448.5696662463492
315178,985.989059624246
315179,1081.141582268744
315180,-213.35334268828797
315181,948.185131863904
315182,734.9714592915252
315183,272.3908526694219
315184,367.5433753139201
315185,234.0673960067786
315186,1395.6058705589708
315187,1182.3921979865918
315188,719.8115913644885
315189,814.9641140089867
315190,389.64856384496443
315191,1551.1870383971564
315192,1337.9733658247778
315193,875.3927592026744
315194,970.5452818471724
315195,-205.28000474701173
315196,956.2584698051803
315197,743.0447972328016
315198,280.4641906106982
315199,375.6167132551964
315200,242.14073394805484
315201,1403.679208500247
315202,1190.4655359278681
315203,727.8849293057648
315204,823.037451950263
315205,397.72190178624066
315206,1559.2603763384327
315207,1346.046703766054
315208,883.4660971439506
315209,978.6186197884488
315210,-411.2116930686161
315211,750.3267814835759
315212,537.1131089111972
315213,74.53250228909383
315214,169.685024933592
315215,36.209045626450575
315216,1197.7475201786426
315217,984.5338476062637
315218,521.9532409841604
315219,617.1057636286587
315220,191.79021346463628
315221,1353.3286880168284
315222,1140.1150154444497
315223,677.5344088223462
315224,772.6869314668445
315225,-1036.1040379693998
315226,125.43443658279227
315227,-87.77923598958648
315228,-550.3598426116898
315229,-455.20731996719155
315230,-588.6832992743332
315231,572.855175277859
315232,359.64150270548015
315233,-102.93910391662325
315234,-7.78658127212509
315235,-433.1021314361474
315236,728.4363431160447
315237,515.222670543666
315238,52.64206392156257
315239,147.79458656606073
315240,470.059844518159
315241,1631.598319070351
315242,1418.3846464979722
315243,955.804039875869
315244,1050.9565625203672
315245,917.4805832132256
315246,2079.0190577654175
315247,1865.8053851930388
315248,1403.2247785709355
315249,1498.3773012154338
315250,1073.0617510514114
315251,2234.6002256036036
315252,2021.3865530312248
315253,1558.8059464091214
315254,1653.9584690536194
315255,-90.41779379344052
315256,1071.1206807587514
315257,857.9070081863727
315258,395.32640156426936
315259,490.4789242087676
315260,357.002944901626
315261,1518.541419453818
315262,1305.3277468814392
315263,842.747140259336
315264,937.8996629038342
315265,512.5841127398119
315266,1674.122587292004
315267,1460.908914719625
315268,998.3283080975218
315269,1093.4808307420199
315270,-363.9124740912514
315271,797.6260004609405
315272,584.4123278885618
315273,121.83172126645843
315274,216.9842439109566
315275,83.50826460381506
315276,1245.046739156007
315277,1031.8330665836284
315278,569.252459961525
315279,664.4049826060232
315280,239.089432442001
315281,1400.627906994193
315282,1187.4142344218144
315283,724.8336277997109
315284,819.9861504442091
315285,-355.8391361499753
315286,805.6993384022168
315287,592.4856658298381
315288,129.90505920773467
315289,225.05758185223294
315290,91.58160254509141
315291,1253.1200770972835
315292,1039.9064045249047
315293,577.3257979028014
315294,672.4783205472995
315295,247.16277038327723
315296,1408.7012449354693
315297,1195.4875723630905
315298,732.9069657409872
315299,828.0594883854853
315300,-561.7708244715795
315301,599.7676500806124
315302,386.55397750823374
315303,-76.0266291138696
315304,19.125893530628673
315305,-114.35008577651297
315306,1047.188388775679
315307,833.9747162033003
315308,371.394109581197
315309,466.54663222569513
315310,41.23108206167285
315311,1202.769556613865
315312,989.5558840414863
315313,526.9752774193828
315314,622.1278000638811
315315,-1186.6631693723632
315316,-25.12469482017127
315317,-238.3383673925498
315318,-700.9189740146533
315319,-605.766451370155
315320,-739.2424306772966
315321,422.2960438748955
315322,209.08237130251678
315323,-253.49823531958657
315324,-158.3457126750884
315325,-583.6612628391108
315326,577.8772117130814
315327,364.66353914070254
315328,-97.91706748140086
315329,-2.764544836902587
315330,319.5007131151955
315331,1481.0391876673875
315332,1267.8255150950088
315333,805.2449084729054
315334,900.3974311174036
315335,766.921451810262
315336,1928.459926362454
315337,1715.2462537900753
315338,1252.665647167972
315339,1347.8181698124702
315340,922.502619648448
315341,2084.04109420064
315342,1870.8274216282614
315343,1408.246815006158
315344,1503.399337650656
315345,-240.97692519640407
315346,920.561549355788
315347,707.3478767834092
315348,244.76727016130587
315349,339.91979280580404
315350,206.4438134986625
315351,1367.9822880508545
315352,1154.7686154784758
315353,692.1880088563726
315354,787.3405315008707
315355,362.02498133684844
315356,1523.5634558890406
315357,1310.3497833166616
315358,847.7691766945584
315359,942.9216993390565
315360,-351.5732256179758
315361,809.9652489342163
315362,596.7515763618376
315363,134.17096973973412
315364,229.3234923842324
315365,95.84751307709087
315366,1257.385987629283
315367,1044.1723150569042
315368,581.5917084348008
315369,676.744231079299
315370,251.42868091527674
315371,1412.9671554674687
315372,1199.75348289509
315373,737.1728762729867
315374,832.3253989174849
315375,-343.4998876766995
315376,818.0385868754927
315377,604.8249143031138
315378,142.24430768101047
315379,237.39683032550863
315380,103.9208510183671
315381,1265.459325570559
315382,1052.2456529981805
315383,589.6650463760772
315384,684.8175690205753
315385,259.502018856553
315386,1421.040493408745
315387,1207.8268208363663
315388,745.246214214263
315389,840.3987368587611
315390,-549.431575998304
315391,612.1068985538883
315392,398.8932259815095
315393,-63.6873806405938
315394,31.46514200390436
315395,-102.01083730323728
315396,1059.5276372489548
315397,846.3139646765761
315398,383.7333580544728
315399,478.88588069897094
315400,53.57033053494865
315401,1215.1088050871408
315402,1001.895132514762
315403,539.3145258926586
315404,634.4670485371568
315405,-1174.3239208990874
315406,-12.785446346895355
315407,-225.9991189192741
315408,-688.5797255413775
315409,-593.4272028968794
315410,-726.9031822040208
315411,434.6352923481712
315412,221.42161977579246
315413,-241.15898684631088
315414,-146.00646420181272
315415,-571.3220143658352
315416,590.216460186357
315417,377.00278761397834
315418,-85.57781900812506
315419,9.574703636373101
315420,331.8399615884712
315421,1493.3784361406633
315422,1280.1647635682846
315423,817.5841569461812
315424,912.7366795906794
315425,779.2607002835379
315426,1940.79917483573
315427,1727.5855022633511
315428,1265.004895641248
315429,1360.1574182857462
315430,934.8418681217238
315431,2096.380342673916
315432,1883.1666701015372
315433,1420.5860634794337
315434,1515.738586123932
315435,-228.63767672312838
315436,932.9007978290638
315437,719.687125256685
315438,257.1065186345816
315439,352.25904127907984
315440,218.7830619719383
315441,1380.3215365241304
315442,1167.1078639517516
315443,704.5272573296484
315444,799.6797799741464
315445,374.3642298101242
315446,1535.9027043623162
315447,1322.6890317899374
315448,860.1084251678342
315449,955.2609478123323
315450,-339.2339771447
315451,822.3044974074921
315452,609.0908248351134
315453,146.51021821301003
315454,241.6627408575082
315455,108.18676155036667
315456,1269.7252361025587
315457,1056.51156353018
315458,593.9309569080766
315459,689.0834795525748
315460,263.7679293885525
315461,1425.3064039407445
315462,1212.0927313683658
315463,749.5121247462625
315464,844.6646473907607
315465,-331.16063920342367
315466,830.3778353487684
315467,617.1641627763897
315468,154.58355615428627
315469,249.7360787987845
315470,116.26009949164302
315471,1277.798574043835
315472,1064.5849014714563
315473,602.004294849353
315474,697.1568174938511
315475,271.8412673298287
315476,1433.3797418820209
315477,1220.1660693096421
315478,757.5854626875388
315479,852.7379853320369
315480,-537.0923275250282
315481,624.4461470271641
315482,411.2324744547853
315483,-51.348132167318
315484,43.80439047718016
315485,-89.67158882996137
315486,1071.8668857222306
315487,858.6532131498519
315488,396.0726065277486
315489,491.22512917224674
315490,65.90957900822434
315491,1227.4480535604166
315492,1014.2343809880377
315493,551.6537743659344
315494,646.8062970104326
315495,-1161.9846724258118
315496,-0.4461978736195533
315497,-213.6598704459983
315498,-676.2404770681019
315499,-581.0879544236036
315500,-714.563933730745
315501,446.974540821447
315502,233.76086824906827
315503,-228.81973837303508
315504,-133.66721572853692
315505,-558.9827658925594
315506,602.5557086596328
315507,389.3420360872541
315508,-73.23857053484926
315509,21.913952109648903
315510,344.179210061747
315511,1505.7176846139391
315512,1292.5040120415604
315513,829.9234054194571
315514,925.0759280639552
315515,791.5999487568137
315516,1953.1384233090057
315517,1739.9247507366272
315518,1277.3441441145237
315519,1372.496666759022
315520,947.1811165949995
315521,2108.7195911471917
315522,1895.505918574813
315523,1432.9253119527095
315524,1528.0778345972076
315525,-216.29842824985258
315526,945.2400463023396
315527,732.0263737299608
315528,269.4457671078575
315529,364.5982897523557
315530,231.1223104452141
315531,1392.6607849974062
315532,1179.4471124250276
315533,716.8665058029242
315534,812.0190284474223
315535,386.70347828339993
315536,1548.2419528355922
315537,1335.0282802632132
315538,872.44767364111
315539,967.6001962856081
315540,-326.894728671424
315541,834.6437458807679
315542,621.4300733083892
315543,158.84946668628572
315544,254.001989330784
315545,120.52601002364247
315546,1282.0644845758345
315547,1068.8508120034558
315548,606.2702053813524
315549,701.4227280258506
315550,276.1071778618284
315551,1437.6456524140203
315552,1224.4319798416418
315553,761.8513732195382
315554,857.0038958640364
315555,-318.82139073014787
315556,842.7170838220442
315557,629.5034112496654
315558,166.92280462756207
315559,262.07532727206024
315560,128.59934796491882
315561,1290.1378225171109
315562,1076.924149944732
315563,614.3435433226288
315564,709.4960659671269
315565,284.18051580310464
315566,1445.7189903552967
315567,1232.505317782918
315568,769.9247111608146
315569,865.0772338053127
315570,-524.7530790517521
315571,636.7853955004398
315572,423.57172292806115
315573,-39.0088836940422
315574,56.14363895045608
315575,-77.33234035668556
315576,1084.2061341955064
315577,870.9924616231277
315578,408.4118550010244
315579,503.56437764552254
315580,78.24882748150026
315581,1239.7873020336924
315582,1026.5736294613137
315583,563.9930228392102
315584,659.1455454837085
315585,-1149.6454239525358
315586,11.893050599656135
315587,-201.3206219727224
315588,-663.9012285948259
315589,-568.7487059503276
315590,-702.2246852574692
315591,459.3137892947229
315592,246.10011672234413
315593,-216.48048989975916
315594,-121.327967255261
315595,-546.6435174192834
315596,614.8949571329088
315597,401.68128456052995
315598,-60.89932206157346
315599,34.25320058292482
315600,356.5184585350229
315601,1518.056933087215
315602,1304.8432605148362
315603,842.2626538927328
315604,937.415176537231
315605,803.9391972300895
315606,1965.4776717822815
315607,1752.2639992099027
315608,1289.6833925877995
315609,1384.8359152322976
315610,959.5203650682754
315611,2121.0588396204676
315612,1907.8451670480888
315613,1445.2645604259853
315614,1540.4170830704834
315615,-203.95917977657678
315616,957.5792947756154
315617,744.3656222032366
315618,281.7850155811333
315619,376.93753822563144
315620,243.4615589184899
315621,1405.000033470682
315622,1191.7863608983032
315623,729.2057542762
315624,824.3582769206981
315625,399.04272675667573
315626,1560.581201308868
315627,1347.367528736489
315628,884.7869221143858
315629,979.939444758884
315630,-314.5554801981482
315631,846.9829943540437
315632,633.769321781665
315633,171.18871515956164
315634,266.3412378040598
315635,132.86525849691827
315636,1294.4037330491103
315637,1081.1900604767316
315638,618.6094538546282
315639,713.7619764991264
315640,288.44642633510415
315641,1449.9849008872961
315642,1236.7712283149174
315643,774.1906216928141
315644,869.3431443373122
315645,-306.48214225687207
315646,855.05633229532
315647,641.8426597229413
315648,179.26205310083787
315649,274.4145757453361
315650,140.9385964381945
315651,1302.4770709903864
315652,1089.263398418008
315653,626.6827917959046
315654,721.8353144404027
315655,296.5197642763804
315656,1458.0582388285725
315657,1244.8445662561937
315658,782.2639596340904
315659,877.4164822785885
315660,-512.4138305784766
315661,649.1246439737157
315662,435.91097140133684
315663,-26.669635220766395
315664,68.48288742373177
315665,-64.99309188340987
315666,1096.5453826687822
315667,883.3317100964035
315668,420.7511034743002
315669,515.9036261187983
315670,90.58807595477606
315671,1252.1265505069682
315672,1038.9128779345895
315673,576.332271312486
315674,671.4847939569843
315675,-1137.30617547926
315676,24.23229907293205
315677,-188.9813734994467
315678,-651.56198012155
315679,-556.409457477052
315680,-689.8854367841934
315681,471.6530377679986
315682,258.43936519562
315683,-204.14124142648336
315684,-108.9887187819852
315685,-534.3042689460076
315686,627.2342056061844
315687,414.0205330338057
315688,-48.560073588297655
315689,46.59244905620062
315690,368.8577070082987
315691,1530.3961815604907
315692,1317.182508988112
315693,854.6019023660086
315694,949.7544250105068
315695,816.2784457033653
315696,1977.8169202555573
315697,1764.6032476831786
315698,1302.0226410610753
315699,1397.1751637055734
315700,971.8596135415512
315701,2133.3980880937434
315702,1920.1844155213644
315703,1457.6038088992611
315704,1552.7563315437592
315705,-191.61993130330086
315706,969.9185432488912
315707,756.7048706765124
315708,294.1242640544091
315709,389.2767866989073
315710,255.80080739176572
315711,1417.3392819439578
315712,1204.125609371579
315713,741.5450027494758
315714,836.6975253939739
315715,411.3819752299516
315716,1572.9204497821436
315717,1359.7067772097648
315718,897.1261705876616
315719,992.2786932321598
315720,-225.68412672614545
315721,935.8543478260466
315722,722.6406752536678
315723,260.0600686315645
315724,355.2125912760627
315725,221.73661196892112
315726,1383.2750865211133
315727,1170.0614139487343
315728,707.4808073266311
315729,802.6333299711293
315730,377.31777980710694
315731,1538.8562543592989
315732,1325.6425817869203
315733,863.0619751648169
315734,958.214497809315
315735,-217.6107887848691
315736,943.9276857673228
315737,730.7140131949441
315738,268.1334065728408
315739,363.285929217339
315740,229.80994991019747
315741,1391.3484244623896
315742,1178.1347518900106
315743,715.5541452679074
315744,810.7066679124056
315745,385.3911177483833
315746,1546.9295923005752
315747,1333.7159197281967
315748,871.1353131060932
315749,966.2878357505914
315750,-423.5424771064736
315751,737.9959974457186
315752,524.7823248733398
315753,62.20171825123634
315754,157.35424089573462
315755,23.87826158859309
315756,1185.4167361407851
315757,972.2030635684064
315758,509.62245694630303
315759,604.7749795908012
315760,179.4594294267788
315761,1340.997903978971
315762,1127.7842314065922
315763,665.2036247844889
315764,760.356147428987
315765,-1048.4348220072573
315766,113.1036525449349
315767,-100.11002002744385
315768,-562.6906266495473
315769,-467.53810400504904
315770,-601.0140833121907
315771,560.5243912400015
315772,347.3107186676227
315773,-115.26988795448062
315774,-20.11736530998246
315775,-445.43291547400486
315776,716.1055590781873
315777,502.89188650580854
315778,40.31127988370508
315779,135.46380252820336
315780,457.72906048030154
315781,1619.2675350324937
315782,1406.053862460115
315783,943.4732558380116
315784,1038.6257784825098
315785,905.1497991753681
315786,2066.68827372756
315787,1853.4746011551815
315788,1390.893994533078
315789,1486.0465171775763
315790,1060.730967013554
315791,2222.269441565746
315792,2009.0557689933673
315793,1546.475162371264
315794,1641.6276850157622
315795,-102.74857783129801
315796,1058.7898967208941
315797,845.5762241485154
315798,382.995617526412
315799,478.14814017091015
315800,344.6721608637686
315801,1506.2106354159607
315802,1292.996962843582
315803,830.4163562214786
315804,925.5688788659768
315805,500.2533287019544
315806,1661.7918032541465
315807,1448.5781306817678
315808,985.9975240596643
315809,1081.1500467041626
315810,-213.34487825286953
315811,948.1935962993223
315812,734.9799237269436
315813,272.39931710484035
315814,367.5518397493385
315815,234.07586044219704
315816,1395.614334994389
315817,1182.40066242201
315818,719.8200557999069
315819,814.9725784444051
315820,389.65702828038286
315821,1551.195502832575
315822,1337.9818302601961
315823,875.4012236380927
315824,970.553746282591
315825,-205.2715403115933
315826,956.2669342405986
315827,743.05326166822
315828,280.47265504611664
315829,375.6251776906148
315830,242.14919838347328
315831,1403.6876729356654
315832,1190.4740003632865
315833,727.8933937411832
315834,823.0459163856814
315835,397.7303662216591
315836,1559.268840773851
315837,1346.0551682014725
315838,883.474561579369
315839,978.6270842238672
315840,-411.20322863319757
315841,750.3352459189944
315842,537.1215733466156
315843,74.54096672451226
315844,169.69348936901042
315845,36.21751006186901
315846,1197.755984614061
315847,984.5423120416822
315848,521.9617054195788
315849,617.114228064077
315850,191.7986779000547
315851,1353.3371524522468
315852,1140.123479879868
315853,677.5428732577647
315854,772.6953959022628
315855,-1036.0955735339815
315856,125.44290101821059
315857,-87.77077155416805
315858,-550.3513781762715
315859,-455.19885553177323
315860,-588.6748348389146
315861,572.8636397132773
315862,359.6499671408986
315863,-102.93063948120471
315864,-7.778116836706658
315865,-433.09366700072883
315866,728.4448075514631
315867,515.2311349790843
315868,52.650528356981
315869,147.80305100147916
315870,470.06830895357746
315871,1631.6067835057693
315872,1418.3931109333907
315873,955.8125043112874
315874,1050.9650269557856
315875,917.489047648644
315876,2079.027522200836
315877,1865.8138496284573
315878,1403.2332430063539
315879,1498.3857656508521
315880,1073.07021548683
315881,2234.608690039022
315882,2021.3950174666431
315883,1558.81441084454
315884,1653.966933489038
315885,-90.4093293580222
315886,1071.1291451941697
315887,857.9154726217912
315888,395.3348659996878
315889,490.487388644186
315890,357.0114093370444
315891,1518.5498838892365
315892,1305.3362113168578
315893,842.7556046947544
315894,937.9081273392526
315895,512.5925771752302
315896,1674.1310517274223
315897,1460.9173791550436
315898,998.3367725329401
315899,1093.4892951774384
315900,-363.9040096558331
315901,797.634464896359
315902,584.4207923239802
315903,121.84018570187686
315904,216.99270834637503
315905,83.5167290392335
315906,1245.0552035914254
315907,1031.8415310190467
315908,569.2609243969434
315909,664.4134470414416
315910,239.09789687741932
315911,1400.6363714296112
315912,1187.4226988572327
315913,724.8420922351293
315914,819.9946148796274
315915,-355.83067171455673
315916,805.7078028376352
315917,592.4941302652564
315918,129.9135236431531
315919,225.06604628765126
315920,91.59006698050985
315921,1253.1285415327018
315922,1039.914868960323
315923,577.3342623382198
315924,672.486784982718
315925,247.1712348186956
315926,1408.7097093708876
315927,1195.496036798509
315928,732.9154301764056
315929,828.0679528209038
315930,-561.7623600361612
315931,599.7761145160309
315932,386.56244194365206
315933,-76.01816467845128
315934,19.13435796604699
315935,-114.34162134109454
315936,1047.1968532110975
315937,833.9831806387187
315938,371.4025740166154
315939,466.55509666111357
315940,41.23954649709128
315941,1202.7780210492833
315942,989.5643484769046
315943,526.9837418548012
315944,622.1362644992994
315945,-1186.6547049369449
315946,-25.116230384752726
315947,-238.32990295713148
315948,-700.9105095792349
315949,-605.7579869347367
315950,-739.2339662418781
315951,422.3045083103138
315952,209.0908357379352
315953,-253.48977088416814
315954,-158.33724823966998
315955,-583.6527984036923
315956,577.8856761484997
315957,364.6720035761209
315958,-97.90860304598243
315959,-2.756080401484269
315960,319.5091775506139
315961,1481.0476521028058
315962,1267.8339795304273
315963,805.2533729083239
315964,900.405895552822
315965,766.9299162456805
315966,1928.4683907978724
315967,1715.254718225494
315968,1252.6741116033904
315969,1347.8266342478887
315970,922.5110840838663
315971,2084.0495586360585
315972,1870.8358860636797
315973,1408.2552794415762
315974,1503.4078020860745
315975,-240.96846076098564
315976,920.5700137912064
315977,707.3563412188277
315978,244.7757345967243
315979,339.92825724122247
315980,206.45227793408094
315981,1367.9907524862729
315982,1154.7770799138943
315983,692.1964732917909
315984,787.348995936289
315985,362.0334457722668
315986,1523.571920324459
315987,1310.3582477520802
315988,847.7776411299767
315989,942.930163774475
315990,-351.5647611825573
315991,809.9737133696347
315992,596.7600407972559
315993,134.17943417515266
315994,229.33195681965083
315995,95.8559775125093
315996,1257.3944520647015
315997,1044.1807794923225
315998,581.6001728702192
315999,676.7526955147174
316000,251.43714535069512
316001,1412.975619902887
316002,1199.7619473305085
316003,737.1813407084051
316004,832.3338633529032
316005,-343.49142324128115
316006,818.047051310911
316007,604.8333787385322
316008,142.2527721164289
316009,237.40529476092706
316010,103.92931545378553
316011,1265.4677900059776
316012,1052.2541174335988
316013,589.6735108114956
316014,684.8260334559938
316015,259.51048329197135
316016,1421.0489578441634
316017,1207.8352852717849
316018,745.2546786496814
316019,840.4072012941796
316020,-549.4231115628854
316021,612.1153629893067
316022,398.9016904169279
316023,-63.67891620517548
316024,31.473606439322793
316025,-102.00237286781885
316026,1059.5361016843733
316027,846.3224291119946
316028,383.7418224898912
316029,478.89434513438937
316030,53.57879497036697
316031,1215.1172695225591
316032,1001.9035969501804
316033,539.322990328077
316034,634.4755129725752
316035,-1174.315456463669
316036,-12.776981911476923
316037,-225.99065448385568
316038,-688.5712611059591
316039,-593.4187384614611
316040,-726.8947177686025
316041,434.64375678358965
316042,221.4300842112109
316043,-241.15052241089245
316044,-145.9979997663943
316045,-571.3135499304167
316046,590.2249246217755
316047,377.0112520493967
316048,-85.56935457270674
316049,9.583168071791533
316050,331.84842602388966
316051,1493.3869005760816
316052,1280.1732280037031
316053,817.5926213815997
316054,912.7451440260979
316055,779.2691647189563
316056,1940.8076392711482
316057,1727.5939666987697
316058,1265.0133600766662
316059,1360.1658827211645
316060,934.8503325571421
316061,2096.3888071093343
316062,1883.1751345369555
316063,1420.5945279148523
316064,1515.7470505593503
316065,-228.62921228770983
316066,932.9092622644821
316067,719.6955896921035
316068,257.11498307000005
316069,352.26750571449827
316070,218.79152640735674
316071,1380.3300009595487
316072,1167.1163283871701
316073,704.5357217650667
316074,799.6882444095648
316075,374.37269424554256
316076,1535.9111687977347
316077,1322.6974962253557
316078,860.1168896032525
316079,955.2694122477508
316080,-339.2255127092815
316081,822.3129618429106
316082,609.0992892705318
316083,146.51868264842847
316084,241.67120529292663
316085,108.1952259857851
316086,1269.7337005379773
316087,1056.5200279655983
316088,593.939421343495
316089,689.0919439879932
316090,263.7763938239709
316091,1425.3148683761628
316092,1212.1011958037843
316093,749.5205891816809
316094,844.673111826179
316095,-331.15217476800535
316096,830.3862997841868
316097,617.172627211808
316098,154.5920205897047
316099,249.74454323420292
316100,116.26856392706145
316101,1277.8070384792536
316102,1064.5933659068746
316103,602.0127592847714
316104,697.1652819292696
316105,271.84973176524716
316106,1433.3882063174392
316107,1220.1745337450607
316108,757.5939271229572
316109,852.7464497674554
316110,-537.0838630896096
316111,624.4546114625825
316112,411.2409388902037
316113,-51.33966773189957
316114,43.812854912598596
316115,-89.66312439454305
316116,1071.875350157649
316117,858.6616775852704
316118,396.081070963167
316119,491.23359360766517
316120,65.91804344364277
316121,1227.456517995835
316122,1014.2428454234562
316123,551.6622388013528
316124,646.814761445851
316125,-1161.9762079903933
316126,-0.4377334382011213
316127,-213.65140601057988
316128,-676.2320126326833
316129,-581.0794899881851
316130,-714.5554692953267
316131,446.98300525686545
316132,233.7693326844867
316133,-228.81127393761665
316134,-133.65875129311848
316135,-558.9743014571409
316136,602.5641730950513
316137,389.3505005226725
316138,-73.23010609943083
316139,21.922416545067335
316140,344.18767449716546
316141,1505.7261490493574
316142,1292.512476476979
316143,829.9318698548755
316144,925.0843924993737
316145,791.6084131922321
316146,1953.1468877444242
316147,1739.9332151720455
316148,1277.352608549942
316149,1372.5051311944403
316150,947.1895810304179
316151,2108.72805558261
316152,1895.5143830102313
316153,1432.933776388128
316154,1528.0862990326261
316155,-216.28996381443403
316156,945.248510737758
316157,732.0348381653793
316158,269.4542315432759
316159,364.60675418777413
316160,231.13077488063254
316161,1392.6692494328247
316162,1179.455576860446
316163,716.8749702383425
316164,812.0274928828408
316165,386.71194271881836
316166,1548.2504172710105
316167,1335.0367446986318
316168,872.4561380765283
316169,967.6086607210266
316170,-326.8862642360057
316171,834.6522103161863
316172,621.4385377438076
316173,158.85793112170427
316174,254.01045376620243
316175,120.5344744590609
316176,1282.0729490112528
316177,1068.859276438874
316178,606.2786698167708
316179,701.431192461269
316180,276.1156422972468
316181,1437.6541168494387
316182,1224.4404442770601
316183,761.8598376549567
316184,857.0123602994548
316185,-318.8129262947293
316186,842.7255482574626
316187,629.5118756850839
316188,166.9312690629805
316189,262.08379170747867
316190,128.60781240033725
316191,1290.1462869525292
316192,1076.9326143801504
316193,614.3520077580472
316194,709.5045304025454
316195,284.188980238523
316196,1445.727454790715
316197,1232.5137822183365
316198,769.933175596233
316199,865.0856982407312
316200,-524.7446146163338
316201,636.7938599358583
316202,423.58018736347947
316203,-39.00041925862388
316204,56.1521033858744
316205,-77.32387592126713
316206,1084.214598630925
316207,871.0009260585462
316208,408.4203194364428
316209,503.572842080941
316210,78.25729191691869
316211,1239.7957664691107
316212,1026.582093896732
316213,564.0014872746286
316214,659.1540099191268
316215,-1149.6369595171175
316216,11.90151503507468
316217,-201.31215753730407
316218,-663.8927641594075
316219,-568.7402415149093
316220,-702.2162208220507
316221,459.3222537301412
316222,246.10858115776256
316223,-216.47202546434073
316224,-121.31950281984257
316225,-546.6350529838649
316226,614.9034215683271
316227,401.6897489959483
316228,-60.890857626155025
316229,34.26166501834314
316230,356.5269229704413
316231,1518.0653975226332
316232,1304.8517249502547
316233,842.2711183281513
316234,937.4236409726494
316235,803.9476616655079
316236,1965.4861362176998
316237,1752.2724636453213
316238,1289.6918570232178
316239,1384.844379667716
316240,959.5288295036937
316241,2121.067304055886
316242,1907.8536314835071
316243,1445.2730248614037
316244,1540.425547505902
316245,-203.95071534115834
316246,957.5877592110338
316247,744.3740866386551
316248,281.7934800165517
316249,376.9460026610499
316250,243.4700233539083
316251,1405.0084979061003
316252,1191.7948253337217
316253,729.2142187116183
316254,824.3667413561164
316255,399.0511911920941
316256,1560.5896657442863
316257,1347.3759931719076
316258,884.7953865498041
316259,979.9479091943024
316260,-314.54701576272987
316261,846.9914587894621
316262,633.7777862170833
316263,171.19717959498007
316264,266.3497022394782
316265,132.8737229323367
316266,1294.4121974845289
316267,1081.1985249121499
316268,618.6179182900466
316269,713.7704409345448
316270,288.4548907705225
316271,1449.9933653227145
316272,1236.779692750336
316273,774.1990861282325
316274,869.3516087727306
316275,-306.47367782145375
316276,855.0647967307384
316277,641.8511241583597
316278,179.2705175362563
316279,274.42304018075447
316280,140.94706087361294
316281,1302.485535425805
316282,1089.2718628534262
316283,626.691256231323
316284,721.8437788758212
316285,296.52822871179876
316286,1458.0667032639908
316287,1244.8530306916123
316288,782.2724240695088
316289,877.424946714007
316290,-512.405366143058
316291,649.133108409134
316292,435.91943583675527
316293,-26.661170785348077
316294,68.4913518591502
316295,-64.98462744799144
316296,1096.5538471042007
316297,883.340174531822
316298,420.7595679097186
316299,515.9120905542168
316300,90.59654039019438
316301,1252.1350149423865
316302,1038.9213423700078
316303,576.3407357479044
316304,671.4932583924026
316305,-1137.2977110438417
316306,24.240763508350483
316307,-188.97290906402827
316308,-651.5535156861315
316309,-556.4009930416335
316310,-689.8769723487751
316311,471.66150220341706
316312,258.4478296310383
316313,-204.13277699106504
316314,-108.98025434656688
316315,-534.2958045105893
316316,627.2426700416029
316317,414.0289974692241
316318,-48.55160915287934
316319,46.60091349161894
316320,368.86617144371706
316321,1530.404645995909
316322,1317.1909734235303
316323,854.6103668014271
316324,949.7628894459251
316325,816.2869101387837
316326,1977.8253846909756
316327,1764.611712118597
316328,1302.0311054964936
316329,1397.183628140992
316330,971.8680779769695
316331,2133.4065525291617
316332,1920.192879956783
316333,1457.6122733346795
316334,1552.7647959791775
316335,-191.61146686788243
316336,969.9270076843096
316337,756.7133351119309
316338,294.13272848982746
316339,389.2852511343257
316340,255.80927182718415
316341,1417.347746379376
316342,1204.1340738069975
316343,741.5534671848941
316344,836.7059898293923
316345,411.39043966536997
316346,1572.9289142175621
316347,1359.7152416451834
316348,897.1346350230799
316349,992.2871576675782
316350,-225.67566229072702
316351,935.862812261465
316352,722.6491396890863
316353,260.0685330669829
316354,355.22105571148114
316355,221.74507640433956
316356,1383.2835509565316
316357,1170.0698783841528
316358,707.4892717620495
316359,802.6417944065477
316360,377.3262442425254
316361,1538.8647187947174
316362,1325.6510462223387
316363,863.0704396002353
316364,958.2229622447335
316365,-217.60232434945067
316366,943.9361502027414
316367,730.7224776303625
316368,268.1418710082592
316369,363.29439365275744
316370,229.8184143456159
316371,1391.356888897808
316372,1178.1432163254292
316373,715.5626097033258
316374,810.715132347824
316375,385.3995821838017
316376,1546.9380567359938
316377,1333.724384163615
316378,871.1437775415116
316379,966.2963001860098
316380,-423.53401267105505
316381,738.004461881137
316382,524.7907893087581
316383,62.21018268665489
316384,157.36270533115305
316385,23.886726024011523
316386,1185.4252005762037
316387,972.2115280038247
316388,509.63092138172146
316389,604.7834440262196
316390,179.46789386219723
316391,1341.0063684143893
316392,1127.7926958420107
316393,665.2120892199073
316394,760.3646118644054
316395,-1048.426357571839
316396,113.11211698035333
316397,-100.10155559202542
316398,-562.682162214129
316399,-467.5296395696307
316400,-601.0056188767721
316401,560.5328556754199
316402,347.31918310304115
316403,-115.26142351906219
316404,-20.10890087456403
316405,-445.4244510385863
316406,716.1140235136057
316407,502.900350941227
316408,40.31974431912363
316409,135.4722669636218
316410,457.73752491572
316411,1619.275999467912
316412,1406.0623268955333
316413,943.48172027343
316414,1038.634242917928
316415,905.1582636107865
316416,2066.6967381629784
316417,1853.4830655905998
316418,1390.9024589684966
316419,1486.0549816129947
316420,1060.7394314489725
316421,2222.2779060011644
316422,2009.0642334287857
316423,1546.4836268066824
316424,1641.6361494511807
316425,-102.74011339587958
316426,1058.7983611563125
316427,845.5846885839337
316428,383.0040819618304
316429,478.1566046063286
316430,344.68062529918706
316431,1506.2190998513793
316432,1293.0054272790003
316433,830.424820656897
316434,925.5773433013951
316435,500.2617931373728
316436,1661.8002676895649
316437,1448.5865951171863
316438,986.0059884950829
316439,1081.158511139581
316440,-213.3364138174511
316441,948.2020607347408
316442,734.9883881623621
316443,272.4077815402587
316444,367.5603041847569
316445,234.08432487761547
316446,1395.6227994298074
316447,1182.4091268574286
316448,719.8285202353253
316449,814.9810428798235
316450,389.66549271580124
316451,1551.2039672679932
316452,1337.9902946956145
316453,875.4096880735111
316454,970.5622107180093
316455,-205.26307587617498
316456,956.2753986760171
316457,743.0617261036383
316458,280.48111948153496
316459,375.6336421260332
316460,242.15766281889165
316461,1403.6961373710838
316462,1190.4824647987048
316463,727.9018581766016
316464,823.0543808210998
316465,397.7388306570775
316466,1559.2773052092693
316467,1346.0636326368908
316468,883.4830260147874
316469,978.6355486592856
316470,-411.19476419777925
316471,750.3437103544128
316472,537.130037782034
316473,74.54943115993069
316474,169.70195380442885
316475,36.225974497287325
316476,1197.7644490494795
316477,984.5507764771006
316478,521.9701698549973
316479,617.1226924994954
316480,191.80714233547315
316481,1353.345616887665
316482,1140.1319443152865
316483,677.5513376931831
316484,772.7038603376812
316485,-1036.087109098563
316486,125.45136545362902
316487,-87.76230711874962
316488,-550.342913740853
316489,-455.1903910963547
316490,-588.6663704034961
316491,572.8721041486956
316492,359.65843157631696
316493,-102.92217504578639
316494,-7.769652401288226
316495,-433.0852025653105
316496,728.4532719868814
316497,515.2395994145028
316498,52.65899279239943
316499,147.8115154368976
316500,470.07677338899583
316501,1631.6152479411878
316502,1418.401575368809
316503,955.8209687467058
316504,1050.9734913912039
316505,917.4975120840625
316506,2079.035986636254
316507,1865.8223140638756
316508,1403.2417074417724
316509,1498.3942300862705
316510,1073.0786799222483
316511,2234.61715447444
316512,2021.4034819020615
316513,1558.8228752799582
316514,1653.9753979244563
316515,-90.40086492260377
316516,1071.1376096295883
316517,857.9239370572095
316518,395.34333043510617
316519,490.4958530796044
316520,357.0198737724628
316521,1518.5583483246548
316522,1305.344675752276
316523,842.7640691301729
316524,937.9165917746709
316525,512.6010416106486
316526,1674.1395161628407
316527,1460.9258435904621
316528,998.3452369683586
316529,1093.4977596128567
316530,-363.89554522041476
316531,797.6429293317773
316532,584.4292567593985
316533,121.84865013729518
316534,217.00117278179334
316535,83.52519347465193
316536,1245.063668026844
316537,1031.8499954544652
316538,569.2693888323618
316539,664.42191147686
316540,239.10636131283775
316541,1400.6448358650298
316542,1187.431163292651
316543,724.8505566705477
316544,820.0030793150459
316545,-355.8222072791384
316546,805.7162672730536
316547,592.5025947006749
316548,129.92198807857153
316549,225.0745107230697
316550,91.59853141592828
316551,1253.1370059681203
316552,1039.9233333957416
316553,577.3427267736381
316554,672.4952494181364
316555,247.17969925411398
316556,1408.7181738063061
316557,1195.5045012339274
316558,732.9238946118239
316559,828.0764172563222
316560,-561.7538956007427
316561,599.7845789514492
316562,386.5709063790705
316563,-76.00970024303285
316564,19.14282240146531
316565,-114.3331569056761
316566,1047.2053176465158
316567,833.9916450741372
316568,371.41103845203384
316569,466.563561096532
316570,41.248010932509715
316571,1202.7864854847016
316572,989.572812912323
316573,526.9922062902197
316574,622.1447289347178
316575,-1186.6462405015266
316576,-25.107765949334407
316577,-238.32143852171316
316578,-700.9020451438166
316579,-605.7495224993183
316580,-739.2255018064598
316581,422.3129727457322
316582,209.09930017335353
316583,-253.48130644874982
316584,-158.32878380425166
316585,-583.6443339682739
316586,577.894140583918
316587,364.68046801153935
316588,-97.90013861056411
316589,-2.7476159660659505
316590,319.5176419860323
316591,1481.0561165382242
316592,1267.8424439658456
316593,805.2618373437422
316594,900.4143599882404
316595,766.9383806810989
316596,1928.476855233291
316597,1715.2631826609122
316598,1252.6825760388087
316599,1347.835098683307
316600,922.5195485192847
316601,2084.058023071477
316602,1870.844350499098
316603,1408.2637438769948
316604,1503.4162665214928
316605,-240.95999632556732
316606,920.5784782266248
316607,707.3648056542461
316608,244.78419903214262
316609,339.93672167664084
316610,206.46074236949937
316611,1367.9992169216914
316612,1154.7855443493127
316613,692.2049377272093
316614,787.3574603717075
316615,362.0419102076852
316616,1523.5803847598772
316617,1310.3667121874987
316618,847.7861055653951
316619,942.9386282098933
316620,-351.55629674713896
316621,809.9821778050531
316622,596.7685052326744
316623,134.18789861057098
316624,229.34042125506926
316625,95.86444194792762
316626,1257.4029165001198
316627,1044.189243927741
316628,581.6086373056376
316629,676.7611599501358
316630,251.44560978611355
316631,1412.9840843383056
316632,1199.7704117659268
316633,737.1898051438235
316634,832.3423277883217
316635,-343.4829588058626
316636,818.0555157463294
316637,604.8418431739507
316638,142.26123655184733
316639,237.4137591963455
316640,103.93777988920397
316641,1265.4762544413961
316642,1052.2625818690174
316643,589.6819752469139
316644,684.8344978914121
316645,259.5189477273898
316646,1421.057422279582
316647,1207.8437497072032
316648,745.2631430850997
316649,840.415665729598
316650,-549.4146471274669
316651,612.123827424725
316652,398.91015485234635
316653,-63.67045176975694
316654,31.482070874741225
316655,-101.99390843240053
316656,1059.5445661197916
316657,846.3308935474129
316658,383.7502869253096
316659,478.90280956980774
316660,53.5872594057854
316661,1215.1257339579774
316662,1001.9120613855988
316663,539.3314547634955
316664,634.4839774079936
316665,-1174.3069920282508
316666,-12.768517476058491
316667,-225.98219004843725
316668,-688.5627966705406
316669,-593.4102740260425
316670,-726.8862533331842
316671,434.6522212190081
316672,221.43854864662933
316673,-241.14205797547402
316674,-145.98953533097585
316675,-571.3050854949981
316676,590.2333890571939
316677,377.01971648481515
316678,-85.5608901372882
316679,9.591632507209965
316680,331.8568904593081
316681,1493.3953650115002
316682,1280.1816924391214
316683,817.6010858170181
316684,912.7536084615163
316685,779.2776291543746
316686,1940.8161037065668
316687,1727.602431134188
316688,1265.0218245120848
316689,1360.1743471565828
316690,934.8587969925605
316691,2096.3972715447526
316692,1883.1835989723738
316693,1420.6029923502706
316694,1515.7555149947689
316695,-228.62074785229152
316696,932.9177266999006
316697,719.7040541275219
316698,257.1234475054185
316699,352.2759701499167
316700,218.79999084277506
316701,1380.3384653949672
316702,1167.1247928225885
316703,704.5441862004851
316704,799.6967088449833
316705,374.381158680961
316706,1535.919633233153
316707,1322.7059606607743
316708,860.1253540386709
316709,955.2778766831691
316710,-339.21704827386316
316711,822.3214262783289
316712,609.1077537059502
316713,146.52714708384678
316714,241.679669728345
316715,108.20369042120342
316716,1269.7421649733956
316717,1056.5284924010168
316718,593.9478857789134
316719,689.1004084234116
316720,263.78485825938935
316721,1425.3233328115812
316722,1212.1096602392026
316723,749.5290536170993
316724,844.6815762615975
316725,-331.1437103325868
316726,830.3947642196052
316727,617.1810916472265
316728,154.60048502512313
316729,249.7530076696213
316730,116.27702836247977
316731,1277.815502914672
316732,1064.6018303422932
316733,602.0212237201897
316734,697.1737463646879
316735,271.8581962006656
316736,1433.3966707528575
316737,1220.182998180479
316738,757.6023915583755
316739,852.7549142028738
316740,-537.0753986541911
316741,624.4630758980009
316742,411.24940332562215
316743,-51.331203296481135
316744,43.82131934801703
316745,-89.65465995912461
316746,1071.8838145930674
316747,858.6701420206887
316748,396.0895353985854
316749,491.24205804308355
316750,65.9265078790612
316751,1227.4649824312532
316752,1014.2513098588746
316753,551.6707032367713
316754,646.8232258812694
316755,-1161.967743554975
316756,-0.429269002782803
316757,-213.64294157516156
316758,-676.223548197265
316759,-581.0710255527667
316760,-714.5470048599082
316761,446.9914696922838
316762,233.77779711990513
316763,-228.80280950219822
316764,-133.65028685770005
316765,-558.9658370217223
316766,602.5726375304696
316767,389.3589649580909
316768,-73.2216416640124
316769,21.930880980485767
316770,344.19613893258384
316771,1505.734613484776
316772,1292.5209409123972
316773,829.9403342902939
316774,925.092856934792
316775,791.6168776276504
316776,1953.1553521798426
316777,1739.9416796074638
316778,1277.3610729853604
316779,1372.5135956298586
316780,947.1980454658363
316781,2108.7365200180284
316782,1895.5228474456496
316783,1432.9422408235464
316784,1528.0947634680447
316785,-216.2814993790157
316786,945.2569751731764
316787,732.0433026007977
316788,269.4626959786943
316789,364.6152186231925
316790,231.13923931605098
316791,1392.677713868243
316792,1179.4640412958643
316793,716.8834346737609
316794,812.0359573182591
316795,386.7204071542368
316796,1548.2588817064288
316797,1335.04520913405
316798,872.4646025119467
316799,967.6171251564449
316800,-326.87779980058735
316801,834.6606747516047
316802,621.4470021792259
316803,158.8663955571226
316804,254.01891820162075
316805,120.54293889447933
316806,1282.0814134466714
316807,1068.8677408742926
316808,606.2871342521892
316809,701.4396568966874
316810,276.12410673266515
316811,1437.6625812848572
316812,1224.4489087124784
316813,761.8683020903751
316814,857.0208247348733
316815,-318.804461859311
316816,842.734012692881
316817,629.5203401205023
316818,166.93973349839894
316819,262.0922561428971
316820,128.61627683575568
316821,1290.1547513879477
316822,1076.9410788155687
316823,614.3604721934655
316824,709.5129948379637
316825,284.1974446739414
316826,1445.7359192261333
316827,1232.5222466537548
316828,769.9416400316513
316829,865.0941626761496
316830,-524.7361501809153
316831,636.8023243712767
316832,423.5886517988979
316833,-38.99195482320545
316834,56.160567821292716
316835,-77.3154114858487
316836,1084.2230630663432
316837,871.0093904939646
316838,408.4287838718612
316839,503.58130651635935
316840,78.26575635233712
316841,1239.804230904529
316842,1026.5905583321505
316843,564.0099517100471
316844,659.1624743545452
316845,-1149.628495081699
316846,11.909979470492999
316847,-201.30369310188576
316848,-663.884299723989
316849,-568.7317770794907
316850,-702.2077563866324
316851,459.33071816555963
316852,246.11704559318088
316853,-216.4635610289224
316854,-121.31103838442425
316855,-546.6265885484465
316856,614.9118860037454
316857,401.69821343136675
316858,-60.88239319073671
316859,34.270129453761456
316860,356.5353874058597
316861,1518.0738619580516
316862,1304.860189385673
316863,842.2795827635696
316864,937.4321054080679
316865,803.9561261009263
316866,1965.4946006531184
316867,1752.2809280807396
316868,1289.7003214586362
316869,1384.8528441031344
316870,959.5372939391121
316871,2121.075768491304
316872,1907.8620959189254
316873,1445.2814892968222
316874,1540.4340119413203
316875,-203.9422509057399
316876,957.5962236464522
316877,744.3825510740735
316878,281.80194445197003
316879,376.95446709646825
316880,243.47848778932672
316881,1405.0169623415188
316882,1191.80328976914
316883,729.2226831470367
316884,824.3752057915349
316885,399.0596556275125
316886,1560.5981301797046
316887,1347.384457607326
316888,884.8038509852225
316889,979.9563736297207
316890,-314.53855132731155
316891,846.9999232248805
316892,633.7862506525018
316893,171.2056440303984
316894,266.3581666748966
316895,132.88218736775514
316896,1294.4206619199472
316897,1081.2069893475684
316898,618.626382725465
316899,713.7789053699632
316900,288.46335520594096
316901,1450.001829758133
316902,1236.7881571857542
316903,774.2075505636509
316904,869.3600732081491
316905,-306.4652133860352
316906,855.0732611661568
316907,641.8595885937781
316908,179.27898197167474
316909,274.4315046161729
316910,140.95552530903137
316911,1302.4939998612235
316912,1089.2803272888445
316913,626.6997206667413
316914,721.8522433112395
316915,296.5366931472172
316916,1458.0751676994093
316917,1244.8614951270306
316918,782.2808885049271
316919,877.4334111494254
316920,-512.3969017076395
316921,649.1415728445525
316922,435.9279002721737
316923,-26.65270634992953
316924,68.49981629456863
316925,-64.97616301257301
316926,1096.562311539619
316927,883.3486389672403
316928,420.768032345137
316929,515.9205549896351
316930,90.60500482561281
316931,1252.1434793778049
316932,1038.9298068054263
316933,576.3492001833229
316934,671.501722827821
316935,-1137.2892466084234
316936,24.249227943768915
316937,-188.96444462860984
316938,-651.5450512507132
316939,-556.3925286062151
316940,-689.8685079133568
316941,471.6699666388355
316942,258.45629406645673
316943,-204.1243125556466
316944,-108.97178991114845
316945,-534.2873400751707
316946,627.2511344770213
316947,414.03746190464256
316948,-48.54314471746079
316949,46.60937792703737
316950,368.8746358791355
316951,1530.4131104313274
316952,1317.1994378589488
316953,854.6188312368454
316954,949.7713538813437
316955,816.2953745742021
316956,1977.8338491263942
316957,1764.6201765540154
316958,1302.039569931912
316959,1397.1920925764102
316960,971.876542412388
316961,2133.41501696458
316962,1920.2013443922012
316963,1457.620737770098
316964,1552.773260414596
316965,-191.6030024324641
316966,969.935472119728
316967,756.7217995473493
316968,294.1411929252459
316969,389.2937155697441
316970,255.81773626260252
316971,1417.3562108147946
316972,1204.1425382424159
316973,741.5619316203125
316974,836.7144542648107
316975,411.3989041007884
316976,1572.9373786529804
316977,1359.7237060806017
316978,897.1430994584983
316979,992.2956221029965
316980,-225.6671978553086
316981,935.8712766968833
316982,722.6576041245046
316983,260.0769975024013
316984,355.2295201468995
316985,221.753540839758
316986,1383.29201539195
316987,1170.0783428195712
316988,707.4977361974679
316989,802.6502588419661
316990,377.33470867794375
316991,1538.8731832301357
316992,1325.659510657757
316993,863.0789040356537
316994,958.2314266801519
316995,-217.59385991403224
316996,943.9446146381597
316997,730.7309420657809
316998,268.1503354436776
316999,363.3028580881758
317000,229.82687878103434
317001,1391.3653533332263
317002,1178.1516807608475
317003,715.5710741387443
317004,810.7235967832423
317005,385.4080466192201
317006,1546.946521171412
317007,1333.7328485990333
317008,871.15224197693
317009,966.3047646214281
317010,-423.52554823563673
317011,738.0129263165553
317012,524.7992537441767
317013,62.21864712207321
317014,157.37116976657148
317015,23.89519045942984
317016,1185.433665011622
317017,972.2199924392432
317018,509.63938581713984
317019,604.7919084616381
317020,179.47635829761566
317021,1341.0148328498078
317022,1127.801160277429
317023,665.2205536553256
317024,760.3730762998239
317025,-1048.4178931364204
317026,113.12058141577165
317027,-100.09309115660699
317028,-562.6736977787104
317029,-467.52117513421217
317030,-600.9971544413536
317031,560.5413201108382
317032,347.32764753845953
317033,-115.25295908364376
317034,-20.100436439145597
317035,-445.415986603168
317036,716.122487949024
317037,502.9088153766454
317038,40.32820875454195
317039,135.48073139904022
317040,457.74598935113835
317041,1619.2844639033306
317042,1406.0707913309516
317043,943.4901847088483
317044,1038.6427073533466
317045,905.166728046205
317046,2066.7052025983967
317047,1853.4915300260184
317048,1390.9109234039151
317049,1486.0634460484132
317050,1060.7478958843908
317051,2222.2863704365827
317052,2009.0726978642042
317053,1546.4920912421007
317054,1641.644613886599
317055,-102.73164896046114
317056,1058.806825591731
317057,845.5931530193521
317058,383.0125463972488
317059,478.16506904174696
317060,344.68908973460543
317061,1506.2275642867976
317062,1293.0138917144186
317063,830.4332850923154
317064,925.5858077368135
317065,500.2702575727912
317066,1661.8087321249832
317067,1448.5950595526047
317068,986.0144529305012
317069,1081.1669755749995
317070,-213.32794938203278
317071,948.2105251701591
317072,734.9968525977804
317073,272.4162459756771
317074,367.56876862017526
317075,234.0927893130338
317076,1395.6312638652257
317077,1182.4175912928472
317078,719.8369846707437
317079,814.9895073152419
317080,389.67395715121967
317081,1551.2124317034118
317082,1337.9987591310328
317083,875.4181525089296
317084,970.5706751534277
317085,-205.25461144075655
317086,956.2838631114355
317087,743.0701905390567
317088,280.4895839169534
317089,375.64210656145156
317090,242.16612725431003
317091,1403.704601806502
317092,1190.4909292341233
317093,727.91032261202
317094,823.0628452565181
317095,397.7472950924959
317096,1559.285769644688
317097,1346.0720970723091
317098,883.4914904502058
317099,978.644013094704
317100,-411.18629976236093
317101,750.3521747898311
317102,537.1385022174524
317103,74.55789559534901
317104,169.71041823984717
317105,36.23443893270576
317106,1197.7729134848978
317107,984.559240912519
317108,521.9786342904157
317109,617.1311569349139
317110,191.81560677089146
317111,1353.3540813230834
317112,1140.1404087507049
317113,677.5598021286014
317114,772.7123247730997
317115,-1036.0786446631446
317116,125.45982988904746
317117,-87.7538426833313
317118,-550.3344493054346
317119,-455.18192666093637
317120,-588.6579059680778
317121,572.8805685841141
317122,359.6668960117354
317123,-102.91371061036807
317124,-7.761187965869908
317125,-433.0767381298922
317126,728.4617364222999
317127,515.2480638499212
317128,52.66745722781775
317129,147.8199798723159
317130,470.0852378244142
317131,1631.6237123766061
317132,1418.4100398042274
317133,955.8294331821241
317134,1050.9819558266222
317135,917.5059765194808
317136,2079.0444510716725
317137,1865.8307784992942
317138,1403.2501718771907
317139,1498.4026945216888
317140,1073.0871443576666
317141,2234.6256189098585
317142,2021.4119463374798
317143,1558.8313397153765
317144,1653.9838623598748
317145,-90.39240048718534
317146,1071.1460740650066
317147,857.9324014926278
317148,395.35179487052454
317149,490.50431751502276
317150,357.0283382078812
317151,1518.5668127600734
317152,1305.3531401876944
317153,842.7725335655912
317154,937.9250562100893
317155,512.609506046067
317156,1674.147980598259
317157,1460.9343080258805
317158,998.353701403777
317159,1093.5062240482753
317160,-363.8870807849962
317161,797.6513937671957
317162,584.437721194817
317163,121.85711457271361
317164,217.00963721721178
317165,83.53365791007036
317166,1245.0721324622623
317167,1031.8584598898835
317168,569.2778532677803
317169,664.4303759122785
317170,239.11482574825618
317171,1400.6533003004483
317172,1187.4396277280694
317173,724.8590211059661
317174,820.0115437504643
317175,-355.8137428437201
317176,805.7247317084721
317177,592.5110591360933
317178,129.93045251398985
317179,225.08297515848813
317180,91.60699585134671
317181,1253.1454704035386
317182,1039.9317978311599
317183,577.3511912090565
317184,672.5037138535547
317185,247.18816368953242
317186,1408.7266382417245
317187,1195.5129656693457
317188,732.9323590472424
317189,828.0848816917405
317190,-561.7454311653244
317191,599.7930433868677
317192,386.5793708144889
317193,-76.00123580761442
317194,19.151286836883855
317195,-114.32469247025767
317196,1047.2137820819344
317197,834.0001095095556
317198,371.4195028874522
317199,466.5720255319504
317200,41.25647536792803
317201,1202.7949499201202
317202,989.5812773477414
317203,527.000670725638
317204,622.1531933701363
317205,-1186.637776066108
317206,-25.09930151391586
317207,-238.31297408629462
317208,-700.8935807083981
317209,-605.7410580638998
317210,-739.2170373710412
317211,422.32143718115066
317212,209.10776460877196
317213,-253.4728420133314
317214,-158.32031936883322
317215,-583.6358695328556
317216,577.9026050193365
317217,364.6889324469577
317218,-97.89167417514568
317219,-2.739151530647405
317220,319.5261064214507
317221,1481.0645809736427
317222,1267.850908401264
317223,805.2703017791607
317224,900.4228244236588
317225,766.9468451165174
317226,1928.4853196687093
317227,1715.2716470963305
317228,1252.6910404742273
317229,1347.8435631187253
317230,922.5280129547032
317231,2084.066487506895
317232,1870.8528149345163
317233,1408.272208312413
317234,1503.4247309569114
317235,-240.95153189014877
317236,920.5869426620432
317237,707.3732700896645
317238,244.79266346756106
317239,339.9451861120593
317240,206.4692068049178
317241,1368.00768135711
317242,1154.794008784731
317243,692.2134021626277
317244,787.3659248071259
317245,362.0503746431036
317246,1523.5888491952956
317247,1310.375176622917
317248,847.7945700008136
317249,942.9470926453117
317250,-351.54783231172064
317251,809.9906422404715
317252,596.7769696680928
317253,134.19636304598941
317254,229.34888569048758
317255,95.87290638334605
317256,1257.411380935538
317257,1044.1977083631593
317258,581.617101741056
317259,676.7696243855542
317260,251.45407422153198
317261,1412.992548773724
317262,1199.7788762013452
317263,737.1982695792419
317264,832.3507922237401
317265,-343.4744943704443
317266,818.0639801817479
317267,604.8503076093691
317268,142.26970098726565
317269,237.42222363176393
317270,103.94624432462228
317271,1265.4847188768144
317272,1052.2710463044357
317273,589.6904396823323
317274,684.8429623268305
317275,259.5274121628082
317276,1421.0658867150003
317277,1207.8522141426215
317278,745.2716075205182
317279,840.4241301650163
317280,-549.4061826920486
317281,612.1322918601435
317282,398.9186192877648
317283,-63.66198733433862
317284,31.490535310159657
317285,-101.9854439969821
317286,1059.5530305552102
317287,846.3393579828313
317288,383.75875136072796
317289,478.9112740052261
317290,53.595723841203835
317291,1215.1341983933958
317292,1001.9205258210172
317293,539.3399191989138
317294,634.492441843412
317295,-1174.2985275928324
317296,-12.760053040640173
317297,-225.97372561301893
317298,-688.5543322351223
317299,-593.4018095906242
317300,-726.8777888977656
317301,434.6606856544264
317302,221.44701308204776
317303,-241.13359354005559
317304,-145.98107089555742
317305,-571.2966210595798
317306,590.2418534926122
317307,377.0281809202335
317308,-85.55242570186988
317309,9.600096942628397
317310,331.86535489472647
317311,1493.4038294469187
317312,1280.1901568745398
317313,817.6095502524365
317314,912.7620728969347
317315,779.286093589793
317316,1940.824568141985
317317,1727.6108955696063
317318,1265.030288947503
317319,1360.1828115920011
317320,934.867261427979
317321,2096.405735980171
317322,1883.1920634077924
317323,1420.611456785689
317324,1515.7639794301872
317325,-228.61228341687308
317326,932.926191135319
317327,719.7125185629402
317328,257.13191194083686
317329,352.2844345853351
317330,218.8084552781935
317331,1380.3469298303855
317332,1167.1332572580068
317333,704.5526506359035
317334,799.7051732804017
317335,374.3896231163794
317336,1535.9280976685714
317337,1322.7144250961928
317338,860.1338184740894
317339,955.2863411185875
317340,-339.20858383844484
317341,822.3298907137473
317342,609.1162181413686
317343,146.53561151926522
317344,241.68813416376338
317345,108.21215485662185
317346,1269.750629408814
317347,1056.5369568364351
317348,593.9563502143318
317349,689.1088728588301
317350,263.7933226948077
317351,1425.3317972469997
317352,1212.118124674621
317353,749.5375180525177
317354,844.6900406970159
317355,-331.1352458971685
317356,830.4032286550236
317357,617.1895560826449
317358,154.60894946054145
317359,249.76147210503967
317360,116.2854927978982
317361,1277.8239673500902
317362,1064.6102947777115
317363,602.0296881556081
317364,697.1822108001063
317365,271.86666063608396
317366,1433.405135188276
317367,1220.1914626158973
317368,757.610855993794
317369,852.7633786382921
317370,-537.0669342187728
317371,624.4715403334193
317372,411.2578677610405
317373,-51.32273886106282
317374,43.829783783435346
317375,-89.64619552370618
317376,1071.892279028486
317377,858.6786064561071
317378,396.09799983400376
317379,491.250522478502
317380,65.93497231447964
317381,1227.4734468666716
317382,1014.259774294293
317383,551.6791676721896
317384,646.8316903166879
317385,-1161.9592791195564
317386,-0.420804567364371
317387,-213.63447713974313
317388,-676.2150837618465
317389,-581.0625611173482
317390,-714.5385404244898
317391,446.9999341277022
317392,233.78626155532345
317393,-228.7943450667799
317394,-133.64182242228173
317395,-558.957372586304
317396,602.581101965888
317397,389.3674293935093
317398,-73.21317722859408
317399,21.939345415904086
317400,344.2046033680022
317401,1505.7430779201943
317402,1292.5294053478156
317403,829.9487987257123
317404,925.1013213702104
317405,791.6253420630688
317406,1953.1638166152609
317407,1739.9501440428821
317408,1277.369537420779
317409,1372.522060065277
317410,947.2065099012548
317411,2108.7449844534467
317412,1895.5313118810682
317413,1432.9507052589647
317414,1528.103227903463
317415,-216.2730349435974
317416,945.2654396085948
317417,732.051767036216
317418,269.47116041411266
317419,364.6236830586109
317420,231.1477037514694
317421,1392.6861783036613
317422,1179.4725057312826
317423,716.8918991091793
317424,812.0444217536775
317425,386.72887158965517
317426,1548.2673461418472
317427,1335.0536735694686
317428,872.4730669473652
317429,967.6255895918634
317430,-326.8693353651688
317431,834.6691391870231
317432,621.4554666146444
317433,158.87485999254102
317434,254.02738263703918
317435,120.55140332989777
317436,1282.0898778820897
317437,1068.876205309711
317438,606.2955986876076
317439,701.4481213321058
317440,276.1325711680836
317441,1437.6710457202757
317442,1224.4573731478968
317443,761.8767665257935
317444,857.0292891702917
317445,-318.7959974238927
317446,842.7424771282995
317447,629.5288045559207
317448,166.94819793381726
317449,262.10072057831553
317450,128.62474127117412
317451,1290.163215823366
317452,1076.9495432509873
317453,614.368936628884
317454,709.5214592733821
317455,284.2059091093598
317456,1445.7443836615519
317457,1232.530711089173
317458,769.9501044670698
317459,865.1026271115679
317460,-524.727685745497
317461,636.8107888066951
317462,423.59711623431633
317463,-38.983490387787015
317464,56.16903225671126
317465,-77.30694705043027
317466,1084.2315275017618
317467,871.0178549293829
317468,408.4372483072796
317469,503.5897709517777
317470,78.27422078775544
317471,1239.8126953399476
317472,1026.5990227675688
317473,564.0184161454654
317474,659.1709387899637
317475,-1149.6200306462806
317476,11.918443905911545
317477,-201.2952286664672
317478,-663.8758352885707
317479,-568.7233126440724
317480,-702.1992919512138
317481,459.33918260097806
317482,246.1255100285993
317483,-216.45509659350398
317484,-121.30257394900582
317485,-546.6181241130282
317486,614.9203504391639
317487,401.7066778667851
317488,-60.873928755318275
317489,34.27859388918
317490,356.5438518412781
317491,1518.08232639347
317492,1304.8686538210914
317493,842.2880471989881
317494,937.4405698434862
317495,803.9645905363448
317496,1965.5030650885367
317497,1752.289392516158
317498,1289.7087858940547
317499,1384.8613085385527
317500,959.5457583745306
317501,2121.0842329267225
317502,1907.8705603543438
317503,1445.2899537322405
317504,1540.4424763767388
317505,-203.9337864703216
317506,957.6046880818706
317507,744.3910155094919
317508,281.81040888738846
317509,376.9629315318867
317510,243.4869522247451
317511,1405.0254267769374
317512,1191.8117542045584
317513,729.2311475824552
317514,824.3836702269533
317515,399.0681200629309
317516,1560.606594615123
317517,1347.3929220427444
317518,884.812315420641
317519,979.9648380651391
317520,-314.53008689189323
317521,847.0083876602989
317522,633.7947150879202
317523,171.21410846581682
317524,266.366631110315
317525,132.89065180317345
317526,1294.4291263553655
317527,1081.2154537829867
317528,618.6348471608834
317529,713.7873698053816
317530,288.4718196413594
317531,1450.0102941935513
317532,1236.7966216211726
317533,774.2160149990693
317534,869.3685376435675
317535,-306.4567489506169
317536,855.0817256015752
317537,641.8680530291965
317538,179.28744640709306
317539,274.4399690515913
317540,140.9639897444497
317541,1302.5024642966418
317542,1089.288791724263
317543,626.7081851021597
317544,721.8607077466579
317545,296.5451575826356
317546,1458.0836321348277
317547,1244.869959562449
317548,782.2893529403456
317549,877.4418755848437
317550,-512.3884372722212
317551,649.1500372799709
317552,435.93636470759213
317553,-26.644241914511213
317554,68.50828072998706
317555,-64.96769857715458
317556,1096.5707759750376
317557,883.3571034026588
317558,420.7764967805554
317559,515.9290194250536
317560,90.61346926103124
317561,1252.1519438132232
317562,1038.9382712408446
317563,576.3576646187412
317564,671.5101872632395
317565,-1137.280782173005
317566,24.257692379187233
317567,-188.95598019319152
317568,-651.5365868152949
317569,-556.3840641707968
317570,-689.8600434779382
317571,471.6784310742538
317572,258.46475850187517
317573,-204.11584812022818
317574,-108.96332547573002
317575,-534.2788756397524
317576,627.2595989124396
317577,414.045926340061
317578,-48.53468028204247
317579,46.617842362455804
317580,368.8831003145539
317581,1530.421574866746
317582,1317.2079022943672
317583,854.6272956722638
317584,949.779818316762
317585,816.3038390096204
317586,1977.8423135618125
317587,1764.6286409894337
317588,1302.0480343673303
317589,1397.2005570118286
317590,971.8850068478064
317591,2133.4234813999983
317592,1920.2098088276196
317593,1457.6292022055163
317594,1552.7817248500146
317595,-191.59453799704568
317596,969.9439365551464
317597,756.7302639827676
317598,294.14965736066426
317599,389.3021800051625
317600,255.82620069802095
317601,1417.364675250213
317602,1204.1510026778342
317603,741.570396055731
317604,836.7229187002291
317605,411.40736853620683
317606,1572.9458430883988
317607,1359.7321705160202
317608,897.1515638939168
317609,992.3040865384149
317610,-225.65873341989027
317611,935.8797411323018
317612,722.666068559923
317613,260.0854619378197
317614,355.2379845823179
317615,221.7620052751763
317616,1383.3004798273685
317617,1170.0868072549897
317618,707.5062006328862
317619,802.6587232773845
317620,377.3431731133622
317621,1538.8816476655543
317622,1325.6679750931753
317623,863.0873684710721
317624,958.2398911155703
317625,-217.58539547861392
317626,943.9530790735781
317627,730.7394065011993
317628,268.15879987909597
317629,363.3113225235942
317630,229.83534321645266
317631,1391.3738177686448
317632,1178.160145196266
317633,715.5795385741626
317634,810.7320612186608
317635,385.41651105463853
317636,1546.9549856068306
317637,1333.7413130344517
317638,871.1607064123484
317639,966.3132290568467
317640,-423.5170838002184
317641,738.0213907519737
317642,524.807718179595
317643,62.227111557491526
317644,157.3796342019898
317645,23.903654894848273
317646,1185.4421294470403
317647,972.2284568746616
317648,509.64785025255827
317649,604.8003728970564
317650,179.48482273303398
317651,1341.0232972852261
317652,1127.8096247128474
317653,665.229018090744
317654,760.3815407352422
317655,-1048.409428701002
317656,113.12904585119009
317657,-100.08462672118867
317658,-562.6652333432921
317659,-467.51271069879385
317660,-600.9886900059353
317661,560.5497845462568
317662,347.33611197387796
317663,-115.24449464822544
317664,-20.091972003727278
317665,-445.4075221677497
317666,716.1309523844426
317667,502.9172798120638
317668,40.336673189960266
317669,135.48919583445854
317670,457.7544537865567
317671,1619.2929283387489
317672,1406.0792557663701
317673,943.4986491442668
317674,1038.651171788765
317675,905.1751924816233
317676,2066.713667033816
317677,1853.4999944614367
317678,1390.9193878393335
317679,1486.0719104838315
317680,1060.7563603198091
317681,2222.294834872001
317682,2009.0811622996225
317683,1546.5005556775193
317684,1641.6530783220173
317685,-102.72318452504283
317686,1058.8152900271493
317687,845.6016174547706
317688,383.0210108326672
317689,478.17353347716534
317690,344.69755417002386
317691,1506.236028722216
317692,1293.0223561498372
317693,830.4417495277338
317694,925.594272172232
317695,500.2787220082096
317696,1661.817196560402
317697,1448.603523988023
317698,986.0229173659196
317699,1081.1754400104178
317700,-214.30444900276643
317701,947.2340255494256
317702,734.0203529770469
317703,271.43974635494357
317704,366.59226899944167
317705,233.11628969230014
317706,1394.6547642444923
317707,1181.4410916721135
317708,718.8604850500101
317709,814.0130076945082
317710,388.69745753048596
317711,1550.2359320826781
317712,1337.0222595102991
317713,874.4416528881959
317714,969.5941755326941
317715,-206.2311110614902
317716,955.3073634907018
317717,742.0936909183231
317718,279.51308429621986
317719,374.665606940718
317720,241.1896276335765
317721,1402.7281021857684
317722,1189.5144296133897
317723,726.9338229912864
317724,822.0863456357846
317725,396.7707954717622
317726,1558.3092700239545
317727,1345.0955974515755
317728,882.5149908294723
317729,977.6675134739704
317730,-412.1627993830946
317731,749.3756751690976
317732,536.1620025967188
317733,73.58139597461548
317734,168.73391861911364
317735,35.25793931197211
317736,1196.7964138641642
317737,983.5827412917854
317738,521.002134669682
317739,616.1546573141802
317740,190.83910715015793
317741,1352.37758170235
317742,1139.1639091299712
317743,676.5833025078679
317744,771.735825152366
317745,-1037.055144283878
317746,124.48333026831392
317747,-88.73034230406483
317748,-551.3109489261681
317749,-456.15842628167
317750,-589.6344055888114
317751,571.9040689633805
317752,358.69039639100174
317753,-103.8902102311016
317754,-8.737687586603442
317755,-434.05323775062584
317756,727.4852368015663
317757,514.2715642291876
317758,51.690957607084215
317759,146.84348025158238
317760,469.1087382036807
317761,1630.6472127558727
317762,1417.433540183494
317763,954.8529335613906
317764,1050.0054562058888
317765,916.5294768987472
317766,2078.0679514509393
317767,1864.8542788785605
317768,1402.2736722564573
317769,1497.4261949009554
317770,1072.110644736933
317771,2233.6491192891253
317772,2020.4354467167464
317773,1557.854840094643
317774,1653.0073627391412
317775,-91.36890010791899
317776,1070.1695744442732
317777,856.9559018718943
317778,394.375295249791
317779,489.52781789428917
317780,356.0518385871476
317781,1517.5903131393397
317782,1304.3766405669608
317783,841.7960339448576
317784,936.9485565893558
317785,511.6330064253334
317786,1673.1714809775256
317787,1459.9578084051468
317788,997.3772017830433
317789,1092.5297244275416
317790,-364.8635804057301
317791,796.6748941464621
317792,583.4612215740833
317793,120.88061495198008
317794,216.03313759647813
317795,82.5571582893366
317796,1244.0956328415286
317797,1030.88196026915
317798,568.3013536470467
317799,663.4538762915448
317800,238.13832612752253
317801,1399.6768006797147
317802,1186.463128107336
317803,723.8825214852325
317804,819.0350441297306
317805,-356.79024246445374
317806,804.7482320877384
317807,591.5345595153597
317808,128.95395289325631
317809,224.10647553775448
317810,90.63049623061295
317811,1252.168970782805
317812,1038.9552982104262
317813,576.374691588323
317814,671.5272142328212
317815,246.21166406879888
317816,1407.750138620991
317817,1194.536466048612
317818,731.9558594265088
317819,827.108382071007
317820,-562.721930786058
317821,598.816543766134
317822,385.6028711937554
317823,-76.97773542834796
317824,18.174787216150207
317825,-115.30119209099144
317826,1046.2372824612007
317827,833.023609888822
317828,370.4430032667186
317829,465.5955259112168
317830,40.2799757471945
317831,1201.8184502993865
317832,988.6047777270078
317833,526.0241711049044
317834,621.1766937494026
317835,-1187.6142756868414
317836,-26.075801134649623
317837,-239.28947370702826
317838,-701.8700803291315
317839,-606.7175576846334
317840,-740.1935369917749
317841,421.3449375604171
317842,208.1312649880383
317843,-254.44934163406492
317844,-159.29681898956687
317845,-584.6123691535893
317846,576.9261053986029
317847,363.71243282622413
317848,-98.86817379587922
317849,-3.715651151381053
317850,318.54960680071713
317851,1480.0880813529093
317852,1266.8744087805303
317853,804.2938021584271
317854,899.4463248029252
317855,765.9703454957837
317856,1927.5088200479759
317857,1714.2951474755969
317858,1251.7145408534936
317859,1346.8670634979917
317860,921.5515133339696
317861,2083.089987886162
317862,1869.876315313783
317863,1407.2957086916795
317864,1502.4482313361777
317865,-241.92803151088242
317866,919.6104430413095
317867,706.3967704689309
317868,243.81616384682752
317869,338.9686864913257
317870,205.49270718418416
317871,1367.0311817363763
317872,1153.8175091639973
317873,691.2369025418941
317874,786.3894251863923
317875,361.0738750223701
317876,1522.6123495745621
317877,1309.3986770021834
317878,846.8180703800799
317879,941.9705930245782
317880,-352.5243319324543
317881,809.0141426197379
317882,595.8004700473591
317883,133.21986342525588
317884,228.37238606975393
317885,94.8964067626124
317886,1256.4348813148044
317887,1043.221208742426
317888,580.6406021203225
317889,675.7931247648206
317890,250.47757460079828
317891,1412.0160491529905
317892,1198.8023765806115
317893,736.2217699585083
317894,831.3742926030064
317895,-344.45099399117794
317896,817.0874805610142
317897,603.8738079886355
317898,141.29320136653212
317899,236.44572401103028
317900,102.96974470388875
317901,1264.5082192560808
317902,1051.294546683702
317903,588.7139400615988
317904,683.8664627060969
317905,258.5509125420746
317906,1420.0893870942666
317907,1206.8757145218879
317908,744.2951078997846
317909,839.4476305442828
317910,-550.3826823127822
317911,611.15579223941
317912,397.9421196670311
317913,-64.63848695507227
317914,30.51403568942601
317915,-102.96194361771563
317916,1058.5765309344765
317917,845.3628583620978
317918,382.7822517399944
317919,477.9347743844925
317920,52.61922422047019
317921,1214.1576987726623
317922,1000.9440262002836
317923,538.3634195781802
317924,633.5159422226784
317925,-1175.2750272135659
317926,-13.736552661373707
317927,-226.95022523375246
317928,-689.5308318558559
317929,-594.3783092113576
317930,-727.8542885184993
317931,433.6841860336928
317932,220.4705134613141
317933,-242.11009316078923
317934,-146.95757051629107
317935,-572.2731206803135
317936,589.2653538718787
317937,376.05168129949993
317938,-86.52892532260353
317939,8.62359732189475
317940,330.8888552739929
317941,1492.427329826185
317942,1279.213657253806
317943,816.6330506317029
317944,911.7855732762011
317945,778.3095939690595
317946,1939.8480685212517
317947,1726.634395948873
317948,1264.0537893267694
317949,1359.2063119712677
317950,933.8907618072453
317951,2095.4292363594377
317952,1882.2155637870587
317953,1419.6349571649553
317954,1514.7874798094535
317955,-229.58878303760685
317956,931.9496915145854
317957,718.7360189422066
317958,256.15541232010327
317959,351.30793496460143
317960,217.83195565745996
317961,1379.370430209652
317962,1166.1567576372731
317963,703.5761510151699
317964,798.7286736596681
317965,373.4131234956457
317966,1534.9515980478377
317967,1321.7379254754592
317968,859.1573188533557
317969,954.309841497854
317970,-340.1850834591785
317971,821.3533910930137
317972,608.1397185206349
317973,145.55911189853168
317974,240.7116345430298
317975,107.2356552358882
317976,1268.7741297880802
317977,1055.5604572157017
317978,592.9798505935983
317979,688.1323732380964
317980,262.816823074074
317981,1424.3552976262663
317982,1211.1416250538873
317983,748.5610184317841
317984,843.7135410762822
317985,-332.11174551790214
317986,829.42672903429
317987,616.2130564619113
317988,153.63244983980792
317989,248.78497248430608
317990,115.30899317716455
317991,1276.8474677293566
317992,1063.6337951569778
317993,601.0531885348746
317994,696.2057111793728
317995,270.8901610153504
317996,1432.4286355675426
317997,1219.2149629951637
317998,756.6343563730604
317999,851.7868790175586
318000,-538.0434338395064
318001,623.4950407126856
318002,410.2813681403069
318003,-52.29923848179635
318004,42.85328416270181
318005,-90.62269514443983
318006,1070.9157794077523
318007,857.7021068353736
318008,395.1215002132702
318009,490.2740228577684
318010,64.95847269374599
318011,1226.4969472459381
318012,1013.2832746735594
318013,550.702668051456
318014,645.8551906959542
318015,-1162.9357787402898
318016,-1.3973041880979054
318017,-214.61097676047666
318018,-677.1915833825799
318019,-582.0390607380818
318020,-715.5150400452235
318021,446.02343450696867
318022,232.80976193458991
318023,-229.77084468751343
318024,-134.61832204301527
318025,-559.9338722070377
318026,601.6046023451545
318027,388.39092977277573
318028,-74.18967684932761
318029,20.96284579517055
318030,343.2281037472687
318031,1504.766578299461
318032,1291.5529057270821
318033,828.9722991049787
318034,924.124821749477
318035,790.6488424423353
318036,1952.1873169945275
318037,1738.9736444221487
318038,1276.3930378000455
318039,1371.5455604445435
318040,946.2300102805211
318041,2107.7684848327135
318042,1894.5548122603345
318043,1431.974205638231
318044,1527.1267282827293
318045,-217.24953456433082
318046,944.2889399878612
318047,731.0752674154825
318048,268.4946607933791
318049,363.6471834378773
318050,230.17120413073576
318051,1391.709678682928
318052,1178.4960061105492
318053,715.9153994884457
318054,811.067922132944
318055,385.7523719689216
318056,1547.2908465211137
318057,1334.077173948735
318058,871.4965673266316
318059,966.6490899711298
318060,-327.8458349859027
318061,833.6926395662895
318062,620.4789669939107
318063,157.89836037180748
318064,253.0508830163056
318065,119.574903709164
318066,1281.113378261356
318067,1067.8997056889775
318068,605.3190990668741
318069,700.4716217113722
318070,275.15607154734994
318071,1436.694546099542
318072,1223.4808735271633
318073,760.9002669050599
318074,856.052789549558
318075,-319.77249704462633
318076,841.7659775075658
318077,628.5523049351871
318078,165.97169831308372
318079,261.1242209575819
318080,127.64824165044035
318081,1289.1867162026324
318082,1075.9730436302536
318083,613.3924370081504
318084,708.5449596526485
318085,283.2294094886263
318086,1444.7678840408184
318087,1231.5542114684395
318088,768.9736048463362
318089,864.1261274908344
318090,-525.7041853662306
318091,635.8342891859614
318092,422.62061661358274
318093,-39.95999000852055
318094,55.192532635977614
318095,-78.28344667116403
318096,1083.2550278810281
318097,870.0413553086494
318098,407.460748686546
318099,502.6132713310442
318100,77.2977211670219
318101,1238.836195719214
318102,1025.6225231468352
318103,563.0419165247318
318104,658.19443916923
318105,-1150.596530267014
318106,10.941944285177783
318107,-202.27172828720086
318108,-664.8523349093041
318109,-569.699812264806
318110,-703.1757915719475
318111,458.3626829802445
318112,245.14901040786572
318113,-217.43159621423763
318114,-122.27907356973947
318115,-547.5946237337619
318116,613.9438508184303
318117,400.73017824605154
318118,-61.85042837605181
318119,33.30209426844635
318120,355.56735222054454
318121,1517.1058267727367
318122,1303.8921542003577
318123,841.3115475782545
318124,936.4640702227526
318125,802.9880909156111
318126,1964.5265654678033
318127,1751.3128928954243
318128,1288.732286273321
318129,1383.884808917819
318130,958.569258753797
318131,2120.1077333059893
318132,1906.8940607336103
318133,1444.3134541115069
318134,1539.4659767560051
318135,-204.91028609105513
318136,956.6281884611369
318137,743.4145158887583
318138,280.8339092666549
318139,375.9864319111531
318140,242.5104526040115
318141,1404.0489271562037
318142,1190.8352545838247
318143,728.2546479617215
318144,823.4071706062197
318145,398.0916204421974
318146,1559.6300949943895
318147,1346.4164224220108
318148,883.8358157999073
318149,978.9883384444056
318150,-315.5065865126269
318151,846.0318880395653
318152,632.8182154671865
318153,170.2376088450833
318154,265.39013148958134
318155,131.9141521824398
318156,1293.4526267346318
318157,1080.2389541622533
318158,617.6583475401499
318159,712.810870184648
318160,287.4953200206257
318161,1449.033794572818
318162,1235.820122000439
318163,773.2395153783357
318164,868.3920380228338
318165,-307.43324857135053
318166,854.1052259808416
318167,640.8915534084629
318168,178.31094678635952
318169,273.4634694308577
318170,139.98749012371616
318171,1301.5259646759082
318172,1088.3122921035294
318173,625.7316854814262
318174,720.8842081259243
318175,295.56865796190203
318176,1457.107132514094
318177,1243.8934599417153
318178,781.312853319612
318179,876.4653759641102
318180,-513.3649368929548
318181,648.1735376592372
318182,434.9598650868585
318183,-27.62074153524486
318184,67.5317811092533
318185,-65.94419819788823
318186,1095.594276354304
318187,882.3806037819252
318188,419.79999715982177
318189,514.95251980432
318190,89.6369696402976
318191,1251.1754441924897
318192,1037.961771620111
318193,575.3811649980076
318194,670.5336876425058
318195,-1138.2572817937385
318196,23.281192758453585
318197,-189.93247981392517
318198,-652.5130864360285
318199,-557.3605637915302
318200,-690.8365430986719
318201,470.7019314535202
318202,257.48825888114146
318203,-205.09234774096183
318204,-109.93982509646366
318205,-535.2553752604861
318206,626.283099291706
318207,413.06942671932734
318208,-49.51117990277612
318209,45.64134274172204
318210,367.9066006938203
318211,1529.4450752460125
318212,1316.2314026736335
318213,853.6507960515303
318214,948.8033186960283
318215,815.3273393888869
318216,1976.8658139410788
318217,1763.6521413687
318218,1301.0715347465969
318219,1396.224057391095
318220,970.9085072270727
318221,2132.446981779265
318222,1919.2333092068861
318223,1456.6527025847827
318224,1551.805225229281
318225,-192.57103761777944
318226,968.9674369344128
318227,755.753764362034
318228,293.1731577399307
318229,388.32568038442884
318230,254.8497010772873
318231,1416.3881756294795
318232,1203.1745030571005
318233,740.5938964349973
318234,835.7464190794955
318235,410.4308689154731
318236,1571.969343467665
318237,1358.7556708952866
318238,896.1750642731831
318239,991.3275869176814
318240,-226.63523304062392
318241,934.9032415115682
318242,721.6895689391894
318243,259.10896231708614
318244,354.2614849615843
318245,220.78550565444266
318246,1382.3239802066348
318247,1169.110307634256
318248,706.5297010121527
318249,801.6822236566509
318250,376.3666734926285
318251,1537.9051480448206
318252,1324.6914754724419
318253,862.1108688503385
318254,957.2633914948367
318255,-218.56189509934745
318256,942.9765794528445
318257,729.7629068804657
318258,267.18230025836243
318259,362.3348229028606
318260,228.85884359571912
318261,1390.3973181479112
318262,1177.1836455755324
318263,714.6030389534291
318264,809.7555615979272
318265,384.44001143390494
318266,1545.978485986097
318267,1332.7648134137182
318268,870.1842067916148
318269,965.336729436113
318270,-424.49358342095206
318271,737.0448911312401
318272,523.8312185588613
318273,61.250611936758105
318274,156.40313458125627
318275,22.927155274114625
318276,1184.4656298263067
318277,971.2519572539279
318278,508.6713506318247
318279,603.8238732763228
318280,178.50832311230045
318281,1340.0467976644927
318282,1126.8331250921137
318283,664.2525184700105
318284,759.4050411145087
318285,-1049.3859283217355
318286,112.15254623045655
318287,-101.0611263419222
318288,-563.6417329640256
318289,-468.4892103195275
318290,-601.9651896266689
318291,559.5732849255231
318292,346.35961235314437
318293,-116.22099426895898
318294,-21.068471624460813
318295,-446.3840217884833
318296,715.154452763709
318297,501.9407801913302
318298,39.360173569226845
318299,134.512696213725
318300,456.7779541658232
318301,1618.3164287180152
318302,1405.1027561456365
318303,942.5221495235332
318304,1037.6746721680315
318305,904.1986928608898
318306,2065.737167413082
318307,1852.523494840703
318308,1389.9428882185998
318309,1485.095410863098
318310,1059.7798606990755
318311,2221.318335251268
318312,2008.104662678889
318313,1545.5240560567856
318314,1640.6765787012837
318315,-103.69968414577636
318316,1057.8387904064157
318317,844.6251178340369
318318,382.04451121193364
318319,477.19703385643174
318320,343.7210545492902
318321,1505.2595291014823
318322,1292.0458565291035
318323,829.4652499070003
318324,924.6177725514983
318325,499.30222238747604
318326,1660.840696939668
318327,1447.6270243672893
318328,985.0464177451861
318329,1080.1989403896841
318330,-214.2959845673481
318331,947.2424899848439
318332,734.0288174124652
318333,271.44821079036194
318334,366.60073343486005
318335,233.12475412771857
318336,1394.6632286799106
318337,1181.4495561075319
318338,718.8689494854285
318339,814.0214721299267
318340,388.7059219659044
318341,1550.2443965180964
318342,1337.0307239457177
318343,874.4501173236144
318344,969.6026399681125
318345,-206.22264662607176
318346,955.3158279261203
318347,742.1021553537415
318348,279.5215487316382
318349,374.67407137613634
318350,241.19809206899487
318351,1402.736566621187
318352,1189.5228940488082
318353,726.9422874267049
318354,822.094810071203
318355,396.77925990718063
318356,1558.3177344593728
318357,1345.104061886994
318358,882.5234552648907
318359,977.6759779093888
318360,-412.15433494767603
318361,749.3841396045159
318362,536.1704670321371
318363,73.5898604100339
318364,168.74238305453207
318365,35.26640374739054
318366,1196.8048782995825
318367,983.5912057272038
318368,521.0105991051005
318369,616.1631217495986
318370,190.84757158557636
318371,1352.3860461377683
318372,1139.1723735653895
318373,676.5917669432863
318374,771.7442895877845
318375,-1037.0466798484597
318376,124.49179470373224
318377,-88.72187786864652
318378,-551.3024844907497
318379,-456.1499618462517
318380,-589.6259411533931
318381,571.9125333987989
318382,358.6988608264202
318383,-103.88174579568317
318384,-8.72922315118501
318385,-434.0447733152073
318386,727.4937012369847
318387,514.280028664606
318388,51.69942204250265
318389,146.8519446870008
318390,469.11720263909905
318391,1630.655677191291
318392,1417.4420046189123
318393,954.861397996809
318394,1050.013920641307
318395,916.5379413341657
318396,2078.0764158863576
318397,1864.8627433139789
318398,1402.2821366918756
318399,1497.434659336374
318400,1072.1191091723515
318401,2233.6575837245437
318402,2020.443911152165
318403,1557.8633045300614
318404,1653.0158271745595
318405,-91.36043567250067
318406,1070.1780388796915
318407,856.9643663073127
318408,394.3837596852094
318409,489.53628232970755
318410,356.06030302256596
318411,1517.598777574758
318412,1304.3851050023793
318413,841.804498380276
318414,936.9570210247741
318415,511.64147086075184
318416,1673.1799454129439
318417,1459.9662728405651
318418,997.3856662184619
318419,1092.53818886296
318420,-364.85511597031154
318421,796.6833585818805
318422,583.4696860095019
318423,120.88907938739851
318424,216.04160203189667
318425,82.56562272475503
318426,1244.104097276947
318427,1030.8904247045684
318428,568.309818082465
318429,663.4623407269632
318430,238.14679056294085
318431,1399.685265115133
318432,1186.4715925427543
318433,723.8909859206509
318434,819.0435085651491
318435,-356.7817780290352
318436,804.7566965231568
318437,591.5430239507781
318438,128.96241732867475
318439,224.1149399731729
318440,90.63896066603138
318441,1252.1774352182233
318442,1038.9637626458448
318443,576.3831560237413
318444,671.5356786682395
318445,246.22012850421726
318446,1407.7586030564094
318447,1194.5449304840306
318448,731.9643238619271
318449,827.1168465064254
318450,-562.7134663506397
318451,598.8250082015525
318452,385.6113356291737
318453,-76.96927099292964
318454,18.183251651568526
318455,-115.292727655573
318456,1046.245746896619
318457,833.0320743242404
318458,370.45146770213705
318459,465.60399034663516
318460,40.28844018261293
318461,1201.8269147348049
318462,988.6132421624262
318463,526.0326355403229
318464,621.185158184821
318465,-1187.6058112514231
318466,-26.06733669923119
318467,-239.28100927160995
318468,-701.8616158937132
318469,-606.7090932492151
318470,-740.1850725563565
318471,421.35340199583544
318472,208.13972942345674
318473,-254.4408771986466
318474,-159.28835455414844
318475,-584.6039047181707
318476,576.9345698340212
318477,363.72089726164256
318478,-98.85970936046078
318479,-3.707186715962621
318480,318.55807123613556
318481,1480.0965457883276
318482,1266.8828732159488
318483,804.3022665938455
318484,899.4547892383437
318485,765.9788099312021
318486,1927.5172844833942
318487,1714.3036119110154
318488,1251.7230052889122
318489,1346.8755279334102
318490,921.5599777693881
318491,2083.09845232158
318492,1869.8847797492012
318493,1407.304173127098
318494,1502.456695771596
318495,-241.919567075464
318496,919.618907476728
318497,706.4052349043493
318498,243.82462828224595
318499,338.9771509267441
318500,205.5011716196026
318501,1367.0396461717946
318502,1153.8259735994159
318503,691.2453669773125
318504,786.3978896218107
318505,361.08233945778846
318506,1522.6208140099804
318507,1309.4071414376017
318508,846.8265348154983
318509,941.9790574599965
318510,-352.51586749703574
318511,809.0226070551563
318512,595.8089344827775
318513,133.2283278606742
318514,228.38085050517236
318515,94.90487119803083
318516,1256.443345750223
318517,1043.2296731778442
318518,580.6490665557408
318519,675.801589200239
318520,250.48603903621665
318521,1412.0245135884088
318522,1198.81084101603
318523,736.2302343939267
318524,831.3827570384249
318525,-344.4425295557594
318526,817.0959449964326
318527,603.8822724240539
318528,141.30166580195055
318529,236.4541884464487
318530,102.97820913930718
318531,1264.516683691499
318532,1051.3030111191206
318533,588.7224044970171
318534,683.8749271415153
318535,258.559376977493
318536,1420.0978515296852
318537,1206.8841789573064
318538,744.3035723352031
318539,839.4560949797012
318540,-550.3742178773639
318541,611.1642566748283
318542,397.9505841024495
318543,-64.63002251965372
318544,30.522500124844328
318545,-102.9534791822972
318546,1058.5849953698948
318547,845.3713227975161
318548,382.7907161754128
318549,477.94323881991096
318550,52.62768865588862
318551,1214.1661632080807
318552,1000.9524906357019
318553,538.3718840135987
318554,633.5244066580968
318555,-1175.2665627781473
318556,-13.72808822595539
318557,-226.94176079833414
318558,-689.5223674204374
318559,-594.3698447759391
318560,-727.8458240830807
318561,433.69265046911124
318562,220.47897789673254
318563,-242.1016287253708
318564,-146.94910608087264
318565,-572.2646562448951
318566,589.273818307297
318567,376.0601457349183
318568,-86.52046088718498
318569,8.632061757313068
318570,330.8973197094113
318571,1492.4357942616034
318572,1279.2221216892247
318573,816.6415150671213
318574,911.7940377116195
318575,778.3180584044779
318576,1939.85653295667
318577,1726.6428603842915
318578,1264.062253762188
318579,1359.2147764066863
318580,933.8992262426638
318581,2095.437700794856
318582,1882.224028222477
318583,1419.6434216003738
318584,1514.7959442448719
318585,-229.5803186021883
318586,931.9581559500037
318587,718.7444833776251
318588,256.1638767555217
318589,351.31639940001986
318590,217.84042009287828
318591,1379.3788946450704
318592,1166.1652220726917
318593,703.5846154505883
318594,798.7371380950865
318595,373.4215879310641
318596,1534.9600624832563
318597,1321.7463899108775
318598,859.1657832887742
318599,954.3183059332723
318600,-340.17661902375994
318601,821.3618555284321
318602,608.1481829560535
318603,145.56757633395011
318604,240.72009897844822
318605,107.24411967130663
318606,1268.7825942234988
318607,1055.56892165112
318608,592.9883150290166
318609,688.1408376735149
318610,262.82528750949245
318611,1424.3637620616846
318612,1211.1500894893059
318613,748.5694828672025
318614,843.7220055117007
318615,-332.1032810824836
318616,829.4351934697083
318617,616.2215208973297
318618,153.64091427522635
318619,248.7934369197245
318620,115.31745761258298
318621,1276.855932164775
318622,1063.6422595923964
318623,601.0616529702929
318624,696.2141756147911
318625,270.8986254507688
318626,1432.437100002961
318627,1219.2234274305822
318628,756.6428208084787
318629,851.795343452977
318630,-538.0349694040881
318631,623.5035051481041
318632,410.2898325757253
318633,-52.29077404637792
318634,42.86174859812024
318635,-90.61423070902151
318636,1070.9242438431706
318637,857.7105712707919
318638,395.1299646486886
318639,490.28248729318676
318640,64.96693712916442
318641,1226.5054116813567
318642,1013.2917391089778
318643,550.7111324868745
318644,645.8636551313726
318645,-1162.9273143048715
318646,-1.388839752679587
318647,-214.60251232505823
318648,-677.1831189471616
318649,-582.0305963026635
318650,-715.5065756098049
318651,446.0318989423871
318652,232.81822637000835
318653,-229.762380252095
318654,-134.60985760759684
318655,-559.9254077716193
318656,601.6130667805729
318657,388.39939420819417
318658,-74.18121241390918
318659,20.971310230588983
318660,343.2365681826871
318661,1504.7750427348792
318662,1291.5613701625005
318663,828.9807635403972
318664,924.1332861848953
318665,790.6573068777536
318666,1952.1957814299458
318667,1738.982108857567
318668,1276.4015022354638
318669,1371.5540248799618
318670,946.2384747159396
318671,2107.776949268132
318672,1894.563276695753
318673,1431.9826700736496
318674,1527.1351927181477
318675,-217.2410701289125
318676,944.2974044232795
318677,731.0837318509009
318678,268.50312522879756
318679,363.6556478732957
318680,230.17966856615408
318681,1391.7181431183462
318682,1178.5044705459675
318683,715.9238639238641
318684,811.0763865683623
318685,385.76083640434
318686,1547.299310956532
318687,1334.0856383841533
318688,871.5050317620501
318689,966.6575544065481
318690,-327.83737055048414
318691,833.7011040017079
318692,620.4874314293293
318693,157.9068248072258
318694,253.05934745172402
318695,119.58336814458244
318696,1281.1218426967744
318697,1067.9081701243958
318698,605.3275635022924
318699,700.4800861467907
318700,275.1645359827683
318701,1436.7030105349604
318702,1223.4893379625817
318703,760.9087313404783
318704,856.0612539849765
318705,-319.7640326092078
318706,841.7744419429843
318707,628.5607693706055
318708,165.98016274850215
318709,261.1326853930003
318710,127.65670608585879
318711,1289.1951806380507
318712,1075.9815080656722
318713,613.4009014435687
318714,708.5534240880669
318715,283.23787392404466
318716,1444.7763484762368
318717,1231.562675903858
318718,768.9820692817545
318719,864.1345919262528
318720,-525.6957209308123
318721,635.8427536213799
318722,422.62908104900106
318723,-39.95152557310223
318724,55.20099707139593
318725,-78.2749822357456
318726,1083.2634923164464
318727,870.0498197440677
318728,407.4692131219644
318729,502.62173576646256
318730,77.30618560244034
318731,1238.8446601546323
318732,1025.6309875822535
318733,563.0503809601503
318734,658.2029036046484
318735,-1150.5880658315957
318736,10.950408720596215
318737,-202.26326385178254
318738,-664.8438704738858
318739,-569.6913478293877
318740,-703.1673271365291
318741,458.3711474156628
318742,245.15747484328415
318743,-217.4231317788192
318744,-122.27060913432103
318745,-547.5861592983433
318746,613.9523152538486
318747,400.7386426814699
318748,-61.84196394063338
318749,33.310558703864785
318750,355.57581665596297
318751,1517.114291208155
318752,1303.9006186357763
318753,841.3200120136729
318754,936.4725346581711
318755,802.9965553510295
318756,1964.5350299032216
318757,1751.3213573308428
318758,1288.7407507087396
318759,1383.8932733532376
318760,958.5777231892155
318761,2120.1161977414076
318762,1906.9025251690286
318763,1444.3219185469254
318764,1539.4744411914235
318765,-204.9018216556367
318766,956.6366528965555
318767,743.4229803241767
318768,280.84237370207336
318769,375.9948963465715
318770,242.51891703942988
318771,1404.057391591622
318772,1190.8437190192433
318773,728.2631123971399
318774,823.4156350416381
318775,398.10008487761576
318776,1559.6385594298079
318777,1346.424886857429
318778,883.8442802353258
318779,978.9968028798239
318780,-315.49812207720834
318781,846.0403524749837
318782,632.826679902605
318783,170.2460732805016
318784,265.39859592499977
318785,131.92261661785824
318786,1293.4610911700502
318787,1080.2474185976716
318788,617.6668119755682
318789,712.8193346200665
318790,287.50378445604406
318791,1449.0422590082362
318792,1235.8285864358575
318793,773.2479798137541
318794,868.4005024582523
318795,-307.424784135932
318796,854.1136904162599
318797,640.9000178438813
318798,178.31941122177795
318799,273.4719338662761
318800,139.9959545591346
318801,1301.5344291113265
318802,1088.320756538948
318803,625.7401499168445
318804,720.8926725613427
318805,295.5771223973204
318806,1457.1155969495126
318807,1243.9019243771336
318808,781.3213177550303
318809,876.4738403995286
318810,-513.3564724575365
318811,648.1820020946557
318812,434.9683295222769
318813,-27.612277099826315
318814,67.54024554467173
318815,-65.9357337624698
318816,1095.6027407897222
318817,882.3890682173435
318818,419.8084615952402
318819,514.9609842397383
318820,89.64543407571603
318821,1251.183908627908
318822,1037.9702360555293
318823,575.3896294334261
318824,670.5421520779242
318825,-1138.2488173583201
318826,23.289657193872017
318827,-189.92401537850674
318828,-652.5046220006102
318829,-557.3520993561119
318830,-690.8280786632533
318831,470.71039588893865
318832,257.4967233165599
318833,-205.0838833055434
318834,-109.93136066104523
318835,-535.2469108250677
318836,626.2915637271244
318837,413.0778911547457
318838,-49.502715467357575
318839,45.649807177140474
318840,367.9150651292387
318841,1529.4535396814308
318842,1316.239867109052
318843,853.6592604869486
318844,948.8117831314469
318845,815.3358038243053
318846,1976.8742783764974
318847,1763.6606058041186
318848,1301.0799991820154
318849,1396.2325218265134
318850,970.9169716624912
318851,2132.4554462146834
318852,1919.2417736423045
318853,1456.661167020201
318854,1551.8136896646993
318855,-192.5625731823609
318856,968.9759013698311
318857,755.7622287974525
318858,293.1816221753491
318859,388.33414481984727
318860,254.85816551270568
318861,1416.3966400648978
318862,1203.182967492519
318863,740.6023608704157
318864,835.7548835149139
318865,410.4393333508915
318866,1571.9778079030837
318867,1358.764135330705
318868,896.1835287086016
318869,991.3360513530997
318870,-226.62676860520548
318871,934.9117059469866
318872,721.6980333746078
318873,259.11742675250457
318874,354.26994939700273
318875,220.7939700898611
318876,1382.3324446420534
318877,1169.1187720696744
318878,706.5381654475711
318879,801.6906880920693
318880,376.3751379280469
318881,1537.913612480239
318882,1324.6999399078604
318883,862.119333285757
318884,957.2718559302551
318885,-218.55343066392902
318886,942.9850438882629
318887,729.7713713158842
318888,267.19076469378086
318889,362.343287338279
318890,228.86730803113755
318891,1390.4057825833297
318892,1177.1921100109507
318893,714.6115033888475
318894,809.7640260333455
318895,384.4484758693234
318896,1545.9869504215153
318897,1332.7732778491365
318898,870.1926712270333
318899,965.3451938715314
318900,-424.4851189855335
318901,737.0533555666585
318902,523.8396829942798
318903,61.25907637217642
318904,156.4115990166747
318905,22.935619709533057
318906,1184.4740942617252
318907,971.2604216893463
318908,508.67981506724306
318909,603.8323377117413
318910,178.51678754771888
318911,1340.055262099911
318912,1126.8415895275323
318913,664.2609829054288
318914,759.4135055499271
318915,-1049.3774638863172
318916,112.16101066587498
318917,-101.05266190650377
318918,-563.633268528607
318919,-468.48074588410896
318920,-601.9567251912506
318921,559.5817493609416
318922,346.3680767885628
318923,-116.21252983354054
318924,-21.06000718904238
318925,-446.3755573530648
318926,715.1629171991274
318927,501.94924462674857
318928,39.36863800464516
318929,134.52116064914344
318930,456.7864186012416
318931,1618.3248931534338
318932,1405.111220581055
318933,942.5306139589517
318934,1037.6831366034498
318935,904.2071572963082
318936,2065.7456318485
318937,1852.5319592761216
318938,1389.9513526540181
318939,1485.1038752985164
318940,1059.788325134494
318941,2221.326799686686
318942,2008.1131271143074
318943,1545.5325204922042
318944,1640.6850431367022
318945,-103.69121971035793
318946,1057.847254841834
318947,844.6335822694554
318948,382.05297564735207
318949,477.2054982918502
318950,343.72951898470865
318951,1505.2679935369008
318952,1292.054320964522
318953,829.4737143424186
318954,924.6262369869168
318955,499.31068682289447
318956,1660.8491613750866
318957,1447.6354888027079
318958,985.0548821806044
318959,1080.2074048251025
318960,-214.28752013192957
318961,947.2509544202624
318962,734.0372818478836
318963,271.4566752257804
318964,366.6091978702785
318965,233.1332185631369
318966,1394.671693115329
318967,1181.4580205429502
318968,718.877413920847
318969,814.0299365653451
318970,388.71438640132277
318971,1550.2528609535148
318972,1337.0391883811362
318973,874.4585817590328
318974,969.6111044035309
318975,-206.21418219065345
318976,955.3242923615387
318977,742.11061978916
318978,279.5300131670566
318979,374.68253581155477
318980,241.2065565044133
318981,1402.7450310566053
318982,1189.5313584842265
318983,726.9507518621232
318984,822.1032745066213
318985,396.787724342599
318986,1558.326198894791
318987,1345.1125263224126
318988,882.531919700309
318989,977.6844423448072
318990,-412.1458705122577
318991,749.3926040399343
318992,536.1789314675555
318993,73.59832484545223
318994,168.7508474899504
318995,35.27486818280886
318996,1196.813342735001
318997,983.5996701626223
318998,521.0190635405189
318999,616.1715861850171
319000,190.8560360209948
319001,1352.3945105731868
319002,1139.180838000808
319003,676.6002313787047
319004,771.7527540232029
319005,-1037.0382154130414
319006,124.50025913915067
319007,-88.71341343322797
319008,-551.2940200553314
319009,-456.14149741083315
319010,-589.6174767179748
319011,571.9209978342172
319012,358.7073252618386
319013,-103.87328136026474
319014,-8.720758715766578
319015,-434.03630887978875
319016,727.5021656724031
319017,514.2884931000244
319018,51.70788647792108
319019,146.86040912241924
319020,469.1256670745175
319021,1630.6641416267094
319022,1417.4504690543308
319023,954.8698624322274
319024,1050.0223850767256
319025,916.546405769584
319026,2078.084880321776
319027,1864.8712077493972
319028,1402.290601127294
319029,1497.4431237717922
319030,1072.1275736077698
319031,2233.666048159962
319032,2020.4523755875832
319033,1557.8717689654798
319034,1653.024291609978
319035,-91.35197123708213
319036,1070.1865033151098
319037,856.972830742731
319038,394.3922241206278
319039,489.544746765126
319040,356.0687674579844
319041,1517.6072420101764
319042,1304.3935694377979
319043,841.8129628156944
319044,936.9654854601926
319045,511.6499352961702
319046,1673.1884098483622
319047,1459.9747372759837
319048,997.3941306538802
319049,1092.5466532983783
319050,-364.8466515348932
319051,796.6918230172989
319052,583.4781504449202
319053,120.89754382281683
319054,216.050066467315
319055,82.57408716017346
319056,1244.1125617123655
319057,1030.8988891399867
319058,568.3182825178835
319059,663.4708051623816
319060,238.15525499835928
319061,1399.6937295505513
319062,1186.4800569781728
319063,723.8994503560693
319064,819.0519730005675
319065,-356.7733135936169
319066,804.7651609585752
319067,591.5514883861965
319068,128.97088176409306
319069,224.12340440859134
319070,90.64742510144981
319071,1252.1858996536419
319072,1038.972227081263
319073,576.3916204591598
319074,671.5441431036579
319075,246.22859293963563
319076,1407.7670674918277
319077,1194.553394919449
319078,731.9727882973456
319079,827.1253109418437
319080,-562.7050019152211
319081,598.8334726369709
319082,385.61980006459214
319083,-76.9608065575112
319084,18.191716086986958
319085,-115.28426322015457
319086,1046.2542113320374
319087,833.0405387596587
319088,370.4599321375554
319089,465.6124547820536
319090,40.29690461803125
319091,1201.8353791702234
319092,988.6217065978446
319093,526.0410999757413
319094,621.1936226202395
319095,-1187.5973468160048
319096,-26.05887226381276
319097,-239.2725448361915
319098,-701.8531514582946
319099,-606.7006288137966
319100,-740.1766081209382
319101,421.3618664312539
319102,208.14819385887506
319103,-254.43241276322829
319104,-159.27989011873012
319105,-584.5954402827524
319106,576.9430342694396
319107,363.729361697061
319108,-98.85124492504247
319109,-3.6987222805443025
319110,318.56653567155394
319111,1480.105010223746
319112,1266.8913376513672
319113,804.3107310292639
319114,899.463253673762
319115,765.9872743666206
319116,1927.5257489188125
319117,1714.312076346434
319118,1251.7314697243305
319119,1346.8839923688288
319120,921.5684422048064
319121,2083.1069167569985
319122,1869.8932441846198
319123,1407.3126375625163
319124,1502.4651602070144
319125,-241.91110264004556
319126,919.6273719121464
319127,706.4136993397676
319128,243.83309271766427
319129,338.98561536216243
319130,205.5096360550209
319131,1367.048110607213
319132,1153.8344380348344
319133,691.253831412731
319134,786.4063540572291
319135,361.09080389320684
319136,1522.629278445399
319137,1309.41560587302
319138,846.8349992509168
319139,941.987521895415
319140,-352.5074030616174
319141,809.0310714905747
319142,595.817398918196
319143,133.23679229609274
319144,228.3893149405908
319145,94.91333563344915
319146,1256.4518101856413
319147,1043.2381376132626
319148,580.6575309911592
319149,675.8100536356574
319150,250.49450347163508
319151,1412.0329780238271
319152,1198.8193054514486
319153,736.2386988293451
319154,831.3912214738433
319155,-344.4340651203411
319156,817.1044094318511
319157,603.8907368594723
319158,141.31013023736898
319159,236.46265288186714
319160,102.9866735747255
319161,1264.5251481269177
319162,1051.311475554539
319163,588.7308689324356
319164,683.8833915769337
319165,258.56784141291143
319166,1420.1063159651035
319167,1206.8926433927247
319168,744.3120367706215
319169,839.4645594151195
319170,-550.3657534419453
319171,611.1727211102467
319172,397.95904853786794
319173,-64.6215580842354
319174,30.530964560262873
319175,-102.94501474687877
319176,1058.5934598053132
319177,845.3797872329345
319178,382.7991806108312
319179,477.95170325532933
319180,52.63615309130705
319181,1214.1746276434992
319182,1000.9609550711205
319183,538.380348449017
319184,633.5328710935153
319185,-1175.258098342729
319186,-13.719623790536843
319187,-226.9332963629156
319188,-689.5139029850191
319189,-594.3613803405208
319190,-727.8373596476624
319191,433.7011149045297
319192,220.48744233215098
319193,-242.09316428995237
319194,-146.9406416454542
319195,-572.2561918094766
319196,589.2822827427156
319197,376.06861017033674
319198,-86.51199645176666
319199,8.640526192731613
319200,330.90578414482974
319201,1492.4442586970217
319202,1279.230586124643
319203,816.6499795025397
319204,911.802502147038
319205,778.3265228398964
319206,1939.8649973920885
319207,1726.6513248197098
319208,1264.0707181976063
319209,1359.2232408421046
319210,933.9076906780822
319211,2095.4461652302743
319212,1882.2324926578956
319213,1419.6518860357921
319214,1514.8044086802904
319215,-229.57185416676998
319216,931.9666203854222
319217,718.7529478130434
319218,256.17234119094013
319219,351.3248638354383
319220,217.8488845282967
319221,1379.3873590804887
319222,1166.1736865081102
319223,703.5930798860068
319224,798.7456025305049
319225,373.4300523664825
319226,1534.9685269186748
319227,1321.7548543462958
319228,859.1742477241926
319229,954.3267703686907
319230,-340.1681545883416
319231,821.3703199638505
319232,608.1566473914718
319233,145.57604076936843
319234,240.7285634138666
319235,107.25258410672495
319236,1268.791058658917
319237,1055.5773860865384
319238,592.996779464435
319239,688.1493021089332
319240,262.8337519449109
319241,1424.372226497103
319242,1211.1585539247242
319243,748.5779473026209
319244,843.7304699471191
319245,-332.0948166470653
319246,829.4436579051268
319247,616.2299853327481
319248,153.64937871064467
319249,248.8019013551429
319250,115.3259220480013
319251,1276.8643966001932
319252,1063.6507240278147
319253,601.0701174057114
319254,696.2226400502095
319255,270.90708988618724
319256,1432.4455644383793
319257,1219.2318918660005
319258,756.6512852438972
319259,851.8038078883953
319260,-538.0265049686695
319261,623.5119695835225
319262,410.29829701114375
319263,-52.28230961095949
319264,42.870213033538676
319265,-90.60576627360308
319266,1070.932708278589
319267,857.7190357062103
319268,395.138429084107
319269,490.29095172860514
319270,64.97540156458285
319271,1226.513876116775
319272,1013.3002035443963
319273,550.7195969222928
319274,645.8721195667911
319275,-1162.9188498694532
319276,-1.380375317261155
319277,-214.5940478896399
319278,-677.1746545117433
319279,-582.0221318672452
319280,-715.4981111743866
319281,446.0403633778054
319282,232.82669080542678
319283,-229.75391581667657
319284,-134.6013931721784
319285,-559.9169433362008
319286,601.6215312159912
319287,388.4078586436125
319288,-74.17274797849075
319289,20.979774666007415
319290,343.2450326181055
319291,1504.7835071702975
319292,1291.569834597919
319293,828.9892279758155
319294,924.1417506203137
319295,790.6657713131721
319296,1952.204245865364
319297,1738.9905732929856
319298,1276.409966670882
319299,1371.5624893153804
319300,946.246939151358
319301,2107.78541370355
319302,1894.5717411311714
319303,1431.9911345090682
319304,1527.1436571535662
319305,-217.23260569349407
319306,944.305868858698
319307,731.0921962863192
319308,268.51158966421593
319309,363.6641123087141
319310,230.1881330015725
319311,1391.7266075537646
319312,1178.512934981386
319313,715.9323283592826
319314,811.0848510037807
319315,385.76930083975844
319316,1547.3077753919504
319317,1334.0941028195716
319318,871.5134961974684
319319,966.6660188419665
319320,-327.8289061150658
319321,833.7095684371263
319322,620.4958958647476
319323,157.91528924264423
319324,253.0678118871424
319325,119.59183258000087
319326,1281.130307132193
319327,1067.9166345598142
319328,605.3360279377108
319329,700.488550582209
319330,275.1730004181867
319331,1436.7114749703787
319332,1223.4978023980002
319333,760.9171957758967
319334,856.0697184203949
319335,-319.75556817378947
319336,841.7829063784026
319337,628.5692338060239
319338,165.98862718392047
319339,261.1411498284187
319340,127.66517052127722
319341,1289.2036450734693
319342,1075.9899725010905
319343,613.4093658789872
319344,708.5618885234853
319345,283.24633835946304
319346,1444.784812911655
319347,1231.5711403392763
319348,768.990533717173
319349,864.1430563616711
319350,-525.6872564953937
319351,635.8512180567983
319352,422.6375454844195
319353,-39.9430611376838
319354,55.209461506814364
319355,-78.26651780032716
319356,1083.2719567518648
319357,870.0582841794861
319358,407.47767755738283
319359,502.63020020188094
319360,77.31465003785866
319361,1238.8531245900508
319362,1025.639452017672
319363,563.0588453955686
319364,658.2113680400669
319365,-1150.5796013961774
319366,10.958873156014647
319367,-202.2547994163641
319368,-664.8354060384675
319369,-569.6828833939694
319370,-703.1588627011108
319371,458.3796118510812
319372,245.16593927870247
319373,-217.41466734340088
319374,-122.26214469890272
319375,-547.577694862925
319376,613.960779689267
319377,400.74710711688834
319378,-61.83349950521506
319379,33.319023139283104
319380,355.58428109138134
319381,1517.1227556435733
319382,1303.9090830711946
319383,841.3284764490913
319384,936.4809990935894
319385,803.005019786448
319386,1964.54349433864
319387,1751.3298217662614
319388,1288.749215144158
319389,1383.9017377886562
319390,958.5861876246338
319391,2120.124662176826
319392,1906.9109896044472
319393,1444.3303829823437
319394,1539.4829056268418
319395,-204.89335722021838
319396,956.6451173319738
319397,743.431444759595
319398,280.8508381374917
319399,376.00336078198984
319400,242.5273814748483
319401,1404.0658560270404
319402,1190.8521834546618
319403,728.2715768325584
319404,823.4240994770565
319405,398.10854931303413
319406,1559.6470238652264
319407,1346.4333512928474
319408,883.8527446707442
319409,979.0052673152423
319410,-315.48965764179
319411,846.0488169104021
319412,632.8351443380234
319413,170.25453771592015
319414,265.4070603604182
319415,131.93108105327656
319416,1293.4695556054687
319417,1080.25588303309
319418,617.6752764109866
319419,712.8277990554848
319420,287.5122488914625
319421,1449.0507234436545
319422,1235.8370508712758
319423,773.2564442491725
319424,868.4089668936707
319425,-307.41631970051367
319426,854.1221548516785
319427,640.9084822792997
319428,178.3278756571964
319429,273.48039830169455
319430,140.0044189945529
319431,1301.542893546745
319432,1088.3292209743663
319433,625.748614352263
319434,720.9011369967611
319435,295.58558683273884
319436,1457.1240613849309
319437,1243.9103888125521
319438,781.3297821904488
319439,876.482304834947
319440,-513.3480080221179
319441,648.1904665300741
319442,434.97679395769535
319443,-27.603812664407997
319444,67.54870998009017
319445,-65.92726932705136
319446,1095.6112052251406
319447,882.3975326527619
319448,419.8169260306586
319449,514.9694486751567
319450,89.65389851113446
319451,1251.1923730633266
319452,1037.9787004909479
319453,575.3980938688444
319454,670.5506165133426
319455,-1138.2403529229016
319456,23.29812162929045
319457,-189.9155509430883
319458,-652.4961575651917
319459,-557.3436349206934
319460,-690.819614227835
319461,470.7188603243571
319462,257.5051877519783
319463,-205.07541887012496
319464,-109.9228962256268
319465,-535.2384463896492
319466,626.3000281625428
319467,413.08635559016415
319468,-49.49425103193926
319469,45.658271612558906
319470,367.92352956465714
319471,1529.4620041168491
319472,1316.2483315444704
319473,853.6677249223671
319474,948.8202475668652
319475,815.3442682597238
319476,1976.8827428119157
319477,1763.669070239537
319478,1301.0884636174337
319479,1396.2409862619318
319480,970.9254360979096
319481,2132.4639106501018
319482,1919.250238077723
319483,1456.6696314556195
319484,1551.8221541001176
319485,-192.55410874694257
319486,968.9843658052496
319487,755.7706932328708
319488,293.19008661076754
319489,388.3426092552657
319490,254.8666299481241
319491,1416.4051045003162
319492,1203.1914319279376
319493,740.6108253058342
319494,835.7633479503323
319495,410.44779778630993
319496,1571.9862723385022
319497,1358.7725997661232
319498,896.19199314402
319499,991.3445157885182
319500,-226.61830416978705
319501,934.920170382405
319502,721.7064978100262
319503,259.12589118792295
319504,354.2784138324211
319505,220.80243452527952
319506,1382.3409090774717
319507,1169.1272365050927
319508,706.5466298829895
319509,801.6991525274877
319510,376.3836023634653
319511,1537.9220769156573
319512,1324.7084043432787
319513,862.1277977211753
319514,957.2803203656736
319515,-218.5449662285107
319516,942.9935083236812
319517,729.7798357513025
319518,267.19922912919924
319519,362.3517517736974
319520,228.875772466556
319521,1390.414247018748
319522,1177.200574446369
319523,714.6199678242658
319524,809.772490468764
319525,384.45694030474175
319526,1545.9954148569336
319527,1332.781742284555
319528,870.2011356624516
319529,965.3536583069498
319530,-424.476654550115
319531,737.061820002077
319532,523.8481474296982
319533,61.26754080759497
319534,156.42006345209313
319535,22.944084144951375
319536,1184.4825586971435
319537,971.2688861247648
319538,508.6882795026615
319539,603.8408021471596
319540,178.5252519831373
319541,1340.0637265353294
319542,1126.8500539629506
319543,664.2694473408473
319544,759.4219699853454
319545,-1049.3689994508989
319546,112.1694751012933
319547,-101.04419747108534
319548,-563.6248040931887
319549,-468.47228144869064
319550,-601.9482607558323
319551,559.5902137963599
319552,346.3765412239811
319553,-116.20406539812211
319554,-21.05154275362395
319555,-446.36709291764623
319556,715.1713816345457
319557,501.957709062167
319558,39.37710244006371
319559,134.52962508456187
319560,456.79488303666
319561,1618.333357588852
319562,1405.1196850164733
319563,942.5390783943701
319564,1037.6916010388682
319565,904.2156217317265
319566,2065.7540962839184
319567,1852.54042371154
319568,1389.9598170894367
319569,1485.1123397339347
319570,1059.7967895699123
319571,2221.3352641221045
319572,2008.1215915497257
319573,1545.5409849276225
319574,1640.6935075721206
319575,-103.68275527493961
319576,1057.8557192772525
319577,844.6420467048738
319578,382.06144008277045
319579,477.2139627272686
319580,343.737983420127
319581,1505.2764579723191
319582,1292.0627853999404
319583,829.482178777837
319584,924.6347014223352
319585,499.31915125831284
319586,1660.857625810505
319587,1447.6439532381262
319588,985.0633466160228
319589,1080.215869260521
319590,-214.27905569651125
319591,947.2594188556808
319592,734.045746283302
319593,271.46513966119875
319594,366.61766230569685
319595,233.14168299855532
319596,1394.6801575507475
319597,1181.4664849783687
319598,718.8858783562653
319599,814.0384010007635
319600,388.7228508367412
319601,1550.261325388933
319602,1337.0476528165545
319603,874.4670461944512
319604,969.6195688389494
319605,-206.205717755235
319606,955.332756796957
319607,742.1190842245783
319608,279.53847760247504
319609,374.6910002469732
319610,241.21502093983167
319611,1402.7534954920238
319612,1189.5398229196448
319613,726.9592162975416
319614,822.1117389420398
319615,396.79618877801744
319616,1558.3346633302094
319617,1345.120990757831
319618,882.5403841357274
319619,977.6929067802256
319620,-412.13740607683917
319621,749.4010684753528
319622,536.187395902974
319623,73.60678928087066
319624,168.75931192536882
319625,35.28333261822729
319626,1196.8218071704193
319627,983.6081345980406
319628,521.0275279759373
319629,616.1800506204354
319630,190.86450045641323
319631,1352.4029750086052
319632,1139.1893024362264
319633,676.6086958141232
319634,771.7612184586212
319635,-1037.029750977623
319636,124.5087235745691
319637,-88.70494899780965
319638,-551.2855556199131
319639,-456.13303297541484
319640,-589.6090122825565
319641,571.9294622696357
319642,358.71578969725704
319643,-103.86481692484642
319644,-8.71229428034826
319645,-434.02784444437043
319646,727.5106301078215
319647,514.2969575354427
319648,51.7163509133394
319649,146.86887355783756
319650,469.13413150993586
319651,1630.672606062128
319652,1417.4589334897491
319653,954.8783268676458
319654,1050.030849512144
319655,916.5548702050024
319656,2078.0933447571942
319657,1864.8796721848157
319658,1402.2990655627123
319659,1497.4515882072105
319660,1072.1360380431884
319661,2233.6745125953803
319662,2020.4608400230015
319663,1557.8802334008983
319664,1653.0327560453964
319665,-91.3435068016638
319666,1070.1949677505281
319667,856.9812951781495
319668,394.4006885560462
319669,489.55321120054435
319670,356.07723189340277
319671,1517.615706445595
319672,1304.4020338732162
319673,841.8214272511128
319674,936.973949895611
319675,511.65839973158864
319676,1673.1968742837807
319677,1459.983201711402
319678,997.4025950892986
319679,1092.5551177337968
319680,-364.8381870994747
319681,796.7002874527174
319682,583.4866148803386
319683,120.90600825823526
319684,216.05853090273342
319685,82.5825515955919
319686,1244.121026147784
319687,1030.907353575405
319688,568.3267469533018
319689,663.4792695978
319690,238.16371943377771
319691,1399.7021939859696
319692,1186.4885214135911
319693,723.9079147914878
319694,819.0604374359859
319695,-356.76484915819833
319696,804.7736253939936
319697,591.5599528216148
319698,128.9793461995116
319699,224.13186884400966
319700,90.65588953686824
319701,1252.1943640890604
319702,1038.9806915166814
319703,576.4000848945782
319704,671.5526075390763
319705,246.23705737505406
319706,1407.775531927246
319707,1194.5618593548675
319708,731.981252732764
319709,827.1337753772622
319710,-562.6965374798026
319711,598.8419370723893
319712,385.6282645000106
319713,-76.95234212209277
319714,18.20018052240539
319715,-115.27579878473614
319716,1046.262675767456
319717,833.0490031950771
319718,370.4683965729738
319719,465.62091921747196
319720,40.30536905344968
319721,1201.8438436056417
319722,988.630171033263
319723,526.0495644111597
319724,621.2020870556578
319725,-1187.5888823805865
319726,-26.050407828394327
319727,-239.26408040077308
319728,-701.8446870228763
319729,-606.6921643783783
319730,-740.1681436855199
319731,421.3703308666723
319732,208.1566582942935
319733,-254.42394832780974
319734,-159.2714256833117
319735,-584.5869758473339
319736,576.9514987048581
319737,363.7378261324793
319738,-98.84278048962403
319739,-3.6902578451258705
319740,318.57500010697237
319741,1480.1134746591642
319742,1266.8998020867857
319743,804.3191954646823
319744,899.4717181091805
319745,765.995738802039
319746,1927.534213354231
319747,1714.3205407818523
319748,1251.7399341597488
319749,1346.892456804247
319750,921.5769066402248
319751,2083.115381192417
319752,1869.901708620038
319753,1407.3211019979349
319754,1502.473624642433
319755,-241.90263820462724
319756,919.6358363475648
319757,706.422163775186
319758,243.8415571530827
319759,338.99407979758087
319760,205.51810049043934
319761,1367.0565750426315
319762,1153.8429024702527
319763,691.2622958481494
319764,786.4148184926476
319765,361.09926832862527
319766,1522.6377428808173
319767,1309.4240703084386
319768,846.8434636863352
319769,941.9959863308334
319770,-352.4989386261989
319771,809.039535925993
319772,595.8258633536144
319773,133.24525673151106
319774,228.39777937600923
319775,94.92180006886758
319776,1256.4602746210596
319777,1043.2466020486809
319778,580.6659954265776
319779,675.8185180710758
319780,250.50296790705352
319781,1412.0414424592454
319782,1198.827769886867
319783,736.2471632647636
319784,831.3996859092617
319785,-344.42560068492253
319786,817.1128738672694
319787,603.8992012948906
319788,141.3185946727874
319789,236.47111731728546
319790,102.99513801014393
319791,1264.533612562336
319792,1051.3199399899572
319793,588.739333367854
319794,683.8918560123522
319795,258.57630584832987
319796,1420.1147804005218
319797,1206.9011078281433
319798,744.3205012060398
319799,839.473023850538
319800,-550.3572890065268
319801,611.1811855456651
319802,397.9675129732864
319803,-64.61309364881686
319804,30.53942899568119
319805,-102.93655031146045
319806,1058.6019242407317
319807,845.388251668353
319808,382.8076450462496
319809,477.96016769074777
319810,52.64461752672548
319811,1214.1830920789175
319812,1000.9694195065388
319813,538.3888128844354
319814,633.5413355289336
319815,-1175.2496339073107
319816,-13.711159355118525
319817,-226.92483192749728
319818,-689.5054385496007
319819,-594.3529159051025
319820,-727.8288952122441
319821,433.709579339948
319822,220.4959067675694
319823,-242.08469985453394
319824,-146.93217721003577
319825,-572.2477273740581
319826,589.2907471781339
319827,376.0770746057551
319828,-86.50353201634812
319829,8.648990628149932
319830,330.9142485802481
319831,1492.45272313244
319832,1279.2390505600615
319833,816.658443937958
319834,911.8109665824563
319835,778.3349872753147
319836,1939.8734618275068
319837,1726.659789255128
319838,1264.0791826330246
319839,1359.231705277523
319840,933.9161551135006
319841,2095.4546296656927
319842,1882.240957093314
319843,1419.6603504712107
319844,1514.812873115709
319845,-229.56338973135155
319846,931.9750848208406
319847,718.7614122484619
319848,256.1808056263585
319849,351.33332827085667
319850,217.85734896371514
319851,1379.395823515907
319852,1166.1821509435285
319853,703.6015443214251
319854,798.7540669659234
319855,373.43851680190096
319856,1534.9769913540931
319857,1321.7633187817144
319858,859.182712159611
319859,954.3352348041092
319860,-340.1596901529233
319861,821.3787843992689
319862,608.1651118268901
319863,145.58450520478686
319864,240.73702784928497
319865,107.26104854214339
319866,1268.7995230943357
319867,1055.5858505219567
319868,593.0052438998534
319869,688.1577665443516
319870,262.8422163803292
319871,1424.3806909325212
319872,1211.1670183601427
319873,748.5864117380393
319874,843.7389343825374
319875,-332.08635221164695
319876,829.4521223405452
319877,616.2384497681664
319878,153.6578431460631
319879,248.81036579056126
319880,115.33438648341973
319881,1276.8728610356118
319882,1063.659188463233
319883,601.0785818411298
319884,696.231104485628
319885,270.91555432160555
319886,1432.4540288737976
319887,1219.240356301419
319888,756.6597496793156
319889,851.8122723238138
319890,-538.0180405332512
319891,623.5204340189408
319892,410.30676144656206
319893,-52.27384517554117
319894,42.878677468956994
319895,-90.59730183818465
319896,1070.9411727140075
319897,857.7275001416288
319898,395.1468935195254
319899,490.29941616402357
319900,64.98386600000117
319901,1226.5223405521933
319902,1013.3086679798146
319903,550.7280613577112
319904,645.8805840022094
319905,-1162.9103854340349
319906,-1.371910881842723
319907,-214.58558345422148
319908,-677.1661900763249
319909,-582.0136674318269
319910,-715.4896467389683
319911,446.04882781322385
319912,232.8351552408451
319913,-229.74545138125825
319914,-134.5929287367601
319915,-559.9084789007825
319916,601.6299956514097
319917,388.4163230790309
319918,-74.16428354307243
319919,20.988239101425734
319920,343.25349705352386
319921,1504.7919716057158
319922,1291.5782990333373
319923,828.9976924112339
319924,924.1502150557321
319925,790.6742357485905
319926,1952.2127103007826
319927,1738.999037728404
319928,1276.4184311063004
319929,1371.5709537507987
319930,946.2554035867763
319931,2107.7938781389685
319932,1894.5802055665897
319933,1431.9995989444865
319934,1527.1521215889845
319935,-217.22414125807563
319936,944.3143332941164
319937,731.1006607217377
319938,268.5200540996343
319939,363.67257674413247
319940,230.19659743699094
319941,1391.7350719891829
319942,1178.5213994168043
319943,715.940792794701
319944,811.0933154391992
319945,385.77776527517676
319946,1547.316239827369
319947,1334.1025672549902
319948,871.5219606328868
319949,966.674483277385
319950,-327.8204416796473
319951,833.7180328725448
319952,620.504360300166
319953,157.92375367806267
319954,253.07627632256083
319955,119.6002970154193
319956,1281.1387715676115
319957,1067.9250989952325
319958,605.3444923731292
319959,700.4970150176274
319960,275.1814648536051
319961,1436.719939405797
319962,1223.5062668334185
319963,760.9256602113151
319964,856.0781828558132
319965,-319.7471037383709
319966,841.791370813821
319967,628.5776982414422
319968,165.99709161933902
319969,261.1496142638371
319970,127.67363495669565
319971,1289.2121095088878
319972,1075.9984369365088
319973,613.4178303144056
319974,708.5703529589038
319975,283.25480279488147
319976,1444.7932773470734
319977,1231.5796047746949
319978,768.9989981525914
319979,864.1515207970896
319980,-525.6787920599752
319981,635.8596824922167
319982,422.6460099198379
319983,-39.93459670226537
319984,55.217925942232796
319985,-78.25805336490873
319986,1083.2804211872833
319987,870.0667486149046
319988,407.4861419928012
319989,502.63866463729937
319990,77.32311447327709
319991,1238.8615890254691
319992,1025.6479164530904
319993,563.067309830987
319994,658.2198324754852
319995,-1150.571136960759
319996,10.967337591433079
319997,-202.24633498094568
319998,-664.8269416030491
319999,-569.6744189585509
320000,-703.1503982656925
320001,458.38807628649965
320002,245.1744037141209
320003,-217.40620290798245
320004,-122.25368026348428
320005,-547.5692304275065
320006,613.9692441246855
320007,400.7555715523067
320008,-61.82503506979663
320009,33.327487574701536
320010,355.5927455267998
320011,1517.1312200789916
320012,1303.9175475066131
320013,841.3369408845097
320014,936.4894635290079
320015,803.0134842218664
320016,1964.5519587740584
320017,1751.3382862016797
320018,1288.7576795795762
320019,1383.9102022240745
320020,958.5946520600522
320021,2120.1331266122443
320022,1906.9194540398655
320023,1444.3388474177623
320024,1539.4913700622603
320025,-204.88489278479983
320026,956.6535817673922
320027,743.4399091950135
320028,280.8593025729101
320029,376.0118252174083
320030,242.5358459102667
320031,1404.074320462459
320032,1190.8606478900801
320033,728.2800412679768
320034,823.432563912475
320035,398.11701374845256
320036,1559.6554883006447
320037,1346.441815728266
320038,883.8612091061626
320039,979.0137317506608
320040,-315.4811932063715
320041,846.0572813458205
320042,632.8436087734418
320043,170.26300215133847
320044,265.4155247958366
320045,131.939545488695
320046,1293.478020040887
320047,1080.2643474685083
320048,617.683740846405
320049,712.8362634909032
320050,287.5207133268809
320051,1449.0591878790729
320052,1235.8455153066943
320053,773.264908684591
320054,868.417431329089
320055,-307.4078552650951
320056,854.1306192870968
320057,640.916946714718
320058,178.3363400926147
320059,273.48886273711287
320060,140.01288342997134
320061,1301.5513579821634
320062,1088.3376854097846
320063,625.7570787876814
320064,720.9096014321796
320065,295.5940512681573
320066,1457.1325258203492
320067,1243.9188532479707
320068,781.3382466258672
320069,876.4907692703654
320070,-513.3395435866994
320071,648.1989309654924
320072,434.9852583931138
320073,-27.59534822898945
320074,67.5571744155086
320075,-65.91880489163304
320076,1095.619669660559
320077,882.4059970881804
320078,419.825390466077
320079,514.9779131105752
320080,89.66236294655289
320081,1251.200837498745
320082,1037.9871649263662
320083,575.4065583042628
320084,670.559080948761
320085,-1138.2318884874833
320086,23.306586064708767
320087,-189.90708650767
320088,-652.4876931297733
320089,-557.3351704852751
320090,-690.8111497924167
320091,470.7273247597754
320092,257.51365218739676
320093,-205.06695443470653
320094,-109.91443179020837
320095,-535.2299819542307
320096,626.3084925979612
320097,413.0948200255825
320098,-49.48578659652071
320099,45.66673604797734
320100,367.9319940000755
320101,1529.4704685522674
320102,1316.256795979889
320103,853.6761893577855
320104,948.8287120022836
320105,815.3527326951421
320106,1976.891207247334
320107,1763.6775346749555
320108,1301.096928052852
320109,1396.2494506973503
320110,970.933900533328
320111,2132.47237508552
320112,1919.2587025131413
320113,1456.678095891038
320114,1551.8306185355361
320115,-192.54564431152414
320116,968.992830240668
320117,755.7791576682893
320118,293.1985510461859
320119,388.3510736906841
320120,254.87509438354255
320121,1416.4135689357345
320122,1203.199896363356
320123,740.6192897412525
320124,835.7718123857508
320125,410.45626222172837
320126,1571.9947367739205
320127,1358.7810642015418
320128,896.2004575794384
320129,991.3529802239366
320130,-226.60983973436873
320131,934.9286348178234
320132,721.7149622454446
320133,259.1343556233413
320134,354.2868782678395
320135,220.81089896069784
320136,1382.34937351289
320137,1169.1357009405112
320138,706.5550943184079
320139,801.7076169629061
320140,376.3920667988837
320141,1537.9305413510758
320142,1324.716868778697
320143,862.1362621565938
320144,957.2887848010919
320145,-218.53650179309227
320146,943.0019727590997
320147,729.7883001867209
320148,267.2076935646176
320149,362.3602162091158
320150,228.8842369019743
320151,1390.4227114541663
320152,1177.2090388817876
320153,714.6284322596842
320154,809.7809549041824
320155,384.4654047401602
320156,1546.0038792923522
320157,1332.7902067199734
320158,870.2096000978701
320159,965.3621227423682
320160,-424.46819011469665
320161,737.0702844374953
320162,523.8566118651165
320163,61.27600524301329
320164,156.42852788751145
320165,22.952548580369807
320166,1184.491023132562
320167,971.2773505601832
320168,508.69674393807986
320169,603.849266582578
320170,178.53371641855574
320171,1340.0721909707477
320172,1126.8585183983691
320173,664.2779117762657
320174,759.4304344207638
320175,-1049.3605350154805
320176,112.17793953671173
320177,-101.03573303566702
320178,-563.6163396577704
320179,-468.4638170132723
320180,-601.939796320414
320181,559.5986782317783
320182,346.38500565939955
320183,-116.1956009627038
320184,-21.04307831820563
320185,-446.3586284822279
320186,715.1798460699641
320187,501.9661734975854
320188,39.38556687548203
320189,134.5380895199802
320190,456.80334747207837
320191,1618.3418220242704
320192,1405.1281494518917
320193,942.5475428297884
320194,1037.7000654742865
320195,904.224086167145
320196,2065.7625607193368
320197,1852.5488881469585
320198,1389.968281524855
320199,1485.120804169353
320200,1059.8052540053309
320201,2221.343728557523
320202,2008.130055985144
320203,1545.5494493630408
320204,1640.701972007539
320205,-103.67429083952118
320206,1057.8641837126709
320207,844.6505111402921
320208,382.0699045181888
320209,477.2224271626869
320210,343.74644785554545
320211,1505.2849224077377
320212,1292.0712498353587
320213,829.4906432132555
320214,924.6431658577536
320215,499.3276156937313
320216,1660.8660902459233
320217,1447.6524176735445
320218,985.0718110514413
320219,1080.2243336959395
320220,-214.27059126109282
320221,947.2678832910992
320222,734.0542107187205
320223,271.4736040966172
320224,366.6261267411153
320225,233.15014743397376
320226,1394.6886219861658
320227,1181.474949413787
320228,718.8943427916837
320229,814.0468654361819
320230,388.7313152721596
320231,1550.2697898243516
320232,1337.0561172519729
320233,874.4755106298696
320234,969.6280332743677
320235,-206.19725331981658
320236,955.3412212323755
320237,742.1275486599967
320238,279.5469420378935
320239,374.69946468239164
320240,241.2234853752501
320241,1402.7619599274421
320242,1189.5482873550634
320243,726.96768073296
320244,822.1202033774582
320245,396.8046532134358
320246,1558.343127765628
320247,1345.1294551932492
320248,882.5488485711459
320249,977.701371215644
320250,-412.12894164142085
320251,749.4095329107712
320252,536.1958603383923
320253,73.61525371628909
320254,168.76777636078725
320255,35.29179705364572
320256,1196.8302716058379
320257,983.616599033459
320258,521.0359924113557
320259,616.1885150558538
320260,190.87296489183154
320261,1352.4114394440235
320262,1139.197766871645
320263,676.6171602495415
320264,771.7696828940396
320265,-1037.0212865422047
320266,124.51718800998754
320267,-88.69648456239122
320268,-551.2770911844948
320269,-456.1245685399965
320270,-589.6005478471379
320271,571.9379267050541
320272,358.72425413267536
320273,-103.85635248942799
320274,-8.703829844929828
320275,-434.0193800089521
320276,727.5190945432399
320277,514.3054219708612
320278,51.72481534875783
320279,146.877337993256
320280,469.1425959453543
320281,1630.6810704975462
320282,1417.4673979251675
320283,954.8867913030642
320284,1050.0393139475623
320285,916.5633346404209
320286,2078.1018091926126
320287,1864.888136620234
320288,1402.3075299981308
320289,1497.4600526426289
320290,1072.1445024786067
320291,2233.6829770307986
320292,2020.4693044584199
320293,1557.8886978363166
320294,1653.041220480815
320295,-91.33504236624537
320296,1070.2034321859467
320297,856.9897596135679
320298,394.4091529914646
320299,489.5616756359628
320300,356.0856963288212
320301,1517.6241708810135
320302,1304.4104983086345
320303,841.8298916865313
320304,936.9824143310294
320305,511.666864167007
320306,1673.205338719199
320307,1459.9916661468203
320308,997.4110595247171
320309,1092.5635821692151
320310,-364.82972266405636
320311,796.7087518881357
320312,583.495079315757
320313,120.91447269365369
320314,216.06699533815186
320315,82.59101603101021
320316,1244.1294905832024
320317,1030.9158180108236
320318,568.3352113887203
320319,663.4877340332184
320320,238.17218386919615
320321,1399.710658421388
320322,1186.4969858490094
320323,723.9163792269062
320324,819.0689018714043
320325,-356.75638472278
320326,804.782089829412
320327,591.5684172570333
320328,128.98781063492993
320329,224.1403332794281
320330,90.66435397228656
320331,1252.2028285244787
320332,1038.9891559521
320333,576.4085493299966
320334,671.5610719744948
320335,246.2455218104725
320336,1407.7839963626643
320337,1194.5703237902858
320338,731.9897171681824
320339,827.1422398126806
320340,-562.6880730443843
320341,598.8504015078076
320342,385.636728935429
320343,-76.94387768667434
320344,18.20864495782382
320345,-115.26733434931771
320346,1046.2711402028742
320347,833.0574676304956
320348,370.47686100839223
320349,465.6293836528904
320350,40.31383348886811
320351,1201.85230804106
320352,988.6386354686814
320353,526.058028846578
320354,621.2105514910762
320355,-1187.5804179451682
320356,-26.04194339297601
320357,-239.25561596535476
320358,-701.836222587458
320359,-606.68369994296
320360,-740.1596792501014
320361,421.3787953020906
320362,208.16512272971192
320363,-254.41548389239142
320364,-159.26296124789326
320365,-584.5785114119155
320366,576.9599631402764
320367,363.74629056789774
320368,-98.8343160542056
320369,-3.6817934097074385
320370,318.58346454239074
320371,1480.1219390945828
320372,1266.908266522204
320373,804.3276599001007
320374,899.4801825445988
320375,766.0042032374573
320376,1927.5426777896494
320377,1714.3290052172706
320378,1251.7483985951674
320379,1346.9009212396654
320380,921.5853710756433
320381,2083.123845627835
320382,1869.9101730554564
320383,1407.3295664333532
320384,1502.4820890778515
320385,-241.8941737692088
320386,919.6443007829832
320387,706.4306282106045
320388,243.85002158850114
320389,339.0025442329993
320390,205.52656492585777
320391,1367.0650394780498
320392,1153.851366905671
320393,691.2707602835677
320394,786.4232829280659
320395,361.1077327640437
320396,1522.6462073162356
320397,1309.432534743857
320398,846.8519281217536
320399,942.0044507662517
320400,-353.47422904187283
320401,808.0642455103193
320402,594.8505729379406
320403,132.26996631583722
320404,227.4224889603354
320405,93.94650965319386
320406,1255.484984205386
320407,1042.2713116330071
320408,579.6907050109038
320409,674.843227655402
320410,249.52767749137968
320411,1411.0661520435717
320412,1197.852479471193
320413,735.2718728490897
320414,830.4243954935878
320415,-345.4008911005965
320416,816.1375834515956
320417,602.9239108792169
320418,140.34330425711346
320419,235.49582690161174
320420,102.0198475944702
320421,1263.5583221466622
320422,1050.3446495742835
320423,587.7640429521801
320424,682.9165655966783
320425,257.601015432656
320426,1419.139489984848
320427,1205.9258174124693
320428,743.345210790366
320429,838.4977334348641
320430,-551.3325794222008
320431,610.2058951299913
320432,396.99222255761254
320433,-65.58838406449081
320434,29.564138580007352
320435,-103.91184072713418
320436,1057.626633825058
320437,844.4129612526791
320438,381.83235463057576
320439,476.9848772750739
320440,51.66932711105164
320441,1213.2078016632436
320442,999.9941290908649
320443,537.4135224687616
320444,632.5660451132599
320445,-1176.2249243229846
320446,-14.686449770792365
320447,-227.90012234317112
320448,-690.4807289652747
320449,-595.3282063207764
320450,-728.8041856279178
320451,432.73428892427427
320452,219.52061635189546
320453,-243.0599902702079
320454,-147.90746762570973
320455,-573.223017789732
320456,588.31545676246
320457,375.1017841900813
320458,-87.47882243202207
320459,7.673700212476092
320460,329.93895816457433
320461,1491.4774327167665
320462,1278.2637601443878
320463,815.6831535222843
320464,910.8356761667826
320465,777.359696859641
320466,1938.898171411833
320467,1725.6844988394541
320468,1263.103892217351
320469,1358.2564148618492
320470,932.9408646978268
320471,2094.4793392500187
320472,1881.2656666776402
320473,1418.6850600555367
320474,1513.837582700035
320475,-230.5386801470254
320476,930.9997944051668
320477,717.786121832788
320478,255.20551521068467
320479,350.35803785518283
320480,216.8820585480413
320481,1378.4205331002333
320482,1165.2068605278546
320483,702.6262539057514
320484,797.7787765502494
320485,372.4632263862271
320486,1534.0017009384192
320487,1320.7880283660406
320488,858.2074217439372
320489,953.3599443884353
320490,-341.13498056859703
320491,820.4034939835951
320492,607.1898214112164
320493,144.60921478911303
320494,239.7617374336112
320495,106.28575812646955
320496,1267.8242326786617
320497,1054.610560106283
320498,592.0299534841796
320499,687.1824761286778
320500,261.8669259646555
320501,1423.4054005168477
320502,1210.1917279444688
320503,747.6111213223655
320504,842.7636439668636
320505,-333.0616426273207
320506,828.4768319248714
320507,615.2631593524927
320508,152.68255273038926
320509,247.83507537488748
320510,114.3590960677459
320511,1275.897570619938
320512,1062.6838980475593
320513,600.103291425456
320514,695.2558140699541
320515,269.94026390593183
320516,1431.4787384581239
320517,1218.2650658857451
320518,755.6844592636418
320519,850.8369819081399
320520,-538.993330948925
320521,622.545143603267
320522,409.33147103088834
320523,-53.24913559121501
320524,41.90338705328327
320525,-91.57259225385837
320526,1069.9658822983336
320527,856.7522097259549
320528,394.17160310385157
320529,489.32412574834973
320530,64.00857558432745
320531,1225.5470501365196
320532,1012.3333775641408
320533,549.7527709420374
320534,644.9052935865357
320535,-1163.8856758497086
320536,-2.3472012975166763
320537,-215.5608738698952
320538,-678.1414804919987
320539,-582.9889578475004
320540,-716.464937154642
320541,445.07353739755007
320542,231.85986482517137
320543,-230.72074179693197
320544,-135.5682191524338
320545,-560.8837693164562
320546,600.654705235736
320547,387.44103266335713
320548,-75.13957395874627
320549,20.012948685752008
320550,342.2782066378501
320551,1503.8166811900423
320552,1290.6030086176634
320553,828.02240199556
320554,923.1749246400583
320555,789.6989453329167
320556,1951.237419885109
320557,1738.02374731273
320558,1275.4431406906265
320559,1370.5956633351248
320560,945.2801131711026
320561,2106.8185877232945
320562,1893.604915150916
320563,1431.0243085288125
320564,1526.1768311733108
320565,-218.19943167374947
320566,943.3390428784426
320567,730.1253703060638
320568,267.54476368396047
320569,362.69728632845863
320570,229.2213070213171
320571,1390.7597815735094
320572,1177.5461090011304
320573,714.9655023790272
320574,810.1180250235253
320575,384.80247485950304
320576,1546.340949411695
320577,1333.1272768393164
320578,870.546670217213
320579,965.6991928617111
320580,-328.7957320953212
320581,832.7427424568709
320582,619.5290698844922
320583,156.9484632623887
320584,252.10098590688693
320585,118.62500659974546
320586,1280.1634811519375
320587,1066.9498085795587
320588,604.3692019574554
320589,699.5217246019536
320590,274.20617443793134
320591,1435.7446489901233
320592,1222.5309764177446
320593,759.9503697956413
320594,855.1028924401395
320595,-320.7223941540449
320596,840.8160803981473
320597,627.6024078257684
320598,165.02180120366506
320599,260.1743238481632
320600,126.69834454102181
320601,1288.2368190932139
320602,1075.023146520835
320603,612.4425398987318
320604,707.5950625432299
320605,282.2795123792077
320606,1443.8179869313997
320607,1230.604314359021
320608,768.0237077369176
320609,863.1762303814157
320610,-526.6540824756491
320611,634.8843920765429
320612,421.6707195041641
320613,-40.909887117939206
320614,54.242635526558956
320615,-79.23334378058257
320616,1082.3051307716096
320617,869.0914581992307
320618,406.51085157712737
320619,501.66337422162553
320620,76.34782405760325
320621,1237.8862986097952
320622,1024.6726260374166
320623,562.0920194153132
320624,657.2445420598114
320625,-1151.5464273764328
320626,9.99204717575924
320627,-203.22162539661952
320628,-665.8022320187229
320629,-570.6497093742248
320630,-704.1256886813662
320631,457.4127858708258
320632,244.19911329844706
320633,-218.3814933236563
320634,-123.22897067915812
320635,-548.5445208431804
320636,612.9939537090116
320637,399.78028113663294
320638,-62.800325485470466
320639,32.352197159027696
320640,354.61745511112593
320641,1516.1559296633181
320642,1302.9422570909392
320643,840.3616504688358
320644,935.514173113334
320645,802.0381938061926
320646,1963.5766683583845
320647,1750.3629957860057
320648,1287.7823891639025
320649,1382.9349118084006
320650,957.6193616443784
320651,2119.1578361965703
320652,1905.9441636241918
320653,1443.3635570020883
320654,1538.5160796465866
320655,-205.86018320047378
320656,955.6782913517184
320657,742.4646187793396
320658,279.88401215723627
320659,375.03653480173443
320660,241.5605554945929
320661,1403.099030046785
320662,1189.8853574744062
320663,727.304750852303
320664,822.457273496801
320665,397.1417233327788
320666,1558.6801978849708
320667,1345.4665253125922
320668,882.8859186904888
320669,978.0384413349869
320670,-316.4564836220454
320671,845.0819909301467
320672,631.868318357768
320673,169.28771173566463
320674,264.4402343801628
320675,130.96425507302126
320676,1292.5027296252133
320677,1079.2890570528346
320678,616.7084504307312
320679,711.8609730752294
320680,286.5454229112071
320681,1448.0838974633991
320682,1234.8702248910204
320683,772.2896182689171
320684,867.4421409134153
320685,-308.3831456807691
320686,853.155328871423
320687,639.9416562990443
320688,177.36104967694087
320689,272.5135723214391
320690,139.0375930142976
320691,1300.5760675664897
320692,1087.362394994111
320693,624.7817883720076
320694,719.9343110165057
320695,294.61876085248343
320696,1456.1572354046755
320697,1242.9435628322967
320698,780.3629562101934
320699,875.5154788546915
320700,-514.3148340023733
320701,647.2236405498187
320702,434.0099679774399
320703,-28.570638644663404
320704,66.58188399983476
320705,-66.89409530730677
320706,1094.6443792448854
320707,881.4307066725065
320708,418.85010005040317
320709,514.0026226949013
320710,88.68707253087905
320711,1250.225547083071
320712,1037.0118745106925
320713,574.431267888589
320714,669.5837905330872
320715,-1139.2071789031568
320716,22.33129564903504
320717,-190.8823769233437
320718,-653.4629835454468
320719,-558.3104609009488
320720,-691.7864402080904
320721,469.7520343441016
320722,256.53836177172286
320723,-206.04224485038048
320724,-110.88972220588232
320725,-536.2052723699046
320726,625.3332021822874
320727,412.1195296099087
320728,-50.461077012194664
320729,44.6914456323035
320730,366.95670358440174
320731,1528.4951781365937
320732,1315.281505564215
320733,852.7008989421117
320734,947.8534215866098
320735,814.3774422794684
320736,1975.9159168316603
320737,1762.7022442592815
320738,1300.1216376371783
320739,1395.2741602816764
320740,969.9586101176542
320741,2131.497084669846
320742,1918.2834120974674
320743,1455.7028054753641
320744,1550.8553281198624
320745,-193.52093472719798
320746,968.0175398249942
320747,754.8038672526154
320748,292.2232606305121
320749,387.37578327501024
320750,253.8998039678687
320751,1415.4382785200607
320752,1202.224605947682
320753,739.6439993255788
320754,834.7965219700769
320755,409.4809718060545
320756,1571.0194463582466
320757,1357.805773785868
320758,895.2251671637646
320759,990.3776898082627
320760,-227.58513015004246
320761,933.9533444021495
320762,720.7396718297708
320763,258.1590652076675
320764,353.31158785216564
320765,219.83560854502412
320766,1381.3740830972163
320767,1168.1604105248375
320768,705.579803902734
320769,800.7323265472323
320770,375.41677638320994
320771,1536.955250935402
320772,1323.7415783630233
320773,861.1609717409199
320774,956.3134943854182
320775,-219.5117922087661
320776,942.0266823434258
320777,728.8130097710471
320778,266.2324031489438
320779,361.384925793442
320780,227.90894648630047
320781,1389.4474210384924
320782,1176.2337484661139
320783,713.6531418440104
320784,808.8056644885086
320785,383.4901143244863
320786,1545.0285888766784
320787,1331.8149163042995
320788,869.2343096821962
320789,964.3868323266944
320790,-425.4434805303706
320791,736.0949940218215
320792,522.8813214494428
320793,60.30071482733945
320794,155.4532374718376
320795,21.97725816469608
320796,1183.5157327168881
320797,970.3020601445094
320798,507.7214535224061
320799,602.8739761669042
320800,177.5584260028819
320801,1339.0969005550737
320802,1125.8832279826952
320803,663.3026213605918
320804,758.45514400509
320805,-1050.3358254311543
320806,111.20264912103778
320807,-102.01102345134098
320808,-564.5916300734443
320809,-469.43910742894604
320810,-602.9150867360875
320811,558.6233878161045
320812,345.40971524372577
320813,-117.17089137837752
320814,-22.018368733879356
320815,-447.33391889790187
320816,714.2045556542903
320817,500.99088308191153
320818,38.41027645980819
320819,133.56279910430635
320820,455.8280570564046
320821,1617.3665316085967
320822,1404.152859036218
320823,941.5722524141145
320824,1036.7247750586127
320825,903.2487957514712
320826,2064.7872703036637
320827,1851.5735977312845
320828,1388.9929911091813
320829,1484.1455137536796
320830,1058.829963589657
320831,2220.368438141849
320832,2007.1547655694706
320833,1544.5741589473669
320834,1639.7266815918651
320835,-104.64958125519502
320836,1056.8888932969971
320837,843.6752207246183
320838,381.094614102515
320839,476.24713674701314
320840,342.7711574398716
320841,1504.3096319920637
320842,1291.095959419685
320843,828.5153527975816
320844,923.6678754420798
320845,498.3523252780575
320846,1659.8907998302495
320847,1446.6771272578708
320848,984.0965206357674
320849,1079.2490432802656
320850,-215.24588167676666
320851,946.2925928754254
320852,733.0789203030465
320853,270.4983136809433
320854,365.65083632544145
320855,232.17485701829992
320856,1393.7133315704918
320857,1180.4996589981133
320858,717.9190523760099
320859,813.071575020508
320860,387.7560248564858
320861,1549.294499408678
320862,1336.080826836299
320863,873.5002202141957
320864,968.652742858694
320865,-207.17254373549042
320866,954.3659308167016
320867,741.1522582443229
320868,278.5716516222195
320869,373.72417426671774
320870,240.2481949595762
320871,1401.7866695117682
320872,1188.5729969393894
320873,725.9923903172862
320874,821.1449129617844
320875,395.82936279776203
320876,1557.367837349954
320877,1344.1541647775753
320878,881.573558155472
320879,976.7260807999702
320880,-413.1042320570948
320881,748.4342424950974
320882,535.2205699227185
320883,72.63996330061514
320884,167.7924859451134
320885,34.316506637971884
320886,1195.854981190164
320887,982.6413086177852
320888,520.0607019956818
320889,615.21322464018
320890,189.89767447615782
320891,1351.43614902835
320892,1138.222476455971
320893,675.6418698338676
320894,770.7943924783658
320895,-1037.9965769578785
320896,123.5418975943137
320897,-89.67177497806506
320898,-552.2523816001685
320899,-457.09985895567047
320900,-590.5758382628117
320901,570.9626362893803
320902,357.7489637170016
320903,-104.83164290510183
320904,-9.679120260603668
320905,-434.99467042462607
320906,726.5438041275661
320907,513.3301315551873
320908,50.749524933083876
320909,145.90204757758215
320910,468.16730552968045
320911,1629.7057800818725
320912,1416.4921075094937
320913,953.9115008873903
320914,1049.0640235318886
320915,915.588044224747
320916,2077.126518776939
320917,1863.9128462045603
320918,1401.332239582457
320919,1496.4847622269551
320920,1071.169212062933
320921,2232.7076866151247
320922,2019.4940140427461
320923,1556.9134074206427
320924,1652.065930065141
320925,-92.31033278191921
320926,1069.228141770273
320927,856.0144691978941
320928,393.4338625757907
320929,488.5863852202889
320930,355.1104059131474
320931,1516.6488804653395
320932,1303.4352078929608
320933,840.8546012708574
320934,936.0071239153556
320935,510.69157375133324
320936,1672.230048303525
320937,1459.0163757311466
320938,996.4357691090431
320939,1091.5882917535414
320940,-365.8050130797301
320941,795.7334614724618
320942,582.5197889000832
320943,119.93918227797985
320944,215.09170492247802
320945,81.61572561533649
320946,1243.1542001675284
320947,1029.94052759515
320948,567.3599209730464
320949,662.5124436175446
320950,237.1968934535223
320951,1398.7353680057145
320952,1185.5216954333355
320953,722.9410888112322
320954,818.0936114557305
320955,-357.73167513845374
320956,803.8067994137382
320957,590.5931268413594
320958,128.0125202192561
320959,223.16504286375425
320960,89.68906355661284
320961,1251.2275381088048
320962,1038.0138655364262
320963,575.4332589143228
320964,670.5857815588209
320965,245.27023139479866
320966,1406.8087059469908
320967,1193.5950333746118
320968,731.0144267525086
320969,826.1669493970068
320970,-563.6633634600582
320971,597.8751110921339
320972,384.6614385197551
320973,-77.91916810234818
320974,17.233354542149982
320975,-116.24262476499155
320976,1045.2958497872005
320977,832.0821772148217
320978,369.5015705927184
320979,464.65409323721656
320980,39.33854307319427
320981,1200.8770176253863
320982,987.6633450530076
320983,525.0827384309042
320984,620.2352610754024
320985,-1188.555708360842
320986,-27.017233808649735
320987,-240.2309063810285
320988,-702.811513003132
320989,-607.6589903586339
320990,-741.1349696657751
320991,420.40350488641684
320992,207.18983231403809
320993,-255.39077430806526
320994,-160.2382516635671
320995,-585.5538018275895
320996,575.9846727246027
320997,362.7710001522239
320998,-99.80960646987944
320999,-4.657083825381278
321000,317.60817412671696
321001,1479.146648678909
321002,1265.9329761065303
321003,803.3523694844268
321004,898.5048921289251
321005,765.0289128217836
321006,1926.5673873739756
321007,1713.3537148015969
321008,1250.7731081794936
321009,1345.9256308239917
321010,920.6100806599694
321011,2082.148555212161
321012,1868.9348826397827
321013,1406.3542760176792
321014,1501.5067986621775
321015,-242.86946418488264
321016,918.6690103673094
321017,705.4553377949306
321018,242.8747311728273
321019,338.02725381732546
321020,204.55127451018393
321021,1366.089749062376
321022,1152.876076489997
321023,690.2954698678939
321024,785.447992512392
321025,360.13244234836975
321026,1521.670916900562
321027,1308.4572443281832
321028,845.8766377060797
321029,941.029160350578
321030,-353.4657646064545
321031,808.0727099457376
321032,594.8590373733589
321033,132.27843075125566
321034,227.4309533957537
321035,93.95497408861218
321036,1255.4934486408042
321037,1042.2797760684257
321038,579.6991694463222
321039,674.8516920908204
321040,249.5361419267981
321041,1411.0746164789903
321042,1197.8609439066115
321043,735.280337284508
321044,830.4328599290062
321045,-345.39242666517816
321046,816.146047887014
321047,602.9323753146352
321048,140.3517686925319
321049,235.50429133703005
321050,102.02831202988853
321051,1263.5667865820806
321052,1050.3531140097018
321053,587.7725073875986
321054,682.9250300320967
321055,257.60947986807446
321056,1419.1479544202666
321057,1205.9342818478876
321058,743.3536752257844
321059,838.5061978702826
321060,-551.3241149867824
321061,610.2143595654096
321062,397.00068699303097
321063,-65.57991962907238
321064,29.572603015425784
321065,-103.90337629171586
321066,1057.6350982604763
321067,844.4214256880975
321068,381.8408190659942
321069,476.99334171049236
321070,51.677791546470075
321071,1213.2162660986621
321072,1000.0025935262834
321073,537.42198690418
321074,632.5745095486782
321075,-1176.2164598875659
321076,-14.677985335374046
321077,-227.8916579077527
321078,-690.4722645298559
321079,-595.3197418853579
321080,-728.7957211924993
321081,432.7427533596927
321082,219.5290807873139
321083,-243.05152583478935
321084,-147.8990031902913
321085,-573.2145533543137
321086,588.3239211978785
321087,375.1102486254997
321088,-87.47035799660364
321089,7.682164647894524
321090,329.9474225999927
321091,1491.4858971521849
321092,1278.272224579806
321093,815.6916179577026
321094,910.8441406022009
321095,777.3681612950593
321096,1938.9066358472514
321097,1725.6929632748725
321098,1263.1123566527692
321099,1358.2648792972675
321100,932.9493291332452
321101,2094.487803685437
321102,1881.2741311130587
321103,1418.693524490955
321104,1513.8460471354533
321105,-230.53021571160696
321106,931.0082588405851
321107,717.7945862682064
321108,255.21397964610304
321109,350.36650229060126
321110,216.89052298345973
321111,1378.428997535652
321112,1165.215324963273
321113,702.6347183411697
321114,797.7872409856678
321115,372.47169082164555
321116,1534.0101653738377
321117,1320.796492801459
321118,858.2158861793555
321119,953.3684088238538
321120,-341.1265161331787
321121,820.4119584190134
321122,607.1982858466348
321123,144.61767922453146
321124,239.77020186902962
321125,106.29422256188798
321126,1267.83269711408
321127,1054.6190245417015
321128,592.038417919598
321129,687.1909405640962
321130,261.87539040007385
321131,1423.413864952266
321132,1210.200192379887
321133,747.6195857577839
321134,842.772108402282
321135,-333.05317819190236
321136,828.4852963602898
321137,615.271623787911
321138,152.6910171658077
321139,247.8435398103059
321140,114.36756050316433
321141,1275.9060350553564
321142,1062.6923624829776
321143,600.1117558608744
321144,695.2642785053725
321145,269.9487283413502
321146,1431.4872028935422
321147,1218.2735303211634
321148,755.6929236990602
321149,850.8454463435584
321150,-538.9848665135066
321151,622.5536080386855
321152,409.33993546630666
321153,-53.24067115579669
321154,41.911851488701586
321155,-91.56412781844006
321156,1069.974346733752
321157,856.7606741613733
321158,394.18006753927
321159,489.33259018376816
321160,64.01704001974588
321161,1225.555514571938
321162,1012.3418419995592
321163,549.7612353774558
321164,644.913758021954
321165,-1163.8772114142903
321166,-2.3387368620981306
321167,-215.55240943447689
321168,-678.1330160565803
321169,-582.9804934120821
321170,-716.4564727192235
321171,445.0820018329684
321172,231.8683292605898
321173,-230.71227736151354
321174,-135.55975471701538
321175,-560.8753048810379
321176,600.6631696711543
321177,387.4494970987755
321178,-75.13110952332784
321179,20.021413121170326
321180,342.2866710732685
321181,1503.8251456254607
321182,1290.611473053082
321183,828.0308664309784
321184,923.1833890754767
321185,789.7074097683351
321186,1951.2458843205272
321187,1738.0322117481485
321188,1275.451605126045
321189,1370.6041277705433
321190,945.2885776065209
321191,2106.827052158713
321192,1893.6133795863343
321193,1431.0327729642308
321194,1526.1852956087291
321195,-218.19096723833104
321196,943.347507313861
321197,730.1338347414822
321198,267.5532281193789
321199,362.70575076387706
321200,229.22977145673553
321201,1390.7682460089277
321202,1177.554573436549
321203,714.9739668144456
321204,810.1264894589438
321205,384.8109392949214
321206,1546.3494138471133
321207,1333.1357412747348
321208,870.5551346526313
321209,965.7076572971296
321210,-328.7872676599027
321211,832.7512068922892
321212,619.5375343199105
321213,156.95692769780726
321214,252.10945034230537
321215,118.6334710351639
321216,1280.1719455873558
321217,1066.9582730149773
321218,604.3776663928738
321219,699.530189037372
321220,274.2146388733497
321221,1435.7531134255419
321222,1222.539440853163
321223,759.9588342310597
321224,855.1113568755578
321225,-320.71392971862633
321226,840.8245448335656
321227,627.6108722611868
321228,165.0302656390835
321229,260.18278828358166
321230,126.70680897644024
321231,1288.2452835286322
321232,1075.0316109562534
321233,612.4510043341502
321234,707.6035269786483
321235,282.28797681462606
321236,1443.8264513668182
321237,1230.6127787944392
321238,768.032172172336
321239,863.1846948168342
321240,-526.6456180402308
321241,634.8928565119612
321242,421.6791839395825
321243,-40.90142268252089
321244,54.25109996197739
321245,-79.22487934516414
321246,1082.313595207028
321247,869.0999226346491
321248,406.5193160125458
321249,501.67183865704396
321250,76.35628849302168
321251,1237.8947630452137
321252,1024.681090472835
321253,562.1004838507316
321254,657.2530064952298
321255,-1151.5379629410143
321256,10.000511611177672
321257,-203.21316096120108
321258,-665.7937675833043
321259,-570.6412449388063
321260,-704.1172242459477
321261,457.42125030624425
321262,244.2075777338655
321263,-218.37302888823785
321264,-123.22050624373969
321265,-548.5360564077621
321266,613.0024181444301
321267,399.7887455720513
321268,-62.79186105005215
321269,32.36066159444613
321270,354.62591954654437
321271,1516.1643940987365
321272,1302.9507215263577
321273,840.3701149042543
321274,935.5226375487525
321275,802.046658241611
321276,1963.585132793803
321277,1750.3714602214243
321278,1287.790853599321
321279,1382.943376243819
321280,957.6278260797968
321281,2119.1663006319886
321282,1905.95262805961
321283,1443.3720214375066
321284,1538.524544082005
321285,-205.85171876505524
321286,955.6867557871368
321287,742.473083214758
321288,279.8924765926547
321289,375.04499923715287
321290,241.56901993001134
321291,1403.1074944822035
321292,1189.8938219098245
321293,727.3132152877213
321294,822.4657379322194
321295,397.15018776819716
321296,1558.6886623203893
321297,1345.4749897480106
321298,882.8943831259071
321299,978.0469057704054
321300,-316.4480191866269
321301,845.090455365565
321302,631.8767827931864
321303,169.29617617108306
321304,264.4486988155812
321305,130.9727195084397
321306,1292.5111940606316
321307,1079.297521488253
321308,616.7169148661496
321309,711.8694375106478
321310,286.5538873466255
321311,1448.0923618988177
321312,1234.878689326439
321313,772.2980827043355
321314,867.4506053488336
321315,-308.37468124535053
321316,853.1637933068414
321317,639.9501207344626
321318,177.3695141123593
321319,272.5220367568575
321320,139.04605744971605
321321,1300.584532001908
321322,1087.3708594295292
321323,624.790252807426
321324,719.9427754519241
321325,294.62722528790187
321326,1456.165699840094
321327,1242.952027267715
321328,780.3714206456118
321329,875.52394329011
321330,-514.306369566955
321331,647.232104985237
321332,434.0184324128583
321333,-28.562174209244972
321334,66.59034843525319
321335,-66.88563087188845
321336,1094.6528436803037
321337,881.439171107925
321338,418.8585644858216
321339,514.0110871303198
321340,88.69553696629748
321341,1250.2340115184895
321342,1037.0203389461108
321343,574.4397323240074
321344,669.5922549685056
321345,-1139.1987144677385
321346,22.33976008445336
321347,-190.87391248792528
321348,-653.4545191100285
321349,-558.3019964655305
321350,-691.7779757726719
321351,469.76049877952005
321352,256.5468262071413
321353,-206.03378041496205
321354,-110.88125777046389
321355,-536.1968079344863
321356,625.3416666177059
321357,412.1279940453271
321358,-50.45261257677623
321359,44.69991006772193
321360,366.96516801982017
321361,1528.5036425720123
321362,1315.2899699996335
321363,852.70936337753
321364,947.8618860220283
321365,814.3859067148867
321366,1975.9243812670788
321367,1762.7107086947
321368,1300.1301020725966
321369,1395.282624717095
321370,969.9670745530726
321371,2131.5055491052644
321372,1918.291876532886
321373,1455.7112699107824
321374,1550.8637925552807
321375,-193.51247029177944
321376,968.0260042604125
321377,754.8123316880339
321378,292.2317250659305
321379,387.38424771042867
321380,253.90826840328714
321381,1415.4467429554793
321382,1202.2330703831005
321383,739.6524637609971
321384,834.8049864054954
321385,409.48943624147296
321386,1571.0279107936651
321387,1357.8142382212864
321388,895.2336315991829
321389,990.3861542436812
321390,-227.57666571462414
321391,933.961808837568
321392,720.7481362651893
321393,258.1675296430859
321394,353.3200522875841
321395,219.84407298044243
321396,1381.3825475326346
321397,1168.1688749602558
321398,705.5882683381525
321399,800.7407909826507
321400,375.4252408186283
321401,1536.9637153708204
321402,1323.7500427984419
321403,861.1694361763383
321404,956.3219588208365
321405,-219.5033277733478
321406,942.0351467788443
321407,728.8214742064655
321408,266.2408675843622
321409,361.3933902288604
321410,227.91741092171878
321411,1389.4558854739107
321412,1176.2422129015322
321413,713.6616062794288
321414,808.814128923927
321415,383.49857875990466
321416,1545.0370533120968
321417,1331.823380739718
321418,869.2427741176145
321419,964.3952967621128
321420,-425.4350160949523
321421,736.10345845724
321422,522.8897858848611
321423,60.309179262757766
321424,155.46170190725593
321425,21.985722600114514
321426,1183.5241971523064
321427,970.3105245799278
321428,507.72991795782445
321429,602.8824406023226
321430,177.56689043830033
321431,1339.1053649904925
321432,1125.8916924181137
321433,663.3110857960103
321434,758.4636084405084
321435,-1050.3273609957357
321436,111.21111355645621
321437,-102.00255901592243
321438,-564.5831656380258
321439,-469.4306429935275
321440,-602.9066223006691
321441,558.6318522515228
321442,345.41817967914415
321443,-117.16242694295909
321444,-22.009904298460924
321445,-447.3254544624833
321446,714.2130200897086
321447,500.99934751732997
321448,38.41874089522662
321449,133.5712635397249
321450,455.836521491823
321451,1617.374996044015
321452,1404.1613234716365
321453,941.580716849533
321454,1036.7332394940313
321455,903.2572601868897
321456,2064.795734739082
321457,1851.5820621667028
321458,1389.0014555445996
321459,1484.1539781890979
321460,1058.8384280250755
321461,2220.376902577267
321462,2007.1632300048889
321463,1544.5826233827854
321464,1639.7351460272837
321465,-104.64111681977647
321466,1056.8973577324155
321467,843.6836851600367
321468,381.1030785379334
321469,476.2556011824316
321470,342.77962187529005
321471,1504.318096427482
321472,1291.1044238551033
321473,828.523817233
321474,923.6763398774981
321475,498.36078971347587
321476,1659.8992642656679
321477,1446.685591693289
321478,984.1049850711859
321479,1079.257507715684
321480,-215.23741724134823
321481,946.3010573108438
321482,733.0873847384651
321483,270.5067781163617
321484,365.6593007608599
321485,232.18332145371835
321486,1393.7217960059104
321487,1180.5081234335316
321488,717.9275168114283
321489,813.0800394559265
321490,387.76448929190417
321491,1549.3029638440962
321492,1336.0892912717175
321493,873.5086846496141
321494,968.6612072941123
321495,-207.164079300072
321496,954.37439525212
321497,741.1607226797413
321498,278.58011605763795
321499,373.73263870213617
321500,240.25665939499459
321501,1401.7951339471867
321502,1188.581461374808
321503,726.0008547527046
321504,821.1533773972028
321505,395.8378272331804
321506,1557.3763017853726
321507,1344.1626292129938
321508,881.5820225908903
321509,976.7345452353886
321510,-413.09576762167626
321511,748.4427069305158
321512,535.2290343581369
321513,72.64842773603368
321514,167.80095038053184
321515,34.324971073390316
321516,1195.8634456255822
321517,982.6497730532035
321518,520.0691664311003
321519,615.2216890755984
321520,189.90613891157614
321521,1351.4446134637683
321522,1138.2309408913893
321523,675.6503342692861
321524,770.8028569137842
321525,-1037.98811252246
321526,123.55036202973213
321527,-89.66331054264663
321528,-552.24391716475
321529,-457.0913945202519
321530,-590.5673738273933
321531,570.9711007247987
321532,357.75742815241995
321533,-104.8231784696834
321534,-9.670655825185236
321535,-434.9862059892075
321536,726.5522685629845
321537,513.3385959906058
321538,50.75798936850242
321539,145.91051201300058
321540,468.1757699650989
321541,1629.7142445172908
321542,1416.500571944912
321543,953.9199653228087
321544,1049.072487967307
321545,915.5965086601655
321546,2077.134983212358
321547,1863.9213106399786
321548,1401.3407040178754
321549,1496.4932266623737
321550,1071.1776764983513
321551,2232.716151050543
321552,2019.5024784781647
321553,1556.921871856061
321554,1652.0743945005593
321555,-92.30186834650078
321556,1069.2366062056913
321557,856.0229336333125
321558,393.44232701120916
321559,488.5948496557073
321560,355.1188703485658
321561,1516.6573449007578
321562,1303.443672328379
321563,840.8630657062758
321564,936.0155883507739
321565,510.7000381867516
321566,1672.2385127389437
321567,1459.024840166565
321568,996.4442335444616
321569,1091.5967561889597
321570,-365.79654864431177
321571,795.7419259078803
321572,582.5282533355016
321573,119.94764671339829
321574,215.10016935789645
321575,81.6241900507548
321576,1243.162664602947
321577,1029.9489920305682
321578,567.3683854084649
321579,662.520908052963
321580,237.20535788894074
321581,1398.7438324411328
321582,1185.530159868754
321583,722.9495532466507
321584,818.1020758911488
321585,-357.7232107030354
321586,803.8152638491566
321587,590.601591276778
321588,128.02098465467452
321589,223.17350729917268
321590,89.69752799203116
321591,1251.2360025442233
321592,1038.0223299718446
321593,575.4417233497411
321594,670.5942459942394
321595,245.2786958302171
321596,1406.8171703824091
321597,1193.6034978100304
321598,731.0228911879269
321599,826.1754138324252
321600,-563.6548990246397
321601,597.8835755275522
321602,384.66990295517354
321603,-77.91070366692975
321604,17.241818977568414
321605,-116.23416032957311
321606,1045.3043142226188
321607,832.0906416502401
321608,369.5100350281368
321609,464.66255767263493
321610,39.347007508612705
321611,1200.8854820608049
321612,987.671809488426
321613,525.0912028663226
321614,620.2437255108208
321615,-1188.5472439254233
321616,-27.008769373231303
321617,-240.22244194561006
321618,-702.8030485677134
321619,-607.6505259232151
321620,-741.1265052303568
321621,420.4119693218353
321622,207.19829674945652
321623,-255.38230987264683
321624,-160.22978722814867
321625,-585.545337392171
321626,575.9931371600211
321627,362.77946458764234
321628,-99.80114203446101
321629,-4.648619389962846
321630,317.6166385621354
321631,1479.1551131143274
321632,1265.9414405419486
321633,803.3608339198453
321634,898.5133565643434
321635,765.037377257202
321636,1926.575851809394
321637,1713.3621792370152
321638,1250.781572614912
321639,1345.93409525941
321640,920.6185450953878
321641,2082.1570196475795
321642,1868.9433470752012
321643,1406.3627404530978
321644,1501.5152630975958
321645,-242.86099974946433
321646,918.6774748027278
321647,705.4638022303491
321648,242.88319560824573
321649,338.0357182527439
321650,204.55973894560236
321651,1366.0982134977944
321652,1152.8845409254156
321653,690.3039343033123
321654,785.4564569478105
321655,360.1409067837882
321656,1521.6793813359802
321657,1308.4657087636015
321658,845.8851021414981
321659,941.0376247859963
321660,-353.45730017103597
321661,808.0811743811561
321662,594.8675018087774
321663,132.28689518667397
321664,227.43941783117225
321665,93.96343852403061
321666,1255.5019130762225
321667,1042.288240503844
321668,579.7076338817405
321669,674.8601565262388
321670,249.54460636221648
321671,1411.0830809144086
321672,1197.8694083420298
321673,735.2888017199265
321674,830.4413243644246
321675,-345.3839622297596
321676,816.1545123224324
321677,602.9408397500537
321678,140.36023312795032
321679,235.5127557724485
321680,102.03677646530696
321681,1263.5752510174989
321682,1050.3615784451204
321683,587.7809718230169
321684,682.9334944675151
321685,257.61794430349283
321686,1419.156418855685
321687,1205.9427462833062
321688,743.3621396612027
321689,838.514662305701
321690,-551.3156505513641
321691,610.222824000828
321692,397.0091514284493
321693,-65.57145519365406
321694,29.581067450844102
321695,-103.89491185629743
321696,1057.6435626958946
321697,844.429890123516
321698,381.84928350141263
321699,477.00180614591073
321700,51.68625598188851
321701,1213.2247305340804
321702,1000.0110579617018
321703,537.4304513395984
321704,632.5829739840966
321705,-1176.2079954521475
321706,-14.669520899955614
321707,-227.88319347233437
321708,-690.4638000944376
321709,-595.3112774499396
321710,-728.787256757081
321711,432.751217795111
321712,219.53754522273232
321713,-243.04306139937103
321714,-147.89053875487286
321715,-573.2060889188951
321716,588.3323856332968
321717,375.11871306091814
321718,-87.4618935611852
321719,7.690629083312956
321720,329.95588703541114
321721,1491.4943615876032
321722,1278.2806890152247
321723,815.7000823931211
321724,910.8526050376194
321725,777.3766257304777
321726,1938.9151002826698
321727,1725.701427710291
321728,1263.1208210881878
321729,1358.273343732686
321730,932.9577935686636
321731,2094.4962681208553
321732,1881.282595548477
321733,1418.7019889263736
321734,1513.8545115708719
321735,-230.52175127618852
321736,931.0167232760036
321737,717.8030507036249
321738,255.22244408152147
321739,350.3749667260197
321740,216.89898741887816
321741,1378.4374619710702
321742,1165.2237893986915
321743,702.6431827765881
321744,797.7957054210863
321745,372.4801552570639
321746,1534.018629809256
321747,1320.8049572368773
321748,858.2243506147739
321749,953.3768732592721
321750,-341.11805169776017
321751,820.4204228544319
321752,607.2067502820531
321753,144.62614365994978
321754,239.77866630444794
321755,106.30268699730641
321756,1267.8411615494983
321757,1054.6274889771198
321758,592.0468823550164
321759,687.1994049995146
321760,261.88385483549223
321761,1423.4223293876844
321762,1210.2086568153056
321763,747.6280501932023
321764,842.7805728377004
321765,-333.0447137564838
321766,828.4937607957082
321767,615.2800882233295
321768,152.69948160122613
321769,247.8520042457243
321770,114.37602493858276
321771,1275.9144994907747
321772,1062.7008269183962
321773,600.1202202962927
321774,695.2727429407909
321775,269.9571927767686
321776,1431.4956673289607
321777,1218.281994756582
321778,755.7013881344785
321779,850.8539107789768
321780,-538.9764020780883
321781,622.5620724741038
321782,409.3483999017251
321783,-53.23220672037826
321784,41.920315924119905
321785,-91.55566338302162
321786,1069.9828111691704
321787,856.7691385967918
321788,394.18853197468843
321789,489.34105461918654
321790,64.02550445516431
321791,1225.5639790073562
321792,1012.3503064349776
321793,549.7696998128743
321794,644.9222224573724
321795,-1163.8687469788717
321796,-2.3302724266798123
321797,-215.54394499905857
321798,-678.1245516211618
321799,-582.9720289766635
321800,-716.4480082838052
321801,445.0904662683868
321802,231.87679369600812
321803,-230.70381292609522
321804,-135.55129028159706
321805,-560.8668404456196
321806,600.6716341065726
321807,387.45796153419394
321808,-75.12264508790952
321809,20.029877556588644
321810,342.2951355086869
321811,1503.833610060879
321812,1290.6199374885002
321813,828.0393308663968
321814,923.191853510895
321815,789.7158742037535
321816,1951.2543487559456
321817,1738.040676183567
321818,1275.4600695614636
321819,1370.6125922059618
321820,945.2970420419393
321821,2106.835516594131
321822,1893.6218440217528
321823,1431.0412373996492
321824,1526.1937600441474
321825,-218.18250280291272
321826,943.3559717492794
321827,730.1422991769007
321828,267.5616925547973
321829,362.7142151992955
321830,229.23823589215397
321831,1390.776710444346
321832,1177.5630378719673
321833,714.9824312498639
321834,810.1349538943621
321835,384.8194037303398
321836,1546.3578782825318
321837,1333.144205710153
321838,870.5635990880497
321839,965.7161217325479
321840,-328.77880322448436
321841,832.7596713277077
321842,619.545998755329
321843,156.96539213322558
321844,252.1179147777238
321845,118.64193547058221
321846,1280.1804100227744
321847,1066.9667374503956
321848,604.3861308282922
321849,699.5386534727904
321850,274.22310330876815
321851,1435.7615778609602
321852,1222.5479052885814
321853,759.9672986664781
321854,855.1198213109762
321855,-320.705465283208
321856,840.833009268984
321857,627.6193366966053
321858,165.03873007450193
321859,260.1912527190001
321860,126.71527341185856
321861,1288.2537479640505
321862,1075.040075391672
321863,612.4594687695685
321864,707.6119914140667
321865,282.2964412500445
321866,1443.8349158022365
321867,1230.6212432298578
321868,768.0406366077543
321869,863.1931592522526
321870,-526.6371536048123
321871,634.9013209473796
321872,421.68764837500095
321873,-40.89295824710234
321874,54.25956439739582
321875,-79.21641490974571
321876,1082.3220596424462
321877,869.1083870700675
321878,406.5277804479642
321879,501.68030309246234
321880,76.36475292844011
321881,1237.9032274806323
321882,1024.6895549082533
321883,562.10894828615
321884,657.2614709306482
321885,-1151.529498505596
321886,10.008976046596104
321887,-203.20469652578265
321888,-665.785303147886
321889,-570.632780503388
321890,-704.1087598105294
321891,457.4297147416627
321892,244.21604216928392
321893,-218.36456445281942
321894,-123.21204180832126
321895,-548.5275919723435
321896,613.0108825798485
321897,399.79721000746974
321898,-62.7833966146336
321899,32.36912602986456
321900,354.6343839819628
321901,1516.1728585341548
321902,1302.959185961776
321903,840.3785793396727
321904,935.5311019841708
321905,802.0551226770294
321906,1963.5935972292214
321907,1750.3799246568426
321908,1287.7993180347394
321909,1382.9518406792374
321910,957.6362905152153
321911,2119.174765067407
321912,1905.9610924950287
321913,1443.3804858729252
321914,1538.5330085174232
321915,-205.84325432963692
321916,955.6952202225552
321917,742.4815476501765
321918,279.90094102807313
321919,375.0534636725713
321920,241.5774843654297
321921,1403.1159589176218
321922,1189.902286345243
321923,727.3216797231397
321924,822.4742023676379
321925,397.1586522036156
321926,1558.6971267558076
321927,1345.4834541834289
321928,882.9028475613255
321929,978.0553702058237
321930,-316.43955475120856
321931,845.0989198009835
321932,631.8852472286047
321933,169.30464060650138
321934,264.4571632509996
321935,130.981183943858
321936,1292.51965849605
321937,1079.3059859236714
321938,616.725379301568
321939,711.8779019460662
321940,286.56235178204395
321941,1448.100826334236
321942,1234.8871537618572
321943,772.3065471397539
321944,867.459069784252
321945,-308.3662168099322
321946,853.1722577422598
321947,639.9585851698811
321948,177.37797854777773
321949,272.5305011922759
321950,139.05452188513436
321951,1300.5929964373263
321952,1087.3793238649478
321953,624.7987172428443
321954,719.9512398873425
321955,294.6356897233203
321956,1456.1741642755123
321957,1242.9604917031336
321958,780.3798850810301
321959,875.5324077255284
321960,-514.2979051315365
321961,647.2405694206554
321962,434.02689684827675
321963,-28.55370977382654
321964,66.59881287067162
321965,-66.87716643647002
321966,1094.661308115722
321967,881.4476355433433
321968,418.86702892124
321969,514.0195515657381
321970,88.70400140171591
321971,1250.2424759539078
321972,1037.028803381529
321973,574.4481967594259
321974,669.600719403924
321975,-1139.1902500323201
321976,22.348224519871792
321977,-190.86544805250696
321978,-653.4460546746102
321979,-558.2935320301121
321980,-691.7695113372536
321981,469.76896321493837
321982,256.5552906425597
321983,-206.02531597954362
321984,-110.87279333504546
321985,-536.1883434990677
321986,625.3501310531242
321987,412.1364584807455
321988,-50.4441481413578
321989,44.70837450314036
321990,366.97363245523854
321991,1528.5121070074306
321992,1315.2984344350518
321993,852.7178278129485
321994,947.8703504574466
321995,814.3943711503051
321996,1975.9328457024972
321997,1762.7191731301184
321998,1300.1385665080152
321999,1395.2910891525132
322000,969.975538988491
322001,2131.5140135406828
322002,1918.3003409683042
322003,1455.719734346201
322004,1550.872256990699
322005,-193.50400585636112
322006,968.034468695831
322007,754.8207961234523
322008,292.2401895013489
322009,387.3927121458471
322010,253.91673283870557
322011,1415.4552073908976
322012,1202.2415348185189
322013,739.6609281964155
322014,834.8134508409137
322015,409.4979006768914
322016,1571.0363752290834
322017,1357.8227026567047
322018,895.2420960346013
322019,990.3946186790995
322020,-227.5682012792057
322021,933.9702732729863
322022,720.7566007006076
322023,258.1759940785043
322024,353.32851672300245
322025,219.85253741586087
322026,1381.3910119680531
322027,1168.1773393956742
322028,705.5967327735709
322029,800.7492554180691
322030,375.43370525404674
322031,1536.9721798062387
322032,1323.7585072338602
322033,861.1779006117567
322034,956.3304232562549
322035,-219.49486333792936
322036,942.0436112142627
322037,728.8299386418839
322038,266.2493320197806
322039,361.40185466427874
322040,227.92587535713722
322041,1389.4643499093293
322042,1176.2506773369505
322043,713.6700707148473
322044,808.8225933593453
322045,383.5070431953231
322046,1545.045517747515
322047,1331.8318451751363
322048,869.2512385530331
322049,964.4037611975313
322050,-425.42655165953374
322051,736.1119228926583
322052,522.8982503202795
322053,60.3176436981762
322054,155.47016634267447
322055,21.994187035532832
322056,1183.532661587725
322057,970.3189890153462
322058,507.7383823932429
322059,602.890905037741
322060,177.57535487371865
322061,1339.1138294259108
322062,1125.900156853532
322063,663.3195502314286
322064,758.4720728759269
322065,-1050.3188965603174
322066,111.21957799187464
322067,-101.99409458050411
322068,-564.5747012026075
322069,-469.4221785581092
322070,-602.8981578652508
322071,558.6403166869413
322072,345.4266441145626
322073,-117.15396250754077
322074,-22.001439863042606
322075,-447.316990027065
322076,714.221484525127
322077,501.00781195274834
322078,38.42720533064494
322079,133.57972797514321
322080,455.8449859272414
322081,1617.3834604794336
322082,1404.1697879070548
322083,941.5891812849513
322084,1036.7417039294496
322085,903.265724622308
322086,2064.8041991745004
322087,1851.5905266021214
322088,1389.009919980018
322089,1484.1624426245162
322090,1058.8468924604938
322091,2220.385367012686
322092,2007.1716944403072
322093,1544.5910878182037
322094,1639.743610462702
322095,-104.63265238435815
322096,1056.9058221678338
322097,843.6921495954551
322098,381.1115429733518
322099,476.26406561784995
322100,342.7880863107084
322101,1504.3265608629006
322102,1291.1128882905218
322103,828.5322816684185
322104,923.6848043129165
322105,498.3692541488943
322106,1659.9077287010864
322107,1446.6940561287074
322108,984.1134495066042
322109,1079.2659721511025
322110,-215.2289528059298
322111,946.3095217462621
322112,733.0958491738834
322113,270.51524255178015
322114,365.6677651962783
322115,232.19178588913678
322116,1393.730260441329
322117,1180.51658786895
322118,717.9359812468467
322119,813.0885038913449
322120,387.7729537273226
322121,1549.3114282795145
322122,1336.097755707136
322123,873.5171490850325
322124,968.6696717295307
322125,-207.15561486465356
322126,954.3828596875385
322127,741.1691871151597
322128,278.5885804930564
322129,373.7411031375546
322130,240.26512383041302
322131,1401.803598382605
322132,1188.5899258102263
322133,726.0093191881231
322134,821.1618418326211
322135,395.84629166859884
322136,1557.3847662207909
322137,1344.1710936484121
322138,881.5904870263088
322139,976.7430096708069
322140,-413.0873031862577
322141,748.4511713659342
322142,535.2374987935553
322143,72.656892171452
322144,167.80941481595028
322145,34.33343550880875
322146,1195.8719100610008
322147,982.658237488622
322148,520.0776308665187
322149,615.2301535110169
322150,189.91460334699457
322151,1351.4530778991866
322152,1138.2394053268079
322153,675.6587987047044
322154,770.8113213492027
322155,-1037.9796480870414
322156,123.55882646515056
322157,-89.6548461072282
322158,-552.2354527293314
322159,-457.0829300848334
322160,-590.558909391975
322161,570.9795651602171
322162,357.7658925878384
322163,-104.81471403426497
322164,-9.662191389766804
322165,-434.977741553789
322166,726.560732998403
322167,513.3470604260242
322168,50.76645380392074
322169,145.91897644841902
322170,468.1842344005173
322171,1629.7227089527094
322172,1416.5090363803306
322173,953.9284297582271
322174,1049.0809524027254
322175,915.6049730955839
322176,2077.143447647776
322177,1863.9297750753972
322178,1401.3491684532937
322179,1496.501691097792
322180,1071.1861409337698
322181,2232.7246154859617
322182,2019.510942913583
322183,1556.9303362914795
322184,1652.0828589359778
322185,-92.29340391108235
322186,1069.2450706411096
322187,856.0313980687309
322188,393.4507914466276
322189,488.60331409112575
322190,355.1273347839842
322191,1516.6658093361764
322192,1303.4521367637976
322193,840.8715301416942
322194,936.0240527861923
322195,510.70850262217004
322196,1672.2469771743622
322197,1459.0333046019832
322198,996.45269797988
322199,1091.605220624378
322200,-365.7880842088932
322201,795.7503903432987
322202,582.53671777092
322203,119.9561111488166
322204,215.10863379331477
322205,81.63265448617324
322206,1243.1711290383653
322207,1029.9574564659865
322208,567.3768498438833
322209,662.5293724883815
322210,237.21382232435917
322211,1398.752296876551
322212,1185.5386243041723
322213,722.9580176820691
322214,818.1105403265673
322215,-357.7147462676169
322216,803.823728284575
322217,590.6100557121963
322218,128.02944909009284
322219,223.18197173459112
322220,89.70599242744959
322221,1251.2444669796416
322222,1038.0307944072629
322223,575.4501877851596
322224,670.6027104296577
322225,245.28716026563552
322226,1406.8256348178274
322227,1193.6119622454487
322228,731.0313556233453
322229,826.1838782678435
322230,-563.6464345892211
322231,597.8920399629707
322232,384.678367390592
322233,-77.90223923151132
322234,17.250283412986846
322235,-116.2256958941548
322236,1045.3127786580371
322237,832.0991060856585
322238,369.5184994635552
322239,464.67102210805336
322240,39.35547194403114
322241,1200.8939464962232
322242,987.6802739238444
322243,525.099667301741
322244,620.2521899462392
322245,-1188.538779490005
322246,-27.000304937812984
322247,-240.21397751019174
322248,-702.7945841322951
322249,-607.6420614877968
322250,-741.1180407949385
322251,420.4204337572536
322252,207.20676118487495
322253,-255.3738454372284
322254,-160.22132279273023
322255,-585.5368729567524
322256,576.0016015954394
322257,362.7879290230607
322258,-99.79267759904258
322259,-4.640154954544414
322260,317.62510299755377
322261,1479.1635775497457
322262,1265.9499049773672
322263,803.3692983552637
322264,898.5218209997619
322265,765.0458416926203
322266,1926.5843162448123
322267,1713.3706436724337
322268,1250.7900370503303
322269,1345.9425596948286
322270,920.6270095308063
322271,2082.165484082998
322272,1868.9518115106196
322273,1406.371204888516
322274,1501.5237275330144
322275,-242.8525353140459
322276,918.6859392381461
322277,705.4722666657674
322278,242.89166004366405
322279,338.04418268816227
322280,204.5682033810208
322281,1366.1066779332127
322282,1152.8930053608342
322283,690.3123987387307
322284,785.4649213832289
322285,360.1493712192066
322286,1521.6878457713985
322287,1308.4741731990198
322288,845.8935665769166
322289,941.0460892214147
322290,-353.44883573561765
322291,808.0896388165745
322292,594.8759662441958
322293,132.2953596220924
322294,227.44788226659057
322295,93.97190295944904
322296,1255.510377511641
322297,1042.2967049392623
322298,579.7160983171591
322299,674.8686209616571
322300,249.55307079763486
322301,1411.091545349827
322302,1197.8778727774484
322303,735.2972661553449
322304,830.4497887998431
322305,-345.3754977943413
322306,816.1629767578507
322307,602.9493041854721
322308,140.36869756336864
322309,235.52122020786692
322310,102.04524090072539
322311,1263.5837154529174
322312,1050.3700428805387
322313,587.7894362584353
322314,682.9419589029335
322315,257.6264087389112
322316,1419.1648832911033
322317,1205.9512107187245
322318,743.3706040966212
322319,838.5231267411193
322320,-551.3071861159456
322321,610.2312884362465
322322,397.0176158638677
322323,-65.56299075823563
322324,29.589531886262534
322325,-103.886447420879
322326,1057.652027131313
322327,844.4383545589343
322328,381.857747936831
322329,477.01027058132917
322330,51.694720417306826
322331,1213.233194969499
322332,1000.0195223971202
322333,537.4389157750168
322334,632.591438419515
322335,-1176.1995310167292
322336,-14.661056464537182
322337,-227.87472903691594
322338,-690.4553356590193
322339,-595.302813014521
322340,-728.7787923216626
322341,432.75968223052945
322342,219.54600965815064
322343,-243.0345969639527
322344,-147.88207431945455
322345,-573.1976244834768
322346,588.3408500687152
322347,375.12717749633657
322348,-87.45342912576689
322349,7.699093518731274
322350,329.9643514708295
322351,1491.5028260230215
322352,1278.289153450643
322353,815.7085468285395
322354,910.8610694730378
322355,777.3850901658961
322356,1938.923564718088
322357,1725.7098921457095
322358,1263.129285523606
322359,1358.2818081681044
322360,932.966258004082
322361,2094.504732556274
322362,1881.2910599838954
322363,1418.710453361792
322364,1513.8629760062902
322365,-230.5132868407702
322366,931.025187711422
322367,717.8115151390432
322368,255.23090851693985
322369,350.383431161438
322370,216.90745185429648
322371,1378.4459264064885
322372,1165.23225383411
322373,702.6516472120065
322374,797.8041698565047
322375,372.4886196924823
322376,1534.0270942446746
322377,1320.8134216722956
322378,858.2328150501924
322379,953.3853376946905
322380,-341.10958726234185
322381,820.4288872898503
322382,607.2152147174716
322383,144.6346080953682
322384,239.78713073986637
322385,106.31115143272484
322386,1267.8496259849169
322387,1054.6359534125381
322388,592.0553467904349
322389,687.207869434933
322390,261.89231927091066
322391,1423.4307938231027
322392,1210.2171212507242
322393,747.6365146286207
322394,842.7890372731189
322395,-333.0362493210655
322396,828.5022252311267
322397,615.2885526587479
322398,152.70794603664444
322399,247.86046868114272
322400,114.38448937400119
322401,1275.9229639261932
322402,1062.7092913538145
322403,600.1286847317111
322404,695.2812073762093
322405,269.965657212187
322406,1431.504131764379
322407,1218.2904591920003
322408,755.709852569897
322409,850.8623752143951
322410,-538.9679376426698
322411,622.5705369095223
322412,409.3568643371435
322413,-53.223742284959826
322414,41.92878035953845
322415,-91.54719894760319
322416,1069.9912756045887
322417,856.7776030322101
322418,394.1969964101068
322419,489.34951905460497
322420,64.03396889058263
322421,1225.5724434427748
322422,1012.358770870396
322423,549.7781642482926
322424,644.9306868927908
322425,-1163.8602825434534
322426,-2.3218079912612666
322427,-215.53548056364002
322428,-678.1160871857435
322429,-582.9635645412452
322430,-716.4395438483868
322431,445.09893070380525
322432,231.88525813142655
322433,-230.6953484906768
322434,-135.54282584617863
322435,-560.858376010201
322436,600.6800985419911
322437,387.4664259696123
322438,-75.11418065249109
322439,20.03834199200719
322440,342.3035999441053
322441,1503.8420744962973
322442,1290.6284019239188
322443,828.0477953018153
322444,923.2003179463136
322445,789.724338639172
322446,1951.262813191364
322447,1738.0491406189853
322448,1275.468533996882
322449,1370.6210566413802
322450,945.3055064773578
322451,2106.84398102955
322452,1893.6303084571712
322453,1431.0497018350677
322454,1526.202224479566
322455,-218.17403836749418
322456,943.3644361846978
322457,730.1507636123191
322458,267.5701569902157
322459,362.7226796347139
322460,229.2467003275724
322461,1390.7851748797643
322462,1177.5715023073858
322463,714.9908956852823
322464,810.1434183297805
322465,384.8278681657582
322466,1546.3663427179504
322467,1333.1526701455714
322468,870.5720635234682
322469,965.7245861679663
322470,-328.7703387890658
322471,832.7681357631261
322472,619.5544631907474
322473,156.973856568644
322474,252.12637921314217
322475,118.65039990600064
322476,1280.1888744581927
322477,1066.975201885814
322478,604.3945952637107
322479,699.5471179082087
322480,274.2315677441866
322481,1435.7700422963785
322482,1222.5563697239998
322483,759.9757631018965
322484,855.1282857463947
322485,-320.69700084778947
322486,840.8414737044025
322487,627.6278011320237
322488,165.04719450992025
322489,260.1997171544185
322490,126.723737847277
322491,1288.2622123994688
322492,1075.0485398270903
322493,612.4679332049869
322494,707.6204558494851
322495,282.3049056854629
322496,1443.8433802376549
322497,1230.629707665276
322498,768.0491010431728
322499,863.2016236876709
322500,-526.6286891693937
322501,634.9097853827981
322502,421.6961128104194
322503,-40.884493811684024
322504,54.26802883281425
322505,-79.20795047432739
322506,1082.3305240778645
322507,869.1168515054859
322508,406.5362448833826
322509,501.6887675278807
322510,76.37321736385854
322511,1237.9116919160506
322512,1024.6980193436718
322513,562.1174127215684
322514,657.2699353660666
322515,-1151.5210340701776
322516,10.017440482014422
322517,-203.19623209036433
322518,-665.7768387124677
322519,-570.6243160679696
322520,-704.100295375111
322521,457.438179177081
322522,244.22450660470236
322523,-218.356100017401
322524,-123.20357737290283
322525,-548.519127536925
322526,613.0193470152668
322527,399.8056744428881
322528,-62.774932179215284
322529,32.37759046528299
322530,354.6428484173812
322531,1516.181322969573
322532,1302.9676503971946
322533,840.3870437750911
322534,935.5395664195893
322535,802.0635871124477
322536,1963.6020616646397
322537,1750.3883890922611
322538,1287.8077824701577
322539,1382.960305114656
322540,957.6447549506337
322541,2119.1832295028253
322542,1905.969556930447
322543,1443.3889503083435
322544,1538.5414729528418
322545,-205.8347898942185
322546,955.7036846579736
322547,742.4900120855948
322548,279.90940546349145
322549,375.0619281079897
322550,241.5859488008481
322551,1403.1244233530401
322552,1189.9107507806616
322553,727.3301441585581
322554,822.4826668030563
322555,397.167116639034
322556,1558.705591191226
322557,1345.4919186188472
322558,882.911311996744
322559,978.0638346412421
322560,-316.43109031579024
322561,845.1073842364019
322562,631.8937116640232
322563,169.3131050419198
322564,264.465627686418
322565,130.98964837927645
322566,1292.5281229314685
322567,1079.3144503590897
322568,616.7338437369864
322569,711.8863663814845
322570,286.57081621746227
322571,1448.1092907696543
322572,1234.8956181972758
322573,772.3150115751723
322574,867.4675342196705
322575,-308.3577523745139
322576,853.1807221776781
322577,639.9670496052995
322578,177.38644298319605
322579,272.53896562769427
322580,139.0629863205528
322581,1300.6014608727448
322582,1087.387788300366
322583,624.8071816782627
322584,719.9597043227609
322585,294.6441541587386
322586,1456.1826287109307
322587,1242.968956138552
322588,780.3883495164486
322589,875.5408721609467
322590,-514.2894406961182
322591,647.2490338560739
322592,434.03536128369507
322593,-28.545245338408222
322594,66.60727730608994
322595,-66.86870200105159
322596,1094.6697725511403
322597,881.4560999787617
322598,418.8754933566584
322599,514.0280160011565
322600,88.71246583713423
322601,1250.2509403893264
322602,1037.0372678169476
322603,574.4566611948442
322604,669.6091838393424
322605,-1139.1817855969018
322606,22.356688955290224
322607,-190.85698361708853
322608,-653.4375902391919
322609,-558.2850675946938
322610,-691.7610469018352
322611,469.7774276503568
322612,256.56375507797804
322613,-206.0168515441253
322614,-110.86432889962714
322615,-536.1798790636494
322616,625.3585954885426
322617,412.1449229161639
322618,-50.43568370593948
322619,44.71683893855868
322620,366.9820968906569
322621,1528.520571442849
322622,1315.3068988704701
322623,852.7262922483669
322624,947.878814892865
322625,814.4028355857236
322626,1975.9413101379155
322627,1762.727637565537
322628,1300.1470309434335
322629,1395.2995535879318
322630,969.9840034239094
322631,2131.522477976101
322632,1918.3088054037228
322633,1455.7281987816193
322634,1550.8807214261174
322635,-193.4955414209428
322636,968.0429331312494
322637,754.8292605588706
322638,292.24865393676725
322639,387.4011765812654
322640,253.92519727412395
322641,1415.463671826316
322642,1202.2499992539374
322643,739.669392631834
322644,834.8219152763321
322645,409.5063651123097
322646,1571.044839664502
322647,1357.831167092123
322648,895.2505604700198
322649,990.4030831145179
322650,-227.55973684378728
322651,933.9787377084048
322652,720.765065136026
322653,258.1844585139227
322654,353.3369811584209
322655,219.8610018512793
322656,1381.3994764034715
322657,1168.1858038310925
322658,705.6051972089892
322659,800.7577198534875
322660,375.4421696894651
322661,1536.9806442416573
322662,1323.7669716692785
322663,861.1863650471751
322664,956.3388876916733
322665,-219.48639890251093
322666,942.0520756496811
322667,728.8384030773024
322668,266.257796455199
322669,361.4103190996972
322670,227.93433979255565
322671,1389.4728143447478
322672,1176.2591417723688
322673,713.6785351502656
322674,808.8310577947638
322675,383.51550763074147
322676,1545.0539821829334
322677,1331.8403096105549
322678,869.2597029884514
322679,964.4122256329496
322680,-425.4180872241152
322681,736.1203873280767
322682,522.906714755698
322683,60.32610813359463
322684,155.4786307780928
322685,22.002651470951264
322686,1183.5411260231433
322687,970.3274534507646
322688,507.74684682866126
322689,602.8993694731594
322690,177.58381930913708
322691,1339.1222938613291
322692,1125.9086212889504
322693,663.328014666847
322694,758.4805373113453
322695,-1050.3104321248989
322696,111.22804242729308
322697,-101.98563014508568
322698,-564.5662367671889
322699,-469.41371412269064
322700,-602.8896934298325
322701,558.6487811223597
322702,345.43510854998095
322703,-117.14549807212234
322704,-21.992975427624174
322705,-447.30852559164646
322706,714.2299489605455
322707,501.0162763881668
322708,38.43566976606337
322709,133.58819241056153
322710,455.8534503626598
322711,1617.3919249148519
322712,1404.1782523424731
322713,941.5976457203698
322714,1036.750168364868
322715,903.2741890577264
322716,2064.8126636099187
322717,1851.5989910375397
322718,1389.0183844154362
322719,1484.1709070599345
322720,1058.8553568959123
322721,2220.3938314481047
322722,2007.1801588757255
322723,1544.5995522536223
322724,1639.7520748981206
322725,-104.62418794893972
322726,1056.9142866032523
322727,843.7006140308736
322728,381.1200074087702
322729,476.2725300532684
322730,342.79655074612685
322731,1504.335025298319
322732,1291.1213527259401
322733,828.5407461038368
322734,923.693268748335
322735,498.3777185843127
322736,1659.9161931365047
322737,1446.702520564126
322738,984.1219139420226
322739,1079.2744365865208
322740,-215.22048837051148
322741,946.3179861816806
322742,733.1043136093018
322743,270.5237069871985
322744,365.6762296316967
322745,232.2002503245552
322746,1393.7387248767473
322747,1180.5250523043683
322748,717.944445682265
322749,813.0969683267633
322750,387.781418162741
322751,1549.3198927149328
322752,1336.1062201425543
322753,873.5256135204509
322754,968.6781361649491
322755,-207.14715042923513
322756,954.3913241229568
322757,741.177651550578
322758,278.5970449284748
322759,373.749567572973
322760,240.2735882658314
322761,1401.8120628180234
322762,1188.5983902456446
322763,726.0177836235414
322764,821.1703062680396
322765,395.8547561040172
322766,1557.3932306562092
322767,1344.1795580838307
322768,881.5989514617272
322769,976.7514741062254
322770,-413.0788387508394
322771,748.4596358013525
322772,535.2459632289738
322773,72.66535660687055
322774,167.8178792513687
322775,34.34189994422718
322776,1195.880374496419
322777,982.6667019240404
322778,520.0860953019371
322779,615.2386179464352
322780,189.923067782413
322781,1351.461542334605
322782,1138.2478697622264
322783,675.6672631401228
322784,770.819785784621
322785,-1037.971183651623
322786,123.56729090056888
322787,-89.64638167180976
322788,-552.2269882939131
322789,-457.07446564941506
322790,-590.5504449565565
322791,570.9880295956355
322792,357.77435702325675
322793,-104.80624959884653
322794,-9.653726954348372
322795,-434.96927711837066
322796,726.5691974338213
322797,513.3555248614425
322798,50.774918239339286
322799,145.92744088383745
322800,468.1926988359357
322801,1629.7311733881277
322802,1416.517500815749
322803,953.9368941936455
322804,1049.0894168381437
322805,915.6134375310023
322806,2077.1519120831945
322807,1863.9382395108155
322808,1401.3576328887123
322809,1496.5101555332103
322810,1071.1946053691881
322811,2232.73307992138
322812,2019.5194073490013
322813,1556.9388007268979
322814,1652.0913233713961
322815,-92.28493947566403
322816,1069.253535076528
322817,856.0398625041493
322818,393.45925588204597
322819,488.6117785265442
322820,355.1357992194026
322821,1516.6742737715947
322822,1303.460601199216
322823,840.8799945771126
322824,936.0325172216108
322825,510.7169670575884
322826,1672.2554416097805
322827,1459.0417690374018
322828,996.4611624152983
322829,1091.6136850597966
322830,-365.7796197734749
322831,795.758854778717
322832,582.5451822063384
322833,119.96457558423504
322834,215.1170982287332
322835,81.64111892159167
322836,1243.1795934737838
322837,1029.965920901405
322838,567.3853142793016
322839,662.5378369237998
322840,237.2222867597775
322841,1398.7607613119694
322842,1185.547088739591
322843,722.9664821174875
322844,818.1190047619857
322845,-357.70628183219856
322846,803.8321927199934
322847,590.6185201476146
322848,128.03791352551127
322849,223.19043617000943
322850,89.71445686286802
322851,1251.25293141506
322852,1038.0392588426812
322853,575.458652220578
322854,670.6111748650761
322855,245.2956247010539
322856,1406.8340992532458
322857,1193.6204266808672
322858,731.0398200587638
322859,826.1923427032619
322860,-563.6379701538028
322861,597.9005043983891
322862,384.6868318260103
322863,-77.893774796093
322864,17.258747848405164
322865,-116.21723145873636
322866,1045.3212430934557
322867,832.1075705210769
322868,369.5269638989736
322869,464.67948654347174
322870,39.36393637944957
322871,1200.9024109316415
322872,987.6887383592627
322873,525.1081317371594
322874,620.2606543816576
322875,-1188.5303150545865
322876,-26.991840502394552
322877,-240.2055130747733
322878,-702.7861196968765
322879,-607.6335970523785
322880,-741.1095763595201
322881,420.428898192672
322882,207.21522562029327
322883,-255.36538100181008
322884,-160.21285835731192
322885,-585.5284085213341
322886,576.0100660308578
322887,362.79639345847914
322888,-99.78421316362426
322889,-4.631690519126096
322890,317.63356743297214
322891,1479.172041985164
322892,1265.9583694127855
322893,803.377762790682
322894,898.5302854351803
322895,765.0543061280388
322896,1926.5927806802308
322897,1713.379108107852
322898,1250.7985014857486
322899,1345.9510241302469
322900,920.6354739662247
322901,2082.1739485184166
322902,1868.9602759460379
322903,1406.3796693239346
322904,1501.5321919684327
322905,-242.84407087862746
322906,918.6944036735646
322907,705.4807311011858
322908,242.90012447908248
322909,338.05264712358064
322910,204.5766678164391
322911,1366.115142368631
322912,1152.9014697962525
322913,690.3208631741492
322914,785.4733858186473
322915,360.157835654625
322916,1521.696310206817
322917,1308.4826376344383
322918,845.902031012335
322919,941.0545536568331
322920,-353.4403713001991
322921,808.0981032519929
322922,594.8844306796142
322923,132.30382405751084
322924,227.456346702009
322925,93.98036739486747
322926,1255.5188419470596
322927,1042.3051693746806
322928,579.7245627525774
322929,674.8770853970756
322930,249.5615352330533
322931,1411.1000097852454
322932,1197.8863372128667
322933,735.3057305907632
322934,830.4582532352615
322935,-345.36703335892275
322936,816.1714411932692
322937,602.9577686208904
322938,140.3771619987872
322939,235.52968464328535
322940,102.05370533614382
322941,1263.592179888336
322942,1050.378507315957
322943,587.7979006938538
322944,682.9504233383519
322945,257.63487317432964
322946,1419.1733477265216
322947,1205.959675154143
322948,743.3790685320396
322949,838.5315911765377
322950,-551.298721680527
322951,610.2397528716649
322952,397.02608029928615
322953,-65.5545263228172
322954,29.597996321680967
322955,-103.87798298546056
322956,1057.6604915667315
322957,844.4468189943527
322958,381.8662123722494
322959,477.01873501674754
322960,51.70318485272526
322961,1213.2416594049173
322962,1000.0279868325385
322963,537.4473802104352
322964,632.5999028549334
322965,-1176.191066581311
322966,-14.65259202911875
322967,-227.8662646014975
322968,-690.446871223601
322969,-595.2943485791027
322970,-728.7703278862443
322971,432.7681466659479
322972,219.55447409356907
322973,-243.02613252853416
322974,-147.8736098840361
322975,-573.1891600480583
322976,588.3493145041336
322977,375.1356419317549
322978,-87.44496469034846
322979,7.707557954149706
322980,329.97281590624794
322981,1491.51129045844
322982,1278.2976178860613
322983,815.7170112639578
322984,910.8695339084561
322985,777.3935546013146
322986,1938.9320291535066
322987,1725.7183565811279
322988,1263.1377499590244
322989,1358.2902726035227
322990,932.9747224395004
322991,2094.513196991693
322992,1881.2995244193137
322993,1418.7189177972105
322994,1513.8714404417087
322995,-230.50482240535166
322996,931.0336521468404
322997,717.8199795744616
322998,255.23937295235828
322999,350.39189559685644
323000,216.91591628971491
323001,1378.454390841907
323002,1165.2407182695283
323003,702.660111647425
323004,797.8126342919231
323005,372.49708412790073
323006,1534.035558680093
323007,1320.8218861077141
323008,858.2412794856107
323009,953.393802130109
323010,-341.1011228269233
323011,820.4373517252686
323012,607.22367915289
323013,144.64307253078664
323014,239.7955951752848
323015,106.31961586814316
323016,1267.8580904203352
323017,1054.6444178479564
323018,592.0638112258532
323019,687.2163338703514
323020,261.9007837063291
323021,1423.439258258521
323022,1210.2255856861425
323023,747.644979064039
323024,842.7975017085373
323025,-333.02778488564695
323026,828.510689666545
323027,615.2970170941662
323028,152.71641047206288
323029,247.8689331165611
323030,114.39295380941951
323031,1275.9314283616116
323032,1062.7177557892328
323033,600.1371491671296
323034,695.2896718116277
323035,269.97412164760544
323036,1431.5125961997974
323037,1218.2989236274188
323038,755.7183170053154
323039,850.8708396498135
323040,-538.9594732072512
323041,622.5790013449407
323042,409.36532877256195
323043,-53.215277849541394
323044,41.93724479495677
323045,-91.53873451218487
323046,1069.9997400400073
323047,856.7860674676285
323048,394.2054608455252
323049,489.35798349002334
323050,64.04243332600106
323051,1225.580907878193
323052,1012.3672353058143
323053,549.786628683711
323054,644.9391513282092
323055,-1163.851818108035
323056,-2.3133435558429483
323057,-215.5270161282217
323058,-678.1076227503252
323059,-582.9551001058269
323060,-716.4310794129685
323061,445.10739513922357
323062,231.89372256684499
323063,-230.68688405525836
323064,-135.5343614107602
323065,-560.8499115747825
323066,600.6885629774094
323067,387.47489040503075
323068,-75.10571621707265
323069,20.04680642742551
323070,342.3120643795237
323071,1503.8505389317158
323072,1290.636866359337
323073,828.0562597372336
323074,923.2087823817319
323075,789.7328030745903
323076,1951.2712776267824
323077,1738.0576050544037
323078,1275.4769984323002
323079,1370.6295210767985
323080,945.3139709127762
323081,2106.8524454649682
323082,1893.6387728925895
323083,1431.0581662704863
323084,1526.2106889149845
323085,-218.16557393207586
323086,943.3729006201162
323087,730.1592280477374
323088,267.5786214256341
323089,362.73114407013225
323090,229.25516476299072
323091,1390.7936393151826
323092,1177.5799667428041
323093,714.9993601207008
323094,810.1518827651989
323095,384.83633260117665
323096,1546.3748071533687
323097,1333.16113458099
323098,870.5805279588866
323099,965.7330506033848
323100,-328.7618743536475
323101,832.7766001985445
323102,619.5629276261657
323103,156.98232100406244
323104,252.13484364856055
323105,118.65886434141908
323106,1280.1973388936112
323107,1066.9836663212322
323108,604.403059699129
323109,699.5555823436272
323110,274.24003217960495
323111,1435.778506731797
323112,1222.5648341594183
323113,759.9842275373148
323114,855.1367501818131
323115,-320.68853641237115
323116,840.8499381398208
323117,627.636265567442
323118,165.05565894533868
323119,260.20818158983684
323120,126.73220228269543
323121,1288.2706768348876
323122,1075.0570042625086
323123,612.4763976404054
323124,707.6289202849035
323125,282.3133701208813
323126,1443.8518446730734
323127,1230.6381721006946
323128,768.0575654785912
323129,863.2100881230893
323130,-526.6202247339754
323131,634.9182498182165
323132,421.7045772458377
323133,-40.876029376265706
323134,54.27649326823257
323135,-79.19948603890896
323136,1082.338988513283
323137,869.1253159409043
323138,406.544709318801
323139,501.69723196329915
323140,76.38168179927698
323141,1237.920156351469
323142,1024.7064837790901
323143,562.1258771569868
323144,657.278399801485
323145,-1151.5125696347593
323146,10.025904917432854
323147,-203.1877676549459
323148,-665.7683742770494
323149,-570.6158516325513
323150,-704.0918309396927
323151,457.44664361249954
323152,244.23297104012067
323153,-218.34763558198267
323154,-123.19511293748451
323155,-548.5106631015067
323156,613.0278114506854
323157,399.81413887830655
323158,-62.766467743796966
323159,32.38605490070131
323160,354.65131285279955
323161,1516.1897874049916
323162,1302.976114832613
323163,840.3955082105094
323164,935.5480308550077
323165,802.0720515478662
323166,1963.6105261000582
323167,1750.3968535276795
323168,1287.816246905576
323169,1382.9687695500743
323170,957.6532193860521
323171,2119.1916939382445
323172,1905.9780213658653
323173,1443.397414743762
323174,1538.54993738826
323175,-205.82632545880006
323176,955.712149093392
323177,742.4984765210132
323178,279.9178698989099
323179,375.07039254340805
323180,241.59441323626652
323181,1403.1328877884587
323182,1189.91921521608
323183,727.3386085939766
323184,822.4911312384747
323185,397.1755810744524
323186,1558.7140556266445
323187,1345.5003830542657
323188,882.9197764321624
323189,978.0722990766606
323190,-317.40758993652366
323191,844.1308846156683
323192,630.9172120432896
323193,168.33660542118628
323194,263.4891280656844
323195,130.0131487585429
323196,1291.551623310735
323197,1078.337950738356
323198,615.7573441162529
323199,710.909866760751
323200,285.59431659672873
323201,1447.1327911489207
323202,1233.9191185765421
323203,771.3385119544387
323204,866.4910345989368
323205,-309.3342519952473
323206,852.2042225569446
323207,638.9905499845659
323208,176.4099433624625
323209,271.5624660069607
323210,138.08648669981926
323211,1299.6249612520112
323212,1086.4112886796324
323213,623.8306820575292
323214,718.9832047020273
323215,293.6676545380051
323216,1455.206129090197
323217,1241.9924565178185
323218,779.4118498957149
323219,874.5643725402132
323220,-515.2659403168516
323221,646.2725342353402
323222,433.05886166296153
323223,-29.52174495914187
323224,65.6307776853564
323225,-67.84520162178512
323226,1093.693272930407
323227,880.4796003580282
323228,417.8989937359248
323229,513.051516380423
323230,87.7359662164007
323231,1249.2744407685927
323232,1036.060768196214
323233,573.4801615741106
323234,668.6326842186088
323235,-1140.1582852176355
323236,21.38018933455669
323237,-191.83348323782207
323238,-654.4140898599255
323239,-559.2615672154275
323240,-692.7375465225689
323241,468.80092802962326
323242,255.5872554572445
323243,-206.99335116485884
323244,-111.84082852036067
323245,-537.1563786843828
323246,624.3820958678091
323247,411.16842329543033
323248,-51.41218332667313
323249,43.740339317825146
323250,366.00559726992327
323251,1527.5440718221153
323252,1314.3303992497365
323253,851.7497926276333
323254,946.9023152721313
323255,813.4263359649899
323256,1974.9648105171818
323257,1761.751137944803
323258,1299.1705313226998
323259,1394.3230539671981
323260,969.0075038031757
323261,2130.545978355368
323262,1917.3323057829891
323263,1454.7516991608857
323264,1549.9042218053837
323265,-194.47204104167622
323266,967.0664335105158
323267,753.8527609381371
323268,291.27215431603366
323269,386.4246769605319
323270,252.9486976533903
323271,1414.4871722055823
323272,1201.2734996332038
323273,738.6928930111003
323274,833.8454156555985
323275,408.5298654915762
323276,1570.0683400437683
323277,1356.8546674713896
323278,894.2740608492861
323279,989.4265834937844
323280,-228.53623646452093
323281,933.0022380876712
323282,719.7885655152924
323283,257.2079588931891
323284,352.3604815376873
323285,218.88450223054576
323286,1380.4229767827378
323287,1167.209304210359
323288,704.6286975882557
323289,799.7812202327539
323290,374.4656700687316
323291,1536.0041446209236
323292,1322.7904720485449
323293,860.2098654264415
323294,955.3623880709397
323295,-220.46289852324458
323296,941.0755760289475
323297,727.8619034565687
323298,265.28129683446537
323299,360.4338194789636
323300,226.9578401718221
323301,1388.4963147240142
323302,1175.2826421516354
323303,712.702035529532
323304,807.8545581740302
323305,382.53900801000793
323306,1544.0774825622
323307,1330.8638099898212
323308,868.2832033677178
323309,963.435726012216
323310,-426.39458684484885
323311,735.1438877073431
323312,521.9302151349643
323313,59.349608512861096
323314,154.50213115735926
323315,21.02615185021773
323316,1182.5646264024099
323317,969.350953830031
323318,506.77034720792767
323319,601.9228698524258
323320,176.60731968840344
323321,1338.1457942405955
323322,1124.932121668217
323323,662.3515150461135
323324,757.5040376906117
323325,-1051.2869317456327
323326,110.25154280655943
323327,-102.96212976581933
323328,-565.5427363879228
323329,-470.3902137434245
323330,-603.8661930505659
323331,557.6722815016261
323332,344.45860892924736
323333,-118.12199769285598
323334,-22.969475048357822
323335,-448.2850252123801
323336,713.2534493398119
323337,500.0397767674332
323338,37.459170145329836
323339,132.611692789828
323340,454.8769507419261
323341,1616.4154252941182
323342,1403.2017527217395
323343,940.6211460996362
323344,1035.7736687441343
323345,902.2976894369928
323346,2063.8361639891846
323347,1850.622491416806
323348,1388.0418847947028
323349,1483.1944074392009
323350,1057.8788572751787
323351,2219.4173318273706
323352,2006.2036592549919
323353,1543.6230526328886
323354,1638.775575277387
323355,-105.60068756967325
323356,1055.9377869825187
323357,842.7241144101399
323358,380.1435077880366
323359,475.29603043253474
323360,341.8200511253932
323361,1503.3585256775855
323362,1290.1448531052065
323363,827.5642464831033
323364,922.7167691276013
323365,497.40121896357914
323366,1658.939693515771
323367,1445.7260209433925
323368,983.1454143212891
323369,1078.2979369657874
323370,-216.196987991245
323371,945.341486560947
323372,732.1278139885682
323373,269.5472073664649
323374,364.69973001096304
323375,231.22375070382157
323376,1392.7622252560136
323377,1179.5485526836349
323378,716.9679460615315
323379,812.1204687060297
323380,386.80491854200744
323381,1548.3433930941994
323382,1335.1297205218207
323383,872.5491138997173
323384,967.7016365442155
323385,-208.12365004996877
323386,953.4148245022233
323387,740.2011519298445
323388,277.62054530774117
323389,372.77306795223933
323390,239.2970886450978
323391,1400.83556319729
323392,1187.621890624911
323393,725.0412840028079
323394,820.193806647306
323395,394.8782564832837
323396,1556.4167310354756
323397,1343.203058463097
323398,880.6224518409936
323399,975.7749744854918
323400,-414.05533837157304
323401,747.483136180619
323402,534.2694636082401
323403,71.68885698613678
323404,166.84137963063495
323405,33.36540032349353
323406,1194.9038748756857
323407,981.6902023033067
323408,519.1095956812035
323409,614.2621183257016
323410,188.94656816167935
323411,1350.4850427138715
323412,1137.2713701414928
323413,674.6907635193893
323414,769.8432861638875
323415,-1038.9476832723567
323416,122.59079127983523
323417,-90.62288129254352
323418,-553.2034879146468
323419,-458.0509652701485
323420,-591.5269445772901
323421,570.0115299749018
323422,356.79785740252316
323423,-105.78274921958018
323424,-10.63022657508202
323425,-435.9457767391043
323426,725.5926978130876
323427,512.379025240709
323428,49.798418618605524
323429,144.9509412631037
323430,467.216199215202
323431,1628.754673767394
323432,1415.5410011950153
323433,952.9603945729119
323434,1048.11291721741
323435,914.6369379102686
323436,2076.1754124624604
323437,1862.9617398900818
323438,1400.3811332679784
323439,1495.5336559124767
323440,1070.2181057484545
323441,2231.7565803006464
323442,2018.5429077282677
323443,1555.9623011061644
323444,1651.1148237506625
323445,-93.26143909639768
323446,1068.2770354557945
323447,855.0633628834157
323448,392.4827562613123
323449,487.63527890581054
323450,354.159299598669
323451,1515.697774150861
323452,1302.4841015784823
323453,839.9034949563791
323454,935.0560176008771
323455,509.74046743685483
323456,1671.2789419890469
323457,1458.0652694166681
323458,995.4846627945648
323459,1090.637185439063
323460,-366.75611939420855
323461,794.7823551579835
323462,581.5686825856048
323463,118.98807596350139
323464,214.14059860799966
323465,80.66461930085813
323466,1242.2030938530502
323467,1028.9894212806714
323468,566.4088146585681
323469,661.5613373030662
323470,236.24578713904395
323471,1397.784261691236
323472,1184.5705891188572
323473,721.9899824967539
323474,817.1425051412521
323475,-358.6827814529322
323476,802.8556930992598
323477,589.6420205268811
323478,127.06141390477774
323479,222.2139365492759
323480,88.73795724213448
323481,1250.2764317943265
323482,1037.0627592219478
323483,574.4821525998443
323484,669.6346752443425
323485,244.3191250803202
323486,1405.8575996325123
323487,1192.6439270601336
323488,730.0633204380301
323489,825.2158430825284
323490,-564.6144697745365
323491,596.9240047776555
323492,383.7103322052767
323493,-78.87027441682665
323494,16.28224822767163
323495,-117.1937310794699
323496,1044.344743472722
323497,831.1310709003433
323498,368.55046427824004
323499,463.70298692273815
323500,38.38743675871581
323501,1199.9259113109078
323502,986.7122387385292
323503,524.1316321164259
323504,619.284154760924
323505,-1189.5068146753201
323506,-27.968340123128087
323507,-241.18201269550684
323508,-703.7626193176102
323509,-608.6100966731119
323510,-742.0860759802536
323511,419.4523985719385
323512,206.23872599955973
323513,-256.3418806225436
323514,-161.18935797804545
323515,-586.5049081420677
323516,575.0335664101243
323517,361.81989383774555
323518,-100.7607127843579
323519,-5.60819013985963
323520,316.6570678122385
323521,1478.1955423644304
323522,1264.9818697920518
323523,802.4012631699484
323524,897.5537858144467
323525,764.0778065073051
323526,1925.6162810594972
323527,1712.4026084871184
323528,1249.822001865015
323529,1344.9745245095132
323530,919.658974345491
323531,2081.197448897683
323532,1867.9837763253042
323533,1405.403169703201
323534,1500.555692347699
323535,-243.8205704993611
323536,917.717904052831
323537,704.5042314804523
323538,241.92362485834883
323539,337.0761475028471
323540,203.60016819570558
323541,1365.1386427478976
323542,1151.9249701755189
323543,689.3443635534155
323544,784.4968861979137
323545,359.1813360338914
323546,1520.7198105860834
323547,1307.5061380137047
323548,844.9255313916013
323549,940.0780540360995
323550,-354.41687092093275
323551,807.1216036312593
323552,593.9079310588805
323553,131.3273244367772
323554,226.47984708127535
323555,93.00386777413382
323556,1254.542342326326
323557,1041.3286697539472
323558,578.7480631318438
323559,673.900585776342
323560,248.58503561231976
323561,1410.1235101645118
323562,1196.909837592133
323563,734.3292309700297
323564,829.4817536145279
323565,-346.3435329796564
323566,815.1949415725356
323567,601.9812690001569
323568,139.40066237805354
323569,234.5531850225517
323570,101.07720571541017
323571,1262.6156802676023
323572,1049.4020076952233
323573,586.8214010731201
323574,681.9739237176183
323575,256.6583735535961
323576,1418.1968481057881
323577,1204.9831755334094
323578,742.4025689113059
323579,837.5550915558042
323580,-552.2752213012607
323581,609.2632532509313
323582,396.04958067855256
323583,-66.53102594355073
323584,28.621496700947432
323585,-104.8544826061941
323586,1056.6839919459978
323587,843.4703193736192
323588,380.88971275151584
323589,476.04223539601395
323590,50.72668523199172
323591,1212.2651597841837
323592,999.051487211805
323593,536.4708805897017
323594,631.6234032341998
323595,-1177.1675662020443
323596,-15.629091649852398
323597,-228.84276422223104
323598,-691.4233708443344
323599,-596.2708481998363
323600,-729.7468275069778
323601,431.7916470452143
323602,218.57797447283554
323603,-244.0026321492678
323604,-148.85010950476965
323605,-574.1656596687919
323606,587.3728148834001
323607,374.15914231102136
323608,-88.42146431108199
323609,6.731058333416172
323610,328.99631628551424
323611,1490.5347908377064
323612,1277.3211182653276
323613,814.7405116432242
323614,909.8930342877225
323615,776.4170549805808
323616,1937.955529532773
323617,1724.7418569603942
323618,1262.161250338291
323619,1357.313772982789
323620,931.9982228187667
323621,2093.536697370959
323622,1880.32302479858
323623,1417.7424181764768
323624,1512.894940820975
323625,-231.4813220260853
323626,930.0571525261067
323627,716.8434799537281
323628,254.26287333162463
323629,349.41539597612285
323630,215.93941666898127
323631,1377.4778912211734
323632,1164.2642186487947
323633,701.6836120266913
323634,796.8361346711895
323635,371.5205845071672
323636,1533.0590590593592
323637,1319.8453864869805
323638,857.2647798648771
323639,952.4173025093753
323640,-342.07762244765695
323641,819.4608521045351
323642,606.2471795321563
323643,143.666572910053
323644,238.81909555455115
323645,105.34311624740963
323646,1266.8815907996018
323647,1053.667918227223
323648,591.0873116051196
323649,686.2398342496178
323650,260.9242840855955
323651,1422.4627586377876
323652,1209.2490860654088
323653,746.6684794433055
323654,841.8210020878037
323655,-334.0042845063808
323656,827.5341900458114
323657,614.3205174734326
323658,151.73991085132923
323659,246.89243349582745
323660,113.41645418868598
323661,1274.9549287408781
323662,1061.7412561684991
323663,599.1606495463959
323664,694.3131721908941
323665,268.99762202687174
323666,1430.5360965790637
323667,1217.3224240066852
323668,754.7418173845817
323669,849.89434002908
323670,-539.9359728279851
323671,621.6025017242071
323672,408.3888291518283
323673,-54.19177747027504
323674,40.96074517422312
323675,-92.51523413291841
323676,1069.0232404192736
323677,855.8095678468949
323678,393.2289612247916
323679,488.38148386928975
323680,63.0659337052673
323681,1224.6044082574595
323682,1011.3907356850808
323683,548.8101290629774
323684,643.9626517074756
323685,-1164.8283177287688
323686,-3.2898431765765963
323687,-216.50351574895535
323688,-679.0841223710588
323689,-583.9315997265605
323690,-717.4075790337022
323691,444.13089551849004
323692,230.91722294611122
323693,-231.663383675992
323694,-136.51086103149396
323695,-561.8264111955164
323696,599.7120633566758
323697,386.49839078429716
323698,-76.0822158378063
323699,19.07030680669186
323700,341.33556475879
323701,1502.8740393109822
323702,1289.6603667386034
323703,827.0797601165
323704,922.2322827609983
323705,788.7563034538566
323706,1950.2947780060488
323707,1737.08110543367
323708,1274.5004988115666
323709,1369.6530214560648
323710,944.3374712920424
323711,2105.8759458442346
323712,1892.6622732718558
323713,1430.0816666497526
323714,1525.2341892942507
323715,-219.1420735528095
323716,942.3964009993826
323717,729.1827284270039
323718,266.60212180490043
323719,361.75464444939865
323720,228.27866514225707
323721,1389.8171396944492
323722,1176.6034671220705
323723,714.0228604999671
323724,809.1753831444653
323725,383.85983298044306
323726,1545.398307532635
323727,1332.1846349602563
323728,869.604028338153
323729,964.7565509826511
323730,-329.73837397438115
323731,831.8001005778109
323732,618.5864280054323
323733,156.0058213833288
323734,251.158344027827
323735,117.68236472068554
323736,1279.2208392728776
323737,1066.0071667004988
323738,603.4265600783954
323739,698.5790827228936
323740,273.26353255887136
323741,1434.8020071110634
323742,1221.5883345386846
323743,759.0077279165813
323744,854.1602505610795
323745,-321.6650360331048
323746,839.8734385190872
323747,626.6597659467085
323748,164.07915932460514
323749,259.2316819691033
323750,125.75570266196189
323751,1287.294177214154
323752,1074.0805046417752
323753,611.4998980196717
323754,706.6524206641699
323755,281.3368705001476
323756,1442.8753450523398
323757,1229.661672479961
323758,767.0810658578575
323759,862.2335885023558
323760,-527.5967243547091
323761,633.9417501974829
323762,420.7280776251041
323763,-41.85252899699924
323764,53.299993647499036
323765,-80.17598565964249
323766,1081.3624888925494
323767,868.1488163201707
323768,405.5682096980674
323769,500.72073234256555
323770,75.40518217854321
323771,1236.9436567307353
323772,1023.7299841583565
323773,561.1493775362532
323774,656.3019001807514
323775,-1152.489069255493
323776,9.04940529669932
323777,-204.16426727567944
323778,-666.744873897783
323779,-571.5923512532847
323780,-705.0683305604261
323781,456.4701439917659
323782,243.25647141938714
323783,-219.3241352027162
323784,-124.17161255821804
323785,-549.4871627222403
323786,612.0513118299516
323787,398.8376392575729
323788,-63.7429673645305
323789,31.409555279967776
323790,353.6748132320659
323791,1515.2132877842578
323792,1301.9996152118792
323793,839.4190085897758
323794,934.5715312342741
323795,801.0955519271325
323796,1962.6340264793246
323797,1749.4203539069458
323798,1286.8397472848424
323799,1381.9922699293406
323800,956.6767197653184
323801,2118.2151943175104
323802,1905.0015217451316
323803,1442.4209151230284
323804,1537.5734377675265
323805,-206.8028250795337
323806,954.7356494726585
323807,741.5219769002797
323808,278.94137027817624
323809,374.0938929226745
323810,240.61791361553287
323811,1402.156388167725
323812,1188.9427155953463
323813,726.3621089732429
323814,821.5146316177411
323815,396.1990814537187
323816,1557.7375560059108
323817,1344.523883433532
323818,881.9432768114287
323819,977.0957994559269
323820,-317.39912550110535
323821,844.1393490510867
323822,630.9256764787079
323823,168.3450698566046
323824,263.49759250110276
323825,130.02161319396123
323826,1291.5600877461534
323827,1078.3464151737746
323828,615.7658085516712
323829,710.9183311961694
323830,285.60278103214716
323831,1447.1412555843392
323832,1233.9275830119605
323833,771.3469763898571
323834,866.4994990343553
323835,-309.325787559829
323836,852.2126869923629
323837,638.9990144199843
323838,176.41840779788083
323839,271.5709304423791
323840,138.09495113523758
323841,1299.6334256874297
323842,1086.4197531150508
323843,623.8391464929475
323844,718.9916691374457
323845,293.6761189734235
323846,1455.2145935256156
323847,1242.0009209532368
323848,779.4203143311333
323849,874.5728369756316
323850,-515.2574758814333
323851,646.2809986707587
323852,433.06732609837997
323853,-29.513280523723324
323854,65.63924212077484
323855,-67.83673718636669
323856,1093.7017373658252
323857,880.4880647934465
323858,417.9074581713432
323859,513.0599808158413
323860,87.74443065181913
323861,1249.282905204011
323862,1036.0692326316325
323863,573.4886260095291
323864,668.6411486540272
323865,-1140.149820782217
323866,21.388653769975008
323867,-191.82501880240363
323868,-654.405625424507
323869,-559.2531027800089
323870,-692.7290820871503
323871,468.8093924650417
323872,255.59571989266294
323873,-206.9848867294404
323874,-111.83236408494224
323875,-537.1479142489645
323876,624.3905603032275
323877,411.17688773084876
323878,-51.403718891254584
323879,43.74880375324358
323880,366.01406170534165
323881,1527.5525362575336
323882,1314.338863685155
323883,851.7582570630516
323884,946.9107797075498
323885,813.4348004004082
323886,1974.9732749526004
323887,1761.7596023802216
323888,1299.1789957581182
323889,1394.3315184026164
323890,969.0159682385942
323891,2130.554442790786
323892,1917.3407702184074
323893,1454.7601635963042
323894,1549.9126862408023
323895,-194.4635766062579
323896,967.0748979459341
323897,753.8612253735555
323898,291.28061875145204
323899,386.43314139595026
323900,252.95716208880873
323901,1414.4956366410008
323902,1201.281964068622
323903,738.7013574465187
323904,833.8538800910169
323905,408.5383299269946
323906,1570.0768044791866
323907,1356.863131906808
323908,894.2825252847045
323909,989.4350479292027
323910,-228.52777202910238
323911,933.0107025230895
323912,719.7970299507108
323913,257.2164233286075
323914,352.3689459731057
323915,218.89296666596408
323916,1380.4314412181561
323917,1167.2177686457774
323918,704.6371620236741
323919,799.7896846681723
323920,374.47413450414996
323921,1536.012609056342
323922,1322.7989364839632
323923,860.21832986186
323924,955.3708525063581
323925,-220.45443408782603
323926,941.0840404643659
323927,727.8703678919871
323928,265.2897612698838
323929,360.442283914382
323930,226.96630460724043
323931,1388.5047791594325
323932,1175.2911065870537
323933,712.7104999649505
323934,807.8630226094485
323935,382.5474724454263
323936,1544.0859469976183
323937,1330.8722744252395
323938,868.2916678031362
323939,963.4441904476344
323940,-426.3861224094305
323941,735.1523521427615
323942,521.9386795703826
323943,59.358072948279414
323944,154.51059559277758
323945,21.034616285636048
323946,1182.5730908378282
323947,969.3594182654494
323948,506.7788116433461
323949,601.9313342878443
323950,176.61578412382187
323951,1338.154258676014
323952,1124.9405861036353
323953,662.3599794815318
323954,757.5125021260301
323955,-1051.2784673102142
323956,110.26000724197786
323957,-102.95366533040078
323958,-565.5342719525042
323959,-470.38174930800596
323960,-603.8577286151474
323961,557.6807459370444
323962,344.4670733646658
323963,-118.11353325743755
323964,-22.96101061293939
323965,-448.2765607769618
323966,713.2619137752303
323967,500.04824120285156
323968,37.467634580748154
323969,132.62015722524643
323970,454.88541517734456
323971,1616.4238897295368
323972,1403.2102171571578
323973,940.6296105350546
323974,1035.7821331795528
323975,902.3061538724112
323976,2063.844628424603
323977,1850.6309558522246
323978,1388.0503492301211
323979,1483.2028718746192
323980,1057.887321710597
323981,2219.425796262789
323982,2006.2121236904104
323983,1543.631517068307
323984,1638.7840397128052
323985,-105.59222313425494
323986,1055.9462514179372
323987,842.7325788455584
323988,380.151972223455
323989,475.30449486795317
323990,341.82851556081164
323991,1503.3669901130038
323992,1290.1533175406248
323993,827.5727109185217
323994,922.7252335630197
323995,497.4096833989975
323996,1658.9481579511894
323997,1445.7344853788109
323998,983.1538787567074
323999,1078.3064014012057
324000,-216.18852355582658
324001,945.3499509963654
324002,732.1362784239866
324003,269.5556718018833
324004,364.70819444638147
324005,231.23221513924
324006,1392.770689691432
324007,1179.5570171190532
324008,716.9764104969499
324009,812.1289331414481
324010,386.8133829774258
324011,1548.351857529618
324012,1335.138184957239
324013,872.5575783351358
324014,967.7101009796339
324015,-208.11518561455034
324016,953.4232889376417
324017,740.209616365263
324018,277.6290097431596
324019,372.78153238765776
324020,239.30555308051623
324021,1400.8440276327083
324022,1187.6303550603295
324023,725.0497484382263
324024,820.2022710827243
324025,394.88672091870205
324026,1556.425195470894
324027,1343.2115228985153
324028,880.630916276412
324029,975.7834389209102
324030,-414.0468739361547
324031,747.4916006160373
324032,534.2779280436586
324033,71.69732142155522
324034,166.8498440660535
324035,33.373864758911964
324036,1194.912339311104
324037,981.6986667387253
324038,519.1180601166219
324039,614.2705827611201
324040,188.95503259709767
324041,1350.4935071492898
324042,1137.279834576911
324043,674.6992279548076
324044,769.8517505993059
324045,-1038.9392188369384
324046,122.59925571525378
324047,-90.61441685712498
324048,-553.1950234792284
324049,-458.04250083473016
324050,-591.5184801418716
324051,570.0199944103204
324052,356.80632183794154
324053,-105.77428478416175
324054,-10.621762139663588
324055,-435.937312303686
324056,725.6011622485062
324057,512.3874896761274
324058,49.806883054023956
324059,144.95940569852223
324060,467.2246636506204
324061,1628.7631382028123
324062,1415.5494656304336
324063,952.9688590083304
324064,1048.1213816528284
324065,914.645402345687
324066,2076.1838768978787
324067,1862.9702043255002
324068,1400.389597703397
324069,1495.542120347895
324070,1070.2265701838728
324071,2231.7650447360647
324072,2018.551372163686
324073,1555.9707655415828
324074,1651.123288186081
324075,-93.25297466097913
324076,1068.2854998912128
324077,855.071827318834
324078,392.49122069673075
324079,487.64374334122897
324080,354.1677640340874
324081,1515.7062385862796
324082,1302.4925660139006
324083,839.9119593917974
324084,935.0644820362955
324085,509.7489318722732
324086,1671.2874064244652
324087,1458.0737338520867
324088,995.4931272299832
324089,1090.6456498744815
324090,-366.74765495879
324091,794.7908195934019
324092,581.5771470210232
324093,118.99654039891982
324094,214.14906304341798
324095,80.67308373627657
324096,1242.2115582884685
324097,1028.9978857160897
324098,566.4172790939865
324099,661.5698017384846
324100,236.2542515744624
324101,1397.7927261266545
324102,1184.5790535542756
324103,721.9984469321723
324104,817.1509695766705
324105,-358.6743170175139
324106,802.8641575346782
324107,589.6504849622995
324108,127.06987834019606
324109,222.22240098469433
324110,88.74642167755292
324111,1250.2848962297448
324112,1037.071223657366
324113,574.4906170352629
324114,669.6431396797609
324115,244.32758951573862
324116,1405.866064067931
324117,1192.652391495552
324118,730.0717848734486
324119,825.2243075179467
324120,-564.6060053391182
324121,596.9324692130739
324122,383.71879664069513
324123,-78.86180998140821
324124,16.290712663090062
324125,-117.18526664405158
324126,1044.3532079081406
324127,831.1395353357617
324128,368.5589287136584
324129,463.7114513581566
324130,38.39590119413424
324131,1199.9343757463264
324132,986.7207031739476
324133,524.1400965518442
324134,619.2926191963425
324135,-1189.4983502399018
324136,-27.95987568770977
324137,-241.1735482600884
324138,-703.7541548821919
324139,-608.6016322376936
324140,-742.077611544835
324141,419.4608630073569
324142,206.24719043497817
324143,-256.3334161871252
324144,-161.18089354262702
324145,-586.4964437066494
324146,575.0420308455427
324147,361.828358273164
324148,-100.75224834893947
324149,-5.599725704441198
324150,316.6655322476569
324151,1478.204006799849
324152,1264.9903342274702
324153,802.4097276053669
324154,897.562250249865
324155,764.0862709427236
324156,1925.6247454949155
324157,1712.4110729225367
324158,1249.8304663004335
324159,1344.9829889449315
324160,919.6674387809094
324161,2081.2059133331013
324162,1867.9922407607226
324163,1405.4116341386193
324164,1500.5641567831176
324165,-243.81210606394257
324166,917.7263684882494
324167,704.5126959158707
324168,241.93208929376726
324169,337.08461193826554
324170,203.608632631124
324171,1365.1471071833162
324172,1151.9334346109372
324173,689.352827988834
324174,784.5053506333321
324175,359.18980046930983
324176,1520.7282750215018
324177,1307.5146024491232
324178,844.9339958270198
324179,940.0865184715179
324180,-354.40840648551443
324181,807.1300680666777
324182,593.916395494299
324183,131.33578887219562
324184,226.48831151669378
324185,93.01233220955226
324186,1254.5508067617443
324187,1041.3371341893655
324188,578.7565275672623
324189,673.9090502117604
324190,248.59350004773813
324191,1410.1319745999301
324192,1196.9183020275514
324193,734.3376954054481
324194,829.4902180499463
324195,-346.3350685442381
324196,815.2034060079541
324197,601.9897334355753
324198,139.40912681347186
324199,234.56164945797013
324200,101.0856701508286
324201,1262.6241447030206
324202,1049.410472130642
324203,586.8298655085385
324204,681.9823881530367
324205,256.6668379890145
324206,1418.2053125412065
324207,1204.9916399688277
324208,742.4110333467244
324209,837.5635559912225
324210,-552.2667568658424
324211,609.2717176863497
324212,396.0580451139709
324213,-66.52256150813241
324214,28.62996113636575
324215,-104.84601817077578
324216,1056.6924563814164
324217,843.4787838090375
324218,380.8981771869342
324219,476.0506998314324
324220,50.735149667410155
324221,1212.273624219602
324222,999.0599516472234
324223,536.47934502512
324224,631.6318676696183
324225,-1177.159101766626
324226,-15.620627214433966
324227,-228.83429978681272
324228,-691.4149064089161
324229,-596.262383764418
324230,-729.7383630715592
324231,431.8001114806326
324232,218.58643890825397
324233,-243.99416771384938
324234,-148.84164506935122
324235,-574.1571952333736
324236,587.3812793188184
324237,374.16760674643973
324238,-88.41299987566367
324239,6.739522768834604
324240,329.0047807209327
324241,1490.543255273125
324242,1277.329582700746
324243,814.7489760786427
324244,909.9014987231409
324245,776.4255194159992
324246,1937.9639939681913
324247,1724.7503213958125
324248,1262.1697147737093
324249,1357.3222374182074
324250,932.0066872541852
324251,2093.545161806377
324252,1880.3314892339986
324253,1417.7508826118951
324254,1512.9034052563934
324255,-231.47285759066688
324256,930.0656169615252
324257,716.8519443891464
324258,254.27133776704306
324259,349.4238604115413
324260,215.9478811043997
324261,1377.4863556565917
324262,1164.272683084213
324263,701.6920764621098
324264,796.8445991066079
324265,371.5290489425856
324266,1533.0675234947776
324267,1319.853850922399
324268,857.2732443002956
324269,952.4257669447937
324270,-342.06915801223863
324271,819.4693165399535
324272,606.2556439675748
324273,143.67503734547142
324274,238.8275599899696
324275,105.35158068282806
324276,1266.89005523502
324277,1053.6763826626413
324278,591.095776040538
324279,686.2482986850362
324280,260.9327485210139
324281,1422.471223073206
324282,1209.2575505008272
324283,746.6769438787239
324284,841.8294665232221
324285,-333.9958200709623
324286,827.5426544812298
324287,614.3289819088511
324288,151.74837528674766
324289,246.90089793124588
324290,113.42491862410441
324291,1274.9633931762964
324292,1061.7497206039177
324293,599.1691139818143
324294,694.3216366263125
324295,269.0060864622901
324296,1430.5445610144823
324297,1217.3308884421035
324298,754.7502818200002
324299,849.9028044644983
324300,-539.9275083925666
324301,621.6109661596255
324302,408.39729358724674
324303,-54.18331303485661
324304,40.96920960964155
324305,-92.50676969749998
324306,1069.0317048546922
324307,855.8180322823133
324308,393.23742566020996
324309,488.3899483047081
324310,63.07439814068573
324311,1224.6128726928778
324312,1011.3992001204991
324313,548.8185934983958
324314,643.9711161428941
324315,-1164.8198532933504
324316,-3.2813787411581643
324317,-216.49505131353692
324318,-679.0756579356405
324319,-583.9231352911422
324320,-717.3991145982836
324321,444.13935995390847
324322,230.92568738152966
324323,-231.6549192405737
324324,-136.50239659607553
324325,-561.8179467600978
324326,599.7205277920942
324327,386.5068552197155
324328,-76.07375140238787
324329,19.078771242110292
324330,341.3440291942084
324331,1502.8825037464005
324332,1289.6688311740218
324333,827.0882245519185
324334,922.2407471964166
324335,788.764767889275
324336,1950.303242441467
324337,1737.0895698690883
324338,1274.508963246985
324339,1369.6614858914832
324340,944.3459357274609
324341,2105.884410279653
324342,1892.6707377072742
324343,1430.090131085171
324344,1525.2426537296692
324345,-219.13360911739096
324346,942.404865434801
324347,729.1911928624222
324348,266.61058624031887
324349,361.7631088848171
324350,228.2871295776755
324351,1389.8256041298675
324352,1176.6119315574888
324353,714.0313249353856
324354,809.1838475798837
324355,383.86829741586143
324356,1545.4067719680534
324357,1332.1930993956748
324358,869.6124927735714
324359,964.7650154180695
324360,-329.7299095389626
324361,831.8085650132293
324362,618.5948924408506
324363,156.01428581874723
324364,251.16680846324545
324365,117.69082915610397
324366,1279.229303708296
324367,1066.0156311359171
324368,603.4350245138139
324369,698.587547158312
324370,273.2719969942898
324371,1434.810471546482
324372,1221.596798974103
324373,759.0161923519997
324374,854.1687149964979
324375,-321.6565715976865
324376,839.8819029545057
324377,626.6682303821269
324378,164.08762376002346
324379,259.24014640452174
324380,125.76416709738032
324381,1287.3026416495723
324382,1074.0889690771935
324383,611.5083624550902
324384,706.6608850995883
324385,281.34533493556603
324386,1442.883809487758
324387,1229.6701369153793
324388,767.089530293276
324389,862.2420529377741
324390,-527.5882599192907
324391,633.9502146329013
324392,420.73654206052254
324393,-41.84406456158081
324394,53.30845808291747
324395,-80.16752122422417
324396,1081.370953327968
324397,868.1572807555891
324398,405.5766741334858
324399,500.72919677798393
324400,75.41364661396165
324401,1236.9521211661538
324402,1023.738448593775
324403,561.1578419716716
324404,656.3103646161699
324405,-1152.4806048200744
324406,9.057869732117751
324407,-204.155802840261
324408,-666.7364094623645
324409,-571.5838868178662
324410,-705.0598661250076
324411,456.4786084271843
324412,243.26493585480557
324413,-219.31567076729777
324414,-124.16314812279961
324415,-549.478698286822
324416,612.0597762653701
324417,398.84610369299133
324418,-63.73450292911207
324419,31.418019715386208
324420,353.68327766748433
324421,1515.2217522196763
324422,1302.0080796472976
324423,839.4274730251943
324424,934.5799956696924
324425,801.104016362551
324426,1962.642490914743
324427,1749.4288183423641
324428,1286.848211720261
324429,1382.000734364759
324430,956.6851842007368
324431,2118.2236587529287
324432,1905.00998618055
324433,1442.4293795584467
324434,1537.581902202945
324435,-206.7943606441154
324436,954.7441139080768
324437,741.5304413356981
324438,278.94983471359467
324439,374.10235735809295
324440,240.6263780509513
324441,1402.1648526031436
324442,1188.9511800307646
324443,726.3705734086614
324444,821.5230960531595
324445,396.2075458891371
324446,1557.7460204413292
324447,1344.5323478689506
324448,881.9517412468472
324449,977.1042638913453
324450,-317.390661065687
324451,844.1478134865051
324452,630.9341409141264
324453,168.35353429202303
324454,263.5060569365212
324455,130.03007762937966
324456,1291.5685521815717
324457,1078.354879609193
324458,615.7742729870896
324459,710.9267956315878
324460,285.61124546756554
324461,1447.1497200197575
324462,1233.9360474473788
324463,771.3554408252755
324464,866.5079634697737
324465,-309.3173231244107
324466,852.2211514277815
324467,639.0074788554027
324468,176.42687223329926
324469,271.57939487779754
324470,138.103415570656
324471,1299.641890122848
324472,1086.4282175504693
324473,623.847610928366
324474,719.0001335728641
324475,293.6845834088419
324476,1455.2230579610339
324477,1242.0093853886551
324478,779.4287787665518
324479,874.5813014110499
324480,-515.249011446015
324481,646.2894631061771
324482,433.0757905337983
324483,-29.504816088305006
324484,65.64770655619316
324485,-67.82827275094837
324486,1093.7102018012438
324487,880.4965292288649
324488,417.9159226067616
324489,513.0684452512597
324490,87.75289508723756
324491,1249.2913696394294
324492,1036.0776970670508
324493,573.4970904449474
324494,668.6496130894457
324495,-1140.1413563467986
324496,21.39711820539344
324497,-191.81655436698532
324498,-654.3971609890887
324499,-559.2446383445906
324500,-692.7206176517318
324501,468.81785690046
324502,255.60418432808137
324503,-206.97642229402197
324504,-111.82389964952381
324505,-537.1394498135462
324506,624.3990247386458
324507,411.18535216626714
324508,-51.395254455836266
324509,43.75726818866201
324510,366.0225261407601
324511,1527.5610006929521
324512,1314.3473281205734
324513,851.76672149847
324514,946.9192441429682
324515,813.4432648358267
324516,1974.9817393880187
324517,1761.76806681564
324518,1299.1874601935365
324519,1394.3399828380348
324520,969.0244326740126
324521,2130.5629072262045
324522,1917.3492346538258
324523,1454.7686280317225
324524,1549.9211506762206
324525,-194.45511217083947
324526,967.0833623813526
324527,753.8696898089738
324528,291.28908318687047
324529,386.4416058313687
324530,252.9656265242271
324531,1414.5041010764191
324532,1201.2904285040404
324533,738.7098218819372
324534,833.8623445264353
324535,408.546794362413
324536,1570.085268914605
324537,1356.8715963422264
324538,894.290989720123
324539,989.4435123646211
324540,-228.51930759368406
324541,933.019166958508
324542,719.8054943861292
324543,257.2248877640259
324544,352.3774104085241
324545,218.9014311013825
324546,1380.4399056535747
324547,1167.226233081196
324548,704.6456264590925
324549,799.7981491035907
324550,374.4825989395684
324551,1536.0210734917605
324552,1322.8074009193815
324553,860.2267942972783
324554,955.3793169417766
324555,-220.4459696524077
324556,941.0925048997842
324557,727.8788323274055
324558,265.2982257053022
324559,360.4507483498004
324560,226.97476904265886
324561,1388.5132435948508
324562,1175.2995710224723
324563,712.7189644003688
324564,807.871487044867
324565,382.55593688084474
324566,1544.0944114330368
324567,1330.8807388606579
324568,868.3001322385546
324569,963.4526548830529
324570,-426.3776579740122
324571,735.16081657818
324572,521.9471440058012
324573,59.36653738369773
324574,154.519060028196
324575,21.04308072105448
324576,1182.5815552732465
324577,969.3678827008678
324578,506.7872760787645
324579,601.9397987232626
324580,176.6242485592402
324581,1338.1627231114323
324582,1124.9490505390536
324583,662.3684439169502
324584,757.5209665614485
324585,-1051.2700028747959
324586,110.26847167739629
324587,-102.94520089498246
324588,-565.5258075170859
324589,-470.37328487258765
324590,-603.8492641797291
324591,557.6892103724629
324592,344.4755378000842
324593,-118.10506882201923
324594,-22.95254617752107
324595,-448.26809634154347
324596,713.2703782106487
324597,500.05670563827
324598,37.47609901616647
324599,132.62862166066475
324600,454.89387961276293
324601,1616.432354164955
324602,1403.2186815925763
324603,940.638074970473
324604,1035.7905976149711
324605,902.3146183078295
324606,2063.8530928600217
324607,1850.639420287643
324608,1388.0588136655397
324609,1483.2113363100377
324610,1057.8957861460153
324611,2219.4342606982073
324612,2006.2205881258287
324613,1543.6399815037255
324614,1638.7925041482235
324615,-105.5837586988365
324616,1055.9547158533555
324617,842.7410432809768
324618,380.1604366588734
324619,475.3129593033716
324620,341.83697999623
324621,1503.375454548422
324622,1290.1617819760434
324623,827.58117535394
324624,922.7336979984382
324625,497.41814783441595
324626,1658.956622386608
324627,1445.7429498142292
324628,983.1623431921258
324629,1078.314865836624
324630,-216.18005912040815
324631,945.3584154317838
324632,732.144742859405
324633,269.56413623730174
324634,364.7166588817999
324635,231.24067957465843
324636,1392.7791541268505
324637,1179.5654815544717
324638,716.9848749323683
324639,812.1373975768665
324640,386.82184741284425
324641,1548.3603219650363
324642,1335.1466493926575
324643,872.5660427705541
324644,967.7185654150524
324645,-208.1067211791319
324646,953.4317533730601
324647,740.2180808006814
324648,277.63747417857803
324649,372.7899968230762
324650,239.31401751593467
324651,1400.8524920681266
324652,1187.638819495748
324653,725.0582128736446
324654,820.2107355181428
324655,394.8951853541205
324656,1556.4336599063126
324657,1343.2199873339337
324658,880.6393807118304
324659,975.7919033563286
324660,-414.0384095007364
324661,747.5000650514557
324662,534.286392479077
324663,71.70578585697365
324664,166.8583085014718
324665,33.382329194330396
324666,1194.9208037465223
324667,981.7071311741436
324668,519.1265245520403
324669,614.2790471965384
324670,188.9634970325161
324671,1350.5019715847081
324672,1137.2882990123294
324673,674.707692390226
324674,769.8602150347242
324675,-1038.93075440152
324676,122.6077201506721
324677,-90.60595242170666
324678,-553.1865590438101
324679,-458.03403639931184
324680,-591.5100157064533
324681,570.0284588457387
324682,356.81478627335997
324683,-105.76582034874332
324684,-10.613297704245156
324685,-435.92884786826767
324686,725.6096266839245
324687,512.3959541115457
324688,49.81534748944239
324689,144.96787013394055
324690,467.23312808603885
324691,1628.771602638231
324692,1415.5579300658521
324693,952.9773234437488
324694,1048.129846088247
324695,914.6538667811054
324696,2076.1923413332975
324697,1862.9786687609187
324698,1400.3980621388155
324699,1495.5505847833135
324700,1070.2350346192911
324701,2231.773509171483
324702,2018.5598365991045
324703,1555.979229977001
324704,1651.1317526214993
324705,-93.24451022556082
324706,1068.2939643266313
324707,855.0802917542526
324708,392.4996851321492
324709,487.6522077766474
324710,354.1762284695058
324711,1515.714703021698
324712,1302.5010304493192
324713,839.9204238272158
324714,935.072946471714
324715,509.75739630769164
324716,1671.2958708598837
324717,1458.082198287505
324718,995.5015916654015
324719,1090.6541143098998
324720,-366.7391905233717
324721,794.7992840288204
324722,581.5856114564416
324723,119.00500483433825
324724,214.1575274788364
324725,80.68154817169489
324726,1242.2200227238868
324727,1029.0063501515083
324728,566.4257435294048
324729,661.578266173903
324730,236.26271600988082
324731,1397.8011905620729
324732,1184.587517989694
324733,722.0069113675906
324734,817.1594340120889
324735,-358.66585258209557
324736,802.8726219700966
324737,589.6589493977178
324738,127.07834277561449
324739,222.23086542011265
324740,88.75488611297123
324741,1250.2933606651632
324742,1037.0796880927846
324743,574.4990814706812
324744,669.6516041151793
324745,244.33605395115706
324746,1405.8745285033492
324747,1192.6608559309702
324748,730.080249308867
324749,825.2327719533652
324750,-564.5975409036998
324751,596.9409336484923
324752,383.72726107611356
324753,-78.85334554598978
324754,16.299177098508494
324755,-117.17680220863315
324756,1044.361672343559
324757,831.1479997711801
324758,368.5673931490768
324759,463.71991579357496
324760,38.40436562955267
324761,1199.9428401817447
324762,986.7291676093661
324763,524.1485609872626
324764,619.3010836317608
324765,-1189.4898858044835
324766,-27.951411252291336
324767,-241.1650838246701
324768,-703.7456904467736
324769,-608.5931678022753
324770,-742.0691471094167
324771,419.46932744277524
324772,206.2556548703966
324773,-256.32495175170675
324774,-161.1724291072086
324775,-586.4879792712311
324776,575.0504952809611
324777,361.8368227085823
324778,-100.74378391352104
324779,-5.591261269022766
324780,316.6739966830753
324781,1478.2124712352675
324782,1264.9987986628885
324783,802.4181920407852
324784,897.5707146852834
324785,764.0947353781419
324786,1925.6332099303338
324787,1712.419537357955
324788,1249.8389307358518
324789,1344.9914533803499
324790,919.6759032163278
324791,2081.2143777685196
324792,1868.000705196141
324793,1405.4200985740376
324794,1500.572621218536
324795,-243.80364162852425
324796,917.7348329236678
324797,704.521160351289
324798,241.9405537291857
324799,337.09307637368386
324800,203.61709706654233
324801,1365.1555716187345
324802,1151.9418990463557
324803,689.3612924242524
324804,784.5138150687505
324805,359.19826490472826
324806,1520.73673945692
324807,1307.5230668845415
324808,844.9424602624381
324809,940.0949829069364
324810,-354.3999420500959
324811,807.138532502096
324812,593.9248599297174
324813,131.34425330761405
324814,226.49677595211222
324815,93.02079664497069
324816,1254.5592711971626
324817,1041.345598624784
324818,578.7649920026806
324819,673.9175146471788
324820,248.6019644831565
324821,1410.1404390353487
324822,1196.92676646297
324823,734.3461598408664
324824,829.4986824853647
324825,-346.32660410881954
324826,815.2118704433724
324827,601.9981978709936
324828,139.4175912488903
324829,234.57011389338845
324830,101.09413458624704
324831,1262.632609138439
324832,1049.4189365660604
324833,586.838329943957
324834,681.9908525884551
324835,256.67530242443286
324836,1418.213776976625
324837,1205.0001044042463
324838,742.4194977821428
324839,837.572020426641
324840,-552.258292430424
324841,609.2801821217681
324842,396.0665095493893
324843,-66.5140970727141
324844,28.638425571784182
324845,-104.83755373535735
324846,1056.7009208168347
324847,843.4872482444559
324848,380.9066416223526
324849,476.05916426685076
324850,50.74361410282859
324851,1212.2820886550205
324852,999.0684160826418
324853,536.4878094605384
324854,631.6403321050366
324855,-1177.1506373312077
324856,-15.612162779015534
324857,-228.8258353513943
324858,-691.4064419734977
324859,-596.2539193289997
324860,-729.7298986361409
324861,431.80857591605104
324862,218.59490334367229
324863,-243.98570327843106
324864,-148.8331806339329
324865,-574.1487307979553
324866,587.3897437542369
324867,374.17607118185816
324868,-88.40453544024535
324869,6.747987204252922
324870,329.01324515635105
324871,1490.5517197085433
324872,1277.3380471361645
324873,814.757440514061
324874,909.9099631585593
324875,776.4339838514177
324876,1937.9724584036096
324877,1724.7587858312309
324878,1262.1781792091278
324879,1357.330701853626
324880,932.0151516896035
324881,2093.5536262417954
324882,1880.339953669417
324883,1417.7593470473134
324884,1512.9118696918117
324885,-231.46439315524844
324886,930.0740813969436
324887,716.8604088245648
324888,254.27980220246144
324889,349.43232484695966
324890,215.95634553981813
324891,1377.4948200920103
324892,1164.2811475196313
324893,701.7005408975282
324894,796.8530635420263
324895,371.53751337800395
324896,1533.075987930196
324897,1319.8623153578174
324898,857.2817087357139
324899,952.4342313802122
324900,-342.0606935768201
324901,819.477780975372
324902,606.2641084029932
324903,143.68350178088986
324904,238.83602442538802
324905,105.36004511824649
324906,1266.8985196704384
324907,1053.68484709806
324908,591.1042404759564
324909,686.2567631204546
324910,260.9412129564323
324911,1422.4796875086245
324912,1209.2660149362457
324913,746.6854083141423
324914,841.8379309586405
324915,-333.98735563554396
324916,827.5511189166482
324917,614.3374463442694
324918,151.7568397221661
324919,246.9093623666643
324920,113.43338305952284
324921,1274.9718576117148
324922,1061.7581850393362
324923,599.1775784172328
324924,694.3301010617309
324925,269.01455089770855
324926,1430.5530254499008
324927,1217.3393528775218
324928,754.7587462554186
324929,849.9112688999168
324930,-539.9190439571482
324931,621.6194305950439
324932,408.40575802266517
324933,-54.17484859943818
324934,40.977674045059985
324935,-92.49830526208166
324936,1069.0401692901105
324937,855.8264967177317
324938,393.2458900956284
324939,488.39841274012656
324940,63.08286257610416
324941,1224.6213371282963
324942,1011.4076645559176
324943,548.8270579338142
324944,643.9795805783124
324945,-1164.811388857932
324946,-3.2729143057397323
324947,-216.4865868781185
324948,-679.067193500222
324949,-583.9146708557237
324950,-717.3906501628651
324951,444.1478243893269
324952,230.9341518169481
324953,-231.64645480515514
324954,-136.4939321606571
324955,-561.8094823246795
324956,599.7289922275127
324957,386.5153196551339
324958,-76.06528696696944
324959,19.087235677528724
324960,341.35249362962685
324961,1502.890968181819
324962,1289.6772956094403
324963,827.0966889873368
324964,922.2492116318351
324965,788.7732323246935
324966,1950.3117068768856
324967,1737.0980343045069
324968,1274.5174276824034
324969,1369.6699503269017
324970,944.3544001628793
324971,2105.8928747150712
324972,1892.6792021426927
324973,1430.0985955205892
324974,1525.2511181650875
324975,-219.12514468197264
324976,942.4133298702194
324977,729.1996572978408
324978,266.6190506757373
324979,361.7715733202355
324980,228.29559401309393
324981,1389.834068565286
324982,1176.6203959929073
324983,714.039789370804
324984,809.1923120153022
324985,383.87676185127987
324986,1545.415236403472
324987,1332.2015638310932
324988,869.6209572089897
324989,964.773479853488
324990,-329.7214451035443
324991,831.8170294486478
324992,618.603356876269
324993,156.02275025416566
324994,251.17527289866382
324995,117.69929359152229
324996,1279.2377681437142
324997,1066.0240955713357
324998,603.4434889492322
324999,698.5960115937304
325000,273.2804614297082
325001,1434.8189359819003
325002,1221.6052634095215
325003,759.024656787418
325004,854.1771794319163
325005,-321.64810716226816
325006,839.890367389924
325007,626.6766948175452
325008,164.0960881954419
325009,259.2486108399401
325010,125.77263153279864
325011,1287.3111060849906
325012,1074.097433512612
325013,611.5168268905086
325014,706.6693495350067
325015,281.35379937098446
325016,1442.8922739231764
325017,1229.6786013507976
325018,767.0979947286944
325019,862.2505173731926
325020,-527.5797954838724
325021,633.9586790683197
325022,420.74500649594097
325023,-41.835600126162376
325024,53.3169225183359
325025,-80.15905678880574
325026,1081.3794177633863
325027,868.1657451910075
325028,405.5851385689042
325029,500.73766121340236
325030,75.42211104938008
325031,1236.9605856015721
325032,1023.7469130291934
325033,561.16630640709
325034,656.3188290515882
325035,-1152.472140384656
325036,9.06633416753607
325037,-204.14733840484269
325038,-666.7279450269461
325039,-571.5754223824479
325040,-705.0514016895893
325041,456.48707286260264
325042,243.273400290224
325043,-219.30720633187934
325044,-124.15468368738118
325045,-549.4702338514037
325046,612.0682407007885
325047,398.8545681284097
325048,-63.726038493693636
325049,31.42648415080464
325050,353.6917421029027
325051,1515.2302166550949
325052,1302.0165440827159
325053,839.4359374606126
325054,934.5884601051108
325055,801.1124807979693
325056,1962.6509553501612
325057,1749.4372827777825
325058,1286.8566761556792
325059,1382.0091988001773
325060,956.6936486361552
325061,2118.232123188347
325062,1905.0184506159685
325063,1442.437843993865
325064,1537.5903666383633
325065,-206.78589620869695
325066,954.7525783434952
325067,741.5389057711164
325068,278.9582991490131
325069,374.11082179351126
325070,240.63484248636973
325071,1402.173317038562
325072,1188.9596444661831
325073,726.3790378440798
325074,821.531560488578
325075,396.21601032455555
325076,1557.7544848767475
325077,1344.540812304369
325078,881.9602056822655
325079,977.1127283267638
325080,-317.3821966302685
325081,844.1562779219234
325082,630.9426053495448
325083,168.36199872744146
325084,263.51452137193957
325085,130.0385420647981
325086,1291.57701661699
325087,1078.3633440446115
325088,615.782737422508
325089,710.9352600670062
325090,285.6197099029839
325091,1447.158184455176
325092,1233.9445118827973
325093,771.3639052606939
325094,866.516427905192
325095,-309.30885868899213
325096,852.2296158631998
325097,639.015943290821
325098,176.4353366687177
325099,271.58785931321586
325100,138.11188000607444
325101,1299.6503545582664
325102,1086.4366819858876
325103,623.8560753637844
325104,719.0085980082825
325105,293.69304784426026
325106,1455.2315223964524
325107,1242.0178498240734
325108,779.4372432019702
325109,874.5897658464684
325110,-515.2405470105966
325111,646.2979275415954
325112,433.0842549692167
325113,-29.496351652886688
325114,65.65617099161159
325115,-67.81980831552994
325116,1093.718666236662
325117,880.5049936642833
325118,417.92438704218
325119,513.0769096866782
325120,87.761359522656
325121,1249.299834074848
325122,1036.0861615024692
325123,573.5055548803658
325124,668.658077524864
325125,-1140.13289191138
325126,21.405582640811872
325127,-191.80808993156688
325128,-654.3886965536701
325129,-559.2361739091721
325130,-692.7121532163135
325131,468.82632133587845
325132,255.6126487634997
325133,-206.96795785860365
325134,-111.81543521410549
325135,-537.1309853781279
325136,624.4074891740643
325137,411.19381660168557
325138,-51.38679002041795
325139,43.76573262408033
325140,366.03099057617845
325141,1527.5694651283704
325142,1314.3557925559917
325143,851.7751859338885
325144,946.9277085783865
325145,813.4517292712451
325146,1974.990203823437
325147,1761.7765312510583
325148,1299.195924628955
325149,1394.348447273453
325150,969.0328971094309
325151,2130.571371661623
325152,1917.3576990892443
325153,1454.7770924671408
325154,1549.9296151116391
325155,-194.44664773542104
325156,967.091826816771
325157,753.8781542443922
325158,291.29754762228885
325159,386.45007026678707
325160,252.97409095964554
325161,1414.5125655118377
325162,1201.2988929394587
325163,738.7182863173556
325164,833.8708089618536
325165,408.55525879783136
325166,1570.0937333500235
325167,1356.8800607776448
325168,894.2994541555413
325169,989.4519768000396
325170,-228.51084315826563
325171,933.0276313939264
325172,719.8139588215477
325173,257.2333521994443
325174,352.38587484394253
325175,218.90989553680095
325176,1380.448370088993
325177,1167.2346975166142
325178,704.6540908945109
325179,799.806613539009
325180,374.49106337498677
325181,1536.0295379271788
325182,1322.8158653548
325183,860.2352587326967
325184,955.3877813771949
325185,-220.43750521698928
325186,941.1009693352028
325187,727.887296762824
325188,265.3066901407206
325189,360.4592127852188
325190,226.9832334780773
325191,1388.5217080302693
325192,1175.3080354578906
325193,712.7274288357872
325194,807.8799514802854
325195,382.5644013162631
325196,1544.1028758684552
325197,1330.8892032960764
325198,868.3085966739729
325199,963.4611193184712
325200,-426.3691935385939
325201,735.1692810135984
325202,521.9556084412195
325203,59.37500181911628
325204,154.52752446361444
325205,21.051545156472912
325206,1182.5900197086648
325207,969.3763471362862
325208,506.7957405141829
325209,601.948263158681
325210,176.63271299465862
325211,1338.171187546851
325212,1124.957514974472
325213,662.3769083523687
325214,757.529430996867
325215,-1051.2615384393775
325216,110.27693611281472
325217,-102.93673645956403
325218,-565.5173430816676
325219,-470.3648204371693
325220,-603.8407997443107
325221,557.6976748078813
325222,344.48400223550254
325223,-118.0966043866008
325224,-22.94408174210264
325225,-448.25963190612515
325226,713.2788426460671
325227,500.06517007368836
325228,37.48456345158502
325229,132.63708609608318
325230,454.90234404818136
325231,1616.4408186003734
325232,1403.2271460279946
325233,940.6465394058914
325234,1035.7990620503897
325235,902.3230827432479
325236,2063.8615572954404
325237,1850.6478847230612
325238,1388.067278100958
325239,1483.2198007454563
325240,1057.9042505814336
325241,2219.4427251336256
325242,2006.2290525612473
325243,1543.6484459391438
325244,1638.8009685836419
325245,-105.57529426341807
325246,1055.9631802887739
325247,842.7495077163951
325248,380.1689010942918
325249,475.32142373879003
325250,341.84544443164845
325251,1503.3839189838404
325252,1290.1702464114617
325253,827.5896397893584
325254,922.7421624338566
325255,497.4266122698343
325256,1658.9650868220265
325257,1445.7514142496475
325258,983.1708076275443
325259,1078.3233302720423
325260,-216.1715946849897
325261,945.3668798672022
325262,732.1532072948235
325263,269.5726006727201
325264,364.7251233172183
325265,231.24914401007686
325266,1392.7876185622688
325267,1179.57394598989
325268,716.9933393677867
325269,812.1458620122849
325270,386.8303118482626
325271,1548.3687864004546
325272,1335.155113828076
325273,872.5745072059725
325274,967.7270298504707
325275,-208.0982567437136
325276,953.4402178084785
325277,740.2265452360997
325278,277.64593861399635
325279,372.7984612584946
325280,239.3224819513531
325281,1400.860956503545
325282,1187.6472839311664
325283,725.066677309063
325284,820.2191999535612
325285,394.90364978953886
325286,1556.442124341731
325287,1343.2284517693522
325288,880.6478451472487
325289,975.800367791747
325290,-414.02994506531786
325291,747.5085294868742
325292,534.2948569144954
325293,71.71425029239208
325294,166.86677293689036
325295,33.390793629748714
325296,1194.9292681819406
325297,981.715595609562
325298,519.1349889874587
325299,614.2875116319568
325300,188.97196146793453
325301,1350.5104360201267
325302,1137.296763447748
325303,674.7161568256445
325304,769.8686794701426
325305,-1038.9222899661015
325306,122.61618458609041
325307,-90.59748798628812
325308,-553.1780946083916
325309,-458.0255719638933
325310,-591.5015512710349
325311,570.036923281157
325312,356.82325070877835
325313,-105.75735591332489
325314,-10.604833268826724
325315,-435.9203834328491
325316,725.6180911193428
325317,512.4044185469642
325318,49.82381192486082
325319,144.9763345693591
325320,467.2415925214572
325321,1628.7800670736492
325322,1415.5663945012705
325323,952.9857878791672
325324,1048.1383105236653
325325,914.6623312165239
325326,2076.200805768716
325327,1862.987133196337
325328,1400.4065265742338
325329,1495.559049218732
325330,1070.2434990547097
325331,2231.7819736069014
325332,2018.568301034523
325333,1555.9876944124196
325334,1651.1402170569177
325335,-93.23604579014238
325336,1068.3024287620497
325337,855.0887561896709
325338,392.50814956756756
325339,487.6606722120658
325340,354.1846929049242
325341,1515.7231674571162
325342,1302.5094948847375
325343,839.9288882626342
325344,935.0814109071323
325345,509.76586074311
325346,1671.304335295302
325347,1458.0906627229233
325348,995.51005610082
325349,1090.6625787453181
325350,-366.73072608795337
325351,794.8077484642387
325352,581.59407589186
325353,119.01346926975657
325354,214.16599191425485
325355,80.69001260711332
325356,1242.2284871593054
325357,1029.0148145869266
325358,566.4342079648233
325359,661.5867306093214
325360,236.27118044529914
325361,1397.8096549974912
325362,1184.5959824251124
325363,722.0153758030091
325364,817.1678984475072
325365,-358.657388146677
325366,802.881086405515
325367,589.6674138331363
325368,127.08680721103292
325369,222.23932985553108
325370,88.76335054838967
325371,1250.3018251005815
325372,1037.088152528203
325373,574.5075459060996
325374,669.6600685505978
325375,244.34451838657537
325376,1405.8829929387675
325377,1192.6693203663888
325378,730.0887137442853
325379,825.2412363887836
325380,-564.5890764682815
325381,596.9493980839106
325382,383.7357255115319
325383,-78.84488111057146
325384,16.307641533926812
325385,-117.16833777321472
325386,1044.3701367789772
325387,831.1564642065986
325388,368.5758575844952
325389,463.7283802289934
325390,38.412830064971104
325391,1199.9513046171633
325392,986.7376320447844
325393,524.157025422681
325394,619.3095480671792
325395,-1189.4814213690652
325396,-27.942946816872904
325397,-241.15661938925166
325398,-703.7372260113552
325399,-608.584703366857
325400,-742.0606826739984
325401,419.47779187819367
325402,206.26411930581492
325403,-256.31648731628843
325404,-161.16396467179027
325405,-586.4795148358128
325406,575.0589597163795
325407,361.84528714400074
325408,-100.73531947810272
325409,-5.582796833604448
325410,316.6824611184937
325411,1478.2209356706858
325412,1265.007263098307
325413,802.4266564762036
325414,897.5791791207018
325415,764.1031998135603
325416,1925.6416743657524
325417,1712.4280017933736
325418,1249.8473951712704
325419,1344.9999178157684
325420,919.6843676517461
325421,2081.222842203938
325422,1868.0091696315594
325423,1405.428563009456
325424,1500.5810856539542
325425,-243.79517719310593
325426,917.7432973590862
325427,704.5296247867075
325428,241.949018164604
325429,337.1015408091023
325430,203.62556150196076
325431,1365.1640360541528
325432,1151.950363481774
325433,689.3697568596707
325434,784.5222795041689
325435,359.2067293401466
325436,1520.7452038923386
325437,1307.5315313199599
325438,844.9509246978565
325439,940.1034473423547
325440,-354.39147761467757
325441,807.1469969375146
325442,593.9333243651358
325443,131.35271774303237
325444,226.50524038753065
325445,93.02926108038912
325446,1254.5677356325812
325447,1041.3540630602024
325448,578.7734564380991
325449,673.9259790825972
325450,248.61042891857494
325451,1410.148903470767
325452,1196.9352308983882
325453,734.3546242762849
325454,829.507146920783
325455,-346.3181396734012
325456,815.2203348787908
325457,602.0066623064122
325458,139.42605568430872
325459,234.57857832880688
325460,101.10259902166547
325461,1262.6410735738575
325462,1049.4274010014788
325463,586.8467943793754
325464,681.9993170238736
325465,256.6837668598513
325466,1418.2222414120433
325467,1205.0085688396646
325468,742.4279622175611
325469,837.5804848620594
325470,-552.2498279950055
325471,609.2886465571864
325472,396.07497398480774
325473,-66.50563263729555
325474,28.646890007202614
325475,-104.82908929993891
325476,1056.709385252253
325477,843.4957126798744
325478,380.915106057771
325479,476.0676287022692
325480,50.752078538246906
325481,1212.290553090439
325482,999.0768805180602
325483,536.4962738959568
325484,631.648796540455
325485,-1177.1421728957891
325486,-15.603698343597102
325487,-228.81737091597586
325488,-691.3979775380792
325489,-596.2454548935809
325490,-729.7214342007226
325491,431.8170403514695
325492,218.60336777909072
325493,-243.97723884301263
325494,-148.82471619851447
325495,-574.1402663625367
325496,587.3982081896553
325497,374.18453561727654
325498,-88.39607100482681
325499,6.756451639671354
325500,329.0217095917695
325501,1490.5601841439616
325502,1277.3465115715828
325503,814.7659049494795
325504,909.9184275939776
325505,776.4424482868361
325506,1937.9809228390282
325507,1724.7672502666494
325508,1262.1866436445462
325509,1357.3391662890444
325510,932.0236161250219
325511,2093.5620906772137
325512,1880.3484181048354
325513,1417.767811482732
325514,1512.92033412723
325515,-231.45592871983013
325516,930.082545832362
325517,716.8688732599833
325518,254.28826663787987
325519,349.4407892823781
325520,215.96480997523656
325521,1377.5032845274286
325522,1164.2896119550498
325523,701.7090053329465
325524,796.8615279774447
325525,371.5459778134224
325526,1533.0844523656144
325527,1319.8707797932357
325528,857.2901731711323
325529,952.4426958156305
325530,-342.05222914140177
325531,819.4862454107903
325532,606.2725728384116
325533,143.69196621630817
325534,238.84448886080645
325535,105.36850955366481
325536,1266.9069841058567
325537,1053.6933115334782
325538,591.1127049113749
325539,686.265227555873
325540,260.94967739185074
325541,1422.4881519440428
325542,1209.274479371664
325543,746.6938727495607
325544,841.8463953940588
325545,-333.97889120012564
325546,827.5595833520666
325547,614.3459107796879
325548,151.76530415758452
325549,246.9178268020827
325550,113.44184749494116
325551,1274.980322047133
325552,1061.7666494747546
325553,599.1860428526511
325554,694.3385654971494
325555,269.023015333127
325556,1430.5614898853191
325557,1217.3478173129404
325558,754.7672106908369
325559,849.9197333353352
325560,-539.9105795217299
325561,621.6278950304622
325562,408.4142224580836
325563,-54.166384164019746
325564,40.98613848047842
325565,-92.48984082666323
325566,1069.0486337255288
325567,855.8349611531502
325568,393.25435453104683
325569,488.40687717554493
325570,63.091327011522594
325571,1224.6298015637146
325572,1011.416128991336
325573,548.8355223692326
325574,643.9880450137308
325575,-1164.8029244225136
325576,-3.264449870321414
325577,-216.47812244270017
325578,-679.0587290648036
325579,-583.9062064203054
325580,-717.3821857274468
325581,444.1562888247452
325582,230.94261625236652
325583,-231.63799036973683
325584,-136.48546772523866
325585,-561.8010178892612
325586,599.737456662931
325587,386.52378409055234
325588,-76.056822531551
325589,19.095700112947156
325590,341.3609580650452
325591,1502.8994326172374
325592,1289.6857600448586
325593,827.1051534227553
325594,922.2576760672534
325595,788.7816967601118
325596,1950.320171312304
325597,1737.1064987399252
325598,1274.525892117822
325599,1369.67841476232
325600,944.3628645982977
325601,2105.9013391504895
325602,1892.687666578111
325603,1430.1070599560078
325604,1525.2595826005058
325605,-219.1166802465542
325606,942.4217943056378
325607,729.2081217332591
325608,266.6275151111557
325609,361.7800377556539
325610,228.30405844851236
325611,1389.8425330007044
325612,1176.6288604283257
325613,714.0482538062224
325614,809.2007764507205
325615,383.8852262866983
325616,1545.4237008388902
325617,1332.2100282665115
325618,869.6294216444081
325619,964.7819442889064
325620,-329.71298066812597
325621,831.8254938840661
325622,618.6118213116874
325623,156.03121468958398
325624,251.1837373340822
325625,117.70775802694072
325626,1279.2462325791328
325627,1066.032560006754
325628,603.4519533846507
325629,698.6044760291488
325630,273.2889258651266
325631,1434.8274004173186
325632,1221.6137278449398
325633,759.0331212228365
325634,854.1856438673346
325635,-321.6396427268496
325636,839.8988318253424
325637,626.6851592529637
325638,164.10455263086033
325639,259.2570752753585
325640,125.78109596821707
325641,1287.319570520409
325642,1074.1058979480304
325643,611.525291325927
325644,706.6778139704252
325645,281.36226380640284
325646,1442.900738358595
325647,1229.6870657862162
325648,767.1064591641127
325649,862.258981808611
325650,-527.5713310484541
325651,633.967143503738
325652,420.7534709313593
325653,-41.82713569074406
325654,53.32538695375422
325655,-80.15059235338731
325656,1081.3878821988046
325657,868.174209626426
325658,405.59360300432263
325659,500.7461256488208
325660,75.43057548479851
325661,1236.9690500369904
325662,1023.7553774646118
325663,561.1747708425085
325664,656.3272934870066
325665,-1152.4636759492375
325666,9.074798602954502
325667,-204.13887396942425
325668,-666.7194805915276
325669,-571.5669579470293
325670,-705.042937254171
325671,456.4955372980211
325672,243.28186472564232
325673,-219.29874189646102
325674,-124.14621925196286
325675,-549.4617694159854
325676,612.0767051362068
325677,398.86303256382814
325678,-63.71757405827532
325679,31.43494858622296
325680,353.7002065383211
325681,1515.2386810905132
325682,1302.0250085181344
325683,839.444401896031
325684,934.5969245405292
325685,801.1209452333877
325686,1962.6594197855798
325687,1749.445747213201
325688,1286.8651405910978
325689,1382.0176632355958
325690,956.7021130715736
325691,2118.2405876237654
325692,1905.0269150513868
325693,1442.4463084292836
325694,1537.5988310737816
325695,-206.77743177327852
325696,954.7610427789136
325697,741.5473702065349
325698,278.9667635844314
325699,374.1192862289297
325700,240.6433069217881
325701,1402.1817814739802
325702,1188.9681089016015
325703,726.3875022794982
325704,821.5400249239963
325705,396.22447475997393
325706,1557.762949312166
325707,1344.5492767397873
325708,881.9686701176839
325709,977.1211927621822
325710,-317.37373219485016
325711,844.1647423573419
325712,630.9510697849632
325713,168.37046316285978
325714,263.522985807358
325715,130.04700650021653
325716,1291.5854810524086
325717,1078.3718084800298
325718,615.7912018579265
325719,710.9437245024246
325720,285.62817433840235
325721,1447.1666488905944
325722,1233.9529763182156
325723,771.3723696961123
325724,866.5248923406104
325725,-309.3003942535738
325726,852.2380802986182
325727,639.0244077262395
325728,176.44380110413613
325729,271.5963237486343
325730,138.12034444149288
325731,1299.6588189936847
325732,1086.4451464213062
325733,623.8645397992027
325734,719.017062443701
325735,293.7015122796787
325736,1455.2399868318707
325737,1242.026314259492
325738,779.4457076373885
325739,874.5982302818868
325740,-515.2320825751781
325741,646.3063919770138
325742,433.09271940463515
325743,-29.487887217468142
325744,65.66463542703002
325745,-67.81134388011151
325746,1093.7271306720804
325747,880.5134580997018
325748,417.93285147759843
325749,513.0853741220966
325750,87.76982395807431
325751,1249.3082985102665
325752,1036.0946259378875
325753,573.5140193157843
325754,668.6665419602824
325755,-1140.1244274759617
325756,21.414047076230304
325757,-191.79962549614845
325758,-654.3802321182518
325759,-559.2277094737537
325760,-692.7036887808952
325761,468.8347857712969
325762,255.62111319891812
325763,-206.95949342318522
325764,-111.80697077868706
325765,-537.1225209427093
325766,624.4159536094827
325767,411.20228103710394
325768,-51.3783255849994
325769,43.77419705949876
325770,366.0394550115969
325771,1527.577929563789
325772,1314.3642569914102
325773,851.7836503693068
325774,946.936173013805
325775,813.4601937066635
325776,1974.9986682588556
325777,1761.7849956864768
325778,1299.2043890643736
325779,1394.3569117088716
325780,969.0413615448493
325781,2130.579836097041
325782,1917.3661635246626
325783,1454.7855569025592
325784,1549.9380795470574
325785,-194.43818330000272
325786,967.1002912521894
325787,753.8866186798107
325788,291.3060120577073
325789,386.4585347022055
325790,252.9825553950639
325791,1414.521029947256
325792,1201.3073573748773
325793,738.7267507527739
325794,833.8792733972721
325795,408.5637232332498
325796,1570.1021977854418
325797,1356.888525213063
325798,894.3079185909597
325799,989.4604412354579
325800,-228.5023787228472
325801,933.0360958293447
325802,719.822423256966
325803,257.2418166348627
325804,352.3943392793609
325805,218.91835997221938
325806,1380.4568345244113
325807,1167.2431619520326
325808,704.6625553299293
325809,799.8150779744275
325810,374.4995278104052
325811,1536.0380023625971
325812,1322.8243297902186
325813,860.2437231681151
325814,955.3962458126134
325815,-220.42904078157085
325816,941.1094337706211
325817,727.8957611982423
325818,265.315154576139
325819,360.4676772206372
325820,226.99169791349573
325821,1388.5301724656877
325822,1175.316499893309
325823,712.7358932712057
325824,807.8884159157038
325825,382.57286575168155
325826,1544.1113403038735
325827,1330.897667731495
325828,868.3170611093915
325829,963.4695837538897
325830,-426.36072910317534
325831,735.1777454490167
325832,521.964072876638
325833,59.383466254534596
325834,154.53598889903287
325835,21.060009591891344
325836,1182.5984841440834
325837,969.3848115717046
325838,506.8042049496013
325839,601.9567275940994
325840,176.64117743007705
325841,1338.1796519822692
325842,1124.9659794098905
325843,662.385372787787
325844,757.5378954322853
325845,-1051.253074003959
325846,110.28540054823304
325847,-102.9282720241456
325848,-565.5088786462491
325849,-470.3563560017508
325850,-603.8323353088924
325851,557.7061392432996
325852,344.492466670921
325853,-118.08813995118237
325854,-22.935617306684208
325855,-448.2511674707066
325856,713.2873070814854
325857,500.0736345091068
325858,37.493027887003336
325859,132.6455505315016
325860,454.91080848359974
325861,1616.4492830357917
325862,1403.2356104634132
325863,940.6550038413097
325864,1035.807526485808
325865,902.3315471786664
325866,2063.8700217308588
325867,1850.6563491584798
325868,1388.0757425363763
325869,1483.2282651808746
325870,1057.9127150168522
325871,2219.451189569044
325872,2006.2375169966656
325873,1543.6569103745624
325874,1638.8094330190604
325875,-105.56682982799975
325876,1055.9716447241922
325877,842.7579721518135
325878,380.1773655297102
325879,475.32988817420835
325880,341.8539088670668
325881,1503.3923834192587
325882,1290.1787108468802
325883,827.5981042247769
325884,922.750626869275
325885,497.43507670525275
325886,1658.9735512574448
325887,1445.759878685066
325888,983.1792720629626
325889,1078.3317947074609
325890,-217.14688510066367
325891,944.3915894515284
325892,731.1779168791496
325893,268.59731025704633
325894,363.7498329015445
325895,230.27385359440302
325896,1391.812328146595
325897,1178.598655574216
325898,716.0180489521128
325899,811.170571596611
325900,385.8550214325887
325901,1547.3934959847807
325902,1334.1798234124021
325903,871.5992167902987
325904,966.7517394347968
325905,-209.07354715938732
325906,952.4649273928046
325907,739.2512548204259
325908,276.6706481983226
325909,371.8231708428208
325910,238.34719153567926
325911,1399.8856660878714
325912,1186.6719935154924
325913,724.0913868933892
325914,819.2439095378874
325915,393.9283593738651
325916,1555.466833926057
325917,1342.2531613536785
325918,879.672554731575
325919,974.8250773760732
325920,-415.0052354809916
325921,746.5332390712003
325922,533.3195664988216
325923,70.73895987671824
325924,165.8914825212164
325925,32.415503214074874
325926,1193.953977766267
325927,980.7403051938882
325928,518.1596985717849
325929,613.312221216283
325930,187.9966710522607
325931,1349.5351456044527
325932,1136.321473032074
325933,673.7408664099706
325934,768.8933890544688
325935,-1039.8975803817755
325936,121.64089417041669
325937,-91.57277840196207
325938,-554.1533850240655
325939,-459.00086237956725
325940,-592.4768416867089
325941,569.0616328654833
325942,355.8479602931045
325943,-106.73264632899873
325944,-11.580123684500677
325945,-436.89567384852285
325946,724.6428007036691
325947,511.4291281312903
325948,48.84852150918698
325949,144.00104415368514
325950,466.26630210578344
325951,1627.8047766579755
325952,1414.5911040855967
325953,952.0104974634934
325954,1047.1630201079915
325955,913.68704080085
325956,2075.2255153530423
325957,1862.0118427806633
325958,1399.4312361585598
325959,1494.5837588030581
325960,1069.268208639036
325961,2230.806683191228
325962,2017.5930106188491
325963,1555.012403996746
325964,1650.164926641244
325965,-94.21133620581622
325966,1067.3271383463757
325967,854.1134657739971
325968,391.5328591518938
325969,486.68538179639194
325970,353.20940248925035
325971,1514.7478770414425
325972,1301.5342044690638
325973,838.9535978469604
325974,934.1061204914586
325975,508.79057032743617
325976,1670.3290448796283
325977,1457.1153723072496
325978,994.5347656851461
325979,1089.6872883296444
325980,-367.7060165036271
325981,793.8324580485648
325982,580.6187854761861
325983,118.03817885408284
325984,213.190701498581
325985,79.71472219143948
325986,1241.2531967436316
325987,1028.0395241712527
325988,565.4589175491494
325989,660.6114401936476
325990,235.2958900296253
325991,1396.8343645818175
325992,1183.6206920094387
325993,721.0400853873352
325994,816.1926080318334
325995,-359.63267856235075
325996,801.9057959898412
325997,588.6921234174624
325998,126.11151679535908
325999,221.26403943985724
326000,87.78806013271571
326001,1249.326534684908
326002,1036.112862112529
326003,573.5322554904258
326004,668.6847781349239
326005,243.36922797090165
326006,1404.9077025230936
326007,1191.694029950715
326008,729.1134233286116
326009,824.2659459731098
326010,-565.564366883955
326011,595.9741076682368
326012,382.76043509585816
326013,-79.82017152624519
326014,15.332351118252973
326015,-118.14362818888867
326016,1043.3948463633035
326017,830.1811737909247
326018,367.6005671688214
326019,462.75308981331955
326020,37.437539649297264
326021,1198.9760142014893
326022,985.7623416291106
326023,523.1817350070072
326024,618.3342576515054
326025,-1190.456711784739
326026,-28.918237232546858
326027,-242.1319098049255
326028,-704.7125164270287
326029,-609.5599937825307
326030,-743.0359730896723
326031,418.5025014625199
326032,205.28882889014108
326033,-257.29177773196216
326034,-162.1392550874641
326035,-587.4548052514863
326036,574.0836693007057
326037,360.8699967283269
326038,-101.71060989377645
326039,-6.558087249278287
326040,315.7071707028199
326041,1477.2456452550118
326042,1264.0319726826333
326043,801.4513660605298
326044,896.603888705028
326045,763.1279093978865
326046,1924.6663839500786
326047,1711.4527113776999
326048,1248.8721047555964
326049,1344.0246274000947
326050,918.7090772360724
326051,2080.2475517882644
326052,1867.0338792158857
326053,1404.4532725937825
326054,1499.6057952382805
326055,-244.77046760877965
326056,916.7680069434123
326057,703.5543343710336
326058,240.9737277489303
326059,336.12625039342845
326060,202.65027108628692
326061,1364.188745638479
326062,1150.9750730661003
326063,688.394466443997
326064,783.546989088495
326065,358.23143892447285
326066,1519.769913476665
326067,1306.5562409042861
326068,843.9756342821827
326069,939.128156926681
326070,-355.3667680303515
326071,806.1717065218407
326072,592.9580339494619
326073,130.37742732735865
326074,225.5299499718567
326075,92.05397066471528
326076,1253.5924452169072
326077,1040.3787726445285
326078,577.7981660224252
326079,672.9506886669234
326080,247.63513850290104
326081,1409.173613055093
326082,1195.9599404827145
326083,733.379333860611
326084,828.5318565051092
326085,-347.2934300890752
326086,814.245044463117
326087,601.0313718907382
326088,138.45076526863488
326089,233.60328791313304
326090,100.12730860599152
326091,1261.6657831581836
326092,1048.4521105858048
326093,585.8715039637016
326094,681.0240266081997
326095,255.7084764441774
326096,1417.2469509963694
326097,1204.0332784239909
326098,741.4526718018874
326099,836.6051944463856
326100,-553.2251184106794
326101,608.3133561415127
326102,395.09968356913384
326103,-67.4809230529695
326104,27.671599591528775
326105,-105.80437971561287
326106,1055.7340948365793
326107,842.5204222642005
326108,379.9398156420972
326109,475.09233828659535
326110,49.77678812257295
326111,1211.315262674765
326112,998.1015901023864
326113,535.520983480283
326114,630.6735061247812
326115,-1178.117463311463
326116,-16.578988759270942
326117,-229.7926613316497
326118,-692.3732679537532
326119,-597.2207453092549
326120,-730.6967246163965
326121,430.84174993579563
326122,217.62807736341688
326123,-244.95252925868647
326124,-149.8000066141883
326125,-575.1155567782107
326126,586.4229177739815
326127,373.2092452016027
326128,-89.37136142050076
326129,5.781161223997515
326130,328.04641917609564
326131,1489.5848937282876
326132,1276.3712211559089
326133,813.7906145338056
326134,908.9431371783039
326135,775.4671578711623
326136,1937.0056324233544
326137,1723.7919598509757
326138,1261.2113532288722
326139,1356.3638758733705
326140,931.0483257093481
326141,2092.58680026154
326142,1879.3731276891615
326143,1416.7925210670583
326144,1511.9450437115563
326145,-232.43121913550385
326146,929.1072554166882
326147,715.8935828443094
326148,253.31297622220603
326149,348.4654988667042
326150,214.98951955956272
326151,1376.5279941117547
326152,1163.3143215393761
326153,700.7337149172727
326154,795.8862375617708
326155,370.5706873977486
326156,1532.1091619499407
326157,1318.895489377562
326158,856.3148827554585
326159,951.4674053999568
326160,-343.0275195570757
326161,818.5109549951164
326162,605.2972824227377
326163,142.71667580063445
326164,237.8691984451326
326165,104.39321913799108
326166,1265.9316936901832
326167,1052.7180211178043
326168,590.137414495701
326169,685.2899371401992
326170,259.9743869761768
326171,1421.5128615283688
326172,1208.2991889559903
326173,745.7185823338868
326174,840.871104978385
326175,-334.95418161579937
326176,826.5842929363928
326177,613.370620364014
326178,150.79001374191068
326179,245.94253638640885
326180,112.46655707926732
326181,1274.0050316314594
326182,1060.7913590590806
326183,598.2107524369774
326184,693.3632750814755
326185,268.04772491745314
326186,1429.5861994696452
326187,1216.3725268972667
326188,753.7919202751632
326189,848.9444429196614
326190,-540.8858699374036
326191,620.6526046147885
326192,407.4389320424097
326193,-55.141674579693586
326194,40.01084806480458
326195,-93.46513124233707
326196,1068.073343309855
326197,854.8596707374763
326198,392.279064115373
326199,487.43158675987115
326200,62.116036595848755
326201,1223.654511148041
326202,1010.4408385756622
326203,547.8602319535588
326204,643.012754598057
326205,-1165.7782148381873
326206,-4.23974028599514
326207,-217.4534128583739
326208,-680.0340194804771
326209,-584.8814968359791
326210,-718.3574761431207
326211,443.18099840907144
326212,229.96732583669268
326213,-232.61328078541067
326214,-137.4607581409125
326215,-562.7763083049349
326216,598.7621662472573
326217,385.5484936748785
326218,-77.03211294722485
326219,18.120409697273317
326220,340.38566764937144
326221,1501.9241422015634
326222,1288.710469629185
326223,826.1298630070814
326224,921.2823856515797
326225,787.8064063444381
326226,1949.3448808966302
326227,1736.1312083242515
326228,1273.550601702148
326229,1368.7031243466463
326230,943.3875741826239
326231,2104.926048734816
326232,1891.7123761624373
326233,1429.131769540334
326234,1524.284292184832
326235,-220.09197066222805
326236,941.446503889964
326237,728.2328313175852
326238,265.6522246954819
326239,360.80474733998005
326240,227.32876803283852
326241,1388.8672425850305
326242,1175.653570012652
326243,713.0729633905486
326244,808.2254860350467
326245,382.90993587102435
326246,1544.4484104232165
326247,1331.2347378508377
326248,868.6541312287344
326249,963.8066538732326
326250,-330.6882710837997
326251,830.8502034683922
326252,617.6365308960135
326253,155.05592427391025
326254,250.20844691840836
326255,116.73246761126688
326256,1278.270942163459
326257,1065.05726959108
326258,602.4766629689768
326259,697.629185613475
326260,272.3136354494527
326261,1433.8521100016449
326262,1220.638437429266
326263,758.0578308071626
326264,853.2103534516608
326265,-322.61493314252334
326266,838.9235414096686
326267,625.7098688372898
326268,163.1292622151865
326269,258.28178485968465
326270,124.80580555254312
326271,1286.3442801047354
326272,1073.1306075323564
326273,610.5500009102532
326274,705.7025235547513
326275,280.38697339072905
326276,1441.925447942921
326277,1228.7117753705425
326278,766.131168748439
326279,861.2836913929372
326280,-528.5466214641276
326281,632.9918530880642
326282,419.77818051568556
326283,-42.802426106417784
326284,52.35009653808038
326285,-81.12588276906126
326286,1080.412591783131
326287,867.1989192107521
326288,404.6183125886488
326289,499.77083523314695
326290,74.45528506912467
326291,1235.9937596213167
326292,1022.780087048938
326293,560.1994804268346
326294,655.3520030713328
326295,-1153.4389663649115
326296,8.099508187280549
326297,-205.1141643850981
326298,-667.6947710072016
326299,-572.5422483627033
326300,-706.0182276698449
326301,455.5202468823473
326302,242.30657430996854
326303,-220.27403231213475
326304,-125.1215096676367
326305,-550.4370598316589
326306,611.1014147205331
326307,397.8877421481543
326308,-64.69286447394904
326309,30.45965817054912
326310,352.7249161226473
326311,1514.2633906748392
326312,1301.0497181024607
326313,838.4691114803572
326314,933.6216341248554
326315,800.1456548177139
326316,1961.684129369906
326317,1748.4704567975273
326318,1285.8898501754238
326319,1381.042372819922
326320,955.7268226558998
326321,2117.265297208092
326322,1904.051624635713
326323,1441.4710180136099
326324,1536.623540658108
326325,-207.75272218895236
326326,953.7857523632397
326327,740.572079790861
326328,277.9914731687577
326329,373.14399581325586
326330,239.6680165061142
326331,1401.2064910583065
326332,1187.9928184859277
326333,725.4122118638244
326334,820.5647345083224
326335,395.24918434430015
326336,1556.7876588964923
326337,1343.5739863241135
326338,880.9933797020101
326339,976.1459023465084
326340,-318.3490226105241
326341,843.189451941668
326342,629.9757793692893
326343,167.39517274718605
326344,262.5476953916841
326345,129.0717160845427
326346,1290.6101906367346
326347,1077.3965180643559
326348,614.8159114422526
326349,709.9684340867508
326350,284.65288392272845
326351,1446.1913584749204
326352,1232.977685902542
326353,770.3970792804384
326354,865.5496019249366
326355,-310.27568466924777
326356,851.2627898829444
326357,638.0491173105656
326358,175.4685106884623
326359,270.62103333296045
326360,137.14505402581892
326361,1298.683528578011
326362,1085.4698560056322
326363,622.889249383529
326364,718.041772028027
326365,292.7262218640048
326366,1454.2646964161968
326367,1241.0510238438183
326368,778.4704172217148
326369,873.622939866213
326370,-516.207372990852
326371,645.3311015613401
326372,432.11742898896125
326373,-30.463177633142095
326374,64.68934501135618
326375,-68.78663429578546
326376,1092.7518402564067
326377,879.5381676840279
326378,416.9575610619246
326379,512.1100837064228
326380,86.79453354240036
326381,1248.3330080945925
326382,1035.1193355222138
326383,572.5387289001104
326384,667.6912515446086
326385,-1141.0997178916357
326386,20.438756660556464
326387,-192.7749159118223
326388,-655.3555225339258
326389,-560.2029998894275
326390,-693.6789791965691
326391,467.859495355623
326392,254.64582278324423
326393,-207.93478383885906
326394,-112.7822611943609
326395,-538.0978113583833
326396,623.4406631938089
326397,410.2269906214301
326398,-52.353616000673355
326399,42.79890664382492
326400,365.06416459592305
326401,1526.602639148115
326402,1313.3889665757363
326403,850.808359953633
326404,945.9608825981311
326405,812.4849032909897
326406,1974.0233778431816
326407,1760.809705270803
326408,1298.2290986486996
326409,1393.381621293198
326410,968.0660711291755
326411,2129.604545681367
326412,1916.390873108989
326413,1453.8102664868854
326414,1548.9627891313837
326415,-195.41347371567645
326416,966.1250008365156
326417,752.9113282641368
326418,290.33072164203344
326419,385.4832442865316
326420,252.00726497939013
326421,1413.545739531582
326422,1200.3320669592035
326423,737.7514603371001
326424,832.9039829815982
326425,407.588432817576
326426,1569.126907369768
326427,1355.9132347973894
326428,893.3326281752859
326429,988.4851508197842
326430,-229.47766913852115
326431,932.060805413671
326432,718.8471328412923
326433,256.2665262191889
326434,351.41904886368707
326435,217.94306955654554
326436,1379.4815441087376
326437,1166.2678715363588
326438,703.6872649142555
326439,798.8397875587536
326440,373.52423739473124
326441,1535.0627119469234
326442,1321.8490393745446
326443,859.2684327524413
326444,954.4209553969395
326445,-221.4043311972447
326446,940.1341433549472
326447,726.9204707825685
326448,264.3398641604652
326449,359.49238680496336
326450,226.0164074978219
326451,1387.554882050014
326452,1174.341209477635
326453,711.7606028555318
326454,806.91312550003
326455,381.5975753360077
326456,1543.1360498881998
326457,1329.922377315821
326458,867.3417706937175
326459,962.4942933382158
326460,-427.33601951884907
326461,734.202455033343
326462,520.9887824609641
326463,58.40817583886087
326464,153.56069848335903
326465,20.08471917621739
326466,1181.6231937284097
326467,968.4095211560307
326468,505.82891453392745
326469,600.9814371784256
326470,175.6658870144032
326471,1337.2043615665953
326472,1123.9906889942167
326473,661.4100823721133
326474,756.5626050166114
326475,-1052.228364419633
326476,109.31011013255932
326477,-103.90356243981944
326478,-566.4841690619228
326479,-471.33164641742474
326480,-604.8076257245664
326481,556.7308488276259
326482,343.51717625524714
326483,-119.06343036685621
326484,-23.910907722358047
326485,-449.22645788638033
326486,712.3120166658117
326487,499.09834409343296
326488,36.51773747132961
326489,131.67026011582777
326490,453.93551806792595
326491,1615.473992620118
326492,1402.2603200477392
326493,939.679713425636
326494,1034.832236070134
326495,901.3562567629925
326496,2062.894731315185
326497,1849.6810587428058
326498,1387.1004521207026
326499,1482.2529747652006
326500,1056.9374246011785
326501,2218.475899153371
326502,2005.2622265809916
326503,1542.6816199588884
326504,1637.8341426033867
326505,-106.5421202436736
326506,1054.9963543085184
326507,841.7826817361397
326508,379.2020751140364
326509,474.35459775853457
326510,340.878618451393
326511,1502.4170930035853
326512,1289.2034204312063
326513,826.622813809103
326514,921.7753364536011
326515,496.4597862895788
326516,1657.9982608417708
326517,1444.784588269392
326518,982.2039816472889
326519,1077.356504291787
326520,-217.13842066524535
326521,944.4000538869468
326522,731.1863813145679
326523,268.6057746924647
326524,363.75829733696287
326525,230.28231802982145
326526,1391.8207925820134
326527,1178.6071200096346
326528,716.0265133875313
326529,811.1790360320294
326530,385.86348586800716
326531,1547.4019604201992
326532,1334.1882878478204
326533,871.6076812257172
326534,966.7602038702153
326535,-209.065082723969
326536,952.473391828223
326537,739.2597192558443
326538,276.67911263374094
326539,371.83163527823916
326540,238.3556559710977
326541,1399.8941305232897
326542,1186.680457950911
326543,724.0998513288076
326544,819.2523739733058
326545,393.9368238092835
326546,1555.4752983614756
326547,1342.2616257890968
326548,879.6810191669935
326549,974.8335418114916
326550,-414.99677104557327
326551,746.5417035066187
326552,533.3280309342399
326553,70.74742431213667
326554,165.89994695663484
326555,32.42396764949331
326556,1193.9624422016855
326557,980.7487696293066
326558,518.1681630072032
326559,613.3206856517014
326560,188.00513548767913
326561,1349.543610039871
326562,1136.3299374674925
326563,673.7493308453891
326564,768.9018534898872
326565,-1039.8891159463572
326566,121.649358605835
326567,-91.56431396654375
326568,-554.1449205886472
326569,-458.99239794414893
326570,-592.4683772512903
326571,569.0700973009017
326572,355.85642472852294
326573,-106.72418189358041
326574,-11.571659249082245
326575,-436.88720941310453
326576,724.6512651390875
326577,511.43759256670876
326578,48.85698594460541
326579,144.00950858910358
326580,466.2747665412018
326581,1627.8132410933938
326582,1414.599568521015
326583,952.0189618989118
326584,1047.1714845434099
326585,913.6955052362684
326586,2075.2339797884606
326587,1862.0203072160816
326588,1399.4397005939784
326589,1494.5922232384764
326590,1069.2766730744543
326591,2230.8151476266466
326592,2017.6014750542674
326593,1555.0208684321642
326594,1650.1733910766625
326595,-94.2028717703979
326596,1067.3356027817943
326597,854.1219302094155
326598,391.54132358731215
326599,486.6938462318103
326600,353.2178669246687
326601,1514.756341476861
326602,1301.542668904482
326603,838.9620622823788
326604,934.1145849268769
326605,508.7990347628546
326606,1670.3375093150466
326607,1457.123836742668
326608,994.5432301205647
326609,1089.6957527650627
326610,-367.6975520682088
326611,793.8409224839833
326612,580.6272499116046
326613,118.04664328950128
326614,213.19916593399944
326615,79.72318662685791
326616,1241.26166117905
326617,1028.0479886066712
326618,565.4673819845679
326619,660.619904629066
326620,235.30435446504362
326621,1396.8428290172358
326622,1183.629156444857
326623,721.0485498227537
326624,816.2010724672518
326625,-359.62421412693243
326626,801.9142604252596
326627,588.7005878528809
326628,126.11998123077751
326629,221.27250387527567
326630,87.79652456813415
326631,1249.3349991203263
326632,1036.1213265479475
326633,573.5407199258442
326634,668.6932425703424
326635,243.37769240632002
326636,1404.916166958512
326637,1191.7024943861334
326638,729.1218877640299
326639,824.2744104085282
326640,-565.5559024485367
326641,595.9825721036552
326642,382.7688995312765
326643,-79.81170709082687
326644,15.340815553671291
326645,-118.13516375347024
326646,1043.4033107987218
326647,830.1896382263432
326648,367.6090316042398
326649,462.761554248738
326650,37.446004084715696
326651,1198.9844786369076
326652,985.770806064529
326653,523.1901994424256
326654,618.3427220869238
326655,-1190.4482473493206
326656,-28.909772797128426
326657,-242.12344536950718
326658,-704.7040519916104
326659,-609.5515293471124
326660,-743.0275086542538
326661,418.5109658979382
326662,205.2972933255595
326663,-257.2833132965437
326664,-162.13079065204556
326665,-587.446340816068
326666,574.092133736124
326667,360.8784611637453
326668,-101.70214545835802
326669,-6.549622813859855
326670,315.7156351382383
326671,1477.2541096904304
326672,1264.0404371180516
326673,801.4598304959483
326674,896.6123531404464
326675,763.1363738333049
326676,1924.674848385497
326677,1711.4611758131182
326678,1248.8805691910147
326679,1344.033091835513
326680,918.7175416714908
326681,2080.2560162236828
326682,1867.042343651304
326683,1404.4617370292008
326684,1499.6142596736988
326685,-244.76200317336122
326686,916.7764713788308
326687,703.5627988064521
326688,240.98219218434872
326689,336.1347148288469
326690,202.65873552170535
326691,1364.1972100738974
326692,1150.9835375015186
326693,688.4029308794153
326694,783.5554535239135
326695,358.23990335989123
326696,1519.7783779120832
326697,1306.5647053397045
326698,843.9840987176011
326699,939.1366213620993
326700,-355.358303594933
326701,806.1801709572591
326702,592.9664983848804
326703,130.38589176277696
326704,225.53841440727513
326705,92.06243510013371
326706,1253.6009096523258
326707,1040.387237079947
326708,577.8066304578437
326709,672.9591531023418
326710,247.64360293831942
326711,1409.1820774905116
326712,1195.9684049181328
326713,733.3877982960295
326714,828.5403209405276
326715,-347.2849656536566
326716,814.2535088985354
326717,601.0398363261567
326718,138.4592297040533
326719,233.61175234855148
326720,100.13577304140995
326721,1261.674247593602
326722,1048.4605750212233
326723,585.8799683991199
326724,681.032491043618
326725,255.71694087959577
326726,1417.255415431788
326727,1204.0417428594092
326728,741.4611362373058
326729,836.613658881804
326730,-553.2166539752609
326731,608.321820576931
326732,395.1081480045523
326733,-67.47245861755096
326734,27.680064026947207
326735,-105.79591528019444
326736,1055.7425592719976
326737,842.5288866996189
326738,379.9482800775156
326739,475.1008027220137
326740,49.785252557991384
326741,1211.3237271101834
326742,998.1100545378047
326743,535.5294479157014
326744,630.6819705601996
326745,-1178.1089988760446
326746,-16.57052432385251
326747,-229.78419689623126
326748,-692.3648035183346
326749,-597.2122808738363
326750,-730.6882601809782
326751,430.85021437121407
326752,217.6365417988353
326753,-244.94406482326804
326754,-149.79154217876987
326755,-575.1070923427922
326756,586.4313822093998
326757,373.2177096370211
326758,-89.36289698508222
326759,5.789625659415947
326760,328.0548836115141
326761,1489.593358163706
326762,1276.3796855913274
326763,813.7990789692241
326764,908.9516016137222
326765,775.4756223065807
326766,1937.0140968587727
326767,1723.800424286394
326768,1261.2198176642905
326769,1356.3723403087888
326770,931.0567901447665
326771,2092.5952646969586
326772,1879.3815921245798
326773,1416.8009855024766
326774,1511.9535081469749
326775,-232.42275470008553
326776,929.1157198521066
326777,715.9020472797279
326778,253.32144065762446
326779,348.4739633021226
326780,214.99798399498115
326781,1376.5364585471732
326782,1163.3227859747944
326783,700.7421793526911
326784,795.8947019971893
326785,370.579151833167
326786,1532.117626385359
326787,1318.9039538129803
326788,856.3233471908769
326789,951.4758698353751
326790,-343.0190551216572
326791,818.5194194305349
326792,605.3057468581562
326793,142.72514023605288
326794,237.87766288055104
326795,104.4016835734094
326796,1265.9401581256016
326797,1052.7264855532228
326798,590.1458789311195
326799,685.2984015756176
326800,259.9828514115952
326801,1421.5213259637874
326802,1208.3076533914086
326803,745.7270467693053
326804,840.8795694138034
326805,-334.9457171803808
326806,826.5927573718111
326807,613.3790847994325
326808,150.79847817732912
326809,245.95100082182728
326810,112.47502151468575
326811,1274.013496066878
326812,1060.7998234944992
326813,598.2192168723957
326814,693.3717395168939
326815,268.05618935287157
326816,1429.5946639050637
326817,1216.380991332685
326818,753.8003847105815
326819,848.9529073550798
326820,-540.8774055019851
326821,620.6610690502068
326822,407.44739647782814
326823,-55.133210144275154
326824,40.01931250022301
326825,-93.45666680691875
326826,1068.0818077452734
326827,854.8681351728947
326828,392.2875285507914
326829,487.4400511952895
326830,62.12450103126719
326831,1223.6629755834592
326832,1010.4493030110806
326833,547.8686963889772
326834,643.0212190334754
326835,-1165.769750402769
326836,-4.2312758505768215
326837,-217.44494842295546
326838,-680.0255550450588
326839,-584.8730324005608
326840,-718.3490117077024
326841,443.18946284448987
326842,229.9757902721111
326843,-232.60481634999223
326844,-137.45229370549407
326845,-562.7678438695164
326846,598.7706306826757
326847,385.55695811029693
326848,-77.02364851180641
326849,18.12887413269175
326850,340.3941320847899
326851,1501.932606636982
326852,1288.7189340646032
326853,826.1383274425
326854,921.290850086998
326855,787.8148707798564
326856,1949.3533453320485
326857,1736.1396727596698
326858,1273.5590661375666
326859,1368.7115887820646
326860,943.3960386180423
326861,2104.934513170235
326862,1891.7208405978556
326863,1429.1402339757524
326864,1524.2927566202507
326865,-220.08350622680973
326866,941.4549683253824
326867,728.2412957530037
326868,265.6606891309003
326869,360.8132117753985
326870,227.33723246825684
326871,1388.875707020449
326872,1175.6620344480702
326873,713.081427825967
326874,808.2339504704651
326875,382.9184003064428
326876,1544.4568748586348
326877,1331.2432022862563
326878,868.6625956641528
326879,963.8151183086509
326880,-330.6798066483814
326881,830.8586679038107
326882,617.644995331432
326883,155.06438870932857
326884,250.2169113538268
326885,116.74093204668532
326886,1278.2794065988774
326887,1065.0657340264986
326888,602.4851274043953
326889,697.6376500488934
326890,272.3220998848711
326891,1433.8605744370632
326892,1220.6469018646844
326893,758.0662952425811
326894,853.2188178870792
326895,-322.606468707105
326896,838.932005845087
326897,625.7183332727083
326898,163.13772665060492
326899,258.2902492951031
326900,124.81426998796155
326901,1286.3527445401537
326902,1073.1390719677747
326903,610.5584653456715
326904,705.7109879901697
326905,280.39543782614743
326906,1441.9339123783393
326907,1228.7202398059608
326908,766.1396331838573
326909,861.2921558283556
326910,-528.5381570287093
326911,633.0003175234826
326912,419.7866449511039
326913,-42.793961670999465
326914,52.3585609734987
326915,-81.11741833364283
326916,1080.4210562185492
326917,867.2073836461706
326918,404.6267770240672
326919,499.77929966856533
326920,74.4637495045431
326921,1236.002224056735
326922,1022.7885514843564
326923,560.207944862253
326924,655.3604675067512
326925,-1153.4305019294932
326926,8.10797262269898
326927,-205.10569994967977
326928,-667.6863065717832
326929,-572.533783927285
326930,-706.0097632344264
326931,455.5287113177656
326932,242.31503874538697
326933,-220.26556787671632
326934,-125.11304523221827
326935,-550.4285953962406
326936,611.1098791559514
326937,397.89620658357273
326938,-64.68440003853061
326939,30.46812260596755
326940,352.73338055806573
326941,1514.2718551102578
326942,1301.058182537879
326943,838.4775759157757
326944,933.6300985602738
326945,800.1541192531323
326946,1961.6925938053243
326947,1748.4789212329456
326948,1285.8983146108421
326949,1381.0508372553404
326950,955.7352870913182
326951,2117.27376164351
326952,1904.0600890711314
326953,1441.4794824490282
326954,1536.6320050935262
326955,-207.74425775353393
326956,953.7942167986582
326957,740.5805442262795
326958,277.9999376041761
326959,373.1524602486743
326960,239.67648094153265
326961,1401.2149554937248
326962,1188.001282921346
326963,725.4206762992427
326964,820.5731989437409
326965,395.2576487797185
326966,1556.7961233319106
326967,1343.5824507595319
326968,881.0018441374285
326969,976.1543667819267
326970,-318.34055817510557
326971,843.1979163770865
326972,629.9842438047077
326973,167.40363718260437
326974,262.55615982710253
326975,129.08018051996112
326976,1290.6186550721532
326977,1077.4049824997744
326978,614.824375877671
326979,709.9768985221692
326980,284.6613483581468
326981,1446.199822910339
326982,1232.9861503379602
326983,770.4055437158569
326984,865.558066360355
326985,-310.2672202338292
326986,851.2712543183628
326987,638.0575817459841
326988,175.47697512388072
326989,270.6294977683789
326990,137.15351846123735
326991,1298.6919930134295
326992,1085.4783204410505
326993,622.8977138189473
326994,718.0502364634455
326995,292.7346862994232
326996,1454.273160851615
326997,1241.0594882792366
326998,778.4788816571331
326999,873.6314043016314
327000,-516.1989085554335
327001,645.3395659967584
327002,432.1258934243797
327003,-30.45471319772355
327004,64.6978094467745
327005,-68.77816986036703
327006,1092.760304691825
327007,879.5466321194463
327008,416.96602549734297
327009,512.1185481418411
327010,86.80299797781879
327011,1248.3414725300108
327012,1035.127799957632
327013,572.5471933355288
327014,667.699715980027
327015,-1141.0912534562174
327016,20.447221095974783
327017,-192.76645147640397
327018,-655.3470580985074
327019,-560.1945354540092
327020,-693.6705147611508
327021,467.8679597910414
327022,254.65428721866266
327023,-207.92631940344063
327024,-112.77379675894247
327025,-538.0893469229648
327026,623.4491276292272
327027,410.2354550568485
327028,-52.34515156525481
327029,42.80737107924324
327030,365.0726290313415
327031,1526.6111035835333
327032,1313.3974310111548
327033,850.8168243890514
327034,945.9693470335496
327035,812.4933677264081
327036,1974.0318422786002
327037,1760.8181697062214
327038,1298.237563084118
327039,1393.3900857286162
327040,968.0745355645939
327041,2129.613010116786
327042,1916.3993375444072
327043,1453.818730922304
327044,1548.971253566802
327045,-195.40500928025813
327046,966.133465271934
327047,752.9197926995553
327048,290.33918607745187
327049,385.49170872195003
327050,252.01572941480856
327051,1413.5542039670006
327052,1200.3405313946218
327053,737.7599247725185
327054,832.9124474170167
327055,407.5968972529944
327056,1569.1353718051864
327057,1355.9216992328077
327058,893.3410926107043
327059,988.4936152552025
327060,-229.46920470310272
327061,932.0692698490893
327062,718.8555972767106
327063,256.27499065460734
327064,351.4275132991055
327065,217.95153399196397
327066,1379.490008544156
327067,1166.2763359717771
327068,703.6957293496739
327069,798.8482519941721
327070,373.5327018301497
327071,1535.071176382342
327072,1321.857503809963
327073,859.2768971878597
327074,954.4294198323579
327075,-221.39586676182626
327076,940.1426077903657
327077,726.9289352179869
327078,264.34832859588363
327079,359.5008512403818
327080,226.02487193324032
327081,1387.5633464854322
327082,1174.3496739130535
327083,711.7690672909503
327084,806.9215899354483
327085,381.60603977142614
327086,1543.1445143236183
327087,1329.9308417512393
327088,867.3502351291361
327089,962.5027577736341
327090,-427.32755508343075
327091,734.2109194687614
327092,520.9972468963825
327093,58.41664027427919
327094,153.56916291877747
327095,20.093183611635823
327096,1181.631658163828
327097,968.4179855914492
327098,505.8373789693459
327099,600.989901613844
327100,175.67435144982164
327101,1337.2128260020138
327102,1123.999153429635
327103,661.4185468075316
327104,756.5710694520299
327105,-1052.2198999842142
327106,109.31857456797775
327107,-103.895098004401
327108,-566.4757046265042
327109,-471.3231819820062
327110,-604.7991612891478
327111,556.7393132630443
327112,343.52564069066557
327113,-119.05496593143778
327114,-23.902443286939615
327115,-449.217993450962
327116,712.3204811012301
327117,499.1068085288514
327118,36.52620190674793
327119,131.6787245512462
327120,453.9439825033444
327121,1615.4824570555365
327122,1402.2687844831578
327123,939.6881778610544
327124,1034.8407005055526
327125,901.364721198411
327126,2062.903195750603
327127,1849.6895231782244
327128,1387.1089165561211
327129,1482.2614392006192
327130,1056.9458890365968
327131,2218.484363588789
327132,2005.2706910164102
327133,1542.6900843943067
327134,1637.842607038805
327135,-106.53365580825516
327136,1055.004818743937
327137,841.7911461715581
327138,379.21053954945484
327139,474.363062193953
327140,340.8870828868114
327141,1502.4255574390036
327142,1289.2118848666246
327143,826.6312782445215
327144,921.7838008890195
327145,496.46825072499723
327146,1658.0067252771894
327147,1444.7930527048106
327148,982.2124460827072
327149,1077.3649687272055
327150,-217.1299562298268
327151,944.4085183223651
327152,731.1948457499864
327153,268.61423912788314
327154,363.7667617723813
327155,230.29078246523977
327156,1391.8292570174317
327157,1178.615584445053
327158,716.0349778229497
327159,811.1875004674479
327160,385.87195030342554
327161,1547.4104248556175
327162,1334.1967522832388
327163,871.6161456611355
327164,966.7686683056337
327165,-209.05661828855045
327166,952.4818562636415
327167,739.2681836912627
327168,276.6875770691594
327169,371.8400997136576
327170,238.364120406516
327171,1399.902594958708
327172,1186.6889223863293
327173,724.1083157642261
327174,819.2608384087241
327175,393.9452882447019
327176,1555.4837627968939
327177,1342.2700902245151
327178,879.6894836024118
327179,974.8420062469099
327180,-414.98830661015495
327181,746.5501679420371
327182,533.3364953696582
327183,70.75588874755499
327184,165.90841139205315
327185,32.432432084911625
327186,1193.9709066371038
327187,980.757234064725
327188,518.1766274426217
327189,613.3291500871198
327190,188.01359992309756
327191,1349.5520744752896
327192,1136.3384019029108
327193,673.7577952808075
327194,768.9103179253057
327195,-1039.8806515109384
327196,121.65782304125344
327197,-91.5558495311252
327198,-554.1364561532284
327199,-458.9839335087304
327200,-592.4599128158718
327201,569.07856173632
327202,355.86488916394137
327203,-106.71571745816186
327204,-11.563194813663813
327205,-436.8787449776862
327206,724.6597295745058
327207,511.44605700212713
327208,48.865450380023844
327209,144.017973024522
327210,466.28323097662025
327211,1627.8217055288123
327212,1414.6080329564334
327213,952.0274263343301
327214,1047.1799489788284
327215,913.7039696716868
327216,2075.242444223879
327217,1862.0287716515002
327218,1399.4481650293967
327219,1494.6006876738948
327220,1069.2851375098726
327221,2230.823612062065
327222,2017.609939489686
327223,1555.0293328675825
327224,1650.1818555120808
327225,-94.19440733497936
327226,1067.3440672172126
327227,854.1303946448338
327228,391.5497880227306
327229,486.70231066722874
327230,353.22633136008716
327231,1514.7648059122794
327232,1301.5511333399004
327233,838.9705267177972
327234,934.1230493622953
327235,508.807499198273
327236,1670.345973750465
327237,1457.1323011780864
327238,994.551694555983
327239,1089.7042172004813
327240,-367.68908763279046
327241,793.8493869194017
327242,580.6357143470229
327243,118.0551077249196
327244,213.20763036941776
327245,79.73165106227634
327246,1241.2701256144683
327247,1028.0564530420895
327248,565.4758464199863
327249,660.6283690644844
327250,235.31281890046205
327251,1396.8512934526543
327252,1183.6376208802753
327253,721.0570142581721
327254,816.2095369026703
327255,-359.6157496915141
327256,801.922724860678
327257,588.7090522882993
327258,126.12844566619583
327259,221.2809683106941
327260,87.80498900355258
327261,1249.3434635557446
327262,1036.1297909833659
327263,573.5491843612626
327264,668.7017070057607
327265,243.3861568417384
327266,1404.9246313939304
327267,1191.7109588215517
327268,729.1303521994483
327269,824.2828748439465
327270,-565.5474380131184
327271,595.9910365390737
327272,382.7773639666949
327273,-79.80324265540844
327274,15.349279989089723
327275,-118.1266993180518
327276,1043.4117752341404
327277,830.1981026617616
327278,367.61749603965825
327279,462.77001868415635
327280,37.454468520134014
327281,1198.992943072326
327282,985.7792704999474
327283,523.1986638778441
327284,618.3511865223422
327285,-1190.4397829139018
327286,-28.901308361709994
327287,-242.11498093408875
327288,-704.6955875561919
327289,-609.5430649116938
327290,-743.0190442188355
327291,418.51943033335664
327292,205.30575776097783
327293,-257.2748488611254
327294,-162.12232621662724
327295,-587.4378763806496
327296,574.1005981715424
327297,360.88692559916376
327298,-101.6936810229397
327299,-6.541158378441537
327300,315.7240995736567
327301,1477.2625741258487
327302,1264.04890155347
327303,801.4682949313667
327304,896.6208175758647
327305,763.1448382687233
327306,1924.6833128209153
327307,1711.4696402485365
327308,1248.8890336264333
327309,1344.0415562709313
327310,918.7260061069092
327311,2080.2644806591015
327312,1867.0508080867226
327313,1404.470201464619
327314,1499.6227241091174
327315,-244.7535387379428
327316,916.7849358142491
327317,703.5712632418704
327318,240.99065661976704
327319,336.14317926426526
327320,202.66719995712378
327321,1364.2056745093157
327322,1150.992001936937
327323,688.4113953148337
327324,783.5639179593319
327325,358.2483677953096
327326,1519.7868423475015
327327,1306.573169775123
327328,843.9925631530195
327329,939.1450857975177
327330,-355.34983915951466
327331,806.1886353926775
327332,592.9749628202987
327333,130.3943561981955
327334,225.54687884269356
327335,92.07089953555214
327336,1253.609374087744
327337,1040.3957015153653
327338,577.8150948932621
327339,672.9676175377601
327340,247.65206737373785
327341,1409.1905419259301
327342,1195.9768693535511
327343,733.3962627314479
327344,828.5487853759461
327345,-347.2765012182383
327346,814.2619733339538
327347,601.0483007615751
327348,138.46769413947175
327349,233.6202167839699
327350,100.14423747682827
327351,1261.6827120290204
327352,1048.4690394566417
327353,585.8884328345384
327354,681.0409554790365
327355,255.7254053150142
327356,1417.2638798672062
327357,1204.0502072948275
327358,741.4696006727243
327359,836.6221233172223
327360,-553.2081895398426
327361,608.3302850123495
327362,395.1166124399707
327363,-67.46399418213264
327364,27.68852846236564
327365,-105.787450844776
327366,1055.7510237074162
327367,842.5373511350373
327368,379.956744512934
327369,475.1092671574321
327370,49.79371699340982
327371,1211.332191545602
327372,998.1185189732232
327373,535.5379123511198
327374,630.690434995618
327375,-1178.1005344406262
327376,-16.562059888434078
327377,-229.77573246081283
327378,-692.3563390829163
327379,-597.203816438418
327380,-730.6797957455597
327381,430.8586788066325
327382,217.64500623425374
327383,-244.9356003878496
327384,-149.78307774335144
327385,-575.0986279073738
327386,586.4398466448183
327387,373.2261740724395
327388,-89.3544325496639
327389,5.798090094834379
327390,328.0633480469325
327391,1489.6018225991245
327392,1276.3881500267457
327393,813.8075434046425
327394,908.9600660491408
327395,775.4840867419991
327396,1937.0225612941913
327397,1723.8088887218125
327398,1261.228282099709
327399,1356.3808047442074
327400,931.065254580185
327401,2092.6037291323773
327402,1879.3900565599981
327403,1416.809449937895
327404,1511.9619725823932
327405,-232.414290264667
327406,929.1241842875249
327407,715.9105117151463
327408,253.3299050930429
327409,348.48242773754106
327410,215.0064484303996
327411,1376.5449229825917
327412,1163.3312504102128
327413,700.7506437881095
327414,795.9031664326077
327415,370.5876162685854
327416,1532.1260908207773
327417,1318.9124182483988
327418,856.3318116262953
327419,951.4843342707935
327420,-343.01059068623886
327421,818.5278838659533
327422,605.3142112935745
327423,142.7336046714712
327424,237.88612731596936
327425,104.41014800882783
327426,1265.9486225610199
327427,1052.7349499886411
327428,590.1543433665379
327429,685.306866011036
327430,259.99131584701365
327431,1421.5297903992057
327432,1208.316117826827
327433,745.7355112047237
327434,840.8880338492219
327435,-334.9372527449625
327436,826.6012218072296
327437,613.3875492348509
327438,150.80694261274743
327439,245.9594652572457
327440,112.48348595010407
327441,1274.0219605022962
327442,1060.8082879299175
327443,598.2276813078142
327444,693.3802039523123
327445,268.06465378829
327446,1429.603128340482
327447,1216.3894557681033
327448,753.808849146
327449,848.9613717904981
327450,-540.8689410665668
327451,620.6695334856253
327452,407.45586091324657
327453,-55.12474570885672
327454,40.02777693564144
327455,-93.44820237150032
327456,1068.090272180692
327457,854.8765996083131
327458,392.2959929862098
327459,487.44851563070796
327460,62.13296546668562
327461,1223.6714400188775
327462,1010.457767446499
327463,547.8771608243956
327464,643.0296834688938
327465,-1165.7612859673507
327466,-4.2228114151583895
327467,-217.43648398753714
327468,-680.0170906096405
327469,-584.8645679651424
327470,-718.3405472722839
327471,443.1979272799082
327472,229.98425470752954
327473,-232.5963519145738
327474,-137.44382927007564
327475,-562.759379434098
327476,598.779095118094
327477,385.5654225457153
327478,-77.01518407638798
327479,18.13733856811018
327480,340.40259652020825
327481,1501.9410710724005
327482,1288.7273985000215
327483,826.1467918779183
327484,921.2993145224165
327485,787.8233352152748
327486,1949.3618097674669
327487,1736.148137195088
327488,1273.5675305729849
327489,1368.720053217483
327490,943.4045030534608
327491,2104.942977605653
327492,1891.7293050332742
327493,1429.1486984111707
327494,1524.301221055669
327495,-220.0750417913913
327496,941.4634327608007
327497,728.2497601884221
327498,265.6691535663187
327499,360.82167621081686
327500,227.34569690367528
327501,1388.8841714558673
327502,1175.6704988834886
327503,713.0898922613853
327504,808.2424149058835
327505,382.9268647418612
327506,1544.4653392940531
327507,1331.2516667216746
327508,868.6710600995712
327509,963.8235827440694
327510,-330.67134221296305
327511,830.8671323392291
327512,617.6534597668503
327513,155.072853144747
327514,250.22537578924516
327515,116.74939648210375
327516,1278.2878710342957
327517,1065.074198461917
327518,602.4935918398137
327519,697.6461144843117
327520,272.33056432028945
327521,1433.8690388724815
327522,1220.6553663001027
327523,758.0747596779995
327524,853.2272823224977
327525,-322.5980042716867
327526,838.9404702805053
327527,625.7267977081267
327528,163.14619108602324
327529,258.29871373052146
327530,124.82273442337998
327531,1286.361208975572
327532,1073.1475364031933
327533,610.56692978109
327534,705.7194524255881
327535,280.4039022615658
327536,1441.9423768137578
327537,1228.728704241379
327538,766.1480976192757
327539,861.3006202637739
327540,-528.529692593291
327541,633.0087819589011
327542,419.7951093865223
327543,-42.78549723558103
327544,52.36702540891713
327545,-81.1089538982244
327546,1080.4295206539678
327547,867.2158480815889
327548,404.6352414594856
327549,499.7877641039837
327550,74.47221393996142
327551,1236.0106884921533
327552,1022.7970159197748
327553,560.2164092976714
327554,655.3689319421696
327555,-1153.4220374940749
327556,8.116437058117413
327557,-205.09723551426134
327558,-667.6778421363649
327559,-572.5253194918666
327560,-706.001298799008
327561,455.53717575318404
327562,242.3235031808053
327563,-220.257103441298
327564,-125.10458079679995
327565,-550.4201309608222
327566,611.1183435913698
327567,397.90467101899117
327568,-64.6759356031123
327569,30.47658704138587
327570,352.7418449934841
327571,1514.280319545676
327572,1301.0666469732973
327573,838.4860403511941
327574,933.6385629956922
327575,800.1625836885507
327576,1961.7010582407427
327577,1748.487385668364
327578,1285.9067790462607
327579,1381.0593016907587
327580,955.7437515267366
327581,2117.282226078929
327582,1904.06855350655
327583,1441.4879468844465
327584,1536.6404695289448
327585,-207.7357933181156
327586,953.8026812340765
327587,740.5890086616978
327588,278.00840203959444
327589,373.16092468409266
327590,239.68494537695108
327591,1401.2234199291431
327592,1188.0097473567644
327593,725.4291407346611
327594,820.5816633791593
327595,395.2661132151369
327596,1556.804587767329
327597,1343.5909151949504
327598,881.010308572847
327599,976.1628312173451
327600,-318.33209373968725
327601,843.2063808125049
327602,629.9927082401261
327603,167.41210161802292
327604,262.56462426252097
327605,129.08864495537955
327606,1290.6271195075715
327607,1077.4134469351927
327608,614.8328403130895
327609,709.9853629575875
327610,284.66981279356526
327611,1446.2082873457575
327612,1232.9946147733785
327613,770.4140081512753
327614,865.5665307957735
327615,-310.2587557984109
327616,851.2797187537813
327617,638.0660461814025
327618,175.48543955929915
327619,270.6379622037973
327620,137.16198289665567
327621,1298.7004574488478
327622,1085.486784876469
327623,622.9061782543657
327624,718.0587008988639
327625,292.7431507348416
327626,1454.2816252870336
327627,1241.067952714655
327628,778.4873460925515
327629,873.6398687370497
327630,-516.1904441200152
327631,645.3480304321769
327632,432.1343578597981
327633,-30.44624876230523
327634,64.70627388219305
327635,-68.7697054249486
327636,1092.7687691272436
327637,879.5550965548647
327638,416.9744899327614
327639,512.1270125772595
327640,86.81146241323722
327641,1248.3499369654294
327642,1035.1362643930506
327643,572.5556577709472
327644,667.7081804154454
327645,-1141.0827890207988
327646,20.45568553139333
327647,-192.75798704098543
327648,-655.3385936630889
327649,-560.1860710185906
327650,-693.6620503257323
327651,467.87642422645985
327652,254.6627516540811
327653,-207.9178549680222
327654,-112.76533232352404
327655,-538.0808824875464
327656,623.4575920646457
327657,410.2439194922669
327658,-52.33668712983649
327659,42.815835514661785
327660,365.0810934667599
327661,1526.619568018952
327662,1313.4058954465731
327663,850.8252888244699
327664,945.977811468968
327665,812.5018321618265
327666,1974.0403067140185
327667,1760.8266341416397
327668,1298.2460275195365
327669,1393.3985501640345
327670,968.0830000000124
327671,2129.6214745522047
327672,1916.4078019798255
327673,1453.8271953577223
327674,1548.9797180022206
327675,-195.39654484483958
327676,966.1419297073523
327677,752.9282571349737
327678,290.3476505128703
327679,385.50017315736847
327680,252.02419385022694
327681,1413.5626684024191
327682,1200.3489958300402
327683,737.7683892079369
327684,832.9209118524351
327685,407.6053616884128
327686,1569.1438362406047
327687,1355.9301636682262
327688,893.3495570461228
327689,988.5020796906209
327690,-229.4607402676843
327691,932.0777342845078
327692,718.864061712129
327693,256.2834550900257
327694,351.4359777345239
327695,217.9599984273824
327696,1379.4984729795742
327697,1166.2848004071957
327698,703.7041937850923
327699,798.8567164295905
327700,373.54116626556805
327701,1535.0796408177603
327702,1321.8659682453815
327703,859.285361623278
327704,954.4378842677763
327705,-221.38740232640794
327706,940.151072225784
327707,726.9373996534054
327708,264.356793031302
327709,359.50931567580017
327710,226.03333636865875
327711,1387.5718109208506
327712,1174.358138348472
327713,711.7775317263686
327714,806.9300543708667
327715,381.6145042068445
327716,1543.1529787590366
327717,1329.9393061866579
327718,867.3586995645544
327719,962.5112222090526
327720,-427.31909064801243
327721,734.2193839041797
327722,521.005711331801
327723,58.425104709697735
327724,153.5776273541959
327725,20.10164804705414
327726,1181.6401225992463
327727,968.4264500268675
327728,505.84584340476425
327729,600.9983660492624
327730,175.68281588524007
327731,1337.2212904374323
327732,1124.0076178650534
327733,661.42701124295
327734,756.5795338874482
327735,-1052.2114355487959
327736,109.32703900339607
327737,-103.88663356898257
327738,-566.4672401910859
327739,-471.3147175465879
327740,-604.7906968537293
327741,556.7477776984626
327742,343.53410512608394
327743,-119.04650149601935
327744,-23.893978851521183
327745,-449.2095290155437
327746,712.3289455366485
327747,499.11527296426976
327748,36.534666342166474
327749,131.68718898666464
327750,453.95244693876276
327751,1615.4909214909549
327752,1402.277248918576
327753,939.6966422964729
327754,1034.849164940971
327755,901.3731856338293
327756,2062.9116601860214
327757,1849.6979876136427
327758,1387.1173809915394
327759,1482.2699036360377
327760,1056.954353472015
327761,2218.4928280242075
327762,2005.2791554518287
327763,1542.6985488297253
327764,1637.8510714742233
327765,-106.52519137283684
327766,1055.0132831793553
327767,841.7996106069766
327768,379.2190039848732
327769,474.3715266293714
327770,340.8955473222298
327771,1502.434021874422
327772,1289.2203493020431
327773,826.6397426799399
327774,921.792265324438
327775,496.4767151604156
327776,1658.0151897126077
327777,1444.801517140229
327778,982.2209105181256
327779,1077.3734331626238
327780,-217.12149179440848
327781,944.4169827577836
327782,731.2033101854048
327783,268.6227035633015
327784,363.7752262077997
327785,230.2992469006582
327786,1391.8377214528502
327787,1178.6240488804715
327788,716.0434422583681
327789,811.1959649028663
327790,385.88041473884397
327791,1547.418889291036
327792,1334.205216718657
327793,871.624610096554
327794,966.7771327410521
327795,-209.04815385313213
327796,952.4903206990598
327797,739.276648126681
327798,276.6960415045778
327799,371.84856414907597
327800,238.37258484193444
327801,1399.9110593941264
327802,1186.6973868217478
327803,724.1167801996444
327804,819.2693028441425
327805,393.9537526801203
327806,1555.4922272323124
327807,1342.2785546599334
327808,879.6979480378302
327809,974.8504706823285
327810,-414.97984217473663
327811,746.5586323774555
327812,533.3449598050768
327813,70.76435318297342
327814,165.91687582747159
327815,32.44089652033006
327816,1193.979371072522
327817,980.7656985001433
327818,518.1850918780401
327819,613.3376145225382
327820,188.022064358516
327821,1349.560538910708
327822,1136.3468663383292
327823,673.7662597162259
327824,768.918782360724
327825,-1039.87218707552
327826,121.66628747667187
327827,-91.54738509570689
327828,-554.1279917178101
327829,-458.97546907331207
327830,-592.4514483804535
327831,569.0870261717384
327832,355.8733535993598
327833,-106.70725302274354
327834,-11.554730378245495
327835,-436.8702805422679
327836,724.6681940099243
327837,511.45452143754557
327838,48.87391481544216
327839,144.02643745994033
327840,466.2916954120386
327841,1627.8301699642307
327842,1414.616497391852
327843,952.0358907697486
327844,1047.1884134142467
327845,913.7124341071052
327846,2075.2509086592972
327847,1862.0372360869185
327848,1399.4566294648153
327849,1494.6091521093133
327850,1069.2936019452911
327851,2230.8320764974833
327852,2017.6184039251043
327853,1555.037797303001
327854,1650.1903199474991
327855,-94.18594289956104
327856,1067.3525316526311
327857,854.1388590802522
327858,391.55825245814896
327859,486.7107751026471
327860,353.23479579550553
327861,1514.7732703476977
327862,1301.559597775319
327863,838.9789911532156
327864,934.1315137977138
327865,508.8159636336914
327866,1670.3544381858835
327867,1457.1407656135048
327868,994.5601589914014
327869,1089.7126816358996
327870,-367.6806231973719
327871,793.8578513548201
327872,580.6441787824414
327873,118.06357216033803
327874,213.2160948048362
327875,79.74011549769477
327876,1241.2785900498866
327877,1028.064917477508
327878,565.4843108554046
327879,660.6368334999028
327880,235.32128333588048
327881,1396.8597578880726
327882,1183.6460853156939
327883,721.0654786935905
327884,816.2180013380887
327885,-359.60728525609557
327886,801.9311892960964
327887,588.7175167237177
327888,126.13691010161438
327889,221.28943274611254
327890,87.81345343897101
327891,1249.351927991163
327892,1036.1382554187844
327893,573.557648796681
327894,668.7101714411791
327895,243.39462127715683
327896,1404.933095829349
327897,1191.71942325697
327898,729.1388166348668
327899,824.2913392793649
327900,-565.5389735777001
327901,595.9995009744921
327902,382.78582840211334
327903,-79.79477821999001
327904,15.357744424508155
327905,-118.11823488263337
327906,1043.4202396695587
327907,830.2065670971799
327908,367.6259604750766
327909,462.77848311957473
327910,37.462932955552446
327911,1199.0014075077445
327912,985.7877349353657
327913,523.2071283132625
327914,618.3596509577606
327915,-1190.4313184784835
327916,-28.89284392629156
327917,-242.10651649867032
327918,-704.6871231207735
327919,-609.5346004762755
327920,-743.0105797834169
327921,418.52789476877507
327922,205.31422219639626
327923,-257.266384425707
327924,-162.11386178120893
327925,-587.4294119452313
327926,574.1090626069608
327927,360.8953900345821
327928,-101.68521658752127
327929,-6.532693943023105
327930,315.73256400907513
327931,1477.2710385612672
327932,1264.0573659888885
327933,801.476759366785
327934,896.6292820112833
327935,763.1533027041418
327936,1924.6917772563338
327937,1711.478104683955
327938,1248.8974980618516
327939,1344.0500207063499
327940,918.7344705423276
327941,2080.27294509452
327942,1867.0592725221409
327943,1404.4786659000374
327944,1499.6311885445357
327945,-244.74507430252447
327946,916.7934002496676
327947,703.5797276772888
327948,240.99912105518547
327949,336.1516436996837
327950,202.67566439254222
327951,1364.2141389447343
327952,1151.0004663723555
327953,688.4198597502522
327954,783.5723823947503
327955,358.25683223072804
327956,1519.79530678292
327957,1306.5816342105413
327958,844.001027588438
327959,939.1535502329361
327960,-355.34137472409634
327961,806.1970998280959
327962,592.9834272557172
327963,130.40282063361383
327964,225.555343278112
327965,92.07936397097046
327966,1253.6178385231624
327967,1040.4041659507839
327968,577.8235593286804
327969,672.9760819731786
327970,247.66053180915628
327971,1409.1990063613484
327972,1195.9853337889697
327973,733.4047271668663
327974,828.5572498113645
327975,-347.26803678282
327976,814.2704377693722
327977,601.0567651969934
327978,138.47615857489018
327979,233.62868121938823
327980,100.1527019122467
327981,1261.6911764644387
327982,1048.4775038920602
327983,585.8968972699568
327984,681.0494199144549
327985,255.73386975043263
327986,1417.2723443026246
327987,1204.0586717302458
327988,741.4780651081426
327989,836.6305877526407
327990,-553.1997251044243
327991,608.3387494477679
327992,395.12507687538914
327993,-67.45552974671409
327994,27.69699289778407
327995,-105.77898640935769
327996,1055.7594881428345
327997,842.5458155704557
327998,379.96520894835237
327999,475.11773159285053
328000,49.80218142882825
328001,1211.3406559810203
328002,998.1269834086415
328003,535.5463767865382
328004,630.6988994310364
328005,-1178.092070005208
328006,-16.55359545301576
328007,-229.76726802539451
328008,-692.347874647498
328009,-597.1953520029997
328010,-730.6713313101411
328011,430.8671432420508
328012,217.65347066967217
328013,-244.92713595243117
328014,-149.774613307933
328015,-575.0901634719555
328016,586.4483110802366
328017,373.2346385078579
328018,-89.34596811424535
328019,5.806554530252811
328020,328.0718124823509
328021,1489.610287034543
328022,1276.396614462164
328023,813.8160078400608
328024,908.9685304845591
328025,775.4925511774175
328026,1937.0310257296096
328027,1723.8173531572309
328028,1261.2367465351274
328029,1356.3892691796257
328030,931.0737190156034
328031,2092.6121935677957
328032,1879.3985209954167
328033,1416.8179143733132
328034,1511.9704370178115
328035,-232.40582582924867
328036,929.1326487229434
328037,715.9189761505646
328038,253.33836952846127
328039,348.49089217295943
328040,215.0149128658179
328041,1376.55338741801
328042,1163.3397148456313
328043,700.759108223528
328044,795.9116308680261
328045,370.59608070400384
328046,1532.1345552561957
328047,1318.9208826838171
328048,856.3402760617138
328049,951.4927987062119
328050,-343.00212625082054
328051,818.5363483013716
328052,605.3226757289929
328053,142.74206910688963
328054,237.8945917513878
328055,104.41861244424626
328056,1265.9570869964382
328057,1052.7434144240597
328058,590.1628078019562
328059,685.3153304464544
328060,259.99978028243197
328061,1421.5382548346242
328062,1208.3245822622455
328063,745.743975640142
328064,840.8964982846402
328065,-334.9287883095442
328066,826.609686242648
328067,613.3960136702692
328068,150.81540704816587
328069,245.96792969266403
328070,112.4919503855225
328071,1274.0304249377145
328072,1060.8167523653358
328073,598.2361457432326
328074,693.3886683877307
328075,268.0731182237083
328076,1429.6115927759006
328077,1216.3979202035216
328078,753.8173135814184
328079,848.9698362259165
328080,-540.8604766311485
328081,620.6779979210437
328082,407.4643253486649
328083,-55.1162812734384
328084,40.03624137105976
328085,-93.43973793608188
328086,1068.0987366161103
328087,854.8850640437315
328088,392.3044574216282
328089,487.45698006612633
328090,62.14142990210394
328091,1223.679904454296
328092,1010.4662318819173
328093,547.885625259814
328094,643.0381479043122
328095,-1165.7528215319323
328096,-4.2143469797399575
328097,-217.4280195521187
328098,-680.0086261742222
328099,-584.8561035297241
328100,-718.3320828368655
328101,443.2063917153266
328102,229.99271914294786
328103,-232.58788747915548
328104,-137.43536483465732
328105,-562.7509149986797
328106,598.7875595535124
328107,385.57388698113374
328108,-77.00671964096966
328109,18.1458030035285
328110,340.4110609556266
328111,1501.9495355078188
328112,1288.73586293544
328113,826.1552563133366
328114,921.3077789578349
328115,787.8317996506933
328116,1949.3702742028854
328117,1736.1566016305067
328118,1273.5759950084034
328119,1368.7285176529015
328120,943.4129674888791
328121,2104.9514420410715
328122,1891.7377694686925
328123,1429.157162846589
328124,1524.3096854910873
328125,-220.06657735597287
328126,941.4718971962192
328127,728.2582246238404
328128,265.6776180017371
328129,360.83014064623524
328130,227.3541613390937
328131,1388.8926358912859
328132,1175.678963318907
328133,713.0983566968038
328134,808.2508793413019
328135,382.9353291772795
328136,1544.4738037294717
328137,1331.260131157093
328138,868.6795245349896
328139,963.8320471794877
328140,-330.6628777775445
328141,830.8755967746475
328142,617.6619242022688
328143,155.08131758016543
328144,250.2338402246636
328145,116.75786091752218
328146,1278.296335469714
328147,1065.0826628973355
328148,602.502056275232
328149,697.6545789197302
328150,272.3390287557079
328151,1433.8775033079
328152,1220.6638307355213
328153,758.0832241134178
328154,853.2357467579161
328155,-322.58953983626816
328156,838.9489347159238
328157,625.7352621435451
328158,163.15465552144178
328159,258.3071781659399
328160,124.83119885879842
328161,1286.3696734109903
328162,1073.1560008386118
328163,610.5753942165084
328164,705.7279168610065
328165,280.41236669698424
328166,1441.9508412491764
328167,1228.7371686767974
328168,766.1565620546942
328169,861.3090846991923
328170,-528.5212281578727
328171,633.0172463943195
328172,419.80357382194074
328173,-42.7770328001626
328174,52.37548984433556
328175,-81.10048946280597
328176,1080.437985089386
328177,867.2243125170073
328178,404.64370589490403
328179,499.79622853940214
328180,74.48067837537985
328181,1236.019152927572
328182,1022.8054803551931
328183,560.2248737330898
328184,655.377396377588
328185,-1153.413573058656
328186,8.124901493535845
328187,-205.0887710788429
328188,-667.6693777009461
328189,-572.5168550564481
328190,-705.9928343635895
328191,455.5456401886025
328192,242.33196761622372
328193,-220.24863900587957
328194,-125.09611636138152
328195,-550.4116665254039
328196,611.1268080267882
328197,397.9131354544095
328198,-64.66747116769386
328199,30.4850514768043
328200,352.75030942890254
328201,1514.2887839810946
328202,1301.0751114087159
328203,838.4945047866124
328204,933.6470274311107
328205,800.1710481239692
328206,1961.7095226761612
328207,1748.4958501037825
328208,1285.9152434816792
328209,1381.0677661261773
328210,955.752215962155
328211,2117.2906905143473
328212,1904.0770179419683
328213,1441.4964113198648
328214,1536.648933964363
328215,-207.72732888269707
328216,953.811145669495
328217,740.5974730971162
328218,278.0168664750129
328219,373.1693891195111
328220,239.6934098123695
328221,1401.2318843645617
328222,1188.018211792183
328223,725.4376051700796
328224,820.5901278145777
328225,395.27457765055533
328226,1556.8130522027475
328227,1343.5993796303687
328228,881.0187730082654
328229,976.1712956527635
328230,-318.32362930426893
328231,843.2148452479232
328232,630.0011726755446
328233,167.42056605344123
328234,262.5730886979394
328235,129.09710939079787
328236,1290.6355839429898
328237,1077.4219113706113
328238,614.8413047485078
328239,709.993827393006
328240,284.6782772289837
328241,1446.2167517811758
328242,1233.0030792087969
328243,770.4224725866937
328244,865.5749952311919
328245,-310.2502913629926
328246,851.2881831891996
328247,638.0745106168208
328248,175.49390399471747
328249,270.6464266392157
328250,137.1704473320741
328251,1298.7089218842661
328252,1085.4952493118876
328253,622.9146426897842
328254,718.0671653342823
328255,292.75161517026004
328256,1454.290089722452
328257,1241.0764171500732
328258,778.49581052797
328259,873.6483331724681
328260,-516.1819796845969
328261,645.3564948675953
328262,432.14282229521655
328263,-30.437784326886685
328264,64.71473831761136
328265,-68.76124098953028
328266,1092.7772335626619
328267,879.5635609902831
328268,416.9829543681798
328269,512.1354770126779
328270,86.81992684865565
328271,1248.3584014008477
328272,1035.144728828469
328273,572.5641222063656
328274,667.7166448508638
328275,-1141.0743245853805
328276,20.464149966811647
328277,-192.7495226055671
328278,-655.3301292276706
328279,-560.1776065831723
328280,-693.6535858903137
328281,467.88488866187816
328282,254.67121608949952
328283,-207.90939053260377
328284,-112.7568678881056
328285,-538.0724180521281
328286,623.466056500064
328287,410.2523839276853
328288,-52.328222694417946
328289,42.8242999500801
328290,365.0895579021783
328291,1526.6280324543704
328292,1313.4143598819915
328293,850.8337532598882
328294,945.9862759043864
328295,812.5102965972449
328296,1974.0487711494368
328297,1760.835098577058
328298,1298.2544919549548
328299,1393.4070145994529
328300,968.0914644354308
328301,2129.629938987623
328302,1916.416266415244
328303,1453.8356597931406
328304,1548.988182437639
328305,-195.38808040942126
328306,966.1503941427708
328307,752.936721570392
328308,290.3561149482887
328309,385.50863759278684
328310,252.0326582856453
328311,1413.5711328378375
328312,1200.3574602654587
328313,737.7768536433554
328314,832.9293762878535
328315,407.61382612383125
328316,1569.152300676023
328317,1355.9386281036445
328318,893.3580214815412
328319,988.5105441260393
328320,-229.45227583226597
328321,932.0861987199262
328322,718.8725261475474
328323,256.2919195254441
328324,351.44444216994225
328325,217.96846286280072
328326,1379.5069374149928
328327,1166.293264842614
328328,703.7126582205107
328329,798.8651808650088
328330,373.5496307009865
328331,1535.0881052531786
328332,1321.8744326807998
328333,859.2938260586966
328334,954.4463487031946
328335,-221.3789378909895
328336,940.1595366612024
328337,726.9458640888237
328338,264.3652574667204
328339,359.51778011121854
328340,226.04180080407707
328341,1387.580275356269
328342,1174.3666027838904
328343,711.785996161787
328344,806.9385188062852
328345,381.62296864226295
328346,1543.161443194455
328347,1329.9477706220762
328348,867.3671639999728
328349,962.519686644471
328350,-427.3106262125941
328351,734.2278483395982
328352,521.0141757672193
328353,58.43356914511605
328354,153.58609178961422
328355,20.110112482472573
328356,1181.6485870346646
328357,968.434914462286
328358,505.8543078401827
328359,601.0068304846808
328360,175.6912803206585
328361,1337.2297548728507
328362,1124.0160823004717
328363,661.4354756783684
328364,756.5879983228666
328365,-1052.2029711133775
328366,109.3355034388145
328367,-103.87816913356426
328368,-566.4587757556676
328369,-471.30625311116955
328370,-604.782232418311
328371,556.7562421338811
328372,343.5425695615024
328373,-119.03803706060103
328374,-23.885514416102865
328375,-449.2010645801254
328376,712.3374099720669
328377,499.12373739968814
328378,36.54313077758479
328379,131.69565342208296
328380,453.96091137418114
328381,1615.4993859263732
328382,1402.2857133539944
328383,939.7051067318912
328384,1034.8576293763895
328385,901.3816500692477
328386,2062.9201246214398
328387,1849.706452049061
328388,1387.1258454269578
328389,1482.278368071456
328390,1056.9628179074336
328391,2218.501292459626
328392,2005.287619887247
328393,1542.7070132651436
328394,1637.8595359096419
328395,-106.51672693741841
328396,1055.0217476147736
328397,841.8080750423949
328398,379.2274684202916
328399,474.37999106478975
328400,340.9040117576482
328401,1502.4424863098402
328402,1289.2288137374617
328403,826.6482071153582
328404,921.8007297598564
328405,496.48517959583404
328406,1658.023654148026
328407,1444.8099815756473
328408,982.229374953544
328409,1077.381897598042
328410,-217.11302735899005
328411,944.425447193202
328412,731.2117746208232
328413,268.63116799871995
328414,363.7836906432181
328415,230.30771133607664
328416,1391.8461858882686
328417,1178.6325133158898
328418,716.0519066937865
328419,811.2044293382846
328420,385.88887917426234
328421,1547.4273537264544
328422,1334.2136811540756
328423,871.6330745319724
328424,966.7855971764704
328425,-209.0396894177137
328426,952.4987851344783
328427,739.2851125620995
328428,276.70450593999624
328429,371.8570285844944
328430,238.38104927735287
328431,1399.919523829545
328432,1186.7058512571662
328433,724.1252446350628
328434,819.277767279561
328435,393.9622171155387
328436,1555.5006916677307
328437,1342.287019095352
328438,879.7064124732486
328439,974.8589351177468
328440,-414.9713777393181
328441,746.567096812874
328442,533.3534242404951
328443,70.77281761839185
328444,165.92534026289002
328445,32.44936095574849
328446,1193.9878355079404
328447,980.7741629355618
328448,518.1935563134584
328449,613.3460789579566
328450,188.0305287939343
328451,1349.5690033461265
328452,1136.3553307737475
328453,673.7747241516443
328454,768.9272467961424
328455,-1039.8637226401017
328456,121.6747519120903
328457,-91.53892066028845
328458,-554.1195272823918
328459,-458.96700463789375
328460,-592.4429839450352
328461,569.0954906071569
328462,355.8818180347781
328463,-106.69878858732523
328464,-11.546265942827063
328465,-436.86181610684935
328466,724.6766584453427
328467,511.46298587296394
328468,48.882379250860595
328469,144.03490189535876
328470,466.30015984745705
328471,1627.838634399649
328472,1414.6249618272702
328473,952.044355205167
328474,1047.1968778496653
328475,913.7208985425236
328476,2075.2593730947156
328477,1862.0457005223368
328478,1399.4650939002336
328479,1494.6176165447318
328480,1069.3020663807094
328481,2230.8405409329016
328482,2017.6268683605228
328483,1555.0462617384194
328484,1650.1987843829174
328485,-94.17747846414261
328486,1067.3609960880494
328487,854.1473235156707
328488,391.5667168935674
328489,486.71923953806555
328490,353.24326023092397
328491,1514.781734783116
328492,1301.5680622107373
328493,838.987455588634
328494,934.1399782331322
328495,508.8244280691098
328496,1670.3629026213018
328497,1457.149230048923
328498,994.5686234268198
328499,1089.721146071318
328500,-367.6721587619536
328501,793.8663157902384
328502,580.6526432178598
328503,118.07203659575646
328504,213.22455924025462
328505,79.74857993311309
328506,1241.287054485305
328507,1028.0733819129264
328508,565.492775290823
328509,660.6452979353212
328510,235.3297477712989
328511,1396.868222323491
328512,1183.6545497511122
328513,721.073943129009
328514,816.226465773507
328515,-359.59882082067725
328516,801.9396537315148
328517,588.725981159136
328518,126.1453745370327
328519,221.29789718153086
328520,87.82191787438933
328521,1249.3603924265813
328522,1036.1467198542027
328523,573.5661132320994
328524,668.7186358765975
328525,243.40308571257526
328526,1404.9415602647673
328527,1191.7278876923885
328528,729.1472810702852
328529,824.2998037147834
328530,-565.5305091422815
328531,596.0079654099104
328532,382.79429283753177
328533,-79.78631378457158
328534,15.366208859926587
328535,-118.10977044721494
328536,1043.428704104977
328537,830.2150315325983
328538,367.634424910495
328539,462.78694755499316
328540,37.47139739097088
328541,1199.0098719431628
328542,985.7961993707842
328543,523.2155927486808
328544,618.368115393179
328545,-1190.4228540430652
328546,-28.884379490873243
328547,-242.098052063252
328548,-704.6786586853552
328549,-609.5261360408572
328550,-743.0021153479986
328551,418.5363592041934
328552,205.3226866318147
328553,-257.25791999028854
328554,-162.10539734579038
328555,-587.4209475098128
328556,574.1175270423792
328557,360.9038544700005
328558,-101.67675215210284
328559,-6.524229507604673
328560,315.7410284444935
328561,1477.2795029966856
328562,1264.0658304243068
328563,801.4852238022034
328564,896.6377464467016
328565,763.1617671395601
328566,1924.7002416917521
328567,1711.4865691193734
328568,1248.9059624972701
328569,1344.0584851417682
328570,918.742934977746
328571,2080.281409529938
328572,1867.0677369575594
328573,1404.487130335456
328574,1499.639652979954
328575,-244.73660986710604
328576,916.801864685086
328577,703.5881921127072
328578,241.0075854906039
328579,336.16010813510206
328580,202.68412882796054
328581,1364.2226033801526
328582,1151.0089308077738
328583,688.4283241856706
328584,783.5808468301686
328585,358.26529666614647
328586,1519.8037712183384
328587,1306.5900986459596
328588,844.0094920238564
328589,939.1620146683545
328590,-355.3329102886778
328591,806.2055642635144
328592,592.9918916911356
328593,130.41128506903215
328594,225.5638077135303
328595,92.0878284063889
328596,1253.626302958581
328597,1040.4126303862022
328598,577.8320237640988
328599,672.984546408597
328600,247.66899624457466
328601,1409.2074707967668
328602,1195.993798224388
328603,733.4131916022848
328604,828.5657142467828
328605,-347.25957234740144
328606,814.2789022047906
328607,601.0652296324118
328608,138.4846230103085
328609,233.63714565480666
328610,100.16116634766513
328611,1261.6996408998573
328612,1048.4859683274785
328613,585.9053617053752
328614,681.0578843498733
328615,255.742334185851
328616,1417.280808738043
328617,1204.0671361656644
328618,741.486529543561
328619,836.6390521880592
328620,-553.1912606690059
328621,608.3472138831862
328622,395.13354131080746
328623,-67.44706531129577
328624,27.70545733320239
328625,-105.77052197393925
328626,1055.7679525782528
328627,842.5542800058741
328628,379.9736733837708
328629,475.12619602826896
328630,49.81064586424668
328631,1211.3491204164388
328632,998.13544784406
328633,535.5548412219566
328634,630.7073638664548
328635,-1178.0836055697896
328636,-16.545131017597328
328637,-229.75880358997608
328638,-692.3394102120797
328639,-597.1868875675814
328640,-730.6628668747228
328641,430.87560767746936
328642,217.6619351050905
328643,-244.91867151701285
328644,-149.7661488725147
328645,-575.0816990365372
328646,586.4567755156552
328647,373.2431029432763
328648,-89.33750367882703
328649,5.815018965671129
328650,328.08027691776925
328651,1489.6187514699614
328652,1276.4050788975826
328653,813.8244722754793
328654,908.9769949199774
328655,775.5010156128359
328656,1937.0394901650282
328657,1723.8258175926494
328658,1261.245210970546
328659,1356.3977336150442
328660,931.0821834510218
328661,2092.620658003214
328662,1879.406985430835
328663,1416.8263788087318
328664,1511.97890145323
328665,-232.39736139383035
328666,929.1411131583618
328667,715.927440585983
328668,253.34683396387965
328669,348.4993566083778
328670,215.02337730123634
328671,1376.5618518534284
328672,1163.3481792810496
328673,700.7675726589464
328674,795.9200953034444
328675,370.6045451394222
328676,1532.1430196916144
328677,1318.9293471192354
328678,856.3487404971322
328679,951.5012631416303
