id,num_sold
230130,731.7715273037851
230131,864.3703437020364
230132,770.1550541858115
230133,414.9809953037849
230134,510.61301061500427
230135,237.79077118173078
230136,1722.5517703064406
230137,1493.4127945249452
230138,771.0434454442205
230139,950.8035339192454
230140,301.3709620299605
230141,2012.5085177821757
230142,1735.650043884818
230143,923.9506112122262
230144,1141.4957942355375
230145,179.30357247018213
230146,899.363940878954
230147,795.2368188500665
230148,438.8751929414559
230149,535.0276331041036
230150,250.8651446302927
230151,1781.0847518594342
230152,1548.8980322493253
230153,815.6491878925667
230154,989.7657528494741
230155,327.27102375695586
230156,2091.3470214326485
230157,1801.424490100197
230158,969.510356523212
230159,1181.4120160284065
230160,134.3162516224264
230161,664.9560627476268
230162,600.7535975473188
230163,320.68120374925013
230164,375.19966707441347
230165,185.32585595458218
230166,1261.40092889867
230167,1123.204909469787
230168,581.8114989718599
230169,700.7905313214463
230170,261.074895253844
230171,1496.7375660176835
230172,1316.1705452791593
230173,725.210599411506
230174,870.9159881607233
230175,705.9797679266534
230176,76.78064030463597
230177,86.47040861442454
230178,41.71600835275183
230179,22.92638618050368
230180,-70.91267137561506
230181,95.2661001757155
230182,117.71570709688254
230183,49.67255288775949
230184,64.63890680909684
230185,-24.91968082528941
230186,124.93259207205031
230187,139.36150833764862
230188,74.0261224619754
230189,75.01906029267046
230190,261.49136668250173
230191,1434.4964546527976
230192,1287.5303408961663
230193,694.8793457950499
230194,831.6133039105032
230195,500.29257529091757
230196,2951.4784234779067
230197,2569.5194184255943
230198,1372.7193213292458
230199,1661.827055799707
230200,586.5721670003132
230201,3473.871828655498
230202,3041.3249217071366
230203,1609.2530348325784
230204,1938.7866664453272
230205,199.69714034157505
230206,1153.179033284999
230207,1014.2478737843968
230208,527.4653980880514
230209,656.5729602022743
230210,367.2562659957893
230211,2195.018345430761
230212,1968.4629740218297
230213,1023.2933548686116
230214,1228.2963824929307
230215,436.00284551850143
230216,2600.0406184910726
230217,2287.639018876012
230218,1216.6367543675149
230219,1457.1140318466098
230220,745.2323478914566
230221,672.3750540142189
230222,600.8645152363673
230223,283.8539364312702
230224,365.94148736273036
230225,467.24154148913414
230226,1311.6609565599624
230227,1161.4837229824627
230228,591.9701963791514
230229,725.8108643661993
230230,282.29882574821704
230231,1549.1382561322657
230232,1358.4689361038172
230233,709.7970789276239
230234,850.5608392928871
230235,132.51953386637658
230236,692.2581825694623
230237,614.7443788449465
230238,306.25895504511294
230239,388.86693082800167
230240,213.9472106259402
230241,1358.7124519644851
230242,1206.138833012558
230243,631.3099191715166
230244,759.5070636404471
230245,265.17720191230404
230246,1612.0936950640641
230247,1405.4177355058148
230248,748.2925401072758
230249,883.4127769544215
230250,75.49594211027716
230251,485.8948721853708
230252,439.4339376374993
230253,228.0049952898513
230254,274.8071036252387
230255,132.41938798328022
230256,995.9357626190867
230257,879.7022435823858
230258,440.2922041248907
230259,518.5617954537602
230260,191.093280127067
230261,1166.0053032046176
230262,1005.3206232545143
230263,535.5817745360633
230264,620.7744582431474
230265,696.1925895257423
230266,26.728760465388145
230267,31.481413666467926
230268,1.5561799579889688
230269,4.690032040612606
230270,-21.788110252865238
230271,44.07734459349499
230272,60.3547891866519
230273,-0.8303441919617063
230274,10.53094105617518
230275,-69.06906566594463
230276,60.35382679213411
230277,75.41803380509458
230278,26.801112612699924
230279,24.75399766586143
230280,192.4149381751247
230281,1101.980274331924
230282,974.2445158410599
230283,519.4027417514463
230284,616.2047867951507
230285,383.9306302138602
230286,2185.5976757203816
230287,1959.8144426812594
230288,988.9948148813382
230289,1251.910813304001
230290,463.6050412727128
230291,2580.9649852817174
230292,2253.693383056223
230293,1160.890876092529
230294,1454.1772817644555
230295,155.79886897960546
230296,863.6872353450244
230297,744.7097240945292
230298,403.5930892176958
230299,508.1161050844991
230300,293.6151383502118
230301,1706.4093507161797
230302,1510.7033801553077
230303,795.9928115596789
230304,957.8918211202275
230305,347.28108919018985
230306,2011.81117700747
230307,1780.806353562169
230308,929.4870075620287
230309,1121.7564243718411
230310,742.9424287053757
230311,666.6888840676044
230312,595.1783452897525
230313,276.47943865500105
230314,351.92768238329325
230315,471.05886505778557
230316,1296.4107779713263
230317,1146.8187707058125
230318,575.616916272847
230319,712.5935948680445
230320,269.017430690883
230321,1533.8880775436296
230322,1343.803983827167
230323,693.4437988213195
230324,837.3435697947323
230325,127.62183168105264
230326,672.9754099139507
230327,600.1761267345416
230328,296.90250789469883
230329,372.8711764744196
230330,226.14822706660183
230331,1324.5003015174314
230332,1177.226429422597
230333,607.6093205415467
230334,744.3078447681473
230335,260.2794997269799
230336,1577.8815446170104
230337,1376.5053319158537
230338,724.5919414773059
230339,868.2135580821217
230340,70.59823992495335
230341,482.17074152521957
230342,435.7098069773481
230343,224.28086462970012
230344,264.44366576191953
230345,144.62040442394203
230346,986.0419379619589
230347,870.3936452372437
230348,430.9836057797485
230349,508.99489307172223
230350,186.19557794174312
230351,1156.1114785474892
230352,996.0120249093725
230353,526.2731761909213
230354,611.2075558611103
230355,704.5838786712376
230356,36.293621136055634
230357,41.046274337135394
230358,11.121040628656427
230359,7.615585508112084
230360,3.701897518615062
230361,47.47251126718549
230362,64.3351821723284
230363,3.150048793714788
230364,14.253030004956527
230365,-60.67777652044981
230366,63.74899346582465
230367,79.39842679077111
230368,30.781505598376437
230369,28.476086614642718
230370,174.47665245826835
230371,1083.941573336707
230372,956.2058148458432
230373,501.3640407562289
230374,591.5267785967661
230375,370.1389159548841
230376,2151.8151680527158
230377,1926.6171613255794
230378,955.7975335256585
230379,1228.0293405868981
230380,445.6667555558566
230381,2547.182477614051
230382,2220.496101700542
230383,1127.693594736849
230384,1430.2958090473526
230385,151.4871001968956
230386,857.8390649096791
230387,738.8615536591839
230388,397.74491878235045
230389,495.6286274459858
230390,293.4499410253822
230391,1692.4421677792416
230392,1497.3214235303556
230393,782.6108549347271
230394,946.2008789629963
230395,342.9693204074801
230396,1997.8439940705318
230397,1767.424396937217
230398,916.1050509370768
230399,1110.0654822146096
230400,744.7425792381222
230401,666.071614034941
230402,593.2741243292478
230403,275.50792206486125
230404,352.9310945626249
230405,472.85901559053207
230406,1289.6912237104907
230407,1138.8122655171355
230408,574.6453996827071
230409,713.597007047376
230410,270.6771896987422
230411,1527.0281317579067
230412,1335.6570871136028
230413,692.3318907062924
230414,838.2065904491765
230415,129.42198221379914
230416,672.3581398812872
230417,598.2719057740369
230418,295.93099130455903
230419,373.87458865375123
230420,227.94837759934828
230421,1317.7807472565958
230422,1169.21992423392
230423,606.6378039514068
230424,745.3112569474788
230425,261.9392587348391
230426,1571.0215988312873
230427,1368.3584352022892
230428,723.4800333622787
230429,869.0765787365659
230430,72.39839045769975
230431,481.55347149255624
230432,433.80558601684345
230433,223.30934803956026
230434,265.44707794125117
230435,146.42055495668833
230436,979.3223837011232
230437,862.3871400485667
230438,430.0120891896087
230439,509.9983052510538
230440,187.85533694960228
230441,1149.2515327617664
230442,987.8651281958082
230443,525.1612680758942
230444,612.0705765155545
230445,706.0999194648745
230446,35.39224136428286
230447,38.85794363752133
230448,9.865414299407174
230449,5.588898430915887
230450,9.894298636353714
230451,51.3805271975366
230452,66.9562471748382
230453,1.8944224644655345
230454,12.226342927760312
230455,-51.91803412247787
230456,65.10657070758106
230457,79.46905310468628
230458,26.975440580532517
230459,23.898960848851882
230460,171.0012742028972
230461,1078.0487745159262
230462,948.3258208656094
230463,496.17006810164895
230464,579.8723013942499
230465,356.7410588674149
230466,2118.254532096337
230467,1891.0693302097488
230468,950.6035608710783
230469,1216.3748633843823
230470,429.7184597797927
230471,2511.0714029690776
230472,2182.3978318961163
230473,1119.9491833936745
230474,1416.090893156242
230475,157.37698701243772
230476,861.3115311598114
230477,740.3468247498636
230478,401.9162111986837
230479,492.53643009441225
230480,299.3398278409243
230481,1693.131671699524
230482,1496.0237322911855
230483,786.7821473510602
230484,943.1086816114226
230485,346.3087685344276
230486,1995.9830593022195
230487,1763.576267009452
230488,917.7259046648154
230489,1104.4228461744412
230490,741.2777653068799
230491,669.1832398240334
230492,593.88289169363
230493,278.21985366000536
230494,358.57064070691354
230495,458.4288974470598
230496,1292.8611424337762
230497,1139.4793258157106
230498,573.9218736576775
230499,716.4218962437076
230500,262.637114940961
230501,1530.1980504811922
230502,1336.3241474121778
230503,691.6083646812627
230504,841.031479645508
230505,125.95716828255675
230506,675.4697656703797
230507,598.8806731384191
230508,298.64292289970314
230509,379.5141347980399
230510,219.33328045766615
230511,1320.9506659798813
230512,1169.886984532495
230513,605.9142779263772
230514,748.1361461438104
230515,253.89918397705776
230516,1574.1915175545728
230517,1369.0254955008643
230518,722.7565073372491
230519,871.9014679328975
230520,68.01191836415673
230521,483.7434391193481
230522,433.49269521892495
230523,225.09962147240333
230524,270.1649659232389
230525,141.45906047924439
230526,986.1459050886463
230527,866.7078030113795
230528,432.94216582881745
230529,516.4767971116241
230530,183.46886485605913
230531,1156.0750541492903
230532,992.185791158621
230533,528.0913447151028
230534,618.5490683761243
230535,702.4557712242829
230536,38.324532844026386
230537,39.28737669255446
230538,12.398011585201981
230539,10.306786412903586
230540,2.837123867785704
230541,58.94637243801161
230542,72.0192339906028
230543,5.566822956625903
230544,18.7048347883303
230545,-55.56218236306926
230546,72.67241594805606
230547,84.53203992045087
230548,30.647841072692888
230549,30.377452709421856
230550,167.68365388639018
230551,1081.3075939197547
230552,949.0817818447268
230553,499.0291933115283
230554,584.5901893762374
230555,350.01041202293135
230556,2126.1469052608963
230557,1896.4588449495984
230558,954.602489287323
230559,1222.8533552449526
230560,426.4008394632857
230561,2518.963776133637
230562,2187.787346635965
230563,1123.9481118099197
230564,1422.5693850168122
230565,154.03717684464118
230566,864.5481607123496
230567,741.0805958776915
230568,404.75314655727345
230569,497.23212822511044
230570,292.5869911451513
230571,1701.0018550127945
230572,1501.3910571797455
230573,790.7588859160154
230574,949.564983620703
230575,342.96895836663117
230576,2003.85324261549
230577,1768.943591898012
230578,921.7026432297706
230579,1110.879148183722
230580,743.2497535961801
230581,712.3164326624756
230582,636.179279722517
230583,317.27737719694056
230584,368.8935948806255
230585,353.1292105407297
230586,1351.8019939059511
230587,1185.0642072966075
230588,629.9819960223952
230589,753.6916529492053
230590,234.76244183347202
230591,1602.5373186035808
230592,1392.6469847718568
230593,733.4996412795145
230594,909.3612760248903
230595,122.94496057044341
230596,725.062076442298
230597,640.5105304505404
230598,337.0819346561395
230599,389.21857719125296
230600,217.49240488829162
230601,1386.9691471660315
230602,1215.4238470771252
230603,661.9744002910949
230604,785.4059028493081
230605,267.03463790357694
230606,1659.8056700346806
230607,1431.4975685680208
230608,764.6477839355009
230609,940.2312643122798
230610,76.24012722613374
230611,521.8006378574878
230612,463.58744049726766
230613,256.7270167777597
230614,273.0577918653719
230615,149.96515313487012
230616,1034.228940078144
230617,908.4949490106915
230618,483.5334742577785
230619,548.2777398813653
230620,202.59278168963604
230621,1220.9504654927862
230622,1048.1048527404998
230623,561.4445139871377
230624,674.5658133006125
230625,703.8735802785453
230626,50.41027115987014
230627,50.59375952949718
230628,33.33796185483633
230629,-5.509834927793922
230630,6.121747310293865
230631,68.13261210320539
230632,87.03712663753977
230633,34.55522479694864
230634,15.393872885086237
230635,-32.55754907816121
230636,85.77073862072255
230637,92.10590550924312
230638,48.11247501050047
230639,13.963825227146272
230640,180.94279530739243
230641,1150.5098674040196
230642,1004.6058488479557
230643,544.0853361638377
230644,611.3703141962394
230645,366.4133274497405
230646,2289.089359768854
230647,2028.5676516283906
230648,1034.3807325325056
230649,1280.4591042703646
230650,442.17889663054416
230651,2665.282217795594
230652,2334.746931820446
230653,1200.6123702731466
230654,1493.597393937491
230655,169.4895940894461
230656,941.7169189818924
230657,808.0817068594158
230658,452.1347150669095
230659,514.1069063569106
230660,308.1448209112607
230661,1834.5517835430073
230662,1597.4034988567812
230663,867.7615723106437
230664,997.9298386590721
230665,373.43218955427704
230666,2145.8840213307326
230667,1892.646521065933
230668,1006.7114251631381
230669,1178.0209082290132
230670,742.0732085582462
230671,740.0056142054871
230672,649.9784053709913
230673,331.44351243946323
230674,389.2473436535
230675,295.4197303680024
230676,1434.4901288006788
230677,1259.7158732066798
230678,659.0835790005557
230679,801.9854831115567
230680,239.63081227778295
230681,1703.774161305751
230682,1489.0622674363037
230683,776.6634853044795
230684,949.0528081629385
230685,134.50392423107849
230686,755.8841301808051
230687,658.0780435512385
230688,353.1589670763394
230689,411.48322314180473
230690,227.167349532288
230691,1470.6710946511284
230692,1291.9330032617443
230693,691.0759832692554
230694,833.6997330116595
230695,276.9758781961988
230696,1767.9629102179479
230697,1531.568605982367
230698,809.6098924358188
230699,981.7210609256808
230700,91.74706573361269
230701,543.4155747023724
230702,483.04802629384415
230703,264.0988391075595
230704,286.6172277255237
230705,168.19648191099137
230706,1073.129288437777
230707,948.31580464599
230708,492.717091779194
230709,576.653604586972
230710,220.45381168760105
230711,1258.544686133491
230712,1085.7261691884294
230713,584.2624168669992
230714,693.9114042935578
230715,694.8495086829677
230716,56.60637697855296
230717,54.00012774221745
230718,33.43449134628561
230719,2.2581245031247645
230720,48.12827893678818
230721,63.12596404587039
230722,82.95098585587164
230723,24.743370046178143
230724,26.258081727624383
230725,-16.768843335739472
230726,82.0310858768937
230727,89.42391532954287
230728,37.62556376839214
230729,24.152977578346594
230730,189.99038982843302
230731,1193.9860777401586
230732,1058.045478516963
230733,564.5784322278241
230734,638.3138441934568
230735,370.6806815660388
230736,2401.1748188209613
230737,2098.158255862478
230738,1087.5735177429885
230739,1353.106957067918
230740,471.0870640716839
230741,2790.3421439553867
230742,2432.3059654998383
230743,1292.10041443634
230744,1604.5405056877544
230745,174.15368043507203
230746,977.698765100261
230747,853.216410652316
230748,463.9980070518443
230749,532.4206322750766
230750,309.9698549596293
230751,1903.7574981250118
230752,1691.9419866057046
230753,884.1273387716021
230754,1033.7506727071006
230755,379.37789440721934
230756,2247.8900269541464
230757,2001.4077526614005
230758,1040.852308056538
230759,1231.6168587094833
230760,717.0089915636518
230761,797.2463558117842
230762,695.3911271898737
230763,367.54814201968895
230764,450.8931952732323
230765,210.65297920104243
230766,1586.1099918838197
230767,1367.5314589530667
230768,696.9952603314523
230769,871.7761995451147
230770,248.4870737993472
230771,1866.7041981291081
230772,1600.4061670824926
230773,840.5398848690113
230774,1053.10591863096
230775,158.55417424959356
230776,818.6433502798047
230777,711.5908096903386
230778,389.460390283215
230779,473.3258683881869
230780,237.83111723462707
230781,1620.8729146038718
230782,1403.9611583896124
230783,729.4455972816094
230784,903.9483821266748
230785,287.7757365048585
230786,1921.77264294664
230787,1647.1250750100376
230788,873.9442246818079
230789,1086.2321040751606
230790,112.64519523953706
230791,598.8724559815373
230792,527.030051675544
230793,275.97705941897124
230794,318.20856068645907
230795,180.75351819767826
230796,1144.8228740964018
230797,1006.3335304936525
230798,518.4615982844916
230799,629.0671667276717
230800,230.04129764050774
230801,1370.7969699849689
230802,1189.9366250725805
230803,652.4981574936918
230804,789.830082336502
230805,718.4999204979079
230806,48.38671899187037
230807,50.43654819597338
230808,34.70154947579632
230809,-3.361824623677316
230810,-41.29380017837505
230811,57.36288728912007
230812,79.51917003642292
230813,24.01233765371571
230814,23.61843779909601
230815,-20.2954057772801
230816,79.1335016622096
230817,93.26909375394374
230818,40.47002970468649
230819,26.102713759424386
230820,196.2655682646751
230821,1282.726010093605
230822,1128.119957231288
230823,584.8692068226094
230824,701.7472890034921
230825,409.7540489028882
230826,2577.036935521023
230827,2209.3212314531766
230828,1130.719159121838
230829,1448.9068916545732
230830,471.41800564063794
230831,3078.9612771848488
230832,2660.657671220954
230833,1346.7838091114052
230834,1705.397438786428
230835,174.2494665183852
230836,1042.450491025091
230837,895.8793924188038
230838,458.4971614148966
230839,566.6626202172665
230840,338.959281211737
230841,2028.0734015338219
230842,1812.5691807533597
230843,924.9514769104907
230844,1114.8752178788407
230845,383.09022576280364
230846,2412.626611080366
230847,2111.276162093776
230848,1097.8258128956286
230849,1323.2238037187544
230850,745.1050575621412
230851,647.7937121892382
230852,573.7803149866762
230853,267.6976273755819
230854,354.3832925306181
230855,467.9310694815047
230856,1263.7759157359187
230857,1111.6810500456945
230858,559.1976988645577
230859,710.4739441888298
230860,266.46440719622234
230861,1501.1128237833345
230862,1308.5258716421615
230863,676.8841898881429
230864,835.0835275906303
230865,129.78446053781815
230866,654.0802380355844
230867,578.7780964314653
230868,288.12069661527966
230869,375.3267866217445
230870,223.7355950968282
230871,1291.8654392820238
230872,1142.088708762479
230873,591.1901031332574
230874,742.1881940889326
230875,257.72647623231904
230876,1545.1062908567155
230877,1341.2272197308484
230878,708.0323325441293
230879,865.9535158780197
230880,71.83921061941805
230881,467.7132159185845
230882,418.74942294600265
230883,219.93669962201153
230884,265.9776177469435
230885,145.86137511840641
230886,962.4199828248205
230887,844.2688316753953
230888,423.57729546972956
230889,510.5288450567462
230890,187.2961571113204
230891,1132.3491318854644
230892,969.7468198226366
230893,518.7264743560147
230894,612.6011163212465
230895,708.4062351517482
230896,27.9159578146467
230897,30.16575259101607
230898,14.916661072206875
230899,8.242609908812186
230900,21.697015513332676
230901,40.84209834556982
230902,55.20191082600235
230903,3.8835239349346122
230904,14.880054405656612
230905,-40.11531724549887
230906,54.568141855614236
230907,67.71471675585042
230908,28.96454205100158
230909,26.552672326748162
230910,162.01625165843078
230911,1045.3202435380845
230912,915.0816266225096
230913,476.0379767919831
230914,561.1436531197444
230915,341.8705559164127
230916,2051.153766757459
230917,1826.645051961611
230918,912.5697943137055
230919,1174.8204271735976
230920,397.85056329443796
230921,2426.9732440958483
230922,2100.9761601136242
230923,1062.0611226861167
230924,1368.5780851905506
230925,142.9666847769963
230926,823.4409626483061
230927,701.9605929731006
230928,376.64208235535466
230929,468.3825021289319
230930,279.044045198947
230931,1646.3134774791529
230932,1448.6898748055564
230933,752.5603927988647
230934,904.8247213748909
230935,309.0155923580978
230936,1932.167471547496
230937,1699.2450159894706
230938,863.6498559624347
230939,1060.180514183003
230940,744.1740681787074
230941,643.8598485130215
230942,569.8464513104593
230943,259.94942226536875
230944,350.6666867778224
230945,467.000080098071
230946,1254.3124017423668
230947,1102.2175360521426
230948,545.9198434370096
230949,706.7573384360342
230950,265.5334178127886
230951,1491.6493097897828
230952,1299.0623576486098
230953,663.6063344605949
230954,831.3669218378346
230955,128.8534711543845
230956,650.1463743593677
230957,574.8442327552484
230958,280.37249150506653
230959,371.61018086894876
230960,222.80460571339455
230961,1282.4019252884718
230962,1132.625194768927
230963,577.9122477057093
230964,738.471588336137
230965,256.7954868488854
230966,1535.6427768631634
230967,1331.7637057372963
230968,694.7544771165813
230969,862.2369101252241
230970,70.90822123598431
230971,463.77935224236774
230972,414.81555926978587
230973,212.18849451179855
230974,262.26101199414785
230975,144.93038573497276
230976,952.9564688312687
230977,834.8053176818433
230978,410.29944004218146
230979,506.8122393039506
230980,186.36516772788676
230981,1122.8856178919123
230982,960.2833058290847
230983,505.4486189284665
230984,608.884510568451
230985,713.0804537067064
230986,29.58730207682179
230987,31.83709685319117
230988,12.773663900385781
230989,10.131212094408367
230990,26.37123406829092
230991,36.98379229040982
230992,51.34360477084235
230993,-3.7891235542215913
230994,16.768656591252803
230995,-35.44109869054063
230996,50.70983580045423
230997,63.85641070069044
230998,21.291894561845382
230999,28.44127451234437
231000,159.00362156609648
231001,1039.304739152967
231002,909.0661222373922
231003,466.2113298919141
231004,555.3486055770927
231005,324.6841060033336
231006,2025.434792234265
231007,1800.9260774384136
231008,897.2134970963016
231009,1169.025379630946
231010,380.6641133813589
231011,2401.254269572651
231012,2075.257185590428
231013,1046.7048254687127
231014,1362.783037647899
231015,139.954054684662
231016,817.4254582631888
231017,695.9450885879833
231018,366.81543545528564
231019,462.58745458628016
231020,267.422637248562
231021,1624.5981022008375
231022,1426.974499527241
231023,737.2040955814607
231024,899.0296738322394
231025,297.3941844077128
231026,1910.4520962691806
231027,1677.5296407111553
231028,848.2935587450306
231029,1054.3854666403513
231030,743.2760885463251
231031,632.4075871898785
231032,557.1072390594751
231033,248.1268367466109
231034,347.97993576303674
231035,483.13909177515785
231036,1242.860140419224
231037,1089.4783238011585
231038,534.097257918252
231039,704.0705874212483
231040,267.8142494123497
231041,1473.40565808917
231042,1279.5317550201555
231043,644.9923585643672
231044,821.8887804455787
231045,127.90828751960663
231046,638.6941130362247
231047,562.1050205042642
231048,268.549905986309
231049,368.9234298541631
231050,221.85942207861672
231051,1270.9496639653291
231052,1119.885982517943
231053,566.0896621869517
231054,735.7848373213511
231055,249.0589128366375
231056,1517.399125162551
231057,1312.2331031088424
231058,676.1405012203536
231059,852.7587687329682
231060,69.9630376012065
231061,452.327090919225
231062,402.0763470188018
231063,200.3659089930411
231064,259.5742609793621
231065,143.98520210019498
231066,941.5042075081258
231067,822.0661054308591
231068,398.47685452342404
231069,504.12548828916476
231070,178.62859371563886
231071,1104.6419661912998
231072,940.7527032006304
231073,486.8346430322389
231074,599.4063691761951
231075,704.3920891417193
231076,18.135040753679043
231077,19.09788460220712
231078,0.9510783816283461
231079,7.44446107962268
231080,43.356416694349306
231081,25.531530967267045
231082,38.60439251985831
231083,-15.611709072979039
231084,14.081905576467095
231085,-18.45591606448213
231086,39.25757447731145
231087,51.11719844970638
231088,9.469309043087915
231089,25.75452349755865
231090,153.50361874819475
231091,1027.8524778298242
231092,895.6266657547967
231093,443.4333736973348
231094,553.7149272859843
231095,318.5554111918064
231096,2012.6653273762106
231097,1786.1694174209067
231098,873.1183373668104
231099,1167.391701339838
231100,374.5354185698317
231101,2388.484804714596
231102,2060.5005255729216
231103,1022.6096657392206
231104,1361.149359356791
231105,134.45405186676027
231106,805.9731969400459
231107,682.5056321053878
231108,356.04592266020563
231109,460.9537762951719
231110,262.95922530625694
231111,1613.1458408776948
231112,1413.5350430446458
231113,726.4345827863806
231114,897.395995541131
231115,292.93077246540736
231116,1898.999834946038
231117,1664.09018422856
231118,837.5240459499505
231119,1052.7517883492433
231120,743.2760885463251
231121,632.4075871898785
231122,557.1072390594751
231123,248.1268367466109
231124,347.97993576303674
231125,503.402491672398
231126,1242.860140419224
231127,1089.4783238011585
231128,534.097257918252
231129,704.0705874212483
231130,262.5929149566482
231131,1468.1843236334687
231132,1274.3104205644543
231133,639.7710241086658
231134,816.6674459898773
231135,127.90828751960663
231136,638.6941130362247
231137,562.1050205042642
231138,268.549905986309
231139,368.9234298541631
231140,221.85942207861672
231141,1270.9496639653291
231142,1119.885982517943
231143,566.0896621869517
231144,735.7848373213511
231145,243.83757838093598
231146,1512.1777907068492
231147,1307.0117686531407
231148,670.9191667646521
231149,847.5374342772667
231150,69.9630376012065
231151,452.327090919225
231152,402.0763470188018
231153,200.3659089930411
231154,259.5742609793621
231155,143.98520210019498
231156,941.5042075081258
231157,822.0661054308591
231158,398.47685452342404
231159,504.12548828916476
231160,173.40725925993735
231161,1099.4206317355981
231162,935.531368744929
231163,481.6133085765374
231164,594.1850347204936
231165,704.3920891417193
231166,18.135040753679043
231167,19.09788460220712
231168,0.9510783816283461
231169,7.44446107962268
231170,53.26402386521313
231171,24.759590082983838
231172,37.8324516355751
231173,-16.383649957262243
231174,13.309964692183884
231175,-18.45591606448213
231176,39.25757447731145
231177,51.11719844970638
231178,9.469309043087915
231179,25.75452349755865
231180,153.50361874819475
231181,1027.8524778298242
231182,895.6266657547967
231183,443.4333736973348
231184,553.7149272859843
231185,318.5554111918064
231186,2012.6653273762106
231187,1786.1694174209067
231188,873.1183373668104
231189,1167.391701339838
231190,374.5354185698317
231191,2388.484804714596
231192,2060.5005255729216
231193,1022.6096657392206
231194,1361.149359356791
231195,134.45405186676027
231196,805.9731969400459
231197,682.5056321053878
231198,356.04592266020563
231199,460.9537762951719
231200,262.95922530625694
231201,1613.1458408776948
231202,1413.5350430446458
231203,726.4345827863806
231204,897.395995541131
231205,292.93077246540736
231206,1898.999834946038
231207,1664.09018422856
231208,837.5240459499505
231209,1052.7517883492433
231210,741.7894732630253
231211,664.3911592073742
231212,588.2540062674158
231213,273.93092844520095
231214,354.8442863641488
231215,407.16413294008703
231216,1290.6513710704528
231217,1123.9135844611092
231218,576.9039484446242
231219,737.8817405541461
231220,225.6745699115132
231221,1523.7889025698648
231222,1313.8985687381412
231223,662.8238005035261
231224,875.9535704316136
231225,121.43747623489348
231226,677.1368029871967
231227,592.5852569954392
231228,293.73548590439987
231229,375.1692686747762
231230,216.5599429366423
231231,1325.8185243305331
231232,1154.2732242416268
231233,608.896352713324
231234,769.5959904542489
231235,245.25269695615725
231236,1576.2039934455897
231237,1347.89589197893
231238,693.9719431595124
231239,906.823558719003
231240,74.73264289058368
231241,479.2346688364184
231242,421.02147147619826
231243,218.73987246005157
231244,259.00848334889525
231245,149.03269118322083
231246,978.4376216766772
231247,852.7036306092247
231248,435.8147311140394
231249,532.4678274863061
231250,180.81084074221647
231251,1144.88469047945
231252,972.0390777271627
231253,496.12797764518035
231254,641.1581077073357
231255,702.3512946233818
231256,19.07115824857656
231257,19.254646618203616
231258,8.637596812916978
231259,-11.83076383367476
231260,45.779547407545024
231261,22.796208927231405
231262,41.70072346156586
231263,-0.6486799552851901
231264,6.540399216339934
231265,-8.40628754227897
231266,41.20627632903182
231267,47.541443217552356
231268,13.680511142549838
231269,5.882292442683176
231270,163.30415659659707
231271,1070.2185791047777
231272,924.3145605487142
231273,466.0701740735357
231274,577.0364485333865
231275,331.49972304601556
231276,2165.242168788181
231277,1904.7204606477192
231278,930.4772381358835
231279,1221.53884679265
231280,386.85487216449013
231281,2524.4376332805687
231282,2193.902347305421
231283,1076.85458172634
231284,1428.7187647048697
231285,146.4478655389653
231286,856.3057830002774
231287,722.6705708778009
231288,381.0081486937333
231289,474.3699508543725
231290,275.0584514997661
231291,1719.8595971985962
231292,1482.7113125123701
231293,781.0179267049006
231294,942.3022470069001
231295,319.93540008045335
231296,2014.1944414519699
231297,1760.9569411871696
231298,900.1134854072097
231299,1116.4349448219346
231300,740.1191518080961
231301,677.1194556010878
231302,587.092246766592
231303,278.5466305794928
231304,377.0382247310713
231305,352.1666721821279
231306,1356.7163600843853
231307,1181.9421044903863
231308,595.0368835907399
231309,789.214486389117
231310,254.0039561610123
231311,1608.6218022577787
231312,1393.9099083883314
231313,695.2381995629847
231314,918.9032211088198
231315,122.1185246562681
231316,684.9169489576955
231317,587.1108623281289
231318,292.1810625976586
231319,391.1930816006656
231320,204.48987564729202
231321,1382.3026749517896
231322,1203.5645835624055
231323,616.4346368763944
231324,810.3340853061746
231325,234.24315056587173
231326,1657.3626396315553
231327,1420.9683353959745
231328,717.5899557112788
231329,940.976822888517
231330,81.61980136069407
231331,480.06583311518625
231332,419.6982847066578
231333,210.73837426480205
231334,268.5852213862763
231335,149.60997235236172
231336,994.2111374988351
231337,869.3976537070496
231338,427.52601414673086
231339,557.3789212078535
231340,181.81204838364056
231341,1159.5712814492197
231342,986.7527645041569
231343,501.6927489028567
231344,657.2581305827603
231345,704.8920291892131
231346,31.505735315933862
231347,29.261023484660118
231348,14.587399084374699
231349,10.98980763057081
231350,76.47771894307219
231351,28.661585879302237
231352,48.84814509436545
231353,-5.463598849850481
231354,34.21782397078723
231355,12.045035648290431
231356,50.96789862485488
231357,58.722265482565824
231358,10.81978578689269
231359,35.51391073603867
231360,173.8836986201718
231361,1115.450754801231
231362,982.456476067816
231363,487.93403702916964
231364,634.1428951052847
231365,333.18562097259274
231366,2283.016769797056
231367,1991.4005171658214
231368,983.4840761499336
231369,1333.636785349608
231370,419.22385997413136
231371,2657.815951427375
231372,2311.1800832990716
231373,1170.7859287233462
231374,1581.7412122447838
231375,157.00390392954944
231376,898.403599021384
231377,776.8675650632197
231378,398.60221211273995
231379,527.2065978896433
231380,276.16999846073907
231381,1796.6224228396934
231382,1596.2072216476317
231383,799.0657150717508
231384,1016.8224592567822
231385,331.20989440422267
231386,2126.3868081647197
231387,1891.3048441992214
231388,938.5656402367479
231389,1211.3595235345044
231390,714.0657411757916
231391,748.8289922333613
231392,646.973763611451
231393,324.7727867085477
231394,442.45184940134544
231395,266.4107273774579
231396,1525.8671634958332
231397,1307.2886305650802
231398,646.1322367727963
231399,862.7729758732169
231400,261.8710240448666
231401,1789.0827794094428
231402,1522.7847483628275
231403,772.2982709786763
231404,1026.7241046273834
231405,145.17958103707304
231406,762.1449640826714
231407,655.0924234932054
231408,338.6040123533634
231409,456.80349989758963
231410,214.16444971192098
231411,1550.03543523284
231412,1333.1236790185806
231413,667.9879227399082
231414,884.3505074717318
231415,244.05381523682146
231416,1828.7033126885544
231417,1554.0557447519518
231418,795.1079598084277
231419,1049.2556390885384
231420,101.5287372289083
231421,544.6322049862958
231422,472.7898006803021
231423,227.37881669101063
231424,303.9443273977535
231425,161.1778150013385
231426,1078.0763590517363
231427,939.5870154489872
231428,461.0948880691564
231429,613.5602563990951
231430,190.41034069883713
231431,1283.9952011949729
231432,1103.1348562825845
231433,577.752856946678
231434,756.9445816762465
231435,730.8969961376422
231436,32.240840193215114
231437,34.65220680237995
231438,17.118202829502994
231439,9.137631554310621
231440,-22.683317071994633
231441,35.68735817312971
231442,58.205178325494444
231443,-1.0967994400815408
231444,36.11789397708396
231445,10.873028340238685
231446,60.08722257646528
231447,74.58435207326116
231448,17.990142641135233
231449,41.23141996765833
231450,188.73867848119914
231451,1233.3316055068033
231452,1081.6718731342667
231453,538.8406233654979
231454,718.4403568056958
231455,386.7242701407634
231456,2505.921480096951
231457,2149.60608635635
231458,1075.1472045180324
231459,1456.1862172331746
231460,434.0200833744066
231461,2993.47767825667
231462,2586.5743826200205
231463,1287.882732782939
231464,1709.3476426403688
231465,166.7225767349093
231466,993.0560864382893
231467,849.4313083217829
231468,424.47702135728423
231469,583.3556880194701
231470,320.6677918414294
231471,1959.7867134494452
231472,1755.6828029962285
231473,880.2131338009975
231474,1125.7395870226953
231475,350.4305928883895
231476,2329.9717794918815
231477,2040.0216408325407
231478,1049.758348061475
231479,1330.7590511379485
231480,745.6942907887252
231481,614.2000202411739
231482,540.1866230386119
231483,235.700046034588
231484,346.9437677532926
231485,545.9237124568357
231486,1218.3567589782901
231487,1066.261893288066
231488,519.1124492760497
231489,702.4725416114936
231490,290.37184486782365
231491,1438.3150766940273
231492,1245.7281245528543
231493,619.420349967956
231494,809.7035346816151
231495,118.38136222697297
231496,612.4055234688097
231497,537.1033818646905
231498,248.04209265557537
231499,359.80623922570857
231500,202.04042247579747
231501,1235.85163154135
231502,1086.074901021805
231503,540.5102025617042
231504,723.5921405285512
231505,218.65271327960926
231506,1471.7138927843628
231507,1267.8348216584957
231508,639.9738416408971
231509,829.9788719859594
231510,62.69424751046455
231511,428.2966365537012
231512,379.33284358111933
231513,182.1162308641995
231514,252.7152055527993
231515,128.25716682374212
231516,910.4971394105139
231517,792.3459882610886
231518,376.9883592245423
231519,496.02375582273066
231520,152.31335848497696
231521,1063.047698139478
231522,900.445386076651
231523,454.75894777914823
231524,580.7174367555526
231525,719.7484105147406
231526,23.567355467932426
231527,26.178687649363564
231528,6.368518822830384
231529,22.061240774143155
231530,41.50654404896275
231531,30.191904797237214
231532,44.91325468273155
231533,-12.962349646229042
231534,27.92674438670435
231535,-12.8952297060536
231536,47.31913922181083
231537,60.827251527108814
231538,15.519859384367127
231539,43.000553222325166
231540,156.94675504385444
231541,1026.92196023723
231542,899.6296638114361
231543,441.43490910801194
231544,577.5107778713954
231545,321.2981703231875
231546,2011.0344326193378
231547,1797.926028150732
231548,868.4233554830406
231549,1198.7141172313898
231550,379.90742773145877
231551,2389.48315998797
231552,2074.886386332992
231553,1020.5439338856976
231554,1395.1010252785888
231555,137.89718816241995
231556,805.0426793474522
231557,686.5086301620272
231558,354.0474580708828
231559,484.7496268805825
231560,263.2099489975393
231561,1609.0229106807235
231562,1422.7996183343726
231563,719.2475654625123
231564,923.6076993327088
231565,295.81074618693583
231566,1897.5061547793127
231567,1675.9840095485329
231568,832.9662786563282
231569,1081.5927421710662
231570,745.6942907887252
231571,614.2000202411739
231572,540.1866230386119
231573,235.700046034588
231574,346.9437677532926
231575,545.9237124568357
231576,1218.3567589782901
231577,1066.261893288066
231578,516.9292990654435
231579,702.4725416114936
231580,290.37184486782365
231581,1438.3150766940273
231582,1245.7281245528543
231583,617.2371997573498
231584,809.7035346816151
231585,118.38136222697297
231586,612.4055234688097
231587,537.1033818646905
231588,248.04209265557537
231589,359.80623922570857
231590,202.04042247579747
231591,1235.85163154135
231592,1086.074901021805
231593,538.327052351098
231594,723.5921405285512
231595,218.65271327960926
231596,1471.7138927843628
231597,1267.8348216584957
231598,637.790691430291
231599,829.9788719859594
231600,62.69424751046455
231601,428.2966365537012
231602,379.33284358111933
231603,182.1162308641995
231604,252.7152055527993
231605,128.25716682374212
231606,910.4971394105139
231607,792.3459882610886
231608,374.80520901393606
231609,496.02375582273066
231610,152.31335848497696
231611,1063.047698139478
231612,900.445386076651
231613,452.575797568542
231614,580.7174367555526
231615,719.7484105147406
231616,23.567355467932426
231617,26.178687649363564
231618,6.368518822830384
231619,22.061240774143155
231620,41.50654404896275
231621,30.191904797237214
231622,44.91325468273155
231623,-15.145499856835283
231624,27.92674438670435
231625,-12.8952297060536
231626,47.31913922181083
231627,60.827251527108814
231628,13.336709173760884
231629,43.000553222325166
231630,156.94675504385444
231631,1026.92196023723
231632,899.6296638114361
231633,441.43490910801194
231634,577.5107778713954
231635,321.2981703231875
231636,2011.0344326193378
231637,1797.926028150732
231638,866.2402052724344
231639,1198.7141172313898
231640,379.90742773145877
231641,2389.48315998797
231642,2074.886386332992
231643,1018.3607836750913
231644,1395.1010252785888
231645,137.89718816241995
231646,805.0426793474522
231647,686.5086301620272
231648,354.0474580708828
231649,484.7496268805825
231650,263.2099489975393
231651,1609.0229106807235
231652,1422.7996183343726
231653,717.0644152519061
231654,923.6076993327088
231655,295.81074618693583
231656,1897.5061547793127
231657,1675.9840095485329
231658,830.783128445722
231659,1081.5927421710662
231660,746.0043318839122
231661,614.5100613363609
231662,539.2097132059575
231663,235.6397629341604
231664,346.883484652865
231665,569.4386449603073
231666,1218.6668000734774
231667,1065.2849834554117
231668,514.4466116634743
231669,702.4122585110659
231670,290.6818859630107
231671,1438.6251177892145
231672,1244.7512147202
231673,614.7545123553806
231674,809.6432515811874
231675,118.69140332216
231676,612.7155645639967
231677,536.1264720320362
231678,247.98180955514775
231679,359.74595612528094
231680,202.35046357098452
231681,1236.161672636537
231682,1085.097991189151
231683,535.8443649491288
231684,723.5318574281235
231685,218.9627543747963
231686,1472.02393387955
231687,1266.8579118258415
231688,635.3080040283218
231689,829.9185888855317
231690,63.00428860565159
231691,428.60667764888825
231692,378.3559337484651
231693,182.05594776377188
231694,252.65492245237166
231695,128.56720791892917
231696,910.8071805057009
231697,791.3690784284342
231698,372.322521611967
231699,495.96347272230304
231700,152.623399580164
231701,1063.3577392346651
231702,899.4684762439966
231703,450.0931101665729
231704,580.657153655125
231705,720.0584516099276
231706,23.87739656311947
231707,25.20177781670932
231708,6.30823572240275
231709,22.000957673715522
231710,59.46420406213521
231711,30.501945892424256
231712,43.93634485007729
231713,-17.628187258804438
231714,27.866461286276717
231715,-12.585188610866558
231716,47.62918031699787
231717,59.85034169445456
231718,10.854021771791743
231719,42.94027012189753
231720,157.25679613904148
231721,1027.2320013324172
231722,897.9525097471706
231723,436.1308878072155
231724,578.5035674946452
231725,321.60821141837454
231726,2011.344473714525
231727,1796.2488740864667
231728,858.5137796700965
231729,1199.7069068546398
231730,380.2174688266458
231731,2389.793201083157
231732,2073.2092322687267
231733,1010.6343580727535
231734,1396.0938149018389
231735,138.207229257607
231736,805.3527204426392
231737,684.8314760977617
231738,352.66908976381904
231739,485.7424165038323
231740,263.51999009272635
231741,1606.1874698271993
231742,1417.9769823213958
231743,711.194713226473
231744,922.5315595391307
231745,296.1207872821229
231746,1894.6707139257885
231747,1671.161373535556
231748,824.9134264202889
231749,1080.5166023774882
231750,746.0043318839122
231751,614.5100613363609
231752,539.2097132059575
231753,235.6397629341604
231754,346.883484652865
231755,569.4386449603073
231756,1218.6668000734774
231757,1065.2849834554117
231758,514.4466116634743
231759,702.4122585110659
231760,290.6818859630107
231761,1438.6251177892145
231762,1244.7512147202
231763,614.7545123553806
231764,809.6432515811874
231765,118.69140332216
231766,612.7155645639967
231767,536.1264720320362
231768,247.98180955514775
231769,359.74595612528094
231770,202.35046357098452
231771,1236.161672636537
231772,1085.097991189151
231773,535.8443649491288
231774,723.5318574281235
231775,218.9627543747963
231776,1472.02393387955
231777,1266.8579118258415
231778,635.3080040283218
231779,829.9185888855317
231780,63.00428860565159
231781,428.60667764888825
231782,378.3559337484651
231783,182.05594776377188
231784,252.65492245237166
231785,128.56720791892917
231786,910.8071805057009
231787,791.3690784284342
231788,372.322521611967
231789,495.96347272230304
231790,152.623399580164
231791,1063.3577392346651
231792,899.4684762439966
231793,450.0931101665729
231794,580.657153655125
231795,720.0584516099276
231796,23.87739656311947
231797,25.20177781670932
231798,6.30823572240275
231799,22.000957673715522
231800,59.46420406213521
231801,30.501945892424256
231802,43.93634485007729
231803,-17.628187258804438
231804,27.866461286276717
231805,-12.585188610866558
231806,47.62918031699787
231807,59.85034169445456
231808,10.854021771791743
231809,42.94027012189753
231810,157.25679613904148
231811,1027.2320013324172
231812,897.9525097471706
231813,436.1308878072155
231814,578.5035674946452
231815,321.60821141837454
231816,2011.344473714525
231817,1796.2488740864667
231818,858.5137796700965
231819,1201.471313447384
231820,380.2174688266458
231821,2389.793201083157
231822,2073.2092322687267
231823,1010.6343580727535
231824,1397.8582214945832
231825,138.207229257607
231826,805.3527204426392
231827,684.8314760977617
231828,352.66908976381904
231829,485.7424165038323
231830,263.51999009272635
231831,1606.1874698271993
231832,1417.9769823213958
231833,711.194713226473
231834,922.5315595391307
231835,296.1207872821229
231836,1894.6707139257885
231837,1671.161373535556
231838,824.9134264202889
231839,1080.5166023774882
231840,744.5177166006124
231841,646.4936333538568
231842,570.3564804138982
231843,261.44385463275034
231844,353.74783525397703
231845,503.6472055026524
231846,1266.458030724706
231847,1099.7202441153624
231848,557.2533021898465
231849,736.2234116439637
231850,259.34860928292204
231851,1499.814765090657
231852,1289.924431258933
231853,643.3923571152869
231854,874.5144443879698
231855,112.22059203744695
231856,651.1582545149687
231857,566.6067085232112
231858,273.16738947323887
231859,365.99179494589407
231860,197.05098442901004
231861,1291.030533001741
231862,1119.4852329128348
231863,578.651055475501
231864,757.3430105610213
231865,225.96294131506363
231866,1541.6352049833365
231867,1313.3271035166765
231868,663.9458487882281
231869,894.789781692314
231870,67.77389389502869
231871,455.51425556608166
231872,397.3010582058615
231873,200.42991123078235
231874,252.08914482190454
231875,133.61469700195494
231876,947.7405946742523
231877,822.0066036067998
231878,409.6603982025823
231879,524.3058119194449
231880,165.61204942748918
231881,1114.406866343563
231882,941.5612535912765
231883,470.1928476002619
231884,633.2152950070131
231885,718.0176570915901
231886,24.813514058016974
231887,25.358539832705812
231888,13.994754153691376
231889,2.725732760418075
231890,51.22191475798208
231891,28.538564736671816
231892,47.80461667606808
231893,-1.8932172568273558
231894,21.096895810432763
231895,0.3578862126681033
231896,49.57788216871824
231897,56.274586462300555
231898,15.065223871253657
231899,23.068039067022
231900,167.0573339874438
231901,1069.5981026073707
231902,926.6404045410881
231903,458.76768818341645
231904,601.8250887420473
231905,334.5525232725837
231906,2163.921315126496
231907,1914.7999173132791
231908,915.8726804391696
231909,1255.6184589001962
231910,392.53692242130427
231911,2525.7460296491295
231912,2206.611054001227
231913,1064.879274059872
231914,1465.427626842662
231915,150.20104292981196
231916,855.6853065028707
231917,724.9964148701747
231918,377.6313157973467
231919,499.15859106303293
231920,275.6192162862356
231921,1712.9012261481007
231922,1487.15325178912
231923,765.778057144993
231924,967.4378110048998
231925,323.12541489716887
231926,2009.8653204317204
231927,1768.0281304941657
231928,887.5028658775482
231929,1144.1997588501795
231930,738.9484687684002
231931,676.0975840779895
231932,586.0703752434936
231933,277.5247590563942
231934,377.2287246369627
231935,404.64779982537226
231936,1355.6944885612866
231937,1180.9202329672876
231938,589.4094575554938
231939,789.4049862950086
231940,252.8332731213162
231941,1607.59993073468
231942,1392.8880368652326
231943,689.6107735277386
231944,919.0937210147114
231945,120.94784161657196
231946,683.895077434597
231947,586.0889908050304
231948,291.15919107456
231949,391.383581506557
231950,203.31919260759594
231951,1381.280803428691
231952,1202.5427120393067
231953,610.8072108411483
231954,810.5245852120662
231955,233.07246752617564
231956,1656.3407681084566
231957,1419.9464638728757
231958,711.9625296760327
231959,941.1673227944085
231960,80.44911832099798
231961,479.04396159208767
231962,418.6764131835592
231963,209.71650274170347
231964,268.7757212921677
231965,148.43928931266566
231966,993.1892659757367
231967,868.3757821839512
231968,421.89858811148457
231969,557.5694211137451
231970,180.64136534394447
231971,1158.549409926121
231972,985.7308929810584
231973,496.0653228676104
231974,657.4486304886518
231975,704.0386997422987
231976,30.80121738561689
231977,28.55650555434316
231978,13.882881154057747
231979,11.49766112924383
231980,78.48260933822348
231981,27.95706794898528
231982,48.14362716404851
231983,-10.773671292315182
231984,34.725677469460244
231985,11.191706201375977
231986,50.26338069453793
231987,58.01774755224888
231988,5.509713344427991
231989,36.02176423471168
231990,173.03036917325736
231991,1114.746236870914
231992,981.7519581374992
231993,480.93270817480646
231994,633.6093747478745
231995,332.3322915256783
231996,2282.3122518667387
231997,1996.756971000021
231998,971.8771927834229
231999,1344.281413808544
232000,418.3705305272169
232001,2657.1114334970575
232002,2310.4755653687544
232003,1159.179045356835
232004,1592.3858407037196
232005,156.150574482635
232006,897.6990810910672
232007,776.1630471329029
232008,395.52653625210945
232009,526.6730775322332
232010,275.3166690138246
232011,1792.772422960665
232012,1592.3572217686033
232013,789.3155552821449
232014,1020.0487081408929
232015,330.3565649573082
232016,2122.536808285691
232017,1887.454844320193
232018,928.815480447142
232019,1214.5857724186146
232020,713.3187632071953
232021,748.2308257813627
232022,646.3755971594522
232023,324.17462025654885
232024,443.06605437833656
232025,296.11066868351753
232026,1525.2689970438341
232027,1306.6904641130811
232028,639.2124277195911
232029,863.3871808502081
232030,261.12404607627025
232031,1788.4846129574437
232032,1522.1865819108284
232033,765.3784619254711
232034,1027.3383096043742
232035,144.43260306847674
232036,761.5467976306727
232037,654.4942570412067
232038,338.0058459013645
232039,457.41770487458075
232040,213.41747174332468
232041,1549.437268780841
232042,1332.5255125665815
232043,661.068113686703
232044,884.964712448723
232045,243.30683726822517
232046,1828.1051462365554
232047,1553.4575782999527
232048,788.1881507552225
232049,1049.8698440655292
232050,100.78175926031197
232051,544.0340385342971
232052,472.19163422830326
232053,226.78065023901183
232054,304.55853237474463
232055,160.43083703274218
232056,1077.4781925997372
232057,938.9888489969885
232058,454.1750790159511
232059,614.1744613760864
232060,189.66336273024083
232061,1283.3970347429738
232062,1102.5366898305854
232063,570.8330478934728
232064,757.5587866532377
232065,730.4673717618275
232066,31.960027333997903
232067,34.371393943162744
232068,16.837389970285788
232069,10.0691901240834
232070,-23.11294144780933
232071,35.4065453139125
232072,57.92436546627724
232073,-7.699254900505247
232074,37.04945254685672
232075,10.443403964423988
232076,59.80640971724808
232077,74.30353921404395
232078,11.387687180711525
232079,42.1629785374311
232080,188.3090541053845
232081,1233.050792647586
232082,1081.3910602750493
232083,532.2629995822346
232084,718.3305415193854
232085,386.29464576494865
232086,2505.640667237734
232087,2149.3252734971325
232088,1062.2479381335622
232089,1468.8060909858643
232090,433.5904589985919
232091,2993.1968653974527
232092,2586.293569760803
232093,1274.9834663984689
232094,1721.9675163930585
232095,166.29295235909458
232096,992.7752735790722
232097,849.1504954625658
232098,421.82505056775346
232099,583.2458727331597
232100,320.23816746561465
232101,1956.3604186415164
232102,1752.2565081882997
232103,869.1705909934326
232104,1129.3895409779052
232105,350.0009685125748
232106,2326.545484683953
232107,2036.595346024612
232108,1038.7158052539096
232109,1334.4090050931584
232110,746.3368093909863
232111,614.842538843435
232112,540.829141640873
232113,235.54433474192908
232114,350.53238402591325
232115,569.7711224673815
232116,1218.9992775805513
232117,1066.904411890327
232118,512.6350953821842
232119,707.955144704287
232120,291.01436347008485
232121,1438.9575952962884
232122,1246.3706431551154
232123,612.9429960740905
232124,815.1861377744085
232125,119.02388082923422
232126,613.0480420710709
232127,537.7459004669516
232128,247.88638136291644
232129,363.3948554983292
232130,202.68294107805872
232131,1236.494150143611
232132,1086.7174196240662
232133,534.0328486678387
232134,729.0747436213446
232135,219.29523188187054
232136,1472.356411386624
232137,1268.4773402607568
232138,633.4964877470317
232139,835.4614750787528
232140,63.33676611272578
232141,428.9391551559624
232142,379.9753621833805
232143,181.96051957154057
232144,256.30382182541996
232145,128.8996854260034
232146,911.139658012775
232147,792.9885068633497
232148,370.5110053306768
232149,501.50635891552423
232150,152.95587708723824
232151,1063.690216741739
232152,901.0879046789121
232153,448.28159388528275
232154,586.200039848346
232155,719.3734285275652
232156,23.991060539032183
232157,26.60239272046332
232158,6.79222389393014
232159,25.039074768285644
232160,40.79344506611177
232161,30.61560986833697
232162,45.336959753831295
232163,-18.860287176335802
232164,30.904578380846846
232165,-5.0364348333507305
232166,47.74284429291058
232167,61.25095659820856
232168,9.621921854260373
232169,45.97838721646764
232170,157.37046011495423
232171,1027.3456653083297
232172,905.6099702022461
232173,435.56180325506546
232174,579.4472380094544
232175,321.7218753942872
232176,2011.4581376904375
232177,1809.9673063060588
232178,856.2286070288876
232179,1213.3802664084494
232180,380.3311328025585
232181,2389.90686505907
232182,2080.866692723802
232183,1008.3491854315446
232184,1409.7671744556485
232185,138.32089323351974
232186,805.4663844185519
232187,692.4889365528372
232188,352.100005211669
232189,486.68608701864173
232190,263.63365406863903
232191,1606.3011338031117
232192,1425.6344427764714
232193,708.9095405852642
232194,929.3039287122887
232195,296.23445125803556
232196,1894.784377901701
232197,1678.8188339906317
232198,822.6282537790801
232199,1087.288971550646
232200,746.3368093909863
232201,614.842538843435
232202,540.829141640873
232203,235.54433474192908
232204,350.53238402591325
232205,569.7711224673815
232206,1218.9992775805513
232207,1066.904411890327
232208,512.6350953821842
232209,707.955144704287
232210,291.01436347008485
232211,1438.9575952962884
232212,1246.3706431551154
232213,612.9429960740905
232214,815.1861377744085
232215,119.02388082923422
232216,613.0480420710709
232217,537.7459004669516
232218,247.88638136291644
232219,363.3948554983292
232220,202.68294107805872
232221,1236.494150143611
232222,1086.7174196240662
232223,534.0328486678387
232224,729.0747436213446
232225,219.29523188187054
232226,1472.356411386624
232227,1268.4773402607568
232228,633.4964877470317
232229,835.4614750787528
232230,63.33676611272578
232231,428.9391551559624
232232,379.9753621833805
232233,181.96051957154057
232234,256.30382182541996
232235,128.8996854260034
232236,911.139658012775
232237,792.9885068633497
232238,370.5110053306768
232239,501.50635891552423
232240,152.95587708723824
232241,1063.690216741739
232242,901.0879046789121
232243,448.28159388528275
232244,586.200039848346
232245,719.3734285275652
232246,23.991060539032183
232247,26.60239272046332
232248,6.79222389393014
232249,25.039074768285644
232250,40.79344506611177
232251,30.61560986833697
232252,45.336959753831295
232253,-18.860287176335802
232254,30.904578380846846
232255,-5.0364348333507305
232256,47.74284429291058
232257,61.25095659820856
232258,9.621921854260373
232259,45.97838721646764
232260,157.37046011495423
232261,1027.3456653083297
232262,905.6099702022461
232263,435.56180325506546
232264,579.4472380094544
232265,321.7218753942872
232266,2011.4581376904375
232267,1809.9673063060588
232268,856.2286070288876
232269,1213.3802664084494
232270,380.3311328025585
232271,2389.90686505907
232272,2080.866692723802
232273,1008.3491854315446
232274,1409.7671744556485
232275,138.32089323351974
232276,805.4663844185519
232277,692.4889365528372
232278,352.100005211669
232279,486.68608701864173
232280,263.63365406863903
232281,1606.3011338031117
232282,1425.6344427764714
232283,708.9095405852642
232284,929.3039287122887
232285,296.23445125803556
232286,1894.784377901701
232287,1678.8188339906317
232288,822.6282537790801
232289,1087.288971550646
232290,746.6468504861733
232291,615.152579938622
232292,539.8522318082187
232293,235.48405164150145
232294,350.4721009254856
232295,570.0811635625685
232296,1219.3093186757385
232297,1065.9275020576729
232298,512.5748122817565
232299,707.8948616038593
232300,291.3244045652719
232301,1439.2676363914757
232302,1245.3937333224612
232303,612.8827129736628
232304,815.1258546739808
232305,119.33392192442125
232306,613.3580831662579
232307,536.7689906342973
232308,247.8260982624888
232309,363.3345723979016
232310,202.99298217324576
232311,1236.8041912387982
232312,1085.740509791412
232313,533.972565567411
232314,729.0144605209169
232315,219.60527297705758
232316,1472.6664524818111
232317,1267.5004304281026
232318,633.436204646604
232319,835.4011919783251
232320,63.64680720791282
232321,429.24919625114944
232322,378.99845235072627
232323,181.90023647111295
232324,256.24353872499233
232325,129.20972652119045
232326,911.449699107962
232327,792.0115970306954
232328,370.4507222302492
232329,501.4460758150966
232330,153.26591818242528
232331,1064.0002578369263
232332,900.1109948462578
232333,448.2213107848551
232334,586.1397567479183
232335,719.6834696227522
232336,24.301101634219226
232337,25.625482887809078
232338,6.731940793502505
232339,24.97879166785801
232340,58.751105079284244
232341,30.925650963524014
232342,44.36004992117704
232343,-18.920570276763435
232344,30.844295280419214
232345,-4.726393738163689
232346,48.05288538809762
232347,60.27404676555431
232348,9.56163875383274
232349,45.91810411604
232350,157.68050121014127
232351,1027.655706403517
232352,898.3762148182702
232353,436.55459287831525
232354,580.4400276327042
232355,322.03191648947427
232356,2011.7681787856247
232357,1802.733550922083
232358,857.2213966521374
232359,1214.3730560316994
232360,380.64117389774555
232361,2390.216906154257
232362,2073.632937339826
232363,1009.3419750547944
232364,1410.7599640788985
232365,138.6309343287068
232366,805.7764255137389
232367,685.2551811688613
232368,353.0927948349188
232369,487.6788766418915
232370,263.9436951638261
232371,1606.611174898299
232372,1418.4006873924955
232373,709.902330208514
232374,930.2967183355385
232375,296.5444923532226
232376,1895.0944189968882
232377,1671.5850786066558
232378,823.6210434023299
232379,1088.281761173896
232380,747.8453342704705
232381,616.3510637229193
232382,541.0507155925159
232383,236.68253542579845
232384,355.1872671066145
232385,574.1872872834734
232386,1220.5078024600355
232387,1067.1259858419699
232388,513.7732960660537
232389,712.6100277849883
232390,295.4305282861767
232391,1440.4661201757726
232392,1246.5922171067582
232393,614.08119675796
232394,819.8410208551098
232395,120.53240570871824
232396,614.5565669505551
232397,537.9674744185945
232398,249.0245820467858
232399,368.0497385790305
232400,204.1914659575428
232401,1238.0026750230952
232402,1086.938993575709
232403,535.1710493517082
232404,733.729626702046
232405,220.80375676135458
232406,1473.864936266108
232407,1268.6989142123996
232408,634.6346884309012
232409,840.1163581594541
232410,64.84529099220981
232411,430.4476800354465
232412,380.19693613502335
232413,183.09872025540994
232414,260.95870490612134
232415,130.4082103054874
232416,912.6481828922592
232417,793.2100808149926
232418,371.6492060145463
232419,506.1612419962255
232420,154.46440196672228
232421,1065.1987416212232
232422,901.309478630555
232423,449.4197945691522
232424,590.8549229290473
232425,723.2702932367648
232426,25.170594286617753
232427,26.494975540207605
232428,7.601433445901027
232429,29.364966717088336
232430,76.06782075907388
232431,31.795143615922534
232432,45.22954257357557
232433,-18.051077624364908
232434,35.230470329649556
232435,-1.1395701241513447
232436,48.92237804049615
232437,61.143539417952844
232438,10.431131406231268
232439,50.30427916527032
232440,156.97322214529547
232441,1026.948427338671
232442,897.6689357534246
232443,435.84731381346955
232444,583.2494309646904
232445,321.3246374246286
232446,2011.060899720779
232447,1802.0262718572371
232448,856.5141175872918
232449,1217.1824593636852
232450,379.93389483289985
232451,2389.509627089411
232452,2072.9256582749804
232453,1008.6346959899487
232454,1413.5693674108843
232455,137.92365526386098
232456,805.0691464488933
232457,684.5479021040157
232458,352.3855157700731
232459,490.48827997387764
232460,263.2364160989804
232461,1605.9038958334531
232462,1417.6934083276496
232463,709.1950511436684
232464,933.1061216675247
232465,295.8372132883769
232466,1894.3871399320424
232467,1670.87779954181
232468,822.9137643374843
232469,1091.0911645058818
232470,746.3587189871707
232471,648.334635740415
232472,572.1974828004566
232473,261.6961584633611
232474,361.5655388239257
232475,521.6112193586581
232476,1268.2990331112642
232477,1101.5612465019206
232478,555.7895179313986
232479,745.9351020340854
232480,265.5437679105039
232481,1501.655767477215
232482,1291.7654336454912
232483,641.928572856839
232484,884.2261347780915
232485,114.06159442400515
232486,652.999256901527
232487,568.4477109097695
232488,273.4196933038496
232489,373.80949851584273
232490,198.89198681556832
232491,1292.8715353882992
232492,1121.326235299393
232493,577.1872712170531
232494,767.054700951143
232495,227.8039437016219
232496,1543.4762073698946
232497,1315.1681059032346
232498,662.4820645297801
232499,904.5014720824357
232500,69.614896281587
232501,457.35525795263993
232502,399.1420605924198
232503,200.68221506139307
232504,259.90684839185343
232505,135.4556993885132
232506,949.5815970608106
232507,823.8476059933581
232508,408.1966139441343
232509,534.0175023095666
232510,167.45305181404746
232511,1116.2478687301211
232512,943.4022559778348
232513,468.7290633418139
232514,642.9269853971348
232515,721.2294987184273
232516,26.10671178151526
232517,26.65173755620409
232518,14.497483216162308
232519,9.603662919990024
232520,62.40479338385033
232521,29.8317624601701
232522,49.09781439956636
232523,-3.106576283415187
232524,27.97482597000472
232525,9.77789884833351
232526,50.87107989221652
232527,57.567784185798835
232528,13.851864844665828
232529,29.94596922659395
232530,166.77375999369778
232531,1069.3145286136246
232532,926.3568305473422
232533,460.0852908281458
232534,608.4765186277946
232535,334.26894927883774
232536,2163.6377411327503
232537,1920.5773150840496
232538,915.4741949948402
232539,1273.2351712321988
232540,392.2533484275583
232541,2525.4624556553836
232542,2206.327480007481
232543,1064.4807886155422
232544,1483.0443391746646
232545,149.91746893606594
232546,855.4017325091248
232547,724.7128408764288
232548,376.5633900893519
232549,503.42449259605587
232550,275.33564229248964
232551,1712.6176521543546
232552,1486.869677795374
232553,762.9940433479394
232554,977.5324111962715
232555,322.8418409034229
232556,2009.5817464379743
232557,1767.7445565004195
232558,884.7188520804946
232559,1154.2943590415505
232560,740.7894711549585
232561,677.9385864645477
232562,587.9113776300519
232563,277.77706288700494
232564,383.8340567779214
232565,422.6118136813782
232566,1357.5354909478447
232567,1182.7612353538457
232568,587.9456732970458
232569,797.9043052561403
232570,259.02843174889813
232571,1609.440933121238
232572,1394.7290392517907
232573,688.1469892692907
232574,927.5930399758431
232575,122.78884400313025
232576,685.7360798211554
232577,587.9299931915888
232578,291.41149490517074
232579,397.9889136475157
232580,205.1601949941542
232581,1383.121805815249
232582,1204.3837144258648
232583,609.3434265827003
232584,819.0239041731979
232585,234.91346991273392
232586,1658.1817704950147
232587,1421.7874662594338
232588,710.4987454175847
232589,949.6666417555402
232590,82.29012070755618
232591,480.88496397864594
232592,420.51741557011746
232593,209.96880657231418
232594,275.3810534331264
232595,150.28029169922394
232596,995.030268362295
232597,870.2167845705095
232598,420.43480385303656
232599,566.0687400748768
232600,182.48236773050274
232601,1160.390412312679
232602,987.5718953676168
232603,494.6015386091624
232604,665.9479494497836
232605,708.049228427411
232606,32.09441510911518
232607,29.849703277841446
232608,14.385610216528672
232609,17.1632198598258
232610,90.80229201804244
232611,29.250265672483565
232612,49.43682488754679
232613,-11.98703031890301
232614,40.39123620004222
232615,15.20223488648808
232616,51.55657841803621
232617,59.31094527574716
232618,4.296354317840162
232619,41.68732296529366
232620,172.74679517951134
232621,1114.4626628771678
232622,993.327241464277
232623,482.2503108195358
232624,640.0898070607151
232625,332.0487175319323
232626,2282.028677872993
232627,2019.8926103726067
232628,971.4787073390935
232629,1352.313386344038
232630,418.0869565334709
232631,2656.8278595033116
232632,2333.6112047413403
232633,1158.7805599125054
232634,1600.4178132392137
232635,155.86700048888898
232636,897.4155070973213
232637,777.5248658135683
232638,394.45861054411466
232639,530.7679814923495
232640,275.03309502007863
232641,1792.4888489669188
232642,1590.4048062430127
232643,786.5315414850913
232644,1024.1436121010097
232645,330.07299096356223
232646,2122.2532342919453
232647,1885.5024287946023
232648,926.0314666500884
232649,1218.6806763787304
232650,716.9147269497363
232651,751.8267895239036
232652,649.9715609019933
232653,326.18188544314245
232654,451.4263478752781
232655,317.2442183010107
232656,1530.2795351918792
232657,1311.7010022611262
232658,642.634267311689
232659,875.0560355728269
232660,270.21433588167747
232661,1793.2207465218269
232662,1526.9227154752116
232663,768.525896933907
232664,1038.7327597433305
232665,148.29490620482127
232666,765.4091007670173
232667,658.3565601775513
232668,340.27945048176167
232669,466.04433776532585
232670,218.6943492851736
232671,1554.7141463226894
232672,1337.80239010843
232673,664.7562926726044
232674,896.8999065651454
232675,248.30931022641212
232676,1833.107619194742
232677,1558.4600512581394
232678,791.601925157462
232679,1061.530633598289
232680,104.64406239665641
232681,547.8963416706417
232682,476.05393736464794
232683,229.0542548194088
232684,313.18516526548973
232685,165.7077145745911
232686,1082.7550701415857
232687,944.2657265388375
232688,457.86325800185267
232689,626.1096554925088
232690,194.6658356884278
232691,1288.3995077011605
232692,1107.539162788772
232693,574.2468222957123
232694,769.2195761859981
232695,729.3496193012372
232696,36.08148542075329
232697,38.49285202991811
232698,18.869963559826882
232699,17.26459338173552
232700,-7.357383612699693
232701,40.13561819270143
232702,62.653438345066164
232703,-3.760650682743666
232704,46.15088643272933
232705,17.615403221164772
232706,64.26107801237502
232707,78.75820750917093
232708,15.051886814811137
232709,50.99000783964176
232710,191.26240187392617
232711,1238.9277538755114
232712,1099.1268788234984
232713,536.9149486931362
232714,728.1453202983982
232715,389.2826452965171
232716,2508.628666769302
232717,2181.020680995016
232718,1066.8371143036052
232719,1489.444337500971
232720,435.6321746697724
232721,2995.238581068633
232722,2617.0426933982985
232723,1278.626358708124
232724,1741.6594790477773
232725,169.24630012763632
232726,994.5622941684883
232727,852.5829087263933
232728,422.8277194429208
232729,589.411371276438
232730,323.2261669971831
232731,1959.3484181730842
232732,1761.6314411292085
232733,871.3742388107521
232734,1136.7560184633348
232735,352.0426841837553
232736,2328.587200355133
232737,2045.0239951051328
232738,1039.9731692108405
232739,1340.8291987182001
232740,749.2846390603326
232741,617.7903685127814
232742,543.7769713102192
232743,237.7016957502477
232744,357.852574702343
232745,577.0411664788398
232746,1223.3616816554015
232747,1071.2668159651773
232748,516.2070307960074
232749,716.6899097862214
232750,298.0100028978811
232751,1443.0455947874768
232752,1250.4586426463038
232753,616.2405269042517
232754,823.6464982726809
232755,121.97171049858021
232756,623.1729681816438
232757,547.8708265775246
232758,250.04374237123506
232759,370.715046174759
232760,207.04534515290908
232761,1248.033650659688
232762,1098.2569201401432
232763,537.6047840816619
232764,737.809508703279
232765,223.38323137305892
232766,1483.621507319039
232767,1279.742436193172
232768,636.7940185771929
232769,843.9218355770251
232770,66.28459578207176
232771,431.88698482530845
232772,382.9231918527266
232773,184.1178805798592
232774,263.62401250184956
232775,133.2620895008537
232776,915.5020620876256
232777,797.3509109382003
232778,374.0829407445
232779,510.24112399745843
232780,157.04387657842662
232781,1067.7782162329274
232782,905.1759041701007
232783,451.5791247154439
232784,594.6604003466184
232785,717.560016131138
232786,27.41685868995049
232787,30.028190871381636
232788,8.12913754763413
232789,31.538818090100694
232790,72.489177755802
232791,34.64902281128887
232792,49.370372696783164
232793,-15.617342894411312
232794,39.31035233088242
232795,-2.6012932146592336
232796,51.50185265220047
232797,65.00996495749848
232798,12.59046155252292
232799,54.10975658284122
232800,155.8897543586199
232801,1028.7885730113792
232802,918.9117352258197
232803,435.77969884109115
232804,584.8279632635913
232805,333.3276107715053
232806,2023.063873067655
232807,1856.3453743417026
232808,869.435519044581
232809,1242.6362487692058
232810,390.99058431938863
232811,2400.5663165759
232812,2126.2984768990577
232813,1020.6098135868493
232814,1438.076872956017
232815,136.84018747718542
232816,802.8193514830921
232817,691.4872962917888
232818,348.6686205619602
232819,488.417532037044
232820,264.7486458459375
232821,1607.4161255804097
232822,1436.4337123140192
232823,709.2401806483136
232824,934.7973984434493
232825,296.403159174946
232826,1894.953085818611
232827,1688.6718196677916
232828,822.0126099817415
232829,1091.836157421418
232830,750.9840003303575
232831,619.4897297828062
232832,545.4763325802442
232833,239.40105702027276
232834,359.55193597236814
232835,578.7405277488648
232836,1225.0610429254266
232837,1072.9661772352024
232838,517.9063920660324
232839,718.3892710562463
232840,299.7093641679062
232841,1444.744956057502
232842,1252.1580039163289
232843,617.9398881742767
232844,825.3458595427059
232845,131.82082244955123
232846,633.0220801326147
232847,557.7199385284955
232848,259.8928543222064
232849,380.56415812573005
232850,216.8944571038801
232851,1257.882762610659
232852,1108.1060320911142
232853,547.4538960326329
232854,747.65862065425
232855,233.23234332402996
232856,1493.47061927001
232857,1289.591548144143
232858,646.6431305281639
232859,853.7709475279961
232860,66.25200233688982
232861,431.8543913801265
232862,382.89059840754464
232863,184.08528713467723
232864,263.59141905666763
232865,133.22949605567177
232866,915.4694686424436
232867,797.3183174930183
232868,374.05034729931805
232869,510.2085305522765
232870,157.01128313324466
232871,1067.7456227877453
232872,905.1433107249187
232873,451.546531270262
232874,594.6278069014364
232875,717.527422685956
232876,27.384265244768546
232877,29.995597426199694
232878,8.09654410245219
232879,31.50622464491875
232880,73.46479810617005
232881,35.6246431616569
232882,50.34599304715119
232883,-14.641722544043276
232884,40.285972681250456
232885,-2.633886659841175
232886,51.46925920701853
232887,64.97737151231652
232888,12.557868107340978
232889,54.07716313765928
232890,172.91384509362163
232891,1045.8126637463808
232892,935.9358259608214
232893,452.8037895760929
232894,601.852053998593
232895,351.35991530205706
232896,2041.0961775982066
232897,1874.3776788722541
232898,887.4678235751327
232899,1260.6685532997574
232900,408.0146750543904
232901,2417.590407310902
232902,2143.322567634059
232903,1037.6339043218509
232904,1455.1009636910187
232905,140.49339042219637
232906,806.472554428103
232907,695.1404992367997
232908,352.3218235069712
232909,492.070734982055
232910,269.4100625864984
232911,1612.0775423209705
232912,1441.09512905458
232913,713.9015973888745
232914,939.4588151840102
232915,300.056362119957
232916,1898.606288763622
232917,1692.3250226128025
232918,825.6658129267524
232919,1095.4893603664289
232920,741.7687932643363
232921,591.3025898017
232922,529.0757072683857
232923,223.06512937189413
232924,361.85921760499144
232925,608.8802730094334
232926,1191.3943083478564
232927,1049.7796601888044
232928,495.4389084422445
232929,732.6929657726093
232930,306.92814972082704
232931,1410.4296536472662
232932,1228.3229190372654
232933,587.2335582858954
232934,845.0060062297048
232935,117.39258645587628
232936,599.2363524146689
232937,535.7207254797974
232938,234.62304695319156
232939,373.93756003771745
232940,201.0516467047008
232941,1218.617440296249
232942,1079.3209273078764
232943,516.0525326882096
232944,753.028435649977
232945,213.76086893259657
232946,1450.5766329633454
232947,1260.1578755282396
232948,607.0029209191466
232949,864.4972144943591
232950,61.94931800808834
232951,415.3713117682812
232952,378.194033464947
232953,168.94103143053633
232954,261.68183502142284
232955,127.51223732136593
232956,893.5067944341334
232957,785.8358608158807
232958,357.5743301688097
232959,520.2953596007723
232960,147.66536040668487
232961,1042.154284587181
232962,893.0122862151159
232963,426.8316678751595
232964,610.0710879205672
232965,716.1785243357108
232966,13.961273025223043
232967,20.958596533640048
232968,-2.7295797376870006
232969,17.38137626722798
232970,29.153735349317405
232971,17.292743047850824
232972,37.805605256447706
232973,-16.765792435390694
232974,25.487998516645384
232975,-24.865895837360288
232976,27.974655844009153
232977,50.25437663199859
232978,0.6609126944501741
232979,29.60158418263286
232980,141.31954064040167
232981,981.8012863619506
232982,880.7102605620373
232983,404.04591414447
232984,593.1886692216792
232985,305.4629593926394
232986,1963.2745898865717
232987,1757.909936254123
232988,820.8748908335841
232989,1236.9541300976887
232990,359.1249119111958
232991,2336.7760123654884
232992,2032.9030857062594
232993,949.3386859256793
232994,1458.2959658647296
232995,128.06989024599235
232996,792.5958392784102
232997,676.2053331422092
232998,328.14691921667657
232999,501.16808896589475
233000,256.77872261638737
233001,1598.5051555494053
233002,1405.819219381316
233003,695.5839599443955
233004,969.887895657681
233005,284.43221491606874
233006,1882.041094758279
233007,1657.03640186535
233008,779.5405231514102
233009,1146.7224995396407
233010,741.7687932643363
233011,591.3025898017
233012,529.0757072683857
233013,223.06512937189413
233014,361.85921760499144
233015,608.8802730094334
233016,1191.3943083478564
233017,1049.7796601888044
233018,495.4389084422445
233019,732.6929657726093
233020,306.92814972082704
233021,1410.4296536472662
233022,1228.3229190372654
233023,587.2335582858954
233024,845.0060062297048
233025,117.39258645587628
233026,599.2363524146689
233027,535.7207254797974
233028,234.62304695319156
233029,373.93756003771745
233030,201.0516467047008
233031,1218.617440296249
233032,1079.3209273078764
233033,516.0525326882096
233034,753.028435649977
233035,213.76086893259657
233036,1450.5766329633454
233037,1260.1578755282396
233038,607.0029209191466
233039,864.4972144943591
233040,61.94931800808834
233041,415.3713117682812
233042,378.194033464947
233043,168.94103143053633
233044,261.68183502142284
233045,127.51223732136593
233046,893.5067944341334
233047,785.8358608158807
233048,357.5743301688097
233049,520.2953596007723
233050,147.66536040668487
233051,1042.154284587181
233052,893.0122862151159
233053,426.8316678751595
233054,610.0710879205672
233055,716.1785243357108
233056,13.961273025223043
233057,20.958596533640048
233058,-2.7295797376870006
233059,17.38137626722798
233060,29.153735349317405
233061,17.292743047850824
233062,37.805605256447706
233063,-16.765792435390694
233064,25.487998516645384
233065,-24.865895837360288
233066,27.974655844009153
233067,50.25437663199859
233068,0.6609126944501741
233069,29.60158418263286
233070,141.31954064040167
233071,981.8012863619506
233072,880.7102605620373
233073,404.04591414447
233074,593.1886692216792
233075,305.4629593926394
233076,1963.2745898865717
233077,1757.909936254123
233078,820.8748908335841
233079,1236.9541300976887
233080,359.1249119111958
233081,2336.7760123654884
233082,2032.9030857062594
233083,949.3386859256793
233084,1458.2959658647296
233085,128.06989024599235
233086,792.5958392784102
233087,676.2053331422092
233088,328.14691921667657
233089,501.16808896589475
233090,256.77872261638737
233091,1598.5051555494053
233092,1405.819219381316
233093,695.5839599443955
233094,969.887895657681
233095,284.43221491606874
233096,1882.041094758279
233097,1657.03640186535
233098,779.5405231514102
233099,1146.7224995396407
233100,741.6011751206285
233101,625.7382465752376
233102,562.674559232368
233103,246.1129918130687
233104,373.55070394165745
233105,506.8670187934587
233106,1241.6376237551267
233107,1086.6670056047967
233108,532.0152002181162
233109,776.7119563366139
233110,269.8199775570747
233111,1465.030602546044
233112,1266.9074371733338
233113,609.6410042953004
233114,920.0850364675939
233115,112.24077231075495
233116,640.1311271216824
233117,568.6530467270139
233118,257.0523976138671
233119,385.01053459388453
233120,197.07116470231827
233121,1275.9383854174946
233122,1116.160253787602
233123,552.6288244640808
233124,797.0474262139816
233125,224.75671642610766
233126,1527.4932493785486
233127,1313.9324125304913
233128,629.4103669285516
233129,939.5762447322483
233130,68.03792043705735
233131,444.730974441516
233132,399.5912426783849
233133,184.5587656401316
233134,265.9431931265098
233135,133.87872354398374
233136,932.8922933587264
233137,818.9254707502878
233138,388.68180800892395
233139,558.8455362290199
233140,164.6496708072538
233141,1098.3321598657724
233142,940.2338117320892
233143,440.70100655834744
233144,672.8370667035621
233145,709.2650634123473
233146,17.34947527616206
233147,23.567443305678058
233148,3.3739590700867046
233149,0.7401294368100514
233150,35.92344383901604
233151,17.7814466481399
233152,44.125961838479995
233153,-2.6138020569285416
233154,24.036879123496306
233155,-14.330789760129388
233156,32.375442451771065
233157,49.130706155886074
233158,3.2891351703971523
233159,15.047799210452284
233160,152.43907562839593
233161,1031.265705494222
233162,916.496473213272
233163,422.730283199122
233164,622.6177750084681
233165,319.72626838644044
233166,2122.949749155859
233167,1883.559297338253
233168,874.2813602811084
233169,1299.893328089703
233170,372.76336264544614
233171,2479.827158788777
233172,2173.4032252960737
233173,999.6311705912478
233174,1534.6574237520106
233175,140.5495711240016
233176,849.1936132621711
233177,722.6354598381516
233178,348.3235839948673
233179,520.2703320841109
233180,269.3638160157004
233181,1711.4840997938363
233182,1481.26067677257
233183,745.381742607579
233184,1023.1646836822804
233185,311.9227097369188
233186,2003.5008891877405
233187,1760.168346747489
233188,837.3444013533327
233189,1218.776192571163
233190,736.1392147118062
233191,655.0708630475909
233192,581.856749365574
233193,253.90653454401573
233194,397.68910425646004
233195,426.67731172404024
233196,1330.6027473399279
233197,1171.3352897603324
233198,555.8839938910664
233199,833.7991430556348
233200,270.402932630497
233201,1572.5444339382877
233202,1373.339338083244
233203,647.5720590150553
233204,968.5699251623115
233205,119.51432060050134
233206,672.5966157895315
233207,591.6036243124439
233208,266.7568375224916
233209,411.0598320863644
233210,201.88567159152535
233211,1365.917321592665
233212,1202.6860282176845
233213,576.497618137031
233214,854.1346129330025
233215,230.41254134784086
233216,1641.9274782518894
233217,1424.0200681903011
233218,669.1396861236594
233219,989.8593979023187
233220,79.25944357364781
233221,467.9893462157427
233222,424.4348929596932
233223,185.5579954583559
233224,283.28728052858975
233225,147.24961456531565
233226,978.0696304084315
233227,868.7629446310499
233228,392.6326362251294
233229,596.0147574912961
233230,178.2252854343303
233231,1142.203369196551
233232,987.8717464254819
233233,458.28612013299903
233234,700.9760142531768
233235,695.5922986606097
233236,24.825738238915285
233237,31.993598217858615
233238,-3.2653817353112196
233239,10.169568737452758
233240,74.5446161054754
233241,18.688509495606663
233242,49.69316151700364
233243,-18.02172389818066
233244,35.994300130487126
233245,6.603363119061826
233246,34.54950061274406
233247,56.10205643637761
233248,-12.793843162192806
233249,26.33016372610527
233250,158.13035307433148
233251,1077.3144490554866
233252,976.2482656627946
233253,437.77988504731604
233254,656.1009458021955
233255,317.224278899657
233256,2242.2412951938227
233257,1964.0956181135896
233258,923.1704544821648
233259,1386.7144427403048
233260,398.31521301148075
233261,2612.093171934426
233262,2281.907975516712
233263,1086.8155237450153
233264,1659.7737973553224
233265,146.19370230651776
233266,892.0843545176602
233267,778.4186883235625
233268,359.0797436760052
233269,548.6570754908113
233270,268.7558683729826
233271,1792.2322632736932
233272,1591.0812429747357
233273,761.7801799711058
233274,1076.6921562753819
233275,318.84845942675133
233276,2117.049343709004
233277,1884.211656796199
233278,871.5179551493014
233279,1290.078781596706
233280,705.896533487049
233281,732.1789505914088
233282,640.894329141877
233283,299.2090682624228
233284,459.0616397649756
233285,279.437513891161
233286,1505.1071198510483
233287,1295.7928969545985
233288,610.4395663179309
233289,896.7734490407889
233290,274.08072992189847
233291,1758.3589801896244
233292,1501.3252591773123
233293,728.0923496755548
233294,1065.8066251819291
233295,139.17023542854355
233296,749.6125538430839
233297,653.1306204259965
233298,313.04029390723855
233299,473.4132902612198
233300,207.5800817194907
233301,1533.3930229904201
233302,1325.745576810464
233303,632.2952522850428
233304,918.3509806393039
233305,236.81806446602778
233306,1813.0110924255932
233307,1550.6079306828829
233308,750.9020385053062
233309,1088.338159643084
233310,95.51939162037873
233311,532.0997947467083
233312,470.8279976130932
233313,201.81509824488586
233314,315.14558014927775
233315,154.5934470089082
233316,1061.4339468093165
233317,932.2089132408709
233318,425.40221761429103
233319,642.1521919545613
233320,183.17458992804345
233321,1266.1263837902884
233322,1097.5104450717922
233323,533.5469356435564
233324,790.6185646186866
233325,719.1628795349213
233326,26.3195215234184
233327,31.90097196269993
233328,-0.3755937769097953
233329,12.965470397968486
233330,4.483413876760035
233331,25.65603750050059
233332,52.74946247909878
233333,-14.483834053007254
233334,44.057472552217526
233335,2.9969697368926744
233336,44.38252115970416
233337,66.4353516423223
233338,-5.680454988262629
233339,38.98271625744184
233340,172.3695936343281
233341,1197.772624941368
233342,1071.7984999294542
233343,490.86410237000376
233344,731.7537659118512
233345,367.3088911501479
233346,2466.0603107703155
233347,2116.973004600614
233348,1014.4024939398712
233349,1495.9177085472993
233350,413.0704260220528
233351,2948.669204040319
233352,2551.974092134158
233353,1208.6145713202825
233354,1773.5573422187686
233355,156.1075758933452
233356,990.1251071973724
233357,848.1282088648322
233358,387.9431239894077
233359,603.9717983399589
233360,310.6105649184914
233361,1957.3945391242175
233362,1746.3123215840046
233363,843.5801897541357
233364,1179.3064905053484
233365,338.8390876037132
233366,2322.632300276938
233367,2028.6839506901904
233368,988.4965864538789
233369,1402.6987962086373
233370,736.9569569301867
233371,590.2876410172706
233372,526.8448509870873
233373,222.02081058913055
233374,365.717442140844
233375,584.3273455579555
233376,1191.811014656679
233377,1048.980459000758
233378,493.9786367658956
233379,736.7560380870931
233380,307.01998905954645
233381,1410.8463599560887
233382,1227.5237178492189
233383,585.7732866095465
233384,849.0690785441885
233385,113.96870222979756
233386,599.0055326699294
233387,534.2739982381888
233388,234.3628572101179
233389,378.57991361326
233390,197.05274009472112
233391,1219.8182756447616
233392,1079.30585515952
233393,515.3763900515504
233394,757.8756370041507
233395,210.3369847065177
233396,1451.777468311858
233397,1260.1428033798832
233398,606.3267782824877
233399,869.3444158485328
233400,58.28158751328897
233401,414.8966457548211
233402,376.5034599546179
233403,168.43699541874207
233404,266.0803423282448
233405,123.26948444266579
233406,894.4637835139251
233407,785.5769423988033
233408,356.6543412634302
233409,524.8987146862253
233410,143.9976299118854
233411,1043.1112736669731
233412,892.7533677980385
233413,425.91167896978
233414,614.6744430060202
233415,715.0130115807957
233416,15.988824751647243
233417,21.770240763195122
233418,-0.7313980095968362
233419,21.779883574049833
233420,29.251556390527302
233421,20.751949867526836
233422,40.04890457925461
233423,-15.183563600886025
233424,30.09135360209848
233425,-16.237268299345804
233426,31.433862663685197
233427,52.49767595480551
233428,2.243141528954849
233429,34.20493926808596
233430,141.38472432114145
233431,985.0595345240295
233432,879.0951500870331
233433,406.2217195845377
233434,598.0262226538259
233435,302.6898454567301
233436,1979.4986304371903
233437,1772.4527685236533
233438,820.4419763768998
233439,1239.8037643053
233440,359.76482450326307
233441,2353.000052916107
233442,2047.4459179757896
233443,948.905771468995
233444,1461.145600072341
233445,131.53813205441753
233446,805.8515294526619
233447,688.9453600512031
233448,335.34431945807603
233449,510.22425197940265
233450,259.9400815766207
233451,1619.6308057551394
233452,1426.4292063217922
233453,702.9767949391777
233454,979.7602940967884
233455,291.00660040427886
233456,1903.166744964013
233457,1677.646388805826
233458,786.9333581461924
233459,1156.5948979787481
233460,738.8500289374605
233461,590.8176050009092
233462,527.3748149707259
233463,222.55077457276911
233464,366.2474061244826
233465,591.8952973444128
233466,1190.9093235470655
233467,1048.0787678911445
233468,494.9245536431197
233469,737.0811542921005
233470,316.83408346521367
233471,1409.9446688464752
233472,1226.6220267396054
233473,586.7192034867705
233474,849.3941947491959
233475,115.86177423707137
233476,599.535496653568
233477,534.8039622218274
233478,234.89282119375648
233479,379.10987759689857
233480,199.52083448589576
233481,1218.916584535148
233482,1078.4041640499065
233483,516.3223069287744
233484,758.200753209158
233485,212.23005671379153
233486,1450.8757772022445
233487,1259.2411122702697
233488,607.2726951597117
233489,869.6695320535401
233490,60.17465952056279
233491,415.4266097384597
233492,377.0334239382565
233493,168.96695940238064
233494,266.6103063118834
233495,125.73757883384042
233496,893.5620924043119
233497,784.6752512891901
233498,357.60025814065426
233499,525.2238308912326
233500,145.89070191915923
233501,1042.2095825573597
233502,891.8516766884253
233503,426.85759584700406
233504,614.9995592110275
233505,716.9060835880695
233506,16.518788735285785
233507,22.300204746833668
233508,-0.2014340259582916
233509,22.30984755768838
233510,34.557654925777754
233511,19.850258757913565
233512,39.14721346964134
233513,-14.237646723661992
233514,30.416469807105788
233515,-14.344196292071983
233516,30.532171554071915
233517,51.59598484519222
233518,3.1890584061788836
233519,34.53005547309329
233520,143.27779632841526
233521,985.5894985076684
233522,879.6251140706717
233523,406.7516835681763
233524,598.5561866374645
233525,307.9959439919806
233526,1966.6921946243344
233527,1759.6463327107974
233528,823.5806602572903
233529,1242.3216475134739
233530,361.657896510537
233531,2340.193617103251
233532,2034.6394821629337
233533,952.0444553493855
233534,1463.6634832805148
233535,133.43120406169135
233536,806.3814934363005
233537,689.4753240348417
233538,335.8742834417146
233539,510.75421596304125
233540,265.2461801118711
233541,1615.3969533870807
233542,1422.1953539537335
233543,705.8427389378913
233544,982.0054374232853
233545,292.8996724115528
233546,1898.9328925959544
233547,1673.4125364377674
233548,789.799302144906
233549,1158.840041305245
233550,739.7638931010285
233551,591.1276460960962
233552,526.3979051380716
233553,222.4904914723415
233554,366.187123024055
233555,592.2053384395998
233556,1191.2193646422527
233557,1047.1018580584903
233558,494.86427054269205
233559,737.0208711916728
233560,304.92324955751934
233561,1410.2547099416624
233562,1225.6451169069512
233563,586.6589203863429
233564,849.3339116487682
233565,116.1718153322584
233566,599.845537748755
233567,533.8270523891731
233568,234.83253809332885
233569,379.04959449647095
233570,199.8308755810828
233571,1219.2266256303353
233572,1077.4272542172523
233573,516.2620238283467
233574,758.1404701087304
233575,212.54009780897857
233576,1451.1858182974318
233577,1258.2642024376155
233578,607.212412059284
233579,869.6092489531125
233580,60.48470061574983
233581,415.73665083364676
233582,376.0565141056022
233583,168.906676301953
233584,266.55002321145577
233585,126.04761992902745
233586,893.8721334994989
233587,783.6983414565358
233588,357.53997504022664
233589,525.163547790805
233590,146.20074301434627
233591,1042.519623652547
233592,890.874766855771
233593,426.79731274657644
233594,614.9392761105998
233595,717.2161246832565
233596,16.828829830472827
233597,21.323294914179424
233598,-0.26171712638592554
233599,22.249564457260746
233600,34.867696020964786
233601,20.160299853100607
233602,38.170303636987086
233603,-14.297929824089625
233604,30.356186706678155
233605,-14.03415519688494
233606,30.842212649258958
233607,50.61907501253797
233608,3.12877530575125
233609,34.46977237266565
233610,143.5878374236023
233611,985.8995396028554
233612,882.3056553782317
233613,407.7444731914261
233614,599.5489762607143
233615,308.30598508716764
233616,1967.0022357195217
233617,1762.3268740183578
233618,824.5734498805401
233619,1243.3144371367239
233620,361.96793760572405
233621,2340.503658198438
233622,2037.320023470494
233623,953.0372449726353
233624,1464.6562729037648
233625,133.7412451568784
233626,806.6915345314875
233627,687.7981699705762
233628,336.8670730649644
233629,511.74700558629104
233630,265.5562212070582
233631,1615.7069944822679
233632,1420.5181998894682
233633,706.8355285611411
233634,982.9982270465351
233635,293.20971350673983
233636,1899.2429336911416
233637,1671.735382373502
233638,790.7920917681558
233639,1159.832830928495
233640,738.9123421541136
233641,589.9212829277787
233642,525.191541969754
233643,221.4243163190767
233644,366.4989977020544
233645,591.3537874926848
233646,1190.0130014739352
233647,1045.8954948901728
233648,493.79809538942726
233649,738.4279389919999
233650,304.07169861060436
233651,1409.048346773345
233652,1224.4387537386337
233653,585.592745233078
233654,853.0147579638577
233655,115.32026438534346
233656,598.6391745804374
233657,532.6206892208555
233658,233.76636294006406
233659,379.36146917447036
233660,198.97932463416782
233661,1218.0202624620179
233662,1076.2208910489348
233663,515.1958486750818
233664,759.5475379090575
233665,211.68854686206362
233666,1449.9794551291143
233667,1257.057839269298
233668,606.1462369060191
233669,873.290095268202
233670,59.63314966883489
233671,414.5302876653291
233672,374.8501509372846
233673,167.84050114868822
233674,266.8618978894552
233675,125.19606898211251
233676,892.6657703311813
233677,782.4919782882182
233678,356.47379988696184
233679,526.9757674101995
233680,145.34919206743132
233681,1041.3132604842294
233682,889.6684036874534
233683,425.73113759331164
233684,616.7514957299944
233685,716.3645737363415
233686,15.622466662155244
233687,20.116931745861837
233688,0.7320308863619519
233689,22.561439135260137
233690,34.016145074049845
233691,18.953936684783027
233692,36.963940468669506
233693,-13.304181811341751
233694,29.58540871239626
233695,-14.885706143799883
233696,29.635849480941367
233697,49.41271184422039
233698,4.122523318499128
233699,33.69899437838375
233700,142.00277699709798
233701,983.9596669549483
233702,880.3657827303248
233703,406.3479098279503
233704,599.8608509387137
233705,306.72092466066323
233706,1965.0623630716148
233707,1760.387001370451
233708,823.1768865170642
233709,1246.1663302835932
233710,359.6568013248024
233711,2337.837709696114
233712,2034.6540749681703
233713,952.5855626942509
233714,1468.453047135726
233715,132.15618473037395
233716,804.7516618835806
233717,685.8582973226693
233718,335.4705097014886
233719,512.0588802642905
233720,263.97116078055393
233721,1613.767121834361
233722,1418.5783272415613
233723,705.4389651976652
233724,985.8501201934041
233725,290.8985772258182
233726,1896.5769851888178
233727,1669.0694338711783
233728,790.3404094897714
233729,1163.629605160456
233730,738.2704688255261
233731,622.7495968999868
233732,557.183051132407
233733,240.1835821413753
233734,379.20397487255735
233735,488.86627809183074
233736,1238.6489740798763
233737,1081.175497504836
233738,526.085790546423
233739,784.184461914759
233740,266.4892712619725
233741,1462.0419528707937
233742,1261.415929073373
233743,603.7115946236072
233744,929.8313205605015
233745,109.69419505534259
233746,637.9266064861216
233747,563.9456676667428
233748,251.90711698186382
233749,391.4479345644744
233750,194.5245874469058
233751,1273.7338647819342
233752,1111.4528747273312
233753,547.4835438320775
233754,805.3040608318166
233755,222.2101391706952
233756,1525.2887287429883
233757,1309.2250334702205
233758,624.2650862965484
233759,950.1066578648457
233760,65.24749691292435
233761,442.2826075372349
233762,394.6400173493934
233763,179.1696387394078
233764,272.1367468283791
233765,131.08830001985075
233766,930.443926454445
233767,813.974245421296
233768,383.2926811082004
233769,567.2634763972018
233770,161.85924728312074
233771,1095.8837929614915
233772,935.2825864030974
233773,435.3118796576239
233774,681.255006871744
233775,708.9768576280984
233776,17.40332611176513
233777,21.118435716570712
233778,2.5469730752599125
233779,6.933683138679104
233780,40.311598378868965
233781,17.83529748374297
233782,41.676954249372656
233783,-3.4407880517553497
233784,29.87182167800178
233785,-4.82485525144855
233786,32.42929328737415
233787,46.68169856677874
233788,2.462149175570354
233789,20.882741764957746
233790,152.28429034632435
233791,1026.8067437307266
233792,909.5346530250664
233793,420.7436822637266
233794,630.3034475593395
233795,319.0909680901782
233796,2117.064936058891
233797,1878.3637761725693
233798,872.2947593457127
233799,1310.8430606343618
233800,371.4019864947667
233801,2473.2162698373922
233802,2167.4816282759734
233803,998.5894507409438
233804,1546.5520373817612
233805,144.6309739034031
233806,855.5652234446362
233807,726.5042115959064
233808,352.1917077945914
233809,533.0077441501313
233810,291.02175909014204
233811,1749.589208829164
233812,1516.862927383187
233813,767.3069217165339
233814,1057.2232110513207
233815,332.8545769569432
233816,2040.8799223686513
233817,1795.0445215036893
233818,860.2144615473792
233819,1253.7796010252937
233820,732.7225096088989
233821,653.6683237524353
233822,574.2117220903181
233823,252.7408519714444
233824,401.31562844990714
233825,415.98839797466024
233826,1329.2002080447728
233827,1163.690262485077
233828,554.7183113184948
233829,840.0222092551412
233830,266.2384132180571
233831,1570.3940803335997
233832,1364.9464964984556
233833,645.6585621329505
233834,978.4479926921853
233835,118.39552924765731
233836,671.9782055340658
233837,584.7427260768778
233838,266.3752839896104
233839,415.47048531950145
233840,200.76688023868127
233841,1365.2989113372
233842,1195.825129982119
233843,576.1160646041493
233844,861.1418081721988
233845,228.54593568546372
233846,1640.5612536868914
233847,1416.4113556452028
233848,668.0103182812445
233849,1000.5215944718824
233850,77.8968059520832
233851,467.12708969155693
233852,417.330148455407
233853,184.93259565675382
233854,287.4540874930062
233855,145.886976943751
233856,977.2073738842452
233857,861.6582001267632
233858,392.0072364235276
233859,603.1832582808393
233860,176.11483350323255
233861,1140.5932983628325
233862,980.0191876116621
233863,456.9129060218642
233864,709.5257378583249
233865,694.9719848919964
233866,24.705805567680954
233867,25.631177566523967
233868,-1.0885345179488652
233869,12.317011850710463
233870,73.92430233686251
233871,18.568576824372332
233872,43.330740865669
233873,-15.844876680818313
233874,37.78313209638126
233875,5.983049350448893
233876,34.42956794150975
233877,49.73963578504298
233878,-10.616995944830448
233879,28.118995691999395
233880,158.23141014532752
233881,1073.2696541225857
233882,965.9609827497933
233883,439.3850676615416
233884,663.5411463804569
233885,316.84482095646234
233886,2236.7706489274487
233887,1955.5746342231105
233888,924.77563709639
233889,1397.4187033123537
233890,397.20967921386887
233891,2605.8964498136356
233892,2272.6609157718162
233893,1089.3655874443327
233894,1671.422939012463
233895,150.55459006941567
233896,931.3572754083742
233897,804.3160264176844
233898,366.56329365577915
233899,561.9756434346211
233900,290.6932964309206
233901,1863.2386830172698
233902,1648.7120799217203
233903,787.3207852601103
233904,1111.3318395222104
233905,340.0598116302721
233906,2187.329687598163
233907,1941.1164178887666
233908,898.0034415233976
233909,1325.6633459286263
233910,706.1968210821801
233911,731.3003395129524
233912,640.0157180634206
233913,298.96700810049947
233914,460.68417181992595
233915,305.33043877214766
233916,1504.2734905844643
233917,1294.9592676880145
233918,610.6134590495926
233919,902.1397921182229
233920,273.1844632208195
233921,1756.32879662683
233922,1499.2950756145178
233923,727.069688111006
233924,1074.3792296030526
233925,140.98430773404803
233926,748.7339427646275
233927,652.2520093475401
233928,312.7982337453152
233929,475.03582231617014
233930,209.96917640889598
233931,1532.5593937238361
233932,1324.91194754388
233933,632.4691450167045
233934,923.7173237167378
233935,237.43558247532172
233936,1810.9809088627987
233937,1548.5777471200884
233938,749.8793769407574
233939,1096.9107640642076
233940,97.33346392588318
233941,531.2211836682519
233942,469.9493865346371
233943,201.57303808296246
233944,316.7681122042281
233945,156.98254169831347
233946,1060.6003175427325
233947,931.3752839742866
233948,425.57611034595317
233949,647.9236868510627
233950,183.7921079373374
233951,1264.096200227494
233952,1095.4802615089977
233953,532.5242740790077
233954,797.3225423441155
233955,720.9769518404255
233956,25.44091044496224
233957,31.02236088424376
233958,1.442269227179412
233959,12.568638601760169
233960,9.710512710241124
233961,24.822408233916583
233962,51.9158332125148
233963,-12.250018155332555
233964,44.44929862506982
233965,4.81104204239714
233966,43.54889189312014
233967,65.60172237573832
233968,-3.4466390905879276
233969,39.374542330294126
233970,173.08639000635486
233971,1191.150504828158
233972,1065.1763798162444
233973,490.2916539978692
233974,735.1575727316443
233975,370.383470124633
233976,2459.675359227344
233977,2113.7802034136375
233978,1016.4387654644884
233979,1505.9256113804704
233980,412.00590261414413
233981,2941.558176642931
233982,2548.055215092765
233983,1211.595723929992
233984,1784.5101261370314
233985,160.27326287477553
233986,1026.0097628252795
233987,876.8797696762476
233988,392.43810290032343
233989,612.4430324428022
233990,335.19108981161094
233991,2026.4029736270215
233992,1808.187661270317
233993,868.4682039893571
233994,1212.166136049124
233995,359.280510114439
233996,2390.914658925325
233997,2089.8332145220857
233998,1014.3294817741918
233999,1436.5033228375046
234000,739.1699089311497
234001,590.893793248327
234002,527.4510032181437
234003,222.13042612027033
234004,367.6916498888575
234005,618.3154142826262
234006,1190.9855117944837
234007,1048.1549561385627
234008,494.5042051906205
234009,741.1219400625348
234010,314.45363270393193
234011,1408.2505449256776
234012,1224.9279028188078
234013,584.5285428660554
234014,856.0674839913147
234015,116.13445022836518
234016,599.6116849009858
234017,534.8801504692452
234018,234.4724727412577
234019,380.5541213612735
234020,199.7935104771896
234021,1218.9927727825664
234022,1078.4803522973248
234023,515.9019584762751
234024,762.2415389795924
234025,210.7324205368694
234026,1449.1816532814469
234027,1257.546988349472
234028,605.0820345389966
234029,876.342821295659
234030,60.447335511856636
234031,415.5027979858778
234032,377.1096121856745
234033,168.54661094988182
234034,268.0545500762583
234035,126.01025482513428
234036,893.6382806517297
234037,784.7514395366079
234038,357.1799096881555
234039,529.6697684807344
234040,144.3930657422371
234041,1040.515458636562
234042,890.1575527676272
234043,424.6669352262893
234044,619.8042217574514
234045,717.178759579363
234046,16.594976982703823
234047,22.37639299425172
234048,1.4381406875555398
234049,21.73472747090469
234050,44.737938087935376
234051,19.154506121048403
234052,38.45146083277618
234053,-13.370012894431351
234054,28.71079768867532
234055,-14.071520300778152
234056,30.60835980148996
234057,51.67217309261028
234058,4.828633119692729
234059,33.59632423894603
234060,142.4531963862314
234061,984.5684108216084
234062,878.604026384612
234063,406.00094690546644
234064,601.7817051666822
234065,306.1161001242784
234066,1964.6158630127568
234067,1757.5700010992198
234068,822.8299235945802
234069,1248.8112260364792
234070,359.05197678841756
234071,2337.3912096372555
234072,2031.8370746969392
234073,952.2385997717669
234074,1471.097942888612
234075,132.60660411950744
234076,837.8239069974666
234077,713.784642779516
234078,335.1235467790048
234079,513.9797344922588
234080,270.3823498160069
234081,1666.9570951523888
234082,1466.62240090255
234083,712.108015847019
234084,995.5110295181281
234085,297.30976626127114
234086,1949.7669585068456
234087,1717.113507532167
234088,797.0094601391252
234089,1173.2905144851798
234090,739.1838916658554
234091,590.9077759830327
234092,527.4649859528494
234093,222.1444088549758
234094,367.7056326235629
234095,618.3293970173319
234096,1190.9994945291892
234097,1048.1689388732682
234098,492.52204779515705
234099,741.1359227972405
234100,322.92374163881755
234101,1408.79963146217
234102,1225.4769893553002
234103,583.0814892723791
234104,856.6165705278073
234105,116.14843296307063
234106,599.6256676356915
234107,534.8941332039509
234108,234.48645547596317
234109,380.56810409597887
234110,199.80749321189506
234111,1219.0067555172718
234112,1078.4943350320302
234113,513.9198010808118
234114,762.2555217142981
234115,211.28150707336184
234116,1449.7307398179394
234117,1258.0960748859645
234118,603.6349809453203
234119,876.8919078321516
234120,60.46131824656212
234121,415.5167807205832
234122,377.1235949203799
234123,168.5605936845873
234124,268.0685328109637
234125,126.02423755983988
234126,893.6522633864354
234127,784.7654222713136
234128,355.1977522926921
234129,529.6837512154401
234130,144.94215227872954
234131,1041.0645451730545
234132,890.7066393041198
234133,423.21988163261295
234134,620.353308293944
234135,720.4422527906718
234136,18.100682486906383
234137,23.882098498454273
234138,2.9438461917580963
234139,23.24043297510725
234140,42.7463208870971
234141,20.660211625250955
234142,39.957166336978716
234143,-13.860447520397614
234144,30.216503192877866
234145,-15.528033699829523
234146,32.64916910747951
234147,53.71298239859981
234148,4.873302295513443
234149,35.637133544935566
234150,142.98499770287123
234151,985.1002121382485
234152,879.1358277012521
234153,406.53274822210625
234154,602.3135064833223
234155,306.64790144091813
234156,1965.1476643293965
234157,1758.1018024158595
234158,821.3655847810514
234159,1249.343027353119
234160,360.11888190684436
234161,2338.4581147556833
234162,2032.903979815366
234163,951.309364760025
234164,1472.1648480070387
234165,133.1384054361473
234166,838.3557083141067
234167,714.3164440961561
234168,335.65534809564457
234169,514.5115358088987
234170,270.9141511326468
234171,1667.4888964690285
234172,1467.1542022191898
234173,710.6436770334902
234174,996.0428308347682
234175,298.37667137969794
234176,1950.8338636252724
234177,1718.1804126505938
234178,796.0802251273833
234179,1174.3574196036066
234180,740.0977558294235
234181,591.2178170782197
234182,526.488076120195
234183,222.08412575454818
234184,367.6453495231353
234185,618.6394381125189
234186,1191.3095356243764
234187,1047.192029040614
234188,492.4617646947294
234189,741.0756396968128
234190,311.0129077311232
234191,1409.1096725573573
234192,1224.500079522646
234193,583.0212061719515
234194,856.5562874273796
234195,116.45847405825766
234196,599.9357087308784
234197,533.9172233712966
234198,234.42617237553554
234199,380.50782099555124
234200,200.1175343070821
234201,1219.316796612459
234202,1077.517425199376
234203,513.8595179803841
234204,762.1952386138704
234205,211.59154816854888
234206,1450.0407809131266
234207,1257.1191650533103
234208,603.5746978448926
234209,876.8316247317239
234210,60.77135934174916
234211,415.82682181577024
234212,376.14668508772564
234213,168.50031058415968
234214,268.00824971053606
234215,126.3342786550269
234216,893.9623044816224
234217,783.7885124386593
234218,355.13746919226446
234219,529.6234681150124
234220,145.25219337391658
234221,1041.3745862682417
234222,889.7297294714655
234223,423.1595985321853
234224,620.2930251935163
234225,720.7522938858588
234226,18.410723582093425
234227,22.90518866580003
234228,2.883563091330463
234229,23.180149874679618
234230,43.05636198228413
234231,20.970252720437998
234232,38.98025650432447
234233,-13.920730620825246
234234,30.156220092450233
234235,-15.21799260464248
234236,32.95921020266655
234237,52.73607256594556
234238,4.8130191950858086
234239,35.576850444507926
234240,143.29503879805827
234241,985.4102532334355
234242,881.8163690088121
234243,407.52553784535604
234244,603.3062961065721
234245,306.9579425361052
234246,1965.4577054245838
234247,1760.78234372342
234248,822.3583744043012
234249,1250.335816976369
234250,360.4289230020314
234251,2338.7681558508702
234252,2035.5845211229264
234253,952.3021543832748
234254,1473.1576376302887
234255,133.44844653133435
234256,838.6657494092937
234257,712.6392900318906
234258,336.64813771889436
234259,515.5043254321484
234260,271.22419222783384
234261,1667.7989375642157
234262,1465.4770481549244
234263,711.63646665674
234264,997.035620458018
234265,298.686712474885
234266,1951.1439047204597
234267,1716.5032585863285
234268,797.0730147506331
234269,1175.3502092268566
234270,742.5487733778958
234271,589.0700171156902
234272,526.691280376399
234273,221.60427024540317
234274,367.16549401399027
234275,621.0904556609912
234276,1189.161735661847
234277,1047.3952332968179
234278,491.9819091855844
234279,740.595784187668
234280,313.46392527959546
234281,1406.9618725948278
234282,1224.70328377885
234283,582.5413506628066
234284,856.0764319182348
234285,115.38386706203406
234286,597.787908768349
234287,534.1204276275006
234288,233.94631686639053
234289,380.02796548640623
234290,199.04292731085854
234291,1217.1689966499296
234292,1077.72062945558
234293,513.379662471239
234294,761.7153831047256
234295,210.5169411723253
234296,1447.8929809505971
234297,1257.3223693095142
234298,603.0948423357478
234299,876.351769222579
234300,59.696752345525574
234301,413.67902185324067
234302,376.34988934392953
234303,168.02045507501467
234304,267.52839420139105
234305,125.2596716588033
234306,891.8145045190929
234307,783.9917166948633
234308,354.65761368311945
234309,529.1436126058676
234310,144.177586377693
234311,1039.2267863057123
234312,889.9329337276695
234313,422.6797430230403
234314,619.8131696843715
234315,719.9950404824169
234316,16.580277212345504
234317,23.42574651478556
234318,2.7210611749670965
234319,23.01764795831625
234320,42.29910857884218
234321,19.139806350690076
234322,39.500814353310005
234323,-14.083232537188614
234324,29.99371817608687
234325,-15.97524600808445
234326,31.128763832918626
234327,53.25663041493109
234328,4.650517278722443
234329,35.414348528144565
234330,142.5377853946163
234331,983.5798068636876
234332,882.3369268577977
234333,407.36303592899264
234334,603.1437941902088
234335,306.2006891326632
234336,1963.627259054836
234337,1761.3029015724055
234338,822.195872487938
234339,1250.1733150600057
234340,359.6716695985894
234341,2336.937709481122
234342,2036.105078971912
234343,952.1396524669116
234344,1472.9951357139255
234345,132.69119312789238
234346,818.0160413395225
234347,694.3405861808529
234348,336.48563580253096
234349,515.3418235157852
234350,270.46693882439183
234351,1647.1492294944446
234352,1447.1783443038867
234353,711.4739647403768
234354,996.8731185416548
234355,297.929459071443
234356,1930.4941966506885
234357,1698.2045547352907
234358,796.9105128342699
234359,1175.1877073104934
234360,741.062158094596
234361,621.0535891331862
234362,557.8380475843397
234363,243.33313554698577
234364,380.0224324570949
234365,517.7582043054242
234366,1236.9529663130756
234367,1081.8304939567686
234368,525.0560536112583
234369,785.7802268581111
234370,275.0367559762513
234371,1459.1107367375641
234372,1260.8357171588768
234373,601.4466493220136
234374,932.3209142625625
234375,108.91305577732093
234376,636.2305987193209
234377,564.6006641186756
234378,255.05667038747413
234379,392.26639214901195
234380,193.74344816888407
234381,1272.0378570151336
234382,1112.1078711792638
234383,546.4538068969129
234384,806.8998257751687
234385,217.51712811259262
234386,1517.5042520543836
234387,1303.7915610003492
234388,622.0001409949548
234389,952.5962515669067
234390,64.46635763490261
234391,440.5865997704341
234392,395.295013801326
234393,182.319192145018
234394,272.95520441291666
234395,130.3071607418291
234396,928.7479186876443
234397,814.6292418732288
234398,382.2629441730356
234399,568.8592413405538
234400,157.16623622501817
234401,1090.2759134146102
234402,932.0257110749493
234403,433.04693435603014
234404,683.744600573805
234405,711.7625824194615
234406,17.516394707243006
234407,23.582508530782043
234408,7.505602843148882
234409,7.541853234336925
234410,52.79394463354346
234411,17.176425194937636
234412,43.36908617930078
234413,-3.433389508924635
234414,29.708050889376363
234415,-6.759137070445501
234416,33.07746568463902
234417,49.68087518277705
234418,3.7765924044712538
234419,22.026015662402546
234420,152.3383232430186
234421,1025.945908138642
234422,911.0248216517152
234423,424.7284078440528
234424,633.7383520834363
234425,319.14500098687233
234426,2116.2041004668063
234427,1879.853944799218
234428,872.1001945852641
234429,1314.2779651584585
234430,371.99112319324786
234431,2472.8905380470947
234432,2169.5069007044094
234433,998.9299897822824
234434,1550.522045707645
234435,144.68500680009734
234436,836.7115961960959
234437,720.0212913079329
234438,356.1764333749176
234439,536.4426486742282
234440,272.70862633139666
234441,1712.3684159251839
234442,1492.0128414397736
234443,748.7451913006456
234444,1042.2909499199777
234445,315.0765479999849
234446,2004.1942332664582
234447,1770.729539362063
234448,842.1878349332779
234449,1239.382443695738
234450,735.4929102623838
234451,650.6575398573189
234452,573.5519424139351
234453,254.58244240162512
234454,402.2909504110906
234455,449.2057179028006
234456,1326.1894241496561
234457,1163.0304828086937
234458,549.9582071063593
234459,837.749430080166
234460,268.5214198146456
234461,1566.8959023815871
234462,1363.7993227651764
234463,640.411063863919
234464,975.6878194603141
234465,117.64030535644596
234466,668.9674216389493
234467,584.0829464004948
234468,268.21687441979094
234469,416.4458072806849
234470,200.01165634746997
234471,1362.2881274420834
234472,1195.1653503057357
234473,571.3559603920138
234474,858.8690289972236
234475,224.62665432370463
234476,1632.2098151795037
234477,1410.4109213565484
234478,662.7628200122131
234479,997.7614212400113
234480,77.14158206087197
234481,464.1163057964401
234482,416.67036877902365
234483,186.7741860869344
234484,288.4294094541897
234485,145.1317530525397
234486,974.1965899891287
234487,860.9984204503802
234488,387.24713221139166
234489,600.910479105864
234490,172.19555214147346
234491,1134.418456997168
234492,976.1953504647313
234493,451.6654077528324
234494,706.7655646264537
234495,697.7836250701702
234496,23.50409803484293
234497,26.780474252419392
234498,2.5621322745104536
234499,15.101410174172697
234500,86.43256397834737
234501,16.5949284072511
234502,43.708096667281225
234503,-19.567845414958803
234504,42.12446111941389
234505,4.07468291826237
234506,33.76296421045871
234507,51.42403627272539
234508,-13.032919992900725
234509,33.76736940110223
234510,158.31135842883216
234511,1071.094042402185
234512,966.1363752481263
234513,438.7330954477418
234514,665.3516405163568
234515,316.9247692399669
234516,2234.595037207049
234517,1955.7500267214432
234518,917.5219702402741
234519,1393.3561802702977
234520,397.8247312991605
234521,2604.2559418950227
234522,2273.371412071937
234523,1082.6470243900037
234524,1667.8955197721941
234525,150.63453835292037
234526,878.7253707842924
234527,771.187923570661
234528,366.86889833036213
234529,563.7861375705211
234530,277.2977826836284
234531,1778.2674331380447
234532,1583.2446318195534
234533,765.4803038447525
234534,1091.7249250325297
234535,327.19940168476694
234536,2102.893541520726
234537,1876.1840735883868
234538,876.6980639098267
234539,1306.5915352407326
234540,704.0120401516624
234541,728.289555617836
234542,639.3559383870377
234543,300.80859853068
234544,461.6594937811094
234545,333.5925771162855
234546,1501.2627066893476
234547,1294.2994880116312
234548,605.853354837457
234549,899.8670129432477
234550,270.96102822008294
234551,1753.2793586614948
234552,1498.596641867916
234553,722.2709298286519
234554,1072.067796357859
234555,140.22908384283673
234556,745.723158869511
234557,651.5922296711572
234558,314.63982417549573
234559,476.0111442773536
234560,209.21395251768467
234561,1529.5486098287195
234562,1324.2521678674966
234563,627.7090408045689
234564,921.4445445417626
234565,233.96504110024011
234566,1803.0782103420886
234567,1543.0260528181116
234568,745.0806186584033
234569,1094.5993308190139
234570,96.57824003467195
234571,528.2103997731355
234572,469.2896068582537
234573,203.41462851314304
234574,317.74343416541154
234575,156.22731780710217
234576,1057.5895336476158
234577,930.7155042979036
234578,420.8160061338172
234579,645.6509076760875
234580,180.32156656225578
234581,1258.370098848507
234582,1092.1051643487442
234583,527.7255157966536
234584,795.0111090989218
234585,723.7885920185993
234586,24.239202912124203
234587,32.171657570139196
234588,5.092936019638734
234589,15.3530369252224
234590,7.267042476267656
234591,23.620700701078547
234592,53.06512989841022
234593,-15.201046005189802
234594,49.56256853238566
234595,2.9026756102106113
234596,42.88228816206911
234597,67.2861228634207
234598,-5.862563138658187
234599,45.022916039396954
234600,173.1663382898595
234601,1188.9748931077575
234602,1065.3517723145771
234603,489.6396817840695
234604,740.5339898354493
234605,370.46341840813756
234606,2457.499747506944
234607,2113.955595911971
234608,1009.1850986083725
234609,1512.6583950805502
234610,412.62095469943574
234611,2939.917668724318
234612,2548.765711392886
234613,1204.8771608756629
234614,1791.7780136388983
234615,160.35321115828017
234616,973.3778582011977
234617,843.7516668292243
234618,392.7437075749064
234619,614.2535265787021
234620,321.7955760643187
234621,1941.4317237477965
234622,1742.7202131681502
234623,846.6277225739993
234624,1192.5592215594431
234625,346.4201001689338
234626,2306.478512847888
234627,2024.900870221706
234628,993.0241041606209
234629,1417.4315121496109
234630,741.6349092143278
234631,588.7599760205032
234632,527.6681902090534
234633,221.6645533458308
234634,367.2257771144179
234635,620.7804145658042
234636,1188.8516945666597
234637,1048.372143129472
234638,487.4366377738646
234639,740.6560672880956
234640,317.45373678889655
234641,1406.6518314996406
234642,1225.6801936115041
234643,577.9960792510866
234644,856.1367150186625
234645,115.07382596684702
234646,597.477867673162
234647,535.0973374601549
234648,234.00659996681816
234649,380.08824858683386
234650,198.7328862156715
234651,1216.8589555547424
234652,1078.697539288234
234653,508.83439105951913
234654,761.7756662051532
234655,210.20690007713824
234656,1447.58293985541
234657,1258.2992791421684
234658,598.5495709240278
234659,876.4120523230067
234660,59.386711250338536
234661,413.3689807580536
234662,377.3267991765838
234663,168.0807381754423
234664,267.5886773018187
234665,124.94963056361627
234666,891.5044634239059
234667,784.9686265275176
234668,350.11234227139937
234669,529.2038957062953
234670,143.86754528250594
234671,1038.916745210525
234672,890.9098435603238
234673,418.13447161132024
234674,619.8734527847992
234675,719.6849993872299
234676,16.27023611715846
234677,24.4026563474398
234678,2.78134427539473
234679,23.077931058743882
234680,41.989067483655134
234681,18.829765255503034
234682,40.47772418596425
234683,-18.628503948908744
234684,30.0540012765145
234685,-14.259681252221682
234686,30.818722737731584
234687,54.23354024758534
234688,0.10524586700233142
234689,35.474631628572205
234690,142.22774429942925
234691,983.2697657685006
234692,879.6563855502377
234693,403.0415114870465
234694,605.7169275348641
234695,305.8906480374761
234696,1963.3172179596488
234697,1758.6223602648452
234698,813.2687935338441
234699,1259.9758321788916
234700,359.36162850340236
234701,2336.627668385935
234702,2033.4245376643516
234703,943.2125735128177
234704,1482.7976528328113
234705,132.38115203270533
234706,786.0689690406774
234707,681.5335065997854
234708,333.12168824896764
234709,514.3490338925354
234710,260.2993590427007
234711,1586.480735284749
234712,1405.6498428119685
234713,691.5779945713338
234714,983.953860815073
234715,287.76187928975185
234716,1869.825702440993
234717,1656.6760532433725
234718,777.0145426652268
234719,1162.2684495839112
234720,741.6349092143278
234721,588.7599760205032
234722,527.6681902090534
234723,221.6645533458308
234724,367.2257771144179
234725,620.7804145658042
234726,1188.8516945666597
234727,1048.372143129472
234728,487.4366377738646
234729,740.6560672880956
234730,325.3747591872898
234731,1406.6518314996406
234732,1225.6801936115041
234733,577.9960792510866
234734,856.1367150186625
234735,115.07382596684702
234736,597.477867673162
234737,535.0973374601549
234738,234.00659996681816
234739,380.08824858683386
234740,198.7328862156715
234741,1216.8589555547424
234742,1078.697539288234
234743,508.83439105951913
234744,761.7756662051532
234745,210.20690007713824
234746,1447.58293985541
234747,1258.2992791421684
234748,598.5495709240278
234749,876.4120523230067
234750,59.386711250338536
234751,413.3689807580536
234752,377.3267991765838
234753,168.0807381754423
234754,267.5886773018187
234755,124.94963056361627
234756,891.5044634239059
234757,784.9686265275176
234758,350.11234227139937
234759,529.2038957062953
234760,143.86754528250594
234761,1038.916745210525
234762,890.9098435603238
234763,418.13447161132024
234764,619.8734527847992
234765,719.6849993872299
234766,16.27023611715846
234767,24.4026563474398
234768,2.78134427539473
234769,23.077931058743882
234770,41.989067483655134
234771,18.829765255503034
234772,40.47772418596425
234773,-18.628503948908744
234774,30.0540012765145
234775,-14.259681252221682
234776,30.818722737731584
234777,54.23354024758534
234778,0.10524586700233142
234779,35.474631628572205
234780,142.22774429942925
234781,983.2697657685006
234782,879.6563855502377
234783,403.0415114870465
234784,605.7169275348641
234785,305.8906480374761
234786,1963.3172179596488
234787,1764.6833320293617
234788,813.2687935338441
234789,1259.9758321788916
234790,359.36162850340236
234791,2336.627668385935
234792,2033.4245376643516
234793,943.2125735128177
234794,1482.7976528328113
234795,132.38115203270533
234796,786.0689690406774
234797,681.5335065997854
234798,333.12168824896764
234799,514.3490338925354
234800,260.2993590427007
234801,1586.480735284749
234802,1405.6498428119685
234803,691.5779945713338
234804,983.953860815073
234805,287.76187928975185
234806,1869.825702440993
234807,1656.6760532433725
234808,777.0145426652268
234809,1162.2684495839112
234810,742.9724784489955
234811,589.4937221867899
234812,527.1149854474987
234813,222.02797531650296
234814,368.9309565791428
234815,621.5141607320909
234816,1189.5854407329466
234817,1047.8189383679176
234818,486.08397165547797
234819,742.3612467528203
234820,313.8876303506952
234821,1407.3855776659275
234822,1225.1269888499496
234823,576.6434131326998
234824,857.8418944833871
234825,115.80757213313382
234826,598.2116138394487
234827,534.5441326986003
234828,234.37002193749032
234829,381.79342805155875
234830,199.46663238195833
234831,1217.5927017210292
234832,1078.1443345266796
234833,507.4817249411325
234834,763.4808456698779
234835,210.94064624342508
234836,1448.3166860216968
234837,1257.746074380614
234838,597.196904805641
234839,878.1172317877314
234840,60.12045741662533
234841,414.1027269243404
234842,376.77359441502927
234843,168.44416014611446
234844,269.29385676654357
234845,125.68337672990306
234846,892.2382095901926
234847,784.415421765963
234848,348.7596761530127
234849,530.9090751710199
234850,144.60129144879278
234851,1039.650491376812
234852,890.3566387987692
234853,416.7818054929336
234854,621.5786322495238
234855,719.6200584952416
234856,17.00398228344526
234857,23.849451585885316
234858,3.144766246066853
234859,24.78311052346876
234860,59.2871404028601
234861,19.563511421789833
234862,39.92451942440975
234863,-19.98117006729538
234864,31.759180741239376
234865,-8.116451135381576
234866,31.55246890401838
234867,53.68033548603085
234868,-1.2474202513843022
234869,37.17981109329707
234870,142.96149046571608
234871,984.0035119347873
234872,882.7606319288974
234873,404.458006181396
234874,608.4751797232663
234875,306.6243942037629
234876,1964.0509641259357
234877,1767.7875784080218
234878,812.9692001391348
234879,1271.2604380139235
234880,360.09537466968914
234881,2337.361414552222
234882,2036.5287840430117
234883,942.9129801181084
234884,1494.0822586678432
234885,133.11489819899217
234886,786.8027152069641
234887,680.2800576066195
234888,334.53818294331717
234889,517.1072860809378
234890,261.0331052089875
234891,1587.214481451036
234892,1404.3963938188028
234893,691.2784011766245
234894,986.7121130034751
234895,288.4956254560386
234896,1870.5594486072798
234897,1655.4226042502069
234898,776.7149492705175
234899,1165.0267017723138
234900,743.191291980157
234901,589.7125357179514
234902,527.3337989786602
234903,221.44855895274424
234904,369.54173885762094
234905,621.7329742632523
234906,1189.804254264108
234907,1048.037751899079
234908,485.5045552917192
234909,744.8660158514714
234910,314.10644388185665
234911,1407.604391197089
234912,1225.345802381111
234913,576.0639967689411
234914,860.3466635820382
234915,116.02638566429525
234916,598.4304273706101
234917,534.7629462297617
234918,233.7906055737316
234919,382.4042103300369
234920,199.6854459131198
234921,1217.8115152521907
234922,1078.363148057841
234923,506.90230857737373
234924,765.985614768529
234925,211.15945977458657
234926,1448.5354995528583
234927,1257.9648879117753
234928,596.6174884418823
234929,880.6220008863825
234930,60.33927094778681
234931,414.32154045550186
234932,376.9924079461907
234933,167.86474378235573
234934,269.9046390450217
234935,125.90219026106453
234936,892.457023121354
234937,784.6342352971244
234938,348.18025978925397
234939,533.413844269671
234940,144.82010497995427
234941,1039.8693049079734
234942,890.5754523299306
234943,416.20238912917483
234944,624.0834013481749
234945,719.6200584952416
234946,17.00398228344526
234947,23.849451585885316
234948,3.144766246066853
234949,24.78311052346876
234950,59.2871404028601
234951,19.563511421789833
234952,39.92451942440975
234953,-19.98117006729538
234954,31.759180741239376
234955,-8.116451135381576
234956,31.55246890401838
234957,53.68033548603085
234958,-1.2474202513843022
234959,37.17981109329707
234960,142.96149046571608
234961,984.0035119347873
234962,882.7606319288974
234963,404.458006181396
234964,608.4751797232663
234965,306.6243942037629
234966,1964.0509641259357
234967,1767.7875784080218
234968,812.9692001391348
234969,1271.2604380139235
234970,360.09537466968914
234971,2337.361414552222
234972,2036.5287840430117
234973,942.9129801181084
234974,1494.0822586678432
234975,133.11489819899217
234976,786.8027152069641
234977,680.2800576066195
234978,334.53818294331717
234979,517.1072860809378
234980,261.0331052089875
234981,1587.214481451036
234982,1404.3963938188028
234983,691.2784011766245
234984,986.7121130034751
234985,288.4956254560386
234986,1870.5594486072798
234987,1655.4226042502069
234988,776.7149492705175
234989,1165.0267017723138
234990,741.7046766968572
234991,621.6961077354473
234992,558.4805661866009
234993,243.17742425432684
234994,381.0569198066728
234995,548.8476421823417
234996,1237.5954849153368
234997,1082.4730125590297
234998,520.761849927999
234999,788.7087010278618
235000,275.6792745785125
235001,1459.7532553398253
235002,1261.478235761138
235003,597.1524456387543
235004,935.2493884323133
235005,109.55557437958217
235006,636.8731173215821
235007,565.2431827209367
235008,254.9009590948152
235009,393.30087949858984
235010,194.38596677114538
235011,1272.6803756173947
235012,1112.750389781525
235013,542.1596032136536
235014,809.8282999449194
235015,218.1596467148539
235016,1518.1467706566448
235017,1304.4340796026104
235018,617.7059373116955
235019,955.5247257366575
235020,65.10887623716386
235021,441.22911837269527
235022,395.93753240358717
235023,182.16348085235907
235024,273.98969176249454
235025,130.94967934409033
235026,929.3904372899054
235027,815.2717604754899
235028,377.96874048977634
235029,571.7877155103046
235030,157.80875482727944
235031,1090.9184320168713
235032,932.6682296772104
235033,428.7527306727709
235034,686.6730747435557
235035,711.3876004322861
235036,17.940099778342763
235037,24.0062136018818
235038,7.929307914248638
235039,7.965558305436678
235040,58.458770415255046
235041,17.600130266037393
235042,43.79279125040054
235043,-7.148176828425157
235044,30.13175596047612
235045,-0.9259480487924425
235046,33.50117075573878
235047,50.10458025387681
235048,0.06180508497074168
235049,22.449720733502303
235050,152.7620283141184
235051,1026.3696132097416
235052,911.4485267228149
235053,421.82337809645617
235054,637.7279801224411
235055,319.56870605797207
235056,2116.627805537906
235057,1886.3386216348342
235058,865.0566724470672
235059,1334.0233306183234
235060,372.4148282643476
235061,2473.3142431181946
235062,2169.9306057755093
235063,991.8864676440854
235064,1570.2674111675099
235065,145.10871187119713
235066,837.1353012671956
235067,720.4449963790325
235068,354.2289805157038
235069,536.8663537453278
235070,273.1323314024964
235071,1693.9282377719373
235072,1473.5726632865271
235073,740.5903166340037
235074,1040.6457255742494
235075,315.5002530710846
235076,1985.7540551132117
235077,1752.2893612088164
235078,834.032960266636
235079,1237.7372193500096
235080,736.135428864645
235081,651.30005845958
235082,574.1944610161962
235083,254.426731108966
235084,403.3254377606685
235085,449.8482365050618
235086,1326.8319427519173
235087,1163.6730014109548
235088,548.0864077246415
235089,840.6779042499168
235090,269.1639384169068
235091,1567.5384209838483
235092,1364.4418413674375
235093,638.5392644822012
235094,978.6162936300649
235095,118.28282395870721
235096,669.6099402412104
235097,584.725465002756
235098,268.0611631271319
235099,417.4802946302628
235100,200.65417494973124
235101,1362.9306460443445
235102,1195.8078689079969
235103,569.484161010296
235104,861.7975031669744
235105,225.2691729259659
235106,1632.8523337817649
235107,1411.0534399588096
235108,660.8910206304953
235109,1000.689895409762
235110,77.7841006631332
235111,464.7588243987013
235112,417.31288738128484
235113,186.61847479427547
235114,289.46389680376757
235115,145.77427165480097
235116,974.8391085913898
235117,861.6409390526413
235118,385.3753328296739
235119,603.8389532756148
235120,172.83807074373473
235121,1135.0609755994292
235122,976.8378690669924
235123,449.7936083711146
235124,709.6940387962045
235125,698.2073301412698
235126,23.927803105942687
235127,27.20417932351915
235128,2.9858373456102107
235129,15.525115245272456
235130,86.85626904944714
235131,17.018633478350857
235132,44.131801738380986
235133,-20.8602284329178
235134,42.54816619051365
235135,4.498387989362126
235136,34.186669281558466
235137,51.84774134382515
235138,-14.325303010859725
235139,34.19107447220198
235140,158.73506349993195
235141,1071.5177474732848
235142,966.560080319226
235143,439.1568005188415
235144,669.3412685553616
235145,317.34847431106664
235146,2235.0187422781487
235147,1962.2347035570594
235148,916.229587222315
235149,1413.1015457301626
235150,398.2484363702602
235151,2604.6796469661226
235152,2273.795117143037
235153,1081.3546413720446
235154,1687.640885232059
235155,151.05824342402016
235156,879.1490758553921
235157,771.6116286417607
235158,367.29260340146186
235159,564.2098426416208
235160,277.7214877547281
235161,1778.6911382091444
235162,1583.668336890653
235163,764.1879208267934
235164,1092.1486301036293
235165,327.6231067558667
235166,2103.317246591826
235167,1876.6077786594865
235168,875.4056808918676
235169,1307.0152403118323
235170,705.8530425382207
235171,730.1305580043942
235172,641.196940773596
235173,301.85137102231806
235174,467.4091473118162
235175,351.5565909722914
235176,1502.712676553141
235177,1296.1404903981893
235178,605.1800392400364
235179,907.5106532941275
235180,277.1561868476648
235181,1754.729328525288
235182,1500.4376442544742
235183,721.5976142312313
235184,1079.7114367087383
235185,142.070086229395
235186,747.5641612560694
235187,653.4332320577155
235188,315.6825966671338
235189,481.7607978080604
235190,211.05495490424295
235191,1530.9985796925127
235192,1326.0931702540547
235193,627.0357252071483
235194,929.0881848926424
235195,235.8060434867984
235196,1804.5281802058819
235197,1544.8670552046697
235198,744.4073030609827
235199,1102.2429711698933
235200,98.41924242123015
235201,530.0514021596938
235202,471.130609244812
235203,204.4574010047811
235204,323.4930876961183
235205,158.06832019366044
235206,1059.039503511409
235207,932.556506684462
235208,420.1426905363965
235209,653.2945480269673
235210,182.16256894881406
235211,1259.8200687123003
235212,1093.9461667353023
235213,527.052200199233
235214,802.6547494498016
235215,727.7991207037115
235216,25.53240063562248
235217,33.46485529363748
235218,6.386133743137012
235219,20.162917045552486
235220,19.586725156086644
235221,24.522865901811993
235222,54.3583276219085
235223,-15.623936370750275
235224,54.372448652715725
235225,6.913204295322721
235226,43.78445336280256
235227,68.57932058691898
235228,-6.285453504218661
235229,49.83279615972702
235230,172.8827642961135
235231,1188.6913191140113
235232,1065.068198320831
235233,489.3561077903237
235234,743.7670982385353
235235,370.1798444143916
235236,2456.8251409904333
235237,2113.6720219182253
235238,1007.1854365255676
235239,1524.417857130265
235240,412.3373807056898
235241,2939.2430622078073
235242,2548.48213739914
235243,1202.877498792858
235244,1803.537475688613
235245,159.2435662385094
235246,973.6469183115621
235247,844.0207269395887
235248,390.0155259814891
235249,615.0420273821167
235250,320.68593114454796
235251,1941.309751335396
235252,1742.9892732785145
235253,842.1834528915233
235254,1193.347722362857
235255,345.31045524916306
235256,2306.3565404354877
235257,2025.1699303320704
235258,988.5798344781449
235259,1418.2200129530247
235260,743.4759116008861
235261,591.8922356834481
235262,529.5091925956117
235263,221.9168571764415
235264,375.1728667494294
235265,625.5290568889703
235266,1191.5929217068394
235267,1050.2131455160302
235268,485.9728535154166
235269,750.49714374328
235270,322.20237911206254
235271,1409.3930586398203
235272,1227.5211959980622
235273,576.5322949926386
235274,865.9777914738469
235275,116.91482835340521
235276,600.6101273361068
235277,536.9383398467132
235278,234.25890379742887
235279,388.03533822184534
235280,200.57388860222977
235281,1219.600182694922
235282,1080.5385416747922
235283,507.3706068010711
235284,771.6167426603376
235285,212.04790246369652
235286,1450.3241669955896
235287,1260.1402815287265
235288,597.0857866655798
235289,886.2531287781911
235290,61.22771363689679
235291,416.5012404209983
235292,379.16780156314206
235293,168.333042006053
235294,275.53576693683016
235295,126.79063295017447
235296,894.2456905640859
235297,786.8096289140759
235298,348.64855801295136
235299,539.0449721614797
235300,145.70854766906422
235301,1041.6579723507048
235302,892.7508459468821
235303,416.6706873528722
235304,629.7145292399836
235305,722.8968410140671
235306,15.566680819291507
235307,25.695854070938086
235308,3.2840733378656584
235309,30.085247283378607
235310,87.50891170680988
235311,17.735177434871247
235312,41.770921909462544
235313,-19.84186297549656
235314,37.061317501149254
235315,-4.839668616556277
235316,29.7241349170998
235317,55.52673797108362
235318,-1.108113159585496
235319,42.48194785320693
235320,141.94417030568323
235321,1005.785568796624
235322,884.9294128762022
235323,404.3591141317758
235324,613.5391173417573
235325,305.60707404373017
235326,1985.4419884650076
235327,1769.9563593553262
235328,812.8703080895148
235329,1276.3243756324136
235330,359.0780545096564
235331,2358.752438891294
235332,2038.697564990316
235333,942.8140880684883
235334,1499.1461962863334
235335,131.27150711293456
235336,795.2626778003064
235337,687.3591680298601
235338,329.6091549413015
235339,517.3410877470333
235340,259.1897141229299
235341,1595.283411521613
235342,1411.4755042420434
235343,686.3493731746088
235344,986.9459146695706
235345,286.6522343699811
235346,1878.628378677857
235347,1662.5017146734474
235348,771.7859212685019
235349,1165.2605034384083
235350,743.4759116008861
235351,591.2352268230578
235352,529.5091925956117
235353,221.9168571764415
235354,375.1728667494294
235355,625.5290568889703
235356,1190.9359128464491
235357,1050.2131455160302
235358,485.9728535154166
235359,750.49714374328
235360,330.1234015104558
235361,1408.73604977943
235362,1227.5211959980622
235363,576.5322949926386
235364,865.9777914738469
235365,116.91482835340521
235366,599.9531184757165
235367,536.9383398467132
235368,234.25890379742887
235369,388.03533822184534
235370,200.57388860222977
235371,1218.9431738345318
235372,1080.5385416747922
235373,507.3706068010711
235374,771.6167426603376
235375,212.04790246369652
235376,1449.6671581351993
235377,1260.1402815287265
235378,597.0857866655798
235379,886.2531287781911
235380,61.22771363689679
235381,415.8442315606079
235382,379.16780156314206
235383,168.333042006053
235384,275.53576693683016
235385,126.79063295017447
235386,893.5886817036956
235387,786.8096289140759
235388,348.64855801295136
235389,539.0449721614797
235390,145.70854766906422
235391,1041.0009634903145
235392,892.7508459468821
235393,416.6706873528722
235394,629.7145292399836
235395,722.8968410140671
235396,11.15869631945267
235397,25.695854070938086
235398,3.2840733378656584
235399,30.085247283378607
235400,87.50891170680988
235401,13.327192935032409
235402,41.770921909462544
235403,-19.84186297549656
235404,37.061317501149254
235405,-4.839668616556277
235406,25.316150417260957
235407,55.52673797108362
235408,-1.108113159585496
235409,42.48194785320693
235410,141.94417030568323
235411,1008.9500371551014
235412,905.9670682842656
235413,404.3591141317758
235414,613.5391173417573
235415,305.60707404373017
235416,1988.606456823485
235417,1802.5543708091977
235418,812.8703080895148
235419,1276.3243756324136
235420,359.0780545096564
235421,2361.916907249771
235422,2071.295576444187
235423,942.8140880684883
235424,1499.1461962863334
235425,130.1758390344283
235426,794.1504433357692
235427,686.3511745961513
235428,326.9557688331812
235429,517.0725618845062
235430,260.3348063019326
235431,1596.411937314585
235432,1410.9517548892018
235433,687.4944653536115
235434,988.0910068485733
235435,287.7973265489838
235436,1879.7569044708289
235437,1661.9779653206058
235438,772.9310134475046
235439,1166.405595617411
235440,751.3877804440848
235441,580.9265065300767
235442,518.6996239967624
235443,217.61594406001026
235444,378.4807482279033
235445,651.4956230365689
235446,1181.018225076233
235447,1039.403576917181
235448,473.8054726594536
235449,775.0514151511734
235450,372.511885136706
235451,1400.0535703756427
235452,1217.946835765642
235453,565.6001225031046
235454,880.6321949410868
235455,113.49705095282933
235456,593.7871671027851
235457,530.2715401679136
235458,229.1738616413077
235459,390.5590906606293
235460,191.92782637094484
235461,1213.1682549843654
235462,1073.8717419959928
235463,494.4190969054186
235464,795.3868850285411
235465,204.93819644297494
235466,1445.1274476514618
235467,1254.708690216356
235468,585.3694851363558
235469,900.1234032057412
235470,55.56254162595938
235471,409.9221264563972
235472,372.744848153063
235473,163.49184611865246
235474,278.3033656443347
235475,118.38841698760999
235476,888.0576091222497
235477,780.3866755039969
235478,335.9408943860188
235479,556.9536662374421
235480,140.35011477904177
235481,1036.7050992752975
235482,887.5631009032321
235483,405.1982320923686
235484,639.997133890055
235485,711.5130413792407
235486,12.865460998565958
235487,19.86278450698296
235488,-4.261151709075433
235489,14.254022479356776
235490,16.395520889779963
235491,16.196931021193734
235492,36.70979322979062
235493,-17.251190573676922
235494,34.35135160884748
235495,-4.935160654301382
235496,26.878843817352063
235497,49.158564605341496
235498,2.5085810540811173
235499,31.73267660765296
235500,138.52700720151628
235501,980.0661210222
235502,878.1571783589014
235503,393.49241671409357
235504,615.0763930807768
235505,302.12330774100946
235506,1961.5394245468212
235507,1752.0426198447315
235508,793.8524985030849
235509,1313.012162300159
235510,354.65926821392924
235511,2335.040847025738
235512,2027.0357692968678
235513,917.7923242552524
235514,1531.0646937598033
235515,125.41315359979197
235516,779.920741409802
235517,659.2411682405873
235518,312.81361666313654
235519,515.6929508737082
235520,243.20287583318984
235521,1571.6782501433172
235522,1376.6073018890568
235523,652.9622700161186
235524,1003.6846309284492
235525,269.7303760872347
235526,1855.214189352191
235527,1627.8244843730906
235528,736.9188332231333
235529,1177.5089237179636
235530,751.3877804440848
235531,580.9265065300767
235532,518.6996239967624
235533,217.61594406001026
235534,378.4807482279033
235535,651.4956230365689
235536,1181.018225076233
235537,1039.403576917181
235538,473.8054726594536
235539,775.0514151511734
235540,372.511885136706
235541,1400.0535703756427
235542,1217.946835765642
235543,565.6001225031046
235544,880.6321949410868
235545,113.49705095282933
235546,593.7871671027851
235547,530.2715401679136
235548,229.1738616413077
235549,390.5590906606293
235550,191.92782637094484
235551,1213.1682549843654
235552,1073.8717419959928
235553,494.4190969054186
235554,795.3868850285411
235555,204.93819644297494
235556,1445.1274476514618
235557,1254.708690216356
235558,585.3694851363558
235559,900.1234032057412
235560,55.56254162595938
235561,409.9221264563972
235562,372.744848153063
235563,163.49184611865246
235564,278.3033656443347
235565,118.38841698760999
235566,888.0576091222497
235567,780.3866755039969
235568,335.9408943860188
235569,556.9536662374421
235570,140.35011477904177
235571,1036.7050992752975
235572,887.5631009032321
235573,405.1982320923686
235574,639.997133890055
235575,711.5130413792407
235576,12.865460998565958
235577,19.86278450698296
235578,-4.261151709075433
235579,14.254022479356776
235580,7.400933449749289
235581,16.196931021193734
235582,36.70979322979062
235583,-17.251190573676922
235584,34.35135160884748
235585,-4.935160654301382
235586,26.878843817352063
235587,49.158564605341496
235588,2.5085810540811173
235589,31.73267660765296
235590,138.52700720151628
235591,980.0661210222
235592,878.1571783589014
235593,393.49241671409357
235594,615.0763930807768
235595,302.12330774100946
235596,1961.5394245468212
235597,1752.0426198447315
235598,793.8524985030849
235599,1313.012162300159
235600,354.65926821392924
235601,2335.040847025738
235602,2027.0357692968678
235603,917.7923242552524
235604,1531.0646937598033
235605,125.41315359979197
235606,779.920741409802
235607,659.2411682405873
235608,312.81361666313654
235609,515.6929508737082
235610,243.20287583318984
235611,1571.6782501433172
235612,1376.6073018890568
235613,652.9622700161186
235614,1003.6846309284492
235615,269.7303760872347
235616,1855.214189352191
235617,1627.8244843730906
235618,736.9188332231333
235619,1177.5089237179636
235620,746.9457544877004
235621,615.3621633036142
235622,552.2984759607447
235623,238.1616247737074
235624,390.3665711698657
235625,587.596338746646
235626,1231.2615404835033
235627,1076.2909223331733
235628,509.6688318752504
235629,819.2647423204744
235630,311.0059849611907
235631,1454.6545192744206
235632,1256.5313539017104
235633,587.2946359524346
235634,955.9055617842724
235635,106.5401915980237
235636,634.6819418097987
235637,563.2038614151302
235638,249.10103057450576
235639,401.82640182209275
235640,187.9473443685623
235641,1270.489200105611
235642,1110.7110684757183
235643,530.2824561212151
235644,839.6002121978421
235645,214.12899872680174
235646,1522.044064066665
235647,1308.4832272186077
235648,607.0639985856859
235649,975.3967700489268
235650,59.8460988452441
235651,439.28178912963205
235652,394.1420573665009
235653,176.6073986007703
235654,282.7590603547181
235655,124.7549032102277
235656,927.4431080468427
235657,813.476285438404
235658,366.3354396660581
235659,595.6981794709862
235660,155.52937996992642
235661,1092.8829745538887
235662,934.7846264202054
235663,418.3546382154816
235664,702.9574492783464
235665,705.7882301307773
235666,16.253663249504967
235667,22.47163127902097
235668,4.6581501400097585
235669,-2.741739120392116
235670,41.080793467485314
235671,16.685634621482816
235672,43.030149811822895
235673,1.505812013499248
235674,32.54571744636742
235675,-4.663631031245518
235676,31.279630425113968
235677,48.03489412922898
235678,9.741815738742131
235679,16.824376866141417
235680,147.84149697982625
235681,1029.5305401544715
235682,913.9433910101361
235683,408.84930374211524
235684,643.4628363623971
235685,316.3866167348105
235686,2121.2145838161086
235687,1877.6919809288613
235688,837.4970279269687
235689,1374.9086977870045
235690,366.4926737384953
235691,2478.0919934490266
235692,2167.535908886682
235693,958.3228688971805
235694,1621.5430575388546
235695,136.0877892681168
235696,836.5185153935629
235697,705.6712949365298
235698,329.6627994146968
235699,535.0836735168313
235700,255.787969232503
235701,1684.6571943877482
235702,1452.0487592803106
235703,692.9981126556617
235704,1057.249898477957
235705,295.41582569840045
235706,1976.6739837816524
235707,1730.9564292552298
235708,784.9607714014154
235709,1265.0106646713323
235710,744.5621967325136
235711,644.3090452993987
235712,572.6289670130227
235713,247.10346842372613
235714,417.3460727595298
235715,514.9830164490638
235716,1321.3749649873764
235717,1162.107507407781
235718,534.6859264672727
235719,874.2921966025194
235720,294.24313103206623
235721,1561.7826161900955
235722,1364.1115557306925
235723,626.3739915912615
235724,1002.3307180420142
235725,110.82261912204464
235726,666.7616960010788
235727,587.3027399196321
235728,259.9537714022021
235729,430.7168005894341
235730,193.9101521768414
235731,1361.6164371998534
235732,1198.3851438248728
235733,555.2995507132373
235734,894.6276664798871
235735,221.87621647120602
235736,1636.092558463437
235737,1419.7191837974894
235738,647.9416186998657
235739,1023.6201907820212
235740,68.07650121610912
235741,462.1544264272898
235742,420.13400856688116
235743,178.75492933806657
235744,302.9442490316595
235745,139.2740951506317
235746,973.7687460156197
235747,864.4620602382381
235748,371.4345688013355
235749,630.8076682962866
235750,167.50224279062957
235751,1136.3684494080985
235752,983.5708620326701
235753,437.08805270920516
235754,729.0366643909853
235755,696.3682913419976
235756,21.584297848756663
235757,30.28619322334088
235758,-2.592783633248804
235759,1.8357454133168898
235760,79.28424194210464
235761,16.981104501088932
235762,47.98575652248591
235763,-14.51370279561352
235764,34.75034997458705
235765,-2.521352494219514
235766,31.308060222585414
235767,54.39465144185987
235768,-6.952755561708467
235769,18.353952903023234
235770,150.8236510236555
235771,1074.0216056896666
235772,973.6715408292299
235773,423.87526295988033
235774,680.9950313019532
235775,313.86098461759826
235776,2240.4824872236436
235777,1958.204659073769
235778,886.3624794975964
235779,1460.8780028715976
235780,389.3354007024236
235781,2608.800328568606
235782,2276.017016476892
235783,1045.4835794205194
235784,1745.8076215761575
235785,139.0464396789555
235786,877.8752212534112
235787,761.4545234219406
235788,340.4189590958347
235789,566.7217165791324
235790,255.18002158978513
235791,1765.405357867605
235792,1561.8693254824764
235793,709.3965500191885
235794,1109.127837014821
235795,299.6560946165555
235796,2088.6884029072744
235797,1854.9997393039396
235798,819.1343251973841
235799,1334.6637196406384
235800,715.4042199052157
235801,722.5018372406757
235802,632.7512511867849
235803,293.4907065395925
235804,477.5924537776774
235805,359.13571977301854
235806,1496.964041895956
235807,1287.6498189995061
235808,590.3262032915964
235809,936.1403480973056
235810,299.0056327209269
235811,1748.6818668388912
235812,1493.18218122222
235813,707.9789866492202
235814,1098.441263571264
235815,131.56323834754602
235816,744.8623384520904
235817,649.9144404306439
235818,307.32193218440824
235819,491.94410427392154
235820,200.6892667022659
235821,1530.1768429950675
235822,1322.5293968151113
235823,612.1818892587082
235824,957.7178796958206
235825,229.36644398685212
235826,1808.2608770345998
235827,1547.3917506875302
235828,730.7886754789716
235829,1120.972798032419
235830,85.42115366029923
235831,527.3495793557148
235832,467.61181761774037
235833,196.09673652205572
235834,333.67639416197954
235835,147.70263199168343
235836,1058.2177668139639
235837,928.9927332455183
235838,405.28885458795634
235839,675.8189482691838
235840,173.5362516818019
235841,1261.376168399295
235842,1094.2942650764396
235843,513.4335726172218
235844,817.5530602661271
235845,720.2812527608169
235846,23.420461677767268
235847,30.53594751268969
235848,0.6393848696601049
235849,3.5054925834646373
235850,9.565420257896776
235851,24.29101305049035
235852,51.38443802908854
235853,-10.633432405932625
235854,41.687367905949486
235855,-5.7853653318811755
235856,41.483461314053024
235857,65.07032719231209
235858,0.5030131567292051
235859,29.88035094399179
235860,165.4566751038214
235861,1194.873565095717
235862,1069.6155586160587
235863,479.4901489985608
235864,754.9095037562154
235865,364.3393803882584
235866,2464.6952863203055
235867,2111.4758290809627
235868,980.125187671295
235869,1568.3429210231984
235870,404.48439723316494
235871,2945.770144194668
235872,2546.476916614507
235873,1169.8132957117791
235874,1870.5444481111633
235875,149.35409678595218
235876,976.3097574532925
235877,831.5578274833796
235878,371.8130081252297
235879,620.2980917728864
235880,297.4285016554632
235881,1930.9614172382985
235882,1717.4941876119144
235883,793.7272285182108
235884,1210.0038235893944
235885,320.04050631368665
235886,2294.6651429953777
235887,1999.8658167181002
235888,938.643625217954
235889,1445.5453865971765
235890,748.8089494264664
235891,582.1445630621785
235892,518.7017730319951
235893,218.80463059377786
235894,380.3861904229884
235895,629.1757009016221
235896,1183.6679367015865
235897,1040.8373810456656
235898,474.57820629963584
235899,777.1617051248897
235900,374.83672979195654
235901,1402.7032820009963
235902,1219.3806398941265
235903,566.3728561432869
235904,882.7424849148032
235905,112.30617204328173
235906,595.7893526745768
235907,531.0578182428362
235908,231.14667721476522
235909,393.2486618954044
235910,190.16192507749636
235911,1216.602095649409
235912,1076.0896751641674
235913,495.9759595852908
235914,798.2813040419474
235915,203.74731753342726
235916,1448.5612883165054
235917,1256.9266233845306
235918,586.926347816228
235919,903.0178222191474
235920,54.127816447691174
235921,411.6804657594683
235922,373.28727995926505
235923,165.22081542338938
235924,280.7490906103892
235925,116.37866942544098
235926,891.2476035185725
235927,782.3607624034507
235928,337.2539107971704
235929,559.6042389821278
235930,138.9153896007735
235931,1039.8950936716205
235932,889.5371878026859
235933,406.5112485035202
235934,642.6477066347406
235935,710.0783162009726
235936,14.623800301636999
235937,20.40521631318488
235938,-2.5321824043384247
235939,16.699747445411212
235940,11.547769183535141
235941,19.386925417516593
235942,38.68388012924436
235943,-15.938174162525408
235944,37.00192435353314
235945,-6.3698858325695875
235946,30.06883821367494
235947,51.132651504795255
235948,3.8215974652326348
235949,34.383249352338616
235950,138.96233177199656
235951,983.6945100740194
235952,876.9122087736376
235953,398.175248239725
235954,617.3489710071306
235955,299.72033469484063
235956,1978.13360598718
235957,1766.955593004002
235958,795.9266101319643
235959,1313.2968210019774
235960,355.669321695737
235961,2351.635028466097
235962,2041.9487424561382
235963,919.8664358841318
235964,1531.3493524616217
235965,125.82628831898285
235966,783.5269406103321
235967,662.3317041758596
235968,317.47425833747843
235969,517.9433389487725
235970,240.77771293573133
235971,1580.6229946068715
235972,1385.0363830873532
235973,655.2869316753854
235974,1004.2198396606551
235975,270.71823971775285
235976,1864.1589338157453
235977,1636.253565571387
235978,739.2434948824001
235979,1178.0441324501694
235980,750.7020214337401
235981,582.6745270458171
235982,519.2317370156337
235983,219.33459457741642
235984,380.916154406627
235985,636.7436526880795
235986,1182.766245591973
235987,1039.935689936052
235988,475.5241231768599
235989,777.4868213298971
235990,384.65082419762376
235991,1401.8015908913828
235992,1218.478948784513
235993,567.3187730205109
235994,883.0676011198105
235995,114.19924405055556
235996,596.3193166582154
235997,531.5877822264748
235998,231.6766411984038
235999,393.778625879043
236000,192.63001946867095
236001,1215.7004045397955
236002,1075.187984054554
236003,496.9218764625149
236004,798.6064202469547
236005,205.64038954070108
236006,1447.659597206892
236007,1256.024932274917
236008,587.872264693452
236009,903.3429384241548
236010,56.020888454965
236011,412.2104297431069
236012,373.81724394290364
236013,165.75077940702795
236014,281.2790545940278
236015,118.84676381661563
236016,890.3459124089593
236017,781.4590712938375
236018,338.1998276743945
236019,559.9293551871351
236020,140.8084616080473
236021,1038.993402562007
236022,888.6354966930727
236023,407.4571653807443
236024,642.972822839748
236025,711.9713882082464
236026,15.153764285275544
236027,20.935180296823425
236028,-2.00221842069988
236029,17.229711429049768
236030,16.853867718785576
236031,18.485234307903323
236032,37.78218901963109
236033,-14.992257285301376
236034,37.32704055854046
236035,-4.476813825295768
236036,29.16714710406165
236037,50.23096039518197
236038,4.767514342456667
236039,34.70836555734595
236040,140.85540377927038
236041,984.2244740576583
236042,877.4421727572762
236043,398.7052122233636
236044,617.8789349907692
236045,305.02643323009113
236046,1965.3271701743242
236047,1754.149157191146
236048,799.0652940123548
236049,1315.8147042101511
236050,357.5623937030109
236051,2338.8285926532412
236052,2029.1423066432824
236053,923.0051197645223
236054,1533.8672356697955
236055,127.7193603262566
236056,784.0569045939707
236057,662.8616681594982
236058,318.004222321117
236059,518.4733029324111
236060,246.08381147098174
236061,1576.3891422388128
236062,1380.8025307192945
236063,658.152875674099
236064,1006.4649829871521
236065,272.6113117250268
236066,1859.9250814476866
236067,1632.0197132033284
236068,742.1094388811138
236069,1180.2892757766663
236070,751.6158855973082
236071,582.984568141004
236072,518.2548271829794
236073,219.2743114769888
236074,380.8558713061994
236075,637.0536937832665
236076,1183.0762866871603
236077,1038.9587801033979
236078,475.4638400764323
236079,777.4265382294694
236080,372.73999028992944
236081,1402.11163198657
236082,1217.5020389518588
236083,567.2584899200832
236084,883.0073180193829
236085,114.5092851457426
236086,596.6293577534024
236087,530.6108723938205
236088,231.61635809797616
236089,393.71834277861535
236090,192.940060563858
236091,1216.0104456349827
236092,1074.2110742218997
236093,496.86159336208726
236094,798.546137146527
236095,205.95043063588813
236096,1447.9696383020791
236097,1255.048022442263
236098,587.8119815930244
236099,903.2826553237271
236100,56.330929550152035
236101,412.52047083829393
236102,372.8403341102494
236103,165.69049630660032
236104,281.2187714936002
236105,119.15680491180267
236106,890.6559535041463
236107,780.4821614611832
236108,338.1395445739669
236109,559.8690720867074
236110,141.11850270323436
236111,1039.3034436571943
236112,887.6585868604184
236113,407.3968822803167
236114,642.9125397393203
236115,712.2814293034334
236116,15.463805380462587
236117,19.958270464169182
236118,-2.0625015211275137
236119,17.169428328622136
236120,17.16390881397262
236121,18.795275403090365
236122,36.80527918697683
236123,-15.052540385729008
236124,37.26675745811282
236125,-4.166772730108725
236126,29.477188199248694
236127,49.254050562527716
236128,4.7072312420290325
236129,34.64808245691831
236130,141.16544487445742
236131,984.5345151528453
236132,880.1227140648363
236133,399.6980018466134
236134,618.871724614019
236135,305.3364743252782
236136,1965.6372112695115
236137,1756.8296984987064
236138,800.0580836356046
236139,1316.8074938334012
236140,357.87243479819796
236141,2339.138633748428
236142,2031.8228479508427
236143,923.9979093877721
236144,1534.8600252930455
236145,128.02940142144365
236146,784.3669456891577
236147,661.1845140952327
236148,318.9970119443668
236149,519.4660925556609
236150,246.3938525661688
236151,1576.699183334
236152,1379.1253766550292
236153,659.1456652973488
236154,1007.4577726104019
236155,272.9213528202138
236156,1860.2351225428738
236157,1630.342559139063
236158,743.1022285043636
236159,1181.2820653999163
236160,750.7643346503933
236161,581.7782049726866
236162,517.0484640146618
236163,218.208136323724
236164,381.1677459841988
236165,636.2021428363514
236166,1181.8699235188428
236167,1037.7524169350804
236168,474.3976649231675
236169,778.8336060297966
236170,371.88843934301445
236171,1400.9052688182526
236172,1216.2956757835414
236173,566.1923147668183
236174,886.6881643344724
236175,113.65773419882765
236176,595.4229945850848
236177,529.4045092255029
236178,230.55018294471137
236179,394.03021745661476
236180,192.08850961694307
236181,1214.8040824666652
236182,1073.0047110535822
236183,495.79541820882247
236184,799.9532049468542
236185,205.09887968897317
236186,1446.7632751337617
236187,1253.8416592739454
236188,586.7458064397595
236189,906.9635016388166
236190,55.479378603237095
236191,411.3141076699763
236192,371.63397094193175
236193,164.62432115333553
236194,281.5306461715996
236195,118.30525396488773
236196,889.4495903358287
236197,779.2757982928656
236198,337.0733694207021
236199,561.681291706102
236200,140.2669517563194
236201,1038.0970804888768
236202,886.4522236921008
236203,406.3307071270519
236204,644.7247593587149
236205,711.4298783565184
236206,14.257442212144998
236207,18.751907295851595
236208,-1.068753508379636
236209,17.481303006621527
236210,7.3177704270270025
236211,17.588912234772785
236212,35.59891601865927
236213,-14.058792372981133
236214,36.49597946383092
236215,-5.018323677023668
236216,28.27082503093112
236217,48.047687394210136
236218,5.70097925477691
236219,33.87730446263641
236220,139.58038444795307
236221,982.5946425049382
236222,878.1828414169294
236223,398.3014384831376
236224,619.1835992920184
236225,303.75141389877376
236226,1963.6973386216046
236227,1754.8898258507995
236228,798.6615202721287
236229,1319.6593869802705
236230,355.5612985172763
236231,2336.472685246104
236232,2029.156899448519
236233,923.5462271093877
236234,1538.6567995250066
236235,126.44434099493931
236236,782.4270730412508
236237,659.2446414473258
236238,317.600448580891
236239,519.7779672336603
236240,244.80879213966432
236241,1574.7593106860932
236242,1377.1855040071223
236243,657.7491019338729
236244,1010.3096657572709
236245,270.6102165392922
236246,1857.56917404055
236247,1627.6766106367393
236248,742.6505462259792
236249,1185.0788396318774
236250,745.8480535091292
236251,614.6065189448947
236252,549.0399731773148
236253,234.46522041854516
236254,394.0670597599982
236255,571.8286033615491
236256,1230.505896124784
236257,1073.0324195497435
236258,505.9724275200882
236259,820.2475055370721
236260,309.9082839826197
236261,1453.8988749157013
236262,1253.2728511182806
236263,583.5982315972726
236264,959.1621035156326
236265,106.2266196591425
236266,634.710426490769
236267,560.7294876713902
236268,246.18875525903368
236269,406.3110194519152
236270,187.63377242968104
236271,1270.5176847865816
236272,1108.2366947319786
236273,527.370180805743
236274,841.3671044541297
236275,213.81542678792044
236276,1522.0725487476357
236277,1306.008853474868
236278,604.1517232702138
236279,979.4374408199768
236280,59.28868063764228
236281,439.0664275418821
236282,391.4238373540406
236283,173.45127701657765
236284,286.99983171581994
236285,124.19748500262594
236286,927.2277464590924
236287,810.7580654259434
236288,363.1793180818657
236289,597.6263772776207
236290,154.97196176232453
236291,1092.667612966139
236292,932.0664064077448
236293,415.1985166312892
236294,704.8856470849809
236295,705.2308119231753
236296,16.038301661754886
236297,19.75341126656047
236298,3.5619517218298102
236299,1.4990322407095034
236300,40.52337525988352
236301,16.470273033732735
236302,40.31192979936239
236303,0.40961359531929004
236304,37.68619576207041
236305,-5.221049238847353
236306,31.06426883736389
236307,45.31667411676849
236308,8.645617320562184
236309,21.964855181844392
236310,148.05685258749517
236311,1025.4417192807164
236312,907.351711711671
236313,409.36972889228355
236314,648.5835334074754
236315,316.1214573282887
236316,2115.699911608881
236317,1872.866600652918
236318,838.0174530771367
236319,1376.9202528218289
236320,365.5014384775563
236321,2471.8512453873823
236322,2161.9844527563223
236323,959.7881751324401
236324,1624.4994936587711
236325,137.11408495828402
236326,833.2406346023064
236327,699.8905557205629
236328,330.99416464736333
236329,541.0153106444079
236330,256.33374990847943
236331,1680.8987985823005
236332,1445.7875050501525
236333,694.3294778883279
236334,1060.0723935952806
236335,295.2355305199597
236336,1972.1895121217879
236337,1723.9690991706548
236338,787.2370177191732
236339,1268.7780408737467
236340,742.2301960270655
236341,643.9912104017022
236342,566.0686441352259
236343,247.02249024861405
236344,419.84644246260893
236345,505.37880709714307
236346,1321.0571300896804
236347,1155.5471845299846
236348,534.6049482921602
236349,874.8521482908778
236350,291.1633160170855
236351,1560.7169669828666
236352,1356.8034185433633
236353,625.5451991066159
236354,1006.5456710607399
236355,110.78853216665983
236356,667.2279901430722
236357,581.5265460815252
236358,260.65692226678016
236359,434.0012993322032
236360,193.87606522145649
236361,1362.0827313418474
236362,1192.6089499867664
236363,556.0027015778147
236364,895.9717472079354
236365,221.09431520628806
236366,1635.811038295898
236367,1413.1951756498502
236368,647.8969552549099
236369,1028.6192728404374
236370,67.7985679920037
236371,462.3768743005632
236372,414.1139684600542
236373,179.21423393392368
236374,305.984901505708
236375,138.9961619265262
236376,973.9911938888926
236377,858.4420201314106
236378,371.8938733971929
236379,632.3130545746817
236380,166.476495256991
236381,1135.843082971839
236382,976.8030076163095
236383,436.7995429955295
236384,731.9232734849853
236385,696.0903581178919
236386,21.806745722029824
236387,24.266153116513724
236388,-0.07355587137896157
236389,2.8570340362066093
236390,79.00630871799927
236391,17.203552374362097
236392,41.96571641565875
236393,-11.994475033743681
236394,36.67134555207815
236395,-2.7992857183249593
236396,31.530508095858586
236397,48.374611335032725
236398,-4.433527799838624
236399,20.274948480514308
236400,151.3184916148208
236401,1070.3705942769348
236402,963.7780414363979
236403,428.01111429009853
236404,686.696884224821
236405,313.8753101945729
236406,2235.405624477439
236407,1950.0774587034591
236408,890.498330827814
236409,1463.4707137842117
236410,388.623650424981
236411,2602.9973899679844
236412,2267.163740252165
236413,1050.5643118358294
236414,1749.3452135738635
236415,140.3522203526191
236416,882.1682447396695
236417,752.3719641116069
236418,345.36575050855106
236419,573.2345095844985
236420,256.00528724925795
236421,1769.2178663396724
236422,1552.3062511579517
236423,714.3433414319043
236424,1112.5314880099334
236425,299.7552844216111
236426,2091.774835524925
236427,1844.710589124998
236428,825.0259976951916
236429,1339.0122517208426
236430,715.7045075003467
236431,721.6232261622193
236432,631.8726401083285
236433,293.24864637766916
236434,479.21498583262775
236435,385.0286446540052
236436,1496.130412629372
236437,1286.816189732922
236438,590.500096023258
236439,936.9697311539595
236440,298.1093660198479
236441,1746.6516832760967
236442,1491.1519976594254
236443,706.9563250846714
236444,1102.4769079716075
236445,133.3773106530505
236446,743.983727373634
236447,649.0358293521875
236448,307.0798720224849
236449,493.5666363288719
236450,203.0783613916712
236451,1529.3432137284835
236452,1321.6957675485273
236453,612.3557819903699
236454,958.5472627524745
236455,229.98396199614606
236456,1806.2306934718054
236457,1545.3615671247358
236458,729.7660139144228
236459,1125.0084424327624
236460,87.23522596580368
236461,526.4709682772584
236462,466.73320653928425
236463,195.85467636013232
236464,335.2989262169299
236465,150.0917266810887
236466,1057.3841375473799
236467,928.159103978934
236468,405.4627473196185
236469,677.0534831449052
236470,174.15376969109585
236471,1259.3459848365005
236472,1092.2640815136451
236473,512.4109110526731
236474,819.720077970776
236475,722.095325066321
236476,22.541850599311108
236477,29.657336434233518
236478,2.4572478737493113
236479,3.1086607872563174
236480,14.792519091377844
236481,23.45738378390634
236482,50.550808762504545
236483,-8.399616508257921
236484,43.3375120807667
236485,-3.971293026376718
236486,40.649832047469005
236487,64.23669792572808
236488,2.7368290544039033
236489,31.530495118809004
236490,166.17347147584815
236491,1188.251444982507
236492,1062.993438502849
236493,478.91770062642627
236494,758.3133105760085
236495,367.4139593627435
236496,2458.310334777334
236497,2108.2830278939864
236498,982.1614591959124
236499,1571.9776218523282
236500,403.4198738252563
236501,2938.6591167972797
236502,2542.558039573114
236503,1172.7944483214885
236504,1875.1240300253849
236505,150.07089315797893
236506,976.8207321565748
236507,824.9357073701701
236508,371.24055975309534
236509,623.7018985926795
236510,300.50308062994833
236511,1932.3821569494241
236512,1711.7818325065484
236513,795.4907601611511
236514,1213.3657845368473
236515,318.975982905778
236516,2295.359806852087
236517,1993.4273857583173
236518,941.3520379459858
236519,1449.8522286297211
236520,751.0219014274294
236521,582.7507152932349
236522,519.3079252630515
236523,218.91424612491764
236524,382.3603981710019
236525,663.1637696262928
236526,1182.8424338393913
236527,1040.0118781834703
236528,475.1037747243608
236529,776.9906470795514
236530,382.270373436342
236531,1400.1074669705852
236532,1216.7848248637154
236533,565.1281123997958
236534,885.2039303411493
236535,114.47192004184943
236536,596.3955049056332
236537,531.6639704738926
236538,231.256292745905
236539,395.2228696434179
236540,192.9026954599648
236541,1215.7765927872138
236542,1075.2641723019722
236543,496.50152801001553
236544,798.110245996609
236545,204.14275336377895
236546,1445.9654732860943
236547,1254.3308083541194
236548,585.681604072737
236549,905.4792676454936
236550,56.29356444625884
236551,412.286617990525
236552,373.8934321903217
236553,165.33043095452913
236554,282.7232983584027
236555,119.1194398079095
236556,890.4221006563771
236557,781.5352595412553
236558,337.7794792218957
236559,559.8383327558569
236560,139.31082543112518
236561,1037.2992786412094
236562,886.9413727722746
236563,405.26650476002953
236564,643.2405253653918
236565,712.2440641995399
236566,15.22995253269358
236567,21.011368544241478
236568,-0.3626437071860494
236569,16.654591342266066
236570,27.034150880943233
236571,17.78948167103816
236572,37.08643638276594
236573,-14.124623456070724
236574,36.87968654207492
236575,-4.204137834001928
236576,29.243335351479697
236577,50.307148642600026
236578,6.407089055970512
236579,35.03295242516361
236580,140.0308038370865
236581,983.2033863715983
236582,876.4210850712166
236583,397.95447556065386
236584,621.1044535199868
236585,303.1465893623889
236586,1963.2508385627466
236587,1752.0728255795684
236588,798.3145573496447
236589,1315.9310807291154
236590,354.9564739808915
236591,2336.0261851872456
236592,2026.3398991772879
236593,923.1992641869036
236594,1534.9284932738515
236595,126.89476038407278
236596,790.1689117244027
236597,661.8405804734385
236598,317.2534856584072
236599,521.6988214616289
236600,244.20396760327958
236601,1581.4459054437268
236602,1378.7261991077169
236603,657.402139011389
236604,1006.5813595061159
236605,270.00539200290734
236606,1864.2557687981837
236607,1629.2173057373338
236608,742.3035833034951
236609,1181.3505333807218
236610,751.0358841621351
236611,582.7646980279405
236612,519.3219079977572
236613,218.92822885962312
236614,382.3743809057073
236615,663.1777523609985
236616,1182.8564165740968
236617,1040.0258609181758
236618,475.11775745906635
236619,777.0046298142571
236620,390.74048237122764
236621,1400.6565535070777
236622,1217.3339114002079
236623,565.6771989362884
236624,885.7530168776419
236625,114.48590277655488
236626,596.4094876403389
236627,531.6779532085983
236628,231.27027548061048
236629,395.2368523781233
236630,192.9166781946703
236631,1215.7905755219192
236632,1075.2781550366776
236633,496.5155107447211
236634,798.1242287313147
236635,204.6918399002714
236636,1446.5145598225868
236637,1254.879894890612
236638,586.2306906092296
236639,906.0283541819862
236640,56.30754718096433
236641,412.30060072523037
236642,373.90741492502707
236643,165.3444136892346
236644,282.7372810931081
236645,119.1334225426151
236646,890.4360833910828
236647,781.549242275961
236648,337.7934619566011
236649,559.8523154905625
236650,139.85991196761762
236651,1037.848365177702
236652,887.4904593087672
236653,405.815591296522
236654,643.7896119018844
236655,715.5075574108487
236656,16.735658036896137
236657,22.51707404844403
236658,1.1430617970165085
236659,18.160296846468636
236660,25.042533680104913
236661,19.295187175240713
236662,38.59214188696848
236663,-12.618917951868186
236664,38.385392046277474
236665,-5.6606512330533185
236666,31.284144657469245
236667,52.34795794858956
236668,8.44789836196004
236669,37.07376173115313
236670,140.56260515372634
236671,983.7351876882384
236672,876.9528863878567
236673,398.48627687729356
236674,621.6362548366269
236675,303.67839067902867
236676,1963.7826398793864
236677,1752.6046268962082
236678,798.8463586662848
236679,1316.4628820457551
236680,356.0233790993183
236681,2337.0930903056733
236682,2027.4068042957147
236683,924.2661693053307
236684,1535.9953983922783
236685,127.42656170071258
236686,790.7007130410428
236687,662.3723817900786
236688,317.785286975047
236689,522.2306227782689
236690,244.73576891991942
236691,1581.9777067603666
236692,1379.2580004243566
236693,657.933940328029
236694,1007.113160822756
236695,271.07229712133415
236696,1865.3226739166105
236697,1630.2842108557606
236698,743.3704884219221
236699,1182.4174384991486
236700,751.9497483257031
236701,583.0747391231275
236702,518.3449981651029
236703,218.8679457591955
236704,382.3140978052797
236705,663.4877934561855
236706,1183.166457669284
236707,1039.0489510855216
236708,475.05747435863873
236709,776.9443467138294
236710,378.8296484635333
236711,1400.9665946022649
236712,1216.3570015675537
236713,565.6169158358607
236714,885.6927337772142
236715,114.79594387174191
236716,596.7195287355258
236717,530.701043375944
236718,231.20999238018285
236719,395.17656927769565
236720,193.22671928985736
236721,1216.1006166171064
236722,1074.3012452040234
236723,496.4552276442935
236724,798.063945630887
236725,205.00188099545844
236726,1446.824600917774
236727,1253.9029850579577
236728,586.1704075088019
236729,905.9680710815585
236730,56.617588276151366
236731,412.6106418204174
236732,372.9305050923728
236733,165.284130588807
236734,282.67699799268047
236735,119.44346363780213
236736,890.7461244862698
236737,780.5723324433067
236738,337.7331788561735
236739,559.7920323901349
236740,140.16995306280467
236741,1038.1584062728891
236742,886.5135494761129
236743,405.75530819609435
236744,643.7293288014567
236745,715.8175985060357
236746,17.04569913208318
236747,21.540164215789787
236748,1.0827786965888746
236749,18.100013746041004
236750,25.352574775291956
236751,19.605228270427755
236752,37.615232054314234
236753,-12.679201052295818
236754,38.325108945849834
236755,-5.350610137866277
236756,31.594185752656287
236757,51.37104811593531
236758,8.387615261532407
236759,37.01347863072549
236760,140.87264624891338
236761,984.0452287834254
236762,879.6334276954167
236763,399.47906650054335
236764,622.6290444598767
236765,303.9884317742157
236766,1964.0926809745736
236767,1755.2851682037685
236768,799.8391482895346
236769,1317.4556716690051
236770,356.3334201945053
236771,2337.4031314008603
236772,2030.087345603275
236773,925.2589589285805
236774,1536.9881880155283
236775,127.73660279589961
236776,791.0107541362298
236777,660.6952277258131
236778,318.77807659829676
236779,523.2234124015187
236780,245.04581001510647
236781,1582.2877478555538
236782,1377.5808463600913
236783,658.9267299512788
236784,1008.1059504460057
236785,271.3823382165212
236786,1865.6327150117977
236787,1628.6070567914953
236788,744.3632780451719
236789,1183.4102281223986
236790,754.4007658741755
236791,580.9269391605981
236792,518.5482024213069
236793,218.38809025005048
236794,381.8342422961347
236795,665.9388110046579
236796,1181.0186577067545
236797,1039.2521553417255
236798,474.5776188494937
236799,776.4644912046846
236800,381.28066601200555
236801,1398.8187946397354
236802,1216.5602058237575
236803,565.1370603267159
236804,885.2128782680694
236805,113.7213368755183
236806,594.5717287729964
236807,530.904247632148
236808,230.73013687103784
236809,394.69671376855064
236810,192.15211229363373
236811,1213.952816654577
236812,1074.5044494602273
236813,495.97537213514846
236814,797.5840901217422
236815,203.92727399923484
236816,1444.6768009552445
236817,1254.1061893141616
236818,585.690551999657
236819,905.4882155724137
236820,55.54298127992778
236821,410.46284185788784
236822,373.1337093485767
236823,164.80427507966198
236824,282.19714248353546
236825,118.36885664157852
236826,888.5983245237403
236827,780.7755366995107
236828,337.25332334702847
236829,559.31217688099
236830,139.09534606658107
236831,1036.0106063103597
236832,886.7167537323169
236833,405.27545268694934
236834,643.2494732923119
236835,715.0603451025938
236836,15.215252762335258
236837,22.060722064775316
236838,0.9202767802255077
236839,17.937511829677636
236840,15.600733931819336
236841,17.774781900679834
236842,38.13578990329977
236843,-12.841702968659186
236844,38.162607029486466
236845,-6.1078635413082445
236846,29.763739382908366
236847,51.891605964920835
236848,8.22511334516904
236849,36.850976714362126
236850,140.1153928454714
236851,982.2147824136775
236852,880.1539855444023
236853,399.31656458417996
236854,622.4665425435135
236855,303.2311783707737
236856,1962.2622346048258
236857,1755.8057260527542
236858,799.6766463731714
236859,1317.293169752642
236860,355.5761667910633
236861,2335.572685031112
236862,2030.6079034522606
236863,925.0964570122172
236864,1536.825686099165
236865,126.97934939245766
236866,789.180307766482
236867,661.2157855747987
236868,318.61557468193337
236869,523.0609104851554
236870,244.2885566116645
236871,1580.457301485806
236872,1378.101404209077
236873,658.7642280349156
236874,1007.9434485296425
236875,270.6250848130792
236876,1863.80226864205
236877,1629.127614640481
236878,744.2007761288087
236879,1183.2477262060354
236880,748.6397427781991
236881,612.910511178094
236882,549.6949696292476
236883,237.61477382415563
236884,394.88551734453574
236885,600.720529575143
236886,1228.8098883579833
236887,1073.6874160016762
236888,509.1219809256988
236889,821.8432704804242
236890,318.4557686968984
236891,1450.9676587824717
236892,1252.6926392037844
236893,585.5125766364541
236894,961.6516972176936
236895,105.44548038112084
236896,633.0144187239683
236897,561.384484123323
236898,249.338308664644
236899,407.1294770364527
236900,186.85263315165932
236901,1268.821677019781
236902,1108.8916911839112
236903,530.5197342113534
236904,842.9628693974818
236905,209.12241572981787
236906,1514.288072059031
236907,1300.5753810049966
236908,606.0660683093953
236909,981.9270345220378
236910,58.50754135962056
236911,437.37041977508125
236912,392.07883380597315
236913,176.60083042218787
236914,287.8182893003575
236915,123.41634572460426
236916,925.5317386922917
236917,811.4130618778762
236918,366.3288714874759
236919,599.2221422209727
236920,150.27895070422196
236921,1087.0597334192576
236922,928.8095310795967
236923,417.11286167047047
236924,707.3752407870419
236925,708.0165367145385
236926,16.15137025723276
236927,22.2174840807718
236928,8.520581489718776
236929,2.1072023363673287
236930,53.00572151455803
236931,15.811400744927393
236932,42.00406172929053
236933,4.596302478925059
236934,37.52242497344504
236935,-7.1553310578443075
236936,31.71244123462875
236937,48.3158507327668
236938,14.139350890238132
236939,23.108129079289192
236940,148.11088548418942
236941,1024.5808836886317
236942,908.8418803383198
236943,413.35445447260975
236944,652.0184379315723
236945,316.17549022498287
236946,2114.8390760167963
236947,1874.3567692795666
236948,842.0021786574632
236949,1380.3551573459258
236950,366.0905751760375
236951,2471.5255135970847
236952,2164.0097251847583
236953,964.3080045145537
236954,1628.4695019846547
236955,137.16811785497828
236956,830.3722663055593
236957,701.3807243472118
236958,334.97889022768953
236959,544.4502151685048
236960,256.3877828051736
236961,1678.0304302855534
236962,1447.2776736768012
236963,698.3142034686543
236964,1063.507298119377
236965,295.8246672184409
236966,1969.8562476268278
236967,1725.9943715990905
236968,791.7568471012867
236969,1272.7480491996307
236970,745.0005966805504
236971,640.9804265065858
236972,565.4088644588429
236973,248.86408067879452
236974,420.8217644237924
236975,538.5961270252837
236976,1318.0463461945637
236977,1154.8874048536013
236978,536.4465387223413
236979,872.5793691159026
236980,293.446322613674
236981,1557.218789030854
236982,1355.656244810084
236983,626.899395479901
236984,1003.7854978288688
236985,110.03330827544852
236986,664.2172062479558
236987,580.8667664051422
236988,262.49851269696063
236989,434.97662129338664
236990,193.12084133024518
236991,1359.0719474467307
236992,1191.9491703103831
236993,557.8442920079958
236994,893.6989680329602
236995,217.17503384452897
236996,1627.4595997885103
236997,1407.1947413611958
236998,649.2511516281951
236999,1025.8590996085663
237000,67.04334410079247
237001,459.36609040544636
237002,413.4541887836708
237003,181.05582436410427
237004,306.9602234668915
237005,138.2409380353149
237006,970.9804099937761
237007,857.7822404550276
237008,373.73546382737345
237009,630.0402753997065
237010,162.5572138952319
237011,1129.6682416061747
237012,972.9791704693787
237013,438.1537393688142
237014,729.1631002531142
237015,698.9019982960657
237016,20.6050381891918
237017,25.41544980240915
237018,3.5771109210803522
237019,5.6414323596688485
237020,91.51457035948411
237021,15.229903957240863
237022,42.34307221727097
237023,-9.115749125567566
237024,41.01267457511078
237025,-4.70765215051148
237026,30.863904364807546
237027,50.059011822715135
237028,-0.24775720559234624
237029,25.923322189617114
237030,151.39843989832548
237031,1068.1949825565341
237032,963.9534339347309
237033,430.687876894995
237034,688.507378360721
237035,313.95525847807744
237036,2233.230012757039
237037,1950.2528512017918
237038,893.175093432711
237039,1459.4081907421555
237040,389.2387025102726
237041,2601.3568820493715
237042,2267.8742365522858
237043,1053.7761782425132
237044,1745.8177943335947
237045,140.43216863612378
237046,870.8520054981149
237047,752.5473566099399
237048,348.04251311344757
237049,575.0450037203984
237050,256.08523553276257
237051,1757.9016270981176
237052,1552.4816436562844
237053,717.0201040368013
237054,1108.4689649678771
237055,300.37033650690273
237056,2080.993700085158
237057,1845.4210854251178
237058,828.2378641018755
237059,1335.484832480574
237060,713.519726569829
237061,718.6124422671029
237062,631.2128604319455
237063,295.0902368078497
237064,480.1903077938112
237065,413.290782998143
237066,1493.1196287342552
237067,1286.1564100565388
237068,592.341686453439
237069,934.6969519789843
237070,295.88593101911135
237071,1743.6022453107616
237072,1490.4535639128237
237073,708.7592614446339
237074,1100.1654747264138
237075,132.6220867618392
237076,740.9729434785175
237077,648.3760496758046
237078,308.9214624526654
237079,494.54195829005533
237080,202.3231375004599
237081,1526.3324298333669
237082,1321.035987872144
237083,614.1973724205509
237084,956.2744835774993
237085,226.51342062106445
237086,1798.3279949510952
237087,1539.809872822759
237088,731.5689502743853
237089,1122.6970091875687
237090,86.48000207459245
237091,523.460184382142
237092,466.0734268629009
237093,197.6962667903129
237094,336.27424817811334
237095,149.3365027898774
237096,1054.3733536522632
237097,927.499324302551
237098,407.304337749799
237099,674.78070396993
237100,170.68322831601424
237101,1253.6198834575137
237102,1088.8889843533916
237103,514.2138474126356
237104,817.4086447255822
237105,724.9069652444948
237106,21.340143066473072
237107,30.806633120128943
237108,6.1079146662086305
237109,5.893059110718558
237110,12.349048857404393
237111,22.255676251068305
237112,51.70010544839995
237113,-4.748949715798605
237114,48.45078198808254
237115,-5.879659458563236
237116,39.98322831641797
237117,65.92109841341046
237118,6.9225996486502055
237119,37.178868827911835
237120,166.25341975935282
237121,1186.0758332621065
237122,1063.1688310011816
237123,481.59446323132295
237124,763.6897276798135
237125,367.4939076462481
237126,2456.134723056934
237127,2108.45842039232
237128,984.8382218008097
237129,1571.4810217781776
237130,404.0349259105479
237131,2937.018608878667
237132,2543.2685358732347
237133,1176.0063147281724
237134,1875.1625337530213
237135,150.1508414414836
237136,965.5044929150201
237137,825.1110998685032
237138,373.91732235799185
237139,625.5123927285795
237140,300.5830289134529
237141,1921.0659177078694
237142,1711.9572250048811
237143,798.1675227660481
237144,1209.303261494791
237145,319.5910349910696
237146,2284.5786714123196
237147,1994.137882058437
237148,944.5639043526697
237149,1446.324809389452
237150,753.4869017106074
237151,580.6168980654111
237152,519.5251122539612
237153,218.4483733504781
237154,381.8945253965623
237155,665.6287699094709
237156,1180.7086166115673
237157,1040.2290651743797
237158,474.63790194992134
237159,776.5247743051123
237160,385.27047752130665
237161,1398.5087535445482
237162,1217.5371156564117
237163,565.1973434271436
237164,885.2731613684971
237165,113.41129578033127
237166,594.2616876778094
237167,531.8811574648023
237168,230.79041997146547
237169,394.75699686897826
237170,191.8420711984467
237171,1213.6427755593897
237172,1075.4813592928815
237173,496.0356552355761
237174,797.6443732221699
237175,203.6172329040478
237176,1444.3667598600573
237177,1255.0830991468158
237178,585.7508351000847
237179,905.5484986728413
237180,55.23294018474074
237181,410.1528007627008
237182,374.11061918123096
237183,164.8645581800896
237184,282.2574255839631
237185,118.05881554639149
237186,888.2882834285533
237187,781.752446532165
237188,337.3136064474561
237189,559.3724599814177
237190,138.78530497139403
237191,1035.7005652151724
237192,887.6936635649712
237193,405.33573578737696
237194,643.3097563927396
237195,714.7503040074068
237196,14.905211667148215
237197,23.03763189742956
237198,0.9805598806531418
237199,17.997794930105268
237200,24.285280276662956
237201,17.46474080549279
237202,39.11269973595401
237203,-12.781419868231554
237204,38.222890129914106
237205,-4.392298785445457
237206,29.453698287721323
237207,52.868515797575085
237208,8.285396445596673
237209,36.911259814789766
237210,139.80535175028436
237211,981.9047413184906
237212,877.4734442368423
237213,398.32377496093017
237214,625.0396758881687
237215,302.92113727558666
237216,1961.9521935096386
237217,1753.1251847451938
237218,798.6838567499216
237219,1319.866303097297
237220,355.26612569587627
237221,2335.262643935925
237222,2027.9273621447003
237223,924.1036673889674
237224,1539.3988194438202
237225,126.66930829727063
237226,779.7296391501408
237227,662.8929396390643
237228,317.6227850586836
237229,522.0681208619056
237230,243.97851551647744
237231,1571.0066328694647
237232,1379.7785582733422
237233,657.7714384116658
237234,1006.9506589063927
237235,270.31504371789214
237236,1854.3516000257086
237237,1630.8047687047463
237238,743.2079865055589
237239,1182.2549365827854
237240,753.4869017106074
237241,580.6168980654111
237242,519.5251122539612
237243,218.4483733504781
237244,381.8945253965623
237245,665.6287699094709
237246,1180.7086166115673
237247,1040.2290651743797
237248,474.63790194992134
237249,776.5247743051123
237250,393.1914999196999
237251,1398.5087535445482
237252,1217.5371156564117
237253,565.1973434271436
237254,885.2731613684971
237255,113.41129578033127
237256,594.2616876778094
237257,531.8811574648023
237258,230.79041997146547
237259,394.75699686897826
237260,191.8420711984467
237261,1213.6427755593897
237262,1075.4813592928815
237263,496.0356552355761
237264,797.6443732221699
237265,203.6172329040478
237266,1444.3667598600573
237267,1255.0830991468158
237268,585.7508351000847
237269,905.5484986728413
237270,55.23294018474074
237271,410.1528007627008
237272,374.11061918123096
237273,164.8645581800896
237274,282.2574255839631
237275,118.05881554639149
237276,888.2882834285533
237277,781.752446532165
237278,337.3136064474561
237279,559.3724599814177
237280,138.78530497139403
237281,1035.7005652151724
237282,887.6936635649712
237283,405.33573578737696
237284,643.3097563927396
237285,714.7503040074068
237286,14.905211667148215
237287,23.03763189742956
237288,0.9805598806531418
237289,17.997794930105268
237290,24.285280276662956
237291,17.46474080549279
237292,39.11269973595401
237293,-12.781419868231554
237294,38.222890129914106
237295,-4.392298785445457
237296,29.453698287721323
237297,52.868515797575085
237298,8.285396445596673
237299,36.911259814789766
237300,139.80535175028436
237301,981.9047413184906
237302,877.4734442368423
237303,398.32377496093017
237304,625.0396758881687
237305,302.92113727558666
237306,1961.9521935096386
237307,1759.1861565097104
237308,798.6838567499216
237309,1319.866303097297
237310,355.26612569587627
237311,2335.262643935925
237312,2027.9273621447003
237313,924.1036673889674
237314,1539.3988194438202
237315,126.66930829727063
237316,779.7296391501408
237317,662.8929396390643
237318,317.6227850586836
237319,522.0681208619056
237320,243.97851551647744
237321,1571.0066328694647
237322,1379.7785582733422
237323,657.7714384116658
237324,1006.9506589063927
237325,270.31504371789214
237326,1854.3516000257086
237327,1630.8047687047463
237328,743.2079865055589
237329,1182.2549365827854
237330,754.8244709452752
237331,581.3506442316977
237332,518.9719074924066
237333,218.81179532115027
237334,382.2579473672344
237335,666.3625160757575
237336,1181.4423627778542
237337,1039.6758604128252
237338,475.00132392059345
237339,776.8881962757843
237340,381.7043710831053
237341,1399.242499710835
237342,1216.9839108948572
237343,565.5607653978155
237344,885.6365833391691
237345,114.14504194661806
237346,594.995433844096
237347,531.3279527032477
237348,231.15384194213763
237349,395.12041883965037
237350,192.57581736473352
237351,1214.3765217256766
237352,1074.928154531327
237353,496.3990772062482
237354,798.0077951928419
237355,204.35097907033463
237356,1445.1005060263442
237357,1254.5298943852613
237358,586.1142570707567
237359,905.9119206435133
237360,55.96668635102753
237361,410.88654692898757
237362,373.55741441967643
237363,165.22798015076177
237364,282.6208475546352
237365,118.79256171267828
237366,889.02202959484
237367,781.1992417706103
237368,337.6770284181282
237369,559.7358819520897
237370,139.51905113768086
237371,1036.4343113814593
237372,887.1404588034165
237373,405.69915775804907
237374,643.6731783634116
237375,715.0311076360775
237376,15.638957833435011
237377,22.484427135875073
237378,1.3439818513252642
237379,18.361216900777393
237380,66.73997042067032
237381,18.19848697177959
237382,38.55949497439951
237383,-12.417997897559431
237384,38.58631210058623
237385,5.459936430585691
237386,30.187444454008126
237387,52.315311036020596
237388,8.648818416268796
237389,37.27468178546188
237390,140.5390979165712
237391,982.6384874847772
237392,880.577690615502
237393,399.7402696552797
237394,626.4561705825182
237395,303.65488344187344
237396,1962.6859396759255
237397,1762.2904028883704
237398,800.100351444271
237399,1321.2827977916468
237400,355.99987186216305
237401,2335.996390102212
237402,2031.0316085233603
237403,925.5201620833169
237404,1540.81531413817
237405,127.40305446355741
237406,780.4633853164274
237407,661.6394906458984
237408,319.0392797530331
237409,523.4846155562551
237410,244.71226168276428
237411,1571.7403790357516
237412,1378.5251092801766
237413,659.1879331060153
237414,1008.3671536007422
237415,271.0487898841789
237416,1855.0853461919955
237417,1629.5513197115806
237418,744.6244811999084
237419,1183.671431277135
237420,755.0432844764366
237421,581.5694577628592
237422,519.190721023568
237423,218.23237895739155
237424,382.86872964571256
237425,666.581329606919
237426,1181.6611763090157
237427,1039.8946739439866
237428,474.4219075568347
237429,779.3929653744353
237430,381.92318461426675
237431,1399.4613132419965
237432,1217.2027244260187
237433,564.9813490340568
237434,888.1413524378202
237435,114.36385547777954
237436,595.2142473752575
237437,531.5467662344091
237438,230.5744255783789
237439,395.7312011181285
237440,192.79463089589504
237441,1214.595335256838
237442,1075.1469680624884
237443,495.81966084248944
237444,800.5125642914929
237445,204.56979260149612
237446,1445.3193195575057
237447,1254.7487079164227
237448,585.534840706998
237449,908.4166897421644
237450,56.18549988218901
237451,411.10536046014903
237452,373.7762279508379
237453,164.64856378700304
237454,283.23162983311335
237455,119.01137524383975
237456,889.2408431260014
237457,781.4180553017718
237458,337.09761205436945
237459,562.2406510507408
237460,139.73786466884235
237461,1036.6531249126208
237462,887.359272334578
237463,405.1197413942903
237464,646.1779474620627
237465,715.0311076360775
237466,15.638957833435011
237467,22.484427135875073
237468,1.3439818513252642
237469,18.361216900777393
237470,57.74538298063966
237471,18.19848697177959
237472,38.55949497439951
237473,-12.417997897559431
237474,38.58631210058623
237475,5.459936430585691
237476,30.187444454008126
237477,52.315311036020596
237478,8.648818416268796
237479,37.27468178546188
237480,140.5390979165712
237481,982.6384874847772
237482,880.577690615502
237483,399.7402696552797
237484,626.4561705825182
237485,303.65488344187344
237486,1962.6859396759255
237487,1762.2904028883704
237488,800.100351444271
237489,1321.2827977916468
237490,355.99987186216305
237491,2335.996390102212
237492,2031.0316085233603
237493,925.5201620833169
237494,1540.81531413817
237495,127.40305446355741
237496,780.4633853164274
237497,661.6394906458984
237498,319.0392797530331
237499,523.4846155562551
237500,244.71226168276428
237501,1571.7403790357516
237502,1378.5251092801766
237503,659.1879331060153
237504,1008.3671536007422
237505,271.0487898841789
237506,1855.0853461919955
237507,1629.5513197115806
237508,744.6244811999084
237509,1183.671431277135
237510,749.2822613804602
237511,613.5530297803551
237512,550.3374882315087
237513,237.4590625314967
237514,395.92000469411363
237515,631.80996745206
237516,1229.4524069602444
237517,1074.3299346039373
237518,508.96626963303976
237519,824.7717446501749
237520,319.0982872991596
237521,1451.6101773847329
237522,1253.3351578060456
237523,585.3568653437951
237524,964.5801713874444
237525,106.08799898338208
237526,633.6569373262295
237527,562.0270027255841
237528,249.18259737198505
237529,408.1639643860306
237530,187.49515175392057
237531,1269.464195622042
237532,1109.5342097861724
237533,530.3640229186943
237534,845.8913435672325
237535,209.76493433207915
237536,1514.9305906612922
237537,1301.2178996072578
237538,605.9103570167363
237539,984.8555086917886
237540,59.150059961881794
237541,438.01293837734244
237542,392.72135240823434
237543,176.44511912952893
237544,288.8527766499354
237545,124.05886432686549
237546,926.1742572945528
237547,812.0555804801373
237548,366.1731601948169
237549,602.1506163907235
237550,150.92146930648323
237551,1087.7022520215187
237552,929.4520496818578
237553,416.95715037781144
237554,710.3037149567926
237555,707.9872992480222
237556,16.575075328332517
237557,22.641189151871558
237558,8.944286560818533
237559,2.530907407467085
237560,83.82716452107198
237561,16.23510581602715
237562,42.42776680039027
237563,5.020007550024816
237564,37.9461300445448
237565,2.386863062999791
237566,32.136146305728516
237567,48.73955580386656
237568,14.563055961337888
237569,23.53183415038895
237570,148.5345905552892
237571,1025.0045887597314
237572,909.2655854094195
237573,413.7781595437095
237574,656.008065970577
237575,316.5991952960826
237576,2115.262781087896
237577,1880.8414461151829
237578,842.4258837285629
237579,1384.3447853849307
237580,366.5142802471372
237581,2471.9492186681846
237582,2164.433430255858
237583,964.7317095856533
237584,1632.4591300236596
237585,137.59182292607807
237586,830.7959713766589
237587,701.8044294183114
237588,335.40259529878927
237589,544.8739202396044
237590,256.8114878762733
237591,1678.454135356653
237592,1447.701378747901
237593,698.737908539754
237594,1063.9310031904768
237595,296.2483722895406
237596,1970.2799526979275
237597,1726.4180766701902
237598,792.1805521723863
237599,1273.1717542707304
237600,745.6431152828116
237601,641.6229451088469
237602,566.051383061104
237603,248.7083693861356
237604,421.8562517733703
237605,539.2386456275449
237606,1318.6888647968249
237607,1155.5299234558624
237608,536.2908274296823
237609,875.5078432856534
237610,294.0888412159352
237611,1557.861307633115
237612,1356.2987634123451
237613,626.743684187242
237614,1006.7139719986195
237615,110.67582687770975
237616,664.8597248502169
237617,581.5092850074034
237618,262.3428014043016
237619,436.01110864296453
237620,193.76335993250646
237621,1359.7144660489919
237622,1192.5916889126443
237623,557.6885807153368
237624,896.627442202711
237625,217.81755244679024
237626,1628.1021183907715
237627,1407.837259963457
237628,649.0954403355361
237629,1028.787573778317
237630,67.6858627030537
237631,460.00860900770755
237632,414.096707385932
237633,180.90011307144533
237634,307.99471081646936
237635,138.8834566375762
237636,971.6229285960372
237637,858.4247590572887
237638,373.57975253471443
237639,632.9687495694573
237640,163.1997324974932
237641,1130.3107602084358
237642,973.6216890716398
237643,437.99802807615515
237644,732.0915744228649
237645,699.6714478878245
237646,21.028743260291556
237647,25.839154873508907
237648,4.000815992180111
237649,6.065137430768606
237650,101.30800088597714
237651,15.65360902834062
237652,42.76677728837073
237653,-8.69204405446781
237654,41.436379646210526
237655,-0.574941980220686
237656,31.2876094359073
237657,50.482716893814896
237658,0.17594786550741032
237659,26.34702726071687
237660,151.82214496942527
237661,1068.6186876276338
237662,964.3771390058306
237663,431.1115819660947
237664,692.4970063997257
237665,314.3789635491772
237666,2233.6537178281387
237667,1956.737528037408
237668,893.5987985038107
237669,1463.3978187811604
237670,389.66240758137235
237671,2601.7805871204714
237672,2268.2979416233857
237673,1054.1998833136129
237674,1749.8074223725996
237675,140.85587370722357
237676,871.2757105692145
237677,752.9710616810396
237678,348.4662181845473
237679,575.4687087914981
237680,256.5089406038623
237681,1758.3253321692173
237682,1552.905348727384
237683,717.443809107901
237684,1108.8926700389768
237685,300.79404157800246
237686,2081.4174051562577
237687,1845.8447904962175
237688,828.6615691729752
237689,1335.9085375516736
237690,715.3607289563873
237691,720.4534446536611
237692,633.0538628185038
237693,296.13300929948775
237694,485.939961324518
237695,430.4017038014748
237696,1497.0890667586666
237697,1287.997412443097
237698,593.3844589450772
237699,942.3405923298641
237700,301.2279965940191
237701,1747.571683335173
237702,1492.2945662993818
237703,709.8020339362721
237704,1107.8091150772932
237705,134.46308914839747
237706,742.8139458650759
237707,650.2170520623629
237708,309.9642349443035
237709,500.2916118207621
237710,204.16413988701817
237711,1530.3018678577782
237712,1322.876990258702
237713,615.2401449121891
237714,963.918123928379
237715,228.35442300762273
237716,1802.2974329755066
237717,1541.650875209317
237718,732.6117227660235
237719,1130.3406495384481
237720,88.32100446115065
237721,525.3011867687003
237722,467.91442924945915
237723,198.73903928195097
237724,342.0239017088201
237725,151.17750517643566
237726,1058.3427916766746
237727,929.3403266891094
237728,408.34711024143706
237729,682.4243443208097
237730,172.5242307025725
237731,1257.589321481925
237732,1090.7299867399497
237733,515.2566199042737
237734,825.052285076462
237735,729.2632384502662
237736,22.63334078997135
237737,32.099830843627224
237738,7.40111238970691
237739,10.702939231048632
237740,23.79065527236813
237741,25.677309612419748
237742,52.99330317189825
237743,-3.455751992300324
237744,53.2606621084126
237745,1.8398743257399002
237746,43.40486167776942
237747,67.21429613690874
237748,8.215797372148485
237749,41.9887489482419
237750,165.9698457656068
237751,1185.7922592683603
237752,1062.8852570074355
237753,481.3108892375769
237754,766.9228360828994
237755,367.21033365250213
237756,2473.7720076146525
237757,2108.174846398574
237758,984.5546478070638
237759,1574.7141301812628
237760,403.7513519168019
237761,2954.655893436385
237762,2542.9849618794888
237763,1175.7227407344262
237764,1878.3956421561065
237765,149.8672674477376
237766,965.2209189212742
237767,824.8275258747573
237768,373.6337483642459
237769,628.7455011316654
237770,300.29945491970693
237771,1938.7032022655874
237772,1711.673651011135
237773,797.8839487723022
237774,1212.5363698978767
237775,319.30746099732363
237776,2302.215955970038
237777,1993.854308064691
237778,944.2803303589238
237779,1449.5579177925376
237780,755.3279040971657
237781,583.749157728356
237782,521.3661146405195
237783,218.70067718108882
237784,389.5483476834661
237785,678.0042974598757
237786,1185.9693119123651
237787,1042.0700675609378
237788,474.8902057805321
237789,786.072583412189
237790,397.6460050717114
237791,1403.769448845346
237792,1219.3781180429698
237793,565.4496472577543
237794,894.8209704755739
237795,115.2522981668895
237796,597.3939473407542
237797,533.7221598513606
237798,231.04272380207618
237799,402.41081915588205
237800,193.68307358500496
237801,1218.9034708601876
237802,1077.3223616794396
237803,496.2879590661868
237804,807.1921823292466
237805,205.45823529060607
237806,1449.627455160855
237807,1256.924101533374
237808,586.0031389306955
237809,915.0963077799181
237810,57.07394257129899
237811,413.28506042564544
237812,375.95162156778923
237813,165.11686201070032
237814,289.9112478708669
237815,119.89981793294969
237816,893.5489787293512
237817,783.5934489187233
237818,337.56591027806684
237819,568.9202690884945
237820,140.6263073579523
237821,1040.9612605159703
237822,889.5346659515295
237823,405.5880396179877
237824,652.8575654998164
237825,718.3078901549031
237826,14.201656369281256
237827,24.330829620927844
237828,1.4832889431240706
237829,26.593658366655756
237830,89.25447732119522
237831,18.889621145479
237832,40.40589745945229
237833,-12.278690805760633
237834,46.81875356646459
237835,8.736718949410989
237836,30.878578627707558
237837,54.16171352107337
237838,8.788125508067603
237839,45.50712325134025
237840,139.52177775653834
237841,1004.420544346614
237842,882.7464715628067
237843,399.6413776056595
237844,644.4118808409837
237845,302.6375632818407
237846,2002.3888550892264
237847,1764.4591838356748
237848,800.001459394651
237849,1339.2385080501112
237850,354.9825517021303
237851,2375.699305515513
237852,2033.2003894706647
237853,925.4212700336968
237854,1558.7710243966344
237855,126.38573430352464
237856,788.3707138056594
237857,668.1659669650287
237858,316.5548593506888
237859,538.7622836259771
237860,243.69494152273143
237861,1597.5685660764473
237862,1385.0515855993067
237863,656.703512703671
237864,1023.6448216704645
237865,270.0314697241462
237866,1880.9135332326912
237867,1636.0777960307107
237868,742.140060797564
237869,1198.9490993468567
237870,755.3279040971657
237871,586.1063331617041
237872,521.3661146405195
237873,218.70067718108882
237874,389.5483476834661
237875,678.0042974598757
237876,1188.3264873457133
237877,1042.0700675609378
237878,474.8902057805321
237879,786.072583412189
237880,405.5670274701046
237881,1406.1266242786942
237882,1219.3781180429698
237883,565.4496472577543
237884,894.8209704755739
237885,115.2522981668895
237886,599.7511227741023
237887,533.7221598513606
237888,231.04272380207618
237889,402.41081915588205
237890,193.68307358500496
237891,1221.2606462935357
237892,1077.3223616794396
237893,496.2879590661868
237894,807.1921823292466
237895,205.45823529060607
237896,1451.9846305942033
237897,1256.924101533374
237898,586.0031389306955
237899,915.0963077799181
237900,57.07394257129899
237901,415.6422358589936
237902,375.95162156778923
237903,165.11686201070032
237904,289.9112478708669
237905,119.89981793294969
237906,895.9061541626994
237907,783.5934489187233
237908,337.56591027806684
237909,568.9202690884945
237910,140.6263073579523
237911,1043.3184359493184
237912,889.5346659515295
237913,405.5880396179877
237914,652.8575654998164
237915,718.3078901549031
237916,12.80785616318093
237917,24.330829620927844
237918,1.4832889431240706
237919,26.593658366655756
237920,89.25447732119522
237921,17.495820939378675
237922,40.40589745945229
237923,-12.278690805760633
237924,46.81875356646459
237925,8.736718949410989
237926,29.484778421607224
237927,54.16171352107337
237928,8.788125508067603
237929,45.50712325134025
237930,139.52177775653834
237931,1022.8649341308779
237932,904.6020438342555
237933,399.6413776056595
237934,644.4118808409837
237935,302.6375632818407
237936,2020.83324487349
237937,1801.1893463591875
237938,800.001459394651
237939,1339.2385080501112
237940,354.9825517021303
237941,2394.143695299777
237942,2069.930551994177
237943,925.4212700336968
237944,1558.7710243966344
237945,126.38573430352464
237946,803.8552240669707
237947,670.6292765028254
237948,316.5548593506888
237949,538.7622836259771
237950,243.69494152273143
237951,1613.0530763377585
237952,1387.5148951371034
237953,656.703512703671
237954,1023.6448216704645
237955,270.0314697241462
237956,1896.3980434940024
237957,1638.5411055685074
237958,742.140060797564
237959,1198.9490993468567
237960,762.5999780532532
237961,592.7745840494105
237962,526.7474146003846
237963,224.99860387318063
237964,395.84627437555804
237965,686.0871227530863
237966,1196.4093126389243
237967,1048.8659419263074
237968,482.60270687812863
237969,793.7850845097851
237970,401.15457317677226
237971,1413.9350449882434
237972,1225.8995878246776
237973,572.8877437716883
237974,902.2590669895079
237975,139.8979726096567
237976,631.5738936580963
237977,564.2579798075133
237978,255.31807404922876
237979,426.6861694030346
237980,219.7433224332766
237981,1254.4979915830343
237982,1109.2727560410967
237983,521.9778837188446
237984,832.8821069819036
237985,231.24407955521573
237986,1484.94757130004
237987,1288.6000913113692
237988,611.4186589996904
237989,940.5118278489131
237990,60.9003215892275
237991,419.4686148769222
237992,378.4910496578765
237993,168.57291683301418
237994,293.36730269318076
237995,125.14077135638256
237996,901.1471075861324
237997,787.547451414315
237998,342.43653950588515
237999,573.7908983163128
238000,145.59285619772325
238001,1048.2849847890895
238002,893.2142638634592
238003,410.18426426214404
238004,657.4537901439727
238005,714.9846872773429
238006,17.441194794580298
238007,27.677217324485923
238008,4.447887542721809
238009,29.5582569662535
238010,94.49543074462812
238011,22.736774362811595
238012,44.35989995504391
238013,-7.408061577942401
238014,51.68938279428283
238015,25.00701957390522
238016,34.45132726137818
238017,57.84131143300303
238018,13.384350152223893
238019,50.103347895496526
238020,198.8357565219865
238021,1085.1025263557103
238022,959.2958395799246
238023,459.7355296030551
238024,704.5060328383792
238025,375.0379831808412
238026,2093.233664772487
238027,1877.3990890711189
238028,873.0846278217141
238029,1412.3216764771742
238030,426.43668774074285
238031,2465.5978313383894
238032,2145.194010845718
238033,997.558154600372
238034,1630.9079089633096
238035,141.64900026484307
238036,817.9521628491635
238037,677.1824188058554
238038,331.3345466609444
238039,553.5419709362328
238040,261.5539050176823
238041,1630.9120398327095
238042,1409.1831814449856
238043,675.2452247266849
238044,1042.186533693479
238045,286.9441493587094
238046,1913.3107231285655
238047,1659.2631080160018
238048,759.73548896019
238049,1216.5445275094824
238050,762.5999780532532
238051,592.7745840494105
238052,526.7474146003846
238053,224.99860387318063
238054,395.84627437555804
238055,686.0871227530863
238056,1196.4093126389243
238057,1056.5162892041174
238058,482.60270687812863
238059,793.7850845097851
238060,401.15457317677226
238061,1413.9350449882434
238062,1233.5499351024876
238063,572.8877437716883
238064,902.2590669895079
238065,139.1696772658375
238066,630.845598314277
238067,563.529684463694
238068,254.58977870540954
238069,425.95787405921544
238070,219.0150270894574
238071,1253.769696239215
238072,1116.1948079750873
238073,521.2495883750254
238074,832.1538116380843
238075,230.51578421139652
238076,1484.2192759562206
238077,1295.5221432453598
238078,610.6903636558711
238079,939.7835325050938
238080,60.1720262454083
238081,418.740319533103
238082,377.7627543140573
238083,167.84462148919496
238084,292.6390073493616
238085,124.41247601256336
238086,900.4188122423132
238087,794.4695033483056
238088,341.70824416206597
238089,573.0626029724936
238090,144.86456085390404
238091,1047.5566894452702
238092,900.1363157974498
238093,409.45596891832486
238094,656.7254948001535
238095,714.2563919335237
238096,16.712899450761096
238097,26.94892198066672
238098,3.7195921989026055
238099,28.829961622434297
238100,84.77254796077827
238101,22.008479018992393
238102,51.2819518890345
238103,-8.136356921761605
238104,50.96108745046362
238105,24.27872423008602
238106,33.72303191755898
238107,64.76336336699363
238108,12.656054808404688
238109,49.37505255167732
238110,198.10746117816728
238111,1084.374231011891
238112,958.5675442361054
238113,459.00723425923593
238114,703.7777374945599
238115,374.309687837022
238116,2092.505369428668
238117,1884.3211410051094
238118,872.3563324778949
238119,1411.5933811333548
238120,425.70839239692367
238121,2464.8695359945705
238122,2152.116062779709
238123,996.8298592565527
238124,1630.1796136194903
238125,140.92070492102386
238126,817.2238675053443
238127,676.4541234620361
238128,330.6062513171252
238129,552.8136755924136
238130,260.82560967386314
238131,1630.1837444888902
238132,1416.1052333789762
238133,674.5169293828657
238134,1041.4582383496597
238135,286.2158540148902
238136,1912.5824277847462
238137,1666.1851599499923
238138,759.0071936163707
238139,1215.816232165663
238140,755.6889085147895
238141,623.6081096244191
238142,556.744135365838
238143,243.0752410047986
238144,407.6901332663226
238145,663.38108568858
238146,1243.0504968476657
238147,1089.8015034215807
238148,515.9970225118462
238149,837.9564476278881
238150,338.6261457235939
238151,1464.9338626884924
238152,1268.532322040027
238153,592.1132136389396
238154,977.4904697814956
238155,121.59402364800681
238156,652.8113947005891
238157,577.5330273902091
238158,263.89815337558275
238159,429.0334704885351
238160,204.41575082404975
238161,1292.1616630397589
238162,1134.1051561341112
238163,546.4941533277964
238164,868.1754240752414
238165,226.4111288185464
238166,1537.353653495347
238167,1325.5144413715348
238168,621.7660828421764
238169,1006.8651846161355
238170,63.71849459782089
238171,446.2298057230162
238172,397.28978704417364
238173,180.22308510444068
238174,298.7846927237542
238175,130.04187336830893
238176,937.9341346835843
238177,825.6889367993908
238178,371.3657005752333
238179,613.4971068700467
238180,156.63007376426475
238181,1099.187724826888
238182,942.8110014174493
238183,421.8752861745659
238184,721.3758008524538
238185,707.794491818188
238186,18.230925218378417
238187,27.68759226938302
238188,11.901805181115694
238189,11.642376126671047
238190,91.26807946223917
238191,21.635219931509734
238192,56.74034578329506
238193,10.89177059409244
238194,49.97184318751923
238195,10.483807350496667
238196,36.25364204199916
238197,61.76951640755941
238198,19.15220062619359
238199,34.27492891415144
238200,171.15054414831818
238201,1091.7879226182774
238202,952.3030293614557
238203,438.0927144790985
238204,697.5532831926853
238205,340.2580144476883
238206,2198.0862255970997
238207,1955.876198988379
238208,867.6858795186439
238209,1426.8354434617295
238210,388.218601742805
238211,2552.81816552145
238212,2237.5136854731177
238213,988.0372077197962
238214,1672.9952904445208
238215,145.54840924712477
238216,861.9953894291559
238217,711.0579980980293
238218,341.4085027264616
238219,568.110489953996
238220,265.81093975589675
238221,1729.7836046983157
238222,1478.1676067352246
238223,706.9530087051286
238224,1089.3767656425698
238225,303.29332651322613
238226,2019.6549243836523
238227,1754.9298070015761
238228,798.4411546818229
238229,1296.6630190668855
238230,747.9188149990829
238231,671.4688037345104
238232,582.8477027567088
238233,248.51400599779947
238234,449.03420309637374
238235,626.8429101761761
238236,1362.169217008921
238237,1159.0686186807332
238238,541.7429439590571
238239,913.3380567509752
238240,337.80098302932714
238241,1599.13119729779
238242,1365.0667099710593
238243,633.7354042640492
238244,1047.6565090663619
238245,123.49370129596625
238246,724.9241391828668
238247,624.99169199434
238248,290.46448592976446
238249,487.7832987514759
238250,222.53223332058252
238251,1428.3375839481823
238252,1216.3388670426255
238253,591.4567451585108
238254,959.0518944535406
238255,252.97481187818397
238256,1708.8215443623305
238257,1445.9144459809356
238258,685.4065788841207
238259,1094.3243496315674
238260,71.018410194668
238261,496.28964020374974
238262,435.3929018222629
238263,186.83558504630227
238264,334.435836518887
238265,147.30490903126912
238266,1016.4626633586198
238267,871.6168649328982
238268,385.1617044272829
238269,669.6569855951259
238270,178.0095709345038
238271,1185.070205901664
238272,998.9672056930233
238273,452.1229540741341
238274,774.1659125657167
238275,709.3195186178142
238276,50.271497813277584
238277,49.08064191751631
238278,7.0788442002480965
238279,22.420525007985525
238280,75.30732118613373
238281,54.22700803215042
238282,60.03686867647919
238283,0.8044049555949835
238284,62.6928593808678
238285,-1.9625054470711873
238286,74.5618029042111
238287,74.68730256154625
238288,9.673117928481505
238289,52.57639318519606
238290,214.7945466367551
238291,1197.105890997137
238292,1069.9675720250227
238293,498.33687131598447
238294,801.8522555577347
238295,371.59301787365416
238296,2369.6985998734176
238297,2037.8759144337087
238298,960.2487645643046
238299,1582.871153731884
238300,457.58874708161665
238301,2774.2272594731753
238302,2389.6788176241284
238303,1128.8341802288805
238304,1882.237253315008
238305,138.92386440873236
238306,920.8742426509189
238307,784.8468224261014
238308,347.2606904088848
238309,602.3616554927372
238310,258.64905972395
238311,1820.6021292758903
238312,1570.24879903663
238313,721.0118694563578
238314,1151.252613946446
238315,308.4092856031133
238316,2152.7006520552795
238317,1874.4283904129427
238318,834.865048962691
238319,1385.8760660373116
238320,720.8355969008692
238321,748.5432899235326
238322,648.0941691583165
238323,294.1826325553598
238324,507.84521689489793
238325,449.10462026712145
238326,1528.8674677850292
238327,1281.9625921200875
238328,589.2630599265717
238329,965.7284910554181
238330,315.4237738987673
238331,1777.1396218141147
238332,1491.4889973102158
238333,707.2202384651988
238334,1134.3093374052694
238335,147.9481235917496
238336,803.545520222821
238337,694.3666190743947
238338,338.75307949486194
238339,549.2142795575373
238340,228.79963877054124
238341,1596.6234658766418
238342,1342.4907938841307
238343,644.87493485081
238344,1017.3404024827681
238345,263.56176341949373
238346,1884.898794551769
238347,1579.7781422072733
238348,768.9729422950852
238349,1191.0587071802897
238350,92.32071197786055
238351,562.2493779898376
238352,489.8777837108856
238353,205.34167128190344
238354,365.6155050395015
238355,155.46558306557563
238356,1096.9207162968514
238357,938.3990580601655
238358,415.79568762945246
238359,710.1104066500378
238360,187.38415012006044
238361,1310.2704125177775
238362,1116.1255843418112
238363,529.4316268827293
238364,862.3079050079035
238365,737.1901293756357
238366,52.872246499951416
238367,56.33746904462865
238368,11.475291754768945
238369,24.537795568427786
238370,8.15864083925638
238371,57.54594872143866
238372,65.68707030306899
238373,1.4643727608247308
238374,65.07201839424495
238375,-1.8859479903486598
238376,84.92969162059575
238377,91.79795391701585
238378,18.09203954749829
238379,63.72838779320962
238380,230.81321067525442
238381,1316.1504258801817
238382,1170.3466532689463
238383,550.4071418297842
238384,874.632366086394
238385,421.4948166896482
238386,2588.9664598211366
238387,2192.4446332720595
238388,1048.2750425802271
238389,1686.3890946527692
238390,475.59214457272776
238391,3100.3997887058845
238392,2655.5839193484912
238393,1251.6109218473937
238394,2007.210558104328
238395,147.53821026345415
238396,1014.4224031171859
238397,856.3062387340265
238398,372.031172702791
238399,651.72471755028
238400,294.2250239619138
238401,1974.8445907429157
238402,1720.8025512425004
238403,793.237459042878
238404,1241.812964535578
238405,318.70815494455354
238406,2347.363794239715
238407,2014.2233579035355
238408,942.2692600707587
238409,1486.4420970084082
238410,756.7773111214153
238411,581.2700124049428
238412,515.2916433742034
238413,210.85096746922062
238414,398.6270245325199
238415,733.7290719983022
238416,1187.1787223454423
238417,1014.920469631799
238418,464.8694737942868
238419,794.7379190753138
238420,457.05550708907714
238421,1402.7683967310022
238422,1197.4577714476743
238423,556.9685188189412
238424,906.5986297411193
238425,102.22426787217076
238426,613.131180410619
238427,534.8365625223729
238428,232.0118486500035
238429,416.5865214364402
238430,184.70613110000326
238431,1233.6944783084243
238432,1051.325041943181
238433,495.5270702815106
238434,821.3955520656491
238435,200.1930154352702
238436,1471.6615101260854
238437,1240.4035291292378
238438,587.7852242514297
238439,932.4120011187413
238440,52.91250019931603
238441,423.5908252082804
238442,373.23172653757354
238443,162.25168915739954
238444,297.10780059470915
238445,113.45078691273007
238446,902.9085178903583
238447,765.3929717774712
238448,332.97072379216235
238449,575.7393374491138
238450,137.88899896739863
238451,1057.5638471939708
238452,880.8109361423994
238453,403.53582723749366
238454,665.0627359776188
238455,717.057559429343
238456,21.086145938510295
238457,23.885218330287238
238458,-3.910336545067083
238459,22.15164953717248
238460,24.10536026274648
238461,25.599825977363466
238462,26.612396962597593
238463,-18.630389042272135
238464,42.23021492796012
238465,-3.029719623356257
238466,42.289577924086096
238467,47.30270730384161
238468,2.4371483244673593
238469,45.89147080265768
238470,134.18529321985068
238471,1026.9148162313484
238472,903.0415545090268
238473,400.71632726664353
238474,665.3295796656402
238475,284.16623785198504
238476,2007.1434535479577
238477,1752.925726608688
238478,793.1245922159242
238479,1357.0247819392116
238480,344.4423081805602
238481,2414.0744910141875
238482,2059.128218580638
238483,926.5287337097444
238484,1589.5137942774195
238485,113.24728658020511
238486,799.1157360873253
238487,668.0110709492444
238488,308.68696801803395
238489,536.9981699617962
238490,226.81112002590237
238491,1595.2534926395294
238492,1362.546876955618
238493,645.7917073030469
238494,1023.6571858424684
238495,258.6227731323403
238496,1887.6049095881237
238497,1624.8132369945013
238498,733.8636748381992
238499,1206.5690480970304
238500,756.7773111214153
238501,581.2700124049428
238502,515.2916433742034
238503,210.85096746922062
238504,398.6270245325199
238505,733.7290719983022
238506,1187.1787223454423
238507,1014.920469631799
238508,464.8694737942868
238509,794.7379190753138
238510,464.9765294874704
238511,1402.7683967310022
238512,1197.4577714476743
238513,556.9685188189412
238514,906.5986297411193
238515,102.22426787217076
238516,613.131180410619
238517,534.8365625223729
238518,232.0118486500035
238519,416.5865214364402
238520,184.70613110000326
238521,1233.6944783084243
238522,1051.325041943181
238523,495.5270702815106
238524,821.3955520656491
238525,200.1930154352702
238526,1471.6615101260854
238527,1240.4035291292378
238528,587.7852242514297
238529,932.4120011187413
238530,52.91250019931603
238531,423.5908252082804
238532,373.23172653757354
238533,162.25168915739954
238534,297.10780059470915
238535,113.45078691273007
238536,902.9085178903583
238537,765.3929717774712
238538,332.97072379216235
238539,575.7393374491138
238540,137.88899896739863
238541,1057.5638471939708
238542,880.8109361423994
238543,403.53582723749366
238544,665.0627359776188
238545,717.057559429343
238546,21.086145938510295
238547,23.885218330287238
238548,-3.910336545067083
238549,22.15164953717248
238550,24.10536026274648
238551,25.599825977363466
238552,26.612396962597593
238553,-18.630389042272135
238554,42.23021492796012
238555,-3.029719623356257
238556,42.289577924086096
238557,47.30270730384161
238558,2.4371483244673593
238559,45.89147080265768
238560,134.18529321985068
238561,1026.9148162313484
238562,903.0415545090268
238563,400.71632726664353
238564,665.3295796656402
238565,284.16623785198504
238566,2007.1434535479577
238567,1752.925726608688
238568,793.1245922159242
238569,1357.0247819392116
238570,344.4423081805602
238571,2414.0744910141875
238572,2059.128218580638
238573,926.5287337097444
238574,1589.5137942774195
238575,113.24728658020511
238576,799.1157360873253
238577,668.0110709492444
238578,308.68696801803395
238579,536.9981699617962
238580,226.81112002590237
238581,1595.2534926395294
238582,1362.546876955618
238583,645.7917073030469
238584,1023.6571858424684
238585,258.6227731323403
238586,1887.6049095881237
238587,1624.8132369945013
238588,733.8636748381992
238589,1206.5690480970304
238590,759.4058623198362
238591,589.9844290269237
238592,522.0511893978689
238593,217.2635200544962
238594,400.80129425467965
238595,715.4088859426325
238596,1195.0024991294756
238597,1020.7893758175164
238598,470.2124969446084
238599,796.4634600347359
238600,454.7803826146289
238601,1410.5921735150355
238602,1203.326677633392
238603,562.3115419692626
238604,908.3241707005415
238605,101.7941912986574
238606,617.0554802844414
238607,538.4031623838815
238608,235.2314550731222
238609,419.2896541247342
238610,183.2600235008156
238611,1239.8537593116878
238612,1057.1266229341306
238613,500.8027682370642
238614,826.7755769585945
238615,199.3219302199834
238616,1477.820791129349
238617,1246.2051101201873
238618,593.060922206983
238619,937.7920260116866
238620,51.78941844862722
238621,428.20874044362824
238622,375.8947711746058
238623,164.5677403560417
238624,298.90737805852666
238625,111.31167413636706
238626,909.7614142551464
238627,770.2909975439437
238628,337.3428665232394
238629,580.2158071175826
238630,136.3249085749364
238631,1064.4167435587594
238632,885.708961908872
238633,407.90796996857074
238634,669.5392056460876
238635,715.934477678654
238636,25.704061173858072
238637,26.54826296731948
238638,-1.5942853464248876
238639,23.95122700099001
238640,19.12824334230767
238641,28.79307071482294
238642,27.850771101741536
238643,-17.917897938523975
238644,43.04703296910034
238645,-4.593810015818453
238646,45.482822661545576
238647,48.54108144298556
238648,3.1496394282155227
238649,46.708288843797895
238650,134.93226121791037
238651,1041.0766478609314
238652,916.1190806413446
238653,412.27912250824653
238654,673.2488919118233
238655,281.0433138081748
238656,2028.2138955299847
238657,1772.9118630934506
238658,804.2388417073506
238659,1365.1163491074356
238660,350.53441687644465
238661,2440.9469392079322
238662,2084.9163612771167
238663,943.444989412889
238664,1603.4073676573614
238665,116.73864742524393
238666,812.4990048805632
238667,675.9523388733917
238668,319.471200423292
238669,544.1389193716344
238670,226.8735974708445
238671,1615.9863804269855
238672,1377.8377638739835
238673,656.5684025999018
238674,1031.4111988161203
238675,267.9002833169771
238676,1914.1398035872978
238677,1645.9061301245847
238678,750.4423763467722
238679,1220.1250672824008
238680,759.4058623198362
238681,589.9844290269237
238682,522.0511893978689
238683,217.2635200544962
238684,400.80129425467965
238685,715.4088859426325
238686,1195.0024991294756
238687,1020.7893758175164
238688,470.2124969446084
238689,796.4634600347359
238690,454.7803826146289
238691,1410.5921735150355
238692,1203.326677633392
238693,562.3115419692626
238694,908.3241707005415
238695,101.7941912986574
238696,617.0554802844414
238697,538.4031623838815
238698,235.2314550731222
238699,419.2896541247342
238700,183.2600235008156
238701,1239.8537593116878
238702,1057.1266229341306
238703,500.8027682370642
238704,826.7755769585945
238705,199.3219302199834
238706,1477.820791129349
238707,1246.2051101201873
238708,593.060922206983
238709,937.7920260116866
238710,51.78941844862722
238711,428.20874044362824
238712,375.8947711746058
238713,164.5677403560417
238714,298.90737805852666
238715,111.31167413636706
238716,909.7614142551464
238717,770.2909975439437
238718,337.3428665232394
238719,580.2158071175826
238720,136.3249085749364
238721,1064.4167435587594
238722,885.708961908872
238723,407.90796996857074
238724,669.5392056460876
238725,715.934477678654
238726,25.704061173858072
238727,26.54826296731948
238728,-1.5942853464248876
238729,23.95122700099001
238730,10.133655902277015
238731,28.79307071482294
238732,27.850771101741536
238733,-17.917897938523975
238734,43.04703296910034
238735,-4.593810015818453
238736,45.482822661545576
238737,48.54108144298556
238738,3.1496394282155227
238739,46.708288843797895
238740,134.93226121791037
238741,1041.0766478609314
238742,916.1190806413446
238743,412.27912250824653
238744,673.2488919118233
238745,281.0433138081748
238746,2028.2138955299847
238747,1772.9118630934506
238748,804.2388417073506
238749,1365.1163491074356
238750,350.53441687644465
238751,2440.9469392079322
238752,2084.9163612771167
238753,943.444989412889
238754,1603.4073676573614
238755,116.73864742524393
238756,812.4990048805632
238757,675.9523388733917
238758,319.471200423292
238759,544.1389193716344
238760,226.8735974708445
238761,1615.9863804269855
238762,1377.8377638739835
238763,656.5684025999018
238764,1031.4111988161203
238765,267.9002833169771
238766,1914.1398035872978
238767,1645.9061301245847
238768,750.4423763467722
238769,1220.1250672824008
238770,748.8061995444781
238771,630.4738815831985
238772,554.2088011042933
238773,236.36796051063524
238774,414.61221680644866
238775,616.4473223448871
238776,1252.1902501574314
238777,1057.126120813899
238778,505.704145337801
238779,843.0506155765808
238780,362.6271910109228
238781,1472.1375580344989
238782,1241.3605953498507
238783,583.6343445959891
238784,985.9713659162709
238785,95.76308250459694
238786,651.6491833647394
238787,565.0344120043826
238788,248.85755237960475
238789,427.6222335268467
238790,185.30373205286637
238791,1288.197643035004
238792,1084.9888880159267
238793,527.8679556519371
238794,864.9362715221195
238795,213.96190067434264
238796,1545.7603461466226
238797,1291.0025857245096
238798,605.9572638553897
238799,1007.0127602490962
238800,56.998726228657006
238801,454.99527283420946
238802,394.71885010539006
238803,175.11016255550572
238804,304.1562823536208
238805,119.17893330363077
238806,943.8977931258718
238807,798.1314874244832
238808,362.6671813464169
238809,616.6356290894124
238810,152.4299243265661
238811,1115.345498783483
238812,927.6813673719777
238813,415.9941456348219
238814,730.1748297726647
238815,711.1354169909356
238816,26.5191331421433
238817,26.583979456703684
238818,4.7518862200065
238819,7.748674985951696
238820,28.67936215311527
238821,27.692305888573173
238822,32.581659257234975
238823,-0.5714741808809486
238824,42.57635917223483
238825,-7.3578335826612316
238826,48.2941408427686
238827,45.8279425403342
238828,8.972295283343392
238829,33.13494946790091
238830,145.1725015569654
238831,1083.781200335837
238832,945.1454266352139
238833,420.87614287890284
238834,698.2418084034425
238835,299.6453998906976
238836,2180.957835653304
238837,1891.6300050316124
238838,841.131041582272
238839,1423.0060942404664
238840,366.07477622923767
238841,2579.8480697527352
238842,2221.2664849884477
238843,977.2232045058549
238844,1689.8789410825984
238845,129.17216358810148
238846,866.6929978240706
238847,719.9786845290806
238848,333.91660213459875
238849,564.4922008418682
238850,244.63059789266742
238851,1726.3901911425603
238852,1450.704087736381
238853,694.2080013075943
238854,1085.3257616289256
238855,295.3446134226759
238856,2033.024464487903
238857,1746.4629414778676
238858,796.0880705932037
238859,1307.976103499067
238860,746.0709660962282
238861,657.9360002694701
238862,569.3148992916686
238863,244.95812846759114
238864,441.2400427030496
238865,602.5075246747072
238866,1340.8189113517917
238867,1137.718313023604
238868,530.3695642367607
238869,897.7263941655626
238870,328.1356319343839
238871,1577.780891640661
238872,1343.71640431393
238873,622.3620245417527
238874,1032.044846480949
238875,99.69383433555464
238876,682.2441742465068
238877,583.9088976439817
238878,259.35861751423806
238879,456.1609566011249
238880,190.91486416808226
238881,1377.8401168197336
238882,1167.4385705001785
238883,552.5333745508963
238884,919.6120501111013
238885,221.35744272568374
238886,1658.3240772338818
238887,1397.0141494384886
238888,646.4832082765062
238889,1054.8845052891277
238890,64.87745290645887
238891,476.3831468223545
238892,415.48640844086765
238893,176.90601759973882
238894,323.98979533749906
238895,133.34644955097136
238896,988.738667785136
238897,843.8928693594145
238898,367.41463478863113
238899,651.3934422216496
238900,164.05111145420605
238901,1157.34621032818
238902,971.2432101195395
238903,434.3758844354823
238904,755.9023691922404
238905,703.1785613296051
238906,30.3650044318822
238907,29.17414853612094
238908,-2.8507232463152397
238909,11.974483826597512
238910,61.34886170583614
238911,26.503012458666507
238912,32.3128731029953
238913,-16.942664683056876
238914,44.42931600739128
238915,-15.920964927368873
238916,46.83780733072729
238917,46.963306988062406
238918,-8.073951710170363
238919,34.31284981171955
238920,153.65982668690626
238921,1122.2056349541022
238922,995.0673159819879
238923,435.5504264036049
238924,735.4223276499355
238925,302.62493885959697
238926,2294.1591081439096
238927,1962.3364227042005
238928,889.6448174598365
238929,1508.6237236319964
238930,394.4226742792776
238931,2704.4897739553853
238932,2319.9413321063385
238933,1064.0322393361305
238934,1813.791829426838
238935,137.6359850850518
238936,905.8208272340521
238937,769.7934070092347
238938,344.3210861226735
238939,595.7785682111062
238940,249.52782133606107
238941,1804.9094781725503
238942,1554.55614793329
238943,710.2547629780579
238944,1136.852024472726
238945,305.0900534269425
238946,2142.8100071636577
238947,1864.5377455213206
238948,829.9099486961093
238949,1377.27748277531
238950,720.1032935464426
238951,736.6250002171365
238952,636.1758794519205
238953,291.5276763672297
238954,502.33002767491604
238955,433.70228250616907
238956,1516.949178078633
238957,1270.0443024136912
238958,586.6081037384417
238959,962.6606117528196
238960,314.6914705443406
238961,1765.2213321077184
238962,1479.5707076038195
238963,704.5652822770688
238964,1133.5152366174327
238965,122.84062879887863
238966,760.0568956642179
238967,652.4751651017934
238968,306.12495904052645
238969,517.4477351996416
238970,200.67517631523026
238971,1550.1178736555985
238972,1297.582372249089
238973,609.2298467340347
238974,985.0042003798156
238975,231.25384547915252
238976,1834.2097468456955
238977,1530.6862650872015
238978,729.1443986932796
238979,1156.8128281070688
238980,84.87212685719216
238981,541.5342249861993
238982,469.16263070724716
238983,193.88985179653088
238984,355.02526165056855
238985,145.00003028246715
238986,1073.1885956307729
238987,914.6669373940873
238988,401.3269004816401
238989,699.3556573351158
238990,172.73514185192167
238991,1282.3548363666687
238992,1088.2100081907024
238993,510.7793842498867
238994,847.3697002079512
238995,728.8267425155374
238996,32.15709349631296
238997,35.62231604099023
238998,2.083395435409156
238999,13.94755217949483
239000,3.323810886972107
239001,33.81382805536026
239002,41.95494963699059
239003,-10.944491220975035
239004,51.73427146564616
239005,-9.36789874636133
239006,57.01411546948717
239007,63.882377765907265
239008,1.4997200806682638
239009,46.207185379580565
239010,168.3393130452775
239011,1245.7016105189825
239012,1099.897837907747
239013,486.47001630030485
239014,808.7601956029705
239015,355.9880945251114
239016,2522.678943303112
239017,2126.157116754035
239018,981.3209493883071
239019,1621.3920917708308
239020,403.24114427317966
239021,3027.267994052849
239022,2582.452124695456
239023,1179.483507459972
239024,1937.040234026887
239025,147.17916438775552
239026,997.4579048208782
239027,839.3417404377187
239028,370.20889892759016
239029,647.9673988211348
239030,293.85012121409534
239031,1965.058358952223
239032,1711.0163194518077
239033,791.415185267677
239034,1241.947781070358
239035,315.67242954675396
239036,2334.916739799041
239037,2001.776303462862
239038,939.4571205850854
239039,1485.5870478327158
239040,759.545588840264
239041,586.6178398650082
239042,520.639470834269
239043,211.67086107872402
239044,403.03202119550645
239045,721.8273153106251
239046,1192.5265498055082
239047,1020.2682970918645
239048,465.6893674037904
239049,796.4251903647655
239050,459.823784807926
239051,1408.116224191068
239052,1202.8055989077402
239053,557.7884124284445
239054,910.5596795453334
239055,102.53774088746646
239056,608.8290597533683
239057,532.1316124511239
239058,224.7789647281924
239059,416.66054969640345
239060,184.57859547352538
239061,1228.9513490094007
239062,1048.1790832301592
239063,487.85317771792626
239064,818.3108463103042
239065,200.06547980879236
239066,1466.9183808270618
239067,1237.257570416216
239068,580.1113316878451
239069,931.6010738781588
239070,52.532968037436206
239071,423.7102612566169
239072,373.35116258591
239073,157.84319135517362
239074,300.0062149742576
239075,112.6302461090769
239076,902.5869452969212
239077,765.071399184034
239078,328.1212173481632
239079,575.8841696324215
239080,137.06845816374536
239081,1057.242274600534
239082,880.4893635489623
239083,398.68632079349453
239084,665.2075681609265
239085,715.1971979714085
239086,21.20558198684664
239087,24.004654378623577
239088,-6.258911181280314
239089,25.050063916720802
239090,36.01450632428383
239091,25.278253383926458
239092,26.29082436916056
239093,-21.419972320258754
239094,45.587327620336424
239095,10.415761119482955
239096,41.96800533064908
239097,46.9811347104046
239098,-0.352434953519225
239099,49.248583495033984
239100,134.5785348732416
239101,1027.8070260949555
239102,903.9337643726341
239103,399.9843761987785
239104,669.1079197291651
239105,284.26235555351025
239106,2002.6022015177723
239107,1748.3844745785025
239108,791.9516325062855
239109,1357.2529713507097
239110,341.87760323210426
239111,2406.8724163340207
239112,2051.926143900472
239113,924.3659082896334
239114,1588.7521179784453
239115,116.38492108057518
239116,802.7523387979118
239117,671.6476736598308
239118,310.6994097971479
239119,543.5209028723003
239120,230.09263921617986
239121,1593.8976420980964
239122,1361.191026414185
239123,647.8041490821607
239124,1027.0707767427193
239125,259.2434696726367
239126,1883.5882363967098
239127,1620.7965638030873
239128,734.8862509068407
239129,1208.9927732868086
239130,759.3342720115857
239131,583.0341600636044
239132,517.055791032865
239133,218.51112106621446
239134,387.5051974467549
239135,727.4528355292306
239136,1188.9428700041044
239137,1016.6846172904609
239138,472.5296273912807
239139,781.6756739748281
239140,473.7766798797458
239141,1403.7847300801313
239142,1198.4741047968034
239143,563.8808581064019
239144,897.191385971001
239145,102.27922005639246
239146,605.2453799519643
239147,528.54793264972
239148,231.61922471568283
239149,401.1337259476519
239150,184.32007464245137
239151,1225.3676692079969
239152,1044.5954034287554
239153,494.69343770541667
239154,803.5613299203668
239155,199.0591446681853
239156,1462.586886716125
239157,1232.9260763052791
239158,586.2037773658025
239159,918.2327803038263
239160,52.27444720636221
239161,420.126581455213
239162,369.7674827845061
239163,164.683451342664
239164,287.6242430809937
239165,112.37172527800288
239166,899.0032654955172
239167,761.4877193826301
239168,334.9614773356537
239169,564.2795050979717
239170,136.0621230231383
239171,1052.9107804895973
239172,876.1578694380253
239173,404.77876647145195
239174,654.9841264420816
239175,714.9386771403344
239176,17.621902185442742
239177,20.420974577219695
239178,0.5813488062100981
239179,17.843671350767266
239180,35.75598549320982
239181,21.694573582522555
239182,22.70714456775668
239183,-14.57971233276833
239184,38.380935054382874
239185,10.157240288408977
239186,38.384325529245174
239187,43.39745490900069
239188,6.487825033971181
239189,42.042190929080434
239190,134.3200140421676
239191,1010.282656853838
239192,886.4093951315167
239193,406.8246361862689
239194,646.9645096454137
239195,284.0038347224362
239196,1985.077832276655
239197,1730.8601053373852
239198,798.7918924937759
239199,1335.109561266958
239200,341.61908240103025
239201,2389.3480470929035
239202,2034.4017746593568
239203,931.2061682771237
239204,1566.6087078946937
239205,116.12640024950117
239206,791.1011814348489
239207,659.9965162967679
239208,317.53966978463836
239209,530.7275543079076
239210,229.83411838510582
239211,1582.2464847350334
239212,1349.539869051122
239213,654.6444090696511
239214,1014.277428178326
239215,258.9849488415627
239216,1871.9370790336468
239217,1609.1454064400243
239218,741.726510894331
239219,1196.199424722416
239220,759.9375598736069
239221,585.2757409998824
239222,517.3425013708274
239223,218.45083796578683
239224,387.44491434632727
239225,728.700154811855
239226,1191.1844509403825
239227,1016.9713276284233
239228,472.4693442908531
239229,781.6153908744004
239230,461.1065296838272
239231,1405.5775710297319
239232,1198.3120751480883
239233,563.3718350192968
239234,896.6823628838958
239235,102.27868485003268
239236,607.4869608882423
239237,528.8346429876824
239238,231.5589416152552
239239,401.07344284722427
239240,184.31953943609162
239241,1227.609250144275
239242,1044.8821137667178
239243,494.63315460498904
239244,803.5010468199391
239245,198.60986947514803
239246,1464.3797276657256
239247,1232.764046656564
239248,585.6947542786974
239249,917.7237572167212
239250,52.273912000002426
239251,422.36816239149096
239252,370.0541931224685
239253,164.62316824223637
239254,287.5639599805661
239255,112.3711900716431
239256,901.2448464317952
239257,761.7744297205925
239258,334.90119423522606
239259,564.219221997544
239260,135.61284783010103
239261,1054.7036214391978
239262,875.9958397893103
239263,404.2697433843469
239264,654.4751033549765
239265,714.6233652131434
239266,19.86348312172069
239267,20.707684915182114
239268,0.521065705782464
239269,17.783388250339634
239270,51.61848282820186
239271,23.164213634517296
239272,22.221914021435886
239273,-15.411936317479164
239274,37.54871106967204
239275,16.11213045253721
239276,40.625906465523116
239277,43.684165246963104
239278,6.427541933543547
239279,41.981907828652794
239280,134.31947883580781
239281,1016.0113680608911
239282,891.0538008413047
239283,407.8174258095187
239284,647.9572992686635
239285,284.00329951607637
239286,1990.806543483708
239287,1735.5045110471733
239288,799.7846821170257
239289,1336.102350890208
239290,341.61854719467044
239291,2395.0767582999565
239292,2039.0461803691448
239293,932.1989579003734
239294,1567.6014975179437
239295,116.12586504314139
239296,796.8298926419019
239297,660.2832266347303
239298,318.53245940788815
239299,531.7203439311573
239300,229.83358317874604
239301,1587.9751959420864
239302,1349.8265793890844
239303,655.6371986929009
239304,1015.2702178015758
239305,258.9844136352029
239306,1877.6657902406998
239307,1609.4321167779867
239308,742.7193005175808
239309,1197.1922143456661
239310,759.9375598736069
239311,585.2757409998824
239312,517.3425013708274
239313,218.45083796578683
239314,387.44491434632727
239315,728.700154811855
239316,1191.1844509403825
239317,1016.9713276284233
239318,472.4693442908531
239319,781.6153908744004
239320,460.53277181182176
239321,1405.0038131577264
239322,1197.7383172760829
239323,562.7980771472913
239324,896.1086050118904
239325,102.27868485003268
239326,607.4869608882423
239327,528.8346429876824
239328,231.5589416152552
239329,401.07344284722427
239330,184.31953943609162
239331,1227.609250144275
239332,1044.8821137667178
239333,494.63315460498904
239334,803.5010468199391
239335,198.0361116031426
239336,1463.8059697937201
239337,1232.1902887845586
239338,585.1209964066919
239339,917.1499993447158
239340,52.273912000002426
239341,422.36816239149096
239342,370.0541931224685
239343,164.62316824223637
239344,287.5639599805661
239345,112.3711900716431
239346,901.2448464317952
239347,761.7744297205925
239348,334.90119423522606
239349,564.219221997544
239350,135.0390899580956
239351,1054.1298635671924
239352,875.4220819173048
239353,403.6959855123414
239354,653.901345482971
239355,714.6233652131434
239356,19.86348312172069
239357,20.707684915182114
239358,0.521065705782464
239359,17.783388250339634
239360,42.623895388171206
239361,23.164213634517296
239362,22.221914021435886
239363,-15.411936317479164
239364,37.54871106967204
239365,16.11213045253721
239366,40.625906465523116
239367,43.684165246963104
239368,6.427541933543547
239369,41.981907828652794
239370,134.31947883580781
239371,1016.0113680608911
239372,891.0538008413047
239373,407.8174258095187
239374,647.9572992686635
239375,284.00329951607637
239376,1990.806543483708
239377,1735.5045110471733
239378,799.7846821170257
239379,1336.102350890208
239380,341.61854719467044
239381,2395.0767582999565
239382,2039.0461803691448
239383,932.1989579003734
239384,1567.6014975179437
239385,116.12586504314139
239386,796.8298926419019
239387,660.2832266347303
239388,318.53245940788815
239389,531.7203439311573
239390,229.83358317874604
239391,1587.9751959420864
239392,1349.8265793890844
239393,655.6371986929009
239394,1015.2702178015758
239395,258.9844136352029
239396,1877.6657902406998
239397,1609.4321167779867
239398,742.7193005175808
239399,1197.1922143456661
239400,745.3958724787503
239401,621.9040169876611
239402,545.6389365087559
239403,237.17757193061072
239404,394.5990072461454
239405,620.1216868154273
239406,1243.6203855618937
239407,1048.5562562183613
239408,506.5137567577767
239409,821.0969880015573
239410,366.3079591198007
239411,1463.6677848019292
239412,1232.890822117281
239413,584.5440473789326
239414,963.4355131413806
239415,92.30555143647341
239416,643.079318769202
239417,556.4645474088452
239418,249.66716379958018
239419,407.6090239665434
239420,181.84620098474275
239421,1279.6277784394663
239422,1076.419023420389
239423,528.6775670719127
239424,842.982643947096
239425,207.21162644458363
239426,1528.189816360399
239427,1273.4320559382859
239428,605.8635960803549
239429,984.476907474206
239430,53.54119516053343
239431,446.4254082386719
239432,386.1489855098525
239433,175.9197739754811
239434,287.2879246488052
239435,115.72140223550721
239436,935.3279285303344
239437,789.5616228289458
239438,363.47679276639224
239439,598.232005188944
239440,145.67965009680708
239441,1099.9515661389826
239442,912.2874347274775
239443,415.90047785978703
239444,708.915202157567
239445,708.7098445134799
239446,19.440991316102846
239447,19.505837630663272
239448,9.113143575491625
239449,2.85045621729458
239450,52.275055781545504
239451,19.842223178249505
239452,24.731576546911306
239453,3.0178422903209445
239454,37.805906473895874
239455,13.387879293981408
239456,38.83890654963322
239457,36.37270824719884
239458,14.200585612034232
239459,25.921708982293914
239460,136.88966921867828
239461,1055.9295741194373
239462,917.293800418815
239463,417.6273407519815
239464,653.7929376374861
239465,291.52230911443803
239466,2140.935489679271
239467,1851.6076590575783
239468,837.8822394553508
239469,1375.4480814642552
239470,350.6430890115113
239471,2528.985802449909
239472,2170.4042176856215
239473,968.0495634299489
239474,1632.3143277126458
239475,125.94690158946723
239476,845.5868691278522
239477,698.8725558328622
239478,335.7253703473301
239479,545.3473870832997
239480,241.5650774560606
239481,1693.1133426887063
239482,1417.4272392825271
239483,696.0167695203257
239484,1063.0718058601035
239485,284.9704965446022
239486,1988.9076947052552
239487,1702.3461716952197
239488,791.9719998569506
239489,1275.7155471365024
239490,741.4513260107948
239491,650.8508989834455
239492,562.2297980056439
239493,246.11941558062964
239494,421.5785088358095
239495,605.2857103493263
239496,1333.7338100657669
239497,1130.6332117375791
239498,531.5308513497993
239499,876.1244422836023
239500,323.6160832119183
239501,1570.795881717604
239502,1336.7313943908732
239503,623.6234030177593
239504,1009.8606693991223
239505,96.58797896049433
239506,675.1590729604821
239507,576.8237963579571
239508,260.5199046272767
239509,436.4994227338848
239510,187.8090087930218
239511,1370.7550155337087
239512,1160.3534692141536
239513,553.6946616639349
239514,898.010098229141
239515,214.9588441889879
239516,1642.238310757171
239517,1380.9283829617777
239518,646.7412161945344
239519,1032.7003282073013
239520,61.77159753139852
239521,469.29804553632965
239522,408.4013071548428
239523,178.06730471277737
239524,307.4731133257466
239525,130.2405941759109
239526,981.6535664991114
239527,836.8077680733899
239528,368.57592190166963
239529,633.3414940142443
239530,157.65251291751022
239531,1143.4370409931923
239532,957.3340407845521
239533,434.6338923535106
239534,734.9944172702059
239535,701.1046645452126
239536,24.77162591535454
239537,23.58077001959326
239538,1.862209802233069
239539,7.42794075100359
239540,85.29623102732947
239541,20.13769305785563
239542,25.94755370218441
239543,-13.001672518791803
239544,40.01053900211548
239545,5.176423642336948
239546,38.86733634710469
239547,38.992836004439795
239548,-2.4939856884163527
239549,27.451285019175724
239550,145.72867004168234
239551,1095.8387720472153
239552,968.7004530751018
239553,432.6532999697467
239554,691.3251325770423
239555,294.85352377640055
239556,2255.621525479389
239557,1923.7988400396791
239558,886.7476910259785
239559,1461.4173865488483
239560,379.34266275461437
239561,2655.1122699620714
239562,2270.5638281130246
239563,1055.2102739532875
239564,1756.5788917499488
239565,134.76239877948063
239566,886.1994618473465
239567,750.172041622529
239568,346.481530028468
239569,576.9854301456008
239570,246.8139765925175
239571,1773.117393028209
239572,1522.7640627889489
239573,712.4152068838525
239574,1114.9497443969665
239575,295.067612241932
239576,2100.1780006905237
239577,1821.9057390481855
239578,826.1455536529193
239579,1345.368602105809
239580,712.3815281114902
239581,725.1128024067781
239582,627.0146858602955
239583,293.8278336977977
239584,482.75434556512556
239585,433.37834283126904
239586,1505.436980268274
239587,1260.8831088220657
239588,588.90826106901
239589,936.8012173698221
239590,307.069796472356
239591,1753.8092256603275
239592,1470.509605375162
239593,706.9655309706052
239594,1104.7998385198052
239595,118.0622051136059
239596,748.5446978538594
239597,643.3139715101684
239598,308.4251163710945
239599,497.87205308985074
239600,195.89675262995758
239601,1538.6056758452396
239602,1288.4211786574635
239603,611.530004064603
239604,959.1448059968181
239605,223.18267863224446
239606,1813.6968838446505
239607,1512.52440630489
239608,730.5412768288377
239609,1128.0974300094413
239610,80.09370317191954
239611,530.0220271758408
239612,460.0014371156219
239613,196.19000912709896
239614,338.59443139626575
239615,140.22160659719447
239616,1061.676397820414
239617,905.5057438024622
239618,403.62705781220814
239619,676.6411148076058
239620,164.6639750050136
239621,1264.018570507347
239622,1072.224746550114
239623,512.1762623854449
239624,821.799153965812
239625,727.7823625080109
239626,23.923901803099586
239627,29.740128566510297
239628,7.662558883122486
239629,9.804214454132163
239630,9.661660381684694
239631,25.58063636214687
239632,36.07276216251067
239633,-5.3653277732617175
239634,51.90216495101973
239635,4.677147348654441
239636,46.40383130917888
239637,55.62309782433241
239638,7.94591650158731
239639,43.16035019340292
239640,153.2438908509469
239641,1199.6069719454965
239642,1056.1542035529944
239643,474.2996098240802
239644,765.0662058803085
239645,341.05241389280826
239646,2464.413584971993
239647,2070.2427626416493
239648,969.1505429120825
239649,1566.1759243910885
239650,389.45969606110896
239651,2966.625543254635
239652,2524.1606781159753
239653,1168.180133956953
239654,1878.6093379755935
239655,143.6285693060623
239656,977.743886981568
239657,821.978726817142
239658,374.100651315626
239659,629.5774661058607
239660,290.45926769442957
239661,1933.1736213552774
239662,1681.4825860735955
239663,795.3069376557131
239664,1212.0356706980037
239665,313.43580844732065
239666,2300.654909735002
239667,1969.8654776175547
239668,944.2159059463272
239669,1452.4602087888104
239670,758.3331000096858
239671,576.2811153998522
239672,512.6537505878463
239673,215.77640331657787
239674,382.1671056226946
239675,727.699518016315
239676,1182.1898253403517
239677,1012.2825768454411
239678,469.7949096416442
239679,776.3375821507681
239680,465.70239115195363
239681,1397.8795910888796
239682,1194.919970024285
239683,561.9940460292667
239684,887.6160676167068
239685,97.75242350979669
239686,598.4923352882121
239687,524.1458922047012
239688,228.88450696604625
239689,395.7956341235916
239690,179.79327809585558
239691,1218.6146245442442
239692,1040.193362983736
239693,491.95871995578017
239694,798.2232380963068
239695,194.664082683139
239696,1452.4342517265943
239697,1225.1244455344818
239698,583.3135947306889
239699,908.6574619495321
239700,47.74765065976641
239701,413.37353679146054
239702,365.3654423394871
239703,161.9487335930274
239704,282.2861512569334
239705,107.8449287314071
239706,892.250220831765
239707,757.0856789376113
239708,332.226759586017
239709,558.9414132739116
239710,131.667061038092
239711,1042.7581455000666
239712,868.3562386672287
239713,401.8885838363381
239714,645.4088080877874
239715,714.7119518281092
239716,14.147863638835613
239717,19.29794024934602
239718,1.1256371737187567
239719,19.61749272833679
239720,45.15410526309664
239721,17.448594151632214
239722,20.812169355599792
239723,-14.807364849542882
239724,39.382815547669225
239725,17.354949487735187
239726,32.53319451554313
239727,39.897328114032106
239728,7.899146374685549
239729,40.60128363509878
239730,117.83074295736101
239731,985.7597165891415
239732,864.2374590855544
239733,392.12744389842146
239734,624.1246965434818
239735,267.5145636376295
239736,1960.5548920119593
239737,1708.6881692914228
239738,784.0947002059287
239739,1312.2697481650257
239740,326.284043736456
239741,2362.448014361113
239742,2009.8527461462993
239743,917.3760089624822
239744,1540.55416612121
239745,113.19119876037323
239746,784.5775607576921
239747,655.8238998383447
239748,316.3965470924695
239749,523.8417366940049
239750,226.8989168959778
239751,1575.7228640578762
239752,1345.3672525926982
239753,653.5012863774826
239754,1007.3916105644233
239755,257.2039797726671
239756,1863.0363658893946
239757,1602.5956975145054
239758,741.4504211753682
239759,1186.0988784369615
239760,758.3331000096858
239761,576.2811153998522
239762,512.6537505878463
239763,215.77640331657787
239764,382.1671056226946
239765,727.699518016315
239766,1182.1898253403517
239767,1012.2825768454411
239768,469.7949096416442
239769,776.3375821507681
239770,473.62341355034687
239771,1397.8795910888796
239772,1194.919970024285
239773,561.9940460292667
239774,887.6160676167068
239775,97.75242350979669
239776,598.4923352882121
239777,524.1458922047012
239778,228.88450696604625
239779,395.7956341235916
239780,179.79327809585558
239781,1218.6146245442442
239782,1040.193362983736
239783,491.95871995578017
239784,798.2232380963068
239785,194.664082683139
239786,1452.4342517265943
239787,1225.1244455344818
239788,583.3135947306889
239789,908.6574619495321
239790,47.74765065976641
239791,413.37353679146054
239792,365.3654423394871
239793,161.9487335930274
239794,282.2861512569334
239795,107.8449287314071
239796,892.250220831765
239797,757.0856789376113
239798,332.226759586017
239799,558.9414132739116
239800,131.667061038092
239801,1042.7581455000666
239802,868.3562386672287
239803,401.8885838363381
239804,645.4088080877874
239805,714.7119518281092
239806,14.147863638835613
239807,19.29794024934602
239808,1.1256371737187567
239809,19.61749272833679
239810,45.15410526309664
239811,17.448594151632214
239812,20.812169355599792
239813,-14.807364849542882
239814,39.382815547669225
239815,17.354949487735187
239816,32.53319451554313
239817,39.897328114032106
239818,7.899146374685549
239819,40.60128363509878
239820,119.83998544040223
239821,989.3425589957079
239822,867.8203014921207
239823,395.7102863049877
239824,630.2156282186302
239825,269.52380612067077
239826,1964.1377344185255
239827,1712.271011697989
239828,787.677542612495
239829,1318.360679840174
239830,328.29328621949725
239831,2366.0308567676793
239832,2013.4355885528655
239833,920.9588513690485
239834,1546.6450977963584
239835,113.19119876037323
239836,784.5775607576921
239837,655.8238998383447
239838,316.3965470924695
239839,523.8417366940049
239840,226.8989168959778
239841,1575.7228640578762
239842,1345.3672525926982
239843,653.5012863774826
239844,1007.3916105644233
239845,257.2039797726671
239846,1863.0363658893946
239847,1602.5956975145054
239848,741.4504211753682
239849,1186.0988784369615
239850,758.9363878717071
239851,578.5226963361301
239852,512.9404609258087
239853,215.71612021615024
239854,382.10682252226695
239855,725.9879169650997
239856,1184.4314062766298
239857,1012.5692871834035
239858,469.7346265412166
239859,776.2772990503404
239860,461.4020033411057
239861,1400.1211720251576
239862,1195.2066803622474
239863,561.933762928839
239864,887.5557845162791
239865,97.7518883034369
239866,600.73391622449
239867,524.4326025426636
239868,228.82422386561862
239869,395.73535102316396
239870,179.79274288949577
239871,1220.8562054805222
239872,1040.4800733216985
239873,491.89843685535254
239874,798.1629549958791
239875,194.6635474767792
239876,1454.6758326628724
239877,1225.4111558724442
239878,583.2533116302612
239879,908.5971788491045
239880,47.74711545340662
239881,415.6151177277385
239882,365.6521526774495
239883,161.8884504925998
239884,282.2258681565058
239885,107.84439352504731
239886,894.4918017680429
239887,757.3723892755737
239888,332.1664764855894
239889,558.8811301734839
239890,131.6665258317322
239891,1044.9997264363446
239892,868.6429490051911
239893,401.8283007359105
239894,645.3485249873597
239895,714.7114166217494
239896,16.389444575113558
239897,19.584650587308438
239898,1.0653540732911226
239899,19.557209627909156
239900,45.153570056736854
239901,19.690175087910163
239902,21.09887969356221
239903,-14.867647949970515
239904,39.322532447241585
239905,17.3544142813754
239906,34.77477545182107
239907,40.18403845199452
239908,7.838863274257915
239909,40.54100053467114
239910,119.83945023404245
239911,995.071270202761
239912,872.4647072019087
239913,396.70307592823747
239914,634.774340809785
239915,269.52327091431096
239916,1969.8664456255785
239917,1716.915417407777
239918,788.6703322357448
239919,1322.9193924313292
239920,328.29275101313743
239921,2371.7595679747324
239922,2018.0799942626536
239923,921.9516409922983
239924,1551.2038103875136
239925,113.19066355401344
239926,790.3062719647452
239927,656.1106101763071
239928,317.3893367157193
239929,524.8345263172547
239930,226.89838168961802
239931,1581.4515752649293
239932,1345.6539629306606
239933,654.4940760007324
239934,1008.3844001876731
239935,257.20344456630727
239936,1868.7650770964476
239937,1602.8824078524678
239938,742.443210798618
239939,1187.0916680602115
239940,758.9363878717071
239941,578.5226963361301
239942,512.9404609258087
239943,215.71612021615024
239944,382.10682252226695
239945,725.9879169650997
239946,1184.4314062766298
239947,1012.5692871834035
239948,469.7346265412166
239949,776.2772990503404
239950,461.4020033411057
239951,1400.1211720251576
239952,1195.2066803622474
239953,561.933762928839
239954,887.5557845162791
239955,97.7518883034369
239956,600.73391622449
239957,524.4326025426636
239958,228.82422386561862
239959,395.73535102316396
239960,179.79274288949577
239961,1220.8562054805222
239962,1040.4800733216985
239963,491.89843685535254
239964,798.1629549958791
239965,194.6635474767792
239966,1454.6758326628724
239967,1225.4111558724442
239968,583.2533116302612
239969,908.5971788491045
239970,47.74711545340662
239971,415.6151177277385
239972,365.6521526774495
239973,161.8884504925998
239974,282.2258681565058
239975,107.84439352504731
239976,894.4918017680429
239977,757.3723892755737
239978,332.1664764855894
239979,558.8811301734839
239980,131.6665258317322
239981,1044.9997264363446
239982,868.6429490051911
239983,401.8283007359105
239984,645.3485249873597
239985,714.7114166217494
239986,16.389444575113558
239987,19.584650587308438
239988,1.0653540732911226
239989,19.557209627909156
239990,36.1589826167062
239991,19.690175087910163
239992,21.09887969356221
239993,-14.867647949970515
239994,39.322532447241585
239995,19.38002013242522
239996,34.77477545182107
239997,40.18403845199452
239998,7.838863274257915
239999,40.54100053467114
240000,119.83945023404245
240001,995.071270202761
240002,872.4647072019087
240003,396.70307592823747
240004,634.774340809785
240005,269.52327091431096
240006,1969.8664456255785
240007,1716.915417407777
240008,788.6703322357448
240009,1322.9193924313292
240010,328.29275101313743
240011,2371.7595679747324
240012,2018.0799942626536
240013,921.9516409922983
240014,1551.2038103875136
240015,113.19066355401344
240016,790.3062719647452
240017,656.1106101763071
240018,317.3893367157193
240019,524.8345263172547
240020,226.89838168961802
240021,1581.4515752649293
240022,1345.6539629306606
240023,654.4940760007324
240024,1008.3844001876731
240025,257.20344456630727
240026,1868.7650770964476
240027,1602.8824078524678
240028,742.443210798618
240029,1187.0916680602115
240030,746.0919773960121
240031,618.001304393921
240032,544.0872281337494
240033,234.9428037902553
240034,396.0399881920019
240035,656.5115268594691
240036,1239.7176729681537
240037,1047.0045478433547
240038,504.2789886174212
240039,822.5379689474138
240040,367.00406403706256
240041,1459.7650722081892
240042,1231.3391137422743
240043,582.3092792385772
240044,964.8764940872371
240045,89.47603180903937
240046,639.176606175462
240047,554.9128390338386
240048,247.43239565922477
240049,409.0500049123999
240050,179.01668135730873
240051,1275.7250658457262
240052,1074.8673150453824
240053,526.4427989315573
240054,844.4236248929525
240055,204.38210681714963
240056,1524.287103766659
240057,1271.8803475632792
240058,603.6288279399995
240059,985.9178884200625
240060,50.71167553309942
240061,442.5226956449319
240062,384.59727713484597
240063,173.68500583512568
240064,288.7289055946617
240065,112.89188260807317
240066,931.4252159365943
240067,788.0099144539392
240068,361.2420246260368
240069,599.6729861348005
240070,142.85013046937308
240071,1096.0488535452425
240072,910.7357263524709
240073,413.6657097194316
240074,710.3561831034235
240075,707.6676082336941
240076,17.325562070011056
240077,19.741412603304934
240078,8.665658782784389
240079,4.608790755932707
240080,60.46896410838795
240081,17.726793932157715
240082,24.967151519552967
240083,2.5703574976137094
240084,39.564241012534
240085,12.345643014195572
240086,36.72347730354144
240087,36.6082832198405
240088,13.753100819326997
240089,27.680043520932035
240090,127.83494287276044
240091,1047.3752547307388
240092,911.0904852488496
240093,410.74096581666714
240094,665.2081268191777
240095,282.4675827685201
240096,2132.381170290572
240097,1851.4653156521297
240098,830.9958645200367
240099,1386.8632706459468
240100,341.58836266559337
240101,2520.4314830612097
240102,2164.200902515656
240103,961.1631884946347
240104,1643.7295168943374
240105,123.379432016534
240106,841.946206588613
240107,697.5828975123565
240108,333.7526522614755
240109,547.1057216219378
240110,238.9976078831274
240111,1689.4726801494671
240112,1416.1375809620213
240113,694.0440514344712
240114,1064.8301403987416
240115,282.40302697166896
240116,1985.267032166016
240117,1701.0565133747139
240118,789.999281771096
240119,1277.4738816751405
240120,744.6314490006737
240121,648.2498374247231
240122,561.979740665655
240123,248.37072834720453
240124,420.47910388735676
240125,645.2510507242728
240126,1331.1327485070444
240127,1130.38315439759
240128,533.7821641163744
240129,871.7769361989906
240130,326.79620620179713
240131,1568.1948201588816
240132,1336.4813370508841
240133,625.8747157843344
240134,1005.5131633145106
240135,96.24247740567729
240136,672.5580114017597
240137,576.5737390179681
240138,262.7712173938516
240139,435.40001778543206
240140,187.4635072382048
240141,1368.1539539749863
240142,1160.1034118741645
240143,555.94597443051
240144,893.6625921445293
240145,214.61334263417092
240146,1639.6372491984484
240147,1380.6783256217886
240148,648.9925289611095
240149,1028.3528221226893
240150,61.426095976581514
240151,466.69698397760715
240152,408.15124981485377
240153,180.31861747935227
240154,306.3737083772939
240155,129.8950926210939
240156,979.052504940389
240157,836.5577107334009
240158,370.8272346682445
240159,628.9939879296326
240160,157.30701136269323
240161,1140.83597943447
240162,957.0839834445632
240163,436.88520512008546
240164,730.6469111855941
240165,701.4222611038364
240166,22.48791794941371
240167,23.64806627238589
240168,4.430876161589592
240169,6.645889395332496
240170,97.49602836275307
240171,17.853985091914808
240172,26.01484995497704
240173,-10.433006159435285
240174,41.55735923029799
240175,8.857280779492593
240176,36.58362838116387
240177,39.060132257232446
240178,0.07468067094016065
240179,28.998105247358232
240180,145.70052207964696
240181,1099.645995756423
240182,974.8586810030428
240183,441.31289800425145
240184,700.1999358644247
240185,294.82537581436503
240186,2259.4287491885966
240187,1936.0180397321367
240188,895.4072890604834
240189,1464.4191726582753
240190,379.3145147925789
240191,2658.919493671279
240192,2276.7220560409655
240193,1063.8698719877925
240194,1759.5806778593753
240195,134.73425081744526
240196,883.9157538814056
240197,750.2393378753217
240198,349.0501963878245
240199,576.2033787899298
240200,246.785828630482
240201,1770.8336850622684
240202,1522.8313590417415
240203,714.9838732432091
240204,1108.29467586334
240205,295.03946427989655
240206,2097.894292724583
240207,1821.9730353009782
240208,828.7142200122759
240209,1338.713533572182
240210,714.7789593449619
240211,727.5102336402498
240212,629.4121170937672
240213,295.4270350363491
240214,481.86799645970194
240215,472.56099144980845
240216,1507.8344115017458
240217,1263.2805400555374
240218,590.5074624075615
240219,937.8088550845715
240220,309.4672277058276
240221,1756.2066568937992
240222,1472.9070366086337
240223,708.5647323091567
240224,1105.8074762345548
240225,120.45963634707758
240226,750.9421290873311
240227,645.7114027436401
240228,310.02431770964586
240229,496.9857039844271
240230,198.29418386342925
240231,1541.0031070787113
240232,1290.8186098909352
240233,613.1292054031545
240234,960.1524437115676
240235,225.58010986571614
240236,1816.0943150781222
240237,1514.9218375383616
240238,732.1404781673892
240239,1129.1050677241908
240240,82.49113440539121
240241,532.4194584093125
240242,462.3988683490935
240243,197.78921046565043
240244,337.7080822908421
240245,142.61903783066614
240246,1064.0738290538857
240247,907.9031750359339
240248,405.2262591507595
240249,677.6487525223553
240250,167.0614062384853
240251,1266.4160017408187
240252,1074.6221777835858
240253,513.7754637239965
240254,822.8067916805614
240255,728.8367949761137
240256,24.63258975054321
240257,30.448816513953922
240258,8.37124683056611
240259,8.307083070230428
240260,19.74007378452159
240261,26.289324309590494
240262,36.78145010995429
240263,-4.656639825818092
240264,50.40503356711798
240265,9.094840395289102
240266,47.1125192566225
240267,56.33178577177603
240268,8.654604449030934
240269,41.663218809501174
240270,161.96506886452255
240271,1218.9364133858437
240272,1075.4836449933416
240273,493.62905126442746
240274,773.2259291394603
240275,349.7735919063839
240276,2483.74302641234
240277,2089.5722040819965
240278,988.4799843524298
240279,1574.3356476502404
240280,398.1808740746846
240281,2985.954984694982
240282,2543.4901195563225
240283,1187.5095753973
240284,1886.7690612347453
240285,145.86249054665333
240286,979.9778082221591
240287,824.2126480577331
240288,376.334572556217
240289,628.080334721959
240290,292.69318893502054
240291,1935.4075425958686
240292,1683.7165073141866
240293,797.5408588963041
240294,1210.538539314102
240295,315.6697296879116
240296,2302.888830975593
240297,1972.0993988581458
240298,946.4498271869182
240299,1450.9630774049087
240300,760.7305312431575
240301,578.6785466333239
240302,515.051181821318
240303,217.37560465512934
240304,381.28075651727096
240305,735.3437651019108
240306,1184.5872565738234
240307,1014.6800080789128
240308,471.3941109801956
240309,777.3452198655175
240310,468.09982238542534
240311,1400.2770223223513
240312,1197.3174012577567
240313,563.5932473678182
240314,888.6237053314562
240315,100.14985474326835
240316,600.8897665216838
240317,526.5433234381729
240318,230.4837083045977
240319,394.90928501816796
240320,182.19070932932723
240321,1221.012055777716
240322,1042.5907942172078
240323,493.55792129433155
240324,799.2308758110562
240325,197.06151391661066
240326,1454.831682960066
240327,1227.5218767679535
240328,584.9127960692405
240329,909.6650996642816
240330,50.145081893238064
240331,415.77096802493213
240332,367.7628735729587
240333,163.54793493157888
240334,281.3998021515098
240335,110.24235996487876
240336,894.6476520652367
240337,759.483110171083
240338,333.8259609245684
240339,559.949050988661
240340,134.06449227156367
240341,1045.1555767335383
240342,870.7536699007004
240343,403.4877851748895
240344,646.4164458025368
240345,714.9676972379369
240346,14.856551586279238
240347,20.00662819678965
240348,1.834325121162382
240349,18.120361344435057
240350,87.58373718826083
240351,18.15728209907584
240352,21.52085730304342
240353,-14.098676902099244
240354,37.88568416376748
240355,29.207732335972963
240356,33.24188246298675
240357,40.60601606147573
240358,8.60783432212917
240359,39.10415225119704
240360,128.56116345397785
240361,1002.5810687609069
240362,881.0588112573197
240363,408.94879607018663
240364,632.2844198026336
240365,278.2449841342464
240366,1977.3762441837243
240367,1731.5704932277044
240368,800.916052377694
240369,1320.4294714241776
240370,337.0144642330729
240371,2379.2693665328784
240372,2026.6740983180644
240373,934.1973611342474
240374,1548.713889380362
240375,115.42512000096424
240376,786.8114819982832
240377,658.0578210789357
240378,318.6304683330605
240379,522.3446053101032
240380,229.13283813656884
240381,1577.9567852984674
240382,1347.6011738332893
240383,655.7352076180737
240384,1005.8944791805217
240385,259.43790101325806
240386,1865.2702871299857
240387,1604.8296187550966
240388,743.6843424159592
240389,1184.6017470530599
240390,760.7305312431575
240391,578.6785466333239
240392,515.051181821318
240393,217.37560465512934
240394,381.3381262324203
240395,735.3437651019108
240396,1184.5872565738234
240397,1014.6800080789128
240398,471.3941109801956
240399,777.4025895806668
240400,476.0208447838186
240401,1400.2770223223513
240402,1197.3174012577567
240403,563.5932473678182
240404,888.6810750466055
240405,100.14985474326835
240406,600.8897665216838
240407,526.5433234381729
240408,230.4837083045977
240409,394.9666547333173
240410,182.19070932932723
240411,1221.012055777716
240412,1042.5907942172078
240413,493.55792129433155
240414,799.2882455262055
240415,197.06151391661066
240416,1454.831682960066
240417,1227.5218767679535
240418,584.9127960692405
240419,909.7224693794309
240420,50.145081893238064
240421,415.77096802493213
240422,367.7628735729587
240423,163.54793493157888
240424,281.4571718666591
240425,110.24235996487876
240426,894.6476520652367
240427,759.483110171083
240428,333.8259609245684
240429,560.0064207038104
240430,134.06449227156367
240431,1045.1555767335383
240432,870.7536699007004
240433,403.4877851748895
240434,646.4738155176861
240435,714.9676972379369
240436,14.856551586279238
240437,20.00662819678965
240438,1.834325121162382
240439,20.0595456196078
240440,87.58373718826083
240441,18.15728209907584
240442,21.52085730304342
240443,-14.098676902099244
240444,39.82486843894023
240445,29.207732335972963
240446,33.24188246298675
240447,40.60601606147573
240448,8.60783432212917
240449,41.043336526369785
240450,128.56116345397785
240451,991.5963519794223
240452,870.0740944758352
240453,397.9640792887022
240454,622.1236430425154
240455,278.2449841342464
240456,1966.3915274022397
240457,1720.5857764462198
240458,789.9313355962095
240459,1310.2686946640592
240460,337.0144642330729
240461,2368.284649751394
240462,2015.6893815365797
240463,923.2126443527629
240464,1538.5531126202436
240465,115.42512000096424
240466,786.8114819982832
240467,658.0578210789357
240468,318.6304683330605
240469,522.8760314954503
240470,229.13283813656884
240471,1577.9567852984674
240472,1347.6011738332893
240473,655.7352076180737
240474,1006.4259053658687
240475,259.43790101325806
240476,1865.2702871299857
240477,1604.8296187550966
240478,743.6843424159592
240479,1185.133173238407
240480,763.6474528834257
240481,583.2337613478486
240482,517.6515259375273
240483,219.62895533294835
240484,385.99300931312155
240485,748.1913888376444
240486,1189.1424712883481
240487,1017.2803521951221
240488,473.6474616580147
240489,782.0574726613681
240490,476.6475935166705
240491,1404.832237036876
240492,1199.9177453739658
240493,565.8465980456374
240494,893.3359581273069
240495,102.46295331515519
240496,605.4449812362086
240497,529.1436675543822
240498,232.73705898241673
240499,399.62153781401855
240500,184.50380790121412
240501,1225.5672704922406
240502,1045.1911383334168
240503,495.8112719721507
240504,803.9431286069068
240505,199.37461248849752
240506,1459.3868976745907
240507,1230.1222208841625
240508,587.1661467470597
240509,914.3773524601322
240510,52.458180465124954
240511,420.32618273945684
240512,370.36321768916787
240513,165.8012856093979
240514,286.1120549473604
240515,112.5554585367656
240516,899.2028667797615
240517,762.0834542872923
240518,336.0793116023875
240519,564.6613037845117
240520,136.37759084345052
240521,1049.710791448063
240522,873.3540140169097
240523,405.7411358527086
240524,651.1286985983875
240525,719.6691356395394
240526,19.082775168905368
240527,22.277981181100248
240528,3.758684667082931
240529,24.38543756841049
240530,110.68838317802152
240531,22.383505681701973
240532,23.79221028735402
240533,-12.174317356178703
240534,44.150760387742906
240535,33.90917073757518
240536,37.46810604561288
240537,42.87736904578633
240538,10.532193868049726
240539,45.36922847517247
240540,128.9684991767219
240541,997.732934115579
240542,875.1263711147272
240543,399.36473984105595
240544,625.9258359977514
240545,278.6523198569906
240546,1972.5281095383966
240547,1725.6380530851118
240548,791.3319961485633
240549,1314.0708876192948
240550,337.42179995581705
240551,2374.421231887551
240552,2020.7416581754717
240553,924.6133049051168
240554,1542.3553055754792
240555,115.83245572370829
240556,792.9480641344403
240557,658.7524023460022
240558,320.03112888541426
240559,526.6782244506863
240560,229.5401738593129
240561,1584.0933674346243
240562,1348.2957551003556
240563,657.1358681704276
240564,1010.2280983211048
240565,259.8452367360022
240566,1871.4068692661426
240567,1605.5242000221629
240568,745.0850029683131
240569,1188.935366193643
240570,763.6474528834257
240571,583.2337613478486
240572,517.6515259375273
240573,219.62895533294835
240574,385.99300931312155
240575,748.1913888376444
240576,1189.1424712883481
240577,1017.2803521951221
240578,473.6474616580147
240579,782.0574726613681
240580,476.6475935166705
240581,1404.832237036876
240582,1199.9177453739658
240583,565.8465980456374
240584,893.3359581273069
240585,102.46295331515519
240586,605.4449812362086
240587,529.1436675543822
240588,232.73705898241673
240589,399.62153781401855
240590,184.50380790121412
240591,1225.5672704922406
240592,1045.1911383334168
240593,495.8112719721507
240594,803.9431286069068
240595,199.37461248849752
240596,1459.3868976745907
240597,1230.1222208841625
240598,587.1661467470597
240599,914.3773524601322
240600,52.458180465124954
240601,420.32618273945684
240602,370.36321768916787
240603,165.8012856093979
240604,286.1120549473604
240605,112.5554585367656
240606,899.2028667797615
240607,762.0834542872923
240608,336.0793116023875
240609,564.6613037845117
240610,136.37759084345052
240611,1049.710791448063
240612,873.3540140169097
240613,405.7411358527086
240614,651.1286985983875
240615,719.6691356395394
240616,19.082775168905368
240617,22.277981181100248
240618,3.758684667082931
240619,24.38543756841049
240620,112.90889245733807
240621,22.383505681701973
240622,23.79221028735402
240623,-12.174317356178703
240624,44.150760387742906
240625,33.90917073757518
240626,37.46810604561288
240627,42.87736904578633
240628,10.532193868049726
240629,45.36922847517247
240630,128.9684991767219
240631,1009.3935429974686
240632,875.1263711147272
240633,399.36473984105595
240634,625.9258359977514
240635,278.6523198569906
240636,1984.1887184202862
240637,1725.6380530851118
240638,791.3319961485633
240639,1314.0708876192948
240640,337.42179995581705
240641,2386.0818407694405
240642,2020.7416581754717
240643,924.6133049051168
240644,1542.3553055754792
240645,115.83245572370829
240646,792.9480641344403
240647,658.7524023460022
240648,320.03112888541426
240649,526.6782244506863
240650,229.5401738593129
240651,1584.0933674346243
240652,1348.2957551003556
240653,657.1358681704276
240654,1010.2280983211048
240655,259.8452367360022
240656,1871.4068692661426
240657,1605.5242000221629
240658,745.0850029683131
240659,1188.935366193643
240660,750.8030424077307
240661,622.7123694056395
240662,548.7982931454679
240663,238.85563890705342
240664,399.86880526770716
240665,684.972488567874
240666,1244.428737979872
240667,1051.715612855073
240668,508.1918237342198
240669,828.2607728432922
240670,383.69617051704313
240671,1464.4761372199075
240672,1236.0501787539927
240673,586.2221143553757
240674,970.5992979831155
240675,94.18709682075766
240676,643.8876711871806
240677,559.6239040455572
240678,251.34523077602287
240679,412.8788219881052
240680,183.72774636902707
240681,1280.4361308574446
240682,1079.5783800571007
240683,530.3556340483557
240684,850.1464287888309
240685,209.09317182886795
240686,1528.9981687783772
240687,1276.5914125749975
240688,607.5416630567979
240689,991.6406923159409
240690,55.42274054481775
240691,447.23376065665025
240692,389.3083421465643
240693,177.59784095192379
240694,292.55772267036696
240695,117.60294761979146
240696,936.1362809483129
240697,792.7209794656578
240698,365.15485974283496
240699,605.3957900306789
240700,147.5611954810914
240701,1100.7599185569609
240702,915.4467913641895
240703,417.57854483622975
240704,716.078986999302
240705,712.625327251484
240706,20.018892663802866
240707,22.434743197096743
240708,11.358989376576194
240709,7.497834421261288
240710,98.3413710349097
240711,20.420124525949525
240712,27.660482113344777
240713,5.263688091405517
240714,42.453284677862584
240715,26.874793619345553
240716,39.41680789733325
240717,39.30161381363231
240718,16.44643141311881
240719,30.569087186260628
240720,136.96399181543993
240721,1061.6975275254465
240722,918.5732518773823
240723,413.4026297294856
240724,655.5356819857777
240725,291.59663171119973
240726,2146.70344308528
240727,1873.8226725327258
240728,833.6575284328552
240729,1377.1908258125466
240730,350.717411608273
240731,2534.753755855918
240732,2186.5582593962527
240733,963.8248524074532
240734,1634.0570720609367
240735,126.0212241862288
240736,844.5879987583081
240737,700.2246896820516
240738,336.3944444311704
240739,548.4179935700224
240740,241.63940005282228
240741,1692.1144723191621
240742,1418.7793731317163
240743,696.6858436041663
240744,1066.1424123468255
240745,285.0448191413639
240746,1987.908824335711
240747,1703.6983055444089
240748,792.6410739407911
240749,1278.786153623225
240750,750.243203008471
240751,653.8615914325203
240752,567.5914946734523
240753,253.184252460082
240754,428.8843590453531
240755,667.547297554348
240756,1338.1590769203458
240757,1137.4094828108914
240758,540.0102626347558
240759,883.4907525826641
240760,337.0491932197867
240761,1574.9467439885211
240762,1343.2332608805236
240763,631.8284097190539
240764,1016.9525751145221
240765,102.12057080727791
240766,678.4361048033606
240767,582.4518324195691
240768,267.85108090053245
240769,444.07161233723195
240770,194.75617504531002
240771,1375.4466217820911
240772,1167.3960796812694
240773,562.440412342695
240774,905.6427479220064
240775,221.63160585761418
240776,1646.6555124218914
240777,1387.6965888452316
240778,655.2125622896326
240779,1040.0585733165035
240780,67.30418937818226
240781,472.5750773792082
240782,414.02934321645483
240783,185.3984809860329
240784,315.0453029290938
240785,137.18776042819908
240786,986.3451727474943
240787,843.8503785405062
240788,377.3216725804298
240789,640.9741437071096
240790,164.3252745861365
240791,1147.854242657913
240792,964.1022466680065
240793,443.10523844860876
240794,742.3526623794093
240795,702.3202989085024
240796,28.625166301425434
240797,29.785314624397614
240798,9.269708677414364
240799,13.886254314039409
240800,115.40015466867658
240801,24.598848235960077
240802,32.759713099022306
240803,-3.688143015390023
240804,50.703754777225384
240805,18.045070301489734
240806,43.05408694154717
240807,45.53059081761576
240808,6.545139231323474
240809,37.8700962106237
240810,150.66966011344496
240811,1108.2146393500097
240812,976.5878184304545
240813,435.39474396044983
240814,696.683314223505
240815,299.8291656111899
240816,2265.108431085827
240817,1949.7328057152542
240818,889.4263620758237
240819,1460.8397780764965
240820,383.3720207290158
240821,2663.652891708121
240822,2289.4905381636963
240823,1056.942661142744
240824,1755.0549994172088
240825,139.70338885124326
240826,887.7185647360781
240827,754.0421487299941
240828,352.85300724249703
240829,582.4077220474844
240830,251.78961842730683
240831,1775.8374748590925
240832,1527.8351488385656
240833,719.9876630400339
240834,1115.6999980630458
240835,299.09697021633343
240836,2101.95179866102
240837,1826.0305412374144
240838,832.7717259487126
240839,1345.1725719115002
240840,720.1718998215978
240841,732.9031741168856
240842,634.805057570403
240843,300.81997551298514
240844,489.66246933922014
240845,494.63842474872246
240846,1514.6419263838857
240847,1270.0880549376773
240848,597.3149772897018
240849,947.0179023695939
240850,319.5014011926557
240851,1762.7397671922772
240852,1479.4401469071117
240853,715.097842607635
240854,1114.7421189359147
240855,126.11891621751694
240856,756.6014089577706
240857,651.3706826140796
240858,315.68359758008546
240859,505.04651625774886
240860,205.36803813937297
240861,1548.0769613546547
240862,1297.8924641668787
240863,620.2030596790984
240864,969.6278303903936
240865,232.3795595579979
240866,1822.8937647704038
240867,1521.7212872306432
240868,738.9399278596711
240869,1138.3060498193543
240870,88.15041427583049
240871,538.078738279752
240872,468.0581482195331
240873,203.44849033608978
240874,345.7688945641639
240875,149.69289210660983
240876,1071.147683329829
240877,914.9770293118778
240878,412.30011342670355
240879,687.1241392011813
240880,173.86085593076706
240881,1273.2154514331003
240882,1081.4216274758674
240883,520.5749134162784
240884,832.0077737757255
240885,729.7348327807797
240886,30.769838102554942
240887,36.58606486596566
240888,13.210079346390883
240889,15.547447988937343
240890,37.64420009044508
240891,33.03418745363578
240892,43.52631325399955
240893,2.088223318227173
240894,59.551429114045376
240895,18.28262991728624
240896,53.5829778170058
240897,62.80224433215934
240898,15.125063009414255
240899,50.535209772766606
240900,166.93420689832055
240901,1227.5050569794305
240902,1077.2127824207528
240903,487.71089722062595
240904,769.7093074985406
240905,354.7773817032088
240906,2489.42270830957
240907,2097.222045373004
240908,982.4990573677699
240909,1570.7562530684615
240910,402.2383800111215
240911,2990.6883827318243
240912,2550.193676986942
240913,1180.5823645522516
240914,1882.2433827925788
240915,150.83162858045134
240916,983.7806190768315
240917,828.0154589124055
240918,380.1373834108895
240919,634.2846779795136
240920,297.6969787318454
240921,1940.4113323926927
240922,1685.422952760102
240923,802.5446486931289
240924,1217.9438615138083
240925,319.7272356243485
240926,2306.94633691203
240927,1972.8595604436732
240928,950.507333123355
240929,1457.4221157442269
240930,752.1974755337832
240931,570.7965105249658
240932,511.55483011840363
240933,207.02109970517094
240934,392.1534912503322
240935,743.8536254992541
240936,1180.2027610159773
240937,1010.9122584924619
240938,477.5409858473268
240939,779.3936105752955
240940,658.0598057728785
240941,1395.7924354015372
240942,1193.449560308337
240943,569.6400308719807
240944,891.254321241101
240945,90.40187156551265
240946,606.759934119173
240947,527.3396583992454
240948,224.42189001862621
240949,406.3528972869249
240950,174.6116615124362
240951,1226.6108254916674
240952,1043.1157312947428
240953,503.9974828254491
240954,801.8501440565298
240955,190.09854584770318
240956,1464.5778573093285
240957,1232.1942184807995
240958,596.2556367953681
240959,912.8665931096219
240960,47.960890701747836
240961,422.89152329466157
240962,371.40676679227323
240963,161.08955321123258
240964,296.4816057391613
240965,107.78677088985035
240966,901.4968094514279
240967,762.8556055068593
240968,342.9306876655059
240969,571.5015014758561
240970,132.2249829445189
240971,1056.1521387550404
240972,878.2735698717876
240973,413.4957911108372
240974,660.8249000043611
240975,719.9147091412947
240976,17.937936120033324
240977,19.61135068012886
240978,-12.968195280571525
240979,19.07654677676657
240980,157.07750640366194
240981,22.295146485504908
240982,22.18205963905761
240983,-30.126887023783194
240984,40.33268994512142
240985,10.55597863847379
240986,38.428961580297646
240987,42.316433128371756
240988,-9.61528650897358
240989,43.43800896788909
240990,106.61314724295892
240991,1016.670336114952
240992,878.5153686045898
240993,383.0882873111545
240994,629.4179208928045
240995,253.05552195548586
240996,1993.360403511954
240997,1727.6871341789395
240998,795.7941842162096
240999,1311.4222433024518
241000,316.1577556783569
241001,2403.117604372479
241002,2033.8896261508912
241003,929.1983257100298
241004,1543.9112556406596
241005,92.38401586934972
241006,790.6336147357271
241007,654.9161614951896
241008,302.4902045129271
241009,523.3431983548552
241010,205.67645143150878
241011,1586.499973404393
241012,1349.1805696180252
241013,655.9666660283673
241014,1000.752343013376
241015,237.4881045379466
241016,1878.8513903529872
241017,1611.4469296569084
241018,744.0386335635196
241019,1183.664205267939
241020,752.1974755337832
241021,570.7965105249658
241022,511.55483011840363
241023,207.02109970517094
241024,392.1534912503322
241025,743.8536254992541
241026,1180.2027610159773
241027,1010.9122584924619
241028,477.5409858473268
241029,779.3936105752955
241030,665.9808281712717
241031,1395.7924354015372
241032,1193.449560308337
241033,569.6400308719807
241034,891.254321241101
241035,90.40187156551265
241036,606.759934119173
241037,527.3396583992454
241038,224.42189001862621
241039,406.3528972869249
241040,174.6116615124362
241041,1226.6108254916674
241042,1043.1157312947428
241043,503.9974828254491
241044,801.8501440565298
241045,190.09854584770318
241046,1464.5778573093285
241047,1232.1942184807995
241048,596.2556367953681
241049,912.8665931096219
241050,47.960890701747836
241051,422.89152329466157
241052,371.40676679227323
241053,161.08955321123258
241054,296.4816057391613
241055,107.78677088985035
241056,901.4968094514279
241057,762.8556055068593
241058,342.9306876655059
241059,571.5015014758561
241060,132.2249829445189
241061,1056.1521387550404
241062,878.2735698717876
241063,413.4957911108372
241064,660.8249000043611
241065,719.9147091412947
241066,17.937936120033324
241067,19.61135068012886
241068,-12.968195280571525
241069,19.07654677676657
241070,146.95190784760914
241071,22.295146485504908
241072,22.18205963905761
241073,-30.126887023783194
241074,40.33268994512142
241075,0.4303800824209838
241076,38.428961580297646
241077,42.316433128371756
241078,-9.61528650897358
241079,43.43800896788909
241080,106.61314724295892
241081,1016.670336114952
241082,878.5153686045898
241083,383.0882873111545
241084,629.4179208928045
241085,253.05552195548586
241086,1993.360403511954
241087,1727.6871341789395
241088,795.7941842162096
241089,1311.4222433024518
241090,316.1577556783569
241091,2403.117604372479
241092,2033.8896261508912
241093,929.1983257100298
241094,1543.9112556406596
241095,92.38401586934972
241096,790.6336147357271
241097,654.9161614951896
241098,302.4902045129271
241099,523.3431983548552
241100,205.67645143150878
241101,1586.499973404393
241102,1349.1805696180252
241103,655.9666660283673
241104,1000.752343013376
241105,237.4881045379466
241106,1878.8513903529872
241107,1611.4469296569084
241108,744.0386335635196
241109,1183.664205267939
241110,756.7337596069261
241111,575.845429840684
241112,515.7745366674877
241113,210.89381281586478
241114,396.026204361026
241115,747.786086504016
241116,1185.2516803316953
241117,1015.1319650415447
241118,481.4136989580206
241119,783.2663236859895
241120,657.6924141731522
241121,1400.8413547172552
241122,1197.6692668574206
241123,573.5127439826747
241124,895.127034351795
241125,94.66981946273566
241126,613.3692762034422
241127,533.1197877168805
241128,229.85502589787106
241129,411.78603316616966
241130,178.8796094096592
241131,1237.580075137841
241132,1050.2924317363381
241133,510.82718982865475
241134,808.6798510597357
241135,194.36649374492615
241136,1475.5471069555022
241137,1239.3709189223948
241138,603.0853437985741
241139,919.6963001128279
241140,49.95593448071238
241141,427.2279612606721
241142,374.91399199164965
241143,164.249784972219
241144,299.6418375001477
241145,109.78181466881492
241146,910.1931549793434
241147,767.7594018301969
241148,347.4874905504532
241149,576.0583043608036
241150,134.22002672348344
241151,1064.8484842829557
241152,883.1773661951252
241153,418.0525939957845
241154,665.3817028893086
241155,721.9097529202594
241156,22.274374086043917
241157,23.118575879505325
241158,-9.80796351958511
241159,22.236778537752986
241160,148.94695162657368
241161,25.268256177511088
241162,27.08585596239499
241163,-25.570084138835877
241164,44.88949283006874
241165,2.4254238613855463
241166,41.402071272303814
241167,47.22022945170912
241168,-5.058483624026247
241169,47.994811852836406
241170,119.15418882459322
241171,1031.552771883632
241172,896.9262869784617
241173,397.847589598488
241174,644.1772231801383
241175,265.59656353712
241176,2012.1119078187533
241177,1747.4946236767719
241178,811.9500576275043
241179,1327.578116713746
241180,328.6987972599911
241181,2428.9762656771977
241182,2053.697115648722
241183,945.3541991213245
241184,1560.067129051954
241185,104.92505745098404
241186,805.5160505044075
241187,668.969384497236
241188,317.24950680026063
241189,538.1025006421889
241190,218.2174930131431
241191,1605.2514777111921
241192,1364.630363744032
241193,672.122539439662
241194,1016.9082164246707
241195,250.029146119581
241196,1904.7100516577054
241197,1626.8967237829152
241198,760.1945069748143
241199,1199.8200786792333
241200,756.4039604717359
241201,577.97857092443
241202,517.9076777512336
241203,210.56401368067455
241204,395.6964052258358
241205,747.4562873688258
241206,1187.3848214154411
241207,1017.2651061252902
241208,481.0838998228304
241209,782.9365245507993
241210,657.362615037962
241211,1402.974495801001
241212,1199.8024079411664
241213,573.1829448474845
241214,894.7972352166048
241215,97.23777899294896
241216,618.4001759525916
241217,538.1506874660299
241218,232.42298542808436
241219,414.353992696383
241220,181.44756893987247
241221,1242.6109748869903
241222,1055.3233314854874
241223,513.395149358868
241224,811.247810589949
241225,196.93445327513945
241226,1480.5780067046514
241227,1244.401818671544
241228,605.6533033287874
241229,922.2642596430412
241230,49.671138177144634
241231,429.4061051760404
241232,377.09213590701796
241233,163.96498866865127
241234,299.3570411965799
241235,109.49701836524719
241236,912.3712988947117
241237,769.9375457455652
241238,347.2026942468854
241239,575.7735080572359
241240,133.9352304199157
241241,1067.026628198324
241242,885.3555101104935
241243,417.76779769221673
241244,665.0969065857408
241245,723.1982794603782
241246,24.241185012064875
241247,25.085386805526284
241248,-10.304092812500244
241249,21.740649244837854
241250,131.7192694372099
241251,27.23506710353203
241252,29.05266688841595
241253,-26.06621343175101
241254,44.3933635371536
241255,-5.80767088794755
241256,43.36888219832477
241257,49.18704037773008
241258,-5.554612916941381
241259,47.49868255992127
241260,126.65330119407155
241261,1047.0568947604745
241262,912.430409855304
241263,405.34670196796634
241264,651.6763355496166
241265,273.0956759065984
241266,2027.6160306955956
241267,1762.9987465536144
241268,819.4491699969826
241269,1335.0772290832244
241270,336.19790962946945
241271,2444.48038855404
241272,2069.201238525564
241273,952.8533114908029
241274,1567.5662414214323
241275,112.42416982046237
241276,821.0201733812498
241277,684.4735073740783
241278,324.74861916973896
241279,545.6016130116673
241280,225.71660538262142
241281,1620.7556005880347
241282,1380.1344866208744
241283,679.6216518091403
241284,1024.4073287941496
241285,257.52825848905934
241286,1920.214174534548
241287,1642.4008466597577
241288,767.6936193442926
241289,1207.3191910487117
241290,744.2393103389912
241291,623.7175992909242
241292,555.3148652678777
241293,237.5390006642303
241294,410.70720279957726
241295,662.6065930187594
241296,1252.840894672928
241297,1061.8701733512046
241298,521.3728032015048
241299,832.611167792706
241300,543.8004504403215
241301,1472.7882025499955
241302,1246.1046478871563
241303,599.3030024596923
241304,975.5319181323962
241305,89.61005151883597
241306,662.073260331436
241307,575.4584889710792
241308,259.3466053363119
241309,433.03523232308737
241310,180.74461404406904
241311,1310.1862455464884
241312,1104.0141540894672
241313,557.8178270518757
241314,868.7780372744801
241315,209.9778050494461
241316,1567.748948658107
241317,1310.02785179805
241318,635.9071352553282
241319,1010.8545260014569
241320,52.59082209994643
241321,460.9007753961913
241322,400.6243526673719
241323,181.8365194148818
241324,308.9861916612874
241325,113.92460890748126
241326,961.3678212326417
241327,812.6381790933094
241328,383.91608529321866
241329,625.5944480950931
241330,147.75062231431738
241331,1132.8155268902528
241332,942.1880590408039
241333,437.24304958162367
241334,739.1336487783453
241335,716.1095949154318
241336,29.764394809919832
241337,29.829241124480216
241338,-1.946757468091256
241339,9.918343399413034
241340,22.64725668686573
241341,33.67514248982965
241342,41.324395256456754
241343,-9.967961474398791
241344,44.69670371939742
241345,-17.060160790872015
241346,53.72104059209515
241347,54.01474168762608
241348,-0.9801288621043533
241349,34.69935716313358
241350,135.89357195167483
241351,1107.2470924215827
241352,958.9424010353756
241353,436.92183678301825
241354,692.8368815027102
241355,283.8558824795964
241356,2236.3543265100925
241357,1921.066788855806
241358,896.1371421916778
241359,1426.7546091451718
241360,356.5244487404089
241361,2645.1778810017395
241362,2250.703268812641
241363,1032.2293051152608
241364,1693.6274559873034
241365,124.95080432246381
241366,886.0269166781451
241367,739.3126033831551
241368,355.49924049262694
241369,575.449629110561
241370,236.72481421551498
241371,1786.8381522233362
241372,1492.0350960758492
241373,756.7414080651539
241374,1107.2941178844408
241375,290.8518562734999
241376,2100.579582566596
241377,1787.7939498173357
241378,858.6214773507634
241379,1329.944459754582
241380,746.8313900800908
241381,652.6644812867087
241382,571.9057267647657
241383,246.48084431424928
241384,437.68670438924136
241385,674.9462199502955
241386,1342.9543191768012
241387,1143.9471288704224
241388,546.389897793527
241389,887.6386220747511
241390,423.5947931241524
241391,1579.9162994656704
241392,1349.9452201607485
241393,638.382358098519
241394,1021.9570743901372
241395,93.89247904285688
241396,694.1530145227161
241397,595.8177379201911
241398,270.19934616400843
241399,461.92563109042874
241400,186.7074218523481
241401,1401.3134826407309
241402,1187.9485998832317
241403,582.8349216438979
241404,923.8054915565251
241405,217.72502279385037
241406,1681.797443054879
241407,1417.524178821542
241408,676.7847553695078
241409,1059.0779467345515
241410,60.82122447081149
241411,483.7734126938491
241412,422.87667431236224
241413,183.98405015217807
241414,329.17138033822886
241415,128.44380084788494
241416,1007.6934592014188
241417,859.8843243377535
241418,389.01521442849605
241419,660.7039369203934
241420,159.72348513502052
241421,1176.3010017444626
241422,987.2346650978785
241423,455.9764640753472
241424,765.2128638909842
241425,709.5439354411825
241426,35.095029409171545
241427,33.904173513410264
241428,-9.19769124134982
241429,14.495827933122031
241430,35.28862185456971
241431,33.970612369435756
241432,42.54037241172985
241433,-25.98747628351156
241434,46.90133624761704
241435,-29.574500299773877
241436,53.74947038956661
241437,56.63486944486706
241438,-17.674700162554924
241439,36.228933200015405
241440,147.57278632674908
241441,1147.1562903493607
241442,1010.3490536916624
241443,451.9477960007835
241444,730.3690764422663
241445,290.02731069362915
241446,2351.0403623102106
241447,1993.2579698379068
241448,945.0025937623054
241449,1512.723914229765
241450,388.06423603558227
241451,2771.304348513902
241452,2350.862879240044
241453,1119.3900156385996
241454,1817.8920200246064
241455,136.60651506454738
241456,926.6395093976394
241457,790.6120891728219
241458,366.2554001737648
241459,607.0876721728621
241460,244.81392690404184
241461,1866.842202562839
241462,1597.371919582271
241463,773.1398454286807
241464,1159.1720564213047
241465,303.7891855228999
241466,2211.8498885518648
241467,1907.3535171703015
241468,892.7950311467321
241469,1399.5975147238885
241470,721.0411337200891
241471,730.4415120993921
241472,637.8547377900345
241473,293.60789380285416
241474,497.9908958720793
241475,522.5419514206476
241476,1514.2632305113996
241477,1271.4517628682668
241478,599.3171969633229
241479,947.0033948147694
241480,327.234779612462
241481,1762.535384540485
241482,1480.978168058395
241483,717.27437550195
241484,1115.5842411646204
241485,118.99326339971664
241486,766.1939354362864
241487,658.612204873862
241488,312.66335791010545
241489,517.566784830759
241490,198.9967462769327
241491,1560.3434231060332
241492,1304.8445852615798
241493,627.7936925168314
241494,975.201735999681
241495,229.57541544085495
241496,1844.4352962961302
241497,1537.9484780996922
241498,747.7082444760763
241499,1144.7365852121716
241500,83.56052137573354
241501,547.6712647582679
241502,475.2996704793156
241503,200.42825066610988
241504,358.289163137174
241505,143.41702691747037
241506,1083.4141450812076
241507,921.9291504065787
241508,419.8907462644367
241509,697.9930357332954
241510,171.1521384869249
241511,1292.5803858171034
241512,1095.4722212031932
241513,529.3432300326834
241514,846.0070786061308
241515,738.8515413207335
241516,35.633892374176014
241517,39.099114918853246
241518,-6.86312940849836
241519,14.551212771894926
241520,-24.136348772003817
241521,35.65590077568075
241522,46.55692175527639
241523,-21.982245069111862
241524,54.52768862664374
241525,-37.16895353250882
241526,58.856188189807675
241527,68.48434988419305
241528,-9.538033767468551
241529,49.00060254057814
241530,165.7304051188985
241531,1262.2621836208573
241532,1106.7894933240377
241533,500.0794249030353
241534,799.2105453593779
241535,350.28162532089846
241536,2540.0110236652713
241537,2134.1739454107487
241538,1024.3550442049336
241539,1600.0970061651221
241540,408.82366732496183
241541,3062.9962236689225
241542,2598.9317822138682
241543,1229.3094741987873
241544,1922.5370203433688
241545,149.62782680102927
241546,1018.0376652662088
241547,859.9215008830494
241548,388.8758778699734
241549,654.3007296327073
241550,296.027385743831
241551,1989.2357900521345
241552,1732.721253137561
241553,835.1399320568341
241554,1236.5356765198148
241555,326.3125229381889
241556,2374.6641567585702
241557,2031.9440660103141
241558,989.973739296433
241559,1486.966815204363
241560,758.0218292668756
241561,581.1643860079951
241562,521.9227056014328
241563,214.9260349692638
241564,395.8201436513093
241565,749.6779792323465
241566,1190.570636499006
241567,1021.2801339754897
241568,485.4459211114198
241569,781.0052798819337
241570,663.8841595059708
241571,1406.160310884566
241572,1203.8174357913656
241573,577.5449661360738
241574,892.8659905477392
241575,99.42783953380385
241576,615.696133786168
241577,537.8730286522423
241578,232.49232005268672
241579,413.9068535861608
241580,183.63762948072727
241581,1239.9069327205666
241582,1055.0456726716998
241583,513.4644839834707
241584,808.7456883853879
241585,199.12451381599425
241586,1477.8739645382277
241587,1244.1241598577565
241588,605.7226379533898
241589,919.7621374384801
241590,51.16819354082407
241591,429.7867022287637
241592,378.3019457263754
241593,165.5217919263985
241594,300.39737071950265
241595,110.99407372892662
241596,912.7518959474347
241597,771.1473555649223
241598,348.75949750463286
241599,574.7588544858195
241600,135.4322857835951
241601,1067.407225251047
241602,886.5653199298506
241603,419.3246009499642
241604,664.0822530143245
241605,724.6953348240576
241606,24.621782064787975
241607,26.29519662488351
241608,-8.74728955475297
241609,22.780978767760462
241610,134.1874594504674
241611,27.615664156255143
241612,30.262476707773175
241613,-24.50941017400373
241614,43.37870996573726
241615,-4.310615524268117
241616,43.74947925104788
241617,50.39685019708732
241618,-3.997809659194105
241619,46.48402898850491
241620,129.44001083352728
241621,1053.4495472733197
241622,915.2945797629577
241623,413.9993731579818
241624,656.6855237442121
241625,275.86652867393445
241626,2041.1869497140556
241627,1773.0411829668835
241628,828.1018411869977
241629,1338.031434183481
241630,344.7707686085236
241631,2463.8533137842182
241632,2085.0456811505505
241633,967.3079888925361
241634,1576.3224527334069
241635,116.30396738051357
241636,823.7835126303447
241637,688.0660593898073
241638,329.7719770960039
241639,546.9814879425124
241640,229.58054607055257
241641,1630.6972063427447
241642,1390.9053051422188
241643,684.6450097354051
241644,1023.7322206306555
241645,267.1942053887088
241646,1935.957786500976
241647,1658.97367139282
241648,778.5189834822755
241649,1212.4460890969358
241650,759.1286320465434
241651,580.9700405780764
241652,521.728360171514
241653,215.81821354258176
241654,394.42022504037766
241655,750.7847820120144
241656,1190.3762910690873
241657,1021.0857885455712
241658,486.3380996847377
241659,779.605361271002
241660,672.9119846840318
241661,1405.9659654546472
241662,1203.6230903614469
241663,578.4371447093916
241664,891.4660719368076
241665,97.3013967556068
241666,611.0436069222948
241667,533.220501788369
241668,228.92631719205013
241669,408.04875354127466
241670,181.51118670253024
241671,1230.8944982947887
241672,1048.996574683866
241673,508.50190999887315
241674,801.4910172165407
241675,196.99807103779722
241676,1468.8615301124498
241677,1238.0750618699226
241678,600.7600639687922
241679,912.5074662696329
241680,49.041750762627046
241681,425.13417536489044
241682,373.6494188625021
241683,161.9557890657619
241684,294.5392706746165
241685,108.8676309507296
241686,903.7394615216567
241687,765.0982575770881
241688,343.79692352003536
241689,567.5041833169723
241690,133.30584300539806
241691,1058.3947908252692
241692,880.5162219420164
241693,414.3620269653667
241694,656.8275818454773
241695,723.1355613156815
241696,22.62949609512015
241697,24.30291065521569
241698,-7.593128355171446
241699,19.58311961707969
241700,161.35330278056733
241701,26.986706460591744
241702,26.873619614144438
241703,-24.751820098383128
241704,38.78427969109555
241705,20.359216387239073
241706,43.120521555384464
241707,47.00799310345859
241708,-4.240219583573501
241709,41.88959871386321
241710,122.56352862916795
241711,1038.5049106948563
241712,900.3499431844942
241713,406.08645214056116
241714,646.8108937527529
241715,268.99004646957496
241716,2022.3732445974729
241717,1756.6999752644592
241718,818.7923490456161
241719,1326.7602330680609
241720,329.4314575424649
241721,2429.4696228080174
241722,2060.241644586427
241723,951.206624828964
241724,1558.2593796957965
241725,109.42748517615424
241726,808.8388760518812
241727,673.1214228113438
241728,321.8590560785833
241729,537.1068579510533
241730,222.70406386619317
241731,1611.8835012261623
241732,1374.5640974397945
241733,675.3355175940235
241734,1012.4610195152352
241735,251.85489432264993
241736,1901.5740955247757
241737,1634.1696348286969
241738,762.4176194187035
241739,1194.3830160593254
241740,759.433413230655
241741,581.7874570047632
241742,521.7165638315668
241743,214.91497357931328
241744,396.6924299133789
241745,750.4857401277449
241746,1191.1937074957743
241747,1021.0739922056239
241748,485.43485972146914
241749,778.0646476481409
241750,660.392067796881
241751,1406.7833818813342
241752,1203.6112940214996
241753,577.5339047461231
241754,889.9253583139464
241755,97.00235487133735
241756,611.8610233489816
241757,533.2087054484217
241758,228.02307722878166
241759,410.3209584142759
241760,181.21214481826078
241761,1231.7119147214758
241762,1048.9847783439186
241763,507.59867003560464
241764,799.9503035936796
241765,196.69902915352776
241766,1469.6789465391369
241767,1238.0632655299753
241768,599.8568240055237
241769,910.9667526467717
241770,48.74270887835759
241771,425.95159179157724
241772,373.6376225225548
241773,161.05254910249343
241774,296.8114755476177
241775,108.56858906646015
241776,904.5568779483435
241777,765.0864612371408
241778,342.89368355676686
241779,565.9634696941112
241780,133.0068011211286
241781,1059.2122072519562
241782,880.5044256020691
241783,413.4587870020982
241784,655.2868682226161
241785,722.2704918747876
241786,23.446912521807008
241787,24.291114315268416
241788,-8.496368318439954
241789,21.855324490080868
241790,195.66775056224867
241791,27.804122887278595
241792,26.861823274197164
241793,-25.655060061651632
241794,43.03884419097936
241795,27.15913853733602
241796,43.93793798207132
241797,46.996196763511314
241798,-5.143459546841991
241799,46.14416321374702
241800,121.90072029101016
241801,1038.9585606676549
241802,904.3320757624844
241803,406.2362849009701
241804,650.1361713494315
241805,268.4869796934446
241806,2010.6561748126378
241807,1748.5113880848146
241808,818.942181806025
241809,1324.436350185616
241810,328.9283907663346
241811,2417.752553023182
241812,2052.053057406784
241813,951.3564575893729
241814,1555.9354968133516
241815,108.76467683799646
241816,809.2925260246799
241817,672.7458600175083
241818,322.0088888389922
241819,540.4321355477318
241820,222.20099709006294
241821,1600.1664314413263
241822,1362.0178148883242
241823,675.4853503544324
241824,1010.1371366327903
241825,251.35182754651964
241826,1889.8570257399397
241827,1621.6233522772266
241828,762.5674521791124
241829,1192.0591331768806
241830,759.7633492790402
241831,578.2037772033591
241832,518.1328840301628
241833,221.7552335668037
241834,382.51188911213984
241835,750.8156761761301
241836,1187.6100276943705
241837,1017.4903124042207
241838,492.27511970895904
241839,763.8841068469018
241840,659.9741895357331
241841,1402.4518877703974
241842,1199.2797999105628
241843,583.6263504240803
241844,874.9970032031742
241845,97.33229091972261
241846,608.2773435475776
241847,529.6250256470178
241848,234.86333721627207
241849,396.14041761303685
241850,181.54208086664605
241851,1228.128234920072
241852,1045.4010985425148
241853,514.4389300230954
241854,785.7697627924405
241855,196.28115089237997
241856,1465.3474524282
241857,1233.7317714190385
241858,605.9492696834809
241859,896.0383975359996
241860,49.07264492674287
241861,422.36791199017335
241862,370.0539427211509
241863,167.89280908998384
241864,282.63093474637867
241865,108.89852511484541
241866,900.9731981469396
241867,761.5027814357369
241868,349.73394354425733
241869,551.7829288928721
241870,132.5889228599808
241871,1054.8807131410194
241872,876.1729314911321
241873,419.5512326800556
241874,640.358513111844
241875,720.8230829242362
241876,19.86323272040311
241877,20.707434513864534
241878,-1.6561083309495175
241879,14.86972686731069
241880,204.86719804851109
241881,24.22044308587469
241882,23.278143472793282
241883,-18.814800074161234
241884,36.05324656820919
241885,31.512259701084794
241886,40.354258180667415
241887,43.412516962107404
241888,1.6968004406484087
241889,39.15856559097685
241890,122.65705429547995
241891,1021.4341914265369
241892,886.807706521367
241893,413.0765448884605
241894,627.745745856434
241895,269.24331369791446
241896,1993.1318055715205
241897,1730.9870188436973
241898,825.7824417935154
241899,1302.0459246926184
241900,329.6847247708044
241901,2400.2281837820647
241902,2034.5286881656689
241903,958.1967175768632
241904,1533.545071320354
241905,109.52101084246625
241906,797.641368661617
241907,661.0947026544454
241908,328.8491488264827
241909,525.8177703531595
241910,222.95733109453272
241911,1588.5152740782632
241912,1350.3666575252612
241913,682.3256103419228
241914,995.522771438218
241915,252.10816155098942
241916,1878.2058683768767
241917,1609.9721949141635
241918,769.4077121666027
241919,1177.4447679823081
241920,746.9189388033452
241921,617.68238526115
241922,549.2796512381035
241923,243.6028878581057
241924,393.4727084971527
241925,676.101395008529
241926,1242.8962943858944
241927,1051.925573064171
241928,528.506219830334
241929,807.1724304592532
241930,545.283524608465
241931,1461.6470479667514
241932,1234.9634933039122
241933,605.239864792311
241934,948.8966265027328
241935,89.05643442532516
241936,646.7200334985496
241937,560.1052621381928
241938,256.09247972707504
241939,406.48272521755075
241940,180.766019334459
241941,1282.997095285276
241942,1079.7883402661987
241943,550.6700301444696
241944,829.0580864047919
241945,208.22763365972475
241946,1539.3632441006841
241947,1284.605483678571
241948,627.5627840517116
241949,969.9380208355582
241950,52.03720500643566
241951,449.27548990736676
241952,388.99906717854736
241953,182.31033514970653
241954,286.1616258998125
241955,113.94601419787126
241956,937.906612315491
241957,792.1403066141024
241958,380.49622972987447
241959,589.6024385694666
241960,146.00045092459604
241961,1108.1577636768916
241962,920.4936322653864
241963,432.626639722069
241964,701.9450849565084
241965,713.4644978153497
241966,20.79935021530061
241967,20.86419652986103
241968,3.2472223269516
241969,-3.0510382893877557
241970,83.08771097839679
241971,22.257061930122244
241972,27.146415298784046
241973,-5.008001350196224
241974,33.32260884877961
241975,26.260071325539354
241976,42.30296003238779
241977,39.83676172995341
241978,3.979831262098253
241979,23.32526229251577
241980,130.6525469341979
241981,1073.7381759545146
241982,925.4334845683079
241983,430.47001883926026
241984,655.2071855811047
241985,282.1876255521236
241986,2155.6465302365127
241987,1859.4759453235333
241988,878.7530326325627
241989,1363.0174566225141
241990,342.9803364232603
241991,2548.900098868542
241992,2180.6495964186706
241993,1008.0533236339554
241994,1623.098431542456
241995,119.70977930498684
241996,849.2813032854848
241997,702.5669899904948
241998,348.56804843460884
241999,545.1166193731207
242000,235.0565572880421
242001,1696.536378962801
242002,1420.850275556622
242003,732.520644330417
242004,1048.9961653645646
242005,277.30774395635126
242006,1994.707823446445
242007,1708.1463004364095
242008,827.6088416938361
242009,1264.854635312515
242010,749.5110185444448
242011,646.6292672569344
242012,565.8705127349915
242013,252.5447315081247
242014,420.4522100868168
242015,687.1931674510809
242016,1333.0097188897676
242017,1134.0025285833888
242018,553.5233144223562
242019,862.1998847412982
242020,424.50410942029043
242021,1568.2013870104208
242022,1338.230307705499
242023,643.7454625591322
242024,994.7480248884691
242025,93.33886194934603
242026,678.7997876898297
242027,580.4645110873047
242028,266.94522055477165
242029,435.3731239848921
242030,186.72882714273808
242031,1374.1243323795184
242032,1163.7227860599633
242033,575.6871247364918
242034,884.0855406868369
242035,212.72443011847176
242036,1647.9847200700756
242037,1386.6747922746824
242038,667.8666462938857
242039,1017.5876836966473
242040,60.26760737730071
242041,472.14812720502454
242042,411.2513888235377
242043,184.4578658870028
242044,306.34681457675396
242045,128.46520613827502
242046,984.232250284268
242047,839.3864518585465
242048,385.59535886515187
242049,624.7119273947669
242050,154.7228924596419
242051,1148.3928172454441
242052,962.2898170368037
242053,450.78629634378706
242054,727.4505421971418
242055,706.8988383411004
242056,26.12998481455229
242057,24.93912891879102
242058,-4.003711446306964
242059,1.526446244321251
242060,95.72907614610072
242061,22.552531809728364
242062,28.362392454057147
242063,-21.027516159309
242064,35.52724137699923
242065,13.74573181663746
242066,42.331389829859255
242067,42.456889487194374
242068,-12.714740038352343
242069,24.854838329397584
242070,142.33176130927214
242071,1113.6473738822926
242072,976.8401372245947
242073,445.49597805702535
242074,692.7393805206608
242075,288.3590537661563
242076,2270.332566036631
242077,1931.6671263056342
242078,927.6184842031904
242079,1448.9867617071072
242080,374.52012371843364
242081,2675.0265663807045
242082,2280.8092068460737
242083,1095.2140341572945
242084,1747.362995579759
242085,131.36549004707044
242086,889.8938960049791
242087,753.8664757801616
242088,359.3242081157467
242089,576.7546624354218
242090,243.14566997656902
242091,1776.540429302304
242092,1526.1870990630437
242093,748.9190816939438
242094,1100.8741039014278
242095,290.2450732057513
242096,2105.9781294317127
242097,1827.7058677893754
242098,861.7823954898048
242099,1334.5076902818214
242100,720.1306636593253
242101,722.0301352119521
242102,629.4433609025947
242103,299.64600059979483
242104,474.45149801208464
242105,521.6314813598834
242106,1505.8518536239596
242107,1263.0403859808268
242108,605.3553037602636
242109,917.5960953645737
242110,326.4244009146658
242111,1754.224099016013
242112,1472.6668825339232
242113,723.4125736618588
242114,1081.1919008746565
242115,114.84954778108776
242116,753.3243771148921
242117,645.7426465524676
242118,314.2432832730916
242119,489.5692055368098
242120,194.85303065830382
242121,1543.1139572227341
242122,1290.5784558162247
242123,627.9770467558566
242124,939.9396839915697
242125,222.1389566605907
242126,1818.205165222145
242127,1514.681683463651
242128,746.9883195200913
242129,1104.4894923642926
242130,79.41680575710477
242131,534.8017064368735
242132,462.4301121579211
242133,202.00817602909606
242134,330.2915838432248
242135,139.27331129884152
242136,1066.1846791979085
242137,907.6630209612234
242138,420.074100503462
242139,662.7309837251842
242140,163.71567970666067
242141,1268.5268518848416
242142,1074.3820237088753
242143,528.6233050766986
242144,805.7599857582524
242145,732.4823285658265
242146,26.91629771648403
242147,30.381520261161295
242148,0.9286827842030234
242149,3.2033771594681797
242150,18.58165305676008
242151,28.301634391993197
242152,36.442755973623534
242153,-15.587004000371419
242154,41.710658422799696
242155,3.5813953493097923
242156,49.12482933902519
242157,55.99309163544528
242158,-2.275759725522396
242159,32.96884366518289
242160,157.41710015823784
242161,1224.7981073622202
242162,1069.3254170654006
242163,497.830250691172
242164,754.664729969643
242165,342.1280619222653
242166,2486.5071591108817
242167,2083.1425782705173
242168,1020.7092988691082
242169,1546.4504760779632
242170,393.3615074848619
242171,2991.5452807878205
242172,2537.0604937448434
242173,1219.7388899139783
242174,1858.8838896624682
242175,141.31452184036863
242176,982.2615161880999
242177,824.1453518049404
242178,386.62670365810993
242179,619.1759901951951
242180,287.8738223451978
242181,1937.4198526782711
242182,1683.3778131778558
242183,831.4941867210098
242184,1192.3102223848787
242185,310.8503630980889
242186,2304.9011410579956
242187,1971.760704721815
242188,980.4031550116239
242189,1432.7347604756853
242190,757.4630348991749
242191,574.2377724300679
242192,514.9960920235058
242193,221.31581745926772
242194,375.79334984396826
242195,750.36703935363
242196,1183.6440229210789
242197,1014.3535203975631
242198,491.8357036014232
242199,757.1655675787305
242200,663.4254565012382
242201,1399.3337886696067
242202,1196.9909135764065
242203,584.0348399890457
242204,864.0412374047688
242205,95.63579960823833
242206,604.3113387742865
242207,526.4882336403607
242208,234.4239211087361
242209,389.42187834486526
242210,179.84558955516158
242211,1224.1622301467803
242212,1042.2643065358575
242213,513.9995139155594
242214,779.0512235242692
242215,194.716394142445
242216,1457.9818573291304
242217,1227.1953890866032
242218,605.354388690468
242219,885.0826317375942
242220,47.37615361525843
242221,418.40190721688197
242222,366.91715071449363
242223,167.45339298244787
242224,275.9123954782071
242225,107.20203380336102
242226,897.0071933736484
242227,758.3659894290798
242228,349.2945274367213
242229,545.0643896247008
242230,131.02416611004585
242231,1047.5151180419498
242232,869.6365491586972
242233,418.9563516870424
242234,629.4027473134386
242235,721.6393794994742
242236,17.388950716608804
242237,19.062365276704362
242238,-0.6038016689884212
242239,14.945747207987319
242240,214.3953199750279
242241,21.746161082080384
242242,21.63307423563311
242243,-17.762493412200122
242244,36.129266908885825
242245,39.75299078787421
242246,35.50288370977818
242247,39.39035525785231
242248,3.6161400758152262
242249,36.01985726010226
242250,121.47838156592985
242251,1012.1785841724472
242252,874.023616662086
242253,412.10187463918146
242254,615.6523124071308
242255,268.0646409683643
242256,1983.8761983174306
242257,1718.202928984416
242258,824.8077715442366
242259,1289.9524912433146
242260,329.66028446148675
242261,2388.5954840608806
242262,2019.3675058392926
242263,958.0890803007901
242264,1518.236909199499
242265,108.34233811291625
242266,792.8310113993879
242267,657.1135581588504
242268,327.8744785772036
242269,515.3693525576539
242270,221.77865836498262
242271,1583.7049168160336
242272,1346.3855130296658
242273,681.350940092644
242274,985.0743536427124
242275,252.0837212416717
242276,1871.018418647552
242277,1603.6139579514731
242278,769.3000748905296
242279,1163.7816215152507
242280,759.6565282160273
242281,571.8324482359185
242282,514.9417720480898
242283,220.5784377185029
242284,375.05597010320344
242285,752.5605326704824
242286,1181.2386987269297
242287,1014.2992004221471
242288,491.09832386065835
242289,756.4281878379657
242290,673.5399722164838
242291,1396.9284644754575
242292,1196.9365936009906
242293,583.2974602482809
242294,863.303857664004
242295,94.30366838039492
242296,601.906014580137
242297,526.4339136649447
242298,233.68654136797127
242299,388.68449860410044
242300,178.5134583273182
242301,1221.756905952631
242302,1042.2099865604416
242303,513.2621341747946
242304,778.3138437835044
242305,193.3842629146016
242306,1455.5765331349812
242307,1227.1410691111873
242308,604.6170089497032
242309,884.3452519968293
242310,46.044022387415026
242311,415.9965830227326
242312,366.8628307390777
242313,166.71601324168304
242314,275.17501573744227
242315,105.86990257551761
242316,894.601869179499
242317,758.3116694536639
242318,348.5571476959565
242319,544.327009883936
242320,129.69203488220245
242321,1045.1097938478006
242322,869.5822291832812
242323,418.2189719462776
242324,628.6653675726737
242325,719.4465242912083
242326,15.176246895488102
242327,19.200665674317108
242328,-1.1485610367245696
242329,14.400987840251169
242330,204.77044537254014
242331,18.076162361975978
242332,20.31407973426215
242333,-19.764547678919975
242334,34.12721264216597
242335,37.56013557960831
242336,33.290179888657484
242337,39.52865565546506
242338,3.071380708079077
242339,35.475097892366115
242340,119.2855263576639
242341,1009.9658803513265
242342,874.1619170596988
242343,411.55711527144524
242344,615.1075530393947
242345,264.4144908611146
242346,1980.2061995973265
242347,1716.8839344830453
242348,822.8057172775168
242349,1287.950436976595
242350,327.46742925322076
242351,2386.38278023976
242352,2019.5058062369055
242353,957.544320933054
242354,1517.6921498317631
242355,106.14948290465033
242356,790.6183075782671
242357,657.2518585564632
242358,327.3297192094674
242359,514.8245931899178
242360,218.12850825773302
242361,1580.0349180959295
242362,1345.066518528295
242363,679.3488858259242
242364,983.0722993759925
242365,249.8908660334058
242366,1868.8057148264315
242367,1603.752258349086
242368,768.7553155227935
242369,1163.2368621475148
242370,760.2598160780485
242371,572.948371340515
242372,515.2284823860522
242373,220.51815461807527
242374,374.9956870027758
242375,752.5599974641226
242376,1182.3546218315264
242377,1014.5859107601095
242378,491.03804076023073
242379,756.367904737538
242380,661.3185620072426
242381,1398.0443875800543
242382,1197.223303938953
242383,583.2371771478532
242384,863.2435745635763
242385,94.30313317403514
242386,603.0219376847335
242387,526.7206240029071
242388,233.62625826754365
242389,388.6242155036728
242390,178.5129231209584
242391,1222.8728290572278
242392,1042.496696898404
242393,513.2018510743669
242394,778.2535606830767
242395,193.38372770824182
242396,1456.692456239578
242397,1227.4277794491497
242398,604.5567258492755
242399,884.2849688964017
242400,46.04348718105524
242401,417.1125061273291
242402,367.1495410770401
242403,166.65573014125542
242404,275.11473263701464
242405,105.86936736915783
242406,895.7177922840955
242407,758.5983797916263
242408,348.49686459552885
242409,544.2667267835083
242410,129.69149967584266
242411,1046.2257169523973
242412,869.8689395212436
242413,418.15868884584995
242414,628.6050844722461
242415,719.4459890848485
242416,16.292170000084646
242417,19.487376012279526
242418,-1.2088441371522036
242419,14.340704739823536
242420,204.76991016618035
242421,19.19208546657252
242422,20.60079007222457
242423,-19.824830779347607
242424,34.06692954173833
242425,37.55960037324852
242426,34.406102993254024
242427,39.81536599342747
242428,3.0110976076514433
242429,35.414814791938475
242430,119.28499115130411
242431,1011.081803455923
242432,878.8063227694868
242433,412.54990489469503
242434,616.1003426626445
242435,264.4139556547548
242436,1981.3221227019233
242437,1721.5283401928334
242438,823.7985069007666
242439,1288.943226599845
242440,327.46689404686094
242441,2387.4987033443567
242442,2024.1502119466936
242443,958.5371105563038
242444,1518.6849394550131
242445,106.14894769829054
242446,791.7342306828637
242447,657.5385688944256
242448,328.3225088327172
242449,515.8173828131676
242450,218.12797305137323
242451,1581.1508412005262
242452,1345.3532288662575
242453,680.341675449174
242454,984.0650889992423
242455,249.89033082704603
242456,1869.9216379310283
242457,1604.0389686870485
242458,769.7481051460433
242459,1164.2296517707648
242460,760.2598160780485
242461,572.948371340515
242462,515.2284823860522
242463,220.51815461807527
242464,374.9956870027758
242465,752.5599974641226
242466,1182.3546218315264
242467,1014.5859107601095
242468,492.96857541415227
242469,756.367904737538
242470,661.3185620072426
242471,1398.0443875800543
242472,1197.223303938953
242473,585.1677118017748
242474,863.2435745635763
242475,94.30313317403514
242476,603.0219376847335
242477,526.7206240029071
242478,233.62625826754365
242479,388.6242155036728
242480,178.5129231209584
242481,1222.8728290572278
242482,1042.496696898404
242483,515.1323857282888
242484,778.2535606830767
242485,193.38372770824182
242486,1456.692456239578
242487,1227.4277794491497
242488,606.487260503197
242489,884.2849688964017
242490,46.04348718105524
242491,417.1125061273291
242492,367.1495410770401
242493,166.65573014125542
242494,275.11473263701464
242495,105.86936736915783
242496,895.7177922840955
242497,758.5983797916263
242498,350.4273992494504
242499,544.2667267835083
242500,129.69149967584266
242501,1046.2257169523973
242502,869.8689395212436
242503,420.0892234997715
242504,628.6050844722461
242505,719.4459890848485
242506,16.502643720410667
242507,19.697849732605548
242508,-0.9983704168261821
242509,14.551178460149558
242510,195.77532272614968
242511,19.402559186898543
242512,20.81126379255059
242513,-17.683822405100045
242514,34.277403262064354
242515,37.55960037324852
242516,34.616576713580045
242517,40.02583971375349
242518,5.152105981899005
242519,35.6252885122645
242520,119.28499115130411
242521,1020.052472965508
242522,887.7769922790711
242523,421.52057440427944
242524,625.0710121722288
242525,264.4139556547548
242526,1990.2927922115077
242527,1730.4990097024179
242528,834.6997110642725
242529,1297.9138961094295
242530,327.46689404686094
242531,2396.469372853941
242532,2033.120881456278
242533,969.4383147198097
242534,1527.6556089645976
242535,106.14894769829054
242536,794.6139685172997
242537,660.4183067288616
242538,331.2022466671533
242539,518.6971206476036
242540,218.12797305137323
242541,1584.0305790349623
242542,1348.2329667006936
242543,685.1519479375315
242544,986.9448268336783
242545,249.89033082704603
242546,1872.8013757654644
242547,1606.9187065214846
242548,774.5583776344008
242549,1167.109389605201
242550,747.4154056023535
242551,612.4269793983059
242552,546.3752495939929
242553,242.36580890937722
242554,385.9565063877887
242555,674.8867959626818
242556,1237.6408885230503
242557,1049.0211714200602
242558,527.2691408816057
242559,799.6562283498894
242560,547.0766370666516
242561,1457.6882877630858
242562,1233.35573731898
242563,605.2994315027613
242564,937.5919378498123
242565,86.02727667963758
242566,641.4646276357055
242567,557.2008604940821
242568,254.85540077834668
242569,398.9665231081867
242570,177.73686158877135
242571,1277.7416894224318
242572,1076.883938622088
242573,549.4329511957413
242574,821.5418842954281
242575,203.10228704861225
242576,1526.3037273433645
242577,1273.8969711399848
242578,626.6189802041836
242579,958.6333321826377
242580,49.008047260748036
242581,444.0200840445225
242582,386.09466553443656
242583,181.0732562009781
242584,278.6454237904485
242585,110.9168564521837
242586,932.6512064526469
242587,789.2359049699918
242588,379.259150781146
242589,582.0862364601028
242590,140.87510431348355
242591,1097.2748440612952
242592,911.9617168685235
242593,431.6828358745408
242594,690.6403963035879
242595,713.208330049674
242596,18.244910568189038
242597,20.660761101482915
242598,4.711109593955818
242599,-2.5634373436680082
242600,79.53999914404025
242601,19.702622283010673
242602,26.942979870405924
242603,-3.5441140831920097
242604,33.81020979449936
242605,27.15813598009592
242606,37.3714279181813
242607,37.25623383448036
242608,6.310751502308186
242609,20.59813456668429
242610,159.68535173144986
242611,1104.7613254349133
242612,958.8076382674398
242613,471.31891629650687
242614,688.5032428062323
242615,311.2204303493754
242616,2186.6696797169116
242617,1892.8500990226653
242618,919.6019300898097
242619,1396.3135138476418
242620,373.16737364074464
242621,2577.546155881846
242622,2211.646657650708
242623,1049.7692540644086
242624,1653.1797600960322
242625,116.93212702757494
242626,846.8483140079313
242627,702.4850049316748
242628,351.51555714204335
242629,538.5903805343286
242630,232.2789050106301
242631,1694.1033896852475
242632,1420.7682904978017
242633,735.4681530378517
242634,1042.4699265257723
242635,275.6843240991717
242636,1989.8977417017963
242637,1705.6872229104943
242638,831.4233833744765
242639,1255.1136678021714
242640,750.31288571376
242641,640.4968947267977
242642,562.0891444235882
242643,253.61511576401645
242644,411.89275346704534
242645,686.2839687755405
242646,1326.8773463596308
242647,1130.2211602719854
242648,554.5936986782481
242649,850.3923269853678
242650,427.1763801207894
242651,1563.939418011468
242652,1336.3193429252794
242653,646.6862503462081
242654,979.7257384609875
242655,90.61510457396527
242656,672.667415159693
242657,576.6831427759014
242658,268.0156048106633
242659,426.81366736512064
242660,184.00506976735724
242661,1367.9919598493816
242662,1159.9414177485598
242663,576.7575089923837
242664,872.2779829309065
242665,211.15490516332335
242666,1639.4752550728438
242667,1380.516331496184
242668,669.8040635229833
242669,1002.5653972691657
242670,57.543850001919964
242671,466.0157546748876
242672,407.4700205121342
242673,185.5282501428945
242674,297.7873579569825
242675,125.74144876289414
242676,978.0998777541313
242677,835.6050835471432
242678,386.66574312104353
242679,612.9043696388366
242680,153.1533675044935
242681,1139.8833522482123
242682,956.1313562583055
242683,452.7237135728845
242684,712.4282557696602
242685,712.789155955128
242686,22.653341300666728
242687,23.813489623638908
242688,-0.2775981741639569
242689,0.9255554801521781
242690,91.94992492688485
242691,19.075888295842798
242692,27.236753158905035
242693,-17.301402887165978
242694,37.25522219668375
242695,20.790281850897237
242696,36.47765384887876
242697,38.95415772494734
242698,-8.1215937930036
242699,23.36809047753088
242700,189.35919006474026
242701,1157.5496980954208
242702,1023.093465656456
242703,502.40848011891427
242704,738.748324635403
242705,335.3864825216243
242706,2314.2348902497592
242707,1977.9204547374957
242708,984.5309862650796
242709,1489.122688643894
242710,422.7017848941341
242711,2716.551798126738
242712,2324.685442810841
242713,1152.9935691923895
242714,1784.2841938449942
242715,130.43496022426788
242716,884.1925799565482
242717,750.5161639504643
242718,362.1878199242167
242719,566.7938089826375
242720,242.2151401537665
242721,1770.839113253873
242722,1522.836787233346
242723,751.782693502414
242724,1085.0402332706876
242725,290.46877580318113
242726,2097.899720916188
242727,1821.9784634925827
242728,865.5130402714807
242729,1315.45909097953
242730,717.6743757624819
242731,718.74784435051
242732,628.512074259886
242733,301.21608406365016
242734,472.67086376091237
242735,525.5134915734518
242736,1502.5695627625178
242737,1262.1090993381183
242738,606.9253872241189
242739,912.5673599772423
242740,323.9681130178225
242741,1750.9418081545712
242742,1471.7355958912146
242743,724.9826571257141
242744,1076.1631654873254
242745,113.82281692355114
242746,750.04208625345
242747,644.811359909759
242748,315.81336673694693
242749,487.78857128563754
242750,193.82629980076723
242751,1539.8316663612923
242752,1289.6471691735162
242753,629.5471302197119
242754,934.9109486042383
242755,221.11222580305412
242756,1814.9228743607032
242757,1513.7503968209426
242758,748.5584029839466
242759,1099.4607569769614
242760,78.39007489956819
242761,531.5194155754314
242762,461.4988255152125
242763,203.57825949295136
242764,328.51094959205255
242765,138.24658044130493
242766,1062.9023883364666
242767,906.7317343185148
242768,421.6441839673173
242769,657.7022483378528
242770,162.68894884912407
242771,1265.2445610233997
242772,1073.4507370661668
242773,530.1933885405539
242774,800.731250370921
242775,737.2421080901447
242776,24.79801310179623
242777,30.61423986520694
242778,3.6627724948125655
242779,2.5867491550501054
242780,17.36670808584011
242781,26.183349777305388
242782,36.675475577669175
242783,-12.85291428976188
242784,43.42290200223522
242785,8.341174873627962
242786,47.00654472433739
242787,56.22581123949092
242788,0.4583299850871582
242789,34.68108724461842
242790,205.62373684961582
242791,1276.8401157248416
242792,1123.7184296467553
242793,554.7246333790905
242794,811.7743179104386
242795,390.3346986136432
242796,2538.5491674735026
242797,2137.535590851872
242798,1077.6036815570276
242799,1597.6870468408038
242800,441.5681441762398
242801,3043.5872891504414
242802,2591.453506326198
242803,1276.633272601897
242804,1910.1204604253087
242805,141.56319995347596
242806,980.2546342973017
242807,824.4894741328757
242808,389.4721960926092
242809,618.6707649146667
242810,288.1225004583051
242811,1935.4129707874731
242812,1683.7219355057912
242813,834.339679155509
242814,1185.9319799263947
242815,311.0990412111962
242816,2302.894259167198
242817,1972.1048270497504
242818,983.2486474461231
242819,1426.3565180172013
242820,760.3377575187469
242821,572.5136775386381
242822,515.6230013508094
242823,221.2596670212225
242824,375.737199405923
242825,758.4885778253262
242826,1181.919928029649
242827,1014.9804297248668
242828,493.71008781729944
242829,757.1094171406853
242830,666.3001791208102
242831,1397.609693778177
242832,1197.61782290371
242833,585.9092242049221
242834,863.9850869667237
242835,94.98489768311448
242836,602.5872438828567
242837,527.1151429676644
242838,234.36777067069087
242839,389.36572790682
242840,179.1946876300378
242841,1222.4381352553505
242842,1042.891215863161
242843,515.8738981314361
242844,778.995073086224
242845,194.0654922173212
242846,1456.2577624377006
242847,1227.8222984139068
242848,607.2287729063444
242849,885.026481299549
242850,46.7252516901346
242851,416.6778123254521
242852,367.54406004179725
242853,167.39724254440264
242854,275.8562450401618
242855,106.55113187823717
242856,895.2830984822186
242857,758.9928987563835
242858,351.16891165259756
242859,545.0082391866556
242860,130.37326418492205
242861,1045.79102315052
242862,870.2634584860009
242863,420.83073590291866
242864,629.3465968753934
242865,720.8528886295161
242866,15.98220941796064
242867,20.00662819678965
242868,-0.34259851425203086
242869,15.206950362723708
242870,234.0210993557589
242871,20.33941978343222
242872,22.577337155718396
242873,-15.570755603542192
242874,36.39047006362222
242875,50.56353735632616
242876,34.096142411130025
242877,40.3346181779376
242878,5.8078778844731564
242879,36.281060414838656
242880,121.14483323358759
242881,1016.8627745489479
242882,881.0588112573197
242883,418.4540094690661
242884,625.5703702049207
242885,267.731092636022
242886,1988.560388693931
242887,1731.2990953441663
242888,833.090441028043
242889,1299.8705490411046
242890,329.3267361291445
242891,2393.2796744373804
242892,2026.4027004345262
242893,966.3717497845964
242894,1528.154966997289
242895,108.00878978057403
242896,791.4242701007397
242897,658.0578210789357
242898,328.13568173193994
242899,515.6305557123903
242900,221.44511003264043
242901,1582.2981755173855
242902,1347.3297759497511
242903,683.542677901302
242904,985.3355567974488
242905,251.75017290932954
242906,1869.6116773489039
242907,1604.5582208715584
242908,771.4918126991876
242909,1164.042824669987
242910,760.5565710499084
242911,572.7324910697996
242912,515.8418148819709
242913,220.68025065746377
242914,374.33147045780146
242915,758.7073913564876
242916,1182.1387415608106
242917,1015.1992432560282
242918,493.1306714535407
242919,755.7036881925637
242920,674.4400150503649
242921,1397.8285073093384
242922,1197.8366364348715
242923,585.3298078411634
242924,862.5793580186021
242925,95.20371121427596
242926,602.8060574140181
242927,527.3339564988258
242928,233.78835430693215
242929,387.95999895869846
242930,179.41350116119926
242931,1222.656948786512
242932,1043.1100293943225
242933,515.2944817676774
242934,777.5893441381024
242935,194.2843057484827
242936,1456.476575968862
242937,1228.0411119450682
242938,606.6493565425857
242939,883.6207523514274
242940,46.94406522129608
242941,416.8966258566136
242942,367.7628735729587
242943,166.81782618064392
242944,274.4505160920403
242945,106.76994540939864
242946,895.5019120133801
242947,759.211712287545
242948,350.5894952888388
242949,543.602510238534
242950,130.59207771608354
242951,1046.0098366816815
242952,870.4822720171624
242953,420.2513195391599
242954,627.9408679272718
242955,720.8528886295161
242956,15.98220941796064
242957,20.00662819678965
242958,-0.34259851425203086
242959,15.206950362723708
242960,234.0210993557589
242961,20.33941978343222
242962,22.577337155718396
242963,-15.570755603542192
242964,36.39047006362222
242965,50.56353735632616
242966,34.096142411130025
242967,40.3346181779376
242968,5.8078778844731564
242969,36.281060414838656
242970,121.14483323358759
242971,1006.3564423887699
242972,881.0588112573197
242973,418.4540094690661
242974,625.5703702049207
242975,267.731092636022
242976,1978.0540565337533
242977,1731.2990953441663
242978,833.090441028043
242979,1299.8705490411046
242980,329.3267361291445
242981,2382.7733422772026
242982,2026.4027004345262
242983,966.3717497845964
242984,1528.154966997289
242985,108.00878978057403
242986,791.4242701007397
242987,658.0578210789357
242988,328.13568173193994
242989,515.6305557123903
242990,221.44511003264043
242991,1582.2981755173855
242992,1347.3297759497511
242993,683.542677901302
242994,985.3355567974488
242995,251.75017290932954
242996,1869.6116773489039
242997,1604.5582208715584
242998,771.4918126991876
242999,1164.042824669987
243000,761.1598589119296
243001,573.8484141743961
243002,516.1285252199333
243003,220.61996755703615
243004,374.27118735737383
243005,758.7068561501278
243006,1183.2546646654073
243007,1015.4859535939906
243008,493.07038835311306
243009,755.643405092136
243010,662.2186048411237
243011,1398.9444304139352
243012,1198.1233467728339
243013,585.2695247407357
243014,862.5190749181744
243015,95.20317600791617
243016,603.9219805186146
243017,527.6206668367882
243018,233.72807120650452
243019,387.89971585827084
243020,179.4129659548395
243021,1223.7728718911087
243022,1043.396739732285
243023,515.2341986672498
243024,777.5290610376748
243025,194.2837705421229
243026,1457.5924990734588
243027,1228.3278222830306
243028,606.589073442158
243029,883.5604692509997
243030,46.94353001493629
243031,418.0125489612101
243032,368.0495839109211
243033,166.7575430802163
243034,274.39023299161266
243035,106.76941020303886
243036,896.6178351179766
243037,759.4984226255074
243038,350.5292121884112
243039,543.5422271381063
243040,130.59154250972375
243041,1047.1257597862782
243042,870.7689823551248
243043,420.1910364387323
243044,627.8805848268441
243045,720.8523534231563
243046,17.098132522557183
243047,20.293338534752063
243048,-0.4028816146796648
243049,15.146667262296075
243050,250.0172804025718
243051,21.455342888028763
243052,22.86404749368081
243053,-15.631038703969825
243054,36.33018696319458
243055,50.56300214996637
243056,35.212065515726565
243057,40.62132851590001
243058,5.747594784045522
243059,36.220777314411016
243060,121.1442980272278
243061,1007.4723654933664
243062,885.7032169671077
243063,419.44679909231587
243064,626.5631598281705
243065,267.7305574296622
243066,1979.16997963835
243067,1735.9435010539544
243068,834.0832306512928
243069,1300.8633386643546
243070,329.32620092278466
243071,2383.8892653817993
243072,2031.0471061443143
243073,967.3645394078462
243074,1529.147756620539
243075,108.00825457421425
243076,792.5401932053362
243077,658.3445314168981
243078,329.12847135518973
243079,516.6233453356401
243080,221.44457482628064
243081,1583.4140986219822
243082,1347.6164862877135
243083,684.5354675245518
243084,986.3283464206986
243085,251.74963770296975
243086,1870.7276004535006
243087,1604.8449312095208
243088,772.4846023224374
243089,1165.0356142932371
243090,761.1598589119296
243091,573.8484141743961
243092,516.1285252199333
243093,220.61996755703615
243094,373.15637905558543
243095,758.7068561501278
243096,1183.2546646654073
243097,1015.4859535939906
243098,493.07038835311306
243099,754.5285967903477
243100,662.2186048411237
243101,1398.9444304139352
243102,1198.1233467728339
243103,585.2695247407357
243104,861.404266616386
243105,95.20317600791617
243106,603.9219805186146
243107,527.6206668367882
243108,233.72807120650452
243109,386.78490755648244
243110,179.4129659548395
243111,1223.7728718911087
243112,1043.396739732285
243113,515.2341986672498
243114,776.4142527358864
243115,194.2837705421229
243116,1457.5924990734588
243117,1228.3278222830306
243118,606.589073442158
243119,882.4456609492114
243120,46.94353001493629
243121,418.0125489612101
243122,368.0495839109211
243123,166.7575430802163
243124,273.27542468982426
243125,106.76941020303886
243126,896.6178351179766
243127,759.4984226255074
243128,350.5292121884112
243129,542.427418836318
243130,130.59154250972375
243131,1047.1257597862782
243132,870.7689823551248
243133,420.1910364387323
243134,626.7657765250558
243135,720.8523534231563
243136,17.098132522557183
243137,20.293338534752063
243138,-0.4028816146796648
243139,15.913673520531072
243140,241.02269296254113
243141,21.455342888028763
243142,22.86404749368081
243143,-15.631038703969825
243144,37.09719322142958
243145,50.56300214996637
243146,35.212065515726565
243147,40.62132851590001
243148,5.747594784045522
243149,36.987783572646016
243150,121.1442980272278
243151,996.4876487118818
243152,874.7185001856232
243153,408.4620823108314
243154,613.3767861296382
243155,267.7305574296622
243156,1968.1852628568654
243157,1724.9587842724698
243158,823.0985138698082
243159,1287.676964965822
243160,329.32620092278466
243161,2372.904548600315
243162,2020.0623893628297
243163,956.3798226263617
243164,1515.9613829220064
243165,108.00825457421425
243166,792.5401932053362
243167,658.3445314168981
243168,329.12847135518973
243169,514.1291745825731
243170,221.44457482628064
243171,1583.4140986219822
243172,1347.6164862877135
243173,684.5354675245518
243174,983.8341756676316
243175,251.74963770296975
243176,1870.7276004535006
243177,1604.8449312095208
243178,772.4846023224374
243179,1162.54144354017
243180,749.3958184546083
243181,614.4073922505606
243182,548.3556624462476
243183,244.98256602844785
243184,383.3662721882521
243185,697.040462044756
243186,1239.6213013753043
243187,1051.0015842723142
243188,529.8858980006767
243189,797.0659941503529
243190,550.503566223322
243191,1459.6687006153397
243192,1235.3361501712338
243193,607.9161886218322
243194,935.0017036502759
243195,88.00768953189191
243196,643.4450404879602
243197,559.1812733463369
243198,257.47215789741733
243199,396.3762889086501
243200,179.71727444102575
243201,1279.7221022746858
243202,1078.864351474342
243203,552.0497083148123
243204,818.9516500958916
243205,205.08269990086663
243206,1528.2841401956184
243207,1275.8773839922387
243208,629.2357373232545
243209,956.0430979831012
243210,50.98846011300244
243211,446.0004968967769
243212,388.07507838669096
243213,183.69001332004873
243214,276.0551895909119
243215,112.89726930443803
243216,934.6316193049016
243217,791.2163178222465
243218,381.87590790021665
243219,579.4960022605663
243220,142.85551716573792
243221,1099.2552569135491
243222,913.9421297207782
243223,434.29959299361144
243224,688.0501621040514
243225,717.2772548831899
243226,18.78562890392954
243227,21.20147943722341
243228,6.686402091432754
243229,-4.968823580435564
243230,124.53807318627699
243231,20.243340618751173
243232,27.483698206146425
243233,-1.5688215857150734
243234,31.404823557731778
243235,40.798492400971774
243236,37.9121462539218
243237,37.79695217022085
243238,8.286043999785122
243239,18.192748329916743
243240,128.3143978351763
243241,1047.9662404090898
243242,912.5188854017949
243243,426.4647375925982
243244,637.7647790588178
243245,279.84947645310206
243246,2129.874594691089
243247,1852.622317921536
243248,874.7477513859012
243249,1345.5750501002267
243250,341.7964197444712
243251,2520.7510708560235
243252,2165.3579047850635
243253,1004.9150753604995
243254,1602.441296348617
243255,117.37163020596527
243256,843.3547349984349
243257,698.9914259221783
243258,349.456552294283
243259,530.6470906430625
243260,232.71840818902044
243261,1690.6098106757504
243262,1417.2747114883045
243263,733.4091481900916
243264,1034.5266366345058
243265,276.12382727756216
243266,1986.4041626922992
243267,1702.1936439009971
243268,829.3643785267165
243269,1247.170377910905
243270,752.2932985660148
243271,642.4773075790524
243272,564.069557275843
243273,256.2318728830871
243274,407.8208061766308
243275,709.5291171159023
243276,1328.8577592118847
243277,1132.2015731242393
243278,557.210455797319
243279,846.3203796949534
243280,430.6033092774597
243281,1565.919830863722
243282,1338.2997557775334
243283,649.303007465279
243284,975.6537911705731
243285,92.59551742621953
243286,674.6478280119477
243287,578.6635556281561
243288,270.632361929734
243289,422.7417200747061
243290,185.98548261961162
243291,1369.9723727016355
243292,1161.9218306008138
243293,579.3742661114546
243294,868.2060356404921
243295,213.13531801557772
243296,1641.4556679250977
243297,1382.496744348438
243298,672.4208206420542
243299,998.4934499787513
243300,59.52426285417431
243301,467.996167527142
243302,409.45043336438863
243303,188.14500726196513
243304,293.71541066656795
243305,127.72186161514853
243306,980.080290606386
243307,837.5854963993979
243308,389.2825002401142
243309,608.8324223484221
243310,155.13378035674788
243311,1141.8637651004663
243312,958.1117691105602
243313,455.34047069195515
243314,708.3563084792457
243315,711.8156828375226
243316,23.239296835888563
243317,24.399445158860743
243318,1.742931522794324
243319,-2.9163066480119686
243320,116.24700176050338
243321,19.661843831064633
243322,27.82270869412687
243323,-15.280873190207696
243324,33.41336006851961
243325,23.18006931182339
243326,37.0636093841006
243327,39.540113260169186
243328,-6.1010640960453255
243329,19.526228349366743
243330,140.29901258055736
243331,1086.998471669575
243332,963.0485713907891
243333,443.79816001498347
243334,672.7720063970885
243335,286.3263050374416
243336,2243.6836638239147
243337,1923.9365322363442
243338,925.920666161149
243339,1423.1463704055789
243340,373.64160740995135
243341,2646.0005717008935
243342,2264.640548545174
243343,1094.383249088458
243344,1718.307875606679
243345,129.33274131835566
243346,883.0903610506365
243347,749.4139450445525
243348,362.520175180041
243349,559.7601661040782
243350,241.11292124785444
243351,1769.7368943479605
243352,1521.7345683274336
243353,752.1150487582386
243354,1078.0065903921281
243355,289.366556897269
243356,2096.797502010276
243357,1820.8762445866703
243358,865.8453955273053
243359,1308.4254481009705
243360,719.6547886147366
243361,720.7282572027648
243362,630.4924871121408
243363,303.8328411827208
243364,468.59891647049784
243365,540.7092759585462
243366,1504.5499756147717
243367,1264.0895121903723
243368,609.5421443431899
243369,908.4954126868279
243370,327.39504217449274
243371,1752.922221006825
243372,1473.7160087434686
243373,727.5994142447851
243374,1072.0912181969109
243375,115.8032297758055
243376,752.0224991057047
243377,646.7917727620137
243378,318.4301238560176
243379,483.716623995223
243380,195.8067126530216
243381,1541.8120792135462
243382,1291.6275820257702
243383,632.1638873387828
243384,930.8390013138239
243385,223.0926386553085
243386,1816.9032872129571
243387,1515.7308096731965
243388,751.1751601030176
243389,1095.388809686547
243390,80.37048775182252
243391,533.4998284276861
243392,463.4792383674669
243393,206.195016612022
243394,324.439002301638
243395,140.2269932935593
243396,1064.8828011887206
243397,908.7121471707695
243398,424.26094108638796
243399,653.6303010474384
243400,164.66936170137845
243401,1267.2249738756536
243402,1075.4311499184207
243403,532.8101456596248
243404,796.6593030805066
243405,736.2686349725393
243406,25.383968637018068
243407,31.200195400428775
243408,5.683302191770845
243409,-1.2551129731140376
243410,41.66378491945868
243411,26.769305312527223
243412,37.26143111289103
243413,-10.832384592803612
243414,39.58103987407108
243415,10.730962334554109
243416,47.59250025955923
243417,56.81176677471277
243418,2.478859682045438
243419,30.839225116454276
243420,156.56355936543295
243421,1206.2888892989959
243422,1068.4946380968013
243423,496.11431327515965
243424,745.7979996721241
243425,341.2745211294605
243426,2467.997941047658
243427,2091.121464861872
243428,1018.9933614530953
243429,1531.7107286024886
243430,392.50796669205704
243431,2973.036062724597
243432,2545.039380336198
243433,1218.0229524979654
243434,1844.1441421869936
243435,140.46098104756373
243436,979.1524153913899
243437,823.3872552269639
243438,389.8045513484335
243439,611.6371220361074
243440,287.020281552393
243441,1934.3107518815607
243442,1679.32237224897
243443,834.6720344113336
243444,1178.8983370478352
243445,309.99682230528407
243446,2301.792040261286
243447,1967.7052637929291
243448,983.5810027019477
243449,1419.3228751386418
243450,756.6323484100606
243451,568.8082684299518
243452,508.56160666324047
243453,226.62110019939652
243454,365.3958794191624
243455,754.7984572200376
243456,1178.2298074243597
243457,1007.9343235406955
243458,499.08680949887156
243459,746.7833856573227
243460,662.3356539318595
243461,1393.6451685892257
243462,1190.2973121358762
243463,591.0115413028323
243464,853.3846508996991
243465,91.27948857442773
243466,606.058931215397
243467,527.2308447213221
243468,239.72920384886487
243469,379.0244079200594
243470,175.5045670247488
243471,1225.9251110912878
243472,1043.0222061202157
243473,521.2506198130084
243474,768.6690416028614
243475,190.10096702837026
243476,1459.470333689976
243477,1227.6788840872996
243478,612.3310900042545
243479,874.4260452325244
243480,43.01984258144794
243481,412.9724032167655
243482,360.4826653542281
243483,172.75867572257664
243484,265.5149250534012
243485,102.86101127294818
243486,891.59297787693
243487,751.9467925722124
243488,356.5456333341694
243489,534.682207703293
243490,126.40873899597112
243491,1041.8264979615687
243492,862.9429477181678
243493,425.9330530008285
243494,618.7461608083688
243495,721.2239080638795
243496,13.27820605555494
243497,13.946639255501426
243498,5.520054468936248
243499,8.074977325363461
243500,283.76154984656546
243501,16.843745310953445
243502,15.72567710435708
243503,-9.20135789424008
243504,29.76524175237579
243505,69.12877439063715
243506,30.32606335498928
243507,33.20855354291433
243508,11.902871010113328
243509,29.381427519930288
243510,111.97215517328387
243511,989.1226610063651
243512,869.6478423835729
243513,408.2591115129435
243514,596.1045342712317
243515,257.35808206661466
243516,1956.6963291828608
243517,1730.638770753995
243518,821.5977858589322
243519,1269.1069558944266
243520,318.00744169934916
243521,2360.4693310659236
243522,2024.796091983967
243523,953.9328107550976
243524,1496.445089990223
243525,102.75675182749136
243526,785.0059049685317
243527,648.2834703678452
243528,331.5823887815126
243529,499.5138109483771
243530,214.992739570454
243531,1575.8458050551988
243532,1337.5214199086818
243533,686.9553796208969
243534,969.1848067034581
243535,244.35151858675536
243536,1862.2130230263292
243537,1593.8035809701012
243538,773.9582305583945
243539,1146.9457907156077
243540,757.2555337346273
243541,569.4314537545185
243542,509.18479198780716
243543,227.2442855239633
243544,366.0190647437292
243545,755.4216425446043
243546,1178.8529927489265
243547,1008.5575088652622
243548,499.70999482343836
243549,747.4065709818894
243550,670.8798616548195
243551,1394.2683539137925
243552,1190.920497460443
243553,591.634726627399
243554,854.0078362242658
243555,91.90267389899451
243556,606.6821165399638
243557,527.8540300458889
243558,240.35238917343167
243559,379.6475932446262
243560,176.1277523493156
243561,1226.5482964158546
243562,1043.6453914447825
243563,521.8738051375751
243564,769.2922269274281
243565,190.72415235293707
243566,1460.0935190145428
243567,1228.3020694118663
243568,612.9542753288213
243569,875.0492305570912
243570,43.643027906014716
243571,413.5955885413323
243572,361.1058506787949
243573,173.38186104714345
243574,266.138110377968
243575,103.48419659751495
243576,892.2161632014968
243577,752.5699778967792
243578,357.1688186587362
243579,535.3053930278597
243580,127.03192432053788
243581,1042.4496832861355
243582,863.5661330427346
243583,426.5562383253953
243584,619.3693461329356
243585,712.7906092484616
243586,13.159140584251602
243587,13.827573784198089
243588,5.40098899763291
243589,7.9559118540601235
243590,275.32825103114743
243591,16.724679839650104
243592,15.606611633053744
243593,-9.320423365543418
243594,29.646176281072446
243595,60.695475575219156
243596,30.206997883685943
243597,33.089488071610994
243598,11.783805538809991
243599,29.262362048626944
243600,117.15365408166491
243601,994.3041599147462
243602,874.8293412919539
243603,413.44061042132455
243604,601.2860331796128
243605,262.5395809749957
243606,1961.8778280912418
243607,1735.820269662376
243608,826.7792847673132
243609,1274.2884548028076
243610,323.1889406077302
243611,2365.650829974305
243612,2029.977590892348
243613,959.1143096634787
243614,1501.626588898604
243615,104.01761062865128
243616,786.2667637696916
243617,649.5443291690051
243618,332.8432475826725
243619,500.77466974953705
243620,216.25359837161395
243621,1577.1066638563586
243622,1338.7822787098416
243623,688.2162384220568
243624,970.445665504618
243625,245.6123773879153
243626,1863.473881827489
243627,1595.064439771261
243628,775.2190893595543
243629,1148.2066495167676
243630,758.5374008194605
243631,571.225956081927
243632,510.1500815485816
243633,227.0640081380313
243634,365.83878735779723
243635,756.0996865610564
243636,1180.647495076335
243637,1009.5227984260365
243638,499.5297174375064
243639,747.2262935959574
243640,659.3370306683902
243641,1396.062856241201
243642,1191.885787021217
243643,591.4544492414669
243644,853.8275588383337
243645,93.57535265306943
243646,609.471253604995
243647,529.813954344286
243648,241.16674652512248
243649,380.46195059631697
243650,177.80043110339057
243651,1229.337433480886
243652,1045.6053157431795
243653,522.6881624892659
243654,770.1065842791189
243655,192.39683110701202
243656,1462.8826560795742
243657,1230.2619937102634
243658,613.768632680512
243659,875.8635879087819
243660,45.31570666008964
243661,416.3847256063635
243662,363.065774977192
243663,174.19621839883425
243664,266.9524677296588
243665,105.15687535158987
243666,895.005300266528
243667,754.5299021951763
243668,357.983176010427
243669,536.1197503795505
243670,128.70460307461286
243671,1045.2388203511669
243672,865.5260573411317
243673,427.3705956770861
243674,620.1837034846263
243675,714.4632880025365
243676,15.948277649282865
243677,15.787498082595212
243678,6.215346349323684
243679,8.7702692057509
243680,278.0091435807722
243681,20.522030700231333
243682,18.574749727000857
243683,-7.497852218302666
243684,31.468747428313197
243685,62.36815432929407
243686,32.9961349487172
243687,35.04941237000812
243688,12.598162890500767
243689,30.076719400317717
243690,118.82633283573979
243691,997.0932969797773
243692,876.7892655903511
243693,415.30804049669274
243694,603.153463254981
243695,265.22047352462056
243696,1965.675178951823
243697,1738.7884077563228
243698,829.6549286382315
243699,1277.164098673726
243700,324.8616193618051
243701,2368.439967039336
243702,2031.937515190745
243703,960.981739738847
243704,1503.4940189739725
243705,105.6902893827262
243706,789.0559008347228
243707,651.5042534674022
243708,334.7106776580407
243709,502.64209982490524
243710,218.93449092123888
243711,1580.9040147169399
243712,1341.7504168037885
243713,691.091882292975
243714,973.3213093755362
243715,247.2850561419902
243716,1866.2630188925204
243717,1597.024364069658
243718,777.0865194349226
243719,1150.074079592136
243720,762.088030922547
243721,566.6505391383424
243722,499.98663206843133
243723,230.9024432093056
243724,346.80439871095547
243725,769.6344449192171
243726,1175.5313214212888
243727,998.8185922344247
243728,522.2705207913664
243729,704.7503073164462
243730,713.7553653301968
243731,1393.6121037415585
243732,1183.8470019850095
243733,619.3726818350432
243734,818.7363676579425
243735,91.83845029920798
243736,605.8150384246727
243737,520.1836124853868
243738,244.793542761186
243739,356.9736891345449
243740,173.22755615692486
243741,1225.0979740241128
243742,1035.3917296078296
243743,544.4187477878886
243744,723.1767251846771
243745,192.7421056321031
243746,1461.3086177782047
243747,1222.7138287303171
243748,640.676647218852
243749,836.3185239134601
243750,44.271809483403715
243751,418.4846269151594
243752,360.7887201934127
243753,177.99920526879058
243754,249.0489345138854
243755,101.27700558229947
243756,896.521957298872
243757,751.6696031349451
243758,379.88995194294256
243759,494.77461953110617
243760,129.74288277687936
243761,1049.4208985389148
243762,865.3311794363043
243763,454.45480084931927
243764,586.2233677353033
243765,716.1812330313406
243766,14.110765744084112
243767,9.573030084821243
243768,-19.136275390096838
243769,14.582133641883589
243770,213.28848724688135
243771,17.90002033650182
243772,11.575783270696139
243773,-25.49673100708741
243774,20.379862647609777
243775,47.76592900290146
243776,32.27744736772563
243777,29.953768696441294
243778,-0.9853850312325598
243779,39.110548850176286
243780,103.0259642249242
243781,979.1447159532655
243782,823.57500882178
243783,424.93750159916755
243784,536.7316836887321
243785,242.5966796868244
243786,1943.959339959352
243787,1652.2180859679486
243788,846.0165540264794
243789,1196.0988608309624
243790,306.8300289642472
243791,2329.158151242774
243792,1935.8542247626556
243793,1000.480632262237
243794,1388.9977540573977
243795,95.24978062061055
243796,781.2734131086171
243797,631.8781544014944
243798,339.5859330446661
243799,462.7550694286307
243800,205.68572463864487
243801,1569.1469422912307
243802,1309.0857036291256
243803,697.4478486428048
243804,913.0690559917543
243805,232.3414307774309
243806,1852.811087384846
243807,1562.6647918130298
243808,811.0377657478756
243809,1065.0937880875022
243810,750.2324772687753
243811,600.4746289541325
243812,525.4788810343715
243813,257.2482347136681
243814,370.45432812236896
243815,702.3968305520854
243816,1225.163069870812
243817,1027.5993346523742
243818,565.4813399323533
243819,755.3470392596456
243820,628.0819473156071
243821,1447.6014856825893
243822,1214.3249171230357
243823,648.4146552095642
243824,878.2419879508511
243825,84.55145062673385
243826,638.6032101336439
243827,545.009330734561
243828,270.5208224850498
243829,380.00510676545946
243830,173.44035144666114
243831,1274.312316147316
243832,1064.1244530895128
243833,587.6295669288755
243834,773.7734571278766
243835,202.86584288445172
243836,1526.8582888717688
243837,1265.1214204109297
243838,669.7186205933731
243839,895.8241442063687
243840,48.22522638501981
243841,439.7376865903521
243842,374.0793264088084
243843,196.9148685415741
243844,265.2687356937199
243845,107.31335148724868
243846,927.8008532254227
243847,776.6526100713098
243848,417.63195714817294
243849,539.9025375385501
243850,141.33166532649844
243851,1094.231828495867
243852,901.1857596316382
243853,474.9586668976232
243854,633.4159365733177
243855,710.1262814652085
243856,9.392364996980865
243857,4.075273858816966
243858,-18.704703171065663
243859,13.974302098911105
243860,75.670721522324
243861,10.282120938748648
243862,9.789536854686157
243863,-17.137279613444946
243864,32.27769054209079
243865,3.9816553935492323
243866,28.571630977445192
243867,20.723495222286505
243868,-4.14970154010523
243869,44.91538158589328
243870,110.10538496070751
243871,1013.3586512563953
243872,844.1107376438727
243873,447.25168311032337
243874,575.700425327795
243875,254.62491963809867
243876,2088.3840153994993
243877,1762.6169632229364
243878,903.8116732867838
243879,1265.893226675435
243880,315.6627946167127
243881,2456.193243007347
243882,2053.725478025817
243883,1055.1617667405867
243884,1466.8743430727056
243885,103.68934724640854
243886,822.620703263236
243887,663.0577972682948
243888,363.39241027936083
243889,490.69282060968453
243890,216.0357489954316
243891,1666.8754027065197
243892,1369.2766771912375
243893,751.6342811187685
243894,972.4968840793767
243895,252.6703867294087
243896,1955.8989733685041
243897,1640.8119965814267
243898,873.2302937625783
243899,1137.9584844576161
243900,759.5997475535258
243901,632.694679171979
243902,545.3429107533216
243903,274.7927735738751
243904,398.35639606034727
243905,717.761256114187
243906,1318.5496625967467
243907,1112.9494583936535
243908,599.1011297345639
243909,810.7042657373289
243910,470.63981957615215
243911,1558.0027508203257
243912,1321.4386576186894
243913,696.0967060585793
243914,924.9969164042311
243915,92.10704637281657
243916,673.956132546986
243917,568.641747905735
243918,289.976258522934
243919,409.81807188111503
243920,182.676327477002
243921,1368.71272146362
243922,1151.3320671053389
243923,621.2493567310861
243924,829.1306836055599
243925,213.8862288509178
243926,1644.1799514906022
243927,1375.890915656483
243928,719.1989359177411
243929,944.3773371351016
243930,59.728796977946594
243931,465.8834921100716
243932,399.60481627586046
243933,207.6650944890584
243934,286.37649071897556
243935,125.10571164971427
243936,977.3996594162618
243937,827.1719235378159
243938,431.3337814936383
243939,575.3417985594887
243940,156.57769636926338
243941,1140.9904715721382
243942,949.505533910775
243943,502.2947766015346
243944,659.8249238815948
243945,704.816500154536
243946,17.996167818294328
243947,11.423374469808785
243948,-17.352941734136113
243949,27.167409022729654
243950,75.23697634301486
243951,13.850759040416555
243952,14.278682232021039
243953,-24.554099212369632
243954,42.50515130774368
243955,-6.274878985422118
243956,31.873228996978472
243957,26.616791201589294
243958,-12.241577630367733
243959,54.46778586020831
243960,128.11460194958497
243961,1067.1204770341315
243962,909.3700181501181
243963,473.93717193001777
243964,616.0040981364397
243965,267.1263504659345
243966,2216.922679049576
243967,1848.6607720549955
243968,964.336654459342
243969,1354.0412154764401
243970,353.5325845256892
243971,2596.172338369468
243972,2167.737716303179
243973,1153.9820068658541
243974,1593.3175908264207
243975,121.67506060229555
243976,873.2481693656259
243977,724.3721564408573
243978,385.8080995624282
243979,526.7266938817025
243980,230.45486429776207
243981,1756.8943264289178
243982,1484.6283740805545
243983,779.6922480842251
243984,1028.1778586732805
243985,271.93771859261193
243986,2077.18415273667
243987,1770.3864373172878
243988,919.063377160477
243989,1211.414575483962
243990,734.5673537948487
243991,711.1490168574534
243992,611.9692286513814
243993,328.5792239922738
243994,457.47247064754407
243995,560.9517940302296
243996,1494.4452670613957
243997,1245.0407855215485
243998,657.6183003991996
243999,876.0385067267475
244000,326.78494704837743
244001,1745.208529025191
244002,1457.0582986463867
244003,780.5785949568501
244004,1024.5935514281152
244005,115.5181467841647
244006,751.534191702505
244007,636.9733531013545
244008,343.9595025679826
244009,469.1309400949617
244010,192.70094557217405
244011,1540.7558160372928
244012,1281.2412065920573
244013,680.2244600771792
244014,894.9228572764358
244015,224.04693755241064
244016,1819.8309588402237
244017,1509.3283690430037
244018,804.1387574974692
244019,1044.4319048404413
244020,80.77840993735691
244021,531.5905410723776
244022,453.83700934070083
244023,231.90058595788028
244024,315.4380466473754
244025,137.81423138988714
244026,1062.4055580603579
244027,898.5019623709495
244028,472.497704458677
244029,623.2988852560491
244030,166.31666577565602
244031,1266.5550684090877
244032,1067.028302780397
244033,585.9499336879695
244034,751.2871264803998
244035,732.4344220885753
244036,20.344227681185927
244037,18.427512773138865
244038,-7.227088946394689
244039,27.851787527633807
244040,-4.651069870768765
244041,21.161608583641208
244042,23.92079271254724
244043,-13.920128496200583
244044,43.687199747387886
244045,-15.5590161636688
244046,42.60550793419919
244047,44.091832777894986
244048,2.523828266487968
244049,60.79515126138858
244050,145.59103669704203
244051,1197.4225875698169
244052,1021.0066750466815
244053,532.7818769972365
244054,689.8162229122386
244055,318.69280038523954
244056,2447.6549950442886
244057,2016.6859833402073
244058,1062.5101017805846
244059,1469.1863041651009
244060,373.54809421785416
244061,2946.853156434336
244062,2458.1511068597006
244063,1277.3934661130404
244064,1711.6648676713876
244065,132.84450140278236
244066,969.3514247776582
244067,798.3866676945476
244068,419.0745697878236
244069,571.8439893368779
244070,276.4034256735792
244071,1921.509385033797
244072,1645.5547234242786
244073,868.2313277943229
244074,1129.5323436208678
244075,293.7096016498092
244076,2283.320308636862
244077,1921.6544185236378
244078,1036.0242824227576
244079,1319.968850135622
244080,765.0859959324749
244081,569.7305273066585
244082,503.89583300338165
244083,235.1586375826458
244084,341.7566014978227
244085,776.1888457077138
244086,1178.377838201258
244087,1002.4943217810288
244088,524.4456357895231
244089,701.0273016039109
244090,721.657006012994
244091,1396.4586205215278
244092,1187.522731531613
244093,621.5477968331999
244094,815.0133619454073
244095,95.40860705485083
244096,607.5292300510555
244097,524.3241874644054
244098,249.2811111785945
244099,358.2566382461285
244100,176.22269052866685
244101,1229.083958941134
244102,1041.8040978774868
244103,549.330501509099
244104,729.2633190961046
244105,196.31226238774588
244106,1465.2946026952259
244107,1229.1261969999744
244108,645.5884009400625
244109,842.4051178248876
244110,47.14896106187112
244111,423.28345776068875
244112,366.4167638055761
244113,183.97424231934394
244114,251.8193522586139
244115,103.57913477686607
244116,903.5925814350403
244117,759.5694400377474
244118,386.28917429729756
244119,502.34868207567814
244120,132.62003435534672
244121,1056.4915226750827
244122,873.2310163391066
244123,460.8540232036743
244124,593.7974302798756
244125,719.0583846098083
244126,18.909596589613347
244127,15.201073696984606
244128,-13.16123833954343
244129,24.857778830342973
244130,203.59814839089742
244131,24.970644472669907
244132,19.475620173498353
244133,-19.09750865273245
244134,30.15135180365199
244135,40.51748202531607
244136,39.34807150389373
244137,37.853605599243565
244138,5.413837323122399
244139,48.88203800621852
244140,111.19152529487054
244141,992.2001882031198
244142,837.4596938382683
244143,441.0652409737304
244144,540.1819044015098
244145,247.34921422879404
244146,1961.9091719973815
244147,1670.9971307726123
244148,862.5684787048439
244149,1208.4178768800346
244150,314.9955900341935
244151,2347.107983280802
244152,1954.6332695673193
244153,1017.0325569406014
244154,1401.31677010647
244155,104.50842961115224
244156,787.1091941597375
244157,638.5431482192489
244158,348.49398122049485
244159,467.3533738062278
244160,211.5313471012099
244161,1579.877083130526
244162,1320.6450572350552
244163,706.7800821224355
244164,922.036361825669
244165,241.6000797679725
244166,1863.5412282241412
244167,1574.2241454189593
244168,820.3699992275062
244169,1074.0610939214166
244170,765.0859959324749
244171,569.7305273066585
244172,503.89583300338165
244173,235.1586375826458
244174,341.7566014978227
244175,776.1888457077138
244176,1176.7091198114265
244177,1000.8256033911972
244178,524.4456357895231
244179,701.0273016039109
244180,729.5780284113872
244181,1394.7899021316962
244182,1185.8540131417815
244183,621.5477968331999
244184,815.0133619454073
244185,95.40860705485083
244186,607.5292300510555
244187,524.3241874644054
244188,249.2811111785945
244189,358.2566382461285
244190,176.22269052866685
244191,1227.4152405513023
244192,1040.1353794876552
244193,549.330501509099
244194,729.2633190961046
244195,196.31226238774588
244196,1463.6258843053943
244197,1227.4574786101427
244198,645.5884009400625
244199,842.4051178248876
244200,47.14896106187112
244201,423.28345776068875
244202,366.4167638055761
244203,183.97424231934394
244204,251.8193522586139
244205,103.57913477686607
244206,901.9238630452087
244207,757.9007216479158
244208,386.28917429729756
244209,502.34868207567814
244210,132.62003435534672
244211,1054.822804285251
244212,871.562297949275
244213,460.8540232036743
244214,593.7974302798756
244215,719.0583846098083
244216,18.909596589613347
244217,15.201073696984606
244218,-13.16123833954343
244219,24.857778830342973
244220,203.59814839089742
244221,23.30192608283833
244222,17.806901783666778
244223,-19.09750865273245
244224,30.15135180365199
244225,40.51748202531607
244226,37.679353114062145
244227,36.18488720941198
244228,5.413837323122399
244229,48.88203800621852
244230,111.19152529487054
244231,992.2001882031198
244232,837.4596938382683
244233,441.0652409737304
244234,540.1819044015098
244235,247.34921422879404
244236,1957.6178871100135
244237,1666.7058458852443
244238,862.5684787048439
244239,1208.4178768800346
244240,314.9955900341935
244241,2342.816698393434
244242,1950.3419846799513
244243,1017.0325569406014
244244,1401.31677010647
244245,104.50842961115224
244246,787.1091941597375
244247,638.5431482192489
244248,348.49398122049485
244249,467.3533738062278
244250,211.5313471012099
244251,1575.585798243158
244252,1316.3537723476873
244253,706.7800821224355
244254,922.036361825669
244255,241.6000797679725
244256,1859.2499433367732
244257,1569.9328605315914
244258,820.3699992275062
244259,1074.0610939214166
244260,767.58235580177
244261,574.2254455485661
244262,507.56153847865505
244263,238.47734961952904
244264,345.075313534706
244265,775.1287697984401
244266,1183.106227831512
244267,1006.3934986446482
244268,529.84542720159
244269,703.0212221401969
244270,719.2496902094198
244271,1401.1870101517816
244272,1191.4219083952325
244273,626.9475882452668
244274,817.0072824816932
244275,97.30114385576488
244276,607.5000875849078
244277,523.4658322316236
244278,248.07576250742252
244279,354.67372642259977
244280,178.69024971348168
244281,1226.7830231843473
244282,1038.6739493540658
244283,547.7009675341254
244284,720.8767624727323
244285,198.2047991886599
244286,1462.9936669384392
244287,1225.9960484765534
244288,643.9588669650889
244289,834.0185612015152
244290,49.04149786278516
244291,423.25431529454096
244292,365.55840857279424
244293,182.76889364817197
244294,248.23644043508511
244295,106.04669396168093
244296,901.2916456782536
244297,756.4392915143267
244298,384.6596403223241
244299,493.96212545230594
244300,134.51257115626075
244301,1054.190586918296
244302,870.1008678156859
244303,459.2244892287008
244304,585.4108736565032
244305,720.9509214107222
244306,18.880454123465555
244307,14.342718464202687
244308,-14.3665870107154
244309,21.274867006814194
244310,208.90371171978805
244311,22.669708715883267
244312,16.345471650077585
244313,-20.727042627705963
244314,27.072596012540373
244315,42.410018826230115
244316,37.04713574710707
244317,34.72345707582278
244318,3.784303348148883
244319,45.80328221510688
244320,113.08406209578456
244321,992.171045736972
244322,836.6013386054865
244323,440.9129650262359
244324,537.6520653016585
244325,252.65477755768472
244326,1956.9856697430585
244327,1665.244415751655
244328,861.9920174535478
244329,1197.0192424438885
244330,316.88812683510764
244331,2342.1844810264797
244332,1948.880554546362
244333,1016.4560956893054
244334,1389.9181356703239
244335,106.40096641206627
244336,790.6704296285733
244337,641.2751709214506
244338,351.93208320798396
244339,464.8235347063765
244340,216.83691043010052
244341,1578.5439588111867
244342,1318.4827201490816
244343,709.7939988061229
244344,915.1375212695002
244345,243.49261656888655
244346,1862.2081039048019
244347,1572.0618083329857
244348,823.3839159111936
244349,1067.1622533652478
244350,767.58235580177
244351,574.2254455485661
244352,507.56153847865505
244353,238.47734961952904
244354,345.075313534706
244355,775.1287697984401
244356,1183.106227831512
244357,1006.3934986446482
244358,529.84542720159
244359,700.966239045858
244360,719.2496902094198
244361,1401.1870101517816
244362,1191.4219083952325
244363,626.9475882452668
244364,814.9522993873543
244365,97.30114385576488
244366,607.5000875849078
244367,523.4658322316236
244368,248.07576250742252
244369,354.67372642259977
244370,178.69024971348168
244371,1226.7830231843473
244372,1038.6739493540658
244373,547.7009675341254
244374,718.8217793783933
244375,198.2047991886599
244376,1462.9936669384392
244377,1225.9960484765534
244378,643.9588669650889
244379,831.9635781071763
244380,49.04149786278516
244381,423.25431529454096
244382,365.55840857279424
244383,182.76889364817197
244384,248.23644043508511
244385,106.04669396168093
244386,901.2916456782536
244387,756.4392915143267
244388,384.6596403223241
244389,491.90714235796696
244390,134.51257115626075
244391,1054.190586918296
244392,870.1008678156859
244393,459.2244892287008
244394,583.3558905621643
244395,720.9509214107222
244396,18.880454123465555
244397,14.342718464202687
244398,-14.3665870107154
244399,21.274867006814194
244400,199.90912427975738
244401,22.669708715883267
244402,16.345471650077585
244403,-20.727042627705963
244404,25.017612918201387
244405,42.410018826230115
244406,37.04713574710707
244407,34.72345707582278
244408,3.784303348148883
244409,43.748299120767896
244410,113.08406209578456
244411,992.171045736972
244412,836.6013386054865
244413,440.9129650262359
244414,537.6520653016585
244415,252.65477755768472
244416,1956.9856697430585
244417,1665.244415751655
244418,861.9920174535478
244419,1194.9642593495496
244420,316.88812683510764
244421,2342.1844810264797
244422,1948.880554546362
244423,1016.4560956893054
244424,1387.863152575985
244425,106.40096641206627
244426,790.6704296285733
244427,641.2751709214506
244428,351.93208320798396
244429,464.8235347063765
244430,216.83691043010052
244431,1578.5439588111867
244432,1318.4827201490816
244433,709.7939988061229
244434,913.0825381751613
244435,243.49261656888655
244436,1862.2081039048019
244437,1572.0618083329857
244438,823.3839159111936
244439,1065.1072702709089
244440,753.9959157035764
244441,606.3186489199344
244442,531.3229010001734
244443,263.8342843019683
244444,364.57545776460574
244445,706.1602689868864
244446,1231.007089836613
244447,1033.4433546181751
244448,572.0673895206537
244449,747.4131858075436
244450,631.8453857504081
244451,1453.4455056483903
244452,1220.1689370888366
244453,655.0007047978646
244454,870.3081344987492
244455,88.28325773886881
244456,638.5573728494571
244457,546.560664036376
244458,272.8141854093631
244459,373.55535887200057
244460,177.17215855879604
244461,1274.2664788631284
244462,1065.675786391327
244463,589.9229298531891
244464,765.268726140079
244465,206.59764999658663
244466,1526.812451587581
244467,1266.6727537127438
244468,672.0119835176866
244469,887.3194132185712
244470,51.264028319979346
244471,442.77648852531166
244472,377.118128343768
244473,200.69570009903217
244474,260.3064564334059
244475,110.35215342220822
244476,930.8396551603824
244477,779.6914120062696
244478,421.41278870563116
244479,532.8852751838973
244480,144.37046726145792
244481,1097.270630430826
244482,904.224561566598
244483,478.7394984550814
244484,626.398674218665
244485,716.1122557170003
244486,12.431166931940393
244487,7.114075793776491
244488,-14.923871613607528
244489,16.517250282327964
244490,92.83723853268715
244491,13.320922873708172
244492,12.828338789645677
244493,-13.356448055986823
244494,32.765655631168656
244495,26.675613775772135
244496,31.610432912404764
244497,23.762297157246035
244498,-0.36886998264710397
244499,45.40334667497115
244500,120.33752511200397
244501,1026.5590233205376
244502,857.3111097080155
244503,464.1432184403265
244504,574.3759504840657
244505,264.8570597893952
244506,2101.5843874636416
244507,1775.8173352870788
244508,924.8048518724794
244509,1262.5137687373665
244510,325.89493476800925
244511,2469.3936150714894
244512,2066.9258500899596
244513,1072.0533020705898
244514,1463.4948851346371
244515,115.84770525208823
244516,833.0248919974163
244517,673.4619860024751
244518,377.4877622794013
244519,491.3495593645625
244520,228.19410700111118
244521,1677.2795914406995
244522,1379.6808659254173
244523,769.8312763745015
244524,971.0986397399158
244525,264.8287447350884
244526,1966.303162102684
244527,1651.2161853156065
244528,887.3256457626189
244529,1136.560240118155
244530,759.7915110883553
244531,634.9670242378091
244532,547.6152558191517
244533,277.26269807727266
244534,387.30333751838145
244535,717.9530196490163
244536,1320.8220076625764
244537,1115.2218034594832
244538,601.5710542379613
244539,793.7833056051617
244540,470.8315831109816
244541,1560.2750958861554
244542,1323.7110026845191
244543,698.5666305619768
244544,908.0759562720639
244545,92.26717858498003
244546,670.3386203628276
244547,566.6214063075782
244548,288.15349636234475
244549,398.19413580345355
244550,182.83645968916542
244551,1365.0952092794612
244552,1149.3117255071818
244553,619.4265945704967
244554,811.638845937697
244555,214.04636106308124
244556,1640.5624393064434
244557,1373.870574058326
244558,717.3761737571517
244559,926.8854994672388
244560,59.19592401293468
244561,465.35061914505974
244562,399.0719433108486
244563,207.3298009616138
244564,276.24002327445896
244565,124.57283868470228
244566,976.8667864512498
244567,826.639050572804
244568,430.9984879661939
244569,559.3374295247706
244570,156.0448234042514
244571,1140.457598607126
244572,948.972660945763
244573,501.95948307409026
244574,643.8205548468768
244575,707.230799506356
244576,17.463294853282395
244577,10.890501504796829
244578,-17.688235261580658
244579,24.536169021943852
244580,100.04300268195679
244581,13.317886075404596
244582,13.745809267009083
244583,-24.889392739814163
244584,39.80128783950154
244585,12.847404496829327
244586,31.340356031966525
244587,26.083918236577336
244588,-12.576871157812265
244589,51.76392239196617
244590,131.71823280916848
244591,1073.692339806561
244592,915.9418809225477
244593,483.65574778337674
244594,606.448600716766
244595,270.72998132551817
244596,2223.4945418220054
244597,1855.232634827425
244598,978.1568735683932
244599,1336.781574483304
244600,357.13621538527286
244601,2602.7442011418975
244602,2174.3095790756083
244603,1163.7005827192133
244604,1576.0579498332845
244605,127.20490931626215
244606,877.023848808093
244607,728.1478358833244
244608,392.7304920858246
244609,519.1524100606363
244610,235.98471301172873
244611,1760.6700058713848
244612,1488.4040535230215
244613,790.7162838633137
244614,1012.8994312787524
244615,277.4675673065787
244616,2080.959832179137
244617,1774.1621167597548
244618,925.9857696838733
244619,1196.1361480894332
244620,727.1080572916431
244621,710.4572403776343
244622,611.2774521715625
244623,331.2626436690489
244624,440.48861175811334
244625,553.4924975270239
244626,1493.7534905815764
244627,1244.3490090417292
244628,660.3017200759745
244629,853.1867462471154
244630,318.5778362356389
244631,1743.7689382358387
244632,1455.6187078570345
244633,782.514200324092
244634,1000.9939766389496
244635,115.19026850578814
244636,746.9985366258742
244637,634.0348686107254
244638,344.3962142339475
244639,453.62218232301194
244640,192.3730672937975
244641,1536.2201609606616
244642,1278.302722101428
244643,680.6611717431439
244644,873.5461979142848
244645,222.97124496450104
244646,1814.5474894540596
244647,1505.6420702428413
244648,803.827654853901
244649,1022.3074311687585
244650,79.75752648180502
244651,530.1395252148933
244652,452.38599348321657
244653,233.82476625698988
244654,301.4167575085705
244655,136.79334793433517
244656,1060.9545422028734
244657,897.0509465134652
244658,474.42188475778676
244659,603.4096945270428
244660,164.547968010571
244661,1264.3562382420703
244662,1064.8294726133797
244663,587.126299677546
244664,730.6501214418605
244665,729.6217842136582
244666,18.893211823701563
244667,16.97649691565452
244668,-5.302908647285063
244669,21.33572583255972
244670,16.69620325584153
244671,19.71059272615686
244672,22.469776855062896
244673,-11.99594819709098
244674,37.09851458485747
244675,4.1368602061456405
244676,41.15449207671486
244677,42.640816920410664
244678,4.4480085655975845
244679,54.20646609885817
244680,149.53967319883265
244681,1193.6831206827535
244682,1017.2672081596179
244683,544.4168569888726
244684,676.0328341099998
244685,322.64143688703035
244686,2443.9155281572253
244687,2012.946516453144
244688,1078.2467250279135
244689,1447.6987717893996
244690,377.4967307196449
244691,2943.1136895472728
244692,2454.411639972637
244693,1289.028446104677
244694,1690.1773352956864
244695,138.51612564405568
244696,972.4123493894149
244697,801.4475923063043
244698,428.45982419953623
244699,560.5882718832853
244700,282.07504991485257
244701,1924.5703096455536
244702,1648.6156480360353
244703,881.7182254617277
244704,1110.5724825938128
244705,299.3812258910826
244706,2286.3812332486186
244707,1924.7153431353945
244708,1045.4095368344704
244709,1301.008989108567
244710,758.4908596630675
244711,569.3082526596743
244712,503.4735583563973
244713,238.1115590922554
244714,337.50716438728995
244715,766.6410967281187
244716,1178.1890349426199
244717,1002.30551852239
244718,529.4796366743162
244719,689.5851714025795
244720,713.865315447376
244721,1395.073262966679
244722,1186.1373739767644
244723,625.3852434217827
244724,802.3746774478653
244725,95.97652033293852
244726,604.6288733491926
244727,521.4238307625426
244728,249.7559506333256
244729,349.1515559283603
244730,177.36562619065526
244731,1223.911808948632
244732,1036.6319478849848
244733,549.3811556600283
244734,709.4866903882915
244735,195.68362136962298
244736,1458.9258984065134
244737,1222.7574927112619
244738,644.4425007947814
244739,821.4319348208641
244740,47.71687433995878
244741,420.3831010588258
244742,363.51640710371316
244743,184.44908177407495
244744,242.7142699408456
244745,104.72207043885456
244746,898.4204314425385
244747,754.3972900452457
244748,386.3398284482271
244749,482.5720533678652
244750,131.99139333722383
244751,1050.1228183863702
244752,866.8623120503944
244753,459.7081230583933
244754,572.824247275852
244755,720.7961252057912
244756,16.009239887750407
244757,12.300716995121666
244758,-12.686398884812416
244759,15.752696512574762
244760,275.10888057231006
244761,19.798494480168134
244762,14.303470180996559
244763,-19.046854501802983
244764,21.477802050844595
244765,64.7637368660306
244766,34.17592151139193
244767,32.68145560674175
244768,5.464491474051876
244769,40.20848825341113
244770,112.1858365290427
244771,989.2998315012569
244772,834.5593371364055
244773,441.54008042846147
244774,531.0768220837415
244775,251.75655199094274
244776,1954.114455507343
244777,1663.202414282574
244778,866.7207761114656
244779,1182.7398556525088
244780,315.9899012683657
244781,2339.3132667907644
244782,1946.838553077281
244783,1017.0832110915311
244784,1375.6387488789442
244785,105.5027408453244
244786,787.7992153928582
244787,639.2331694523696
244788,352.55919861020953
244789,458.24829148845964
244790,215.93868486335853
244791,1575.6727445754714
244792,1316.4407186800006
244793,714.5227574640408
244794,900.8581344781209
244795,242.59439100214482
244796,1859.3368896690865
244797,1570.0198068639047
244798,824.011031313419
244799,1052.8828665738681
244800,758.4908596630675
244801,569.3082526596743
244802,503.4735583563973
244803,238.1115590922554
244804,337.50716438728995
244805,766.6410967281187
244806,1178.1890349426199
244807,1002.30551852239
244808,529.4796366743162
244809,689.5851714025795
244810,721.2125799737638
244811,1394.4995050946736
244812,1185.563616104759
244813,624.8114855497772
244814,801.8009195758599
244815,95.97652033293852
244816,604.6288733491926
244817,521.4238307625426
244818,249.7559506333256
244819,349.1515559283603
244820,177.36562619065526
244821,1223.911808948632
244822,1036.6319478849848
244823,549.3811556600283
244824,709.4866903882915
244825,195.10986349761754
244826,1458.352140534508
244827,1222.1837348392564
244828,643.8687429227759
244829,820.8581769488586
244830,47.71687433995878
244831,420.3831010588258
244832,363.51640710371316
244833,184.44908177407495
244834,242.7142699408456
244835,104.72207043885456
244836,898.4204314425385
244837,754.3972900452457
244838,386.3398284482271
244839,482.5720533678652
244840,131.41763546521838
244841,1049.5490605143648
244842,866.288554178389
244843,459.1343651863878
244844,572.2504894038466
244845,720.7961252057912
244846,16.009239887750407
244847,12.300716995121666
244848,-12.686398884812416
244849,15.752696512574762
244850,275.10888057231006
244851,19.798494480168134
244852,14.303470180996559
244853,-19.046854501802983
244854,21.477802050844595
244855,64.7637368660306
244856,34.17592151139193
244857,32.68145560674175
244858,5.464491474051876
244859,40.20848825341113
244860,112.1858365290427
244861,989.2998315012569
244862,834.5593371364055
244863,441.54008042846147
244864,531.0768220837415
244865,251.75655199094274
244866,1954.114455507343
244867,1663.202414282574
244868,866.7207761114656
244869,1182.7398556525088
244870,315.9899012683657
244871,2339.3132667907644
244872,1946.838553077281
244873,1017.0832110915311
244874,1375.6387488789442
244875,105.5027408453244
244876,787.7992153928582
244877,639.2331694523696
244878,352.55919861020953
244879,458.24829148845964
244880,215.93868486335853
244881,1575.6727445754714
244882,1316.4407186800006
244883,714.5227574640408
244884,900.8581344781209
244885,242.59439100214482
244886,1859.3368896690865
244887,1570.0198068639047
244888,824.011031313419
244889,1052.8828665738681
244890,757.2533144404813
244891,568.5833426796632
244892,501.9194356097521
244893,236.21044290722023
244894,335.6060482022547
244895,764.7997284371514
244896,1177.464124962609
244897,1000.7513957757449
244898,527.5785204892811
244899,687.6840552175444
244900,707.0975880494431
244901,1393.7218464841908
244902,1183.9567447276418
244903,622.85762073427
244904,799.8470547603526
244905,94.13515204197135
244906,603.9039633691817
244907,519.8697080158976
244908,247.85483444829043
244909,347.2504397433251
244910,175.52425789968797
244911,1223.186898968621
244912,1035.0778251383397
244913,547.4800394749932
244914,707.5855742032564
244915,193.21574657617808
244916,1457.5744819240251
244917,1220.5768634621393
244918,641.9148781072687
244919,818.9043121333514
244920,45.87550604899147
244921,419.6581910788147
244922,361.962284357068
244923,182.5479655890398
244924,240.81315375581045
244925,102.8807021478873
244926,897.6955214625276
244927,752.8431672986006
244928,384.43871226319186
244929,480.67093718282996
244930,129.52351854377892
244931,1048.771401903882
244932,864.6816828012718
244933,457.1805003708805
244934,570.2966245883393
244935,721.7823215223774
244936,16.77605267723649
244937,12.238317017973628
244938,-13.09579230035051
244939,15.343303097036678
244940,269.54211270882524
244941,20.56530726965421
244942,14.241070203848524
244943,-19.45624791734108
244944,21.068408635306508
244945,65.69718455214459
244946,34.88998567040589
244947,32.56630699912156
244948,5.002349428041665
244949,39.74634620740091
244950,110.86228682000984
244951,989.0927401031804
244952,833.5230329716949
244953,441.209855549038
244954,530.7465972043183
244955,250.43300228190967
244956,1953.9073641092666
244957,1662.1661101178631
244958,866.3905512320424
244959,1182.4096307730856
244960,314.6136029288606
244961,2339.053426762216
244962,1945.749500282098
244963,1016.7002375816356
244964,1375.255775369049
244965,104.17919113629151
244966,787.5921239947817
244967,638.196865287659
244968,352.2289737307861
244969,457.9180666090362
244970,214.61513515432557
244971,1575.4656531773949
244972,1315.4044145152898
244973,714.1925325846175
244974,900.5279095986976
244975,241.2180926626396
244976,1859.077049640538
244977,1568.9307540687219
244978,823.6280578035237
244979,1052.4998930639729
244980,757.2533144404813
244981,568.5833426796632
244982,501.9194356097521
244983,236.21044290722023
244984,335.6060482022547
244985,764.7997284371514
244986,1177.464124962609
244987,1000.7513957757449
244988,527.5785204892811
244989,687.6840552175444
244990,707.0975880494431
244991,1393.7218464841908
244992,1183.9567447276418
244993,622.85762073427
244994,799.8470547603526
244995,94.13515204197135
244996,603.9039633691817
244997,519.8697080158976
244998,247.85483444829043
244999,347.2504397433251
245000,175.52425789968797
245001,1223.186898968621
245002,1035.0778251383397
245003,547.4800394749932
245004,707.5855742032564
245005,193.21574657617808
245006,1457.5744819240251
245007,1220.5768634621393
245008,641.9148781072687
245009,818.9043121333514
245010,45.87550604899147
245011,419.6581910788147
245012,361.962284357068
245013,182.5479655890398
245014,240.81315375581045
245015,102.8807021478873
245016,897.6955214625276
245017,752.8431672986006
245018,384.43871226319186
245019,480.67093718282996
245020,129.52351854377892
245021,1048.771401903882
245022,864.6816828012718
245023,457.1805003708805
245024,570.2966245883393
245025,721.7823215223774
245026,16.77605267723649
245027,12.238317017973628
245028,-13.09579230035051
245029,15.343303097036678
245030,260.5475252687946
245031,20.56530726965421
245032,14.241070203848524
245033,-19.45624791734108
245034,21.068408635306508
245035,65.69718455214459
245036,34.88998567040589
245037,32.56630699912156
245038,5.002349428041665
245039,39.74634620740091
245040,110.86228682000984
245041,989.0927401031804
245042,833.5230329716949
245043,441.209855549038
245044,530.7465972043183
245045,250.43300228190967
245046,1953.9073641092666
245047,1662.1661101178631
245048,866.3905512320424
245049,1182.4096307730856
245050,314.6136029288606
245051,2339.053426762216
245052,1945.749500282098
245053,1016.7002375816356
245054,1375.255775369049
245055,104.17919113629151
245056,787.5921239947817
245057,638.196865287659
245058,352.2289737307861
245059,457.9180666090362
245060,214.61513515432557
245061,1575.4656531773949
245062,1315.4044145152898
245063,714.1925325846175
245064,900.5279095986976
245065,241.2180926626396
245066,1859.077049640538
245067,1568.9307540687219
245068,823.6280578035237
245069,1052.4998930639729
245070,746.6023972816387
245071,599.0132514793808
245072,526.3685077783532
245073,260.8299978488946
245074,354.3688126913896
245075,698.7667505649487
245076,1223.7016923960596
245077,1028.488961396355
245078,569.06310306758
245079,733.3936222384652
245080,622.6288065297822
245081,1444.317047409149
245082,1213.3914830683286
245083,650.1733575461029
245084,854.4655101309827
245085,84.52716431973036
245086,633.2979540620802
245087,543.6522494677325
245088,271.85587760946606
245089,365.3946924519611
245090,173.4160651396575
245091,1269.0070600757517
245092,1062.7673718226836
245093,588.964622053292
245094,753.2951412241773
245095,201.01849577875998
245096,1517.5533748597932
245097,1259.7646812036892
245098,669.2306149191016
245099,873.5227675039814
245100,47.50793490084086
245101,437.51706973793466
245102,374.20971377512444
245103,199.73739229913517
245104,252.14579001336648
245105,106.59606000306978
245106,925.5802363730055
245107,776.7829974376261
245108,420.4544809057341
245109,520.9116902679956
245110,138.79131304363128
245111,1090.1881508447614
245112,899.4930861992665
245113,475.95812985649627
245114,612.6020285040752
245115,714.7183509458778
245116,9.975439953459624
245117,7.009353034029166
245118,-13.078487604608386
245119,11.160275671184673
245120,98.78557927117157
245121,10.8651958952274
245122,12.723616029898352
245123,-11.511064046987688
245124,29.391040646907985
245125,31.029490488477414
245126,29.1019573034518
245127,23.60482576702659
245128,1.4237653958799152
245129,41.975983060238384
245130,118.83761727028336
245131,1023.1293921544941
245132,856.2324827607056
245133,465.0146982617628
245134,568.0450716853599
245135,263.35715194767437
245136,2098.1547562975984
245137,1774.7387083397687
245138,925.676331693916
245139,1250.5337294595367
245140,324.3422782958164
245141,2465.911235274974
245142,2065.7944745121777
245143,1072.8720332615542
245144,1439.4293405954638
245145,114.3477974103677
245146,829.5952608313729
245147,672.3833590551652
245148,378.3592421008376
245149,485.01868056585636
245150,226.69419915939056
245151,1673.849960274656
245152,1378.6022389781072
245153,770.702756195938
245154,959.1186004620865
245155,263.27608826289554
245156,1962.8207823061684
245157,1650.0848097378243
245158,888.1443769535834
245159,1112.4946955789817
245160,753.0018997146341
245161,627.0831668078725
245162,542.0824026079486
245163,277.40883169166
245164,375.5785919449623
245165,711.1634082752951
245166,1312.93815023264
245167,1109.6889502482802
245168,601.7171878523486
245169,778.8104588955836
245170,462.2189109385725
245171,1550.5681776575311
245172,1316.3550886746282
245173,696.889703377676
245174,891.2800487637977
245175,89.11499221405813
245176,664.5007415860676
245177,563.1345317495518
245178,290.3456086299087
245179,388.515368883211
245180,179.68427331824338
245181,1359.2573305027015
245182,1145.8248509491555
245183,621.6187068380607
245184,798.7119778812956
245185,209.07111389347108
245186,1630.7249025892725
245187,1366.3840415598884
245188,717.7452252260276
245189,912.1355706121493
245190,56.043737642012736
245191,459.5127403682998
245192,395.5850687528221
245193,209.52191322917778
245194,266.5612563542164
245195,121.42065231378038
245196,971.0289076744899
245197,823.1521760147775
245198,433.1906002337579
245199,546.4105614683692
245200,151.06957623464123
245201,1132.7966590316785
245202,943.6627255890485
245203,502.32853454296594
245204,629.0706259917873
245205,706.4408017834501
245206,14.429107885418635
245207,10.207318755666519
245208,-12.69243118512052
245209,17.66109391059749
245210,95.38406624010749
245211,10.283699107540846
245212,13.06262651787879
245213,-19.893588663354038
245214,35.255084312008776
245215,17.80518825775112
245216,28.253420433630634
245217,25.34798685697492
245218,-7.633815711824248
245219,47.164970234001295
245220,130.82223201566438
245221,1069.6842486511346
245222,914.2847939858549
245223,487.6776476722741
245224,598.5996214178573
245225,269.8339805320139
245226,2219.4864506665795
245227,1853.575547890732
245228,982.178773457291
245229,1323.059578006439
245230,356.18746596129654
245231,2598.6833613559993
245232,2172.5997435084437
245233,1167.6697339776388
245234,1550.250448095076
245235,126.30890852275803
245236,873.0157576526667
245237,726.4907489466316
245238,396.75239197472195
245239,511.3034307617263
245240,235.08871221822452
245241,1756.6619147159583
245242,1486.7469665863284
245243,794.7381837522113
245244,999.1774348018879
245245,276.5188178826024
245246,2076.8989923932386
245247,1772.4522811925897
245248,929.9549209422988
245249,1170.3286463512247
245250,722.8109363101923
245251,705.3341164315849
245252,608.5053324442464
245253,330.9918940482966
245254,426.73990870614244
245255,549.1953765455731
245256,1488.630366635527
245257,1241.5768893144132
245258,660.0309704552224
245259,836.1899420589856
245260,313.20546876503295
245261,1737.5705678006343
245262,1451.7713416405634
245263,781.1682042141849
245264,982.9219259616648
245265,112.32270456364398
245266,741.8754126798246
245267,631.2627488834094
245268,344.1254646131952
245269,439.87347927104105
245270,189.50550335165337
245271,1531.0970370146122
245272,1275.5306023741118
245273,680.3904221223918
245274,856.549393726155
245275,219.02843453320185
245276,1806.1725218771319
245277,1499.618106884647
245278,802.4816587439939
245279,1004.2353804914737
245280,76.88996253966097
245281,525.0164012688438
245282,449.6138737559004
245283,233.55401663623763
245284,287.66805445659963
245285,133.92578399219107
245286,1055.831418256824
245287,894.2788267861491
245288,474.1511351370345
245289,586.412890338913
245290,160.6051575792718
245291,1258.1578678068659
245292,1060.9821063969086
245293,585.7803035676388
245294,712.5780707645757
245295,730.8937539184668
245296,16.573779686548125
245297,17.008068997234545
245298,-2.7699664591411497
245299,10.39071458948501
245300,5.4404842853409425
245301,17.391160589003427
245302,22.501348936642913
245303,-9.463006008947065
245304,28.482374925636332
245305,5.356081280481845
245306,38.78231130908931
245307,42.61964037151856
245308,6.9282021232693785
245309,45.537577809164944
245310,148.5018968780219
245311,1190.3897843580373
245312,1016.3248760536353
245313,545.9758949894541
245314,664.1139186793628
245315,321.60366056621945
245316,2440.6221918325095
245317,2012.0041843471613
245318,1079.8057630284948
245319,1421.282332009811
245320,376.406205768362
245321,2939.767604592085
245322,2453.416559236183
245323,1290.5347354747862
245324,1660.2998974257496
245325,137.47834932324494
245326,969.119013064699
245327,800.5052602003218
245328,430.0188622001173
245329,548.6693564526482
245330,281.0372735940417
245331,1921.2769733208374
245332,1647.6733159300525
245333,883.2772634623092
245334,1084.156042814224
245335,298.29070093979965
245336,2283.0351482934307
245337,1923.7202623989397
245338,1046.9158262045796
245339,1271.1315512386302
245340,758.8435198953124
245341,565.0620953809173
245342,501.5784052963738
245343,235.53334626688303
245344,330.45106888584127
245345,765.2826911155081
245346,1173.942877663863
245347,1000.4103654623665
245348,528.8319585028655
245349,682.5290759011311
245350,713.5914691771434
245351,1390.2005991854448
245352,1183.6157144142635
245353,624.1110587478544
245354,794.6920754439394
245355,92.80355602048773
245356,600.3827160704358
245357,519.5286777025192
245358,247.17773780795324
245359,342.09546042691164
245360,174.19266187820435
245361,1219.6656516698752
245362,1034.7367948249614
245363,548.7334774885776
245364,702.4305948868432
245365,191.88415055469446
245366,1454.0532346252792
245367,1220.235833148761
245368,643.1683161208531
245369,813.7493328169381
245370,44.54391002750785
245371,416.1369437800688
245372,361.62125404368965
245373,181.8708689487026
245374,235.65817443939702
245375,101.54910612640369
245376,894.1742741637817
245377,752.5021369852223
245378,385.6921502767762
245379,475.5159578664165
245380,128.1919225222953
245381,1045.250154605136
245382,864.3406524878934
245383,458.43393838446485
245384,565.1416452719261
245385,721.762694540293
245386,14.566774417889627
245387,13.209255743994342
245388,-12.460919901288642
245389,11.500292820022315
245390,263.5477612315024
245391,18.35602901030735
245392,15.212008929869235
245393,-16.89084086435767
245394,17.22539835829214
245395,65.67755757006
245396,32.68070741105904
245397,33.537245725142284
245398,7.567756481025072
245399,35.903335930386554
245400,110.84265983792525
245401,986.8834618438336
245402,834.4939716977157
245403,440.7916552244224
245404,525.8505142036267
245405,250.41337529982508
245406,1951.6980858499196
245407,1663.1370488438838
245408,867.9028855613485
245409,1168.889040601398
245410,314.59397594677597
245411,2336.844148502869
245412,1946.7204390081188
245413,1018.2125719109414
245414,1358.3269357374852
245415,104.15956415420692
245416,785.3828457354349
245417,639.1678040136798
245418,351.8107734061705
245419,453.0219836083443
245420,214.59550817224098
245421,1573.2563749180479
245422,1316.3753532413104
245423,715.7048669139236
245424,887.0073194270107
245425,241.19846568055502
245426,1856.867771381191
245427,1569.9016927947425
245428,825.1403921328298
245429,1035.5710534324091
245430,758.8435198953124
245431,565.0620953809173
245432,501.5784052963738
245433,235.53334626688303
245434,330.45106888584127
245435,765.2826911155081
245436,1173.942877663863
245437,1000.4103654623665
245438,528.8319585028655
245439,682.5290759011311
245440,721.5124915755366
245441,1390.2005991854448
245442,1183.6157144142635
245443,624.1110587478544
245444,794.6920754439394
245445,92.80355602048773
245446,600.3827160704358
245447,519.5286777025192
245448,247.17773780795324
245449,342.09546042691164
245450,174.19266187820435
245451,1219.6656516698752
245452,1034.7367948249614
245453,548.7334774885776
245454,702.4305948868432
245455,191.88415055469446
245456,1454.0532346252792
245457,1220.235833148761
245458,643.1683161208531
245459,813.7493328169381
245460,44.54391002750785
245461,416.1369437800688
245462,361.62125404368965
245463,181.8708689487026
245464,235.65817443939702
245465,101.54910612640369
245466,894.1742741637817
245467,752.5021369852223
245468,385.6921502767762
245469,475.5159578664165
245470,128.1919225222953
245471,1045.250154605136
245472,864.3406524878934
245473,458.43393838446485
245474,565.1416452719261
245475,721.762694540293
245476,14.566774417889627
245477,13.209255743994342
245478,-12.460919901288642
245479,11.500292820022315
245480,263.5477612315024
245481,18.35602901030735
245482,15.212008929869235
245483,-16.89084086435767
245484,17.22539835829214
245485,65.67755757006
245486,32.68070741105904
245487,33.537245725142284
245488,7.567756481025072
245489,35.903335930386554
245490,110.84265983792525
245491,986.8834618438336
245492,834.4939716977157
245493,440.7916552244224
245494,525.8505142036267
245495,250.41337529982508
245496,1951.6980858499196
245497,1663.1370488438838
245498,867.9028855613485
245499,1168.889040601398
245500,314.59397594677597
245501,2336.844148502869
245502,1946.7204390081188
245503,1018.2125719109414
245504,1358.3269357374852
245505,104.15956415420692
245506,785.3828457354349
245507,639.1678040136798
245508,351.8107734061705
245509,453.0219836083443
245510,214.59550817224098
245511,1573.2563749180479
245512,1316.3753532413104
245513,715.7048669139236
245514,887.0073194270107
245515,241.19846568055502
245516,1856.867771381191
245517,1569.9016927947425
245518,825.1403921328298
245519,1035.5710534324091
245520,759.4468077573337
245521,566.1780184855138
245522,501.8651156343362
245523,235.4730631664554
245524,330.39078578541364
245525,772.2400376061279
245526,1175.0588007684598
245527,1000.6970758003289
245528,528.7716754024378
245529,682.4687928007035
245530,709.2910813662954
245531,1391.3165222900416
245532,1183.902424752226
245533,624.0507756474267
245534,794.6317923435117
245535,92.80302081412795
245536,601.4986391750323
245537,519.8153880404816
245538,247.1174547075256
245539,342.035177326484
245540,174.19212667184453
245541,1220.781574774472
245542,1035.0235051629238
245543,548.6731943881499
245544,702.3703117864155
245545,191.88361534833467
245546,1455.169157729876
245547,1220.5225434867234
245548,643.1080330204254
245549,813.6890497165105
245550,44.54337482114806
245551,417.2528668846653
245552,361.90796438165205
245553,181.81058584827497
245554,235.5978913389694
245555,101.5485709200439
245556,895.2901972683782
245557,752.7888473231847
245558,385.6318671763486
245559,475.4556747659889
245560,128.19138731593551
245561,1046.3660777097327
245562,864.6273628258558
245563,458.3736552840372
245564,565.0813621714984
245565,721.7621593339331
245566,15.682697522486173
245567,13.495966081956759
245568,-12.521203001716275
245569,11.440009719594682
245570,263.5472260251426
245571,19.471952114903893
245572,15.498719267831651
245573,-16.951123964785303
245574,17.165115257864507
245575,65.67702236370022
245576,33.79663051565558
245577,33.823956063104696
245578,7.507473380597438
245579,35.843052829958914
245580,110.84212463156547
245581,987.9993849484301
245582,834.7806820356781
245583,441.7844448476722
245584,526.8433038268765
245585,250.4128400934653
245586,1952.8140089545163
245587,1663.4237591818462
245588,868.8956751845983
245589,1169.881830224648
245590,314.59344074041616
245591,2337.9600716074656
245592,1947.0071493460812
245593,1019.2053615341912
245594,1359.3197253607352
245595,104.15902894784713
245596,786.4987688400314
245597,639.4545143516422
245598,352.8035630294203
245599,454.0147732315941
245600,214.5949729658812
245601,1574.3722980226446
245602,1316.6620635792729
245603,716.6976565371734
245604,888.0001090502604
245605,241.19793047419523
245606,1857.9836944857877
245607,1570.188403132705
245608,826.1331817560796
245609,1036.5638430556592
245610,760.1280370600533
245611,566.8592477882335
245612,502.5463449370557
245613,236.154292469175
245614,331.0720150881332
245615,772.9212669088475
245616,1175.7400300711793
245617,1001.3783051030485
245618,529.4529047051575
245619,683.1500221034231
245620,709.9723106690151
245621,1391.997751592761
245622,1184.5836540549453
245623,624.7320049501463
245624,795.3130216462314
245625,93.4842501168475
245626,602.1798684777519
245627,520.4966173432013
245628,247.7986840102452
245629,342.71640662920356
245630,174.87335597456413
245631,1221.4628040771913
245632,1035.7047344656432
245633,549.3544236908696
245634,703.0515410891352
245635,192.56484465105427
245636,1455.8503870325953
245637,1221.2037727894428
245638,643.7892623231451
245639,814.3702790192301
245640,45.224604123867636
245641,417.93409618738485
245642,362.5891936843716
245643,182.49181515099457
245644,236.279120641689
245645,102.22980022276346
245646,895.9714265710978
245647,753.4700766259043
245648,386.3130964790681
245649,476.1369040687084
245650,128.87261661865512
245651,1047.0473070124522
245652,865.3085921285755
245653,459.05488458675677
245654,565.7625914742181
245655,721.4487731900352
245656,15.369311378588325
245657,13.182579938058915
245658,-12.83458914561412
245659,11.126623575696838
245660,254.2392524412142
245661,19.158565971006045
245662,15.185333123933807
245663,-17.26451010868315
245664,16.85172911396666
245665,65.36363621980239
245666,33.483244371757735
245667,33.51056991920686
245668,7.194087236699594
245669,35.52966668606107
245670,110.52873848766762
245671,987.6859988045322
245672,834.4672958917802
245673,441.47105870377436
245674,526.5299176829786
245675,250.09945394956748
245676,1952.5006228106186
245677,1663.1103730379484
245678,868.5822890407004
245679,1169.5684440807502
245680,314.2800545965183
245681,2337.646685463568
245682,1946.6937632021834
245683,1018.8919753902933
245684,1359.0063392168374
245685,103.84564280394929
245686,786.1853826961335
245687,639.1411282077443
245688,352.49017688552243
245689,453.7013870876963
245690,214.28158682198338
245691,1574.0589118787468
245692,1316.348677435375
245693,716.3842703932755
245694,887.6867229063625
245695,240.88454433029742
245696,1857.67030834189
245697,1569.8750169888071
245698,825.8197956121817
245699,1036.2504569117614
245700,747.4952502330832
245701,599.3884671125213
245702,526.7437234114938
245703,261.20521348203505
245704,344.61679260833904
245705,704.9064193685173
245706,1224.0769080291998
245707,1028.8641770294953
245708,569.4383187007205
245709,723.6416021554148
245710,623.5216594812266
245711,1444.6922630422891
245712,1213.7666987014688
245713,650.5485731792435
245714,844.7134900479323
245715,84.0578017782159
245716,636.1026214104501
245717,546.4569168161024
245718,274.6605449578358
245719,358.0721240841398
245720,172.9467025981431
245721,1271.8117274241213
245722,1065.5720391710531
245723,591.7692894016619
245724,745.9725728563562
245725,200.54913323724557
245726,1520.3580422081627
245727,1262.5693485520587
245728,672.0352822674715
245729,866.2001991361603
245730,47.62197346404871
245731,437.6311083011425
245732,374.32375233833227
245733,199.85143086234305
245734,242.13259286038334
245735,106.71009856627762
245736,925.6942749362134
245737,776.8970360008341
245738,420.56851946894193
245739,510.8984931150116
245740,138.90535160683916
245741,1090.302189407969
245742,899.6071247624744
245743,476.0721684197041
245744,602.5888313510922
245745,714.4049648019799
245746,9.66205380956178
245747,6.695966890131322
245748,-13.39187374850623
245749,0.71965381109582
245750,104.85011789183626
245751,10.551809751329555
245752,12.410229886000508
245753,-11.824450190885532
245754,18.950418786819146
245755,30.716104344579566
245756,28.788571159553953
245757,23.291439623128742
245758,1.1103792519820712
245759,31.535361200149477
245760,118.52423112638552
245761,1022.8160060105963
245762,855.9190966168077
245763,464.701312117865
245764,557.604449825271
245765,263.0437658037765
245766,2097.8413701537006
245767,1774.4253221958709
245768,925.3629455500181
245769,1231.4686004284524
245770,324.02889215191857
245771,2465.597849131076
245772,2065.48108836828
245773,1072.5586471176564
245774,1428.988718735375
245775,114.03441126646986
245776,829.281874687475
245777,672.0699729112673
245778,378.04585595693976
245779,474.5780587057675
245780,226.38081301549275
245781,1673.5365741307583
245782,1378.2888528342094
245783,770.3893700520401
245784,940.0534714310022
245785,262.9627021189977
245786,1962.5073961622707
245787,1649.7714235939266
245788,887.8309908096855
245789,1102.0540737188928
245790,754.341783700133
245791,627.4583824410131
245792,542.4576182410891
245793,277.78404732480044
245794,368.2024378138482
245795,717.8704850583601
245796,1313.3133658657803
245797,1110.0641658814204
245798,602.0924034854892
245799,771.4343047644695
245800,464.33304399661654
245801,1550.9433932906713
245802,1316.7303043077684
245803,697.2649190108166
245804,883.9038946326837
245805,88.64562967254368
245806,667.3054089344375
245807,565.9391990979217
245808,293.15027597827844
245809,383.5686664673262
245810,179.21491077672897
245811,1362.061997851071
245812,1148.629518297525
245813,624.4233741864306
245814,793.7652754654109
245815,208.60175135195666
245816,1633.529569937642
245817,1369.188708908258
245818,720.5498925743975
245819,907.1888681962646
245820,56.15777620522059
245821,459.6267789315076
245822,395.69910731602994
245823,209.63595179238567
245824,258.9239251531697
245825,121.53469087698821
245826,971.1429462376979
245827,823.2662145779855
245828,433.3046387969657
245829,538.7732302673226
245830,151.18361479784912
245831,1132.9106975948862
245832,943.7767641522564
245833,502.44257310617377
245834,621.4332947907407
245835,706.1274156395522
245836,14.115721741520785
245837,9.893932611768678
245838,-13.005817329018365
245839,9.596338002445089
245840,95.07068009620963
245841,9.970312963643002
245842,12.749240373980946
245843,-20.206974807251886
245844,27.190328403856338
245845,17.49180211385327
245846,27.940034289732786
245847,25.034600713077072
245848,-7.947201855722092
245849,39.100214325848896
245850,130.50884587176657
245851,1069.3708625072368
245852,913.971407841957
245853,487.36426152837623
245854,590.5348655097048
245855,269.5205943881161
245856,2219.1730645226817
245857,1853.2621617468342
245858,981.8653873133931
245859,1306.3703149272912
245860,355.8740798173987
245861,2598.3699752121015
245862,2172.286357364546
245863,1167.356347833741
245864,1542.1856921869237
245865,125.9955223788602
245866,872.7023715087688
245867,726.1773628027337
245868,396.4390058308241
245869,503.2386748535739
245870,234.7753260743267
245871,1756.3485285720606
245872,1486.4335804424306
245873,794.4247976083134
245874,982.4881717227399
245875,276.20543173870453
245876,2076.585606249341
245877,1772.138895048692
245878,929.6415347984009
245879,1162.2638904430723
245880,724.1508202956912
245881,705.7093320647255
245882,608.880548077387
245883,331.36710968143706
245884,427.1151243392829
245885,555.9024533286381
245886,1489.0055822686672
245887,1241.9521049475534
245888,660.4061860883629
245889,836.5651576921261
245890,315.31960182307705
245891,1737.9457834337745
245892,1452.1465572737036
245893,781.5434198473255
245894,983.2971415948053
245895,111.85334202212951
245896,744.6800800281945
245897,634.0674162317792
245898,346.93013196156494
245899,442.67814661941077
245900,189.03614081013896
245901,1533.9017043629817
245902,1278.3352697224814
245903,683.1950894707617
245904,859.3540610745249
245905,218.55907199168743
245906,1808.9771892255014
245907,1502.4227742330165
245908,805.2863260923638
245909,1007.0400478398436
245910,77.00400110286881
245911,525.1304398320517
245912,449.7279123191082
245913,233.66805519944552
245914,287.78209301980746
245915,134.03982255539896
245916,1055.9454568200317
245917,894.3928653493571
245918,474.2651737002423
245919,586.526928902121
245920,160.7191961424797
245921,1258.2719063700736
245922,1061.0961449601164
245923,585.8943421308468
245924,712.6921093277837
245925,730.5803677745689
245926,16.260393542650277
245927,16.6946828533367
245928,-3.0833526030389926
245929,10.077328445587165
245930,5.127098141443098
245931,17.07777444510558
245932,22.187962792745065
245933,-9.77639215284491
245934,28.168988781738484
245935,5.042695136583999
245936,38.468925165191465
245937,42.30625422762071
245938,6.614815979371534
245939,45.2241916652671
245940,148.1885107341241
245941,1190.0763982141395
245942,1016.0114899097374
245943,545.6625088455562
245944,663.8005325354649
245945,321.2902744223216
245946,2440.3088056886118
245947,2011.6907982032635
245948,1079.492376884597
245949,1420.9689458659132
245950,376.09281962446414
245951,2939.454218448187
245952,2453.103173092285
245953,1290.2213493308884
245954,1659.9865112818518
245955,137.16496317934713
245956,968.805626920801
245957,800.1918740564239
245958,429.7054760562195
245959,548.3559703087503
245960,280.7238874501439
245961,1920.9635871769397
245962,1647.3599297861547
245963,882.9638773184113
245964,1083.8426566703263
245965,297.9773147959018
245966,2282.721762149533
245967,1923.4068762550419
245968,1046.6024400606818
245969,1270.8181650947324
245970,775.7659615218164
245971,565.2164777291468
245972,501.7327876446032
245973,237.12230277684864
245974,326.54453835977404
245975,788.1919091261462
245976,1174.0972600120917
245977,1000.564747810596
245978,530.4209150128314
245979,678.6225453750642
245980,731.2881598761928
245981,1390.3549815336735
245982,1183.7700967624921
245983,625.7000152578203
245984,790.7855449178725
245985,88.78810634232445
245986,631.3516134102678
245987,550.4975750423512
245988,279.5812093095213
245989,369.0034448924467
245990,170.1772122000411
245991,1250.6345490097065
245992,1065.7056921647927
245993,581.1369489901459
245994,729.3385793523787
245995,187.86870087653125
245996,1485.0221319651105
245997,1251.2047304885923
245998,675.5717876224214
245999,840.6573172824736
246000,44.18033953843669
246001,415.7733732909977
246002,361.25768355461855
246003,182.94187262136788
246004,231.23369107602943
246005,101.18553563733246
246006,893.8107036747109
246007,752.1385664961515
246008,386.7631539494416
246009,471.09147450304897
246010,127.82835203322409
246011,1044.8865841160646
246012,863.9770819988227
246013,459.5049420571302
246014,560.7171619085589
246015,724.919922357404
246016,15.006671273386559
246017,13.649152599491279
246018,-10.586448884055264
246019,9.7610913612462
246020,308.90954970617014
246021,18.795925865804286
246022,15.65190578536617
246023,-15.016369847124274
246024,15.486196899516035
246025,68.83478538717075
246026,33.12060426655598
246027,33.97714258063924
246028,9.442227498258458
246029,34.16413447161046
246030,109.70388086325792
246031,985.7446828691666
246032,833.3551927230486
246033,441.08745041149166
246034,518.0603674301423
246035,249.27459632515797
246036,1950.559306875252
246037,1661.9982698692163
246038,868.1986807484178
246039,1161.0988938279131
246040,313.45519697210875
246041,2335.705369528202
246042,1945.5816600334513
246043,1018.5083670980107
246044,1350.5367889640004
246045,103.02078517953959
246046,784.2440667607679
246047,638.0290250390127
246048,352.10656859323973
246049,444.93932299884057
246050,213.45672919757365
246051,1572.1175959433804
246052,1315.236574266643
246053,716.0006621009929
246054,878.924658817507
246055,240.05968670588774
246056,1855.7289924065235
246057,1568.762913820075
246058,825.4361873198991
246059,1027.4883928229053
246060,775.7659615218164
246061,565.2164777291468
246062,501.7327876446032
246063,237.12230277684864
246064,326.54453835977404
246065,788.1919091261462
246066,1174.0972600120917
246067,1000.564747810596
246068,530.4209150128314
246069,678.6225453750642
246070,739.209182274586
246071,1390.3549815336735
246072,1183.7700967624921
246073,625.7000152578203
246074,790.7855449178725
246075,88.78810634232445
246076,631.3516134102678
246077,550.4975750423512
246078,279.5812093095213
246079,369.0034448924467
246080,170.1772122000411
246081,1250.6345490097065
246082,1065.7056921647927
246083,581.1369489901459
246084,729.3385793523787
246085,187.86870087653125
246086,1485.0221319651105
246087,1251.2047304885923
246088,675.5717876224214
246089,840.6573172824736
246090,44.18033953843669
246091,415.7733732909977
246092,361.25768355461855
246093,182.94187262136788
246094,231.23369107602943
246095,101.18553563733246
246096,893.8107036747109
246097,752.1385664961515
246098,386.7631539494416
246099,471.09147450304897
246100,127.82835203322409
246101,1044.8865841160646
246102,863.9770819988227
246103,459.5049420571302
246104,560.7171619085589
246105,724.919922357404
246106,15.006671273386559
246107,13.649152599491279
246108,-10.586448884055264
246109,9.7610913612462
246110,308.90954970617014
246111,18.795925865804286
246112,15.65190578536617
246113,-15.016369847124274
246114,15.486196899516035
246115,68.83478538717075
246116,33.12060426655598
246117,33.97714258063924
246118,9.442227498258458
246119,34.16413447161046
246120,109.70388086325792
246121,970.2789964267088
246122,833.3551927230486
246123,441.08745041149166
246124,518.0603674301423
246125,249.27459632515797
246126,1935.0936204327943
246127,1661.9982698692163
246128,868.1986807484178
246129,1161.0988938279131
246130,313.45519697210875
246131,2320.2396830857438
246132,1945.5816600334513
246133,1018.5083670980107
246134,1350.5367889640004
246135,103.02078517953959
246136,784.2440667607679
246137,638.0290250390127
246138,352.10656859323973
246139,444.93932299884057
246140,213.45672919757365
246141,1572.1175959433804
246142,1315.236574266643
246143,716.0006621009929
246144,878.924658817507
246145,240.05968670588774
246146,1855.7289924065235
246147,1568.762913820075
246148,825.4361873198991
246149,1027.4883928229053
246150,776.3692493838377
246151,566.3324008337433
246152,502.0194979825656
246153,237.06201967642102
246154,326.4842552593464
246155,788.1913739197864
246156,1175.2131831166885
246157,1000.8514581485584
246158,530.3606319124037
246159,678.5622622746365
246160,726.9877720653449
246161,1391.4709046382702
246162,1184.0568071004545
246163,625.6397321573926
246164,790.7252618174448
246165,88.78757113596467
246166,632.4675365148643
246167,550.7842853803136
246168,279.52092620909366
246169,368.94316179201905
246170,170.17667699368135
246171,1251.7504721143032
246172,1065.992402502755
246173,581.0766658897182
246174,729.278296251951
246175,187.86816567017146
246176,1486.1380550697072
246177,1251.4914408265547
246178,675.5115045219937
246179,840.597034182046
246180,44.179804332076905
246181,416.8892963955942
246182,361.54439389258096
246183,182.88158952094025
246184,231.1734079756018
246185,101.18500043097268
246186,894.9266267793074
246187,752.4252768341139
246188,386.70287084901395
246189,471.03119140262135
246190,127.82781682686431
246191,1046.0025072206613
246192,864.2637923367851
246193,459.4446589567026
246194,560.6568788081312
246195,724.9193871510441
246196,16.122594377983102
246197,13.935862937453695
246198,-10.646731984482896
246199,9.700808260818567
246200,308.9090144998103
246201,19.91184897040083
246202,15.938616123328586
246203,-15.076652947551906
246204,15.425913799088402
246205,68.83425018081097
246206,34.23652737115252
246207,34.26385291860165
246208,9.381944397830825
246209,34.10385137118282
246210,109.70334565689814
246211,971.3949195313053
246212,833.641903061011
246213,442.08024003474145
246214,519.053157053392
246215,249.2740611187982
246216,1936.209543537391
246217,1662.2849802071787
246218,869.1914703716676
246219,1162.0916834511631
246220,313.45466176574894
246221,2321.3556061903405
246222,1945.8683703714137
246223,1019.5011567212605
246224,1351.5295785872504
246225,103.0202499731798
246226,785.3599898653644
246227,638.3157353769751
246228,353.0993582164895
246229,445.93211262209036
246230,213.45619399121387
246231,1573.233519047977
246232,1315.5232846046054
246233,716.9934517242427
246234,879.9174484407567
246235,240.05915149952796
246236,1856.8449155111202
246237,1569.0496241580374
246238,826.4289769431489
246239,1028.4811824461553
246240,776.3603315403853
246241,566.3234829902912
246242,494.96068429284026
246243,240.99111607730643
246244,322.51411120657076
246245,788.1977445797319
246246,1175.2195537766336
246247,993.8079329622304
246248,534.3050168166869
246249,674.6074067252587
246250,726.7197381416282
246251,1391.2028707145535
246252,1176.7388773304647
246253,629.3097124780138
246254,786.496001684405
246255,89.04499268631594
246256,639.9020545064423
246257,551.1689075256182
246258,283.71636200378265
246259,365.23935713304695
246260,170.4493870474304
246261,1259.2002786092785
246262,1066.3923131514575
246263,585.287390187805
246264,725.5897800963768
246265,187.86647114025857
246266,1493.3134569810206
246267,1251.616946891595
246268,679.4478242364186
246269,836.6341134428097
246270,44.4372258824282
246271,417.14671794594557
246272,354.75191959665926
246273,187.07702531562924
246274,227.4696033166297
246275,101.4577104847217
246276,895.1993368330565
246277,745.64809104159
246278,390.9135951471007
246279,467.342675247047
246280,127.82612229695143
246281,1046.000812690748
246282,857.2122019605991
246283,463.38097867112737
246284,556.693958068895
246285,718.0272268059066
246286,17.186975541805246
246287,7.950348255002797
246288,-6.9427524125100515
246289,5.505547379130309
246290,300.1871371135287
246291,20.184559024149877
246292,9.161430330804597
246293,-10.865928649465241
246294,11.737397643514003
246295,74.27605204592749
246296,34.234832841239594
246297,27.21226254241568
246298,13.318264112255557
246299,30.14093063194641
246300,111.1763882197509
246301,975.7915755535422
246302,830.9886632369747
246303,447.5887215458165
246304,514.8583556383325
246305,249.5467711725473
246306,1936.4822535911396
246307,1655.5077944146542
246308,873.4021946697544
246309,1156.5991248231146
246310,312.7810879591101
246311,2320.682032383702
246312,1938.1449007185013
246313,1022.7655971589581
246314,1345.090736098814
246315,104.49329253603257
246316,785.6667052490914
246317,631.5725549144291
246318,357.3440878445542
246319,440.4735593240204
246320,213.72890404496292
246321,1573.5062291017257
246322,1308.7460988120808
246323,721.2041760223295
246324,874.4248898127089
246325,239.38557769288911
246326,1856.171341704481
246327,1561.326154505125
246328,829.6934173808477
246329,1022.0423399577197
246330,757.2869314134423
246331,599.1587159841579
246332,519.4640764368575
246333,266.3480507597457
246334,337.4797106981441
246335,713.7422837394287
246336,1223.8624454042333
246337,1021.5998185582561
246338,574.596444481829
246339,716.5198087486178
246340,633.8284736538668
246341,1444.2033958336608
246342,1206.2279356465674
246343,655.43229437669
246344,837.3172920574733
246345,80.76913619191838
246346,659.2515858014038
246347,562.5559853607832
246348,303.1820977548633
246349,374.3137576932617
246350,169.67332551524336
246351,1294.9759803184718
246352,1081.6863962191305
246353,620.3061307020876
246354,762.2294949688763
246355,197.00135157068388
246356,1543.2478905188514
246357,1278.4093010164743
246358,700.2977189842352
246359,882.1827166650185
246360,47.401785962121
246361,437.4109207992149
246362,367.05366899013165
246363,205.00383176648944
246364,235.00507457662417
246365,106.50519956774762
246366,925.4893759376838
246367,769.6422411560314
246368,425.7362088764862
246369,503.7862633346503
246370,138.4260480246472
246371,1089.8228858257767
246372,892.0779253340098
246373,480.9654532435864
246374,595.2021969870691
246375,710.9834184178512
246376,11.4797179727787
246377,1.4637352070752063
246378,-7.500037015402171
246379,-5.668428643705704
246380,140.83672717625677
246381,11.577802804473372
246382,6.386327092871291
246383,-5.425868731667612
246384,13.069081058131482
246385,34.185023775675226
246386,29.540159629035873
246387,16.993132246337595
246388,7.234556127538026
246389,25.379618887799857
246390,119.17188085846877
246391,1010.921582759605
246392,852.4404639620022
246393,470.8189749599071
246394,548.1345446976726
246395,262.4910830267563
246396,2081.823000934223
246397,1766.8227435725767
246398,930.1828511790721
246399,1220.7009380878649
246400,322.52992551451035
246401,2448.6331960512102
246402,2056.932225884599
246403,1076.4322688863215
246404,1417.2747725343995
246405,114.68206099855311
246406,828.7631972404329
246407,664.5013996179522
246408,382.89976691597155
246409,463.8444016951587
246410,225.8281302384723
246411,1672.9838913537371
246412,1370.6862742109151
246413,775.2092756810941
246414,929.2858090904156
246415,261.4637354815895
246416,1961.0084295248616
246417,1641.2225611102444
246418,891.7046125783515
246419,1090.3401275179174
246420,761.6088759448769
246421,641.6470015889784
246422,554.2952331703209
246423,318.34065452010145
246424,358.77233161431116
246425,721.5626744813584
246426,1330.6886718069613
246427,1125.0884676038681
246428,650.6469184166779
246429,720.9484677049436
246430,472.6489479675034
246431,1571.1302176984307
246432,1334.5661244967944
246433,757.8069683225112
246434,835.2411183718458
246435,92.23107507365594
246436,674.9243783181724
246437,569.4858898184823
246438,326.2149667269026
246439,366.6466438211123
246440,181.85214694346521
246441,1364.7806331840784
246442,1143.7117088002094
246443,665.4859726709425
246444,735.7875219592082
246445,213.5465638421224
246446,1646.286621590196
246447,1374.773009440124
246448,773.6000254394154
246449,851.03417548875
246450,60.30026195251278
246451,466.97918950280194
246452,400.7005136685908
246453,226.8177553013121
246454,269.2860123680227
246455,124.72896738990438
246456,975.4356147173324
246457,825.2078788388866
246458,458.4843500417797
246459,527.4951747670631
246460,156.6854676341948
246461,1141.6224752552337
246462,950.6012313035052
246463,539.6098187314949
246464,611.9783000891692
246465,709.8843002655417
246466,19.091865211024686
246467,12.519071862539136
246468,1.79971907811751
246469,30.111046826897308
246470,95.506537761623
246471,14.946456433146906
246472,15.37437962475139
246473,2.5964693357717072
246474,45.44878911191133
246475,21.301435370315048
246476,32.96892638970885
246477,27.71248859431965
246478,6.9110831818859
246479,57.41142366437596
246480,127.44212657243752
246481,1069.41623356983
246482,911.6657746858166
246483,511.186937645756
246484,567.192542232254
246485,266.4538750887871
246486,2219.2184355852746
246487,1838.5730952806748
246488,1080.3323491979766
246489,1143.9902221335162
246490,352.86010914854177
246491,2598.4680949051667
246492,2170.0334728388775
246493,1278.9721636919796
246494,1357.683709374603
246495,122.34777396006777
246496,872.1667134518983
246497,723.2907005271297
246498,419.6806528287396
246499,471.72654351114204
246500,234.88752046609468
246501,1759.5728133257508
246502,1483.6462898539035
246503,841.3682906428231
246504,930.295423376789
246505,276.3703747609445
246506,2079.8626396335026
246507,1769.4043530906367
246508,989.7338818065654
246509,1087.9492520785755
246510,737.5884656886675
246511,720.1013392744527
246512,620.9215510683807
246513,372.12710493850005
246514,416.2399374889131
246515,558.3687235739288
246516,1506.5842762716104
246517,1257.1797947317632
246518,709.1640890813136
246519,786.2827086943622
246520,322.4095866162564
246521,1758.335995903296
246522,1470.1857655244917
246523,842.288857220782
246524,927.8245424271813
246525,115.64217548500406
246526,752.5024374736914
246527,637.8174950141018
246528,380.1982107719511
246529,424.3110433223641
246530,191.87676503863727
246531,1531.544177561134
246532,1273.6208482869279
246533,724.4610760170356
246534,801.5796956300842
246535,224.17096625325
246536,1817.1217724528353
246537,1508.2104628266447
246538,858.5398470191435
246539,944.0755322255428
246540,81.3498749119231
246541,532.6862384651079
246542,454.9327067334312
246543,251.05324677013422
246544,296.6990995838278
246545,137.4374871300772
246546,1060.441513361429
246547,896.5379176720202
246548,499.64827300681816
246549,575.4522614636235
246550,166.8881307502222
246551,1267.6507658018181
246552,1068.1240001731276
246553,623.2649758179285
246554,703.7110857394067
246555,737.502222199581
246556,21.439925073916285
246557,19.523210165869223
246558,11.925571865858979
246559,29.146956619206698
246560,15.618491547839358
246561,22.257305976371565
246562,25.016490105277597
246563,13.230440051940747
246564,46.63083755155554
246565,12.01729819206838
246566,43.701205326929546
246567,45.18753017062535
246568,21.67648907874161
246569,64.00937211698863
246570,144.62321986463655
246571,1189.6231977065743
246572,1013.2072851834391
246573,568.9866133927765
246574,638.3111689752607
246575,317.7249835528341
246576,2439.8556051810465
246577,1996.5031601669455
246578,1177.4607671990225
246579,1258.0902815019797
246580,372.5802773854487
246581,2939.053766571094
246582,2450.3517169964584
246583,1401.3385936189686
246584,1496.8937043150522
246585,133.51721476055457
246586,968.2699688639306
246587,797.30521178082
246588,452.947123054135
246589,515.1953702537229
246590,280.8360818419118
246591,1924.1878719306299
246592,1644.5726391976275
246593,929.9073703529209
246594,1031.6499083243748
246595,298.1422578181418
246596,2285.9987955336946
246597,1920.6723342969867
246598,1106.6947870688466
246599,1217.597486224389
246600,765.6713422812086
246601,575.8435690222271
246602,508.3124810122259
246603,274.76110226985656
246604,313.17619510199694
246605,779.2028086336534
246606,1187.1786036343938
246607,1007.4031591102389
246608,574.1270875878055
246609,632.1297899613717
246610,718.1095368956624
246611,1402.8051336254425
246612,1189.9773165316021
246613,676.0822031680145
246614,730.8630608742836
246615,94.14048503573856
246616,600.3687031679491
246617,508.9216231301021
246618,279.4744146124541
246619,317.88950744459447
246620,174.58138165907928
246621,1214.018870252666
246622,1012.7372711734718
246623,587.0975273750448
246624,645.100229748611
246625,194.5804466589989
246626,1452.8255623887821
246627,1203.1191123876188
246628,688.2083813425405
246629,742.9892390488096
246630,47.02128049366111
246631,420.64187203262463
246632,362.07878437078773
246633,195.80626613214392
246634,241.20735794594853
246635,103.0782673581808
246636,895.619460324678
246637,747.7043908234596
246638,405.6949205421835
246639,467.35631736192954
246640,132.028660077502
246641,1051.1144499467446
246642,864.4257092164784
246643,485.1127239850923
246644,543.5522761375428
246645,723.427039178038
246646,16.268010861549367
246647,14.149103358651562
246648,-11.612882986956375
246649,6.740557073946879
246650,252.5432172412754
246651,20.057265453967073
246652,16.151856544526456
246653,-9.975430868059272
246654,12.538286079673055
246655,67.39465083827706
246656,34.43469248519088
246657,34.52984197027166
246658,6.538007371907903
246659,31.26897228223954
246660,107.5883292752094
246661,985.5588546054407
246662,826.9696316786642
246663,463.89850175774626
246664,525.7396199974226
246665,247.1590447371096
246666,1950.3734786115265
246667,1643.229275514813
246668,963.7234832079556
246669,1023.8673597009137
246670,311.39239401453244
246671,2335.5722898949484
246672,1939.2488476195392
246673,1127.182023531203
246674,1191.1833648184559
246675,101.15733440581543
246676,784.3103393113662
246677,634.5782632517468
246678,375.1697207538186
246679,433.3436389254181
246680,215.35322123441017
246681,1575.9438113045396
246682,1311.8851841664539
246683,760.8351256442444
246684,840.7753405626096
246685,242.008927373196
246686,1859.6079563981548
246687,1565.464272350358
246688,883.4195048368057
246689,967.2171845494635
246690,765.6713422812086
246691,581.2076936883032
246692,513.6766056783019
246693,280.1252269359325
246694,318.5403197680729
246695,779.2028086336534
246696,1192.5427283004697
246697,1012.7672837763149
246698,579.4912122538815
246699,637.4939146274477
246700,726.0305592940556
246701,1408.1692582915184
246702,1195.341441197678
246703,681.4463278340905
246704,736.2271855403596
246705,94.14048503573856
246706,600.3687031679491
246707,508.9216231301021
246708,279.4744146124541
246709,317.88950744459447
246710,174.58138165907928
246711,1214.018870252666
246712,1012.7372711734718
246713,587.0975273750448
246714,645.100229748611
246715,194.5804466589989
246716,1452.8255623887821
246717,1203.1191123876188
246718,688.2083813425405
246719,742.9892390488096
246720,47.02128049366111
246721,420.64187203262463
246722,362.07878437078773
246723,195.80626613214392
246724,241.20735794594853
246725,103.0782673581808
246726,895.619460324678
246727,747.7043908234596
246728,405.6949205421835
246729,467.35631736192954
246730,132.028660077502
246731,1051.1144499467446
246732,864.4257092164784
246733,485.1127239850923
246734,543.5522761375428
246735,718.2685127284526
246736,16.268010861549367
246737,14.149103358651562
246738,-11.612882986956375
246739,6.740557073946879
246740,229.44651713557326
246741,20.057265453967073
246742,16.151856544526456
246743,-9.975430868059272
246744,12.538286079673055
246745,62.23612438869172
246746,34.43469248519088
246747,34.52984197027166
246748,6.538007371907903
246749,31.26897228223954
246750,107.5883292752094
246751,985.5588546054407
246752,826.9696316786642
246753,463.89850175774626
246754,525.7396199974226
246755,247.1590447371096
246756,1950.3734786115265
246757,1643.229275514813
246758,963.7234832079556
246759,1023.8673597009137
246760,311.39239401453244
246761,2335.5722898949484
246762,1939.2488476195392
246763,1127.182023531203
246764,1191.1833648184559
246765,101.15733440581543
246766,784.3103393113662
246767,634.5782632517468
246768,375.1697207538186
246769,433.3436389254181
246770,215.35322123441017
246771,1575.9438113045396
246772,1311.8851841664539
246773,760.8351256442444
246774,840.7753405626096
246775,242.008927373196
246776,1859.6079563981548
246777,1565.464272350358
246778,883.4195048368057
246779,967.2171845494635
246780,767.0185197441779
246781,584.3596124058167
246782,517.695705335906
246783,286.5930634728995
246784,315.31035977956157
246785,782.8987757384292
246786,1202.487015992222
246787,1025.7742868053574
246788,592.5725281680807
246789,644.2833048919498
246790,714.5530386857624
246791,1418.1135459832708
246792,1208.3484442267218
246793,694.5276437482897
246794,743.0165758048618
246795,94.88383943032687
246796,604.2240190655706
246797,513.6441199678139
246798,281.36287739188055
246799,315.2807484550347
246800,174.74971366976672
246801,1215.8327820386808
246802,1017.6138982967781
246803,586.7656964458583
246804,647.2951155588947
246805,195.32380105358715
246806,1454.639474174797
246807,1207.995739510925
246808,687.876550413354
246809,745.1841248590933
246810,46.62419343734715
246811,421.57636926115
246812,363.88046253940325
246813,195.1947802039652
246814,240.2142643160802
246815,102.10615791796602
246816,894.5125534415961
246817,749.6601992776691
246818,402.86314090539224
246819,471.16686853190475
246820,131.631573021188
246821,1050.0075430636632
246822,866.3815176706879
246823,482.28094434830103
246824,547.3628273075178
246825,717.8714256721386
246826,17.202508090074616
246827,12.664772430811745
246828,-12.224368915135084
246829,13.252690887809411
246830,217.6129507608301
246831,18.950358570885353
246832,12.626121505079665
246833,-12.807210504850685
246834,18.54626386111843
246835,61.83903733237778
246836,33.32778560210915
246837,31.004106930824832
246838,3.706227735116492
246839,37.27695006368495
246840,111.19099008851076
246841,990.493099703581
246842,834.9233925720955
246843,468.5601904648971
246844,520.045355218113
246845,247.34867902243425
246846,1953.2663195980606
246847,1649.141632296638
246848,966.1648782064935
246849,1027.0418902578997
246850,314.9950548278337
246851,2338.4651308814814
246852,1945.161204401364
246853,1129.6234185297417
246854,1194.3578953754416
246855,104.50789440479245
246856,788.9924835951823
246857,639.5972248880596
246858,379.5793086466451
246859,432.1746702603544
246860,215.2907547054105
246861,1578.5845514767493
246862,1314.8627416911602
246863,763.0244198284581
246864,843.9753733538631
246865,245.3594873721729
246866,1862.2486965703645
246867,1568.4418298750643
246868,885.6087990210194
246869,970.417217340717
246870,767.0185197441779
246871,584.3596124058167
246872,517.695705335906
246873,286.5930634728995
246874,315.31035977956157
246875,779.309836426856
246876,1214.7324098725292
246877,1038.0196806856645
246878,604.8179220483879
246879,656.528698772257
246880,714.5530386857624
246881,1430.358939863578
246882,1220.593838107029
246883,706.773037628597
246884,755.261969685169
246885,94.88383943032687
246886,604.2240190655706
246887,513.6441199678139
246888,281.36287739188055
246889,315.2807484550347
246890,174.74971366976672
246891,1215.8327820386808
246892,1017.6138982967781
246893,586.7656964458583
246894,647.2951155588947
246895,195.32380105358715
246896,1454.639474174797
246897,1207.995739510925
246898,687.876550413354
246899,745.1841248590933
246900,46.62419343734715
246901,421.57636926115
246902,363.88046253940325
246903,195.1947802039652
246904,240.2142643160802
246905,102.10615791796602
246906,894.5125534415961
246907,749.6601992776691
246908,402.86314090539224
246909,471.16686853190475
246910,131.631573021188
246911,1050.0075430636632
246912,866.3815176706879
246913,482.28094434830103
246914,547.3628273075178
246915,717.8714256721386
246916,17.202508090074616
246917,12.664772430811745
246918,-12.224368915135084
246919,13.252690887809411
246920,208.61836332079943
246921,18.950358570885353
246922,12.626121505079665
246923,-12.807210504850685
246924,18.54626386111843
246925,61.83903733237778
246926,33.32778560210915
246927,31.004106930824832
246928,3.706227735116492
246929,37.27695006368495
246930,111.19099008851076
246931,990.493099703581
246932,834.9233925720955
246933,468.5601904648971
246934,520.045355218113
246935,247.34867902243425
246936,1953.2663195980606
246937,1649.141632296638
246938,966.1648782064935
246939,1027.0418902578997
246940,314.9950548278337
246941,2338.4651308814814
246942,1945.161204401364
246943,1129.6234185297417
246944,1194.3578953754416
246945,104.50789440479245
246946,788.9924835951823
246947,639.5972248880596
246948,379.5793086466451
246949,432.1746702603544
246950,215.2907547054105
246951,1578.5845514767493
246952,1314.8627416911602
246953,763.0244198284581
246954,843.9753733538631
246955,245.3594873721729
246956,1862.2486965703645
246957,1568.4418298750643
246958,885.6087990210194
246959,970.417217340717
246960,756.4188569688198
246961,607.4123542354961
246962,532.4166063157351
246963,297.34489405948244
246964,333.27872619342685
246965,710.3755002279503
246966,1234.5550474813958
246967,1036.991312262958
246968,613.5759070140556
246969,667.9997037443546
246970,630.1355115495863
246971,1454.5392109639522
246972,1221.2626424043985
246973,719.5245581455042
246974,775.6418630069758
246975,88.85273063626641
246976,637.5568587691945
246977,543.8388755116725
246978,303.30830908860634
246979,339.24214122255074
246980,176.79342222181748
246981,1267.6331962681436
246982,1053.7570631847525
246983,628.4149612683202
246984,682.8387579986193
246985,206.70342918434946
246986,1522.7752173746205
246987,1257.8137725978286
246988,733.5193507870555
246989,789.636655648527
246990,51.83350121737694
246991,443.87019384087347
246992,378.2118336593298
246993,210.3285954496108
246994,257.3640406325162
246995,109.97341708522974
246996,928.8736183842846
246997,777.7253752301717
246998,439.0435917920976
246999,501.24169703587285
247000,144.47624644922075
247001,1097.900642036753
247002,905.3182668821597
247003,519.3856373957859
247004,579.5023066420573
247005,713.0723649844201
247006,13.524872247502174
247007,8.207781109338274
247008,-10.438325830354366
247009,20.797357093735524
247010,85.79511355868522
247011,14.414628189269957
247012,13.922044105207465
247013,-0.8729945368459708
247014,39.10074553691523
247015,29.436253157492022
247016,32.70413822796655
247017,24.856002472807813
247018,4.11667580060604
247019,51.7384365807177
247020,121.43123042756577
247021,1027.6527286360995
247022,858.4048150235772
247023,488.99745267377284
247024,541.9198365317351
247025,265.950765104957
247026,2102.6780927792033
247027,1764.5276072926215
247028,1024.3033718731315
247029,1070.8732004406365
247030,326.98864008357106
247031,2470.487320387051
247032,2068.0195554055213
247033,1184.6479274144247
247034,1246.2714287290137
247035,116.94141056765004
247036,834.118597312978
247037,674.5556913180368
247038,402.34199651284786
247039,456.08206339528414
247040,233.0477551272334
247041,1682.1332395668219
247042,1380.8739429280556
247043,818.3873566445426
247044,895.003841939044
247045,269.68239286121053
247046,1971.1568102288063
247047,1652.4092623182448
247048,948.9778313758429
247049,1034.8825542083885
247050,762.1612833384452
247051,636.0075605382173
247052,548.6557921195599
247053,320.04033276657236
247054,342.6638659665498
247055,722.1150818749267
247056,1324.3167962922057
247057,1118.7165920891125
247058,652.3465966631487
247059,702.7850189628433
247060,473.20135536107165
247061,1561.3156321865638
247062,1324.7515389849275
247063,759.5066465689821
247064,817.0776696297455
247065,92.78348246722415
247066,669.2849372674115
247067,563.8464487677213
247068,327.9146449733735
247069,350.53817817335096
247070,182.40455433703337
247071,1358.4087576693228
247072,1137.3398332854538
247073,667.1856509174133
247074,717.6240732171079
247075,214.09897123569056
247076,1636.4720360783292
247077,1364.9584239282572
247078,775.2997036858862
247079,832.8707267466497
247080,59.71222789517876
247081,466.3911554454681
247082,400.11247961125696
247083,226.22972124397802
247084,259.9548674929166
247085,124.14093333257031
247086,974.8475806599985
247087,824.6198447815526
247088,457.89631598444583
247089,516.109046797618
247090,156.0974335768607
247091,1141.0344411978995
247092,950.0131972461712
247093,539.0217846741609
247094,600.5921721197242
247095,704.1377397586224
247096,18.503831153690662
247097,11.931037805205106
247098,1.2116850207834824
247099,28.28512939552199
247100,81.73652446425109
247101,14.35842237581288
247102,14.786345567417374
247103,2.008435278437678
247104,41.56788858619704
247105,15.554874863395698
247106,32.38089233237483
247107,27.12445453698562
247108,6.32304912455187
247109,53.53052313866168
247110,132.75876910957675
247111,1074.7328761069693
247112,916.982417222956
247113,517.7770069486097
247114,555.065154932565
247115,271.7705176259265
247116,2224.535078122414
247117,1843.8897378178142
247118,1086.9224185008304
247119,1129.8078517394881
247120,358.1767516856812
247121,2603.784737442306
247122,2175.3501153760167
247123,1285.5622329948335
247124,1343.501338980575
247125,128.24544561667042
247126,878.0643851085013
247127,729.1883721837327
247128,426.8517512510567
247129,464.95758225948646
247130,240.78519212269742
247131,1765.4704849823536
247132,1489.5439615105063
247133,848.5393890651403
247134,921.4714790307944
247135,282.2680464175474
247136,2085.760311290105
247137,1775.3020247472396
247138,996.9049802288826
247139,1079.1253077325807
247140,737.1954553979753
247141,713.5164805394312
247142,614.3366923333592
247143,373.62339512320887
247144,399.9280837793896
247145,557.9757132832364
247146,1499.266983072594
247147,1249.8625015327468
247148,710.6603792660225
247149,767.9158718905
247150,322.01657632556396
247151,1747.5759927071683
247152,1459.425762328364
247153,843.7851474054909
247154,909.457705623319
247155,115.24916519431154
247156,745.9175787386699
247157,631.2326362790803
247158,381.6945009566599
247159,407.99918961284067
247160,191.48375474794477
247161,1524.2268843621175
247162,1266.3035550879115
247163,725.9573662017444
247164,783.2128588262219
247165,223.77795596255748
247166,1806.3617692567077
247167,1497.4504596305171
247168,860.0361372038524
247169,925.7086954216805
247170,79.8164231703284
247171,531.1527867235134
247172,453.3992549918366
247173,250.2618246510381
247174,287.1645666469596
247175,135.90403538848247
247176,1058.9080616198341
247177,895.0044659304257
247178,498.85685088772215
247179,563.8627454324164
247180,165.35467900862744
247181,1266.1173140602232
247182,1066.5905484315326
247183,622.4735536988326
247184,692.1215697081997
247185,731.3692075204334
247186,19.90647333232157
247187,17.98975842427453
247188,11.13414974676288
247189,27.117651126069312
247190,-0.07431060306276908
247191,20.723854234776866
247192,23.483038363682898
247193,12.439017932844655
247194,42.54654896407919
247195,5.884283512920676
247196,42.167753585334864
247197,43.65407842903067
247198,20.885066959645517
247199,59.92508352951228
247200,149.69640434943568
247201,1194.6963821913735
247202,1018.2804696682379
247203,576.0752542657887
247204,626.6823532457302
247205,322.7981680376334
247206,2444.928789665845
247207,2001.5763446517449
247208,1188.6510513277271
247209,1244.40648267811
247210,377.653461870248
247211,2944.1269510558927
247212,2455.424901481257
247213,1408.427234491981
247214,1483.2099054911826
247215,138.6728567946587
247216,973.425610898035
247217,802.4608538149243
247218,460.1182214764521
247219,508.42640900206703
247220,285.991723876016
247221,1929.343513964734
247222,1649.7282812317317
247223,941.1801120309304
247224,1022.8259639783812
247225,303.297899852246
247226,2291.1544375677986
247227,1925.827976331091
247228,1113.865885491164
247229,1208.7735418783943
247230,767.2677675890221
247231,572.0689861435612
247232,504.5378981335601
247233,276.04599980491525
247234,303.70523301227735
247235,780.7992339414669
247236,1183.4040207557277
247237,1003.6285762315728
247238,575.4119851228639
247239,616.7909262814508
247240,719.7059622034757
247241,1399.0305507467765
247242,1186.202733652936
247243,677.367100703073
247244,715.5241971943627
247245,95.73691034355222
247246,603.7455056939568
247247,512.29842565611
247248,282.62792661453807
247249,310.28715982190016
247250,176.1778069668929
247251,1217.3956727786735
247252,1016.1140736994796
247253,590.2510393771286
247254,631.6299805357154
247255,196.17687196681248
247256,1456.2023649147898
247257,1206.4959149136264
247258,691.3618933446243
247259,729.518989835914
247260,47.4772643505725
247261,421.0978558895361
247262,362.5347682276992
247263,196.45982942662266
247264,235.22067568294563
247265,103.53425121509221
247266,896.0754441815893
247267,748.1603746803709
247268,406.34848383666247
247269,455.5017335087254
247270,132.48464393441333
247271,1051.570433803656
247272,864.8816930733897
247273,485.76628727957126
247274,531.6976922843385
247275,722.2450418346567
247276,16.723994718460727
247277,14.605087215562923
247278,-10.95931969247759
247279,8.259102254674822
247280,273.3483041576189
247281,20.513249310878454
247282,16.607840401437812
247283,-9.32186757358049
247284,13.984207792944659
247285,66.21265349489597
247286,34.890676342102246
247287,34.98582582718301
247288,7.191570666386689
247289,32.714893995511154
247290,112.04406100173608
247291,990.0145863319672
247292,831.4253634051908
247293,469.82523968755464
247294,515.0517665849784
247295,251.61477646363622
247296,1954.8292103380534
247297,1647.68500724134
247298,973.7518643934563
247299,1005.4753627150075
247300,315.8481257410591
247301,2340.0280216214746
247302,1943.704579346066
247303,1133.108761461012
247304,1172.7913678325494
247305,105.36096531801778
247306,788.5139702235685
247307,638.7818941639491
247308,380.8443578693026
247309,427.18108162721984
247310,219.55685214661236
247311,1580.147442216742
247312,1316.0888150786564
247313,770.6114060154207
247314,826.9086396909487
247315,246.21255828539822
247316,1863.8115873103573
247317,1569.6679032625605
247318,889.0941419522896
247319,953.3504836778026
247320,758.4908596630675
247321,569.3082526596743
247322,501.777164649673
247323,276.46288304005486
247324,297.9778207265745
247325,772.0223260155122
247326,1180.6432872718408
247327,1000.8678427476854
247328,575.8288683580034
247329,611.0635139957478
247330,718.1022623663814
247331,1395.5220029533566
247332,1182.6941858595162
247333,677.0361696286793
247334,709.0489705991267
247335,95.97652033293852
247336,603.0307508632465
247337,511.58367082539945
247338,285.0907885028543
247339,306.60572618937397
247340,176.41741695627917
247341,1216.6809179479633
247342,1015.3993188687693
247343,592.7139012654447
247344,627.9485469031891
247345,195.6686676466657
247346,1454.7397957745466
247347,1205.0333457733832
247348,693.0769409234073
247349,725.0897418938547
247350,47.71687433995878
247351,420.3831010588258
247352,361.8200133969889
247353,198.92269131493887
247354,231.5392420504194
247355,103.77386120447846
247356,895.3606893508789
247357,747.4456198496605
247358,408.8113457249787
247359,451.8202998761992
247360,131.97643961426655
247361,1050.1078646634128
247362,863.4191239331462
247363,487.48133485835444
247364,527.2684443422792
247365,720.7961252057912
247366,16.009239887750407
247367,13.890332384852604
247368,-8.496457804161368
247369,4.577668622148612
247370,275.10888057231006
247371,19.798494480168134
247372,15.893085570727497
247373,-6.859005685264268
247374,10.302774160418448
247375,64.7637368660306
247376,34.17592151139193
247377,34.27107099647269
247378,9.654432554702911
247379,29.033460362984922
247380,112.1858365290427
247381,989.2998315012569
247382,830.7106085744804
247383,472.2881015758709
247384,511.37033295245163
247385,251.75655199094274
247386,1954.114455507343
247387,1646.9702524106297
247388,976.2147262817724
247389,1001.7939290824809
247390,315.9899012683657
247391,2339.3132667907644
247392,1942.9898245153558
247393,1135.571623349328
247394,1169.1099342000232
247395,105.5027408453244
247396,787.7992153928582
247397,638.0671393332387
247398,383.30721975761884
247399,423.49964799469365
247400,219.69862767391893
247401,1579.4326873860318
247402,1315.374060247946
247403,773.0742679037369
247404,823.2272060584224
247405,246.35433381270485
247406,1863.096832479647
247407,1568.9531484318502
247408,891.5570038406057
247409,949.6690500452763
247410,759.0941475250887
247411,570.4241757642708
247412,503.7602686943597
247413,276.03282298794744
247414,297.5477606744671
247415,772.0217908091524
247416,1181.7592103764375
247417,1005.0464811895733
247418,575.398808305896
247419,610.6334539436403
247420,705.4321121704628
247421,1396.1891860712758
247422,1186.4240843147268
247423,676.1573695898944
247424,708.1701705603418
247425,95.97598512657873
247426,604.146673967843
247427,513.5667748700863
247428,284.6607284507469
247429,306.17566613726655
247430,176.41688174991936
247431,1217.79684105256
247432,1019.5779573106573
247433,592.2838412133373
247434,627.5184868510817
247435,195.21939245362844
247436,1455.4069788924658
247437,1208.7632442285937
247438,692.1981408846224
247439,724.2109418550698
247440,47.71633913359899
247441,421.4990241634223
247442,363.80311744167557
247443,198.49263126283148
247444,231.109181998312
247445,103.77332599811868
247446,896.4766124554754
247447,751.6242582915485
247448,408.3812856728713
247449,451.3902398240918
247450,131.5271644212293
247451,1050.775047781332
247452,867.1490223883568
247453,486.6025348195696
247454,526.3896443034943
247455,720.7955899994314
247456,17.12516299234695
247457,12.587427333084083
247458,-8.92651785626878
247459,4.147608570041198
247460,275.10834536595024
247461,20.914417584764678
247462,14.590180518958975
247463,-7.289065737371682
247464,9.872714108311035
247465,64.76320165967081
247466,35.29184461598847
247467,32.96816594470416
247468,9.224372502595498
247469,28.603400310877507
247470,112.18530132268292
247471,990.4157546058534
247472,834.8460474743679
247473,471.85804152376346
247474,510.9402729003442
247475,251.75601678458295
247476,1955.2303786119398
247477,1651.1056913105172
247478,975.7846662296649
247479,1001.3638690303734
247480,315.9893660620059
247481,2340.429189895361
247482,1947.1252634152434
247483,1135.1415632972207
247484,1168.6798741479158
247485,105.50220563896461
247486,788.9151384974547
247487,639.519879790332
247488,382.8771597055114
247489,423.0695879425862
247490,219.69809246755915
247491,1580.5486104906286
247492,1316.8268007050394
247493,772.6442078516294
247494,822.797146006315
247495,246.35379860634507
247496,1864.2127555842437
247497,1570.4058888889435
247498,891.1269437884982
247499,949.2389899931688
247500,759.0941475250887
247501,570.4241757642708
247502,503.7602686943597
247503,276.03282298794744
247504,297.5477606744671
247505,768.4328514975792
247506,1179.8484763682552
247507,1003.1357471813908
247508,575.398808305896
247509,610.6334539436403
247510,704.8583542984574
247511,1395.6154281992704
247512,1185.8503264427213
247513,675.583611717889
247514,707.5964126883364
247515,95.97598512657873
247516,604.146673967843
247517,513.5667748700863
247518,284.6607284507469
247519,306.17566613726655
247520,176.41688174991936
247521,1217.79684105256
247522,1019.5779573106573
247523,592.2838412133373
247524,627.5184868510817
247525,194.645634581623
247526,1454.8332210204603
247527,1208.1894863565883
247528,691.6243830126169
247529,723.6371839830643
247530,47.71633913359899
247531,421.4990241634223
247532,363.80311744167557
247533,198.49263126283148
247534,231.109181998312
247535,103.77332599811868
247536,896.4766124554754
247537,751.6242582915485
247538,408.3812856728713
247539,451.3902398240918
247540,130.95340654922384
247541,1050.2012899093265
247542,866.5752645163514
247543,486.0287769475641
247544,525.8158864314888
247545,720.7955899994314
247546,17.12516299234695
247547,12.587427333084083
247548,-8.92651785626878
247549,4.147608570041198
247550,266.11375792591946
247551,20.914417584764678
247552,14.590180518958975
247553,-7.289065737371682
247554,9.872714108311035
247555,64.76320165967081
247556,35.29184461598847
247557,32.96816594470416
247558,9.224372502595498
247559,28.603400310877507
247560,112.18530132268292
247561,990.4157546058534
247562,834.8460474743679
247563,471.85804152376346
247564,510.9402729003442
247565,251.75601678458295
247566,1955.2303786119398
247567,1651.1056913105172
247568,975.7846662296649
247569,1001.3638690303734
247570,315.9893660620059
247571,2340.429189895361
247572,1947.1252634152434
247573,1135.1415632972207
247574,1168.6798741479158
247575,105.50220563896461
247576,788.9151384974547
247577,639.519879790332
247578,382.8771597055114
247579,423.0695879425862
247580,219.69809246755915
247581,1580.5486104906286
247582,1316.8268007050394
247583,772.6442078516294
247584,822.797146006315
247585,246.35379860634507
247586,1864.2127555842437
247587,1570.4058888889435
247588,891.1269437884982
247589,949.2389899931688
247590,744.4089039647863
247591,601.4185756735302
247592,526.4228277537692
247593,294.7263116541104
247594,320.29685680832193
247595,698.3655472239167
247596,1226.6505349112474
247597,1029.0867996928096
247598,610.9573246086835
247599,649.1499327690485
247600,616.3024977468644
247601,1446.7223716032981
247602,1213.4458030437445
247603,715.0829149414441
247604,754.9690312329816
247605,85.85929554757377
247606,633.6090588604053
247607,539.8910756028833
247608,302.73570533641094
247609,328.30625049062246
247610,173.79998713312477
247611,1263.6853963593542
247612,1049.809263275963
247613,627.8423575161248
247614,666.0349656764898
247615,201.88693329696864
247616,1514.8277595254199
247617,1249.866314748628
247618,731.123686236172
247619,771.0098025277096
247620,48.84006612868426
247621,439.92239393208405
247622,374.26403375054036
247623,209.75599169741542
247624,246.42814990058804
247625,106.97998199653709
247626,924.9258184754954
247627,773.7775753213825
247628,438.4709880399022
247629,484.43790471374325
247630,139.65975056183993
247631,1092.1297813292756
247632,899.5474061746825
247633,516.9899728449026
247634,560.8754535212398
247635,714.738513134322
247636,11.068795108209944
247637,5.7517039700460355
247638,-9.519206813052648
247639,11.35318913130439
247640,101.9222461127884
247641,11.958551049977716
247642,11.465966965915221
247643,0.04612448045574972
247644,29.583954107027697
247645,31.049652676921774
247646,30.195312458202118
247647,22.347176703043456
247648,4.983046187435642
247649,42.168896520358096
247650,118.85777945872778
247651,1024.2227473092444
247652,854.9748336967224
247653,488.9426675035117
247654,531.5017643817413
247655,263.3773141361188
247656,2099.248111452349
247657,1761.0976259657664
247658,1028.3502299585627
247659,1052.75098471718
247660,324.36244048426084
247661,2467.0045904297244
247662,2064.5368254481946
247663,1184.5403936136915
247664,1228.0964643750851
247665,114.36795959881208
247666,830.6886159861232
247667,671.125709991182
247668,402.28721134258683
247669,445.6639912452902
247670,230.47430415839534
247671,1678.7032582399668
247672,1377.4439616012005
247673,822.434214729974
247674,876.8816262155879
247675,267.0561932619003
247676,1967.6740802714792
247677,1648.9265323609177
247678,948.8702975751099
247679,1016.70758985446
247680,750.5030060274748
247681,630.3654576693147
247682,543.0136892506572
247683,317.7734260542635
247684,333.1946006340985
247685,710.4568045639562
247686,1316.7639594151206
247687,1111.1637552120274
247688,650.0796899508398
247689,689.5028351345297
247690,459.7200172514132
247691,1553.850468518973
247692,1317.2863753173367
247693,755.4166790579851
247694,801.9724250027439
247695,90.14172307159474
247696,665.6888130516854
247697,560.2503245519953
247698,327.6937169142413
247699,343.1148914940763
247700,179.76279494140385
247701,1354.8126334535966
247702,1133.7437090697276
247703,666.9647228582811
247704,706.387868041971
247705,209.63415104137292
247706,1628.8762539221918
247707,1357.3626417721198
247708,773.255714828066
247709,819.8114607728247
247710,57.070468499549314
247711,462.7950312297418
247712,396.5163553955307
247713,226.00879318484584
247714,252.531580813642
247715,121.49917393694088
247716,971.2514564442724
247717,821.0237205658266
247718,457.6753879253136
247719,504.8728416224795
247720,151.63261338254307
247721,1135.6152561834854
247722,944.5940122317571
247723,536.9777958163407
247724,587.5329061458992
247725,706.1555636015875
247726,16.399429707461614
247727,9.826636358976051
247728,2.482479731148379
247729,22.35356548574446
247730,98.21533271141747
247731,12.254020929583818
247732,12.68194412118832
247733,3.2792299888025758
247734,37.61868430330216
247735,17.519950075888666
247736,30.223742255673628
247737,24.967304460284442
247738,7.54109520444465
247739,49.528570225294686
247740,130.53699383380194
247741,1071.6545704731775
247742,913.9041115891644
247743,518.073897471412
247744,548.1596868352248
247745,269.5487423501516
247746,2221.4567724886224
247747,1840.8114321840224
247748,1091.320952279325
247749,1117.2532231630241
247750,355.90222777943416
247751,2600.6536831780422
247752,2172.219061111753
247753,1285.8063748871637
247754,1330.893961773639
247755,126.02367034089568
247756,874.9860794747096
247757,726.110066549941
247758,427.14864177385886
247759,458.05211416214615
247760,238.5634168469225
247761,1762.3921793485617
247762,1486.4656558767144
247763,852.9379228436349
247764,908.9168504543308
247765,279.99352251130034
247766,2082.6292570258415
247767,1772.1709704829757
247768,997.1491221212127
247769,1066.5179305256443
247770,722.8109363101923
247771,705.3341164315849
247772,606.1172013756344
247773,372.9265718747553
247774,388.67818419576605
247775,550.9876665213935
247776,1489.1738849565656
247777,1237.0616494433366
247778,709.9635560175689
247779,749.604952674855
247780,313.20546876503295
247781,1737.5705678006343
247782,1446.7125834484482
247783,841.2652633583493
247784,889.323725608986
247785,112.32270456364398
247786,739.7811932840003
247787,625.0591239745322
247788,383.043656361383
247789,398.7952686823937
247790,188.55729411727725
247791,1518.0904989074481
247792,1257.4594156598603
247793,727.3065216064675
247794,766.9479182637536
247795,219.02843453320185
247796,1796.225725861627
247797,1484.6066622620547
247798,859.5622318098875
247799,907.6206940605242
247800,76.88996253966097
247801,525.0164012688438
247802,447.2257426872884
247803,251.61098005576108
247804,277.96064571651266
247805,132.97757475781495
247806,1052.7716761651648
247807,886.1603265023742
247808,500.20600629244524
247809,547.5978048699482
247810,160.6051575792718
247811,1258.1578678068659
247812,1055.9233482047935
247813,621.9996483048677
247814,674.0335683470433
247815,730.8937539184668
247816,16.573779686548125
247817,14.619937928622553
247818,15.286996960382142
247819,20.71742200451853
247820,5.4404842853409425
247821,17.391160589003427
247822,23.539655529959703
247823,16.591865146463906
247824,40.45755105326465
247825,5.356081280481845
247826,38.78231130908931
247827,43.65794696483535
247828,24.985165542792668
247829,57.78333698822564
247830,148.5018968780219
247831,1190.3897843580373
247832,1013.9367449850233
247833,579.2541972918453
247834,619.3082199366169
247835,321.60366056621945
247836,2440.6221918325095
247837,1994.0874698813566
247838,1191.8299943537838
247839,1225.510171711917
247840,376.406205768362
247841,2939.767604592085
247842,2447.883278080397
247843,1411.5534288875656
247844,1452.228089263646
247845,137.47834932324494
247846,969.119013064699
247847,798.1171291317098
247848,463.29716450250856
247849,501.05227569295346
247850,284.79721640460207
247851,1925.036916131398
247852,1642.2394064613434
247853,944.3590550569872
247854,1003.9296530121886
247855,302.05064375036
247856,2286.7950911039907
247857,1918.2863529302306
247858,1116.9920798867486
247859,1177.7917256508579
247860,758.8435198953124
247861,565.0620953809173
247862,497.4938805210375
247863,273.88467021468244
247864,293.0237419492656
247865,772.3749862477572
247866,1174.4863959849017
247867,992.003197487364
247868,573.2506555326312
247869,606.1094352184392
247870,709.4586537110781
247871,1390.2005991854448
247872,1174.6650281182226
247873,673.3827103141521
247874,703.0196453326631
247875,92.80355602048773
247876,598.7845935844896
247877,507.300386696764
247878,282.5125756774819
247879,301.6516474120651
247880,173.2444526438282
247881,1212.4347606692065
247882,1008.4454076166307
247883,590.1356884400725
247884,622.9944681258805
247885,191.4204568450597
247886,1449.4183920066348
247887,1197.0041880320896
247888,689.42348160888
247889,719.0604166273911
247890,44.54391002750785
247891,416.1369437800688
247892,357.5367292683534
247893,196.3444784895665
247894,226.5851632731106
247895,100.60089689202759
247896,891.1145320721221
247897,740.4917085975218
247898,406.2331328996063
247899,446.8662210988903
247900,127.72822881266052
247901,1044.786460895501
247902,855.3899661918525
247903,483.827875543827
247904,521.2391190758156
247905,721.762694540293
247906,14.566774417889627
247907,12.41074006511329
247908,-8.270978820637595
247909,2.4272816537359425
247910,263.5477612315024
247911,18.35602901030735
247912,17.839930912916962
247913,-6.633526701740487
247914,8.15238719200578
247915,65.67755757006
247916,32.68070741105904
247917,36.16516770819001
247918,9.827162907754571
247919,26.830324764100144
247920,110.84265983792525
247921,986.8834618438336
247922,828.2571120671786
247923,471.53967637183183
247924,508.2460417964762
247925,250.41337529982508
247926,1951.6980858499196
247927,1641.371605816154
247928,975.4663010777338
247929,998.669637926506
247930,314.59397594677597
247931,2336.844148502869
247932,1937.3384292904082
247933,1134.770449514817
247934,1153.9001377827042
247935,104.15956415420692
247936,785.3828457354349
247937,635.613642825937
247938,382.5587945535798
247939,420.3753568387181
247940,218.3554509828014
247941,1577.0163177286083
247942,1309.7754136534704
247943,772.3258426996982
247944,820.1029149024474
247945,244.95840849111525
247946,1860.6277141917515
247947,1563.3017532069025
247948,890.7558300060949
247949,934.4592536279577
247950,758.8435198953124
247951,565.0620953809173
247952,497.4938805210375
247953,273.88467021468244
247954,290.92172522512584
247955,772.3749862477572
247956,1174.4863959849017
247957,992.003197487364
247958,575.1811901865527
247959,604.0074184942995
247960,717.3796761094713
247961,1390.2005991854448
247962,1174.6650281182226
247963,675.3132449680736
247964,700.9176286085234
247965,92.80355602048773
247966,598.7845935844896
247967,507.300386696764
247968,282.5125756774819
247969,299.5496306879253
247970,173.2444526438282
247971,1212.4347606692065
247972,1008.4454076166307
247973,592.066223093994
247974,620.8924514017408
247975,191.4204568450597
247976,1449.4183920066348
247977,1197.0041880320896
247978,691.3540162628016
247979,716.9583999032513
247980,44.54391002750785
247981,416.1369437800688
247982,357.5367292683534
247983,196.3444784895665
247984,224.4831465489708
247985,100.60089689202759
247986,891.1145320721221
247987,740.4917085975218
247988,408.16366755352783
247989,444.76420437475053
247990,127.72822881266052
247991,1044.786460895501
247992,855.3899661918525
247993,485.75841019774856
247994,519.1371023516758
247995,721.762694540293
247996,14.566774417889627
247997,12.41074006511329
247998,-8.270978820637595
247999,0.32526492959616154
248000,263.5477612315024
248001,18.35602901030735
248002,17.839930912916962
248003,-4.702992047818943
248004,6.050370467865997
248005,65.67755757006
248006,32.68070741105904
248007,36.16516770819001
248008,11.757697561676109
248009,24.728308039960364
248010,110.84265983792525
248011,986.8834618438336
248012,828.2571120671786
248013,471.53967637183183
248014,506.14402507233666
248015,250.41337529982508
248016,1951.6980858499196
248017,1641.371605816154
248018,977.3968357316553
248019,987.9431140313708
248020,314.59397594677597
248021,2336.844148502869
248022,1937.3384292904082
248023,1136.7009841687386
248024,1151.7981210585642
248025,104.15956415420692
248026,785.3828457354349
248027,635.613642825937
248028,382.5587945535798
248029,418.27334011457833
248030,218.3554509828014
248031,1577.0163177286083
248032,1309.7754136534704
248033,774.2563773536198
248034,809.3763910073122
248035,244.95840849111525
248036,1860.6277141917515
248037,1563.3017532069025
248038,892.6863646600165
248039,932.3572369038179
248040,759.4468077573337
248041,566.1780184855138
248042,499.4769845657242
248043,273.454610162575
248044,290.4916651730184
248045,770.6633851965419
248046,1175.6023190894985
248047,996.181835929252
248048,574.7511301344452
248049,603.577358442192
248050,705.1582659002302
248051,1391.3165222900416
248052,1178.8436665601107
248053,674.8831849159661
248054,700.4875685564159
248055,92.80302081412795
248056,599.9005166890861
248057,509.2834907414507
248058,282.08251562537447
248059,299.11957063581787
248060,173.24391743746844
248061,1213.5506837738033
248062,1012.6240460585187
248063,591.6361630418866
248064,620.4623913496333
248065,191.41992163869992
248066,1450.5343151112315
248067,1201.1828264739777
248068,690.9239562106941
248069,716.5283398511439
248070,44.54337482114806
248071,417.2528668846653
248072,359.51983331304007
248073,195.91441843745912
248074,224.05308649686341
248075,100.6003616856678
248076,892.2304551767186
248077,744.6703470394098
248078,407.7336075014204
248079,444.3341443226431
248080,127.72769360630073
248081,1045.9023840000978
248082,859.5686046337405
248083,485.32835014564114
248084,518.7070422995683
248085,721.7621593339331
248086,15.682697522486173
248087,11.107835013344769
248088,-8.701038872745007
248089,-0.1047951225112523
248090,263.5472260251426
248091,19.471952114903893
248092,16.53702586114844
248093,-5.133052099926356
248094,5.620310415758583
248095,65.67702236370022
248096,33.79663051565558
248097,34.862262656421485
248098,11.327637509568696
248099,24.29824798785295
248100,110.84212463156547
248101,987.9993849484301
248102,832.3925509670661
248103,471.1096163197244
248104,505.71396502022924
248105,250.4128400934653
248106,1952.8140089545163
248107,1645.5070447160415
248108,976.9667756795478
248109,987.5130539792633
248110,314.59344074041616
248111,2337.9600716074656
248112,1941.4738681902957
248113,1136.2709241166312
248114,1151.3680610064569
248115,104.15902894784713
248116,786.4987688400314
248117,637.0663832830302
248118,382.12873450147237
248119,417.8432800624709
248120,218.3549157764416
248121,1578.132240833205
248122,1311.2281541105638
248123,773.8263173015123
248124,808.9463309552048
248125,244.95787328475546
248126,1861.7436372963482
248127,1564.7544936639958
248128,892.256304607909
248129,931.9271768517104
248130,759.4468077573337
248131,566.1780184855138
248132,499.4769845657242
248133,273.454610162575
248134,290.4916651730184
248135,767.0014950008183
248136,1174.0022295834565
248137,994.58174642321
248138,574.7511301344452
248139,603.577358442192
248140,705.1582659002302
248141,1391.3165222900416
248142,1178.8436665601107
248143,674.8831849159661
248144,700.4875685564159
248145,92.80302081412795
248146,599.9005166890861
248147,509.2834907414507
248148,282.08251562537447
248149,299.11957063581787
248150,173.24391743746844
248151,1213.5506837738033
248152,1012.6240460585187
248153,591.6361630418866
248154,620.4623913496333
248155,191.41992163869992
248156,1450.5343151112315
248157,1201.1828264739777
248158,690.9239562106941
248159,716.5283398511439
248160,44.54337482114806
248161,417.2528668846653
248162,359.51983331304007
248163,195.91441843745912
248164,224.05308649686341
248165,100.6003616856678
248166,892.2304551767186
248167,744.6703470394098
248168,407.7336075014204
248169,444.3341443226431
248170,127.72769360630073
248171,1045.9023840000978
248172,859.5686046337405
248173,485.32835014564114
248174,518.7070422995683
248175,721.7621593339331
248176,15.682697522486173
248177,11.107835013344769
248178,-8.701038872745007
248179,-0.1047951225112523
248180,254.55263858511202
248181,19.471952114903893
248182,16.53702586114844
248183,-5.133052099926356
248184,5.620310415758583
248185,65.67702236370022
248186,33.79663051565558
248187,34.862262656421485
248188,11.327637509568696
248189,24.29824798785295
248190,110.84212463156547
248191,987.9993849484301
248192,832.3925509670661
248193,471.1096163197244
248194,505.71396502022924
248195,250.4128400934653
248196,1952.8140089545163
248197,1645.5070447160415
248198,976.9667756795478
248199,987.5130539792633
248200,314.59344074041616
248201,2337.9600716074656
248202,1941.4738681902957
248203,1136.2709241166312
248204,1151.3680610064569
248205,104.15902894784713
248206,786.4987688400314
248207,637.0663832830302
248208,382.12873450147237
248209,417.8432800624709
248210,218.3549157764416
248211,1578.132240833205
248212,1311.2281541105638
248213,773.8263173015123
248214,808.9463309552048
248215,244.95787328475546
248216,1861.7436372963482
248217,1564.7544936639958
248218,892.256304607909
248219,931.9271768517104
248220,746.6023972816387
248221,599.0132514793808
248222,523.9803767097412
248223,293.9889319133456
248224,309.4322413513661
248225,704.0379634189533
248226,1222.1989507760486
248227,1021.9274615842293
248228,610.2199448679187
248229,638.2853173120927
248230,618.4959910637169
248231,1444.317047409149
248232,1208.3327248762134
248233,714.3455352006793
248234,744.1044157760258
248235,84.52716431973036
248236,631.2037346662559
248237,537.4486245588554
248238,301.9983255956461
248239,317.4416350336666
248240,172.4678559052814
248241,1261.280072165205
248242,1044.696185108432
248243,627.10497777536
248244,655.170350219534
248245,200.55480206912523
248246,1512.4224353312707
248247,1244.7532365810969
248248,730.3863064954072
248249,760.1451870707538
248250,47.50793490084086
248251,437.51706973793466
248252,371.82158270651246
248253,209.0186119566506
248254,235.5635344436322
248255,105.64785076869369
248256,922.5204942813459
248257,768.6644971538512
248258,437.73360829913736
248259,473.5732892567874
248260,138.32761933399652
248261,1089.7244571351264
248262,894.4343280071512
248263,516.2525931041378
248264,550.010838064284
248265,714.7183509458778
248266,9.975439953459624
248267,4.621221965417176
248268,-8.944617514418416
248269,1.800542713747611
248270,105.16350403573412
248271,10.8651958952274
248272,13.761922623215142
248273,0.6207137790899843
248274,20.03130768947094
248275,31.029490488477414
248276,29.1019573034518
248277,24.64313236034338
248278,5.5576354860698745
248279,32.616250102801274
248280,118.83761727028336
248281,1023.1293921544941
248282,853.8443516920936
248283,489.5172568021459
248284,521.9491179641847
248285,263.35715194767437
248286,2098.1547562975984
248287,1756.821993873964
248288,1028.924819257197
248289,1034.5738311286277
248290,324.3422782958164
248291,2465.911235274974
248292,2060.2611933563917
248293,1185.1149829123258
248294,1206.5110613266568
248295,114.3477974103677
248296,829.5952608313729
248297,669.9952279865532
248298,402.861800641221
248299,436.1113448277334
248300,230.45414196995097
248301,1677.6099030852165
248302,1373.168329509398
248303,823.0088040286083
248304,858.7044726270358
248305,267.0360310734559
248306,1966.580725116729
248307,1644.6509002691153
248308,949.4448868737443
248309,995.1221868060319
248310,753.6831290173537
248311,627.7643961105922
248312,540.3755008420562
248313,320.02473882083837
248314,321.96795996945474
248315,718.2073326903069
248316,1312.1166379153485
248317,1103.8086797388735
248318,652.3310027174148
248319,675.028093333727
248320,462.90014024129204
248321,1551.2494069602506
248322,1311.9775597852324
248323,757.6679918245601
248324,787.4976832019412
248325,89.79622151677769
248326,663.087751492963
248327,557.6121361433943
248328,329.94502968081616
248329,331.88825082943254
248330,179.41729338658686
248331,1352.2115718948742
248332,1128.4348935376233
248333,669.2160356248561
248334,691.9131262411684
248335,209.28864948655593
248336,1626.2751923634694
248337,1352.0538262400155
248338,775.5070275946409
248339,805.336718972022
248340,56.72496694473231
248341,460.1939696710193
248342,393.87816698692967
248343,228.26010595142074
248344,241.30494014899827
248345,121.15367238212384
248346,968.65039488555
248347,815.7149050337223
248348,459.92670069188847
248349,490.3980998216766
248350,151.28711182772608
248351,1133.014194624763
248352,939.2851966996528
248353,539.2291085829157
248354,573.0581643450965
248355,706.1274156395522
248356,14.115721741520785
248357,7.505801543156688
248358,5.051146090504903
248359,11.444278413882378
248360,95.07068009620963
248361,9.970312963643002
248362,13.787546967297736
248363,5.847896348159098
248364,29.038268815293634
248365,17.49180211385327
248366,27.940034289732786
248367,26.07290730639386
248368,10.109761563801175
248369,40.94815473728619
248370,130.50884587176657
248371,1069.3708625072368
248372,911.583276773345
248373,520.6425638307686
248374,537.2503997633628
248375,269.5205943881161
248376,2219.1730645226817
248377,1835.3454472810295
248378,1093.8896186386817
248379,1091.8464117422109
248380,355.8740798173987
248381,2598.3699752121015
248382,2166.75307620876
248383,1288.3750412465204
248384,1302.0789008929496
248385,125.9955223788602
248386,872.7023715087688
248387,723.7892317341217
248388,429.71730813321534
248389,447.142827090284
248390,238.5352688848871
248391,1760.108471382621
248392,1480.9996709737215
248393,855.5065892029914
248394,883.5100390335175
248395,279.9653745492649
248396,2080.345549059901
248397,1766.7049855799828
248398,999.7177884805693
248399,1037.702869644955
248400,723.4478101603315
248401,705.9709902817241
248402,602.8705259109795
248403,373.93577962544305
248404,379.5124311277389
248405,556.1949455080045
248406,1487.764498865655
248407,1231.7687140376318
248408,712.797792481448
248409,738.7506817262137
248410,313.8423426151721
248411,1738.2074416507733
248412,1443.465907983793
248413,844.0994998222285
248414,878.4694546603447
248415,112.95957841378312
248416,740.4180671341395
248417,621.8124485098773
248418,384.0528641120707
248419,389.6295156143666
248420,189.19416796741643
248421,1518.727372757587
248422,1254.212740195205
248423,730.1407580703467
248424,756.0936473151123
248425,219.66530838334103
248426,1796.862599711766
248427,1481.3599867973994
248428,862.3964682737667
248429,896.7664231118829
248430,77.5268363898001
248431,525.653275118983
248432,443.9790672226333
248433,252.62018780644885
248434,268.79489264848553
248435,133.61444860795413
248436,1053.4085500153037
248437,882.9136510377193
248438,503.04024275632435
248439,536.7435339213068
248440,161.24203142941099
248441,1258.7947416570048
248442,1052.6766727401382
248443,624.8338847687469
248444,663.179297398402
248445,730.5803677745689
248446,16.260393542650277
248447,14.306551784724709
248448,14.973610816484298
248449,10.276800144429691
248450,5.127098141443098
248451,17.07777444510558
248452,23.22626938606185
248453,16.27847900256606
248454,30.016929193175773
248455,5.042695136583999
248456,38.468925165191465
248457,43.3445608209375
248458,24.67177939889482
248459,47.34271512813679
248460,148.1885107341241
248461,1190.0763982141395
248462,1013.6233588411254
248463,578.9408111479474
248464,608.867598076528
248465,321.2902744223216
248466,2440.3088056886118
248467,1993.7740837374588
248468,1191.516608209886
248469,1206.4450426808328
248470,376.09281962446414
248471,2939.454218448187
248472,2447.569891936499
248473,1411.2400427436678
248474,1441.7874674035572
248475,137.16496317934713
248476,968.805626920801
248477,797.8037429878119
248478,462.9837783586107
248479,490.6116538328646
248480,284.4838302607042
248481,1924.7235299875001
248482,1641.9260203174456
248483,944.0456689130893
248484,984.8645239811043
248485,301.73725760646215
248486,2286.481704960093
248487,1917.9729667863328
248488,1116.6786937428508
248489,1167.351103790769
248490,759.9274247795059
248491,565.6989692310565
248492,494.24720505638226
248493,274.89387796537017
248494,291.88320787328973
248495,771.3356564120604
248496,1173.5620355422268
248497,987.1952877298953
248498,578.0154266504319
248499,603.2803832618491
248500,702.4410506570392
248501,1390.8374730355838
248502,1171.4183526535674
248503,678.1474814319528
248504,700.190593376073
248505,93.44042987062686
248506,599.4214674346288
248507,504.0537112321085
248508,283.5217834281696
248509,300.5111133360892
248510,173.88132649396738
248511,1213.0716345193455
248512,1005.1987321519763
248513,594.9004595578732
248514,620.1654161692904
248515,192.05733069519889
248516,1450.0552658567738
248517,1193.7575125674343
248518,694.1882527266807
248519,716.231364670801
248520,45.18078387764699
248521,416.77381763020793
248522,354.2900538036983
248523,197.3536862402543
248524,225.44462919713473
248525,101.23777074216672
248526,891.7514059222613
248527,737.2450331328669
248528,410.99790401740694
248529,444.03716914230006
248530,128.36510266279973
248531,1045.42333474564
248532,852.1432907271976
248533,488.59264666162767
248534,518.4100671192255
248535,721.449308396395
248536,14.25338827399178
248537,12.097353921215445
248538,-8.584364964535439
248539,0.011878785698317199
248540,279.23109134077725
248541,18.0426428664095
248542,17.526544769019118
248543,-5.016378191716787
248544,5.736984323968152
248545,65.36417142616217
248546,32.367321267161195
248547,35.851781564292175
248548,11.444311417778264
248549,24.414921896062516
248550,110.52927369402741
248551,986.5700756999357
248552,827.9437259232807
248553,471.226290227934
248554,505.8306389284388
248555,250.09998915592726
248556,1951.3846997060218
248557,1641.0582196722562
248558,977.0834495877574
248559,987.6297278874729
248560,314.2805898028781
248561,2336.530762358971
248562,1937.0250431465104
248563,1136.3875980248408
248564,1151.4847349146664
248565,103.84617801030907
248566,785.069459591537
248567,635.300256682039
248568,382.24540840968194
248569,417.9599539706805
248570,218.04206483890357
248571,1576.7029315847105
248572,1309.4620275095726
248573,773.9429912097219
248574,809.0630048634143
248575,244.64502234721743
248576,1860.3143280478537
248577,1562.9883670630047
248578,892.3729785161186
248579,932.04385075992
248580,759.9274247795059
248581,565.6989692310565
248582,494.24720505638226
248583,274.89387796537017
248584,290.76839957150133
248585,771.3356564120604
248586,1173.5620355422268
248587,987.1952877298953
248588,578.0154266504319
248589,602.1655749600608
248590,710.3620730554325
248591,1390.8374730355838
248592,1171.4183526535674
248593,678.1474814319528
248594,699.0757850742847
248595,93.44042987062686
248596,599.4214674346288
248597,504.0537112321085
248598,283.5217834281696
248599,299.3963050343008
248600,173.88132649396738
248601,1213.0716345193455
248602,1005.1987321519763
248603,594.9004595578732
248604,619.0506078675021
248605,192.05733069519889
248606,1450.0552658567738
248607,1193.7575125674343
248608,694.1882527266807
248609,715.1165563690126
248610,45.18078387764699
248611,416.77381763020793
248612,354.2900538036983
248613,197.3536862402543
248614,224.32982089534636
248615,101.23777074216672
248616,891.7514059222613
248617,737.2450331328669
248618,410.99790401740694
248619,442.92236084051166
248620,128.36510266279973
248621,1045.42333474564
248622,852.1432907271976
248623,488.59264666162767
248624,517.2952588174371
248625,721.449308396395
248626,14.25338827399178
248627,12.097353921215445
248628,-8.584364964535439
248629,0.7788850439333164
248630,279.23109134077725
248631,18.0426428664095
248632,17.526544769019118
248633,-5.016378191716787
248634,6.5039905822031505
248635,65.36417142616217
248636,32.367321267161195
248637,35.851781564292175
248638,11.444311417778264
248639,25.181928154297513
248640,110.52927369402741
248641,986.5700756999357
248642,827.9437259232807
248643,471.226290227934
248644,503.62898201139103
248645,250.09998915592726
248646,1951.3846997060218
248647,1641.0582196722562
248648,977.0834495877574
248649,985.4280709704251
248650,314.2805898028781
248651,2336.530762358971
248652,1937.0250431465104
248653,1136.3875980248408
248654,1149.2830779976184
248655,103.84617801030907
248656,785.069459591537
248657,635.300256682039
248658,382.24540840968194
248659,415.4657832176134
248660,218.04206483890357
248661,1576.7029315847105
248662,1309.4620275095726
248663,773.9429912097219
248664,806.5688341103473
248665,244.64502234721743
248666,1860.3143280478537
248667,1562.9883670630047
248668,892.3729785161186
248669,929.549680006853
248670,759.6923165541308
248671,565.9764962482567
248672,495.39191301367254
248673,275.9052697338861
248674,285.1880403134863
248675,770.4967251183042
248676,1173.8395625594264
248677,990.5355300843869
248678,581.0916107391066
248679,596.5852157020458
248680,697.3022667587949
248681,1391.1150000527834
248682,1174.7585950080584
248683,681.2236655206275
248684,693.4954258162697
248685,92.6014985768703
248686,599.6989944518289
248687,505.1984191893988
248688,284.53317519668553
248689,293.81594577628573
248690,173.04239520021082
248691,1213.3491615365451
248692,1008.5389745064672
248693,597.9766436465479
248694,613.4702486094872
248695,191.2183994014423
248696,1450.3327928739734
248697,1197.0977549219253
248698,697.2644368153555
248699,709.5361971109977
248700,44.341852583890464
248701,417.0513446474078
248702,355.43476176098835
248703,198.36507800877007
248704,218.74946163733122
248705,100.39883944841016
248706,892.0289329394614
248707,740.5852754873584
248708,414.0740881060815
248709,437.3420015824966
248710,127.52617136904311
248711,1045.7008617628396
248712,855.4835330816892
248713,491.6688307503022
248714,511.7148995594215
248715,723.676886024254
248716,14.880093251193024
248717,10.305230742051627
248718,-7.223795236018188
248719,-1.3614293461183016
248720,307.6665133730203
248721,18.669347843610748
248722,15.7344215898553
248723,-1.59101614304088
248724,4.363676192151535
248725,67.59174905402088
248726,32.99402624436244
248727,34.05965838512834
248728,14.869673466454174
248729,23.0416137642459
248730,109.53082258319276
248731,986.6880829000577
248732,831.0812489186936
248733,472.0781621793718
248734,494.9422307244474
248735,249.10153804509278
248736,1951.5027069061434
248737,1644.1957426676686
248738,980.000113859354
248739,976.7413196834815
248740,313.2821386920436
248741,2336.648769559093
248742,1940.1625661419228
248743,1139.304262296437
248744,1140.5963267106747
248745,102.84772689947442
248746,785.187466791659
248747,635.7550812346577
248748,383.0972803611198
248749,406.7790319306698
248750,217.0436137280689
248751,1576.8209387848322
248752,1309.9168520621909
248753,776.8596554813184
248754,797.8820828234037
248755,243.64657123638287
248756,1860.4323352479753
248757,1563.443191615623
248758,895.2896427877151
248759,920.8629287199094
248760,759.6923165541308
248761,565.9764962482567
248762,495.39191301367254
248763,275.9052697338861
248764,285.1880403134863
248765,771.5388380919601
248766,1173.3545369111907
248767,990.0505044361512
248768,581.0916107391066
248769,596.5852157020458
248770,697.3022667587949
248771,1391.1150000527834
248772,1174.7585950080584
248773,681.2236655206275
248774,693.4954258162697
248775,92.6014985768703
248776,599.6989944518289
248777,505.1984191893988
248778,284.53317519668553
248779,293.81594577628573
248780,173.04239520021082
248781,1213.3491615365451
248782,1008.5389745064672
248783,597.9766436465479
248784,613.4702486094872
248785,191.2183994014423
248786,1450.3327928739734
248787,1197.0977549219253
248788,697.2644368153555
248789,709.5361971109977
248790,44.341852583890464
248791,417.0513446474078
248792,355.43476176098835
248793,198.36507800877007
248794,218.74946163733122
248795,100.39883944841016
248796,892.0289329394614
248797,740.5852754873584
248798,414.0740881060815
248799,437.3420015824966
248800,127.52617136904311
248801,1045.7008617628396
248802,855.4835330816892
248803,491.6688307503022
248804,511.7148995594215
248805,723.676886024254
248806,14.880093251193024
248807,10.305230742051627
248808,-7.223795236018188
248809,-1.3614293461183016
248810,298.6719259329896
248811,18.669347843610748
248812,15.7344215898553
248813,-1.59101614304088
248814,4.363676192151535
248815,67.59174905402088
248816,32.99402624436244
248817,34.05965838512834
248818,14.869673466454174
248819,23.0416137642459
248820,109.53082258319276
248821,971.2223964575999
248822,831.0812489186936
248823,472.0781621793718
248824,494.9422307244474
248825,249.10153804509278
248826,1936.0370204636856
248827,1644.1957426676686
248828,980.000113859354
248829,976.7413196834815
248830,313.2821386920436
248831,2321.183083116635
248832,1940.1625661419228
248833,1139.304262296437
248834,1140.5963267106747
248835,102.84772689947442
248836,785.187466791659
248837,635.7550812346577
248838,383.0972803611198
248839,406.7790319306698
248840,217.0436137280689
248841,1576.8209387848322
248842,1309.9168520621909
248843,776.8596554813184
248844,797.8820828234037
248845,243.64657123638287
248846,1860.4323352479753
248847,1563.443191615623
248848,895.2896427877151
248849,920.8629287199094
248850,746.8479060784358
248851,598.8117292421234
248852,519.8953051576899
248853,296.43959148465666
248854,305.24342479362235
248855,703.312366902905
248856,1221.9974285387905
248857,1017.8423900321764
248858,616.56042547258
248859,632.4079828737349
248860,610.6399919222814
248861,1444.1155251718908
248862,1204.247653324161
248863,720.6860158053406
248864,738.227081337668
248865,84.32564208247271
248866,631.0022124289986
248867,533.3635530068041
248868,304.4489851669572
248869,313.2528184759229
248870,172.26633366802378
248871,1261.0785499279468
248872,1040.6111135563797
248873,633.4454583800214
248874,649.2930157811762
248875,200.3532798318676
248876,1512.2209130940125
248877,1240.6681650290445
248878,736.7267871000686
248879,754.2678526323959
248880,47.30641266358326
248881,437.31554750067716
248882,367.73651115446074
248883,211.46927152796155
248884,231.37471788588837
248885,105.44632853143604
248886,922.3189720440887
248887,764.5794256017999
248888,444.07408890379844
248889,467.6959548184293
248890,138.1260970967389
248891,1089.5229348978683
248892,890.3492564550999
248893,522.5930737087991
248894,544.1335036259262
248895,716.6330776361987
248896,9.172835682166482
248897,3.818617694124035
248898,-7.4673738776916005
248899,-0.22309776809443713
248900,139.32151599571765
248901,10.062591623934258
248902,12.959318351922
248903,4.162749735975458
248904,18.007667207628884
248905,32.94421717879809
248906,28.29935303215867
248907,23.84052808905023
248908,9.099671442955355
248909,30.592609620959227
248910,117.52631522191068
248911,1006.3524036636635
248912,852.5330496437211
248913,490.4858026617933
248914,513.3790405854506
248915,262.0458498993018
248916,2081.3777678067677
248917,1755.510691825591
248918,1031.9581574370027
248919,1026.0037537498936
248920,323.03097624744385
248921,2449.134246784143
248922,2058.9498913080192
248923,1188.1483210921315
248924,1197.9409839479226
248925,113.036495361995
248926,828.2839587830005
248927,668.6839259381808
248928,403.8303465008684
248929,427.54126744899935
248930,229.14283992157826
248931,1676.2986010368436
248932,1371.8570274610252
248933,826.0421422084145
248934,850.1343952483018
248935,265.7247290250833
248936,1965.269423068356
248937,1643.3395982207423
248938,952.4782250535504
248939,986.5521094272979
248940,753.2384906679789
248941,626.872726727163
248942,528.55038629756
248943,325.7232654903153
248944,313.1277700562158
248945,716.8068775314844
248946,1311.240257035316
248947,1091.9988536977737
248948,661.9346389236397
248949,664.5146740432717
248950,462.97063488419826
248951,1550.0986214965562
248952,1299.8933291604708
248953,766.997223447123
248954,776.7098593278239
248955,89.1708915271518
248956,662.4624215033374
248957,546.0533609927016
248958,335.9098957440967
248959,323.31440030999715
248960,178.8072519003587
248961,1351.6015304086452
248962,1116.891406890327
248963,679.0860112248846
248964,681.6660463445166
248965,208.4042034166658
248966,1625.3907462935786
248967,1340.2359350090574
248968,785.1025986110075
248969,794.8152344917083
248970,56.09963695510634
248971,459.5686396813936
248972,382.3193918362367
248973,234.22497201470108
248974,232.73108962956275
248975,120.54363089589563
248976,968.0403533993222
248977,804.1714183864274
248978,469.79667629191675
248979,480.1510199250246
248980,150.40266575783596
248981,1132.129748554872
248982,927.4673054686959
248983,548.8246795992823
248984,562.5366798647829
248985,701.4633681286334
248986,14.690884777947629
248987,1.031068733310496
248988,10.545755443102404
248989,5.538763194249917
248990,113.81807200066737
248991,9.75380488999675
248992,6.521143047378445
248993,13.914042747029113
248994,23.639498321775022
248995,19.718220418158875
248996,27.449121632424575
248997,18.532098802812612
248998,17.90150337900923
248999,35.27497966010562
249000,130.98397253014446
249001,1057.3039161825402
249002,907.9321210448342
249003,527.432977345389
249004,524.7989071134671
249005,268.79538853739047
249006,2202.9821722294982
249007,1827.5703455840298
249008,1101.4470672604714
249009,1078.097161879326
249010,354.20259010628513
249011,2581.23279905853
249012,2158.0316906513735
249013,1294.9862060079222
249014,1287.3833671696768
249015,126.47064903723809
249016,872.0111709880213
249017,716.0481353671012
249018,435.2439697648253
249019,433.4275825573779
249020,237.81006303416137
249021,1759.3832655318945
249022,1473.224569276722
249023,863.0640378247823
249024,869.7607891706335
249025,278.2938848381513
249026,2078.6740593487875
249027,1757.9836000225953
249028,1006.3289532419722
249029,1023.0073359216829
249030,723.0475272635372
249031,705.1236763508754
249032,594.9733161338578
249033,379.30632784695183
249034,370.39198786905564
249035,554.8388458017622
249036,1486.932473438203
249037,1223.8867927639067
249038,720.2484215265134
249039,729.6455269709284
249040,313.9571927106588
249041,1737.1010116396594
249042,1435.309582126406
249043,851.2757242836319
249044,869.0898953213974
249045,112.37860387673763
249046,739.8370925970944
249047,614.1815781265592
249048,389.68975172738305
249049,380.77541174948686
249050,188.62848193376868
249051,1518.1616867239386
249052,1246.5971583152834
249053,737.8577265092157
249054,747.2548319536306
249055,218.82521776603133
249056,1796.0225090944557
249057,1473.470000333816
249058,869.8390321289737
249059,887.6532031667392
249060,76.94586185275458
249061,525.0723005819378
249062,436.348196839315
249063,258.2570754217612
249064,259.9407887836058
249065,133.04876257430635
249066,1052.8428639816552
249067,875.298069157799
249068,510.75721119519307
249069,527.9047185598251
249070,160.4019408121013
249071,1257.9546510396945
249072,1044.7866862765547
249073,632.2764486239539
249074,654.0660774532583
249075,725.9163202636502
249076,16.835556579077117
249077,7.8318189748785185
249078,20.4682201690818
249079,4.371284924797229
249080,23.87449004590083
249081,16.861266371459326
249082,15.959865466142569
249083,24.344625401436083
249084,24.61815869965716
249085,7.269113440889595
249086,37.97801250788324
249087,35.80375231735621
249088,32.46352121410287
249089,41.669540050956215
249090,148.66363739250198
249091,1178.009451889443
249092,1009.9722031126139
249093,585.7312246625678
249094,596.4161054266323
249095,320.565068571596
249096,2424.1179133954283
249097,1979.9340573483482
249098,1199.0740568316758
249099,1192.695792817948
249100,374.4213299133506
249101,2922.3170422946155
249102,2432.7835816870015
249103,1417.8512075050696
249104,1427.0919336802845
249105,137.64008983772501
249106,968.1144264000535
249107,790.0626466207914
249108,468.5104399902207
249109,476.89640929995846
249110,283.7586244099786
249111,1923.9983241367736
249112,1630.8535742695371
249113,951.6031175348802
249114,971.1152741182203
249115,300.0657678953486
249116,2284.8102152489796
249117,1905.9542368780365
249118,1123.2898585042526
249119,1152.6555700674962
249120,757.7783463012786
249121,563.5498907528292
249122,485.0482307318819
249123,279.7612351478165
249124,281.1447652737556
249125,769.2018664372308
249126,1171.4282455673963
249127,978.0116019087924
249128,584.9628646564349
249129,592.5572291657131
249130,700.0328560985475
249131,1388.4292784770914
249132,1161.9602622488019
249133,684.8205148542938
249134,689.193034696275
249135,91.29135139239911
249136,597.2723889564014
249137,494.8547369076078
249138,288.3891406106159
249139,289.772670736555
249140,171.74753651913733
249141,1210.937844544515
249142,996.0150463308732
249143,601.8478975638762
249144,609.4422620731544
249145,189.64913613670686
249146,1447.6470712982814
249147,1184.2994221626689
249148,700.8612861490218
249149,705.233805991003
249150,43.031705399419266
249151,414.62473915198035
249152,345.0910794791977
249153,202.22104342270046
249154,214.70618659760052
249155,99.10398076733668
249156,889.6176159474317
249157,728.0613473117643
249158,417.94534202340964
249159,433.31401504616366
249160,125.9569081043077
249161,1043.0151401871476
249162,842.685200322433
249163,495.2656800839684
249164,507.41250843942663
249165,724.2736410842788
249166,14.002698165106453
249167,4.796767966057082
249168,-3.117035248933797
249169,-5.153909812695008
249170,316.4363526274816
249171,18.008495443001063
249172,10.442501499337645
249173,4.030702365707339
249174,2.0861542472386594
249175,80.52246632429966
249176,31.0505554645408
249177,27.485119915398744
249178,19.208773595990447
249179,19.481473440121093
249180,110.98153388295252
249181,974.4802629057875
249182,824.2697037253171
249183,478.79241078141774
249184,491.9531964003587
249185,250.36013063129883
249186,1936.1791547389348
249187,1634.268465301354
249188,986.4248190439617
249189,973.4627419419544
249190,312.58623362231174
249191,2319.3707197359468
249192,1928.2807911196703
249193,1143.7744698251063
249194,1135.3632513132093
249195,104.29843819923418
249196,784.3553926013367
249197,627.5362938455658
249198,388.54777708015536
249199,402.52624572357075
249200,218.30220631427488
249201,1576.9630730600813
249202,1302.6722731386703
249203,783.2843606659262
249204,794.6035050818768
249205,242.95066616665096
249206,1858.6199718672867
249207,1554.2441150361647
249208,899.7598503163849
249209,915.6298533224445
249210,764.1131266640342
249211,569.7769890538773
249212,500.3193734593954
249213,305.06602443438817
249214,263.7043912571685
249215,778.9488762119482
249216,1182.416306861513
249217,1000.7143347528776
249218,611.0964526978657
249219,571.7360174255036
249220,724.4723436768809
249221,1396.7385536570923
249222,1181.9842089787714
249223,711.7472850826053
249224,669.4107746669147
249225,92.58226941856432
249226,601.4535086042728
249227,508.0799009819452
249228,311.647951244011
249229,270.28631806679135
249230,174.32744923737414
249231,1216.4079588844588
249232,1013.1998322207844
249233,625.9355069521304
249234,586.5750716797683
249235,193.02223104182448
249236,1453.9103678251056
249237,1202.2773902394617
249238,725.7420777241566
249239,683.405567308466
249240,44.88982938095768
249241,419.373064755225
249242,358.88344950890763
249243,226.0877331950249
249244,198.54502143099361
249245,102.25109944094663
249246,895.6549362427477
249247,745.8133391570487
249248,441.1629265783146
249249,414.25166527189424
249250,129.8972089647985
249251,1049.845642669345
249252,861.2303743545983
249253,519.2764468257556
249254,489.38911037600514
249255,723.994113995844
249256,16.19097723628391
249257,12.145542148905616
249258,13.78563900661044
249259,-2.1857086901507374
249260,190.87269561026062
249261,19.980231828701637
249262,14.148295334780508
249263,13.246585897933095
249264,-8.134578454974186
249265,59.867857162035016
249266,34.35765885992542
249267,32.52628076052568
249268,29.760024137900235
249269,10.841877271560659
249270,109.00368073833114
249271,994.2417664418349
249272,825.3331655165977
249273,515.141526362161
249274,473.1837251175157
249275,248.57439620023118
249276,1959.0563904479204
249277,1632.105150471774
249278,1022.5811156218376
249279,953.0024600353831
249280,312.8077454776541
249281,2344.2552017313424
249282,1933.4592864763447
249283,1194.904781155675
249284,1110.7406441880864
249285,102.55049601764762
249286,786.5661447585023
249287,634.9075411144024
249288,426.3905555069426
249289,385.5429511227928
249290,216.74638284624223
249291,1578.1996167516756
249292,1312.2144620291094
249293,819.6705682068368
249294,774.6656479743589
249295,243.40208898502823
249296,1861.8637618452908
249297,1565.7935502130135
249298,951.1200726099872
249299,891.5296709963743
249300,765.1471238519335
249301,571.3236214843519
249302,502.73318682996023
249303,305.0666737081589
249304,263.7050405309392
249305,778.0747671359973
249306,1182.6586560965186
249307,1004.0193993251744
249308,609.7928187761671
249309,570.432383503805
249310,712.6816427935178
249311,1398.2851860875674
249312,1186.5935567465378
249313,711.7479343563759
249314,669.4114239406853
249315,93.01244353808266
249316,603.0001410347473
249317,510.49371435251
249318,311.6486005177817
249319,270.28696734056206
249320,173.45334016142323
249321,1216.6503081194644
249322,1016.5048967930812
249323,624.6318730304317
249324,585.2714377580696
249325,193.45240516134285
249326,1455.4570002555806
249327,1206.8867380072281
249328,725.7427269979272
249329,683.4062165822365
249330,45.32000350047602
249331,420.91969718569965
249332,361.29726287947244
249333,226.08838246879566
249334,198.54567070476438
249335,101.37699036499573
249336,895.897285477753
249337,749.1184037293456
249338,439.8592926566161
249339,412.9480313501957
249340,130.32738308431686
249341,1051.39227509982
249342,865.8397221223644
249343,519.2770960995261
249344,489.38975964977584
249345,723.2325144632281
249346,16.545836014624403
249347,10.081572770881046
249348,12.594514628246978
249349,-3.3768330685142
249350,190.1110960776448
249351,20.33509060704213
249352,12.084325956755938
249353,12.055461519569633
249354,-9.325702833337647
249355,59.10625762941918
249356,34.712517638265915
249357,30.462311382501102
249358,28.56889975953677
249359,9.650752893197197
249360,108.24208120571531
249361,994.5966252201753
249362,828.707540090229
249363,513.9504019837974
249364,471.99260073915224
249365,247.81279666761534
249366,1959.4112492262611
249367,1635.4795250454056
249368,1021.389991243474
249369,951.8113356570195
249370,312.0461459450383
249371,2344.610060509683
249372,1936.8336610499762
249373,1193.7136567773116
249374,1109.549519809723
249375,101.78889648503178
249376,786.9210035368427
249377,635.5992172452395
249378,425.19943112857914
249379,384.35182674442933
249380,215.9847833136264
249381,1578.5544755300164
249382,1312.9061381599467
249383,818.4794438284732
249384,773.4745235959953
249385,242.6404894524124
249386,1862.2186206236315
249387,1566.4852263438509
249388,949.9289482316236
249389,890.3385466180107
249390,764.0514264592033
249391,570.2279240916216
249392,501.63748943722965
249393,303.9709763154285
249394,262.6093431382088
249395,773.3901304316938
249396,1181.5629587037881
249397,1002.9237019324441
249398,608.6971213834369
249399,569.3366861110748
249400,711.5859454007875
249401,1397.1894886948369
249402,1185.4978593538074
249403,710.6522369636457
249404,668.315726547955
249405,91.9167461453523
249406,601.9044436420171
249407,509.39801695977974
249408,310.55290312505133
249409,269.1912699478317
249410,172.35764276869287
249411,1215.554610726734
249412,1015.4091994003509
249413,623.5361756377015
249414,584.1757403653394
249415,192.3567077686125
249416,1454.3613028628502
249417,1205.7910406144977
249418,724.647029605197
249419,682.3105191895063
249420,44.22430610774566
249421,419.8239997929693
249422,360.2015654867421
249423,224.9926850760653
249424,197.44997331203402
249425,100.28129297226538
249426,894.8015880850228
249427,748.0227063366153
249428,438.76359526388575
249429,411.85233395746536
249430,129.2316856915865
249431,1050.2965777070895
249432,864.7440247296341
249433,518.1813987067959
249434,488.2940622570455
249435,722.1368170704978
249436,15.45013862189405
249437,8.985875378150691
249438,11.498817235516627
249439,-4.472530461244557
249440,180.02081124488376
249441,19.23939321431177
249442,10.988628564025587
249443,10.959764126839278
249444,-10.421400226068005
249445,58.01056023668882
249446,33.61682024553556
249447,29.366613989770745
249448,27.47320236680641
249449,8.555055500466832
249450,107.14638381298495
249451,993.500927827445
249452,827.6118426974988
249453,512.8547045910672
249454,470.8969033464219
249455,246.71709927488504
249456,1958.3155518335307
249457,1634.383827652675
249458,1020.2942938507438
249459,950.7156382642893
249460,310.95044855230793
249461,2343.5143631169526
249462,1935.7379636572457
249463,1192.6179593845811
249464,1108.4538224169926
249465,100.69319909230143
249466,785.8253061441125
249467,634.5035198525093
249468,424.1037337358488
249469,383.256129351699
249470,214.88908592089604
249471,1577.458778137286
249472,1311.8104407672163
249473,817.383746435743
249474,772.378826203265
249475,241.54479205968204
249476,1861.122923230901
249477,1565.3895289511204
249478,948.8332508388934
249479,889.2428492252805
249480,752.1958728054316
249481,604.0520139074117
249482,527.1297384031702
249483,324.2485501660767
249484,292.6137642599045
249485,706.152516064562
249486,1231.1947071533114
249487,1031.704444350393
249488,647.5417028681907
249489,609.9941823508448
249490,625.9125273861979
249491,1451.1788706358677
249492,1215.9757744918336
249493,763.5770168178327
249494,703.9062748536915
249495,84.62974647287805
249496,634.1965184411101
249497,538.5520075991077
249498,330.2119651952006
249499,298.5771792890283
249500,172.57043805842915
249501,1264.2728559400591
249502,1048.4701952721875
249503,662.3807571224553
249504,624.8332366051094
249505,202.48044502096113
249506,1519.414877046536
249507,1252.5269046852636
249508,777.571809459384
249509,717.9010674952427
249510,48.17772300936177
249511,441.07705946816196
249512,373.4921717021378
249513,237.8401306951346
249514,220.02426620215064
249515,106.31763887721456
249516,926.0804840115734
249517,773.0057132729801
249518,472.139362812883
249519,447.0410162614785
249520,140.8204682412056
249521,1095.1075076640416
249522,900.5986049249681
249523,562.5680712347652
249524,515.3465032365656
249525,710.9233390547804
249526,10.731737874790811
249527,3.4881191521464117
249528,5.682699110335318
249529,3.4757746982625823
249530,60.82284815472939
249531,11.621493816558587
249532,9.202382148015598
249533,18.318909593954384
249534,4.918256797413868
249535,27.287227227852213
249536,29.91100385525511
249537,20.13634051561596
249538,33.39524274959987
249539,13.031196005670264
249540,114.22580454876821
249541,1027.7148631305738
249542,848.1475715195915
249543,533.3348203496517
249544,494.90864359702516
249545,258.74533922615933
249546,2102.740227273678
249547,1744.782704907663
249548,1076.3064251089181
249549,1000.4386951468226
249550,319.7832142047734
249551,2470.549454881526
249552,2053.6092169204076
249553,1255.6027686789937
249554,1161.488581110848
249555,109.9658956518872
249556,828.0057262325191
249557,666.5162926530975
249558,446.21226036350674
249559,409.3007814236098
249560,226.0722402114706
249561,1676.0203684863627
249562,1372.834544263116
249563,869.92330605511
249564,824.7992476082658
249565,262.7068779454477
249566,1965.0439391483471
249567,1644.3698636533052
249568,1019.4655688151929
249569,950.3296175532571
249570,757.7023616777152
249571,634.2703974345015
249572,544.9921014313637
249573,341.5502204979907
249574,310.39805250203233
249575,707.5878391471659
249576,1322.57963318849
249577,1115.0529014009164
249578,688.884414265336
249579,647.8064385172571
249580,468.7424337003414
249581,1559.5784690828482
249582,1321.0878482967314
249583,806.1311269893628
249584,748.3690224243849
249585,88.32456080649412
249586,667.5477741636957
249587,560.1827580795251
249588,349.4245327047919
249589,318.27236470883355
249590,176.78853308170815
249591,1356.6715945656072
249592,1133.6761425972577
249593,703.7234685196006
249594,662.6454927715217
249595,209.64004957496053
249596,1634.7348729746136
249597,1361.294733240061
249598,821.9241841062669
249599,764.162079541289
249600,55.8205121898219
249601,465.2211982971253
249602,397.0159948784337
249603,248.34748811432596
249604,231.0142415315558
249605,119.0921180326183
249606,973.677623511656
249607,821.5233600487296
249608,493.56410875328356
249609,464.93530697114596
249610,152.20571787150385
249611,1139.864484049557
249612,946.9167125133482
249613,584.7762402611926
249614,539.4633096621561
249615,701.7527763316409
249616,17.33387400534802
249617,8.834553072381977
249618,11.938941586297208
249619,6.836487942236873
249620,78.19446144267437
249621,13.188465227470235
249622,11.689860834594242
249623,23.77236115729038
249624,-2.1138667321976317
249625,13.169911436414225
249626,31.210935184032174
249627,24.027969804162492
249628,38.173637821598064
249629,5.324015984720932
249630,128.8670534042199
249631,1079.9678354965952
249632,911.8979986141213
249633,560.2702539200944
249634,522.3266950776828
249635,266.7217023259742
249636,2229.770037512039
249637,1829.3176603280072
249638,1145.047141155452
249639,1068.273872004421
249640,354.2850359803241
249641,2609.019696831931
249642,2166.1126017860533
249643,1362.6387436782375
249644,1267.6190169211552
249645,124.35372991131364
249646,876.8944279601587
249647,726.0918874509097
249648,468.64798343428726
249649,432.2191224046042
249650,235.7363768227453
249651,1764.300527834011
249652,1486.4474767776833
249653,905.9670969315077
249654,859.9374992957272
249655,278.3763307121903
249656,2084.590354141762
249657,1772.2055400144166
249658,1073.2844761240322
249659,1003.2429856731604
249660,733.4785633597438
249661,712.5213470582139
249662,611.4150312676616
249663,397.2952567052378
249664,365.4313220907463
249665,544.1905001779742
249666,1498.271849591377
249667,1246.9408404670494
249668,749.7524610527292
249669,706.2859635199266
249670,318.2996842873323
249671,1746.5808592259514
249672,1456.5041012626666
249673,897.1525045003797
249674,834.0977304929712
249675,111.53227315608011
249676,744.9224452574528
249677,628.3109752133827
249678,405.36636253868886
249679,373.5024279241974
249680,186.60976311511814
249681,1523.2317508809006
249682,1263.381894022214
249683,762.2466297558083
249684,721.5829504556485
249685,220.06106392432605
249686,1805.3666357754907
249687,1494.5287985648197
249688,910.6006760660982
249689,850.3487202913327
249690,76.66673708747012
249691,530.7248591976694
249692,451.04479988151195
249693,274.5415653719963
249694,253.545835901274
249695,131.597249711029
249696,1058.4801340939903
249697,892.6500108201012
249698,534.2760896084382
249699,503.1108680047993
249700,162.20499292576918
249701,1265.6893865343793
249702,1064.2360933212083
249703,672.1680677277292
249704,621.4145696494862
249705,729.1673102039182
249706,19.47854580647752
249707,15.635303313949985
249708,19.034322780114795
249709,13.126142378796235
249710,-1.8969728328713549
249711,20.29592670893282
249712,21.12858325335836
249713,28.13884057843908
249714,3.3994408005075205
249715,3.682386196405437
249716,41.73982605949083
249717,41.29962331870614
249718,48.00340878272813
249719,16.253223530394553
249720,146.54671826657741
249721,1200.673371203498
249722,1013.9380806819017
249723,624.0177977227411
249724,581.2228031287686
249725,318.4913823601797
249726,2450.905778677969
249727,1984.0714080642356
249728,1255.0281429923366
249729,1160.0690515025249
249730,374.50377578738954
249731,2950.1039400680165
249732,2437.9199648937474
249733,1503.2353227946626
249734,1384.5241319912448
249735,135.52317071180045
249736,972.997683372191
249737,800.1063987045999
249738,505.02237361567524
249739,463.74207683443126
249740,281.68493819856235
249741,1928.9155864388902
249742,1641.1319538425646
249743,997.8036829814743
249744,943.3006336722376
249745,300.14821376938755
249746,2290.726510041954
249747,1917.2316489419238
249748,1198.92045307978
249749,1114.8998692478986
249750,764.7470592482528
249751,571.4748053872725
249752,502.01718979279076
249753,308.2134523106873
249754,264.1854221661553
249755,778.2785256006975
249756,1182.809839999439
249757,1001.1078678908035
249758,612.9395973786956
249759,570.9127651390212
249760,717.1852538627062
249761,1398.4363699904877
249762,1183.6820253121668
249763,714.8947129589044
249764,669.8918055759015
249765,93.21620200278285
249766,603.1513249376679
249767,509.77771731534045
249768,314.7953791203101
249769,270.7673489757782
249770,173.6570986261234
249771,1216.8014920223848
249772,1013.5933653587103
249773,627.7786516329602
249774,585.7518193932858
249775,193.65616362604302
249776,1455.608184158501
249777,1203.9752065728571
249778,728.8895056004557
249779,683.8865982174527
249780,45.52376196517622
249781,421.0708810886203
249782,360.5812658423029
249783,229.23516107132392
249784,199.02605233998037
249785,101.58074882969592
249786,896.0484693806736
249787,746.2068722949747
249788,443.0060712591445
249789,413.42841298541185
249790,130.53114154901704
249791,1051.5434590027403
249792,862.9281906879935
249793,522.4238747020546
249794,489.870141284992
249795,718.277746478343
249796,16.697019917544942
249797,12.65158483016665
249798,15.741293230775286
249799,-2.896451433298147
249800,195.0710489584239
249801,20.48627450996267
249802,14.654338016041542
249803,15.202240122097937
249804,-8.845321198121592
249805,54.151489644534045
249806,34.863701541186465
249807,33.032323441786716
249808,31.715678362065077
249809,10.131134528413249
249810,110.0905586163398
249811,996.3925280690202
249812,827.4839271437829
249813,518.7418995322502
249814,474.1177013202926
249815,249.6612740782398
249816,1961.207152075106
249817,1634.2559120989597
249818,1026.1814887919268
249819,953.93643623816
249820,313.8946233556628
249821,2346.405963358527
249822,1935.6100481035303
249823,1198.5051543257644
249824,1111.6746203908635
249825,103.40746293262148
249826,788.4869954226529
249827,636.8283917785529
249828,429.761017713997
249829,386.2470163625349
249830,217.60334976121604
249831,1580.1204674158264
249832,1314.1353126932602
249833,823.0410304138912
249834,775.369713214101
249835,244.259055900002
249836,1863.7846125094416
249837,1567.7144008771643
249838,954.4905348170416
249839,892.2337362361164
249840,764.7470592482528
249841,571.4748053872725
249842,502.01718979279076
249843,308.2134523106873
249844,264.1854221661553
249845,778.2785256006975
249846,1182.809839999439
249847,1001.1078678908035
249848,612.9395973786956
249849,568.8577820446823
249850,725.1062762610994
249851,1398.4363699904877
249852,1183.6820253121668
249853,714.8947129589044
249854,667.8368224815625
249855,93.21620200278285
249856,603.1513249376679
249857,509.77771731534045
249858,314.7953791203101
249859,270.7673489757782
249860,173.6570986261234
249861,1216.8014920223848
249862,1013.5933653587103
249863,627.7786516329602
249864,583.6968362989469
249865,193.65616362604302
249866,1455.608184158501
249867,1203.9752065728571
249868,728.8895056004557
249869,681.8316151231138
249870,45.52376196517622
249871,421.0708810886203
249872,360.5812658423029
249873,229.23516107132392
249874,199.02605233998037
249875,101.58074882969592
249876,896.0484693806736
249877,746.2068722949747
249878,443.0060712591445
249879,411.3734298910729
249880,130.53114154901704
249881,1051.5434590027403
249882,862.9281906879935
249883,522.4238747020546
249884,487.815158190653
249885,718.277746478343
249886,16.697019917544942
249887,12.65158483016665
249888,15.741293230775286
249889,-2.896451433298147
249890,177.13287530230707
249891,20.48627450996267
249892,14.654338016041542
249893,15.202240122097937
249894,-10.900304292460575
249895,54.151489644534045
249896,34.863701541186465
249897,33.032323441786716
249898,31.715678362065077
249899,8.076151434074257
249900,110.0905586163398
249901,996.3925280690202
249902,827.4839271437829
249903,518.7418995322502
249904,474.1177013202926
249905,249.6612740782398
249906,1961.207152075106
249907,1634.2559120989597
249908,1026.1814887919268
249909,951.8814531438211
249910,313.8946233556628
249911,2346.405963358527
249912,1935.6100481035303
249913,1198.5051543257644
249914,1109.6196372965246
249915,103.40746293262148
249916,788.4869954226529
249917,636.8283917785529
249918,429.761017713997
249919,386.2470163625349
249920,217.60334976121604
249921,1580.1204674158264
249922,1314.1353126932602
249923,823.0410304138912
249924,773.3147301197621
249925,244.259055900002
249926,1863.7846125094416
249927,1567.7144008771643
249928,954.4905348170416
249929,890.1787531417775
249930,765.350347110274
249931,572.590728491869
249932,504.00029383747744
249933,307.78339225857985
249934,263.7553621140479
249935,778.2779903943377
249936,1183.9257631040357
249937,1005.2865063326915
249938,612.5095373265881
249939,568.4277219925748
249940,712.8848660518582
249941,1399.5522930950845
249942,1187.860663754055
249943,714.4646529067969
249944,667.4067624294551
249945,93.21566679642306
249946,604.2672480422644
249947,511.76082136002714
249948,314.36531906820267
249949,270.33728892367077
249950,173.65656341976364
249951,1217.9174151269815
249952,1017.7720038005983
249953,627.3485915808527
249954,583.2667762468394
249955,193.65562841968324
249956,1456.7241072630977
249957,1208.1538450147452
249958,728.4594455483482
249959,681.4015550710063
249960,45.523226758816435
249961,422.1868041932168
249962,362.5643698869896
249963,228.80510101921652
249964,198.59599228787297
249965,101.58021362333614
249966,897.1643924852701
249967,750.3855107368627
249968,442.5760112070371
249969,410.94336983896545
249970,130.53060634265725
249971,1052.659382107337
249972,867.1068291298815
249973,521.9938146499471
249974,487.3850981385456
249975,718.5416684130935
249976,17.812943022141486
249977,11.348679778398129
249978,15.311233178667873
249979,-3.326511485405561
249980,179.8928086556503
249981,21.602197614559213
249982,13.351432964273021
249983,14.772180069990524
249984,-11.330364344567988
249985,54.41541157928454
249986,35.979624645783005
249987,31.729418390018186
249988,31.285618309957663
249989,7.646091381966842
249990,110.09002340998002
249991,997.5084511736167
249992,831.6193660436704
249993,518.3118394801427
249994,473.6876412681852
249995,249.66073887188003
249996,1962.3230751797028
249997,1638.3913509988472
249998,1029.8530719955118
249999,951.4513930917136
250000,313.894088149303
250001,2347.521886463124
250002,1939.7454870034178
250003,1198.075094273657
250004,1109.1895772444173
250005,103.4069277262617
250006,789.6029185272494
250007,638.2811322356462
250008,429.33095766188956
250009,385.8169563104275
250010,217.60281455485625
250011,1581.2363905204231
250012,1315.5880531503535
250013,826.7126136174761
250014,772.8846700676546
250015,244.25852069364223
250016,1864.9005356140383
250017,1569.1671413342576
250018,954.0604747649342
250019,889.74869308967
250020,765.0518404323643
250021,572.2922218139593
250022,503.7017871595677
250023,306.940435395739
250024,261.854342151907
250025,774.3905444048548
250026,1183.627256426126
250027,1004.9879996547817
250028,611.6665804637472
250029,562.7137835345716
250030,712.5863593739485
250031,1399.2537864171748
250032,1187.5621570761452
250033,713.621696043956
250034,661.6928239714518
250035,92.9171601185134
250036,603.9687413643547
250037,511.4623146821174
250038,313.5223622053618
250039,268.4362689615299
250040,173.35805674185394
250041,1217.6189084490718
250042,1017.4734971226886
250043,626.5056347180118
250044,577.5528377888362
250045,193.35712174177357
250046,1456.425600585188
250047,1207.8553383368355
250048,727.6164886855073
250049,675.6876166130031
250050,45.22472008090676
250051,421.8882975153071
250052,362.2658632090799
250053,227.96214415637567
250054,196.69497232573215
250055,101.28170694542645
250056,896.8658858073604
250057,750.087004058953
250058,441.7330543441962
250059,405.22943138096224
250060,130.23209966474758
250061,1052.3608754294273
250062,866.8083224519718
250063,521.1508577871062
250064,481.67115968054236
250065,718.2431617351838
250066,17.514436344231793
250067,11.050173100488443
250068,14.468276315827005
250069,-5.22753144754641
250070,198.1142401692943
250071,21.303690936649527
250072,13.052926286363336
250073,13.92922320714966
250074,-11.249024679826205
250075,54.116904901374866
250076,35.68111796787332
250077,31.4309117121085
250078,30.442661447116798
250079,7.727431046708627
250080,109.79151673207035
250081,997.209944495707
250082,831.3208593657607
250083,517.4688826173018
250084,471.7866213060443
250085,249.3622321939703
250086,1962.024568501793
250087,1638.0928443209375
250088,1029.010115132671
250089,943.9012126504492
250090,313.5955814713933
250091,2347.223379785214
250092,1939.446980325508
250093,1197.2321374108162
250094,1101.6393968031527
250095,103.10842104835203
250096,789.3044118493397
250097,637.9826255577365
250098,428.4880007990487
250099,383.9159363482866
250100,217.30430787694658
250101,1580.9378838425134
250102,1315.2895464724438
250103,825.8696567546352
250104,765.3344896263902
250105,243.96001401573253
250106,1864.6020289361286
250107,1568.868634656348
250108,953.2175179020934
250109,882.1985126484057
250110,743.4305220307147
250111,602.366721323939
250112,525.4444458196975
250113,326.64603565960346
250114,285.14249416597653
250115,697.387165289845
250116,1229.5094145698388
250117,1030.0191517669205
250118,649.9391883617171
250119,596.6550106667154
250120,616.3993623019478
250121,1448.7457637428622
250122,1213.542667598828
250123,765.2266880018261
250124,689.819288860029
250125,84.88091361350216
250126,634.5572045108141
250127,538.9126936688117
250128,334.655429341904
250129,293.151887848277
250130,172.82160519905318
250131,1264.6335420097632
250132,1048.8308813418917
250133,666.8242212691584
250134,613.5400435741567
250135,201.9837978520521
250136,1519.0277488067072
250137,1252.1397764454348
250138,781.2674592965541
250139,705.860060154757
250140,48.42889014998584
250141,441.43774553786614
250142,373.85285777184197
250143,242.2835948418379
250144,214.59897476139923
250145,106.56880601783861
250146,926.4411700812774
250147,773.3663993426841
250148,476.5828269595864
250149,435.74782323052585
250150,140.32382107229657
250151,1094.7203794242128
250152,900.211476685139
250153,566.2637210719354
250154,503.30549589607875
250155,709.7504367182629
250156,11.092423944494923
250157,3.8488052218505313
250158,10.126163257038602
250159,-1.949516742488801
250160,72.6404416120316
250161,11.982179886262706
250162,9.563068217719714
250163,22.76237374065766
250164,-0.5796581107938659
250165,26.114324891334864
250166,30.271689924959226
250167,20.497026585320082
250168,37.83870689630317
250169,7.533281097462524
250170,117.92878489809499
250171,1031.6251968710606
250172,852.0579052600779
250173,541.3279321671374
250174,493.0329998270561
250175,262.44831957548604
250176,2106.6505610141644
250177,1748.6930386481497
250178,1088.4011801820964
250179,990.858907803392
250180,323.48619455410017
250181,2474.459788622012
250182,2057.519550660894
250183,1263.5958804964796
250184,1151.9087937674165
250185,113.4389650381792
250186,831.6861490099708
250187,670.1967154305491
250188,453.9754612179577
250189,407.19522669060603
250190,229.54530959776253
250191,1679.7007912638146
250192,1376.5149670405679
250193,881.7881501652531
250194,814.9895493017996
250195,266.17994733173964
250196,1968.724361925799
250197,1648.050286430757
250198,1027.2287696696437
250199,940.5199192467909
250200,749.5246240934032
250201,631.3136033197235
250202,542.0353073165855
250203,341.2265929173081
250204,302.87206630120727
250205,709.4784226298846
250206,1319.622839073712
250207,1112.0961072861382
250208,688.5607866846532
250209,634.4125507262306
250210,459.3681418198192
250211,1555.4251206718595
250212,1316.9344998857428
250213,804.6109451124695
250214,733.7785803371479
250215,89.16334113752305
250216,666.6369587020943
250217,559.2719426179236
250218,351.1468837772859
250219,312.7923571611851
250220,178.78441300733226
250221,1355.7607791040057
250222,1132.7653271356562
250223,705.4458195920945
250224,651.2975836336719
250225,209.2822756097789
250226,1632.6275032168016
250227,1359.187363482249
250228,822.4499808825503
250229,751.6176161072287
250230,56.65929252085085
250231,464.3103828355239
250232,396.1051794168323
250233,250.06983918682
250234,225.53423398390734
250235,121.08799795824241
250236,972.7668080500545
250237,820.6125445871281
250238,495.28645982577757
250239,453.5873978332962
250240,151.84794390632223
250241,1137.757114291745
250242,944.8093427555362
250243,585.3020370374759
250244,526.9188462280958
250245,701.1674871855283
250246,16.423058543746606
250247,7.923737610780542
250248,13.661292658791123
250249,1.3564803945883817
250250,99.7802204754292
250251,12.277649765868802
250252,10.779045372992815
250253,25.4947122297843
250254,-7.666497747302468
250255,12.584622290301775
250256,30.30011972243073
250257,23.11715434256106
250258,39.895988894091985
250259,-0.22861503038389727
250260,129.60799927316916
250261,1079.0570200349937
250262,910.9871831525198
250263,561.9926049925883
250264,516.8466875300342
250265,268.61974778951884
250266,2228.859222050438
250267,1828.4068448664057
250268,1150.8711354836382
250269,1055.0897208833098
250270,355.0259818492735
250271,2608.10888137033
250272,2165.2017863244523
250273,1364.3610947507314
250274,1254.434865800044
250275,125.09467578026289
250276,875.9836124985572
250277,725.1810719893082
250278,470.37033450678126
250279,426.7391148569558
250280,237.63442228628972
250281,1763.3897123724096
250282,1485.5366613160818
250283,911.7910912596939
250284,846.7533481746162
250285,279.11727658113966
250286,2083.679538680161
250287,1771.294724552815
250288,1075.006827196526
250289,990.0588345520495
250290,724.2888422729641
250291,709.5645529434358
250292,608.4582371528834
250293,396.9716291245552
250294,357.9053358899212
250295,552.4655724841651
250296,1493.4043214684166
250297,1242.073312344089
250298,749.4288334720464
250299,692.8920757289001
250300,314.7361233582768
250301,1741.8537529429573
250302,1451.7769949796725
250303,895.0585647514808
250304,818.9335305337288
250305,112.371053487109
250306,744.0116297958513
250307,627.4001597517812
250308,407.08871361118287
250309,368.02242037654895
250310,188.60564304074225
250311,1522.320935419299
250312,1262.4710785606126
250313,763.9689808283022
250314,710.2350413177987
250315,219.12953208713898
250316,1800.50891100395
250317,1489.671073793279
250318,910.5527149703761
250319,837.230498985267
250320,77.50551741849907
250321,529.8140437360679
250322,450.1339844199106
250323,276.2639164444903
250324,248.06582835362553
250325,133.59312963665312
250326,1057.5693186323888
250327,891.7391953584997
250328,535.9984406809319
250329,491.76295886694953
250330,161.2734610885821
250331,1263.008258904562
250332,1061.5549656913909
250333,672.120106632007
250334,608.2963483434205
250335,725.6204393205451
250336,18.567730344876097
250337,14.724487852348568
250338,20.75667385260872
250339,7.6461348311477515
250340,12.6948583627283
250341,19.385111247331405
250342,20.217767791756934
250343,29.86119165093301
250344,-2.1531902145973207
250345,0.1355153130324747
250346,40.82901059788939
250347,40.3888078571047
250348,49.72575985522206
250349,10.700592515289719
250350,147.28766413552668
250351,1199.7625557418964
250352,1013.0272652203003
250353,625.740148795235
250354,575.74279558112
250355,320.38942782372436
250356,2449.994963216368
250357,1983.1605926026343
250358,1260.8521373205228
250359,1146.8849003814137
250360,375.2447216563389
250361,2949.1931246064155
250362,2437.0091494321464
250363,1504.9576738671565
250364,1371.3399808701336
250365,136.26411658074971
250366,972.0868679105895
250367,799.1955832429984
250368,506.74472468816924
250369,458.26206928678283
250370,283.5829836621069
250371,1928.0047709772887
250372,1640.221138380963
250373,1003.6276773096604
250374,930.1164825511266
250375,300.88915963833693
250376,2289.815694580353
250377,1916.3208334803223
250378,1200.6428041522738
250379,1101.7157181267874
250380,753.830811559781
250381,566.5747321408683
250382,497.11711654638617
250383,305.9465455983784
250384,254.71615683370408
250385,767.3622779122257
250386,1175.9990327448525
250387,994.2970606362162
250388,612.9855306375202
250389,555.5755982163687
250390,704.4459453755466
250391,1391.7132359453956
250392,1176.9588912670747
250393,713.1175854190411
250394,652.7315778545609
250395,91.31647222965199
250396,600.2972303444404
250397,506.9236227221129
250398,314.57445106117785
250399,263.3440622965035
250400,171.7573688529925
250401,1213.9473974291573
250402,1010.7392707654834
250403,629.8705635449616
250404,572.46063112381
250405,189.93337305422398
250406,1450.9310287665855
250407,1199.2980511809417
250408,729.1583567137691
250409,668.7723491492889
250410,43.624032192045306
250411,418.2167864953927
250412,357.7271712490753
250413,229.01423301219174
250414,191.60276566070578
250415,99.68101905656505
250416,893.1943747874461
250417,743.3527777017472
250418,445.0979831711458
250419,400.1372247159359
250420,126.80835097719799
250421,1046.8663036108248
250422,858.2510352960779
250423,522.692725815368
250424,474.75589221682793
250425,717.7815118356241
250426,15.334648093814476
250427,11.289213006436187
250428,17.012087941140177
250429,-8.828015343075682
250430,221.2418802293678
250431,19.123902686232203
250432,13.291966192311087
250433,18.785874803596386
250434,-14.849508575355458
250435,53.60250637134303
250436,33.448581086983886
250437,31.617202987584122
250438,35.24656441309145
250439,4.074198520707263
250440,108.35546674595005
250441,993.8009058406134
250442,824.8923049153761
250443,523.4023278609137
250444,463.9031217754498
250445,247.92618220784988
250446,1958.6155298466992
250447,1631.664289870553
250448,1037.2564003474163
250449,936.0177131198549
250450,312.1067828548008
250451,2343.7615924996485
250452,1932.9656772446515
250453,1205.4256739950895
250454,1093.7031486420863
250455,103.08411204662913
250456,787.3071141786435
250457,635.6485105345436
250458,431.57704710622005
250459,378.7014870066948
250460,217.2799988752236
250461,1578.9405861718171
250462,1312.955431449251
250463,831.2715430329404
250464,760.1200402847985
250465,243.88295638353753
250466,1862.5519826349603
250467,1566.481771002683
250468,958.5666555499262
250469,876.9313146763418
250470,753.830811559781
250471,566.5747321408683
250472,497.11711654638617
250473,305.9465455983784
250474,254.71615683370408
250475,767.3622779122257
250476,1175.9990327448525
250477,994.2970606362162
250478,612.9855306375202
250479,555.5755982163687
250480,712.3669677739398
250481,1391.7132359453956
250482,1176.9588912670747
250483,713.1175854190411
250484,652.7315778545609
250485,91.31647222965199
250486,600.2972303444404
250487,506.9236227221129
250488,314.57445106117785
250489,263.3440622965035
250490,171.7573688529925
250491,1213.9473974291573
250492,1010.7392707654834
250493,629.8705635449616
250494,572.46063112381
250495,189.93337305422398
250496,1450.9310287665855
250497,1199.2980511809417
250498,729.1583567137691
250499,668.7723491492889
250500,43.624032192045306
250501,418.2167864953927
250502,357.7271712490753
250503,229.01423301219174
250504,191.60276566070578
250505,99.68101905656505
250506,893.1943747874461
250507,743.3527777017472
250508,445.0979831711458
250509,400.1372247159359
250510,126.80835097719799
250511,1046.8663036108248
250512,858.2510352960779
250513,522.692725815368
250514,474.75589221682793
250515,717.7815118356241
250516,15.334648093814476
250517,11.289213006436187
250518,17.012087941140177
250519,-8.828015343075682
250520,221.2418802293678
250521,19.123902686232203
250522,13.291966192311087
250523,18.785874803596386
250524,-14.849508575355458
250525,53.60250637134303
250526,33.448581086983886
250527,31.617202987584122
250528,35.24656441309145
250529,4.074198520707263
250530,108.35546674595005
250531,993.8009058406134
250532,824.8923049153761
250533,523.4023278609137
250534,463.9031217754498
250535,247.92618220784988
250536,1958.6155298466992
250537,1631.664289870553
250538,1037.2564003474163
250539,936.0177131198549
250540,312.1067828548008
250541,2343.7615924996485
250542,1932.9656772446515
250543,1205.4256739950895
250544,1093.7031486420863
250545,103.08411204662913
250546,787.3071141786435
250547,635.6485105345436
250548,431.57704710622005
250549,378.7014870066948
250550,217.2799988752236
250551,1578.9405861718171
250552,1312.955431449251
250553,831.2715430329404
250554,760.1200402847985
250555,243.88295638353753
250556,1862.5519826349603
250557,1566.481771002683
250558,958.5666555499262
250559,876.9313146763418
250560,756.6275927386546
250561,565.2853310513153
250562,496.6577695470449
250563,304.77910580550616
250564,253.5487170408319
250565,769.5552360227183
250566,1174.7096316553
250567,993.3626209105729
250568,611.8180908446479
250569,554.4081584234964
250570,702.339050881551
250571,1390.423834855843
250572,1176.0244515414317
250573,711.9501456261688
250574,651.5641380616886
250575,89.9838057954488
250576,599.0078292548875
250577,506.46427572277173
250578,313.4070112683056
250579,262.1766225036313
250580,170.4247024187893
250581,1212.6579963396048
250582,1009.8048310398402
250583,628.7031237520893
250584,571.2931913309377
250585,188.6007066200208
250586,1449.641627677033
250587,1198.3636114552987
250588,727.9909169208968
250589,667.6049093564166
250590,42.291365757842115
250591,416.9273854058398
250592,357.2678242497341
250593,227.84679321931952
250594,190.43532586783357
250595,98.34835262236186
250596,891.9049736978932
250597,742.4183379761039
250598,443.93054337827357
250599,398.9697849230636
250600,125.47568454299478
250601,1045.5769025212724
250602,857.3165955704346
250603,521.5252860224957
250604,473.5884524239557
250605,717.76081444082
250606,15.357216043660705
250607,8.855825950038806
250608,17.156617187667
250609,-8.68348609654886
250610,215.24645833932547
250611,19.14647063607843
250612,14.285016797842482
250613,18.930404050123204
250614,-14.704979328828632
250615,53.58180897653888
250616,33.47114903683011
250617,32.61025359311552
250618,35.39109365961827
250619,4.218727767234084
250620,108.3347693511459
250621,993.8234737904596
250622,827.8972618106349
250623,523.5468571074406
250624,464.04765102197655
250625,247.90548481304572
250626,1958.6380977965457
250627,1631.524096678638
250628,1037.4009295939431
250629,936.1622423663817
250630,312.0860854599966
250631,2343.7841604494947
250632,1932.8254840527366
250633,1205.5702032416164
250634,1081.8149212577416
250635,103.06341465182497
250636,787.3296821284897
250637,635.970768987008
250638,431.7215763527468
250639,378.84601625322153
250640,217.25930148041945
250641,1578.9631541216636
250642,1310.1325398145418
250643,831.4160722794672
250644,760.2645695313254
250645,243.86225898873337
250646,1862.5745505848067
250647,1563.658879367974
250648,958.711184796453
250649,865.0430872919972
250650,756.6275927386546
250651,565.2853310513153
250652,496.6577695470449
250653,304.77910580550616
250654,251.17285108889527
250655,765.9662967111451
250656,1174.7096316553
250657,993.3626209105729
250658,611.8180908446479
250659,552.03229247156
250660,702.339050881551
250661,1390.423834855843
250662,1176.0244515414317
250663,711.9501456261688
250664,649.1882721097522
250665,89.9838057954488
250666,599.0078292548875
250667,506.46427572277173
250668,313.4070112683056
250669,259.8007565516948
250670,170.4247024187893
250671,1212.6579963396048
250672,1009.8048310398402
250673,628.7031237520893
250674,568.9173253790013
250675,188.6007066200208
250676,1449.641627677033
250677,1198.3636114552987
250678,727.9909169208968
250679,665.2290434044802
250680,42.291365757842115
250681,416.9273854058398
250682,357.2678242497341
250683,227.84679321931952
250684,188.05945991589712
250685,98.34835262236186
250686,891.9049736978932
250687,742.4183379761039
250688,443.93054337827357
250689,396.59391897112715
250690,125.47568454299478
250691,1045.5769025212724
250692,857.3165955704346
250693,521.5252860224957
250694,471.2125864720192
250695,717.76081444082
250696,15.357216043660705
250697,8.855825950038806
250698,17.156617187667
250699,-11.059352048485307
250700,206.2518708992948
250701,19.14647063607843
250702,14.285016797842482
250703,18.930404050123204
250704,-17.080845280765086
250705,53.58180897653888
250706,33.47114903683011
250707,32.61025359311552
250708,35.39109365961827
250709,1.8428618152976373
250710,108.3347693511459
250711,993.8234737904596
250712,827.8972618106349
250713,523.5468571074406
250714,461.6717850700401
250715,247.90548481304572
250716,1958.6380977965457
250717,1631.524096678638
250718,1037.4009295939431
250719,933.7863764144454
250720,312.0860854599966
250721,2343.7841604494947
250722,1932.8254840527366
250723,1205.5702032416164
250724,1079.4390553058051
250725,103.06341465182497
250726,787.3296821284897
250727,635.970768987008
250728,431.7215763527468
250729,376.47015030128506
250730,217.25930148041945
250731,1578.9631541216636
250732,1310.1325398145418
250733,831.4160722794672
250734,757.888703579389
250735,243.86225898873337
250736,1862.5745505848067
250737,1563.658879367974
250738,958.711184796453
250739,862.6672213400608
250740,743.7831822629596
250741,598.120564045182
250742,521.1611616910621
250743,324.06782283423104
250744,272.4370456244131
250745,697.73982552209
250746,1223.3525232828997
250747,1021.1545065065994
250748,647.3609755363449
250749,583.9495621251522
250750,615.6767760450377
250751,1443.4243599749504
250752,1205.5135098575345
250753,761.5732286872989
250754,676.0385938293108
250755,81.70794930105127
250756,630.3110472320573
250757,534.6294095401763
250758,332.07721651653156
250759,280.44643930671356
250760,169.64864088660227
250761,1260.3873847310065
250762,1041.876970089753
250763,664.2460084437862
250764,600.8345950325935
250765,197.7355870504461
250766,1511.5297478970722
250767,1241.934021562418
250768,777.6139999820268
250769,692.0793651240388
250770,45.25592583753491
250771,437.19158825910915
250772,369.56957364320647
250773,239.70538201646553
250774,201.89352621983585
250775,103.39584170538778
250776,922.1950128025205
250777,766.4124880905454
250778,474.00461413421397
250779,423.0423746889624
250780,136.07561027069056
250781,1089.398975656301
250782,892.1823189438453
250783,562.6102617574081
250784,489.5248008653603
250785,707.8807180434951
250786,9.649958474634152
250787,2.369212902111215
250788,10.351642240562379
250789,-11.851273475156022
250790,67.47917886858292
250791,10.539714416401935
250792,11.50991355990918
250793,22.987852724181437
250794,-10.481414843461089
250795,24.19185758609467
250796,28.776475824626335
250797,22.39112329703744
250798,38.011437249354834
250799,-2.4212242656768117
250800,116.33026198986384
250801,1028.9534809965235
250802,849.3490625356624
250803,544.94304476896
250804,478.8482274593235
250805,260.8497966672548
250806,2103.9788451396275
250807,1742.8390458365604
250808,1092.0162927839187
250809,968.0496282646643
250810,321.83492301539684
250811,2471.735324117003
250812,2051.6128092188324
250813,1267.15824446783
250814,1125.6385161383405
250815,113.25218311434556
250816,830.4261741198312
250817,668.899613690531
250818,454.74617488333956
250819,395.67950451187613
250820,229.35852767392873
250821,1678.440816373675
250822,1372.0727152133761
250823,882.5588638306353
250824,794.8493199520746
250825,265.9404167774337
250826,1967.4116384051874
250827,1643.5552859730933
250828,1027.9467347045536
250829,916.9186918067177
250830,750.182684695955
250831,626.1904793736738
250832,536.8750565206575
250833,340.9558432965558
250834,289.1233632492364
250835,708.4254173875809
250836,1312.5889811194802
250837,1102.3544953585247
250838,688.2900370639011
250839,617.4157465381008
250840,459.3996959198933
250841,1549.6754902233326
250842,1308.477115463834
250843,803.7136889892398
250844,716.1552696465405
250845,86.295777195379
250846,661.5138347560447
250847,554.1116918219956
250848,350.8761341565336
250849,299.04365410921423
250850,175.91684906518813
250851,1350.6376551579563
250852,1124.934449216225
250853,705.1750699713424
250854,634.3007794455422
250855,205.7882051651572
250856,1624.7012756265515
250857,1348.553381918617
250858,821.5527247593207
250859,733.9943054166214
250860,53.79172857870679
250861,459.18725888947426
250862,390.94492862090414
250863,249.7990895660678
250864,211.78553093193645
250865,118.22043401609827
250866,967.6436841040049
250867,812.7816666676968
250868,495.0157102050253
250869,436.5905936451662
250870,148.35387346170052
250871,1132.007483843218
250872,936.3519583336273
250873,584.4047809142462
250874,509.2955355374876
250875,699.6031688810674
250876,14.10362640659318
250877,5.567178623748571
250878,16.19423484693504
250879,-9.58853084848632
250880,88.54643333772474
250881,9.958217628715378
250882,11.848924047889621
250883,28.02765441792821
250884,-16.282637406523573
250885,10.967555355368386
250886,27.927938954805146
250887,24.134284386985755
250888,42.376182451763775
250889,-8.897503320077114
250890,128.3148767352448
250891,1075.508337493164
250892,907.4013737608117
250893,567.9151807990311
250894,501.61866065189383
250895,267.32662525159435
250896,2225.3105395086086
250897,1821.6758853875237
250898,1156.7937112900809
250899,1025.3641696562188
250900,353.68011068087696
250901,2604.5074501980284
250902,2158.4180782150984
250903,1370.230921926702
250904,1221.2483164826049
250905,125.21329422673591
250906,873.846670941125
250907,723.0070035819974
250908,473.4485113767833
250909,414.1801381678184
250910,237.75304073276274
250911,1761.2527708149773
250912,1480.2174428215974
250913,914.8692681296963
250914,819.6968471365279
250915,279.18314639714055
250916,2081.489848492257
250917,1765.9227574278586
250918,1078.0322554360562
250919,959.541335423613
250920,719.9917212915133
250921,704.4414289973862
250922,603.2979863569553
250923,396.7008795038029
250924,344.1566328379503
250925,540.0986816213992
250926,1486.6811080163252
250927,1232.6423449186157
250928,749.1580838512944
250929,675.8952715407703
250930,310.38625374635376
250931,1736.6778803664358
250932,1443.8933684297692
250933,894.7350665002566
250934,801.8839777151269
250935,109.50348954496484
250936,738.8885058498017
250937,622.2399089558531
250938,406.8179639904306
250939,354.27371732457806
250940,185.73807909859812
250941,1517.1978114732497
250942,1254.6402006411813
250943,763.6982312075501
250944,693.238237129669
250945,216.20921951452272
250946,1795.3330384274286
250947,1481.7874472433757
250948,910.2292167191519
250949,820.1809461666651
250950,74.63795347635502
250951,524.6909197900184
250952,444.9737336239824
250953,275.993166823738
250954,234.3171253016547
250955,130.72556569450896
250956,1052.4461946863394
250957,883.9083174390684
250958,535.7276910601798
250959,474.76615467881953
250960,158.35314851596584
250961,1257.8323863280405
250962,1053.6713391414876
250963,671.7966083807828
250964,591.2467955248186
250965,724.0561210160841
250966,16.24829820772266
250967,12.367928865316598
250968,23.289616040752634
250969,-3.298876411926967
250970,-1.3971486170418983
250971,17.06567911017797
250972,21.28764646665374
250973,32.394133839076915
250974,-10.769329873818421
250975,-1.4815516219009046
250976,38.45682983026384
250977,41.405937901529384
250978,52.20595341289384
250979,2.031704225596485
250980,145.99454159760234
250981,1196.2138732000667
250982,1009.4414558285923
250983,631.6627246016777
250984,560.5147687029804
250985,319.0963052857999
250986,2446.4462806745387
250987,1976.4296331237522
250988,1266.7747131269655
250989,1117.1593491543226
250990,373.8988504879424
250991,2945.591693434114
250992,2430.2254413227924
250993,1510.827501043127
250994,1338.1534315526944
250995,136.38273502722276
250996,969.9499263531573
250997,797.0215148356876
250998,509.8229015581713
250999,445.7030925976455
251000,283.7016021085799
251001,1925.8678294198564
251002,1634.9019198864787
251003,1006.7058541796628
251004,903.0599815130383
251005,300.9550294543378
251006,2287.626004392449
251007,1910.948866355366
251008,1203.668232391804
251009,1071.1982189983507
251010,756.0243048766333
251011,564.1694079467188
251012,494.6746655023582
251013,305.2091658576136
251014,249.50089441686274
251015,760.5130123403059
251016,1172.0324742578894
251017,987.6227481758712
251018,614.178685550677
251019,550.3603357995278
251020,706.6394386923989
251021,1389.3079117512464
251022,1171.8458130995436
251023,714.3107403321978
251024,647.51631543772
251025,89.98434100180859
251026,597.891906150291
251027,504.48117167808505
251028,313.83707132041303
251029,258.12879987966244
251030,170.42523762514907
251031,1211.542073235008
251032,1005.6261925979522
251033,631.0637184581183
251034,567.2453687069691
251035,188.60124182638057
251036,1448.5257045724363
251037,1194.1849730134106
251038,730.3515116269258
251039,663.5570867324479
251040,42.2919009642019
251041,415.8114623012433
251042,355.2847202050474
251043,228.27685327142692
251044,186.38750324386473
251045,98.34888782872164
251046,890.7890505932967
251047,738.2396995342159
251048,446.29113808430253
251049,394.9219622990948
251050,125.47621974935457
251051,1044.4609794166756
251052,853.1379571285466
251053,523.8858807285247
251054,469.54062979998685
251055,714.9250616379103
251056,14.24129293906416
251057,10.158731001807327
251058,17.586677239774414
251059,-12.731308720517681
251060,212.41070553641566
251061,18.030547531481886
251062,15.587921849611003
251063,21.29099875615216
251064,-18.75280195279745
251065,50.746056173629086
251066,32.35522593223357
251067,33.91315864488405
251068,37.75168836564721
251069,0.17090514326527217
251070,108.33530455750568
251071,992.7075506858631
251072,823.7618229107474
251073,523.9769171595481
251074,459.9998283980077
251075,247.9060200194055
251076,1957.522174691949
251077,1627.3886577787505
251078,1039.761524299972
251079,923.4899125714177
251080,312.0866206663564
251081,2342.668237344898
251082,1928.690045152849
251083,1207.9307979476453
251084,1077.7670986337725
251085,103.06394985818476
251086,786.2137590238932
251087,634.5180285299148
251088,432.15163640485423
251089,374.7981936292527
251090,217.25983668677924
251091,1577.8472310170669
251092,1308.6797993574485
251093,833.7766669854963
251094,747.5922397363613
251095,243.86279419509316
251096,1861.45862748021
251097,1562.2061389108806
251098,961.0717795024821
251099,860.9952646680285
251100,756.705534179353
251101,564.8506372494385
251102,495.35589480507775
251103,305.8903951603331
251104,250.18212371958234
251105,761.1942416430255
251106,1172.7137035606088
251107,988.3039774785908
251108,614.8599148533966
251109,551.0415651022474
251110,715.2416903935118
251111,1389.9891410539658
251112,1172.527042402263
251113,714.9919696349175
251114,648.1975447404396
251115,90.66557030452815
251116,598.5731354530107
251117,505.1624009808046
251118,314.5183006231326
251119,258.810029182382
251120,171.10646692786867
251121,1212.2233025377275
251122,1006.3074219006717
251123,631.7449477608379
251124,567.9265980096887
251125,189.28247112910017
251126,1449.2069338751558
251127,1194.86620231613
251128,731.0327409296455
251129,664.2383160351676
251130,42.97313026692147
251131,416.49269160396284
251132,355.96594950776694
251133,228.95808257414652
251134,187.06873254658433
251135,99.0301171314412
251136,891.4702798960163
251137,738.9209288369356
251138,446.9723673870221
251139,395.60319160181433
251140,126.15744905207414
251141,1045.142208719395
251142,853.8191864312663
251143,524.5671100312444
251144,470.2218591027064
251145,714.6116754940124
251146,13.927906795166315
251147,9.845344857909483
251148,17.273291095876562
251149,-13.044694864415526
251150,212.09731939251785
251151,17.71716138758404
251152,15.27453570571316
251153,20.977612612254312
251154,-19.0661880966953
251155,50.43267002973124
251156,32.04183978833573
251157,33.599772500986205
251158,37.43830222174937
251159,-0.1424810006325725
251160,108.02191841360784
251161,992.3941645419652
251162,823.4484367668495
251163,523.6635310156502
251164,459.68644225410986
251165,247.5926338755077
251166,1957.2087885480512
251167,1627.0752716348527
251168,1039.4481381560743
251169,923.1765264275198
251170,311.77323452245855
251171,2342.354851201
251172,1928.3766590089513
251173,1207.6174118037475
251174,1077.4537124898748
251175,102.75056371428691
251176,785.9003728799953
251177,634.2046423860169
251178,431.8382502609564
251179,374.48480748535485
251180,216.94645054288142
251181,1577.533844873169
251182,1308.3664132135507
251183,833.4632808415984
251184,747.2788535924634
251185,243.54940805119534
251186,1861.1452413363122
251187,1561.8927527669828
251188,960.7583933585842
251189,860.6818785241306
251190,757.2644665887938
251191,565.9222049014545
251192,493.4110940823898
251193,305.7883135561939
251194,250.03231701291926
251195,761.1493509840852
251196,1173.785271212625
251197,988.5547111531042
251198,616.5828619624486
251199,549.2032405149699
251200,694.1001677209123
251201,1391.060708705982
251202,1172.7777760767765
251203,716.7149167439695
251204,646.3592201531621
251205,90.62067964558793
251206,599.6447031050267
251207,503.21760025811614
251208,314.41621901899333
251209,258.6602224757189
251210,171.0615762689285
251211,1213.2948701897437
251212,1006.5581555751853
251213,633.46789486989
251214,566.0882734224112
251215,189.23758047015997
251216,1450.278501527172
251217,1195.1169359906435
251218,732.7556880386975
251219,662.3999914478901
251220,42.928239607981254
251221,417.5642592559789
251222,354.021148785079
251223,228.8560009700073
251224,186.91892583992126
251225,98.98522647250098
251226,892.5418475480324
251227,739.171662511449
251228,448.6953144960742
251229,393.7648670145369
251230,126.11255839313394
251231,1046.2137763714113
251232,854.0699201057797
251233,526.2900571402964
251234,468.38353451542895
251235,714.6111402876526
251236,15.04382989976286
251237,8.542439806140962
251238,16.843231043769148
251239,-13.474754916522938
251240,212.09678418615806
251241,18.833084492180582
251242,13.971630653944638
251243,20.547552560146897
251244,-19.496248148802714
251245,50.432134823371456
251246,33.15776289293227
251247,32.29686744921768
251248,37.00824216964195
251249,-0.5725410527399863
251250,108.02138320724805
251251,993.5100876465617
251252,827.583875666737
251253,523.2334709635427
251254,459.25638220200244
251255,247.5920986691479
251256,1958.324711652648
251257,1631.2107105347402
251258,1039.018078103967
251259,922.7464663754123
251260,311.77269931609874
251261,2343.470774305597
251262,1932.5120979088388
251263,1207.18735175164
251264,1077.0236524377674
251265,102.75002850792713
251266,787.0162959845918
251267,635.6573828431101
251268,431.40819020884896
251269,374.0547474332474
251270,216.94591533652164
251271,1578.6497679777658
251272,1309.819153670644
251273,833.0332207894909
251274,746.8487935403559
251275,243.54887284483556
251276,1862.261164440909
251277,1563.345493224076
251278,960.3283333064767
251279,860.2518184720232
251280,757.7114976228481
251281,565.9222049014545
251282,493.4110940823898
251283,305.7883135561939
251284,250.03231701291926
251285,733.1554092461375
251286,1173.3002455643893
251287,988.0696855048685
251288,616.5828619624486
251289,549.2032405149699
251290,689.5364229061083
251291,1391.060708705982
251292,1172.7777760767765
251293,716.7149167439695
251294,646.3592201531621
251295,90.62067964558793
251296,599.6447031050267
251297,503.21760025811614
251298,314.41621901899333
251299,258.6602224757189
251300,171.0615762689285
251301,1213.2948701897437
251302,1006.5581555751853
251303,633.46789486989
251304,566.0882734224112
251305,189.23758047015997
251306,1450.278501527172
251307,1195.1169359906435
251308,732.7556880386975
251309,662.3999914478901
251310,42.928239607981254
251311,417.5642592559789
251312,354.021148785079
251313,228.8560009700073
251314,186.91892583992126
251315,98.98522647250098
251316,892.5418475480324
251317,739.171662511449
251318,448.6953144960742
251319,393.7648670145369
251320,126.11255839313394
251321,1046.2137763714113
251322,854.0699201057797
251323,526.2900571402964
251324,468.38353451542895
251325,714.6111402876526
251326,15.04382989976286
251327,8.542439806140962
251328,16.843231043769148
251329,-13.474754916522938
251330,219.09891299930007
251331,18.833084492180582
251332,13.971630653944638
251333,20.547552560146897
251334,-19.496248148802714
251335,50.432134823371456
251336,33.15776289293227
251337,32.29686744921768
251338,37.00824216964195
251339,-0.5725410527399863
251340,108.02138320724805
251341,993.5100876465617
251342,827.583875666737
251343,523.2334709635427
251344,459.25638220200244
251345,247.5920986691479
251346,1958.324711652648
251347,1631.2107105347402
251348,1039.018078103967
251349,922.7464663754123
251350,311.77269931609874
251351,2343.470774305597
251352,1932.5120979088388
251353,1207.18735175164
251354,1077.0236524377674
251355,102.75002850792713
251356,787.0162959845918
251357,635.6573828431101
251358,431.40819020884896
251359,374.0547474332474
251360,216.94591533652164
251361,1578.6497679777658
251362,1309.819153670644
251363,833.0332207894909
251364,746.8487935403559
251365,243.54887284483556
251366,1862.261164440909
251367,1563.345493224076
251368,960.3283333064767
251369,860.2518184720232
251370,744.8670871471531
251371,598.7574378953212
251372,517.9144862264072
251373,325.07703058491876
251374,273.398528272577
251375,664.9289380570824
251376,1221.943137191989
251377,1015.8615711008945
251378,650.195212000224
251379,583.2225268927018
251380,602.8741480695951
251381,1444.0612338250894
251382,1202.2668343928792
251383,764.407465151178
251384,675.3115585968604
251385,82.3448231511904
251386,630.9479210821964
251387,531.3827340755214
251388,333.0864242672193
251389,281.40792195487745
251390,170.28551473674145
251391,1261.0242585811454
251392,1038.6302946250978
251393,667.0802449076654
251394,600.1075598001431
251395,198.37246090058528
251396,1512.1666217472111
251397,1238.6873460977627
251398,780.448236445906
251399,691.3523298915884
251400,45.89279968767405
251401,437.8284621092483
251402,366.3228981785514
251403,240.7145897671533
251404,202.85500886799977
251405,104.0327155555269
251406,922.8318866526597
251407,763.1658126258905
251408,476.8388505980931
251409,422.31533945651194
251410,136.71248412082974
251411,1090.03584950644
251412,888.9356434791904
251413,565.4444982212873
251414,488.79776563290983
251415,707.5673318995972
251416,9.336572330736308
251417,2.0558267582133714
251418,10.038256096664535
251419,-12.164659619053866
251420,83.16250897785774
251421,10.226328272504091
251422,11.196527416011335
251423,22.67446658028359
251424,-10.794800987358933
251425,23.878471442196822
251426,28.463089680728487
251427,22.077737153139587
251428,37.69805110545699
251429,-2.7346104095746555
251430,116.016875845966
251431,1028.6400948526257
251432,849.0356763917645
251433,544.6296586250621
251434,478.53484131542564
251435,260.53641052335695
251436,2103.6654589957298
251437,1742.5256596926627
251438,1091.702906640021
251439,967.7362421207664
251440,321.521536871499
251441,2471.4219379731053
251442,2051.2994230749346
251443,1266.8448583239322
251444,1125.3251299944427
251445,112.93879697044771
251446,830.1127879759333
251447,668.5862275466332
251448,454.4327887394417
251449,395.3661183679783
251450,229.04514153003092
251451,1678.1274302297772
251452,1371.7593290694783
251453,882.2454776867374
251454,794.5359338081767
251455,265.62703063353587
251456,1967.0982522612896
251457,1643.2418998291955
251458,1027.6333485606558
251459,916.6053056628198
251460,750.4281934927521
251461,625.9889571364167
251462,532.7899849686062
251463,343.4065028678669
251464,284.93454669149264
251465,677.57868193832
251466,1310.3411989411725
251467,1096.2231638654227
251468,694.6305176685624
251469,611.538412099743
251470,454.63442886783173
251471,1549.4739679860745
251472,1304.3920439117817
251473,810.0541695939012
251474,710.2779352081827
251475,86.09425495812135
251476,661.3123125187875
251477,550.0266202699443
251478,353.3267937278447
251479,294.8548375514705
251480,175.7153268279305
251481,1350.4361329206981
251482,1120.8493776641726
251483,711.5155505760038
251484,628.4234450071843
251485,205.58668292789957
251486,1624.4997533892933
251487,1344.4683103665648
251488,827.893205363982
251489,728.1169709782636
251490,53.590206341449175
251491,458.98573665221676
251492,386.8598570688524
251493,252.24974913737876
251494,207.59671437419263
251495,118.01891177884063
251496,967.4421618667477
251497,808.6965951156454
251498,501.3561908096864
251499,430.7132592068081
251500,148.1523512244429
251501,1131.80596160596
251502,932.266886781576
251503,590.7452615189076
251504,503.4182010991295
251505,701.5178955713883
251506,13.30102213530004
251507,4.764574352455432
251508,17.67147848366185
251509,-11.612171330328371
251510,106.70772904453557
251511,9.155613357422236
251512,11.046319776596484
251513,31.56969037481368
251514,-18.306277888365624
251515,12.882282045689063
251516,27.125334683512005
251517,23.331680115692606
251518,45.91821840864925
251519,-10.921143801919165
251520,127.00357468687206
251521,1074.197035444791
251522,906.0900717124392
251523,568.8837266586785
251524,493.0485832731598
251525,266.0153232032218
251526,2223.999237460236
251527,1820.3645833391508
251528,1159.8270494698866
251529,1016.794092277485
251530,352.3688086325044
251531,2603.196148149656
251532,2157.106776166726
251533,1373.2642601065077
251534,1212.6782391038707
251535,123.90199217836319
251536,872.5353688927526
251537,721.695701533625
251538,474.4170572364307
251539,405.6100607890844
251540,236.44173868439003
251541,1759.9414687666044
251542,1478.9061407732245
251543,917.9026063095024
251544,811.1267697577939
251545,277.871844348768
251546,2080.1785464438844
251547,1764.6114553794857
251548,1081.0655936158619
251549,950.9712580448789
251550,720.2372300883104
251551,704.2399067601291
251552,599.212914804904
251553,399.151539075114
251554,339.9678162802066
251555,515.6106502085978
251556,1486.0334153440594
251557,1228.1111029315557
251558,755.4985644559557
251559,670.0179371024125
251560,305.62098669429224
251561,1736.4763581291777
251562,1439.8082968777169
251563,901.075547104918
251564,796.0066432767691
251565,109.30196730770719
251566,738.6869836125445
251567,618.1548374038018
251568,409.26862356174166
251569,350.0849007668343
251570,185.5365568613405
251571,1516.9962892359915
251572,1250.555129089129
251573,770.0387118122114
251574,687.3609026913111
251575,216.0076972772651
251576,1795.1315161901705
251577,1477.7023756913234
251578,916.5696973238132
251579,814.3036117283073
251580,74.43643123909737
251581,524.4893975527611
251582,440.8886620719307
251583,278.4438263950491
251584,230.12830874391088
251585,130.52404345725134
251586,1052.2446724490812
251587,879.823245887017
251588,542.0681716648412
251589,468.8888202404614
251590,158.15162627870822
251591,1257.6308640907823
251592,1049.5862675894352
251593,678.1370889854442
251594,585.3694610864608
251595,725.970847706405
251596,15.445693936429523
251597,11.56532459402346
251598,24.76685967747944
251599,-5.322516893769014
251600,16.764147089769033
251601,16.26307483888483
251602,20.48504219536059
251603,35.936169795962414
251604,-12.79297035566048
251605,0.4331750684197773
251606,37.6542255589707
251607,40.603333630236236
251608,55.747989369779326
251609,0.008063743754438437
251610,144.68323954922963
251611,1194.9025711516938
251612,1008.1301537802194
251613,632.6312704613251
251614,551.9446913242464
251615,317.7850032374273
251616,2445.1349786261662
251617,1975.1183310753793
251618,1269.8080513067712
251619,1108.5892717755885
251620,372.58754843956984
251621,2944.2803913857415
251622,2428.91413927442
251623,1513.8608392229328
251624,1329.5833541739603
251625,135.07143297885005
251626,968.6386243047848
251627,795.7102127873152
251628,510.7914474178187
251629,437.13301521891145
251630,282.3903000602073
251631,1924.5565273714835
251632,1633.5906178381058
251633,1009.7391923594689
251634,894.4899041343043
251635,299.64372740596525
251636,2286.3147023440765
251637,1909.637564306993
251638,1206.7015705716096
251639,1062.6281416196166
251640,756.2698136734305
251641,563.9678857094615
251642,490.5895939503067
251643,307.65982542892465
251644,244.1972695573307
251645,754.0023909028538
251646,1171.8309520206312
251647,983.5376766238198
251648,620.5191661553383
251649,543.3681930593816
251650,692.9984146295599
251651,1389.1063895139882
251652,1167.7607415474913
251653,720.6512209368592
251654,640.5241726975738
251655,89.78281876455094
251656,597.6903839130338
251657,500.39610012603305
251658,316.2877308917241
251659,252.82517502013022
251660,170.22371538789145
251661,1211.34055099775
251662,1001.5411210459004
251663,637.4041990627796
251664,560.2532259668229
251665,188.39971958912295
251666,1448.3241823351782
251667,1190.0999014613583
251668,736.6919922315872
251669,656.5649439923018
251670,42.0903787269443
251671,415.6099400639858
251672,351.1996486529957
251673,230.72751284273787
251674,181.08387838433254
251675,98.147365591464
251676,890.5875283560395
251677,734.1546279821646
251678,452.6316186889636
251679,387.9298195589483
251680,125.27469751209694
251681,1044.2594571794175
251682,849.0528855764953
251683,530.2263613331861
251684,462.54848705984034
251685,716.8397883282312
251686,13.438688667771011
251687,9.35612673051419
251688,19.063920876501232
251689,-17.00408431710013
251690,256.52999288429316
251691,17.22794326018874
251692,14.785317578317859
251693,24.833034713037627
251694,-23.025577549379914
251695,52.66078286394976
251696,31.55262166094042
251697,33.11055437359091
251698,41.2937243225327
251699,-4.101870453317185
251700,107.02400250913297
251701,991.3962486374907
251702,822.4505208623749
251703,524.9454630191955
251704,449.2280941022259
251705,246.594717971033
251706,1956.210872643576
251707,1626.0773557303776
251708,1042.7948624797777
251709,912.7181782756359
251710,310.7753186179838
251711,2341.3569352965255
251712,1927.3787431044761
251713,1210.964136127451
251714,1066.9953643379904
251715,101.75264780981205
251716,784.9024569755207
251717,633.2067264815423
251718,433.12018226450164
251719,363.7339454974516
251720,215.94853463840653
251721,1576.535928968694
251722,1307.3684973090756
251723,836.8100051653024
251724,736.5279916045603
251725,242.55149214672053
251726,1860.147325431837
251727,1560.8948368625076
251728,964.1051176822882
251729,849.9310165362275
251730,755.5823166071663
251731,563.2803886431973
251732,482.85220103776936
251733,311.7089161153144
251734,240.34711979005942
251735,753.3301823399873
251736,1171.1587434577646
251737,975.81557221468
251738,624.5835453451259
251739,539.5333317955082
251740,699.9728238814246
251741,1388.1597763674597
251742,1159.7642325546897
251743,724.4411955429848
251744,636.4149068500384
251745,89.09532169828674
251746,597.0028868467696
251747,492.65870721349546
251748,320.33682157811387
251749,248.9750252528589
251750,169.551506825025
251751,1210.6683424348832
251752,993.8190166367608
251753,641.4685782525672
251754,556.4183647029495
251755,187.45310644259453
251756,1447.3775691886497
251757,1182.1033924685566
251758,740.4819668377128
251759,652.4556781447664
251760,41.40288166068009
251761,414.92244299772165
251762,343.4622557404585
251763,234.77660352912764
251764,177.23372861706122
251765,97.4751570285975
251766,889.915319793173
251767,726.4325235730252
251768,456.69599787875114
251769,384.0949582950747
251770,124.32808436556851
251771,1043.312844032889
251772,841.0563765836939
251773,534.0163359393117
251774,458.4392212123048
251775,709.0027093664781
251776,13.558151214977652
251777,2.4256934314477854
251778,22.621555340174872
251779,-21.34569030708758
251780,255.85778432142666
251781,16.555734697322276
251782,7.063213169178362
251783,28.897413902825114
251784,-26.860438813253506
251785,57.15766611245077
251786,30.606008514411993
251787,25.114045380789445
251788,45.08369892865823
251789,-8.211136300852745
251790,107.55212645537024
251791,994.8479860431116
251792,818.8523624217231
251793,530.3075994219713
251794,444.8869475788671
251795,245.9225094081666
251796,1955.5386640807094
251797,1618.3552513212378
251798,1046.8592416695649
251799,907.0792745392888
251800,309.1568261947295
251801,2339.7384428732717
251802,1918.7103548349485
251803,1214.0822314568502
251804,1060.4101767412549
251805,102.28077175604928
251806,784.2642537426323
251807,625.5186274023808
251808,437.2185667842671
251809,358.12904709108244
251810,215.27632607554006
251811,1575.8637204058273
251812,1299.6463928999358
251813,840.87438435509
251814,730.8890878682132
251815,240.93299972346608
251816,1858.5288330085825
251817,1552.22644859298
251818,967.2232130116878
251819,843.3458289394924
251820,756.8641836919994
251821,565.0748909706058
251822,485.51388430526816
251823,311.15886177770267
251824,239.79706545244767
251825,754.0082263564394
251826,1172.953245785173
251827,980.6727898793798
251828,624.033491007514
251829,538.9832774578963
251830,688.4299928949953
251831,1389.9542786948682
251832,1164.6214502193895
251833,723.891141205373
251834,635.8648525124265
251835,90.76800045236166
251836,599.7920239118008
251837,496.3150252186168
251838,320.78140197812485
251839,249.41960565286993
251840,171.22418557909995
251841,1213.4574794999146
251842,999.6708690390835
251843,641.9131586525782
251844,556.8629451029605
251845,189.12578519666948
251846,1450.166706253681
251847,1187.9552448708794
251848,740.9265472377238
251849,652.9002585447773
251850,43.07556041475501
251851,417.71158006275283
251852,347.11857374557985
251853,235.22118392913868
251854,177.67830901707225
251855,99.14783578267242
251856,892.7044568582043
251857,732.2843759753479
251858,457.1405782787621
251859,384.5395386950857
251860,126.00076311964345
251861,1046.1019810979203
251862,846.9082289860166
251863,534.4609163393227
251864,458.8838016123158
251865,710.6753881205531
251866,16.347288280008893
251867,2.7960023401139726
251868,23.066135740185864
251869,-20.901109907076588
251870,257.5304630755016
251871,19.344871762353527
251872,7.43352207784455
251873,29.341994302836106
251874,-26.415858413242514
251875,58.830344866525685
251876,33.39514557944325
251877,25.48435428945563
251878,45.52827932866922
251879,-7.766555900841751
251880,109.22480520944517
251881,997.6371231081429
251882,824.6610152820454
251883,530.7521798219823
251884,445.33152797887806
251885,247.59518816224153
251886,1958.3278011457408
251887,1624.16390418156
251888,1047.303822069576
251889,907.5238549392998
251890,310.82950494880436
251891,2342.5275799383026
251892,1924.5190076952706
251893,1214.5268118568613
251894,1060.854757141266
251895,103.9534505101242
251896,787.0533908076635
251897,628.6445818199088
251898,437.6631471842781
251899,358.5736274910934
251900,216.949004829615
251901,1578.6528574708586
251902,1302.7723473174638
251903,841.318964755101
251904,731.3336682682242
251905,242.60567847754103
251906,1861.3179700736139
251907,1555.352403010508
251908,967.6677934116988
251909,843.7904093395034
251910,756.8641836919994
251911,565.0748909706058
251912,485.51388430526816
251913,311.15886177770267
251914,239.79706545244767
251915,732.3233838186866
251916,1172.4682201369374
251917,980.1877642311441
251918,624.033491007514
251919,538.9832774578963
251920,688.4299928949953
251921,1389.9542786948682
251922,1164.6214502193895
251923,723.891141205373
251924,635.8648525124265
251925,90.03970510854246
251926,599.0637285679816
251927,495.58672987479764
251928,320.05310663430566
251929,248.69131030905072
251930,170.49589023528074
251931,1212.7291841560952
251932,998.9425736952643
251933,641.184863308759
251934,556.1346497591412
251935,188.39748985285027
251936,1449.4384109098617
251937,1187.22694952706
251938,740.1982518939045
251939,652.1719632009581
251940,42.347265070935805
251941,416.98328471893365
251942,346.39027840176067
251943,234.49288858531946
251944,176.95001367325304
251945,98.41954043885322
251946,891.976161514385
251947,731.5560806315286
251948,456.41228293494294
251949,383.8112433512665
251950,125.27246777582425
251951,1045.373685754101
251952,846.1799336421974
251953,533.7326209955035
251954,458.1555062684966
251955,709.9470927767338
251956,15.618992936189688
251957,2.067706996294768
251958,22.337840396366662
251959,-21.62940525089579
251960,248.81579408720182
251961,19.624790214084303
251962,7.713440529575322
251963,29.621912754566882
251964,-26.13593996151174
251965,58.10204952270648
251966,32.66685023562405
251967,24.75605894563643
251968,44.799983984850016
251969,-8.494851244660955
251970,108.49650986562597
251971,996.9088277643236
251972,823.9327199382261
251973,530.023884478163
251974,444.6032326350589
251975,247.8751066139723
251976,1958.6077195974713
251977,1624.4438226332904
251978,1047.5837405213065
251979,907.8037733910305
251980,310.1012096049852
251981,2341.7992845944837
251982,1923.7907123514512
251983,1213.798516513042
251984,1060.1264617974466
251985,103.225155166305
251986,786.3250954638443
251987,627.9162864760896
251988,436.9348518404589
251989,357.84533214727423
251990,217.22892328134577
251991,1578.9327759225891
251992,1303.0522657691943
251993,841.5988832068317
251994,731.6135867199549
251995,241.87738313372182
251996,1860.5896747297945
251997,1554.6241076666886
251998,966.9394980678795
251999,843.0621139956842
252000,741.0787423204351
252001,607.2639532946166
252002,527.5059209591225
252003,334.27134912414874
252004,260.21570846709443
252005,644.1286538785612
252006,1234.30196574472
252007,1033.3849101018147
252008,667.3569111294732
252009,565.5876298776917
252010,433.3384048567857
252011,1462.374629822276
252012,1216.3519570477858
252013,782.0879418836461
252014,658.1954391850692
252015,86.91147842819507
252016,634.5727009970624
252017,538.92819015506
252018,338.8261466709254
252019,264.77050601387106
252020,178.82274181092436
252021,1265.9533216914808
252022,1050.1506610236092
252023,679.0948657230438
252024,579.0180666496092
252025,206.95277489843198
252026,1521.9816575246423
252027,1252.9030872412159
252028,792.9816348645032
252029,670.7816143442733
252030,50.459454964678685
252031,441.4532420241144
252032,373.8683542580902
252033,246.4543121708593
252034,186.21759292699318
252035,112.56994262970983
252036,927.7609497629949
252037,774.6861790244016
252038,487.0597738151715
252039,401.22584630597845
252040,145.29279811867644
252041,1097.6742881421478
252042,900.9747874809203
252043,576.1841990415842
252044,468.227050085595
252045,713.4677988558865
252046,12.299694082877375
252047,5.056075360232982
252048,15.488654238194192
252049,-6.211395238900386
252050,71.29611535493301
252051,13.189450024645158
252052,10.770338356102164
252053,23.1681668385946
252054,-2.827917126412514
252055,14.51998954809918
252056,33.669557985495636
252057,21.70429672370254
252058,38.24449999424009
252059,5.285022081843885
252060,128.30194864550853
252061,1040.9026868410033
252062,840.5104761244805
252063,544.0275973012851
252064,445.3618709541959
252065,272.82148332289967
252066,2115.9280509841083
252067,1732.8873204139488
252068,1107.3472434321407
252069,928.621312550023
252070,336.0499562236677
252071,2485.92787651411
252072,2041.7138324266932
252073,1277.6579055643756
252074,1071.42015364841
252075,119.53195882808815
252076,830.3175468311325
252077,668.8281132517109
252078,456.0182154913657
252079,366.0914879961247
252080,235.63830338767156
252081,1678.3321890849763
252082,1375.1463648617296
252083,895.7080402606423
252084,757.0127804210603
252085,274.4635390438026
252086,1969.5463576691147
252087,1646.6816842519188
252088,1037.9618588479314
252089,865.9893427654605
252090,747.6035537090017
252091,636.6415446162791
252092,544.5274917818886
252093,354.4473676668865
252094,276.03150534102167
252095,579.782767217432
252096,1321.5717848297736
252097,1114.5882917514414
252098,710.2696875419731
252099,596.8790103442751
252100,336.9203966132657
252101,1569.933436063829
252102,1320.6232386472564
252103,827.5164002659999
252104,697.4415942514029
252105,91.62461527809408
252106,667.0831645142206
252107,559.71814843005
252108,360.9130623913405
252109,282.4972000654757
252110,183.91197574961234
252111,1356.2069849161321
252112,1133.2115329477826
252113,722.0076421355436
252114,610.3094471161926
252115,215.13070196871442
252116,1636.4608612472925
252117,1360.830123590586
252118,840.2083577222099
252119,711.8260338859599
252120,59.12056666142182
252121,464.7565886476503
252122,396.5513852289587
252123,259.8360178008746
252124,195.2390768881979
252125,126.21556070052245
252126,973.2130138621808
252127,821.0587503992544
252128,510.05458477092657
252129,412.599261315817
252130,157.69637026525774
252131,1141.5904723222359
252132,946.452102863873
252133,601.2667162788351
252134,487.127264006826
252135,701.6069144278107
252136,16.86926435587301
252137,8.369943422906944
252138,17.937541113633703
252139,-6.010947015260862
252140,73.45153784599364
252141,12.723855577995222
252142,11.225251185119212
252143,24.814262801408248
252144,-10.691434092505194
252145,10.316994634565717
252146,32.93692345671108
252147,23.563360154687473
252148,39.2155394657159
252149,-3.2535513755866208
252150,139.22009869432674
252151,1087.5734456786804
252152,898.6786896906664
252153,571.3501479951291
252154,462.42102249061276
252155,278.23184721067634
252156,2237.3756476941257
252157,1811.8400623059488
252158,1176.4750766020757
252159,980.2245722854241
252160,366.828679192585
252161,2618.8159049361716
252162,2148.635003763996
252163,1385.0809976870205
252164,1161.3186723365213
252165,130.42660524391582
252166,873.8539459934628
252167,723.0514054842138
252168,479.07096664858244
252169,378.8808399959141
252170,242.96635174994276
252171,1761.2600458673153
252172,1483.4069948109875
252173,932.3688592234761
252174,776.1490259493605
252175,286.6398039669466
252176,2083.740470097221
252177,1769.1650580477208
252178,1092.3977942432068
252179,902.9007047262027
252180,715.0839189053096
252181,713.7967968472612
252182,609.8547242254562
252183,409.09670648140326
252184,333.88059794421423
252185,407.45695245658675
252186,1496.16830383993
252187,1245.3805334248439
252188,770.0420369366361
252189,658.1743583614233
252190,300.48926298009815
252191,1747.8563090149987
252192,1454.943794220461
252193,917.4420803842864
252194,785.9861253344679
252195,113.7366302349497
252196,743.3621382152473
252197,626.7506681711773
252198,415.7591948325071
252199,340.543086295318
252200,192.63750839029197
252201,1521.671443838695
252202,1261.8215869800085
252203,779.435105979021
252204,672.0627278147981
252205,224.45601892534958
252206,1805.9969266554392
252207,1492.9684915226142
252208,927.7891522893109
252209,800.8284976504823
252210,78.87109416633972
252211,529.164552155464
252212,449.4844928393066
252213,284.9343976658145
252214,220.58649427239476
252215,137.62499498620284
252216,1056.9198270517848
252217,891.0897037778958
252218,549.6708682333505
252219,453.5906453639489
252220,166.5999479267927
252221,1266.3196774143278
252222,1062.6757862790028
252223,687.5628463526415
252224,571.8943470086358
252225,727.9257509073577
252226,17.918238764272136
252227,14.074996271744611
252228,23.93722491472096
252229,3.0945304357770964
252230,8.432910430727013
252231,18.73561966672745
252232,19.568276211152984
252233,28.085044829826582
252234,-2.362303545321437
252235,8.901578723365365
252236,42.37011693943938
252237,39.73931627650074
252238,47.949613034115615
252239,10.491479184565595
252240,155.8040661639539
252241,1207.1832839928527
252242,999.6230743657171
252243,634.0019944050455
252244,524.1329535561781
252245,328.9058298521515
252246,2457.4156914673254
252247,1965.498112649447
252248,1285.3603810462298
252249,1074.8355747980072
252250,385.9517216069201
252251,2958.8044507795266
252252,2419.3466694789595
252253,1524.5818794107151
252254,1281.0396104210895
252255,140.50034865167234
252256,968.8615040127648
252257,795.9702193451737
252258,514.3496594372406
252259,413.21961744021974
252260,287.8192157330295
252261,1924.779407079464
252262,1636.9957744831383
252263,1023.1097478807123
252264,862.3279833403496
252265,307.3159896314135
252266,2288.7809286046827
252267,1913.0954695824976
252268,1216.938073806224
252269,1017.3734113154188
252270,751.9518963368122
252271,573.0612869098129
252272,499.36557988164327
252273,311.36526415978506
252274,244.1175159278152
252275,740.2049800467616
252276,1182.9873575307138
252277,998.4562579796557
252278,636.0497832111698
252279,523.2287907619286
252280,526.721161634155
252281,1408.0066713122314
252282,1181.0304154010194
252283,738.0048987913788
252284,622.2078311988089
252285,93.81990153165559
252286,601.9020496289558
252287,507.1261074041932
252288,316.53857348706066
252289,249.29082525509077
252290,176.9270867567052
252291,1215.5522167136726
252292,1010.9417554475629
252293,647.7877378047402
252294,536.6592275338461
252295,196.4504610770697
252296,1456.5495067719428
252297,1201.3235966617096
252298,748.8985917722359
252299,634.794006358013
252300,46.127461494048916
252301,419.82160577990805
252302,357.9296559311556
252303,230.9783554380746
252304,177.54952861929286
252305,104.85073696027773
252306,894.7991940719614
252307,743.5552623838274
252308,458.89488347637865
252309,364.3358211259719
252310,133.3254390000437
252311,1052.484781616182
252312,860.2765807768462
252313,538.3126869192888
252314,440.777549425552
252315,719.5080370116846
252316,15.447744608832778
252317,9.999974919019376
252318,17.101151800084395
252319,-6.032611516122959
252320,108.74571208708075
252321,19.236999201250498
252322,12.002728104894267
252323,12.84883513884348
252324,-10.040485267609812
252325,35.419030275856144
252326,35.805024154628235
252327,30.380713530639433
252328,29.362273378810617
252329,8.935970458925027
252330,119.65217768857744
252331,1005.1184013167265
252332,813.982546683514
252333,521.072509049112
252334,423.1928078985236
252335,259.2228931504775
252336,1969.9330253228122
252337,1616.496242540087
252338,1065.54393787375
252339,876.0378505797775
252340,325.64684035005445
252341,2357.3224345283884
252342,1917.8503785446576
252343,1231.2638031027793
252344,1015.5249898668435
252345,108.68891204735458
252346,786.566776521578
252347,633.5058382750431
252348,431.4347163701191
252349,346.7996330617448
252350,222.88479887594914
252351,1578.2002485147516
252352,1310.81275918975
252353,848.8067578209885
252354,711.3451561535908
252355,251.7311029368892
252356,1864.0549915305207
252357,1564.3918473736542
252358,975.3496991843771
252359,811.6553715750151
252360,751.3573463439258
252361,574.325851638637
252362,500.6301446104674
252363,312.62982888860915
252364,245.3820806566392
252365,742.0620407334637
252366,1184.2519222595379
252367,999.7208227084797
252368,637.3143479399937
252369,524.4933554907526
252370,534.0476340396617
252371,1409.2712360410555
252372,1182.2949801298435
252373,739.2694635202026
252374,623.4723959276329
252375,93.2253515387692
252376,603.1666143577797
252377,508.3906721330172
252378,317.80313821588476
252379,250.55538998391478
252380,175.17543716922364
252381,1216.8167814424967
252382,1012.2063201763871
252383,649.0523025335643
252384,537.9237922626701
252385,195.85591108418333
252386,1457.8140715007669
252387,1202.5881613905337
252388,750.1631565010598
252389,636.058571086837
252390,45.53291150116255
252391,421.08617050873215
252392,359.1942206599797
252393,232.2429201668986
252394,178.81409334811687
252395,103.09908737279615
252396,896.0637588007854
252397,744.8198271126514
252398,460.15944820520275
252399,365.600385854796
252400,132.73088900715734
252401,1053.7493463450062
252402,861.5411455056702
252403,539.5772516481128
252404,442.0421141543761
252405,718.9134870187982
252406,16.71230933765683
252407,11.264539647843426
252408,18.365716528908447
252409,-4.768046787298906
252410,81.03243605302981
252411,20.501563930074553
252412,13.267292833718319
252413,14.113399867667535
252414,-8.775920538785757
252415,34.82448028296979
252416,37.069588883452305
252417,31.64527825946349
252418,30.626838107634676
252419,10.200535187749084
252420,120.70234664161538
252421,1008.0276849914748
252422,816.8918303582623
252423,523.9817927238603
252424,426.10209157327193
252425,259.1159625089201
252426,1972.8423089975608
252427,1619.4055262148356
252428,1068.4532215484987
252429,878.9471342545257
252430,326.6970093030923
252431,2360.231718203136
252432,1920.7596622194062
252433,1234.173086777528
252434,1018.4342735415914
252435,109.5091700373577
252436,789.2461492332916
252437,636.1852109867566
252438,434.1140890818326
252439,349.47900577345837
252440,222.54795727135706
252441,1580.8796212264654
252442,1313.4921319014638
252443,851.4861305327021
252444,714.0245288653043
252445,252.55136092689224
252446,1866.7343642422345
252447,1567.071220085368
252448,978.0290718960906
252449,814.3347442867287
252450,751.6747579144683
252451,574.0394401407984
252452,502.6132486551541
252453,312.19976883650173
252454,244.9520206045318
252455,741.7756292356252
252456,1183.9655107616993
252457,1003.8994611503676
252458,636.8842878878862
252459,524.0632954386451
252460,521.5403475389417
252461,1408.984824543217
252462,1186.4736185717315
252463,738.8394034680952
252464,623.0423358755254
252465,92.93894004093063
252466,602.8802028599412
252467,510.37377617770386
252468,317.37307816377734
252469,250.12532993180739
252470,174.88902567138507
252471,1216.530369944658
252472,1016.384958618275
252473,648.6222424814569
252474,537.4937322105626
252475,195.5694995863448
252476,1457.5276600029283
252477,1206.7667998324218
252478,749.7330964489523
252479,635.6285110347295
252480,45.24650000332399
252481,420.7997590108936
252482,361.1773247046664
252483,231.81286011479122
252484,178.38403329600948
252485,102.81267587495758
252486,895.7773473029469
252487,748.9984655545394
252488,459.72938815309533
252489,365.1703258026886
252490,132.4444775093188
252491,1053.4629348471676
252492,865.7197839475582
252493,539.1471915960053
252494,441.6120541022687
252495,718.6270755209596
252496,16.42589783981827
252497,9.961634596074905
252498,17.935656476801032
252499,-5.19810683940632
252500,80.74602455519124
252501,20.215152432235993
252502,11.964387781949798
252503,13.683339815560123
252504,-9.20598059089317
252505,34.53806878513122
252506,36.78317738561374
252507,30.342373207694965
252508,30.19677805552726
252509,9.770475135641671
252510,120.4159351437768
252511,1007.7412734936362
252512,821.0272692581498
252513,523.5517326717528
252514,425.6720315211645
252515,258.82955101108155
252516,1972.5558974997223
252517,1623.5409651147231
252518,1068.0231614963914
252519,878.5170742024183
252520,326.4105978052537
252521,2359.9453067052978
252522,1924.8951011192937
252523,1233.7430267254206
252524,1018.004213489484
252525,109.22275853951913
252526,788.959737735453
252527,637.6379514438498
252528,433.6840290297252
252529,349.04894572135095
252530,222.26154577351852
252531,1580.5932097286268
252532,1314.9448723585572
252533,851.0560704805946
252534,713.5944688131968
252535,252.2649494290537
252536,1866.447952744396
252537,1568.5239605424613
252538,977.5990118439831
252539,813.9046842346212
252540,752.9241106270838
252541,574.4935618808801
252542,503.06737039523597
252543,312.65389057658354
252544,245.40614234461358
252545,736.984431957079
252546,1184.419632501781
252547,1004.3535828904494
252548,637.338409627968
252549,524.5174171787269
252550,522.7897002515574
252551,1409.4389462832987
252552,1186.9277403118133
252553,739.2935252081769
252554,623.4964576156071
252555,94.18829275354615
252556,603.3343246000229
252557,510.8278979177856
252558,317.82719990385914
252559,250.57945167188916
252560,177.29547797859578
252561,1216.9844916847399
252562,1016.8390803583568
252563,649.0763642215386
252564,537.9478539506443
252565,196.81885229896028
252566,1457.98178174301
252567,1207.2209215725036
252568,750.1872181890341
252569,636.0826327748113
252570,46.4958527159395
252571,421.2538807509754
252572,361.6314464447482
252573,232.266981854873
252574,178.83815503609125
252575,105.21912818216829
252576,896.2314690430286
252577,749.4525872946211
252578,460.18350989317713
252579,365.6244475427704
252580,133.6938302219343
252581,1053.9170565872494
252582,866.17390568764
252583,539.6013133360871
252584,442.0661758423505
252585,719.8764282335751
252586,16.880019579900026
252587,10.415756336156665
252588,18.389778216882796
252589,-4.743985099324561
252590,74.15788942237128
252591,20.669274172317756
252592,12.418509522031558
252593,14.137461555641883
252594,-8.751858850811413
252595,35.78742149774671
252596,37.23729912569549
252597,30.79649494777673
252598,30.650899795609035
252599,10.224596875723432
252600,121.66528785639231
252601,1008.1953952337179
252602,821.4813909982315
252603,524.0058544118345
252604,426.1261532612463
252605,261.2360033182924
252606,1973.010019239804
252607,1623.9950868548049
252608,1068.477283236473
252609,878.9711959425
252610,327.65995051786933
252611,2360.3994284453797
252612,1925.3492228593755
252613,1234.1971484655023
252614,1018.4583352295657
252615,110.47211125213465
252616,789.4138594755348
252617,638.0920731839316
252618,434.138150769807
252619,349.50306746143275
252620,224.6679980807292
252621,1581.0473314687085
252622,1315.398994098639
252623,851.5101922206763
252624,714.0485905532786
252625,253.51430214166916
252626,1866.9020744844777
252627,1568.978082282543
252628,978.0531335840649
252629,814.3588059747029
252630,740.0797001513888
252631,607.328794874747
252632,527.5707625392528
252633,334.3361907042791
252634,260.2805500472248
252635,641.8253285140456
252636,1233.0625241293808
252637,1032.1454684864755
252638,666.1174695141343
252639,564.3481882623528
252640,432.33936268773937
252641,1462.439471402406
252642,1216.416798627916
252643,782.1527834637764
252644,658.2602807651995
252645,85.91243625914863
252646,634.6375425771927
252647,538.9930317351902
252648,338.8909882510558
252649,264.8353475940014
252650,176.51941644640874
252651,1264.7138800761415
252652,1048.91121940827
252653,677.8554241077048
252654,577.7786250342702
252655,205.9537327293856
252656,1522.0464991047725
252657,1252.967928821346
252658,793.0464764446335
252659,670.8464559244036
252660,49.46041279563229
252661,441.51808360424474
252662,373.93319583822057
252663,246.5191537509896
252664,186.28243450712344
252665,110.26661726519421
252666,926.5215081476559
252667,773.4467374090626
252668,485.82033219983265
252669,399.9864046906396
252670,144.29375594963005
252671,1097.739129722278
252672,901.0396290610506
252673,576.2490406217145
252674,468.29189166572536
252675,711.276983034706
252676,11.17276201087347
252677,3.9291432882290724
252678,14.361722166190287
252679,-7.338327310904287
252680,44.62601721783096
252681,12.062517952641253
252682,9.643406284098255
252683,22.04123476659069
252684,-3.9548491984164214
252685,12.329173726918592
252686,32.542625913491726
252687,20.57736465169863
252688,37.11756792223619
252689,4.158090009839979
252690,129.66078049511026
252691,1043.3254024397818
252692,842.933191723259
252693,546.4503129000636
252694,447.7845865529745
252695,274.18031517250154
252696,2118.3507665828865
252697,1735.3100360127273
252698,1109.7699590309192
252699,931.0440281488015
252700,337.4087880732696
252701,2488.350592112888
252702,2044.1365480254708
252703,1280.080621163154
252704,1073.8428692471882
252705,120.66087971465518
252706,832.5103514668763
252707,671.0209178874546
252708,458.21102012710946
252709,368.2842926318685
252710,236.76722427423854
252711,1680.52499372072
252712,1377.3391694974732
252713,897.900844896386
252714,759.205585056804
252715,275.59245993036967
252716,1971.7391623048584
252717,1648.8744888876624
252718,1040.1546634836752
252719,868.1821474012042
252720,746.1738022140773
252721,636.2756768705315
252722,544.1616240361408
252723,354.08149992113874
252724,275.6656375952739
252725,578.3530157225076
252726,1321.2059170840255
252727,1114.2224240056933
252728,709.9038197962253
252729,596.5131425985273
252730,335.49064511834126
252731,1569.567568318081
252732,1320.2573709015082
252733,827.1505325202521
252734,697.0757265056551
252735,90.19486378316954
252736,666.7172967684728
252737,559.3522806843022
252738,360.5471946455927
252739,282.1313323197279
252740,182.4822242546878
252741,1355.841117170384
252742,1132.8456652020345
252743,721.6417743897958
252744,609.9435793704448
252745,213.70095047378987
252746,1636.0949935015444
252747,1360.464255844838
252748,839.8424899764622
252749,711.4601661402121
252750,57.690815166497295
252751,464.3907209019025
252752,396.1855174832109
252753,259.4701500551268
252754,194.87320914245
252755,124.78580920559786
252756,972.847146116433
252757,820.6928826535067
252758,509.6887170251788
252759,412.2333935700692
252760,156.2666187703332
252761,1141.2246045764878
252762,946.0862351181253
252763,600.9008485330874
252764,486.76139626107823
252765,698.807497752077
252766,16.503396610125158
252767,8.004075677159088
252768,17.571673367885843
252769,-6.376814761008724
252770,61.092333698505385
252771,12.357987832247359
252772,10.859383439371356
252773,24.448395055660384
252774,-11.057301838253053
252775,7.517577958831851
252776,32.57105571096323
252777,23.19749240893961
252778,38.84967171996805
252779,-3.61941912133448
252780,141.3399948701845
252781,1090.757225603715
252782,901.862469615701
252783,574.5339279201637
252784,465.6048024156474
252785,280.3517433865342
252786,2240.55942761916
252787,1815.0238422309833
252788,1179.6588565271102
252789,983.4083522104584
252790,368.9485753684429
252791,2621.999684861206
252792,2151.81878368903
252793,1388.264777612055
252794,1164.5024522615556
252795,132.31659045673882
252796,876.8078149554627
252797,726.0052744462137
252798,482.0248356105822
252799,381.83470895791385
252800,244.85633696276574
252801,1764.213914829315
252802,1486.3608637729872
252803,935.322728185476
252804,779.1028949113604
252805,288.5297891797697
252806,2086.6943390592205
252807,1772.1189270097204
252808,1095.3516632052065
252809,905.8545736882025
252810,713.8238862345848
252811,713.6006479257132
252812,609.658575303908
252813,408.90055755985514
252814,336.1827808655314
252815,406.19691978586195
252816,1495.9721549183819
252817,1245.1843845032956
252818,769.845888015088
252819,660.4765412827404
252820,299.22923030937335
252821,1747.6601600934505
252822,1454.7476452989129
252823,917.2459314627383
252824,788.2883082557851
252825,112.47659756422482
252826,743.1659892936992
252827,626.5545192496292
252828,415.563045910959
252829,342.8452692166352
252830,191.37747571956712
252831,1521.4752949171468
252832,1261.6254380584603
252833,779.2389570574729
252834,674.3649107361152
252835,223.19598625462473
252836,1805.800777733891
252837,1492.772342601066
252838,927.5930033677628
252839,803.1306805717994
252840,77.61106149561488
252841,528.9684032339159
252842,449.2883439177585
252843,284.7382487442664
252844,222.88867719371189
252845,136.36496231547798
252846,1056.7236781302365
252847,890.8935548563477
252848,549.4747193118023
252849,455.8928282852661
252850,165.33991525606785
252851,1266.1235284927795
252852,1062.4796373574545
252853,687.3666974310934
252854,574.1965299299529
252855,725.2960530558237
252856,17.722089842723964
252857,13.87884735019645
252858,23.74107599317278
252859,0.25733811870619283
252860,7.454609335988736
252861,18.539470745179287
252862,19.37212728960482
252863,27.88889590827841
252864,-5.199495862392346
252865,6.271880871831185
252866,42.17396801789122
252867,39.54316735495258
252868,47.75346411256746
252869,7.654286867494683
252870,158.09368116401137
252871,1210.536782742087
252872,1002.9765731149511
252873,637.3554931542798
252874,533.0656533040351
252875,331.19544485220905
252876,2460.7691902165593
252877,1968.8516113986814
252878,1288.7138797954642
252879,1083.7682745458642
252880,388.24133660697765
252881,2962.1579495287606
252882,2422.7001682281934
252883,1527.9353781599496
252884,1289.9723101689465
252885,142.56005268869504
252886,971.9850917989644
252887,799.0938071313733
252888,517.4732472234396
252889,421.922406225042
252890,289.8789197700523
252891,1927.9029948656635
252892,1640.119362269338
252893,1026.233335666912
252894,871.0307721251719
252895,309.37569366843627
252896,2291.904516390882
252897,1916.2190573686971
252898,1220.0616615924237
252899,1026.0762001002404
252900,742.903812562056
252901,571.0932613263011
252902,497.3975542981314
252903,307.6307808261525
252904,248.15432641978987
252905,731.1568962720055
252906,1181.019331947202
252907,996.4882323961438
252908,632.315299877537
252909,527.2656012539032
252910,516.9252635498658
252911,1405.2908314191868
252912,1178.3145755079747
252913,733.522601148213
252914,625.4968273812505
252915,93.78833567224032
252916,601.9800026986205
252917,507.20406047385796
252918,314.8500688066047
252919,255.37361440024227
252920,176.89552089728994
252921,1215.6301697833376
252922,1011.0197085172282
252923,646.0992331242843
252924,542.7420166789974
252925,195.67108090812138
252926,1455.8796455320748
252927,1200.6537354218417
252928,746.4622727822468
252929,640.1289811936313
252930,46.0958956346337
252931,419.89955884957294
252932,358.0076090008205
252933,229.28985075761855
252934,183.63231776444437
252935,104.81917110086246
252936,894.8771471416262
252937,743.6332154534922
252938,457.2063787959227
252939,370.4186102711235
252940,132.5460588310954
252941,1051.8149203763141
252942,859.606719536978
252943,535.8763679292997
252944,446.11252426117056
252945,716.4182793532083
252946,15.525697678497604
252947,10.07792798868421
252948,15.412647119628394
252949,-5.089197609359483
252950,96.85356649012955
252951,19.314952270915338
252952,12.080681174559096
252953,11.160330458387481
252954,-9.097071360846341
252955,23.40598566320711
252956,35.88297722429308
252957,30.458666600304266
252958,27.67376869835463
252959,9.8793843656885
252960,121.16749631300684
252961,1006.8410733323157
252962,815.705218699103
252963,521.0287233145802
252964,434.00118514535694
252965,260.7382117749068
252966,1971.6556973384018
252967,1618.2189145556765
252968,1065.5001521392187
252969,886.8462278266105
252970,327.1621589744838
252971,2359.045106543977
252972,1919.573050560247
252973,1231.220017368248
252974,1026.3333671136763
252975,109.97431970874918
252976,788.0595375741324
252977,634.9985993275974
252978,431.1610196725526
252979,357.3780993455434
252980,224.17020653734372
252981,1579.6930095673063
252982,1312.3055202423047
252983,848.533061123422
252984,721.9236224373891
252985,253.01651059828384
252986,1865.5477525830754
252987,1565.8846084262088
252988,975.0760024868106
252989,822.2338378588134
252990,742.903812562056
252991,571.0932613263011
252992,497.3975542981314
252993,307.6307808261525
252994,248.15432641978987
252995,731.1568962720055
252996,1181.019331947202
252997,996.4882323961438
252998,632.315299877537
252999,527.2656012539032
253000,524.3975459615816
253001,1404.8420914325093
253002,1177.8658355212972
253003,733.0738611615354
253004,625.048087394573
253005,93.78833567224032
253006,601.9800026986205
253007,507.20406047385796
253008,314.8500688066047
253009,255.37361440024227
253010,176.89552089728994
253011,1215.6301697833376
253012,1011.0197085172282
253013,646.0992331242843
253014,542.7420166789974
253015,195.2223409214439
253016,1455.4309055453973
253017,1200.2049954351642
253018,746.0135327955693
253019,639.6802412069538
253020,46.0958956346337
253021,419.89955884957294
253022,358.0076090008205
253023,229.28985075761855
253024,183.63231776444437
253025,104.81917110086246
253026,894.8771471416262
253027,743.6332154534922
253028,457.2063787959227
253029,370.4186102711235
253030,132.0973188444179
253031,1051.3661803896366
253032,859.1579795503005
253033,535.4276279426223
253034,445.66378427449314
253035,716.4182793532083
253036,15.525697678497604
253037,10.07792798868421
253038,15.412647119628394
253039,-5.089197609359483
253040,96.85356649012955
253041,19.314952270915338
253042,12.080681174559096
253043,11.160330458387481
253044,-9.097071360846341
253045,23.40598566320711
253046,35.88297722429308
253047,30.458666600304266
253048,27.67376869835463
253049,9.8793843656885
253050,121.16749631300684
253051,1006.8410733323157
253052,815.705218699103
253053,521.0287233145802
253054,434.00118514535694
253055,260.7382117749068
253056,1971.6556973384018
253057,1618.2189145556765
253058,1065.5001521392187
253059,886.8462278266105
253060,327.1621589744838
253061,2359.045106543977
253062,1919.573050560247
253063,1231.220017368248
253064,1026.3333671136763
253065,109.97431970874918
253066,788.0595375741324
253067,634.9985993275974
253068,431.1610196725526
253069,357.3780993455434
253070,224.17020653734372
253071,1579.6930095673063
253072,1312.3055202423047
253073,848.533061123422
253074,721.9236224373891
253075,253.01651059828384
253076,1865.5477525830754
253077,1565.8846084262088
253078,975.0760024868106
253079,822.2338378588134
253080,743.2212241325985
253081,570.8068498284625
253082,499.3806583428181
253083,307.20072077404507
253084,247.72426636768247
253085,730.8704847741669
253086,1178.8221864411812
253087,998.7561368298492
253088,631.8852398254295
253089,526.8355412017958
253090,511.3165015888561
253091,1403.9819220626653
253092,1181.4707160911798
253093,732.0700432374225
253094,624.0442694704601
253095,93.50192417440175
253096,601.693591200782
253097,509.18716451854465
253098,314.4200087544973
253099,254.94355434813488
253100,176.60910939945137
253101,1215.343758285499
253102,1015.1983469591162
253103,645.6691730721768
253104,542.3119566268899
253105,194.3621715515999
253106,1454.5707361755533
253107,1203.8098760050468
253108,745.0097148714564
253109,638.6764232828409
253110,45.809484136795135
253111,419.61314735173437
253112,359.99071304550716
253113,228.85979070551116
253114,183.20225771233697
253115,104.53275960302389
253116,894.5907356437876
253117,747.8118538953802
253118,456.7763187438153
253119,369.9885502190161
253120,131.23714947457393
253121,1050.5060110197926
253122,862.7628601201831
253123,534.4238100185094
253124,444.6599663503802
253125,716.1318678553697
253126,15.239286180659043
253127,8.77502293691569
253128,14.982587067520981
253129,-5.519257661466897
253130,96.56715499229098
253131,19.028540773076777
253132,10.777776122790575
253133,10.730270406280068
253134,-9.527131412953754
253135,23.11957416536855
253136,35.596565726454514
253137,29.155761548535743
253138,27.243708646247214
253139,9.449324313581087
253140,120.88108481516826
253141,1006.5546618344771
253142,819.8406575989906
253143,520.5986632624728
253144,433.5711250932495
253145,260.45180027706823
253146,1971.3692858405632
253147,1622.354353455564
253148,1065.0700920871113
253149,886.416167774503
253150,326.87574747664524
253151,2358.7586950461387
253152,1923.7084894601346
253153,1230.7899573161405
253154,1025.903307061569
253155,109.6879082109106
253156,787.7731260762938
253157,636.4513397846906
253158,430.73095962044516
253159,356.94803929343595
253160,223.88379503950517
253161,1579.4065980694677
253162,1313.758260699398
253163,848.1030010713146
253164,721.4935623852816
253165,252.7300991004453
253166,1865.2613410852368
253167,1567.3373488833022
253168,974.6459424347031
253169,821.803777806706
253170,741.3803910479911
253171,568.966016743855
253172,497.53982525821056
253173,305.35988768943747
253174,245.88343328307494
253175,725.4407123779863
253176,1176.9813533565737
253177,996.915303745242
253178,630.0444067408222
253179,524.9947081171883
253180,509.4229198737765
253181,1402.0883403475857
253182,1179.5771343761003
253183,730.176461522343
253184,622.1506877553805
253185,91.66109108979433
253186,599.8527581161745
253187,507.3463314339367
253188,312.5791756698897
253189,253.1027212635273
253190,174.76827631484383
253191,1213.5029252008915
253192,1013.3575138745086
253193,643.8283399875693
253194,540.4711235422825
253195,192.46858983652024
253196,1452.6771544604737
253197,1201.9162942899673
253198,743.1161331563768
253199,636.7828415677614
253200,43.96865105218761
253201,417.7723142671268
253202,358.14987996089957
253203,227.01895762090362
253204,181.36142462772943
253205,102.69192651841642
253206,892.7499025591802
253207,745.9710208107728
253208,454.9354856592077
253209,368.1477171344085
253210,129.34356775949425
253211,1048.612429304713
253212,860.8692784051035
253213,532.5302283034298
253214,442.76638463530054
253215,717.8751900375981
253216,14.890175865548589
253217,8.42591262180523
253218,14.633476752410527
253219,-5.868367976577357
253220,71.63009478823137
253221,18.67943045796631
253222,10.428665807680128
253223,10.381160091169617
253224,-9.876241728064212
253225,20.431354493294123
253226,35.194706780871925
253227,28.75390260295316
253228,26.841849700664646
253229,9.047465367998509
253230,119.30272409538156
253231,1004.9763011146903
253232,818.2622968792039
253233,523.639186565661
253234,428.9389991430738
253235,258.8734395572814
253236,1969.7909251207764
253237,1620.7759927357772
253238,1068.1106153902995
253239,881.7840418243275
253240,325.24463812638635
253241,2357.12758569588
253242,1922.0773801098758
253243,1233.7777319888567
253244,1021.2184324809216
253245,109.52128847552127
253246,787.6065063409045
253247,636.2847200493013
253248,430.9270839871929
253249,354.9849635322629
253250,223.71717530411578
253251,1579.2399783340784
253252,1313.5916409640088
253253,848.2991254380624
253254,719.5304866241087
253255,252.51073073458366
253256,1865.0419727193755
253257,1567.1179805174409
253258,974.7893181709788
253259,819.7879534150609
253260,728.5359805722961
253261,601.801249737722
253262,522.0432174022277
253263,327.042187817133
253264,260.75784098568624
253265,630.2816089349528
253266,1225.6242449841734
253267,1024.707189341268
253268,658.8234666269884
253269,564.8254792008142
253270,418.97258230995845
253271,1455.088865466693
253272,1209.066192692203
253273,773.0357197779424
253274,656.9145109049729
253275,83.38523459539675
253276,631.1559760933443
253277,535.5114652513419
253278,333.64296401708634
253279,267.3586171856395
253280,173.9922147826568
253281,1261.2323135922932
253282,1045.4296529244216
253283,672.6073998737356
253284,580.3018946259084
253285,201.60347026694555
253286,1514.5652746805129
253287,1245.4867043970864
253288,785.9753914119763
253289,671.5466647173537
253290,46.93321113188041
253291,438.0365171203961
253292,370.45162935437196
253293,241.27112951702023
253294,188.80570409876162
253295,107.73941560144233
253296,923.0399416638076
253297,769.9651709252142
253298,480.5723079658632
253299,402.5096742822777
253300,139.94349348719
253301,1092.4345024397417
253302,895.7350017785142
253303,569.1779555890572
253304,468.9921004586754
253305,709.275744838729
253306,9.182918296522033
253307,1.9392995738776388
253308,10.60542070171801
253309,-8.462710188157079
253310,41.92058655997421
253311,10.072674238289816
253312,7.653562569746819
253313,18.28493330211843
253314,-5.079232075669213
253315,5.896393676638799
253316,30.500033568668186
253317,18.534772306875077
253318,33.3085178272918
253319,2.9809585021150706
253320,127.29821673409951
253321,1040.1063083207541
253322,839.7140976042314
253323,546.0836450538901
253324,450.59743243480193
253325,271.8177514114906
253326,2115.131672463859
253327,1732.0909418936997
253328,1109.4032911847455
253329,933.8568740306291
253330,334.9934756817866
253331,2485.0787493633884
253332,2040.864705275973
253333,1279.6612046865084
253334,1076.602966498544
253335,119.7100569380419
253336,830.702998332246
253337,669.2135647528244
253338,454.99995334449534
253339,373.7661887026986
253340,235.8164014976251
253341,1678.7176405860898
253342,1375.531816362843
253343,894.6897781137721
253344,764.6874811276341
253345,274.5888885232841
253346,1969.8790605397562
253347,1647.0143871225603
253348,1036.8908480705882
253349,873.6112948415622
253350,734.2801169627036
253351,630.1451859969521
253352,535.3146611877951
253353,343.192828538693
253354,276.7067788697447
253355,566.4593304711339
253356,1313.164692202264
253357,1100.7941000256621
253358,699.0151484137798
253359,597.5542838729981
253360,321.7738990682793
253361,1561.6140166458138
253362,1306.9167201309715
253363,814.4388003391185
253364,696.2938069814378
253365,87.31769644713664
253366,662.6327845480702
253367,552.5512964891332
253368,351.7045019163236
253369,285.21845224737535
253370,179.60505691865478
253371,1351.7566049499815
253372,1123.3740538833624
253373,712.799081660527
253374,613.0306992980923
253375,209.00072233906874
253376,1628.0108233407307
253377,1346.9929865857546
253378,829.1767364485053
253379,712.7242252691715
253380,54.81364783046439
253381,460.3062086814997
253382,389.3845332880417
253383,250.62745732585762
253384,197.9603290700975
253385,121.90864186956495
253386,968.7626338960304
253387,811.2212713348343
253388,500.84602429590973
253389,415.32051349771666
253390,151.56639063561207
253391,1135.3170315573973
253392,934.7915630007649
253393,590.2350950051305
253394,488.0254553900375
253395,699.1379281040274
253396,15.2225761986186
253397,4.006783290886138
253398,17.02260260672491
253399,-5.625378262853141
253400,69.04673571600576
253401,11.077167420740805
253402,10.28852871502719
253403,23.899324294499426
253404,-10.305865340097467
253405,3.416466456479357
253406,31.237486668984523
253407,22.573889054123317
253408,38.247852328334986
253409,-2.920731253651013
253410,139.93943447629164
253411,1088.247154787532
253412,896.6359268247519
253413,569.6303703825955
253414,473.9424549260057
253415,278.95118299264124
253416,2238.0493568029774
253417,1806.6521493528605
253418,1174.7552989895419
253419,991.7460047208177
253420,367.49526634407783
253421,2619.436865414551
253422,2143.394342180435
253423,1383.3084714440147
253424,1172.7873561414426
253425,132.32777104724335
253426,879.8890032276316
253427,722.190472639662
253428,474.27687913657326
253429,392.8414116572751
253430,244.86751755327015
253431,1767.2951031014838
253432,1479.400911879262
253433,927.5747717114674
253434,790.1095976107218
253435,288.488221139802
253436,2089.7227787009174
253437,1765.1062264855232
253438,1087.5509581007257
253439,916.8085277570918
253440,701.8441960492739
253441,708.3961356206645
253442,601.7375910240929
253443,398.9378647459401
253444,335.6515688656676
253445,401.613701926491
253446,1488.856908605151
253447,1232.682039091795
253448,759.8831952011731
253449,659.9453292828765
253450,292.8229516513143
253451,1740.632586989714
253452,1442.3329730969067
253453,905.4601778501353
253454,785.9340354572331
253455,110.52540879672246
253456,740.0074556418272
253457,620.6795136229907
253458,407.64633175022055
253459,344.36003586994804
253460,189.42628695206477
253461,1518.3167612652749
253462,1253.0798053083188
253463,771.3222428967347
253464,675.879677389428
253465,219.42173668843427
253466,1798.6425861416078
253467,1480.2270519105132
253468,917.8532284083365
253469,802.8223864264241
253470,75.65987272811263
253471,525.8098695820438
253472,443.41333829112
253473,276.821534583528
253474,224.40344384702468
253475,134.4137735479756
253476,1053.5651444783646
253477,882.3479221062059
253478,541.5580051510641
253479,457.40759493857894
253480,161.5656656898774
253481,1261.1419340422196
253482,1052.110943808625
253483,677.6269224716671
253484,573.8882357845777
253485,726.5524619763047
253486,17.36724799974808
253487,10.807533532454153
253488,24.117983800542493
253489,4.575796580915177
253490,2.2655858514035954
253491,18.18462890220339
253492,19.727251133791302
253493,28.26580371564813
253494,-0.8810374001833589
253495,3.0967479380093295
253496,41.7663775444432
253497,39.84554256866694
253498,48.07762328946505
253499,11.919996699231556
253500,157.61909933864916
253501,1208.9526904944348
253502,998.6760088925324
253503,633.3779141852422
253504,536.7500833843018
253505,330.72086302684676
253506,2459.1850979689075
253507,1961.4058970890887
253508,1284.7363008264265
253509,1087.452704626131
253510,387.7140061511433
253511,2960.5211086506365
253512,2415.2017052881292
253513,1523.9050505604398
253514,1293.6039916187412
253515,143.49721184773023
253516,975.9922586396639
253517,796.2049838933522
253518,510.65126931796124
253519,428.2758864943111
253520,290.8160789290874
253521,1931.910161706363
253522,1634.0853889441432
253523,1019.4113577614339
253524,877.3842523944412
253525,310.2601041969993
253526,2295.8589346011095
253527,1910.1323354130304
253528,1213.1869350564734
253529,1032.3769317390386
253530,740.4076134348607
253531,569.526449172432
253532,493.1142701694959
253533,305.05256800078007
253534,245.5761135944175
253535,728.6606971448101
253536,1177.5417857851508
253537,987.6235871358227
253538,629.7370870521648
253539,524.687388428531
253540,513.3538179335154
253541,1402.6487727761628
253542,1170.2854177666811
253543,729.8691418336856
253544,621.8433680667232
253545,91.29213654504501
253546,600.4131905447515
253547,502.9207763452221
253548,312.2718559812323
253549,252.79540157486986
253550,174.3993217700945
253551,1214.0633576294686
253552,1004.0657972650894
253553,643.5210202989119
253554,540.1638038536252
253555,192.09963529177088
253556,1453.2375868890508
253557,1192.624577680548
253558,742.8088134677195
253559,636.475521879104
253560,43.59969650743828
253561,418.3327466957038
253562,353.724324872185
253563,226.7116379322462
253564,181.054104939072
253565,102.32297197366711
253566,893.3103349877572
253567,736.6793042013535
253568,454.6281659705503
253569,367.8403974457511
253570,128.9746132147449
253571,1049.1728617332901
253572,851.5775617956842
253573,532.2229086147725
253574,442.45906494664314
253575,715.9819165229784
253576,16.762577333524693
253577,8.598335668944891
253578,15.638126103152175
253579,-4.863718625835711
253580,82.66501831770434
253581,20.55183192594241
253582,14.027526516748566
253583,11.385809441911261
253584,-8.871592377322564
253585,18.53808097867424
253586,37.06710824884803
253587,32.35276331202161
253588,27.846499051406298
253589,10.052114718740155
253590,120.24573859003128
253591,1006.8487025826664
253592,812.9963759746876
253593,524.6438359164028
253594,429.9436484938154
253595,259.8164540519311
253596,1971.6633265887524
253597,1612.3649217440873
253598,1069.115264741041
253599,882.7886911750693
253600,326.187652621036
253601,2358.9999871638556
253602,1913.6663091181858
253603,1234.7823813395983
253604,1022.223081831663
253605,110.46430297017099
253606,793.6584259128349
253607,633.7014975875793
253608,431.9317333379345
253609,355.9896128830045
253610,224.66018979876546
253611,1585.2918979060087
253612,1307.863268415113
253613,849.3037747888043
253614,720.5351359748505
253615,253.45374522923333
253616,1871.0938922913058
253617,1561.389607968545
253618,975.7939675217207
253619,820.7926027658027
253620,740.4076134348607
253621,569.526449172432
253622,493.1142701694959
253623,305.05256800078007
253624,245.5761135944175
253625,726.9496312999546
253626,1177.5417857851508
253627,987.6235871358227
253628,629.7370870521648
253629,524.687388428531
253630,521.2748403319085
253631,1402.6487727761628
253632,1170.2854177666811
253633,729.8691418336856
253634,621.8433680667232
253635,91.29213654504501
253636,600.4131905447515
253637,502.9207763452221
253638,312.2718559812323
253639,252.79540157486986
253640,174.3993217700945
253641,1214.0633576294686
253642,1004.0657972650894
253643,643.5210202989119
253644,540.1638038536252
253645,192.09963529177088
253646,1453.2375868890508
253647,1192.624577680548
253648,742.8088134677195
253649,636.475521879104
253650,43.59969650743828
253651,418.3327466957038
253652,353.724324872185
253653,226.7116379322462
253654,181.054104939072
253655,102.32297197366711
253656,893.3103349877572
253657,736.6793042013535
253658,454.6281659705503
253659,367.8403974457511
253660,128.9746132147449
253661,1049.1728617332901
253662,851.5775617956842
253663,532.2229086147725
253664,442.45906494664314
253665,715.9819165229784
253666,16.762577333524693
253667,8.598335668944891
253668,15.638126103152175
253669,-4.863718625835711
253670,82.66501831770434
253671,20.55183192594241
253672,14.027526516748566
253673,11.385809441911261
253674,-8.871592377322564
253675,18.53808097867424
253676,37.06710824884803
253677,32.35276331202161
253678,27.846499051406298
253679,10.052114718740155
253680,120.24573859003128
253681,1006.8487025826664
253682,812.9963759746876
253683,524.6438359164028
253684,429.9436484938154
253685,259.8164540519311
253686,1971.6633265887524
253687,1612.3649217440873
253688,1069.115264741041
253689,882.7886911750693
253690,326.187652621036
253691,2358.9999871638556
253692,1913.6663091181858
253693,1234.7823813395983
253694,1022.223081831663
253695,110.46430297017099
253696,793.6584259128349
253697,633.7014975875793
253698,431.9317333379345
253699,355.9896128830045
253700,224.66018979876546
253701,1585.2918979060087
253702,1307.863268415113
253703,849.3037747888043
253704,720.5351359748505
253705,253.45374522923333
253706,1871.0938922913058
253707,1561.389607968545
253708,975.7939675217207
253709,820.7926027658027
253710,740.7250250054032
253711,569.2400376745934
253712,495.0973742141826
253713,304.62250794867265
253714,245.1460535423101
253715,725.5481559443098
253716,1176.140310429506
253717,990.6871617199045
253718,629.3070270000574
253719,524.2573283764235
253720,508.7675538311886
253721,1402.3623612783242
253722,1174.4640562085692
253723,729.4390817815781
253724,621.4133080146157
253725,91.00572504720644
253726,600.1267790469129
253727,504.9038803899088
253728,311.8417959291249
253729,252.36534152276246
253730,174.11291027225593
253731,1213.77694613163
253732,1008.2444357069774
253733,643.0909602468045
253734,539.7337438015177
253735,191.81322379393234
253736,1452.9511753912122
253737,1196.8032161224362
253738,742.378753415612
253739,636.0454618269965
253740,43.31328500959972
253741,418.04633519786523
253742,355.70742891687166
253743,226.2815778801388
253744,180.6240448869646
253745,102.03656047582854
253746,893.0239234899186
253747,740.8579426432415
253748,454.1981059184429
253749,367.41033739364366
253750,128.68820171690635
253751,1048.8864502354515
253752,855.7562002375722
253753,531.792848562665
253754,442.0290048945357
253755,715.6955050251398
253756,16.476165835686132
253757,7.295430617176368
253758,15.208066051044762
253759,-5.293778677943124
253760,82.37860681986577
253761,20.265420428103848
253762,12.724621464980045
253763,10.955749389803849
253764,-9.301652429429977
253765,18.25166948083568
253766,36.780696751009465
253767,31.04985826025308
253768,27.416438999298883
253769,9.622054666632742
253770,119.95932709219271
253771,1006.5622910848278
253772,817.1318148745751
253773,524.2137758642954
253774,429.51358844170795
253775,259.5300425540925
253776,1971.3769150909138
253777,1616.5003606439748
253778,1068.6852046889337
253779,882.3586311229618
253780,325.90124112319745
253781,2358.7135756660173
253782,1917.8017480180733
253783,1234.352321287491
253784,1021.7930217795555
253785,110.17789147233242
253786,793.3720144149963
253787,635.1542380446725
253788,431.50167328582705
253789,355.5595528308971
253790,224.37377830092692
253791,1585.00548640817
253792,1309.3160088722063
253793,848.8737147366968
253794,720.105075922743
253795,253.1673337313948
253796,1870.8074807934672
253797,1562.8423484256384
253798,975.3639074696132
253799,820.3625427136952
253800,740.7250250054032
253801,569.2400376745934
253802,495.0973742141826
253803,304.62250794867265
253804,245.1460535423101
253805,697.6466842204464
253806,1175.2091143462626
253807,989.7559656366612
253808,629.3070270000574
253809,524.2573283764235
253810,508.7675538311886
253811,1402.3623612783242
253812,1174.4640562085692
253813,729.4390817815781
253814,621.4133080146157
253815,91.00572504720644
253816,600.1267790469129
253817,504.9038803899088
253818,311.8417959291249
253819,252.36534152276246
253820,174.11291027225593
253821,1213.77694613163
253822,1008.2444357069774
253823,643.0909602468045
253824,539.7337438015177
253825,191.81322379393234
253826,1452.9511753912122
253827,1196.8032161224362
253828,742.378753415612
253829,636.0454618269965
253830,43.31328500959972
253831,418.04633519786523
253832,355.70742891687166
253833,226.2815778801388
253834,180.6240448869646
253835,102.03656047582854
253836,893.0239234899186
253837,740.8579426432415
253838,454.1981059184429
253839,367.41033739364366
253840,128.68820171690635
253841,1048.8864502354515
253842,855.7562002375722
253843,531.792848562665
253844,442.0290048945357
253845,715.6955050251398
253846,16.476165835686132
253847,7.295430617176368
253848,15.208066051044762
253849,-5.293778677943124
253850,73.38401937983511
253851,20.265420428103848
253852,12.724621464980045
253853,10.955749389803849
253854,-9.301652429429977
253855,18.25166948083568
253856,36.780696751009465
253857,31.04985826025308
253858,27.416438999298883
253859,9.622054666632742
253860,119.95932709219271
253861,1006.5622910848278
253862,817.1318148745751
253863,524.2137758642954
253864,429.51358844170795
253865,259.5300425540925
253866,1971.3769150909138
253867,1616.5003606439748
253868,1068.6852046889337
253869,882.3586311229618
253870,325.90124112319745
253871,2358.7135756660173
253872,1917.8017480180733
253873,1234.352321287491
253874,1021.7930217795555
253875,110.17789147233242
253876,793.3720144149963
253877,635.1542380446725
253878,431.50167328582705
253879,355.5595528308971
253880,224.37377830092692
253881,1585.00548640817
253882,1309.3160088722063
253883,848.8737147366968
253884,720.105075922743
253885,253.1673337313948
253886,1870.8074807934672
253887,1562.8423484256384
253888,975.3639074696132
253889,820.3625427136952
253890,728.5618438324278
253891,602.75649997118
253892,520.2819956609194
253893,326.98603737908775
253894,260.70169054764096
253895,603.1688100801326
253896,1224.5332352765818
253897,1018.2290805354066
253898,658.7673161889433
253899,564.7693287627691
253900,418.9984455700901
253901,1456.044115700151
253902,1204.6343438273914
253903,772.9795693398972
253904,656.8583604669277
253905,83.41109785552842
253906,632.1112263268024
253907,533.7502435100336
253908,333.58681357904106
253909,267.3024667475942
253910,174.0180780427885
253911,1262.187563825751
253912,1040.99780405961
253913,672.5512494356905
253914,580.2457441878632
253915,201.62933352707725
253916,1515.5205249139708
253917,1241.0548555322748
253918,785.9192409739311
253919,671.4905142793085
253920,46.95907439201209
253921,438.99176735385413
253922,368.6904076130636
253923,241.214979078975
253924,188.7495536607164
253925,107.765278861574
253926,923.9951918972656
253927,765.5333220604026
253928,480.51615752781794
253929,402.4535238442324
253930,139.9693567473217
253931,1093.3897526731996
253932,891.3031529137025
253933,569.121805151012
253934,468.9359500206301
253935,706.7826736823728
253936,10.455522122761721
253937,0.49543142535093293
253938,10.866623856454401
253939,-8.201507033420691
253940,52.597269614308345
253941,11.345278064529507
253942,9.636132083148894
253943,18.546136456854818
253944,-4.818028920932825
253945,3.4033225202825106
253946,31.77263739490788
253947,20.51734182027715
253948,33.569720982028194
253949,3.2421616568514597
253950,127.64143358701277
253951,1041.3789121469938
253952,838.2702294557047
253953,546.3448482086266
253954,450.85863558953827
253955,272.16096826440383
253956,2116.4042762900986
253957,1727.5019236579994
253958,1109.664494339482
253959,934.1180771853656
253960,335.33669253469986
253961,2486.351353189628
253962,2036.275687040273
253963,1279.9224078412449
253964,1076.8641696532804
253965,120.0532737909552
253966,836.1551202624399
253967,667.7696966042977
253968,455.2611564992317
253969,374.02739185743496
253970,236.1596183505384
253971,1684.1697625162838
253972,1370.9427981271429
253973,894.9509812685086
253974,764.9486842823706
253975,274.93210537619734
253976,1975.3311824699501
253977,1642.42536888686
253978,1037.1520512253246
253979,873.8724979962986
253980,734.9169908128428
253981,630.7820598470913
253982,532.0679857231402
253983,344.2020362893807
253984,277.6682615179086
253985,541.0490244646087
253986,1311.7553061113533
253987,1095.5011646199573
253988,701.849384877659
253989,596.8272486405477
253990,322.4107729184184
253991,1562.2508904959527
253992,1303.6700446663162
253993,817.2730368029977
253994,695.5667717489874
253995,87.95457029727577
253996,663.2696583982093
253997,549.3046210244783
253998,352.7137096670113
253999,286.17993489553925
254000,180.24193076879396
254001,1352.3934788001204
254002,1120.1273784187072
254003,715.6333181244062
254004,612.3036640656419
254005,209.63759618920793
254006,1628.6476971908696
254007,1343.7463111210993
254008,832.0109729123844
254009,711.9971900367211
254010,55.45052168060353
254011,460.9430825316388
254012,386.13785782338664
254013,251.6366650765454
254014,198.9218117182614
254015,122.54551571970407
254016,969.3995077461695
254017,807.9745958701794
254018,503.68026075978884
254019,414.5934782652662
254020,152.20326448575125
254021,1135.9539054075362
254022,931.54488753611
254023,593.0693314690096
254024,487.29842015758703
254025,695.98825395086
254026,14.909190054720757
254027,3.693397146988292
254028,16.709216462827065
254029,-5.938764406750985
254030,65.8970615628383
254031,10.76378127684296
254032,9.975142571129345
254033,23.585938150601578
254034,-10.619251483995312
254035,0.26679230331192144
254036,30.924100525086676
254037,22.260502910225473
254038,37.93446618443714
254039,-3.234117397548859
254040,139.62604833239382
254041,1087.9337686436343
254042,896.322540680854
254043,569.3169842386976
254044,473.6290687821079
254045,278.6377968487434
254046,2237.7359706590796
254047,1806.3387632089627
254048,1174.441912845644
254049,991.4326185769198
254050,367.18188020018
254051,2619.123479270653
254052,2143.0809560365374
254053,1382.995085300117
254054,1172.4739699975448
254055,132.01438490334553
254056,879.5756170837337
254057,721.877086495764
254058,473.9634929926754
254059,392.52802551337726
254060,244.55413140937233
254061,1766.981716957586
254062,1479.0875257353641
254063,927.2613855675695
254064,789.7962114668239
254065,288.1748349959042
254066,2089.4093925570196
254067,1764.7928403416254
254068,1087.2375719568279
254069,916.4951416131939
254070,702.9281009334675
254071,709.0330094708037
254072,598.490915559438
254073,399.9470724966278
254074,336.6130515138315
254075,369.894296719771
254076,1487.4475225142403
254077,1227.3891036860903
254078,762.7174316650522
254079,659.2182940504262
254080,288.89608068664944
254081,1741.2694608398529
254082,1439.0862976322514
254083,908.2944143140145
254084,785.2070002247827
254085,111.1622826468616
254086,740.6443294919663
254087,617.4328381583358
254088,408.6555395009083
254089,345.32151851811193
254090,190.06316080220395
254091,1518.9536351154138
254092,1249.8331298436635
254093,774.1564793606138
254094,675.1526421569777
254095,220.05861053857345
254096,1799.2794599917468
254097,1476.980376445858
254098,920.6874648722156
254099,802.0953511939738
254100,76.29674657825176
254101,526.446743432183
254102,440.1666628264649
254103,277.8307423342157
254104,225.3649264951886
254105,135.0506473981148
254106,1054.2020183285035
254107,879.101246641551
254108,544.3922416149433
254109,456.68055970612846
254110,162.20253954001657
254111,1261.7788078923586
254112,1048.8642683439698
254113,680.4611589355462
254114,573.1612005521273
254115,723.4027878231373
254116,17.053861855850236
254117,10.494147388556309
254118,23.804597656644646
254119,4.2624104370173335
254120,-0.8840883017638411
254121,17.871242758305545
254122,19.41386498989345
254123,27.95241757175028
254124,-1.1944235440812032
254125,-0.05292621515810485
254126,41.45299140054536
254127,39.5321564247691
254128,47.76423714556721
254129,11.60661055533371
254130,157.30571319475135
254131,1208.639304350537
254132,998.3626227486345
254133,633.0645280413443
254134,536.4366972404039
254135,330.4074768829489
254136,2458.8717118250097
254137,1961.092510945191
254138,1284.4229146825287
254139,1087.1393184822332
254140,387.40062000724544
254141,2960.2077225067387
254142,2414.8883191442314
254143,1523.591664416542
254144,1293.2906054748435
254145,143.1838257038324
254146,975.678872495766
254147,795.8915977494543
254148,510.3378831740634
254149,427.9625003504133
254150,290.50269278518954
254151,1931.5967755624652
254152,1633.7720028002454
254153,1019.097971617536
254154,877.0708662505433
254155,309.94671805310145
254156,2295.5455484572117
254157,1909.8189492691326
254158,1212.8735489125756
254159,1032.0635455951408
254160,741.4915183190542
254161,570.1633230225711
254162,489.8675947048408
254163,306.0617757514678
254164,246.53759624258143
254165,713.9457129059822
254166,1176.6174253424758
254167,982.815677378354
254168,632.571323516044
254169,523.9603531960806
254170,500.5511899580726
254171,1403.2856466263017
254172,1167.0387423020259
254173,732.7033782975648
254174,621.1163328342728
254175,91.92901039518414
254176,601.0500643948907
254177,499.67410088056704
254178,313.28106373192
254179,253.75688422303378
254180,175.03619562023368
254181,1214.7002314796075
254182,1000.8191218004345
254183,646.3552567627911
254184,539.4367686211748
254185,192.73650914191006
254186,1453.8744607391898
254187,1189.3779022158928
254188,745.6430499315986
254189,635.7484866466536
254190,44.23657035757742
254191,418.96962054584293
254192,350.4776494075299
254193,227.72084568293397
254194,182.01558758723593
254195,102.95984582380623
254196,893.9472088378964
254197,733.4326287366986
254198,457.4624024344294
254199,367.1133622133006
254200,129.61148706488407
254201,1049.809735583429
254202,848.3308863310293
254203,535.0571450786516
254204,441.73202971419266
254205,715.6685303790805
254206,16.44919118962685
254207,8.284949525047047
254208,15.32473995925433
254209,-5.177104769733555
254210,82.3516321738065
254211,20.23844578204456
254212,13.714140372850721
254213,11.072423298013417
254214,-9.184978521220408
254215,18.224694834776393
254216,36.753722104950185
254217,32.03937716812377
254218,27.53311290750845
254219,9.73872857484231
254220,119.93235244613344
254221,1006.5353164387685
254222,812.6829898307897
254223,524.330449772505
254224,429.63026234991753
254225,259.50306790803324
254226,1971.3499404448546
254227,1612.0515356001895
254228,1068.8018785971433
254229,882.4753050311714
254230,325.8742664771382
254231,2358.686601019958
254232,1913.352922974288
254233,1234.4689951957005
254234,1021.9096956877656
254235,110.15091682627315
254236,793.345039768937
254237,633.3881114436814
254238,431.61834719403663
254239,355.67622673910665
254240,224.34680365486764
254241,1584.9785117621109
254242,1307.5498822712152
254243,848.9903886449064
254244,720.2217498309526
254245,253.14035908533552
254246,1870.780506147408
254247,1561.0762218246473
254248,975.4805813778228
254249,820.4792166219048
254250,740.6531222316578
254251,569.3249269351749
254252,489.0291986174445
254253,307.50322757209113
254254,241.3872970366737
254255,713.1073168185858
254256,1175.7790292550787
254257,981.9772812909576
254258,636.0775676568261
254259,518.8100539901732
254260,507.63381626906914
254261,1402.4472505389047
254262,1166.2003462146288
254263,736.2096224383471
254264,615.9660336283654
254265,91.09061430778736
254266,600.2116683074943
254267,498.8357047931706
254268,314.72251555254337
254269,248.60658501712604
254270,174.19779953283688
254271,1213.8618353922104
254272,999.980725713038
254273,649.8615009035734
254274,534.2864694152673
254275,191.89811305451326
254276,1453.0360646517927
254277,1188.5395061284958
254278,749.1492940723809
254279,630.5981874407462
254280,43.39817427018068
254281,418.1312244584463
254282,349.63925332013326
254283,229.16229750355714
254284,176.86528838132818
254285,102.12144973640946
254286,893.1088127505
254287,732.5942326493022
254288,460.9686465752114
254289,361.963063007393
254290,128.7730909774873
254291,1048.971339496032
254292,847.4924902436329
254293,538.5633892194338
254294,436.58173050828503
254295,717.8966432132993
254296,15.959973062231548
254297,7.795731397651751
254298,17.115369739878997
254299,-6.887359107677758
254300,100.40700948660313
254301,19.749227654649264
254302,13.224922245455428
254303,14.927845398796736
254304,-10.895232859164608
254305,20.452807668994907
254306,36.26450397755488
254307,31.550159040728463
254308,31.388535008291775
254309,8.02847423689811
254310,118.93443654165858
254311,1005.537400534294
254312,811.6850739263151
254313,525.6123817760503
254314,421.37357111508135
254315,258.5051520035585
254316,1970.3520245403795
254317,1611.0536196957144
254318,1072.1486029208468
254319,874.2186137963353
254320,324.87635057266345
254321,2357.688685115483
254322,1912.355007069813
254323,1237.815719519404
254324,1013.653004452929
254325,109.15300092179828
254326,792.3471238644624
254327,632.3901955392068
254328,432.9002791975819
254329,347.41953550427047
254330,223.34888775039275
254331,1583.9805958576358
254332,1306.55196636674
254333,852.3371129686104
254334,711.9650585961165
254335,252.14244318086068
254336,1869.7825902429329
254337,1560.0783059201722
254338,978.8273057015268
254339,812.2225253870687
254340,740.9705338022003
254341,569.0385154373363
254342,491.01230266213116
254343,307.0731675199837
254344,240.9572369845663
254345,712.8209053207472
254346,1175.4926177572402
254347,986.1559197328456
254348,635.6475076047186
254349,518.3799939380657
254350,495.12652976834926
254351,1402.160839041066
254352,1170.3789846565169
254353,735.7795623862396
254354,615.5359735762579
254355,90.80420280994879
254356,599.9252568096557
254357,500.81880883785726
254358,314.29245550043595
254359,248.17652496501864
254360,173.9113880349983
254361,1213.5754238943719
254362,1004.159364154926
254363,649.4314408514659
254364,533.8564093631599
254365,191.61170155667472
254366,1452.7496531539541
254367,1192.7181445703839
254368,748.7192340202735
254369,630.1681273886387
254370,43.11176277234212
254371,417.8448129606077
254372,351.62235736481995
254373,228.73223745144975
254374,176.4352283292208
254375,101.83503823857089
254376,892.8224012526614
254377,736.7728710911902
254378,460.53858652310396
254379,361.53300295528555
254380,128.48667947964876
254381,1048.6849279981934
254382,851.6711286855209
254383,538.1333291673263
254384,436.1516704561776
254385,717.6102317154607
254386,15.673561564392987
254387,6.492826345883229
254388,16.685309687771582
254389,-7.317419159785172
254390,100.12059798876456
254391,19.462816156810703
254392,11.922017193686907
254393,14.497785346689323
254394,-11.32529291127202
254395,20.166396171156347
254396,35.97809247971632
254397,30.24725398895994
254398,30.95847495618436
254399,7.598414184790696
254400,118.64802504382001
254401,1005.2509890364554
254402,815.8205128262026
254403,525.1823217239428
254404,420.9435110629739
254405,258.21874050571995
254406,1970.065613042541
254407,1615.1890585956019
254408,1071.7185428687394
254409,873.7885537442278
254410,324.5899390748249
254411,2357.402273617645
254412,1916.4904459697004
254413,1237.3856594672966
254414,1013.2229444008216
254415,108.86658942395971
254416,792.0607123666239
254417,633.8429359963001
254418,432.47021914547446
254419,346.98947545216305
254420,223.0624762525542
254421,1583.6941843597972
254422,1308.0047068238334
254423,851.907052916503
254424,711.534998544009
254425,251.85603168302214
254426,1869.4961787450943
254427,1561.5310463772655
254428,978.3972456494193
254429,811.7924653349612
254430,740.9705338022003
254431,569.0385154373363
254432,491.01230266213116
254433,307.0731675199837
254434,240.9572369845663
254435,691.1360627829944
254436,1175.0075921090045
254437,985.6708940846099
254438,635.6475076047186
254439,518.3799939380657
254440,495.12652976834926
254441,1402.160839041066
254442,1170.3789846565169
254443,735.7795623862396
254444,615.5359735762579
254445,90.80420280994879
254446,599.9252568096557
254447,500.81880883785726
254448,314.29245550043595
254449,248.17652496501864
254450,173.9113880349983
254451,1213.5754238943719
254452,1004.159364154926
254453,649.4314408514659
254454,533.8564093631599
254455,191.61170155667472
254456,1452.7496531539541
254457,1192.7181445703839
254458,748.7192340202735
254459,630.1681273886387
254460,43.11176277234212
254461,417.8448129606077
254462,351.62235736481995
254463,228.73223745144975
254464,176.4352283292208
254465,101.83503823857089
254466,892.8224012526614
254467,736.7728710911902
254468,460.53858652310396
254469,361.53300295528555
254470,128.48667947964876
254471,1048.6849279981934
254472,851.6711286855209
254473,538.1333291673263
254474,436.1516704561776
254475,717.6102317154607
254476,15.673561564392987
254477,6.492826345883229
254478,16.685309687771582
254479,-7.317419159785172
254480,91.1260105487339
254481,19.462816156810703
254482,11.922017193686907
254483,14.497785346689323
254484,-11.32529291127202
254485,20.166396171156347
254486,35.97809247971632
254487,30.24725398895994
254488,30.95847495618436
254489,7.598414184790696
254490,118.64802504382001
254491,1005.2509890364554
254492,815.8205128262026
254493,525.1823217239428
254494,420.9435110629739
254495,258.21874050571995
254496,1970.065613042541
254497,1615.1890585956019
254498,1071.7185428687394
254499,873.7885537442278
254500,324.5899390748249
254501,2357.402273617645
254502,1916.4904459697004
254503,1237.3856594672966
254504,1013.2229444008216
254505,108.86658942395971
254506,792.0607123666239
254507,633.8429359963001
254508,432.47021914547446
254509,346.98947545216305
254510,223.0624762525542
254511,1583.6941843597972
254512,1308.0047068238334
254513,851.907052916503
254514,711.534998544009
254515,251.85603168302214
254516,1869.4961787450943
254517,1561.5310463772655
254518,978.3972456494193
254519,811.7924653349612
254520,728.117205483053
254521,601.8648305877508
254522,508.4568811164231
254523,332.6845640485647
254524,251.86150063440195
254525,595.9833299999063
254526,1223.6568543965493
254527,1006.4192544943077
254528,668.3709523951682
254529,554.2559094723138
254530,404.4081582808149
254531,1454.8933302364567
254532,1192.5501132026297
254533,782.3088009624602
254534,646.0705365928104
254535,82.78576786590247
254536,631.4858963371768
254537,522.1914683593409
254538,339.5516796423216
254539,258.72861622815884
254540,173.40803655656032
254541,1261.5775223395221
254542,1029.4543174123137
254543,682.421225035719
254544,569.9986642912115
254545,200.74488745718713
254546,1514.63607884408
254547,1229.2369643013167
254548,795.5148119902976
254549,660.9690297989948
254550,46.33374440238621
254551,438.36643736422843
254552,357.13163246237065
254553,247.17984514225535
254554,180.17570314128088
254555,107.15523737534582
254556,923.3851504110378
254557,753.9898354131077
254558,490.3861331278462
254559,392.2064439475804
254560,139.0849106774316
254561,1092.5053066033088
254562,879.4852616827457
254563,578.7173761673786
254564,458.41446554031614
254565,702.118626171454
254566,11.030685159188563
254567,-5.9793013844952645
254568,16.361233209051907
254569,-14.107022253053138
254570,60.964081592960014
254571,11.12876999088325
254572,2.369728163229601
254573,26.612282855724818
254574,-10.216799414451426
254575,5.629740824588118
254576,31.281724737599667
254577,12.976533316695916
254578,41.36146279723624
254579,-2.431013420329106
254580,128.1165602453907
254581,1044.777652264755
254582,834.6190737271938
254583,553.1352617232469
254584,438.4071429396425
254585,271.4357624136782
254586,2115.6790704393734
254587,1719.7268219609998
254588,1117.2219429612717
254589,920.3688273224816
254590,333.6652028235863
254591,2484.6798634785146
254592,2027.5543014828859
254593,1286.5335726026467
254594,1062.1686359300077
254595,120.52840044933308
254596,835.4639197416924
254597,660.0286002372771
254598,460.78781813084163
254599,360.31214732452884
254600,235.43441249981254
254601,1683.4445566655572
254602,1363.1676964301432
254603,902.5084298902995
254604,751.1994344194866
254605,273.2606156650838
254606,1973.6596927588357
254607,1633.7039833294725
254608,1043.7632159867276
254609,859.1769642730267
254610,734.5167079160484
254611,629.9347459162426
254612,524.1707759460185
254613,349.5725845108895
254614,268.5478182592253
254615,533.9078998369629
254616,1310.9232806839013
254617,1087.6192433462322
254618,709.3000139227244
254619,587.7220938852624
254620,316.74059809250133
254621,1561.1444604848389
254622,1295.5137188089293
254623,824.4492612644011
254624,686.1872124100402
254625,87.37359576023027
254626,662.6886838611642
254627,541.6737506411602
254628,358.35059728232363
254629,277.3258310306595
254630,179.6762447351462
254631,1351.827792766472
254632,1112.5117965387856
254633,723.3502865632752
254634,603.4648487041602
254635,208.79750557189823
254636,1627.8076065735593
254637,1335.8563246575159
254638,839.4535367675915
254639,702.8839700915775
254640,54.86954714355799
254641,460.36210799459354
254642,378.5069874400683
254643,257.2735526918576
254644,190.06770785338156
254645,121.97982968605632
254646,968.8338217125222
254647,800.3590139902591
254648,511.3972291986577
254649,405.7546629037842
254650,151.36317386844155
254651,1135.113814790226
254652,923.6549010725277
254653,600.5118953242167
254654,478.1852002124431
254655,691.3242064399412
254656,15.484353091147605
254657,-2.7813356628579022
254658,22.203825815424562
254659,-11.84427962638344
254660,74.26387354148997
254661,10.547273203196703
254662,2.7087386512100498
254663,31.652084549471606
254664,-16.01802197751391
254665,2.493210607617531
254666,30.433187867778464
254667,14.719694406644232
254668,45.72620799964518
254669,-8.90729247472941
254670,140.1011749907717
254671,1091.3325087613955
254672,892.6713849523431
254673,576.107397753318
254674,461.1775761322121
254675,277.9125909980178
254676,2237.0107648083545
254677,1798.5636615119631
254678,1181.9993614674338
254679,977.6833687140354
254680,365.5103904890664
254681,2617.45198955954
254682,2134.359570479151
254683,1389.6062500615187
254684,1157.778436274272
254685,132.48951156172342
254686,878.8844165629862
254687,714.1359901287435
254688,479.49015462428537
254689,378.81278098047113
254690,243.8289255586465
254691,1766.2565111068595
254692,1471.3124240383645
254693,934.8188341893604
254694,776.04696160394
254695,286.5033452847906
254696,2087.7379028459063
254697,1756.0714547842379
254698,1093.8487367182297
254699,901.799607889922
254700,701.9440750689711
254701,734.6834126186653
254702,607.8866663123196
254703,408.93098370035756
254704,333.71487516316853
254705,324.80086610901026
254706,1510.3384989258761
254707,1243.3535610286492
254708,771.1805973510596
254709,659.3129187758468
254710,294.4740335905785
254711,1768.7429247864031
254712,1452.9757363073247
254713,917.2763576032407
254714,785.8204025534222
254715,145.29779971178266
254716,758.3558235484446
254717,622.1180001734765
254718,417.89688850291776
254719,342.6807799657287
254720,208.15556132134768
254721,1534.3622443953254
254722,1258.4932021777772
254723,782.877082844901
254724,675.5047046806781
254725,237.63224750164252
254726,1820.9906119886368
254727,1488.3358235249134
254728,929.9268459597216
254729,802.966191320893
254730,99.72292097990909
254731,544.1582374886613
254732,444.85182484160595
254733,287.0720913362252
254734,222.7241879428054
254735,155.73613256613834
254736,1069.6106276084151
254737,887.7613189756643
254738,553.1128450992304
254739,457.0326222298288
254740,186.0634057810099
254741,1281.3133627475254
254742,1058.043118281302
254743,689.7005400230522
254744,574.0320406790465
254745,726.1311283158847
254746,34.10369774960375
254747,15.235019786037494
254748,27.266692237265822
254749,6.423997758321957
254750,35.400098940467096
254751,31.313910680022456
254752,20.72829972544587
254753,31.414512152371444
254754,0.9671637772234237
254755,10.748570320149062
254756,58.55557592477096
254757,40.89933979079362
254758,51.27908035666047
254759,13.820946507110449
254760,173.86566473961037
254761,1226.4010635365635
254762,995.4489392366596
254763,637.3314617275904
254764,527.462420878723
254765,352.9009268049051
254766,2486.0806903951043
254767,1961.3239775203895
254768,1288.6898483687746
254769,1078.165042120552
254770,418.72664777629774
254771,2994.77573484427
254772,2415.172534349902
254773,1527.91134673326
254774,1284.3690777436343
254775,158.5619472273288
254776,988.5035829349355
254777,791.7960842161162
254778,517.6791267597855
254779,416.54908476276455
254780,304.0373474690798
254781,1940.8143180295983
254782,1632.8216393540808
254783,1026.439215203257
254784,865.6574506628946
254785,331.82893897987736
254786,2316.4265717686535
254787,1908.92133445344
254788,1220.267541128769
254789,1020.7028786379637
254790,739.5715755831893
254791,598.5314501618634
254792,497.8282312943852
254793,311.6302507046175
254794,244.38250247264767
254795,672.181417009944
254796,1204.0439848738738
254797,995.5557117138694
254798,636.3147697560021
254799,523.493777306761
254800,350.3884885485934
254801,1433.4768345642826
254802,1179.4930668137613
254803,738.269885336211
254804,622.4728177436413
254805,121.76680790526378
254806,613.7192763159945
254807,502.9241487323706
254808,319.10697648334946
254809,251.85922825137956
254810,196.09498342795717
254811,1227.3694434007118
254812,1006.7397967757403
254813,650.356140801029
254814,539.2276305301349
254815,215.6183577483217
254816,1468.366733458982
254817,1197.1216379898872
254818,751.4669947685247
254819,637.3624093543018
254820,63.36502520439342
254821,431.638832466947
254822,353.72769725933307
254823,233.5467584343634
254824,180.11793161558165
254825,122.08830067062219
254826,906.6164207590002
254827,739.3533037120047
254828,461.46328647266745
254829,366.9042241222607
254830,150.56300271038813
254831,1064.3020083032213
254832,856.0746221050235
254833,540.8810899155776
254834,443.3459524218408
254835,724.5021158713926
254836,27.26497129587173
254837,10.398934107056203
254838,19.669554796373205
254839,-3.4642085198341506
254840,130.22957679439222
254841,31.05422588828945
254842,12.401687292931095
254843,15.417238135132289
254844,-7.472082271321003
254845,6.408867137816783
254846,47.62225084166719
254847,30.779672718676267
254848,31.930676375099427
254849,11.504373455213841
254850,144.94121871202267
254851,1019.9679485621441
254852,809.0473472282004
254853,523.6409120454008
254854,425.7612108948124
254855,293.03646406700295
254856,1997.8369599243345
254857,1611.5610430847735
254858,1068.112340870039
254859,878.6062535760663
254860,359.3602339783768
254861,2382.636511305995
254862,1912.915179089344
254863,1233.8322060990681
254864,1018.0933928631323
254865,133.97795307079963
254866,801.840623145456
254867,628.5706388197294
254868,434.0031193664079
254869,349.3680360580336
254870,248.92140457577133
254871,1593.47409513863
254872,1305.8775597344365
254873,851.3751608172773
254874,713.9135591498796
254875,281.65964676430883
254876,1885.5205544273656
254877,1559.4566479183406
254878,977.9181021806659
254879,814.2237745713039
254880,738.4758781904591
254881,597.4357527691332
254882,496.73253390165485
254883,310.5345533118871
254884,243.28680507991731
254885,671.0857196172137
254886,1202.9482874811433
254887,994.4600143211392
254888,635.2190723632718
254889,522.3980799140307
254890,349.29279115586303
254891,1432.3811371715522
254892,1178.3973694210308
254893,737.1741879434808
254894,621.377120350911
254895,120.6711105125334
254896,612.6235789232643
254897,501.82845133964037
254898,318.0112790906191
254899,250.7635308586492
254900,194.99928603522682
254901,1226.2737460079813
254902,1005.6440993830098
254903,649.2604434082988
254904,538.1319331374046
254905,214.52266035559134
254906,1467.2710360662516
254907,1196.0259405971567
254908,750.3712973757945
254909,636.2667119615716
254910,62.26932781166307
254911,430.54313507421665
254912,352.6319998666027
254913,232.45106104163304
254914,179.0222342228513
254915,120.99260327789183
254916,905.52072336627
254917,738.2576063192745
254918,460.3675890799371
254919,365.80852672953034
254920,149.46730531765778
254921,1063.2063109104909
254922,854.9789247122933
254923,539.7853925228474
254924,442.25025502911046
254925,723.4064184786623
254926,26.169273903141374
254927,9.303236714325852
254928,18.57385740364284
254929,-4.559905912564504
254930,99.38946145707841
254931,29.958528495559094
254932,11.305989900200741
254933,14.321540742401938
254934,-8.567779664051358
254935,-2.7869447656387245
254936,46.52655344893683
254937,29.68397532594591
254938,30.83497898236907
254939,10.408676062483483
254940,143.84552131929232
254941,1018.8722511694139
254942,807.9516498354701
254943,522.5452146526706
254944,424.66551350208204
254945,291.9407666742726
254946,1996.741262531604
254947,1610.465345692043
254948,1067.0166434773084
254949,877.510556183336
254950,358.26453658564645
254951,2381.5408139132646
254952,1911.8194816966136
254953,1232.7365087063376
254954,1016.9976954704019
254955,132.88225567806927
254956,800.7449257527257
254957,627.4749414269992
254958,432.9074219736775
254959,348.27233866530327
254960,247.82570718304098
254961,1592.3783977458995
254962,1304.781862341706
254963,850.2794634245471
254964,712.8178617571493
254965,280.5639493715785
254966,1884.4248570346351
254967,1558.3609505256102
254968,976.8224047879356
254969,813.1280771785737
254970,738.1894666926205
254971,597.1493412712946
254972,498.71563794634153
254973,310.1044932597797
254974,242.85674502780992
254975,670.7993081193752
254976,1202.6618759833048
254977,998.6386527630272
254978,634.7890123111644
254979,521.9680198619233
254980,349.00637965802446
254981,1432.0947256737136
254982,1182.576007862919
254983,736.7441278913733
254984,620.9470602988035
254985,120.38469901469483
254986,612.3371674254257
254987,503.81155538432705
254988,317.5812190385117
254989,250.3334708065418
254990,194.7128745373883
254991,1225.9873345101428
254992,1009.8227378248978
254993,648.8303833561913
254994,537.7018730852972
254995,214.2362488577528
254996,1466.984624568413
254997,1200.2045790390448
254998,749.941237323687
254999,635.8366519094641
255000,61.982916313824504
255001,430.2567235763781
255002,354.6151039112894
255003,232.02100098952565
255004,178.5921741707439
255005,120.70619178005326
255006,905.2343118684314
255007,742.4362447611625
255008,459.93752902782967
255009,365.3784666774229
255010,149.18089381981923
255011,1062.9198994126523
255012,859.1575631541813
255013,539.3553324707399
255014,441.82019497700304
255015,723.1200069808237
255016,25.882862405302813
255017,8.00033166255733
255018,18.143797351535426
255019,-4.989965964671918
255020,84.09237170779997
255021,29.672116997720533
255022,10.003084848432218
255023,13.891480690294525
255024,-8.99783971615877
255025,-3.073356263477287
255026,46.240141951098266
255027,28.381070274177386
255028,30.404918930261655
255029,9.97861601037607
255030,143.55910982145377
255031,1018.5858396715753
255032,812.0870887353576
255033,522.1151546005631
255034,424.2354534499746
255035,291.654355176434
255036,1996.4548510337654
255037,1614.6007845919305
255038,1066.586583425201
255039,877.0804961312285
255040,357.9781250878079
255041,2381.2544024154263
255042,1915.954920596501
255043,1232.3064486542303
255044,1016.5676354182945
255045,132.59584418023073
255046,800.4585142548872
255047,628.9276818840924
255048,432.4773619215701
255049,347.84227861319584
255050,247.53929568520243
255051,1592.091986248061
255052,1306.2346027987994
255053,849.8494033724396
255054,712.3878017050419
255055,280.2775378737399
255056,1884.1384455367966
255057,1559.8136909827035
255058,976.3923447358281
255059,812.6980171264662
255060,737.5949166997341
255061,598.4139060001185
255062,499.98020267516563
255063,311.3690579886038
255064,244.12130975663393
255065,669.067429494504
255066,1203.9264407121289
255067,999.9032174918511
255068,636.0535770399885
255069,523.2325845907473
255070,348.41182966513804
255071,1433.3592904025377
255072,1183.840572591743
255073,738.0086926201974
255074,622.2116250276275
255075,119.79014902180842
255076,613.6017321542497
255077,505.07612011315103
255078,318.8457837673358
255079,251.59803553536582
255080,192.96122494990675
255081,1227.2518992389669
255082,1011.087302553722
255083,650.0949480850154
255084,538.9664378141212
255085,213.64169886486644
255086,1468.249189297237
255087,1201.469143767869
255088,751.2058020525109
255089,637.1012166382881
255090,61.38836632093813
255091,431.5212883052022
255092,355.8796686401135
255093,233.28556571834966
255094,179.85673889956792
255095,118.95454219257168
255096,906.4988765972554
255097,743.7008094899865
255098,461.20209375665377
255099,366.643031406247
255100,148.58634382693288
255101,1064.1844641414764
255102,860.4221278830053
255103,540.6198971995639
255104,443.08475970582714
255105,722.5254569879373
255106,27.14742713412687
255107,9.26489639138138
255108,19.408362080359485
255109,-3.7254012358478663
255110,65.32268188983517
255111,30.936681726544588
255112,11.267649577256273
255113,15.156045419118577
255114,-7.733274987334712
255115,-3.667906256363657
255116,47.504706679922336
255117,29.64563500300144
255118,31.669483659085714
255119,11.243180739200128
255120,144.60927877449166
255121,1021.4951233463237
255122,814.9963724101059
255123,525.0244382753114
255124,427.14473712472295
255125,291.54742453487665
255126,1999.364134708514
255127,1617.5100682666791
255128,1069.4958670999497
255129,879.9897798059768
255130,359.0282940408457
255131,2384.163686090174
255132,1918.8642042712497
255133,1235.215732328979
255134,1019.4769190930424
255135,133.41610217023384
255136,803.1378869666007
255137,631.607054595806
255138,435.15673463328363
255139,350.5216513249094
255140,247.20245408061035
255141,1594.7713589597747
255142,1308.9139755105132
255143,852.5287760841532
255144,715.0671744167554
255145,281.09779586374293
255146,1886.8178182485103
255147,1562.4930636944173
255148,979.0717174475417
255149,815.3773898381797
255150,738.0010705501412
255151,623.8408085602435
255152,524.8352705122454
255153,333.4030338093625
255154,259.3473931523082
255155,564.4552649092499
255156,1245.1610019059867
255157,1028.0467787809407
255158,665.1843126192178
255159,563.4150313674363
255160,295.7017110366397
255161,1478.9514850879032
255162,1213.681306600909
255163,781.2196265688599
255164,657.327123870283
255165,111.8659682204741
255166,645.2566258244826
255167,533.5929296236187
255168,340.26124780759557
255169,266.2056071505412
255170,188.0134215009955
255171,1275.3329633234318
255172,1043.5111172966986
255173,679.2256836642448
255174,579.1488845908102
255175,218.60483737856754
255176,1532.6655823520628
255177,1247.5678267097746
255178,794.4167360011735
255179,672.2167154809435
255180,64.70460209369409
255181,452.1371668515347
255182,368.53309372664904
255183,247.88941330752942
255184,187.6526940636633
255185,124.35370696866077
255186,937.1405913949459
255187,768.0466352974911
255188,487.19059175637244
255189,401.35666424717937
255190,159.53794524769182
255191,1108.3582129695683
255192,895.6395269494791
255193,577.6193001782544
255194,469.66215122226515
255195,711.6857513632615
255196,21.791845258163484
255197,3.129959036516973
255198,15.731981722730167
255199,-5.9680677543644105
255200,53.932170059156974
255201,22.681601199931265
255202,8.844222032386156
255203,23.411494323130565
255204,-2.584589641876545
255205,-10.550096404400634
255206,43.161709160781825
255207,19.778180399986528
255208,38.487827478776076
255209,5.528349566379857
255210,152.95644710627286
255211,1056.976806245451
255212,836.7998488281966
255213,547.8205724566036
255214,449.15484610951427
255215,304.843412082149
255216,2145.05655774466
255217,1729.1766931176649
255218,1111.140218587459
255219,932.4142877053415
255220,375.4177822781532
255221,2518.7555004395895
255222,2038.003205130408
255223,1281.450880719694
255224,1075.2131288037283
255225,143.95654632581773
255226,846.5860546510054
255227,664.8875749923922
255228,459.58127968364926
255229,369.6545521884083
255230,259.6533559671826
255231,1694.6006969048494
255232,1371.2058266024108
255233,899.271104452926
255234,760.575844613344
255235,305.3394773143395
255236,1993.818429730787
255237,1642.7411459926
255238,1041.5249230402148
255239,869.5524069577442
255240,732.7567698388945
255241,656.8489802681464
255242,541.8802537492152
255243,353.60246476630397
255244,275.1866024404391
255245,430.42660710102876
255246,1333.7585166007132
255247,1110.5778560402402
255248,709.4247846413906
255249,596.0341074436926
255250,277.3178430979374
255251,1590.1408717156964
255252,1317.976000614583
255253,826.6714973654174
255254,696.5966913508204
255255,121.44272088621354
255256,681.3976697278811
255257,554.4063003128124
255258,362.3715759422143
255259,283.9557136163495
255260,196.38268161648523
255261,1366.914322157756
255262,1127.8996848305449
255263,723.4661556864176
255264,611.7679606670665
255265,226.5638666762938
255266,1650.7753664609531
255267,1355.5182754733482
255268,841.6668712730839
255269,713.2845474368338
255270,78.22932960627763
255271,479.0710938613108
255272,391.2395371117212
255273,261.2945313517484
255274,196.69759043907163
255275,141.27935121627513
255276,983.9203511038047
255277,815.7469022820169
255278,511.5130983218004
255279,414.0577748666908
255280,175.41676425076136
255281,1155.9049775358965
255282,941.1402547466355
255283,602.7252298297091
255284,488.5857775576998
255285,696.87745431549
255286,31.183769569533528
255287,7.659013165528744
255288,19.396054664507492
255289,-4.552433464387084
255290,69.48215094706967
255291,23.431192819619138
255292,10.514320927741016
255293,26.272776352282023
255294,-9.232920541631414
255295,9.229148710501708
255296,47.251428670371624
255297,22.85242989730927
255298,40.67405301658969
255299,-1.7950378247128413
255300,157.89650741991775
255301,1108.4699191215025
255302,896.1832484607203
255303,576.3583092167854
255304,467.4291837122689
255305,302.8417543133646
255306,2267.7193405210155
255307,1809.3446210760026
255308,1181.4832378237318
255309,985.2327335070804
255310,400.2184155118973
255311,2656.465882900026
255312,2146.139562534049
255313,1390.0891589086766
255314,1166.3268335581774
255315,148.87310300647206
255316,894.9448078517102
255317,720.3260532912329
255318,483.8492169072038
255319,383.65909025453544
255320,259.56938267289263
255321,1778.7437397535261
255322,1480.6816426180064
255323,937.1471094820977
255324,780.9272762079821
255325,311.5376525023103
255326,2112.834896197268
255327,1766.4397058547397
255328,1097.176044501828
255329,907.6789549848243
255330,700.9450328999247
255331,734.7482541987955
255332,607.9515078924499
255333,408.9958252804879
255334,333.7797167432989
255335,322.4975407444947
255336,1509.0990573105369
255337,1242.11411941331
255338,769.9411557357207
255339,658.0734771605079
255340,293.47499142153214
255341,1768.8077663665333
255342,1453.040577887455
255343,917.341199183371
255344,785.8852441335525
255345,144.29875754273627
255346,758.4206651285749
255347,622.1828417536068
255348,417.9617300830481
255349,342.745621545859
255350,205.85223595683203
255351,1533.1228027799862
255352,1257.253760562438
255353,781.6376412295621
255354,674.2652630653391
255355,236.63320533259613
255356,1821.055453568767
255357,1488.4006651050436
255358,929.9916875398519
255359,803.0310329010233
255360,98.72387881086267
255361,544.2230790687915
255362,444.9166664217363
255363,287.13693291635553
255364,222.78902952293566
255365,153.43280720162272
255366,1068.3711859930759
255367,886.5218773603253
255368,551.8734034838915
255369,455.7931806144899
255370,185.0643636119635
255371,1281.3782043276556
255372,1058.1079598614322
255373,689.7653816031825
255374,574.0968822591768
255375,723.9403124947041
255376,32.97676567759984
255377,14.108087714033584
255378,26.139760165261915
255379,5.297065686318051
255380,25.185830328833966
255381,30.18697860801855
255382,19.601367653441958
255383,30.287580080367533
255384,-0.15976829478048354
255385,8.557754498968478
255386,57.42864385276707
255387,39.772407718789715
255388,50.15214828465657
255389,12.694014435106542
255390,175.2244965892121
255391,1228.823779135342
255392,997.8716548354378
255393,639.7541773263689
255394,529.8851364775015
255395,354.259758654507
255396,2488.5034059938826
255397,1963.7466931191682
255398,1291.1125639675531
255399,1080.5877577193303
255400,420.0854796258996
255401,2997.1984504430484
255402,2417.5952499486802
255403,1530.3340623320385
255404,1286.7917933424126
255405,159.69086811389576
255406,990.6963875706792
255407,793.98888885186
255408,519.871931395529
255409,418.7418893985083
255410,305.1662683556469
255411,1943.007122665342
255412,1635.0144439898245
255413,1028.6320198390008
255414,867.8502552986383
255415,332.95785986644444
255416,2318.619376404397
255417,1911.1141390891837
255418,1222.4603457645126
255419,1022.8956832737076
255420,739.1306809101882
255421,599.1544392380389
255422,498.4512203705607
255423,312.253239780793
255424,245.0054915488231
255425,671.7405223369428
255426,1204.6669739500492
255427,996.1787007900449
255428,636.9377588321777
255429,524.1167663829365
255430,349.94759387559225
255431,1434.099823640458
255432,1180.1160558899367
255433,738.8928744123866
255434,623.0958068198167
255435,121.32591323226248
255436,614.34226539217
255437,503.5471378085461
255438,319.729965559525
255439,252.482217327555
255440,195.65408875495598
255441,1227.9924324768872
255442,1007.3627858519158
255443,650.9791298772046
255444,539.8506196063104
255445,215.17746307532047
255446,1468.9897225351574
255447,1197.7446270660625
255448,752.0899838447001
255449,637.9853984304773
255450,62.924130531392215
255451,432.26182154312255
255452,354.3506863355086
255453,234.16974751053883
255454,180.74092069175708
255455,121.64740599762096
255456,907.2394098351757
255457,739.9762927881802
255458,462.086275548843
255459,367.52721319843624
255460,150.1221080373869
255461,1064.9249973793967
255462,856.697611181199
255463,541.5040789917531
255464,443.96894149801636
255465,724.0612211983914
255466,27.887960372047186
255467,11.021923183231664
255468,20.292543872548663
255469,-2.8412194436586935
255470,77.01013313491512
255471,31.677214964464913
255472,13.024676369106556
255473,16.04022721130775
255474,-6.849093195145543
255475,-2.1321420459095863
255476,48.24523991784265
255477,31.402661794851728
255478,32.553665451274895
255479,12.127362531389299
255480,146.1450429849457
255481,1022.2356565842439
255482,811.3150552503001
255483,525.9086200675006
255484,428.0289189169122
255485,294.24028833992605
255486,2000.1046679464343
255487,1613.8287511068734
255488,1070.3800488921388
255489,880.873961598166
255490,360.5640582512999
255491,2384.9042193280943
255492,1915.182887111444
255493,1236.099914121168
255494,1020.3611008852316
255495,134.95186638068787
255496,803.878420204521
255497,630.6084358787945
255498,436.04091642547286
255499,351.4058331170986
255500,249.89531788565958
255501,1595.511892197695
255502,1307.9153567935016
255503,853.4129578763424
255504,715.9513562089446
255505,282.63356007419713
255506,1887.5583514864306
255507,1561.4944449774057
255508,979.9558992397309
255509,816.261571630369
255510,738.2047023416576
255511,598.2284606695083
255512,497.5252418020301
255513,311.32726121226233
255514,246.5778448231577
255515,670.8145437684122
255516,1203.7409953815186
255517,995.2527222215142
255518,636.0117802636471
255519,525.6891196572711
255520,349.02161530706155
255521,1433.1738450719274
255522,1179.190077321406
255523,737.966895843856
255524,624.6681600941514
255525,120.39993466373188
255526,613.4162868236394
255527,502.6211592400155
255528,318.8039869909943
255529,254.0545706018896
255530,194.72811018642528
255531,1227.0664539083566
255532,1006.4368072833852
255533,650.053151308674
255534,541.422972880645
255535,214.2514845067898
255536,1468.0637439666268
255537,1196.818648497532
255538,751.1640052761695
255539,639.557751704812
255540,61.99815196286155
255541,431.33584297459186
255542,353.4247077669779
255543,233.24376894200816
255544,182.31327396609174
255545,120.72142742909031
255546,906.3134312666451
255547,739.0503142196496
255548,461.1602969803123
255549,369.09956647277085
255550,149.19612946885624
255551,1063.9990188108661
255552,855.7716326126684
255553,540.5781004232225
255554,445.54129477235097
255555,723.1352426298608
255556,26.96198180351652
255557,10.095944614700997
255558,19.366565304017996
255559,-6.4082414077120955
255560,71.16963341561764
255561,30.751236395934253
255562,12.098697800575893
255563,15.114248642777087
255564,-10.416115159198965
255565,-11.98140756861308
255566,47.31926134931199
255567,30.47668322632106
255568,31.62768688274422
255569,8.560340567335878
255570,145.21906441641502
255571,1021.3096780157132
255572,810.3890766817696
255573,524.98264149897
255574,432.6821413470043
255575,293.31430977139536
255576,1999.1786893779038
255577,1612.9027725383428
255578,1069.4540703236082
255579,885.5271840282581
255580,359.6380796827692
255581,2383.9782407595635
255582,1914.2569085429134
255583,1235.1739355526374
255584,1025.0143233153235
255585,134.0258878121572
255586,802.9524416359905
255587,629.6824573102639
255588,435.11493785694216
255589,356.0590555471907
255590,248.9693393171289
255591,1594.5859136291645
255592,1306.989378224971
255593,852.4869793078118
255594,720.6045786390367
255595,281.70758150566644
255596,1886.6323729179
255597,1560.568466408875
255598,979.0299206712003
255599,820.9147940604611
255600,737.0368783967681
255601,597.3077580597422
255602,498.8740547347893
255603,308.49645229810665
255604,249.0199978917441
255605,669.6467198235226
255606,1202.8202927717525
255607,998.7970695514748
255608,633.1809713494912
255609,528.1312727258575
255610,347.10597705263905
255611,1431.5053281526284
255612,1181.9866103418337
255613,734.3882726201672
255614,626.3624988532047
255615,119.15164700005955
255616,612.4151204950905
255617,503.8895084539918
255618,315.89271435805574
255619,256.4162599516933
255620,193.479822522753
255621,1226.0652875798078
255622,1009.9006908945631
255623,647.1418786757354
255624,543.7846622304485
255625,212.25538253358448
255626,1466.314763328545
255627,1199.5347177991769
255628,747.5049183336979
255629,641.1716267450823
255630,60.74986429918924
255631,430.33467664604296
255632,354.6930569809543
255633,230.3324963090696
255634,184.6749633158954
255635,119.47313976541798
255636,905.3122649380962
255637,742.5141978308272
255638,458.24902434737373
255639,371.4612558225745
255640,147.20002749565091
255641,1062.2500381727843
255642,858.487701914313
255643,536.9190134807508
255644,447.1551698126216
255645,721.8869549661885
255646,25.96081547496764
255647,8.078284732222162
255648,16.455292671079437
255649,-4.046552057908443
255650,69.92134575194534
255651,29.750070067385373
255652,10.081037918097051
255653,12.202976009838522
255654,-8.054425809395296
255655,-13.229695232285405
255656,46.3180950207631
255657,28.45902334384222
255658,28.716414249805666
255659,10.922029917139543
255660,143.97077675274275
255661,1020.3085116871645
255662,813.8097607509467
255663,522.0713688660313
255664,435.04383069680796
255665,292.06602210772303
255666,1998.177523049355
255667,1616.32345660752
255668,1066.5427976906697
255669,887.8888733780616
255670,358.3897920190969
255671,2382.977074431015
255672,1917.6775926120906
255673,1232.2626629196989
255674,1027.3760126651273
255675,132.77760014848494
255676,801.9512753074415
255677,630.4204429366467
255678,432.2036652240036
255679,358.4207448969944
255680,247.72105165345664
255681,1593.5847473006156
255682,1307.727363851354
255683,849.5757066748731
255684,722.9662679888402
255685,280.4592938419941
255686,1885.6312065893512
255687,1561.3064520352582
255688,976.1186480382617
255689,823.2764834102645
255690,737.0368783967681
255691,597.3077580597422
255692,498.8740547347893
255693,308.49645229810665
255694,249.0199978917441
255695,666.0577805119494
255696,1202.8202927717525
255697,998.7970695514748
255698,633.1809713494912
255699,528.1312727258575
255700,346.6572370659616
255701,1431.0565881659509
255702,1181.5378703551562
255703,733.9395326334896
255704,625.9137588665272
255705,119.15164700005955
255706,612.4151204950905
255707,503.8895084539918
255708,315.89271435805574
255709,256.4162599516933
255710,193.479822522753
255711,1226.0652875798078
255712,1009.9006908945631
255713,647.1418786757354
255714,543.7846622304485
255715,211.806642546907
255716,1465.8660233418675
255717,1199.0859778124993
255718,747.0561783470204
255719,640.7228867584049
255720,60.74986429918924
255721,430.33467664604296
255722,354.6930569809543
255723,230.3324963090696
255724,184.6749633158954
255725,119.47313976541798
255726,905.3122649380962
255727,742.5141978308272
255728,458.24902434737373
255729,371.4612558225745
255730,146.75128750897343
255731,1061.8012981861068
255732,858.0389619276356
255733,536.4702734940734
255734,446.70642982594416
255735,721.8869549661885
255736,25.96081547496764
255737,8.078284732222162
255738,16.455292671079437
255739,-4.046552057908443
255740,37.155357106995154
255741,29.750070067385373
255742,10.081037918097051
255743,12.202976009838522
255744,-8.054425809395296
255745,-13.229695232285405
255746,46.3180950207631
255747,28.45902334384222
255748,28.716414249805666
255749,10.922029917139543
255750,143.97077675274275
255751,1020.3085116871645
255752,813.8097607509467
255753,522.0713688660313
255754,435.04383069680796
255755,292.06602210772303
255756,1998.177523049355
255757,1616.32345660752
255758,1066.5427976906697
255759,887.8888733780616
255760,358.3897920190969
255761,2382.977074431015
255762,1917.6775926120906
255763,1232.2626629196989
255764,1027.3760126651273
255765,132.77760014848494
255766,801.9512753074415
255767,630.4204429366467
255768,432.2036652240036
255769,358.4207448969944
255770,247.72105165345664
255771,1593.5847473006156
255772,1307.727363851354
255773,849.5757066748731
255774,722.9662679888402
255775,280.4592938419941
255776,1885.6312065893512
255777,1561.3064520352582
255778,976.1186480382617
255779,823.2764834102645
255780,737.091356554112
255781,622.382984926804
255782,523.3774468788059
255783,330.1787524258022
255784,263.8944055943554
255785,573.6138719802514
255786,1241.7924442643648
255787,1024.6782211393188
255788,661.9600312356575
255789,567.9620438094834
255790,293.02168487239464
255791,1475.7233492862476
255792,1210.4531707992535
255793,776.2250330170837
255794,660.1038241441141
255795,110.87579050566204
255796,643.7183384722603
255797,532.0546422713963
255798,336.9565027052524
255799,270.67215587380554
255800,188.1803433807786
255801,1273.7946759712095
255802,1041.9728299444762
255803,675.9209385619016
255804,583.6154333140744
255805,215.84434749553947
255806,1527.1803856899012
255807,1242.082630047613
255808,789.3416787306144
255809,674.9129520359918
255810,63.71442437888206
255811,450.5988794993123
255812,366.9948063744267
255813,244.5846682051862
255814,192.1192427869276
255815,124.52062884844389
255816,935.6023040427235
255817,766.5083479452687
255818,483.88584665402925
255819,405.8232129704437
255820,156.77745536466375
255821,1105.04961344913
255822,892.3309274290408
255823,572.5442429076953
255824,472.3583877773135
255825,710.6955736484495
255826,20.25355790594109
255827,1.59167168429457
255828,12.427236620386926
255829,-6.640894269488168
255830,44.0275721157866
255831,21.14331384770886
255832,7.305934680163751
255833,20.106749220787336
255834,-3.257416157000299
255835,-11.540274119212732
255836,41.62342180855941
255837,18.23989304776412
255838,35.183082376432836
255839,4.8555230512561
255840,151.96626939146077
255841,1055.4385188932285
255842,835.2615614759742
255843,544.5158273542604
255844,456.7022639885361
255845,305.0103339619322
255846,2143.518270392438
255847,1727.6384057654425
255848,1107.8354734851157
255849,939.9617055843632
255850,374.4276045633412
255851,2517.2172130873673
255852,2036.464917778186
255853,1278.1461356173506
255854,1082.76054668275
255855,142.96636861100563
255856,845.047767298783
255857,663.3492876401698
255858,456.27653458130607
255859,377.2019700674301
255860,259.8202778469658
255861,1693.062409552627
255862,1369.6675392501884
255863,895.9663593505828
255864,768.1232624923656
255865,304.3492995995275
255866,1992.2801423785647
255867,1641.2028586403776
255868,1038.2201779378709
255869,877.0998248367658
255870,728.7568700456424
255871,653.0962018100178
255872,538.1274752910865
255873,348.08322855805426
255874,277.43866005779694
255875,426.42670730777644
255876,1328.095004134402
255877,1104.914343573929
255878,703.9055484331411
255879,598.2861650610505
255880,271.494882505997
255881,1584.5650324588796
255882,1312.4001613577661
255883,819.3292003584799
255884,697.0256881694902
255885,117.36235737417843
255886,677.5644275509695
255887,550.5730581359009
255888,356.7718760151817
255889,286.12730751492444
255890,192.3023181044501
255891,1363.0810799808444
255892,1124.0664426536332
255893,717.8664557593852
255894,613.9395545656415
255895,220.66044236557056
255896,1642.9424663436303
255897,1347.6853753560254
255898,834.2441105473634
255899,713.6330805367207
255900,74.14896609424258
255901,475.23785168439906
255902,387.4062949348094
255903,255.6948314247159
255904,198.86918433764663
255905,137.19898770424004
255906,980.0871089268932
255907,811.9136601051054
255908,505.91339839476785
255909,416.22936876526575
255910,169.51333994003812
255911,1150.2486745602969
255912,935.4839517710359
255913,595.3024691039886
255914,488.93431065758665
255915,696.3812460702909
255916,28.842250162118898
255917,5.31749375811413
255918,15.28807750697205
255919,-6.028492034703049
255920,62.51133198416346
255921,21.08967341220451
255922,8.172801520326397
255923,22.16479919474656
255924,-10.708979111947393
255925,4.301398610999669
255926,44.85716063248488
255927,20.458161859422532
255928,36.51332722858212
255929,-3.3238450255009306
255930,154.07861627270339
255931,1104.8991493094115
255932,892.6124786486295
255933,575.6399656775487
255934,469.890353901033
255935,299.0238631661502
255936,2264.148570708925
255937,1805.7738512639116
255938,1180.7648942844949
255939,987.6939036958447
255940,396.3477757342108
255941,2652.842364457463
255942,2142.5160440914865
255943,1389.3180667389677
255944,1168.7352551164697
255945,146.4669528436551
255946,892.7857790240167
255947,718.1670244635395
255948,480.2864744315265
255949,388.78931063230243
255950,257.1632325100758
255951,1776.5847109258327
255952,1478.522613790313
255953,933.5843670064206
255954,786.057496585749
255955,309.0787537090212
255956,2110.6231187391027
255957,1764.2279283965743
255958,1093.5605533956787
255959,912.756426732119
255960,697.2968087997358
255961,731.3471514337301
255962,604.5504051273844
255963,403.82826476530136
255964,336.38345005371986
255965,318.84931664430553
255966,1503.787220537289
255967,1236.802282640062
255968,764.7735952205344
255969,660.6772104709289
255970,288.0037065226549
255971,1763.5836028027798
255972,1447.8164143237013
255973,910.3505778694966
255974,786.6659166452855
255975,140.57006972376433
255976,754.9390986447265
255977,618.7012752697584
255978,412.7137058490787
255979,345.2688911374971
255980,202.1235481378601
255981,1529.6412362961378
255982,1253.7721940785896
255983,776.3896169955929
255984,676.7885326569773
255985,231.08145671493608
255986,1813.5742291445074
255987,1480.919440680784
255988,922.9206025071946
255989,803.7312416939734
255990,94.99519099189081
255991,540.7415125849432
255992,441.4350999378877
255993,281.8889086823861
255994,225.31229911457382
255995,149.7041193826508
255996,1064.8896195092275
255997,883.040310876477
255998,546.6253792499223
255999,458.316450206128
256000,179.51261499430345
256001,1276.0735770451192
256002,1052.8033325788958
256003,682.6942965705252
256004,574.7970910521269
256005,723.7957799425682
256006,30.986921963248374
256007,12.118243999682146
256008,22.383458700789628
256009,4.172682809065258
256010,18.566687058990897
256011,28.1971348936671
256012,17.611523939090514
256013,26.531278615895264
256014,-1.2841511720332777
256015,3.9816800925296203
256016,55.386051507943506
256017,37.729815373966154
256018,46.34309818971219
256019,11.516882927381642
256020,171.7582811350609
256021,1225.6046850163143
256022,994.65256071641
256023,639.3875094801954
256024,532.697982359329
256025,350.7935432003557
256026,2485.284311874855
256027,1960.5275990001398
256028,1290.7458961213795
256029,1083.400603601158
256030,416.56651554127626
256031,2993.9266076935487
256032,2414.3234071991806
256033,1529.9146458553928
256034,1289.5518905937683
256035,157.63639364414198
256036,988.889034436049
256037,792.1815357172297
256038,516.6608646129147
256039,424.22378546933845
256040,303.111793885893
256041,1941.1997695307118
256042,1633.2070908551943
256043,1025.4209530563876
256044,873.3321513694684
256045,330.8506367662185
256046,2316.7592746392947
256047,1909.2540373240815
256048,1219.1965303514264
256049,1028.3248307140655
256050,734.8270907674113
256051,596.0273574037117
256052,492.60766656146706
256053,306.34829952484165
256054,246.87184511847914
256055,667.4369321941658
256056,1199.6291581075398
256057,985.7537858492658
256058,631.0328185762265
256059,525.9831199525927
256060,343.8209429341271
256061,1429.149681007443
256062,1169.778814158652
256063,731.1648733577473
256064,623.1390995907849
256065,116.94185937070282
256066,611.13471983906
256067,497.62312028066924
256068,313.74456158479074
256069,254.2681071784283
256070,191.27003489339614
256071,1224.7848869237773
256072,998.7681412005364
256073,644.9937259024705
256074,541.6365094571837
256075,208.97034841507252
256076,1463.9591161833596
256077,1187.3269216159952
256078,744.281519071278
256079,637.9482274826626
256080,58.540076669832395
256081,429.0542759900124
256082,348.4266688076321
256083,228.18434353580463
256084,182.52681054263044
256085,117.2633521360612
256086,904.0318642820657
256087,731.3816481368005
256088,456.10087157410874
256089,369.3131030493095
256090,143.91499337713896
256091,1059.8943910275989
256092,846.2799057311313
256093,533.695614218331
256094,443.9317705502016
256095,724.5732916430667
256096,27.484106627833285
256097,7.901597464251367
256098,17.110831706710627
256099,-3.3910130222772565
256100,35.08409588170876
256101,31.273361220251005
256102,13.330788312055043
256103,12.85851504546972
256104,-7.398886773764107
256105,-14.974900409710113
256106,47.78863754315663
256107,31.65602510732808
256108,29.31920465496475
256109,11.524820322298611
256110,143.33543052760564
256111,1020.6025524353538
256112,806.9654791266437
256113,526.1165415199614
256114,431.4163540973738
256115,291.4306758825859
256116,1998.4715637975441
256117,1606.3340248960433
256118,1070.5879703445994
256119,884.2613967786278
256120,357.70169716348767
256121,2383.218366548732
256122,1907.6354122701418
256123,1236.2550869431566
256124,1023.6957874352214
256125,133.55399490774522
256126,807.8365751439826
256127,627.6706007395354
256128,433.4044389414929
256129,357.46231848656294
256130,248.49744641271693
256131,1599.4700471371566
256132,1301.832371567069
256133,850.7764803923628
256134,722.007841578409
256135,281.1829399707823
256136,1891.4637577954202
256137,1555.358711120501
256138,977.2666731252792
256139,822.2653083693613
256140,734.8270907674113
256141,596.0273574037117
256142,492.60766656146706
256143,306.34829952484165
256144,246.87184511847914
256145,667.4369321941658
256146,1199.6291581075398
256147,985.7537858492658
256148,631.0328185762265
256149,525.9831199525927
256150,343.8209429341271
256151,1429.149681007443
256152,1169.778814158652
256153,731.1648733577473
256154,623.1390995907849
256155,116.94185937070282
256156,611.13471983906
256157,497.62312028066924
256158,313.74456158479074
256159,254.2681071784283
256160,191.27003489339614
256161,1224.7848869237773
256162,998.7681412005364
256163,644.9937259024705
256164,541.6365094571837
256165,208.97034841507252
256166,1463.9591161833596
256167,1187.3269216159952
256168,744.281519071278
256169,637.9482274826626
256170,58.540076669832395
256171,429.0542759900124
256172,348.4266688076321
256173,228.18434353580463
256174,182.52681054263044
256175,117.2633521360612
256176,904.0318642820657
256177,731.3816481368005
256178,456.10087157410874
256179,369.3131030493095
256180,143.91499337713896
256181,1059.8943910275989
256182,846.2799057311313
256183,533.695614218331
256184,443.9317705502016
256185,724.5732916430667
256186,27.484106627833285
256187,7.901597464251367
256188,17.110831706710627
256189,-3.3910130222772565
256190,35.08409588170876
256191,31.273361220251005
256192,13.330788312055043
256193,12.85851504546972
256194,-7.398886773764107
256195,-14.974900409710113
256196,47.78863754315663
256197,31.65602510732808
256198,29.31920465496475
256199,11.524820322298611
256200,143.33543052760564
256201,1020.6025524353538
256202,806.9654791266437
256203,526.1165415199614
256204,431.4163540973738
256205,291.4306758825859
256206,1998.4715637975441
256207,1606.3340248960433
256208,1070.5879703445994
256209,884.2613967786278
256210,357.70169716348767
256211,2383.218366548732
256212,1907.6354122701418
256213,1236.2550869431566
256214,1023.6957874352214
256215,133.55399490774522
256216,807.8365751439826
256217,627.6706007395354
256218,433.4044389414929
256219,357.46231848656294
256220,248.49744641271693
256221,1599.4700471371566
256222,1301.832371567069
256223,850.7764803923628
256224,722.007841578409
256225,281.1829399707823
256226,1891.4637577954202
256227,1555.358711120501
256228,977.2666731252792
256229,822.2653083693613
256230,734.5406792695727
256231,595.7409459058731
256232,494.59077060615374
256233,305.91823947273423
256234,246.44178506637175
256235,667.1505206963272
256236,1199.3427466097012
256237,989.9324242911538
256238,630.602758524119
256239,525.5530599004852
256240,343.53453143628855
256241,1428.8632695096044
256242,1173.9574526005401
256243,730.7348133056398
256244,622.7090395386774
256245,116.65544787286424
256246,610.8483083412215
256247,499.6062243253559
256248,313.3145015326833
256249,253.8380471263209
256250,190.98362339555757
256251,1224.4984754259388
256252,1002.9467796424244
256253,644.563665850363
256254,541.2064494050762
256255,208.68393691723398
256256,1463.672704685521
256257,1191.5055600578833
256258,743.8514590191705
256259,637.5181674305551
256260,58.25366517199383
256261,428.7678644921738
256262,350.4097728523188
256263,227.75428348369724
256264,182.09675049052305
256265,116.97694063822263
256266,903.7454527842272
256267,735.5602865786885
256268,455.6708115220013
256269,368.8830429972021
256270,143.6285818793004
256271,1059.6079795297603
256272,850.4585441730193
256273,533.2655541662235
256274,443.50171049809416
256275,724.2868801452281
256276,27.197695129994724
256277,6.598692412482845
256278,16.680771654603216
256279,-3.82107307438467
256280,34.797684383870205
256281,30.986949722412444
256282,12.02788326028652
256283,12.428454993362307
256284,-7.828946825871518
256285,-15.261311907548674
256286,47.50222604531807
256287,30.353120055559557
256288,28.889144602857336
256289,11.094760270191198
256290,143.0490190297671
256291,1020.3161409375152
256292,811.1009180265312
256293,525.6864814678539
256294,430.9862940452664
256295,291.1442643847473
256296,1998.1851522997056
256297,1610.4694637959308
256298,1070.157910292492
256299,883.8313367265204
256300,357.4152856656491
256301,2382.9319550508935
256302,1911.7708511700293
256303,1235.8250268910492
256304,1023.2657273831139
256305,133.26758340990668
256306,807.550163646144
256307,629.1233411966286
256308,432.9743788893855
256309,357.0322584344555
256310,248.21103491487838
256311,1599.183635639318
256312,1303.2851120241623
256313,850.3464203402553
256314,721.5777815263016
256315,280.8965284729437
256316,1891.1773462975816
256317,1556.8114515775944
256318,976.8366130731717
256319,821.8352483172538
256320,734.5406792695727
256321,595.7409459058731
256322,494.59077060615374
256323,305.91823947273423
256324,246.44178506637175
256325,661.8505155398985
256326,1199.3427466097012
256327,989.9324242911538
256328,630.602758524119
256329,525.5530599004852
256330,343.53453143628855
256331,1428.8632695096044
256332,1173.9574526005401
256333,730.7348133056398
256334,622.7090395386774
256335,116.65544787286424
256336,610.8483083412215
256337,499.6062243253559
256338,313.3145015326833
256339,253.8380471263209
256340,190.98362339555757
256341,1224.4984754259388
256342,1002.9467796424244
256343,644.563665850363
256344,541.2064494050762
256345,208.68393691723398
256346,1463.672704685521
256347,1191.5055600578833
256348,743.8514590191705
256349,637.5181674305551
256350,58.25366517199383
256351,428.7678644921738
256352,350.4097728523188
256353,227.75428348369724
256354,182.09675049052305
256355,116.97694063822263
256356,903.7454527842272
256357,735.5602865786885
256358,455.6708115220013
256359,368.8830429972021
256360,143.6285818793004
256361,1059.6079795297603
256362,850.4585441730193
256363,533.2655541662235
256364,443.50171049809416
256365,724.2868801452281
256366,27.197695129994724
256367,6.598692412482845
256368,16.680771654603216
256369,-3.82107307438467
256370,25.80309694383953
256371,30.986949722412444
256372,12.02788326028652
256373,12.428454993362307
256374,-7.828946825871518
256375,-15.261311907548674
256376,47.50222604531807
256377,30.353120055559557
256378,28.889144602857336
256379,11.094760270191198
256380,143.0490190297671
256381,1020.3161409375152
256382,811.1009180265312
256383,525.6864814678539
256384,430.9862940452664
256385,291.1442643847473
256386,1998.1851522997056
256387,1610.4694637959308
256388,1070.157910292492
256389,883.8313367265204
256390,357.4152856656491
256391,2382.9319550508935
256392,1911.7708511700293
256393,1235.8250268910492
256394,1023.2657273831139
256395,133.26758340990668
256396,807.550163646144
256397,629.1233411966286
256398,432.9743788893855
256399,357.0322584344555
256400,248.21103491487838
256401,1599.183635639318
256402,1303.2851120241623
256403,850.3464203402553
256404,721.5777815263016
256405,280.8965284729437
256406,1891.1773462975816
256407,1556.8114515775944
256408,976.8366130731717
256409,821.8352483172538
256410,734.5951574269167
256411,620.8161727729351
256412,519.0941627501705
256413,327.6005396004298
256414,261.316192768983
256415,541.6067424005837
256416,1239.9887402829816
256417,1017.4874180596656
256418,659.3818184102853
256419,565.3838309841111
256420,290.47273711472707
256421,1474.1037885019066
256422,1203.4465109166429
256423,773.5940715612393
256424,657.4728626882697
256425,108.3795913784667
256426,642.1515263183912
256427,527.771358142761
256428,334.37828987987996
256429,268.0939430484331
256430,185.68414425358316
256431,1272.2278638173404
256432,1035.0189186923376
256433,673.3427257365294
256434,581.0372204887021
256435,213.2953997378719
256436,1525.5608249055601
256437,1235.0759701650024
256438,786.71071727477
256439,672.2819905801474
256440,61.21822525168665
256441,449.0320673454432
256442,362.7115222457912
256443,242.00645537981384
256444,189.54102996155524
256445,122.02442972124852
256446,934.0354918888545
256447,759.55443669313
256448,481.30763382865683
256449,403.2450001450713
256450,154.22850760699617
256451,1103.430052664789
256452,885.32426754643
256453,569.9132814518509
256454,469.727426321469
256455,713.0954988274891
256456,21.490437560968164
256457,0.11207936455525276
256458,12.6527156039107
256459,-6.415415285964391
256460,41.911456559259264
256461,22.380193502735946
256462,9.252780022353214
256463,20.332228204311118
256464,-3.031937173476525
256465,-13.571890794476015
256466,42.80755283311437
256467,20.133989759481477
256468,35.35581272948449
256469,5.02825340430776
256470,151.04451166848511
256471,1055.4461481435792
256472,832.5527187515587
256473,548.130939956083
256474,452.64472733699455
256475,304.0885762389565
256476,2143.5258996427888
256477,1721.7844129538532
256478,1111.450586086938
256479,935.904168932822
256480,373.4530982098934
256481,2517.172093707246
256482,2030.558176336127
256483,1281.708499588701
256484,1078.6502614007366
256485,143.45635187242738
256486,850.6466556374855
256487,662.0521859001517
256488,457.04724824668796
256489,375.81348360489125
256490,260.3102611083874
256491,1698.6612978913295
256492,1365.2252874229966
256493,896.737073015965
256494,766.734776029827
256495,304.7865342304771
256496,1997.8262820867951
256497,1636.7078581827138
256498,1038.9381429727807
256499,875.6585897437551
256500,728.4069043733613
256501,652.4932560734635
256502,534.8080575797659
256503,344.4885600627546
256504,278.0025103938063
256505,395.749966678334
256506,1326.808996135326
256507,1098.2412364765835
256508,700.3108799378415
256509,598.8500153970598
256510,271.1449168337159
256511,1583.9620867223255
256512,1306.4101165229424
256513,815.7345318631802
256514,697.5895385054995
256515,117.01239170189739
256516,676.9614818144153
256517,547.2536404245802
256518,353.177207519882
256519,286.6911578509338
256520,191.95235243216902
256521,1362.4781342442902
256522,1118.0763978188095
256523,714.2717872640856
256524,614.5034049016508
256525,220.31047669328947
256526,1642.339520607076
256527,1341.6953305212016
256528,830.6494420520638
256529,714.19693087273
256530,73.79900042196152
256531,474.63490594784486
256532,384.08687722348884
256533,252.10016292941606
256534,199.43303467365592
256535,136.84902203195895
256536,979.4841631903389
256537,805.9236152702814
256538,502.31872989946817
256539,416.7932191012751
256540,169.16337426775704
256541,1149.6457288237427
256542,929.4939069362119
256543,591.707800608689
256544,489.49816099359595
256545,697.343249437409
256546,29.55127346496378
256547,3.3100450861926136
256548,18.49530821028336
256549,-4.152672659294685
256550,70.26516479740933
256551,21.798696715049402
256552,9.591790510333665
256553,25.37202989805788
256554,-8.83315973653901
256555,5.263401978117637
256556,45.566183935329754
256557,21.877150849429793
256558,39.72055793189344
256559,-1.4480256500925586
256560,155.04061963982133
256561,1105.6081726122563
256562,890.605029976708
256563,571.1030759861541
256564,475.41516052956416
256565,299.9858665332681
256566,2264.85759401177
256567,1800.6212525048165
256568,1176.2280045931002
256569,993.2187103243763
256570,397.30977910132873
256571,2653.551387760308
256572,2137.363445332391
256573,1384.781177047573
256574,1174.260061745001
256575,147.42895621077304
256576,897.6743204308159
256577,716.1595757916181
256578,475.7495847401317
256579,394.31411726083354
256580,258.1252358771937
256581,1781.4732523326318
256582,1473.370015031218
256583,929.047477315026
256584,791.5823032142804
256585,310.04075707613913
256586,2115.5116601459017
256587,1759.0753296374792
256588,1089.023663704284
256589,918.2812333606504
256590,697.6280724301744
256591,731.4254349998955
256592,601.9122167187834
256593,400.9148255727212
256594,337.62852969244875
256595,288.85380531758267
256596,1503.1824418409324
256597,1230.8104048454359
256598,761.8601560279544
256599,661.9222901096579
256600,288.33497015309337
256601,1763.661886368945
256602,1442.507598791597
256603,907.4371386769167
256604,787.9109962840145
256605,140.90133335420285
256606,755.0173822108919
256607,616.0630868611574
256608,409.80026665649854
256609,346.513970776226
256610,202.4548117682986
256611,1529.719519862303
256612,1248.4633785464853
256613,773.4761778030129
256614,678.0336122957062
256615,231.4127203453746
256616,1813.6525127106727
256617,1475.6106251486797
256618,920.0071633146147
256619,804.9763213327024
256620,95.32645462232931
256621,540.8197961511086
256622,438.79691152928666
256623,278.97546948980596
256624,226.55737875330271
256625,150.0353830130893
256626,1064.9679030753928
256627,877.7314953443727
256628,543.7119400573423
256629,459.5615298448569
256630,179.84387862474196
256631,1276.1518606112845
256632,1047.4945170467915
256633,679.7808573779453
256634,576.0421706908559
256635,724.4443971657884
256636,31.38255912219541
256637,9.797409183862785
256638,25.277303260203098
256639,5.735116040575788
256640,23.148913886273224
256641,28.592772052614137
256642,18.717126785199927
256643,29.425123175308734
256644,0.2782820594772512
256645,4.630297315749741
256646,55.78168866689054
256647,38.83541822007557
256648,49.23694274912567
256649,13.079316158892167
256650,172.40689835828104
256651,1226.0003221752613
256652,992.3317259005906
256653,634.5372336449028
256654,537.9094028439624
256655,351.4421604235758
256656,2485.679949033802
256657,1955.061614097147
256658,1285.895620286087
256659,1088.6120240857915
256660,417.21513276449633
256661,2994.3222448524957
256662,2408.8574222961875
256663,1525.0643700201003
256664,1294.7633110784018
256665,158.2850108673621
256666,993.4641896989502
256667,789.8607009014104
256668,511.81058877762183
256669,429.4352059539717
256670,303.7604111091131
256671,1945.774924793613
256672,1627.7411059522015
256673,1020.5706772210946
256674,878.5435718541019
256675,331.49925398943856
256676,2321.334429902196
256677,1903.7880524210887
256678,1214.346254516134
256679,1033.5362511986991
256680,735.4639646175505
256681,596.6642312538509
256682,489.3609910968117
256683,307.3575072755294
256684,247.83332776664307
256685,611.2780646130781
256686,1200.0679953433926
256687,982.3090737703249
256688,633.8670550401057
256689,525.2560847201423
256690,344.45781678426624
256691,1429.786554857582
256692,1166.5321386939968
256693,733.9991098216265
256694,622.4120643583345
256695,117.57873322084197
256696,611.7715936891992
256697,494.37644481601416
256698,314.75376933547847
256699,255.22958982659222
256700,191.90690874353533
256701,1225.4217607739163
256702,995.5214657358815
256703,647.8279623663497
256704,540.9094742247333
256705,209.6072222652117
256706,1464.5959900334985
256707,1184.08024615134
256708,747.1157555351572
256709,637.2211922502122
256710,59.176950519971534
256711,429.6911498401515
256712,345.179993342977
256713,229.1935512864924
256714,183.48829319079437
256715,117.90022598620033
256716,904.6687381322049
256717,728.1349726721456
256718,458.93510803798785
256719,368.58606781685904
256720,144.55186722727814
256721,1060.5312648777378
256722,843.0332302664764
256723,536.5298506822102
256724,443.2047353177511
256725,724.2599054991688
256726,27.170720483935437
256727,7.588211320353521
256728,16.797445562812783
256729,-3.704399166175101
256730,34.77070973781092
256731,30.959975076353157
256732,13.017402168157199
256733,12.545128901571875
256734,-7.712272917661951
256735,-15.288286553607962
256736,47.47525139925879
256737,31.342638963430236
256738,29.005818511066902
256739,11.211434178400767
256740,143.02204438370782
256741,1020.2891662914559
256742,806.6520929827458
256743,525.8031553760635
256744,431.10296795347597
256745,291.11728973868804
256746,1998.1581776536464
256747,1606.0206387521455
256748,1070.2745842007016
256749,883.9480106347299
256750,357.3883110195898
256751,2382.904980404834
256752,1907.322026126244
256753,1235.9417007992588
256754,1023.3824012913236
256755,133.2406087638474
256756,807.5231890000847
256757,627.3572145956375
256758,433.09105279759507
256759,357.1489323426651
256760,248.1840602688191
256761,1599.1566609932588
256762,1301.5189854231712
256763,850.4630942484649
256764,721.6944554345112
256765,280.86955382688444
256766,1891.1503716515224
256767,1555.0453249766033
256768,976.9532869813813
256769,821.9519222254634
256770,735.9109956516048
256771,596.6642312538509
256772,489.3609910968117
256773,307.3575072755294
256774,247.83332776664307
256775,604.9689654128832
256776,1200.0679953433926
256777,982.3090737703249
256778,633.8670550401057
256779,525.2560847201423
256780,339.89407196946223
256781,1429.786554857582
256782,1166.5321386939968
256783,733.9991098216265
256784,622.4120643583345
256785,117.57873322084197
256786,611.7715936891992
256787,494.37644481601416
256788,314.75376933547847
256789,255.22958982659222
256790,191.90690874353533
256791,1225.4217607739163
256792,995.5214657358815
256793,647.8279623663497
256794,540.9094742247333
256795,209.6072222652117
256796,1464.5959900334985
256797,1184.08024615134
256798,747.1157555351572
256799,637.2211922502122
256800,59.176950519971534
256801,429.6911498401515
256802,345.179993342977
256803,229.1935512864924
256804,183.48829319079437
256805,117.90022598620033
256806,904.6687381322049
256807,728.1349726721456
256808,458.93510803798785
256809,368.58606781685904
256810,144.55186722727814
256811,1060.5312648777378
256812,843.0332302664764
256813,536.5298506822102
256814,443.2047353177511
256815,724.2599054991688
256816,27.170720483935437
256817,7.588211320353521
256818,16.797445562812783
256819,-3.704399166175101
256820,34.77070973781092
256821,30.959975076353157
256822,13.017402168157199
256823,12.545128901571875
256824,-7.712272917661951
256825,-15.288286553607962
256826,47.47525139925879
256827,31.342638963430236
256828,29.005818511066902
256829,11.211434178400767
256830,143.02204438370782
256831,1020.2891662914559
256832,806.6520929827458
256833,525.8031553760635
256834,431.10296795347597
256835,291.11728973868804
256836,1998.1581776536464
256837,1606.0206387521455
256838,1070.2745842007016
256839,883.9480106347299
256840,357.3883110195898
256841,2382.904980404834
256842,1907.322026126244
256843,1235.9417007992588
256844,1023.3824012913236
256845,133.2406087638474
256846,807.5231890000847
256847,627.3572145956375
256848,433.09105279759507
256849,357.1489323426651
256850,248.1840602688191
256851,1599.1566609932588
256852,1301.5189854231712
256853,850.4630942484649
256854,721.6944554345112
256855,280.86955382688444
256856,1891.1503716515224
256857,1555.0453249766033
256858,976.9532869813813
256859,821.9519222254634
256860,735.6245841537662
256861,596.3778197560123
256862,491.34409514149837
256863,306.92744722342195
256864,247.40326771453567
256865,604.6825539150447
256866,1199.781583845554
256867,986.4877122122128
256868,633.4369949879982
256869,524.8260246680348
256870,339.60766047162366
256871,1429.5001433597433
256872,1170.7107771358849
256873,733.569049769519
256874,621.982004306227
256875,117.2923217230034
256876,611.4851821913606
256877,496.35954886070084
256878,314.32370928337104
256879,254.79952977448482
256880,191.62049724569675
256881,1225.1353492760777
256882,999.7001041777695
256883,647.3979023142422
256884,540.4794141726259
256885,209.32081076737316
256886,1464.30957853566
256887,1188.258884593228
256888,746.6856954830497
256889,636.7911321981047
256890,58.89053902213297
256891,429.40473834231295
256892,347.1630973876637
256893,228.76349123438501
256894,183.05823313868697
256895,117.61381448836175
256896,904.3823266343663
256897,732.3136111140336
256898,458.5050479858804
256899,368.1560077647516
256900,144.2654557294396
256901,1060.2448533798993
256902,847.2118687083644
256903,536.0997906301027
256904,442.7746752656437
256905,723.9734940013302
256906,26.884308986096876
256907,6.285306268584999
256908,16.367385510705372
256909,-4.1344592182825135
256910,34.48429823997236
256911,30.673563578514596
256912,11.714497116388676
256913,12.115068849464462
256914,-8.142332969769363
256915,-15.574698051446523
256916,47.188839901420224
256917,30.039733911661713
256918,28.575758458959488
256919,10.781374126293354
256920,142.73563288586928
256921,1020.0027547936173
256922,810.7875318826333
256923,525.373095323956
256924,430.67290790136855
256925,290.8308782408495
256926,1997.8717661558078
256927,1610.156077652033
256928,1069.8445241485942
256929,883.5179505826225
256930,357.10189952175125
256931,2382.6185689069957
256932,1911.4574650261316
256933,1235.5116407471514
256934,1022.9523412392161
256935,132.95419726600886
256936,807.2367775022461
256937,628.8099550527307
256938,432.66099274548765
256939,356.71887229055767
256940,247.89764877098057
256941,1598.8702494954202
256942,1302.9717258802646
256943,850.0330341963574
256944,721.2643953824037
256945,280.58314232904587
256946,1890.8639601536838
256947,1556.4980654336966
256948,976.5232269292738
256949,821.5218621733559
256950,734.7861880663698
256951,595.539423668616
256952,490.50569905410197
256953,308.3688990440453
256954,242.25296850862793
256955,582.1593152898954
256956,1198.4581621099212
256957,985.1642904765807
256958,636.9432391287803
256959,519.6757254621274
256960,338.76926438422703
256961,1428.6617472723462
256962,1169.8723810484878
256963,737.0752939103013
256964,616.8317051003196
256965,116.4539256356066
256966,610.6467861039642
256967,495.5211527733044
256968,315.7651611039944
256969,249.64923056857708
256970,190.78210115829995
256971,1224.2969531886806
256972,998.8617080903731
256973,650.9041464550245
256974,535.3291149667184
256975,208.48241467997636
256976,1463.4711824482629
256977,1187.420488505831
256978,750.191939623832
256979,631.6408329921973
256980,58.05214293473624
256981,428.5663422549163
256982,346.32470130026707
256983,230.2049430550082
256984,177.90793393277923
256985,116.77541840096498
256986,903.5439305469699
256987,731.4752150266372
256988,462.0112921266624
256989,363.005708558844
256990,143.4270596420428
256991,1059.4064572925022
256992,846.373472620968
256993,539.6060347708849
256994,437.62437605973605
256995,726.201606835549
256996,26.39509085870158
256997,5.796088141189703
256998,18.15801529133003
256999,-5.8447135562267185
257000,43.545088112738384
257001,30.1843454511193
257002,11.225278988993383
257003,15.97049095024778
257004,-9.852587307713563
257005,-13.346585217227993
257006,46.699621774024926
257007,29.550515784266416
257008,32.43118055974282
257009,9.071119788349153
257010,141.73771698139439
257011,1019.0048388891428
257012,809.7896159781587
257013,526.6550273275013
257014,422.41621666653236
257015,289.83296233637475
257016,1996.8738502513327
257017,1609.1581617475579
257018,1073.1912484722977
257019,875.2612593477863
257020,356.1039836172765
257021,2381.620653002521
257022,1910.4595491216564
257023,1238.858365070855
257024,1014.69565000438
257025,131.95628136153397
257026,806.2388615977716
257027,627.8120391482562
257028,433.9429247490329
257029,348.4621810557215
257030,246.89973286650567
257031,1597.8723335909451
257032,1301.9738099757894
257033,853.3797585200615
257034,713.0077041475676
257035,279.58522642457115
257036,1889.8660442492087
257037,1555.5001495292215
257038,979.8699512529779
257039,813.2651709385198
257040,734.8406662237138
257041,620.6146505356778
257042,515.0090911981192
257043,330.05119917174085
257044,257.12737621123927
257045,506.99384818960596
257046,1239.3410476107158
257047,1012.9561760726057
257048,665.7222990149467
257049,559.5064965457533
257050,285.70747006266555
257051,1473.9022662646485
257052,1199.3614393645905
257053,779.9345521659006
257054,651.5955282499119
257055,108.17806914120905
257056,641.950004081134
257057,523.6862865907096
257058,336.828949451191
257059,263.9051264906894
257060,185.48262201632554
257061,1272.0263415800823
257062,1030.9338471402853
257063,679.6832063411907
257064,575.1598860503443
257065,213.09387750061427
257066,1525.359302668302
257067,1230.99089861295
257068,793.0511978794314
257069,666.4046561417896
257070,61.01670301442904
257071,448.8305451081857
257072,358.62645069373946
257073,244.4571149511248
257074,185.35221340381142
257075,121.82290748399087
257076,933.8339696515973
257077,755.4693651410787
257078,487.6481144333179
257079,397.3676657067132
257080,154.02698536973855
257081,1103.2285304275308
257082,881.2391959943786
257083,576.2537620565123
257084,463.8500918831109
257085,715.01022551781
257086,20.687833289675012
257087,-0.6905249067378901
257088,14.129959240637525
257089,-8.439055767806437
257090,49.69217234026408
257091,21.5775892314428
257092,8.450175751060073
257093,23.874264161196578
257094,-5.055577655318571
257095,-11.657164104155342
257096,42.00494856182123
257097,19.331385488188328
257098,38.89784868636997
257099,3.00461292246571
257100,149.7332096201124
257101,1054.1348460952063
257102,831.2414167031862
257103,549.0994858157304
257104,444.0746499582605
257105,302.7772741905839
257106,2142.2145975944163
257107,1720.4731109054803
257108,1114.4839242667438
257109,927.334091554088
257110,372.14179616152086
257111,2515.8607916588735
257112,2029.2468742877545
257113,1284.7418377685067
257114,1070.0801840220024
257115,142.14504982405467
257116,849.3353535891131
257117,660.7408838517792
257118,458.01579410633536
257119,367.2434062261572
257120,258.99895906001484
257121,1697.3499958429566
257122,1363.9139853746237
257123,899.7704111957712
257124,758.164698651093
257125,303.47523218210455
257126,1996.5149800384222
257127,1635.396556134341
257128,1041.9714811525873
257129,867.0885123650211
257130,728.6524131701584
257131,652.2917338362062
257132,530.7229860277146
257133,346.93921963406564
257134,273.81369383606255
257135,389.2393452408816
257136,1326.6074738980678
257137,1094.1561649245311
257138,706.6513605425029
257139,592.972680958702
257140,266.3796497816544
257141,1583.7605644850673
257142,1302.32504497089
257143,822.0750124678416
257144,691.7122040671417
257145,116.81086946463971
257146,676.759959577158
257147,543.1685688725289
257148,355.6278670911931
257149,282.50234129319006
257150,191.7508301949114
257151,1362.276612007032
257152,1113.9913262667571
257153,720.6122678687469
257154,608.626070463293
257155,220.10895445603185
257156,1642.137998369818
257157,1337.6102589691493
257158,836.9899226567252
257159,708.3195964343722
257160,73.59747818470387
257161,474.43338371058735
257162,380.0018056714371
257163,254.550822500727
257164,195.2442181159121
257165,136.64749979470133
257166,979.2826409530817
257167,801.8385437182301
257168,508.65921050412925
257169,410.915884662917
257170,168.96185203049941
257171,1149.4442065864846
257172,925.4088353841606
257173,598.0482812133504
257174,483.62082655523784
257175,699.2579761277299
257176,28.748669193670636
257177,2.5074408148994722
257178,19.97255184701017
257179,-6.176313141136733
257180,78.04588057841413
257181,20.996092443756257
257182,8.789186239040522
257183,28.914065854943345
257184,-10.856800218381066
257185,7.17812866843831
257186,44.76357966403661
257187,21.07454657813665
257188,43.262593888778916
257189,-3.4716661319345983
257190,153.72931759144862
257191,1104.2968705638834
257192,889.2937279283356
257193,572.0716218458015
257194,466.84508315083013
257195,298.67456448489554
257196,2263.5462919633974
257197,1799.3099504564436
257198,1179.261342772906
257199,984.6486329456421
257200,395.99847705295616
257201,2652.2400857119355
257202,2136.0521432840187
257203,1387.8145152273787
257204,1165.6899843662668
257205,146.11765416240033
257206,896.3630183824434
257207,714.8482737432456
257208,476.7181305997791
257209,385.7440398820995
257210,256.813933828821
257211,1780.1619502842589
257212,1472.058712982845
257213,932.0808154948321
257214,783.0122258355464
257215,308.72945502776656
257216,2114.2003580975293
257217,1757.7640275891063
257218,1092.0570018840897
257219,909.7111559819164
257220,697.1834340807995
257221,730.5337656164663
257222,590.0871021742871
257223,406.6133522421982
257224,330.92637206489275
257225,281.66832523735627
257226,1502.3060609609
257227,1219.000578804336
257228,771.4637922341793
257229,653.5469031048855
257230,282.6204398745959
257231,1762.5111009052507
257232,1430.4233681668354
257233,916.7663702994796
257234,779.2612046955801
257235,140.27600336457695
257236,754.3920522212663
257237,604.5043117104648
257238,415.76513271977905
257239,340.07815254247356
257240,201.84477028207044
257241,1529.109478376074
257242,1236.919891899189
257243,783.3461534030414
257244,669.9245646847374
257245,230.52827427548448
257246,1812.7680666407819
257247,1463.7927339177215
257248,929.6027343309812
257249,796.5928691380716
257250,94.70112463270335
257251,540.194466161483
257252,427.2381363785937
257253,284.94033555308647
257254,220.12156051955014
257255,149.4253415268611
257256,1064.3578615891638
257257,866.1880086970777
257258,553.5819156573708
257259,451.45248223388785
257260,178.95943255485184
257261,1275.2674145413937
257262,1035.6766258158334
257263,689.3764283943118
257264,567.6587184962251
257265,719.7803496548696
257266,31.957722158622254
257267,3.3226763740165906
257268,30.7719126128006
257269,1.967633106626272
257270,31.515725864924867
257271,28.376263978967884
257272,11.450722865280643
257273,37.49126957417876
257274,-2.982456148358411
257275,6.856715620055351
257276,55.290776009582316
257277,31.294609716494286
257278,57.02868456433371
257279,9.544173367394544
257280,172.88202501665893
257281,1229.3990622930226
257282,988.6805701720795
257283,641.3276471595232
257284,527.5959424797496
257285,350.71695457285017
257286,2484.954743183077
257287,1947.2865124001476
257288,1293.4530689078767
257289,1077.0008065085897
257290,415.54364305338277
257291,2992.6507551413824
257292,2400.136036738801
257293,1531.6755347815022
257294,1282.205809640812
257295,158.76013752574
257296,992.7729891782027
257297,782.1196045343899
257298,517.337250409232
257299,417.8579937067485
257300,303.03520525838746
257301,1945.0497189428866
257302,1619.9660042552018
257303,1028.128125842885
257304,866.9323542769008
257305,329.827764278325
257306,2319.6629401910827
257307,1895.0666668637011
257308,1220.9574192775358
257309,1020.9787497611101
257310,733.7619171733775
257311,594.5151527756236
257312,480.16201677231106
257313,312.2248644579757
257314,240.3477257545801
257315,602.8351754380536
257316,1197.934205368562
257317,973.125387949222
257318,640.8144930461087
257319,517.7857712114776
257320,337.48587741097043
257321,1427.3783602990895
257322,1157.0740482892313
257323,740.6721432439676
257324,614.6673462660078
257325,115.42965474261419
257326,609.6225152109719
257327,485.1774704915135
257328,319.6211265179248
257329,247.74398781452933
257330,189.77311876870527
257331,1223.2879707990858
257332,986.3377799147786
257333,654.7754003723527
257334,533.4391607160686
257335,207.1990277067197
257336,1462.1877954750062
257337,1174.6221557465744
257338,753.7887889574984
257339,629.4764741578855
257340,57.02787204174381
257341,427.54207136192395
257342,335.9810190184764
257343,234.06090846893858
257344,176.00269117873145
257345,115.7664360113703
257346,902.5349481573753
257347,718.951286851043
257348,465.88254604399054
257349,361.11575430819397
257350,142.14367266878614
257351,1058.1230703192455
257352,833.5751398617118
257353,543.2028841045512
257354,435.46001722542405
257355,715.7979425847309
257356,26.920030375050104
257357,0.28762536519515924
257358,22.264775278414422
257359,-7.49916173712048
257360,49.300881700837465
257361,29.91761385739474
257362,4.925145102925738
257363,20.583995663446018
257364,-11.000290762493481
257365,-11.416287257792064
257366,46.1584855966384
257367,22.975977314536827
257368,36.770280689279126
257369,7.649011749907291
257370,141.6259446294352
257371,1021.8166799965677
257372,801.1297108415845
257373,531.5209159863497
257374,419.71685468492893
257375,288.52085747531197
257376,1995.5617453902696
257377,1596.3743106424956
257378,1076.7593799181573
257379,871.2641401531947
257380,353.8455948958258
257381,2379.3622642810706
257382,1896.7294141562063
257383,1241.4802126563266
257384,1009.7522469494002
257385,131.84450900957484
257386,804.9607620666867
257387,617.7448918159665
257388,437.54506152487085
257389,344.4990671911077
257390,245.58762800544275
257391,1596.560228729882
257392,1291.8726573135214
257393,856.9478899659216
257394,709.0105849529759
257395,277.3268377031204
257396,1887.6076555277577
257397,1544.4527130065655
257398,982.49179883845
257399,808.3217678835401
257400,734.3851024979442
257401,595.1383381001904
257402,480.78520209687787
257403,312.8480497825425
257404,240.9709110791469
257405,603.4583607626204
257406,1198.5573906931288
257407,973.7485732737888
257408,641.4376783706755
257409,518.4089565360443
257410,338.10906273553724
257411,1428.0015456236563
257412,1157.697233613798
257413,741.2953285685344
257414,615.2905315905746
257415,116.05284006718097
257416,610.2457005355386
257417,485.8006558160803
257418,320.2443118424916
257419,248.36717313909614
257420,190.39630409327202
257421,1223.9111561236525
257422,986.9609652393453
257423,655.3985856969194
257424,534.0623460406354
257425,207.82221303128648
257426,1462.810980799573
257427,1175.2453410711412
257428,754.4119742820651
257429,630.0996594824522
257430,57.65105736631059
257431,428.16525668649075
257432,336.6042043430432
257433,234.68409379350535
257434,176.62587650329826
257435,116.38962133593708
257436,903.1581334819421
257437,719.5744721756098
257438,466.50573136855735
257439,361.7389396327608
257440,142.76685799335291
257441,1058.7462556438122
257442,834.1983251862786
257443,543.826069429118
257444,436.08320254999086
257445,718.6509393716345
257446,26.800964903746763
257447,0.16855989389182122
257448,22.145709807111082
257449,-7.618227208423817
257450,53.16209228329109
257451,30.80676218164138
257452,5.814293427172378
257453,21.473143987692655
257454,-10.11114243824684
257455,-8.563290470888411
257456,46.03942012533506
257457,22.856911843233483
257458,36.65121521797579
257459,7.529946278603952
257460,142.5522524254702
257461,1022.7429877926027
257462,802.0560186376194
257463,532.4472237823846
257464,420.6431624809639
257465,290.4553790668969
257466,1997.4962669818544
257467,1598.3088322340805
257468,1078.693901509742
257469,873.1986617447797
257470,354.77190269186076
257471,2380.2885720771055
257472,1897.6557219522413
257473,1242.4065204523615
257474,1010.6785547454351
257475,132.77081680560977
257476,805.8870698627217
257477,618.6711996120015
257478,438.4713693209058
257479,345.4253749871427
257480,247.52214959702772
257481,1598.4947503214669
257482,1293.8071789051062
257483,858.8824115575065
257484,710.9451065445609
257485,278.2531454991554
257486,1888.5339633237927
257487,1545.3790208026005
257488,983.418106634485
257489,809.2480756795751
257490,739.8201554835138
257491,613.0731615410087
257492,496.4027427050206
257493,310.2005148397627
257494,248.2329131476832
257495,629.3519473590948
257496,1217.4045976029302
257497,995.1446588716171
257498,631.7533204492603
257499,548.7760049412732
257500,315.30774165887635
257501,1448.0185459434279
257502,1180.2631126215979
257503,732.404152834
257504,646.4507621826842
257505,125.44022854112586
257506,631.8724293411362
257507,503.39141415111584
257508,319.58023318587243
257509,257.6126314937928
257510,204.97352040691248
257511,1255.8226670396473
257512,1019.7026672054803
257513,649.3901662400116
257514,566.4128507320246
257515,226.21200877502633
257516,1496.0131432980295
257517,1202.3574642288968
257518,749.196737012038
257519,663.2433463607223
257520,68.25328366080062
257521,441.1954802698546
257522,352.30277866996875
257523,232.11759256950887
257524,180.6438921415697
257525,133.54013423544018
257526,925.2585715179563
257527,747.8509637105725
257528,460.3885869425731
257529,388.8620016077253
257530,162.3714915576378
257531,1080.7788864969714
257532,856.8452379128606
257533,538.502107190014
257534,463.9994467118362
257535,729.367310159389
257536,36.79855493036847
257537,6.879780073370846
257538,19.43216258365288
257539,-10.702768806982965
257540,95.93232475818546
257541,40.58780952278621
257542,8.882533259245735
257543,20.66171253932746
257544,-16.26613543095018
257545,-3.2380237362620954
257546,54.848211649848636
257547,27.260518684990906
257548,37.1751507792946
257549,2.710320295584633
257550,149.80641300001903
257551,1033.6647287350854
257552,810.9665371461712
257553,523.4035198326804
257554,450.6573223773297
257555,321.4247977401969
257556,2035.0568794824735
257557,1613.034500022727
257558,1054.358911916694
257559,922.3054542623023
257560,372.7061589953647
257561,2405.2889353325477
257562,1920.2087974827834
257563,1214.9350698619337
257564,1075.2688775008135
257565,147.73258880957675
257566,824.5708718508627
257567,636.6965717456867
257568,442.65516860446826
257569,370.72665417359354
257570,269.43129616967514
257571,1622.9595996991634
257572,1309.1366870897082
257573,854.8191709415556
257574,749.9815107272186
257575,305.07253179095585
257576,1917.2064469863833
257577,1572.9570093197667
257578,976.2184050211541
257579,863.7680101000886
257580,740.2508648093918
257581,613.5038708668868
257582,496.83345203089874
257583,310.63122416564084
257584,248.66362247356136
257585,628.4783734895036
257586,1216.531023733339
257587,994.271085002026
257588,630.8797465796691
257589,547.902431071682
257590,315.7384509847545
257591,1448.4492552693061
257592,1180.6938219474762
257593,732.8348621598781
257594,646.8814715085623
257595,125.87093786700399
257596,632.3031386670143
257597,503.82212347699397
257598,320.01094251175056
257599,258.0433408196709
257600,204.0999465373214
257601,1254.9490931700561
257602,1018.8290933358892
257603,648.5165923704204
257604,565.5392768624334
257605,226.6427181009045
257606,1496.4438526239078
257607,1202.788173554775
257608,749.6274463379161
257609,663.6740556866004
257610,68.68399298667875
257611,441.62618959573274
257612,352.7334879958469
257613,232.54830189538703
257614,181.07460146744785
257615,132.66656036584908
257616,924.3849976483651
257617,746.9773898409813
257618,459.515013072982
257619,387.9884277381342
257620,162.80220088351595
257621,1081.2095958228497
257622,857.2759472387387
257623,538.9328165158921
257624,464.4301560377143
257625,728.6062458331329
257626,36.03749060411242
257627,6.118715747114797
257628,18.671098257396828
257629,-11.463833133239014
257630,95.17126043192941
257631,39.82674519653016
257632,8.121468932989686
257633,19.90064821307141
257634,-17.02719975720623
257635,-3.9990880625181444
257636,54.08714732359259
257637,26.499454358734855
257638,36.41408645303855
257639,1.9492559693285842
257640,149.045348673763
257641,1032.9036644088294
257642,810.205472819915
257643,522.6424555064243
257644,449.8962580510737
257645,320.66373341394086
257646,2034.2958151562175
257647,1612.2734356964709
257648,1053.597847590438
257649,921.5443899360462
257650,371.9450946691087
257651,2404.5278710062917
257652,1919.4477331565274
257653,1214.1740055356777
257654,1074.5078131745574
257655,146.9715244833207
257656,823.8098075246065
257657,635.9355074194306
257658,441.89410427821224
257659,369.9655898473375
257660,268.6702318434191
257661,1622.1985353729074
257662,1308.3756227634522
257663,854.0581066152995
257664,749.2204464009625
257665,304.31146746469983
257666,1916.4453826601273
257667,1572.1959449935107
257668,975.457340694898
257669,863.0069457738325
257670,740.7665171784316
257671,640.5461418660509
257672,523.3038883070176
257673,334.2805684254385
257674,272.50412699320003
257675,537.4386081541784
257676,1259.3809533662356
257677,1024.0300147301546
257678,664.038143253431
257679,584.4747701022513
257680,283.5777798312293
257681,1495.6568183937104
257682,1212.149924395681
257683,780.0734572030731
257684,683.5128328580352
257685,121.66736432114016
257686,665.5734007762862
257687,533.9543014265006
257688,343.0417749910493
257689,281.26533355881077
257690,200.76751152744907
257691,1304.6455256935599
257692,1052.8682765179049
257693,681.6749890441824
257694,602.1116158930027
257695,239.08055807213262
257696,1566.2297083198287
257697,1250.9897972117692
257698,796.8660413811111
257699,700.3054170360732
257700,75.72083601490519
257701,463.8574365811042
257702,367.00228152142137
257703,248.76751792360574
257704,197.48497775550766
257705,139.68109358097703
257706,956.6420808850946
257707,772.938584087525
257708,489.53117216723314
257709,419.0919528329468
257710,181.22850376180193
257711,1130.7528072920368
257712,894.596287020301
257713,579.9598805891152
257714,492.5234100609697
257715,721.4871474639276
257716,32.29727716718796
257717,1.599146831289313
257718,16.61008633880643
257719,-17.1826557166089
257720,48.931221908754175
257721,33.18703310895574
257722,7.313409827158499
257723,27.278907787133267
257724,-15.35467047660143
257725,-3.056323130049821
257726,51.359518243490996
257727,18.24736819475887
257728,42.35524094277876
257729,-7.24173126834502
257730,161.11312426101472
257731,1070.0007157469959
257732,833.6243176770447
257733,547.0539581267556
257734,473.4625654550988
257735,335.5750894002521
257736,2181.603606631403
257737,1714.996238814475
257738,1096.145598487094
257739,970.8220139720019
257740,392.05519016188674
257741,2540.735053794746
257742,2040.2021024547257
257743,1271.8717435075598
257744,1127.0971390218338
257745,161.23257589437512
257746,868.8733436480502
257747,670.8313962550558
257748,467.9340177676168
257749,395.8573229086897
257750,282.73650216903064
257751,1723.6432417570209
257752,1372.2828422943885
257753,902.5224418461138
257754,801.4879487954045
257755,332.27375617076694
257756,2025.0613625814428
257757,1654.0593957307321
257758,1039.6325531496125
257759,923.9407950912504
257760,734.7974197202182
257761,673.1001918338719
257762,539.8947498039056
257763,354.02587764229816
257764,287.88921454124915
257765,429.667944876961
257766,1347.5243463208803
257767,1106.1069702493721
257768,707.824493535522
257769,616.6397244384259
257770,271.4484994694519
257771,1606.392083281422
257772,1315.9904966692732
257773,825.0712062595488
257774,722.3282785984908
257775,129.99476427426407
257776,701.2603229396029
257777,554.3135503756125
257778,364.6979813855862
257779,298.56131828453726
257780,206.73031933572813
257781,1395.7727627878023
257782,1136.8027223116694
257783,725.4613393262734
257784,634.2765702291773
257785,245.7902346572434
257786,1683.8853706886373
257787,1358.486124235261
257788,843.6620549129398
257789,740.9191272518817
257790,87.99621081487324
257791,490.33724185079853
257792,389.2546031664117
257793,261.71851422774284
257794,206.07575239083423
257795,154.20028552138086
257796,1002.9677188538717
257797,820.184729331969
257798,513.3995569925796
257799,431.3389417123764
257800,195.85797005225598
257801,1177.8454501182832
257802,939.6428930773757
257803,604.6116885004881
257804,510.99291465632285
257805,705.4294977035406
257806,41.235079738476244
257807,5.674079220219334
257808,19.820037540501982
257809,-16.221143166713325
257810,79.53183728261088
257811,33.482502988561855
257812,8.529386982431594
257813,29.686068076202965
257814,-22.45712311643805
257815,15.473569272237022
257816,54.99511601299904
257817,20.86749595199985
257818,44.087344740510616
257819,-15.019240399519484
257820,164.80383186204412
257821,1121.0397068829657
257822,892.5535955694867
257823,575.1375731468556
257824,491.28278131777165
257825,331.16697932425694
257826,2303.8122676676767
257827,1794.710045032731
257828,1166.034495983285
257829,1023.1863380336596
257830,415.60647068301523
257831,2677.9913145151004
257832,2147.8843381182846
257833,1380.0558999564607
257834,1217.7567220362012
257835,164.89977986241396
257836,916.7779751086732
257837,725.8157528138148
257838,491.74783325108956
257839,409.40773923473506
257840,280.2460765675299
257841,1807.3321628656158
257842,1481.3045365699024
257843,939.9443251352037
257844,821.3852586499609
257845,337.22257864612214
257846,2143.623707307842
257847,1777.3038338527901
257848,1094.829552871144
257849,961.6132213782487
257850,698.5686570702923
257851,748.4415547752753
257852,603.4080929578945
257853,406.8613271672364
257854,340.59939770581536
257855,307.25353174244015
257856,1520.3069760414587
257857,1235.0853226331965
257858,765.7829536406064
257859,672.7961630169475
257860,283.1886220820905
257861,1782.5010669430135
257862,1448.4971629528998
257863,913.1829970882567
257864,805.7339002429293
257865,152.23013528873773
257866,779.5217674199579
257867,623.328540896068
257868,421.5265846060813
257869,355.2646551446602
257870,216.87042795395135
257871,1565.6680120042147
257872,1269.8435666377447
257873,785.5874342626199
257874,695.403461871604
257875,251.93310426866407
257876,1852.09810347328
257877,1495.0552824611386
257878,933.9414805729098
257879,829.2952019602253
257880,107.87009437740915
257881,556.7276761379404
257882,444.1701815560881
257883,288.79936487201127
257884,233.40564055435948
257885,167.02429578460485
257886,1091.1053223373249
257887,894.6464730044594
257888,555.7144715478724
257889,475.0289568533777
257890,201.57910036857646
257891,1301.251322586871
257892,1060.2973667863544
257893,693.6064496671635
257894,598.4586287510016
257895,729.9763711345364
257896,42.37120582003479
257897,11.46628374221638
257898,25.90687301474863
257899,-7.028514042515985
257900,23.538979531109227
257901,39.581418750453494
257902,16.95956368162475
257903,33.04400177778069
257904,-14.04084089609489
257905,12.286190312485576
257906,64.5154611688867
257907,37.13060374697253
257908,52.90856998206974
257909,-1.1870581662078825
257910,181.26055522904448
257911,1242.381415816222
257912,995.2298508636205
257913,639.5212901758555
257914,554.7265830024205
257915,383.46582900997225
257916,2528.4933928014225
257917,1950.0999659953131
257918,1276.6516710465232
257919,1119.5292111653253
257920,437.51147973618566
257921,3022.6209417190016
257922,2420.327874452332
257923,1521.2886522992394
257924,1339.2095307398533
257925,165.72692675372815
257926,1004.3980513332432
257927,791.3470848800428
257928,519.6390442450158
257929,436.3590348843088
257930,317.6044551810415
257931,1966.373253024495
257932,1627.5058344473216
257933,1023.297731997708
257934,900.176734246218
257935,351.56137853560887
257936,2344.185894762034
257937,1913.8467635928353
257938,1211.9823506394296
257939,1068.6984461727325
257940,737.3839433422501
257941,612.4960641214554
257942,493.5561297429421
257943,309.7670659744784
257944,247.79946428239882
257945,628.0630627019503
257946,1215.5232169879077
257947,988.7982283168681
257948,630.0155883885066
257949,547.0382728805196
257950,312.87152951761266
257951,1447.441448523875
257952,1175.2209652623183
257953,731.9707039687155
257954,646.0173133173998
257955,126.80037646876906
257956,635.0916919904898
257957,504.34116125794424
257958,322.94314438949505
257959,260.9755426974154
257960,206.3206050590121
257961,1260.1859660080524
257962,1019.6009162341594
257963,652.1649545617058
257964,569.1876390537187
257965,230.0204762171904
257966,1501.680725461904
257967,1203.5599964530447
257968,753.2758085292013
257969,667.3224178778856
257970,69.61343158844387
257971,444.4147429192084
257972,353.25252577679726
257973,235.4805037731314
257974,184.00680334519222
257975,134.88721888753975
257976,929.6218704863614
257977,747.7492127392511
257978,463.16337526426736
257979,391.63678992941954
257980,166.17995899980187
257981,1086.446468660846
257982,858.0477701370085
257983,542.5811787071774
257984,468.07851822899966
257985,727.640365328729
257986,36.93072482141894
257987,8.028443518351278
257988,19.707981028972196
257989,-10.426950361663641
257990,40.269731346454236
257991,40.71997941383668
257992,10.03119670422617
257993,20.937530984646784
257994,-15.990316985630859
257995,-13.065083077647202
257996,54.980381540899124
257997,28.409182129971338
257998,37.450969224613935
257999,2.9861387409039546
258000,149.7241871152833
258001,1035.4416175720603
258002,808.3215755854197
258003,525.324057223924
258004,452.5778597685733
258005,320.18547226086594
258006,2036.8337683194484
258007,1610.3895384619757
258008,1056.2794493079377
258009,924.2259916535459
258010,372.62393311062897
258011,2407.065824169522
258012,1917.5638359220322
258013,1216.8556072531774
258014,1077.1894148920571
258015,138.5310105110255
258016,817.2284082740218
258017,627.6149562139141
258018,435.45635358189634
258019,363.5278391510216
258020,259.0726182765287
258021,1615.6171361223226
258022,1300.0550715579354
258023,847.6203559189837
258024,742.7826957046467
258025,295.87095349240457
258026,1909.8639834095425
258027,1563.875393787994
258028,969.0195899985822
258029,856.5691950775167
258030,738.6332960548656
258031,612.9501858615372
258032,494.01025148302386
258033,310.2211877145602
258034,250.62181156513736
258035,626.8608047349774
258036,1215.9773387279895
258037,989.2523500569498
258038,630.4697101285883
258039,549.8606201632581
258040,314.1208822302283
258041,1447.8955702639566
258042,1175.6750870024
258043,732.4248257087972
258044,648.8396606001384
258045,128.04972918138452
258046,637.9281696624174
258047,507.1776389298718
258048,325.7796220614227
258049,266.18024591199975
258050,208.72705736622277
258051,1263.0224436799801
258052,1022.437393906087
258053,655.0014322336334
258054,574.3923422683031
258055,231.2698289298059
258056,1504.5172031338318
258057,1206.3964741249724
258058,756.1122862011289
258059,672.52712109247
258060,70.86278430105939
258061,444.8688646592902
258062,353.70664751687906
258063,235.93462551321318
258064,186.82915062793072
258065,137.29367119475043
258066,930.0759922264432
258067,748.2033344793329
258068,463.61749700434916
258069,394.45913721215805
258070,167.42931171241736
258071,1086.9005904009277
258072,858.5018918770902
258073,543.0353004472591
258074,470.9008655117382
258075,728.8897180413445
258076,37.3848465615007
258077,8.482565258433038
258078,20.16210276905396
258079,-7.604603078925168
258080,42.676183653664964
258081,41.17410115391844
258082,10.48531844430793
258083,21.391652724728544
258084,-13.167969702892384
258085,-11.815730365031694
258086,55.43450328098088
258087,28.863303870053098
258088,37.90509096469568
258089,5.808486023642427
258090,150.9735398278988
258091,1035.8957393121418
258092,808.7756973255015
258093,525.7781789640057
258094,455.40020705131184
258095,322.59192456807676
258096,2037.2878900595301
258097,1610.8436602020574
258098,1056.7335710480195
258099,927.0483389362844
258100,373.8732858232446
258101,2407.519945909604
258102,1918.017957662114
258103,1217.3097289932591
258104,1080.0117621747956
258105,139.780363223641
258106,817.6825300141036
258107,628.0690779539958
258108,435.91047532197814
258109,366.35018643376014
258110,261.4790705837395
258111,1616.0712578624043
258112,1300.5091932980172
258113,848.0744776590655
258114,745.6050429873852
258115,297.1203062050202
258116,1910.3181051496242
258117,1564.3295155280757
258118,969.473711738664
258119,859.3915423602552
258120,738.346884557027
258121,612.6637743636986
258122,495.99335552771055
258123,309.79112766245277
258124,250.19175151302997
258125,626.5743932371388
258126,1215.690927230151
258127,993.4309884988378
258128,630.0396500764808
258129,549.4305601111506
258130,313.8344707323897
258131,1447.609158766118
258132,1179.853725444288
258133,731.9947656566898
258134,648.4096005480309
258135,127.76331768354598
258136,637.6417581645788
258137,509.1607429745585
258138,325.34956200931526
258139,265.7501858598923
258140,208.44064586838425
258141,1262.7360321821416
258142,1026.616032347975
258143,654.5713721815259
258144,573.9622822161956
258145,230.98341743196735
258146,1504.2307916359932
258147,1210.5751125668605
258148,755.6822261490214
258149,672.0970610403625
258150,70.57637280322082
258151,444.5824531614516
258152,355.68975156156574
258153,235.50456546110578
258154,186.39909057582332
258155,137.0072596969119
258156,929.7895807286046
258157,752.3819729212208
258158,463.18743695224174
258159,394.02907716005063
258160,167.14290021457882
258161,1086.6141789030892
258162,862.6805303189782
258163,542.6052403951517
258164,470.47080545963075
258165,728.6033065435059
258166,37.09843506366214
258167,7.179660206664516
258168,19.732042716946545
258169,-8.03466313103258
258170,42.38977215582639
258171,40.88768965607987
258172,9.182413392539408
258173,20.96159267262113
258174,-13.598029754999796
258175,-12.102141862870255
258176,55.14809178314231
258177,27.560398818284575
258178,37.47503091258827
258179,5.378425971535014
258180,150.68712833006026
258181,1035.6093278143032
258182,812.911136225389
258183,525.3481189118983
258184,454.9701469992044
258185,322.3055130702382
258186,2037.0014785616916
258187,1614.979099101945
258188,1056.3035109959121
258189,926.6182788841769
258190,373.58687432540603
258191,2407.2335344117655
258192,1922.1533965620015
258193,1216.8796689411517
258194,1079.5817021226883
258195,139.49395172580245
258196,817.396118516265
258197,629.521818411089
258198,435.4804152698707
258199,365.9201263816527
258200,261.1926590859009
258201,1615.7848463645657
258202,1301.9619337551105
258203,847.644417606958
258204,745.1749829352777
258205,296.8338947071816
258206,1910.0316936517856
258207,1565.782255985169
258208,969.0436516865565
258209,858.9614823081478
258210,738.346884557027
258211,612.6637743636986
258212,495.99335552771055
258213,309.79112766245277
258214,250.19175151302997
258215,626.5743932371388
258216,1215.690927230151
258217,993.4309884988378
258218,630.0396500764808
258219,549.4305601111506
258220,313.8344707323897
258221,1447.609158766118
258222,1179.853725444288
258223,731.9947656566898
258224,648.4096005480309
258225,127.76331768354598
258226,637.6417581645788
258227,509.1607429745585
258228,325.34956200931526
258229,265.7501858598923
258230,208.44064586838425
258231,1262.7360321821416
258232,1026.616032347975
258233,654.5713721815259
258234,573.9622822161956
258235,230.98341743196735
258236,1504.2307916359932
258237,1210.5751125668605
258238,755.6822261490214
258239,672.0970610403625
258240,70.57637280322082
258241,444.5824531614516
258242,355.68975156156574
258243,235.50456546110578
258244,186.39909057582332
258245,137.0072596969119
258246,929.7895807286046
258247,752.3819729212208
258248,463.18743695224174
258249,394.02907716005063
258250,167.14290021457882
258251,1086.6141789030892
258252,862.6805303189782
258253,542.6052403951517
258254,470.47080545963075
258255,728.6033065435059
258256,37.09843506366214
258257,7.179660206664516
258258,19.732042716946545
258259,-8.03466313103258
258260,42.38977215582639
258261,40.88768965607987
258262,9.182413392539408
258263,20.96159267262113
258264,-13.598029754999796
258265,-12.102141862870255
258266,55.14809178314231
258267,27.560398818284575
258268,37.47503091258827
258269,5.378425971535014
258270,150.68712833006026
258271,1035.6093278143032
258272,812.911136225389
258273,525.3481189118983
258274,454.9701469992044
258275,322.3055130702382
258276,2037.0014785616916
258277,1614.979099101945
258278,1056.3035109959121
258279,926.6182788841769
258280,373.58687432540603
258281,2407.2335344117655
258282,1922.1533965620015
258283,1216.8796689411517
258284,1079.5817021226883
258285,139.49395172580245
258286,817.396118516265
258287,629.521818411089
258288,435.4804152698707
258289,365.9201263816527
258290,261.1926590859009
258291,1615.7848463645657
258292,1301.9619337551105
258293,847.644417606958
258294,745.1749829352777
258295,296.8338947071816
258296,1910.0316936517856
258297,1565.782255985169
258298,969.0436516865565
258299,858.9614823081478
258300,735.9695142254341
258301,636.81302266223
258302,519.5707691031967
258303,330.5474492216176
258304,277.3272260142117
258305,532.6416052011808
258306,1255.647834162415
258307,1020.2968955263337
258308,660.3050240496101
258309,589.2978691232629
258310,278.78077687823173
258311,1491.9236991898897
258312,1208.4168051918602
258313,776.3403379992521
258314,688.3359318790467
258315,120.66672143704949
258316,668.018997573218
258317,536.3998982234324
258318,345.4873717879812
258319,292.2671485805752
258320,201.49873966323528
258321,1306.7126612963773
258322,1054.9354121207223
258323,684.8367461546551
258324,613.8295912283079
258325,240.52823470256268
258326,1571.1236246312815
258327,1255.883713523222
258328,800.0277984915838
258329,712.0233923713783
258330,74.72019313081455
258331,463.92067744619027
258332,367.06552238650744
258333,248.8307587886917
258334,206.10443684542616
258335,140.41232171676327
258336,956.3268605560661
258337,772.6233637584965
258338,490.31057334586006
258339,428.42757223640626
258340,182.676180392232
258341,1133.2643676716436
258342,897.1078473999078
258343,580.739281767742
258344,501.85902946442917
258345,718.5911854736679
258346,30.465198926104904
258347,-0.23293140979374025
258348,14.77800809772338
258349,-15.597890971247471
258350,49.22299135659222
258351,31.354954867872674
258352,5.481331586075446
258353,25.446829546050218
258354,-13.769905731239998
258355,-5.952285120309564
258356,49.52744000240794
258357,16.41528995367582
258358,40.52316270169571
258359,-5.6569665229836055
258360,159.8618812166792
258361,1069.8133564518373
258362,833.4369583818859
258363,546.8665988315968
258364,484.9122935405301
258365,334.32384635591666
258366,2181.4162473362444
258367,1714.8088795193164
258368,1095.9582391919355
258369,982.271742057433
258370,390.8039471175513
258371,2540.547694499587
258372,2040.0147431595667
258373,1271.6843842124013
258374,1138.5468671072654
258375,150.86198043622406
258376,859.5666319390759
258377,661.5246845460815
258378,458.6273060586425
258379,398.18769858030544
258380,272.36590671087964
258381,1714.3365300480466
258382,1362.9761305854142
258383,893.2157301371395
258384,803.8183244670201
258385,321.90316071261594
258386,2015.7546508724686
258387,1644.752684021758
258388,1030.3258414406382
258389,926.2711707628661
258390,729.1190043201697
258391,668.7327815181235
258392,535.5273394881572
258393,347.892009576429
258394,295.5845266829548
258395,423.98952947691254
258396,1343.1569360051321
258397,1101.739559933624
258398,701.6906254696528
258399,624.3350365801313
258400,265.0222697598704
258401,1601.2768586561408
258402,1310.875272043992
258403,818.1895238841465
258404,729.2757764306631
258405,128.03224522433962
258406,702.9911649058243
258407,556.0443923418339
258408,364.662365601687
258409,312.3548827082128
258410,205.8738378513012
258411,1393.9726395221198
258412,1135.002599045987
258413,726.1418838559149
258414,648.7862949663934
258415,245.52822081230667
258416,1687.316717859847
258417,1361.9174714064707
258418,843.5947851330482
258419,754.6810376795647
258420,86.03369176494884
258421,489.6857278851743
258422,388.60308920078745
258423,259.3005425119978
258424,217.4869608826638
258425,153.34380403695394
258426,998.785239656343
258427,816.0022501344404
258428,511.6977455903751
258429,443.466310517747
258430,195.59595620731926
258431,1178.8944413576469
258432,940.691884316739
258433,602.1620627887506
258434,522.3724691521609
258435,701.5716595474471
258436,38.68824666668288
258437,3.12724614842596
258438,15.506746718587806
258439,-11.844629019440838
258440,78.86173056461513
258441,30.935669916768475
258442,5.982553910638229
258443,25.372777254288756
258444,-18.080608969165553
258445,11.615731116143529
258446,52.448282941205676
258447,18.32066288020648
258448,39.77405391859643
258449,-10.642726252246993
258450,162.59071265187487
258451,1120.1375927570969
258452,891.6514814436175
258453,572.4690012708656
258454,505.5242588051138
258455,328.9538601140877
258456,2302.9101535418076
258457,1793.807930906862
258458,1163.3659241072953
258459,1037.4278155210015
258460,413.393351472846
258461,2677.0892003892313
258462,2146.9822239924156
258463,1377.387328080471
258464,1231.998199523544
258465,153.56730823842918
258466,906.7565085689886
258467,715.7942862741302
258468,479.9599089612841
258469,414.5298643082619
258470,268.9136049435451
258471,1797.3106963259313
258472,1471.283070030218
258473,928.1564008453983
258474,826.5073837234875
258475,325.8901070221374
258476,2133.602240768157
258477,1767.2823673131056
258478,1083.0416285813385
258479,966.7353464517753
258480,697.6589430742631
258481,746.9837311418358
258482,601.950269324455
258483,403.6370457836761
258484,351.20429652982983
258485,316.41213881344163
258486,1518.849152408019
258487,1233.6274989997569
258488,762.558672257046
258489,683.4010618409618
258490,281.0823537898509
258491,1779.8466890133634
258492,1445.8427850232497
258493,908.7621614084859
258494,815.1422447707331
258495,151.23995757392564
258496,780.3658359995813
258497,624.1726094756915
258498,420.60419543558396
258499,368.1714461817376
258500,215.6950678847112
258501,1560.5327958374132
258502,1264.7083504709433
258503,784.6650450921226
258504,708.3102529086813
258505,249.74637225764144
258506,1851.745617756693
258507,1494.7027967445517
258508,931.8225371062019
258509,841.0054387010921
258510,106.87991666259708
258511,555.189388785718
258512,442.6318942038657
258513,285.4946197696681
258514,243.93007565959098
258515,165.8489357153647
258516,1083.5877502386775
258517,887.128900905812
258518,552.4097264455293
258519,485.55339195860927
258520,199.39236835755383
258521,1298.5164809384382
258522,1057.5625251379215
258523,689.1051502686098
258524,607.7865095600225
258525,728.9861934197244
258526,40.832918467812355
258527,9.92799638999398
258528,22.602127912405386
258529,-1.6434541756725218
258530,34.91708563944262
258531,38.0431313982311
258532,15.421276329402351
258533,29.739256675437456
258534,-8.655781029251445
258535,11.296012597673492
258536,62.977173816664305
258537,35.592316394750114
258538,49.6038248797265
258539,4.198001700635579
258540,180.2703775142324
258541,1240.8431284639996
258542,993.6915635113983
258543,636.2165450735123
258544,568.3318872634094
258545,383.63275088975547
258546,2526.9551054492003
258547,1948.5616786430908
258548,1273.34692594418
258549,1133.1345154263145
258550,436.5213020213737
258551,3021.0826543667795
258552,2418.7895871001097
258553,1517.983907196896
258554,1352.8148350008425
258555,164.73674903891606
258556,1002.8597639810208
258557,789.8087975278204
258558,516.3342991426722
258559,449.9643391452979
258560,317.7713770608247
258561,1964.8349656722726
258562,1625.9675470950992
258563,1019.9929868953648
258564,913.7820385072068
258565,350.5712008207969
258566,2342.647607409812
258567,1912.308476240613
258568,1208.6776055370863
258569,1082.3037504337217
258570,736.8259050392841
258571,611.3899161810791
258572,492.44998180256556
258573,306.89446028398123
258574,256.2005535578717
258575,625.0534137193958
258576,1214.4170690475314
258577,987.6920803764917
258578,627.1429826980095
258579,555.4393621559925
258580,310.54317904643074
258581,1444.5649884152826
258582,1172.344505153726
258583,727.3277861100025
258584,652.6480904246569
258585,126.16187444702024
258586,632.9551259236096
258587,502.20459519106396
258588,319.04012057249395
258589,268.3462138463844
258590,205.4969206828351
258591,1252.0701151947474
258592,1011.485065420854
258593,648.2619307447047
258594,576.5583102026877
258595,227.61166202722552
258596,1497.7738472268081
258597,1199.6531182179488
258598,747.6024725439843
258599,672.9227768586387
258600,68.97492956669497
258601,443.22813126004917
258602,352.06591411763804
258603,232.52743436385134
258604,192.32742890188237
258605,134.0635345113628
258606,922.4559740807772
258607,740.5833163336669
258608,460.2103058549873
258609,399.9574154861097
258610,163.77114480983698
258611,1083.489544833471
258612,855.0908463096333
258613,537.8577971296814
258614,474.62883161747385
258615,727.0018633069801
258616,35.744113162259715
258617,6.841831859192059
258618,16.754911619692148
258619,-7.245700043361568
258620,41.763955692528896
258621,39.53336775467747
258622,8.844585045066948
258623,17.98446157536672
258624,-12.809066667328809
258625,-10.422409717809
258626,53.79376988173989
258627,27.222570470812112
258628,34.49789981533387
258629,6.1673890592060285
258630,149.0856850935344
258631,1034.2550059129014
258632,807.1349639262605
258633,522.370987814644
258634,463.979354481021
258635,320.7040698337123
258636,2035.6471566602893
258637,1609.2029268028166
258638,1053.3263798986577
258639,935.6274863659934
258640,371.98543108888015
258641,2405.879212510363
258642,1916.3772242628731
258643,1213.9025378438973
258644,1088.590909604505
258645,137.8925084892766
258646,816.0417966148626
258647,626.4283445547549
258648,432.5032841726163
258649,374.9293338634693
258650,259.59121584937515
258651,1614.4305244631635
258652,1298.8684598987763
258653,844.6672865097037
258654,754.1841904170942
258655,295.23245147065575
258656,1908.6773717503834
258657,1562.6887821288349
258658,966.0665205893022
258659,867.9706897899642
258660,736.4481575340403
258661,611.0121686758354
258662,492.07223429732176
258663,304.8734180054241
258664,255.8228060526276
258665,624.6756662141521
258666,1214.0393215422873
258667,987.3143328712482
258668,621.5288855795542
258669,555.0616146507488
258670,310.1126829107147
258671,1444.1344922795665
258672,1171.91400901801
258673,721.6609403610752
258674,652.217594288941
258675,121.98776687286947
258676,628.7810183494589
258677,498.03048761691275
258678,313.2227182250299
258679,264.17210627223346
258680,198.8744935941635
258681,1245.4476881060757
258682,1004.8626383321828
258683,638.1353132438016
258684,571.6680423149962
258685,220.93648630808175
258686,1491.0986715076644
258687,1192.977942498805
258688,737.4231064126092
258689,667.9797603404751
258690,64.80082199254417
258691,439.05402368589824
258692,347.8918065434871
258693,226.71003201638737
258694,188.1533213277315
258695,127.44110742269132
258696,915.8335469921058
258697,733.9608892449954
258698,450.08368835408413
258699,395.06714759841793
258700,157.09596909069322
258701,1076.8143691143273
258702,848.4156705904898
258703,527.6784309983063
258704,469.68581509931
258705,728.3072301058344
258706,34.957047463775
258707,6.0547661607073415
258708,14.324551147894331
258709,-8.032765741846285
258710,25.383527545125677
258711,38.74630205619275
258712,8.057519346582238
258713,15.389569532162046
258714,-13.59613236581353
258715,-13.54858477325769
258716,52.95395555278306
258717,26.38275614185527
258718,31.85025914165707
258719,5.327574730249193
258720,148.08726898215406
258721,1033.2565898015214
258722,806.1365478148804
258723,517.0036239382101
258724,464.208752407787
258725,319.70565372233193
258726,2034.648740548909
258727,1608.2045106914363
258728,1039.9466264546552
258729,935.8568842927597
258730,370.9342663470277
258731,2404.8280477685103
258732,1915.3260595210209
258733,1200.4700357694228
258734,1088.767558900799
258735,136.89409237789624
258736,815.0433805034825
258737,625.4299284433747
258738,427.1359202961822
258739,375.1587317902353
258740,258.5927997379948
258741,1613.4321083517832
258742,1297.870043787396
258743,831.287533065701
258744,754.4135883438605
258745,294.1812867288033
258746,1907.626207008531
258747,1561.6376173869826
258748,952.6340185148274
258749,868.1473390862584
258750,736.1617460362017
258751,610.7257571779968
258752,494.05533834200844
258753,304.4433579533167
258754,256.56057927319085
258755,624.3892547163135
258756,1213.7529100444488
258757,991.4929713131362
258758,621.0988255274467
258759,555.799387871312
258760,309.8262714128761
258761,1443.848080781728
258762,1176.092647459898
258763,721.2308803089677
258764,652.9553675095042
258765,121.7013553750309
258766,628.4946068516203
258767,500.01359166159943
258768,312.7926581729225
258769,264.9098794927968
258770,198.58808209632494
258771,1245.1612766082371
258772,1009.0412767740708
258773,637.7052531916942
258774,572.4058155355594
258775,220.6500748102432
258776,1490.8122600098259
258777,1197.1565809406932
258778,736.9930463605017
258779,668.7175335610383
258780,64.5144104947056
258781,438.7676121880597
258782,349.8749105881738
258783,226.27997196427998
258784,188.89109454829483
258785,127.15469592485275
258786,915.5471354942672
258787,738.1395276868834
258788,449.6536283019767
258789,395.80492081898126
258790,156.80955759285467
258791,1076.5279576164887
258792,852.5943090323777
258793,527.2483709461989
258794,470.4235883198733
258795,728.0208186079958
258796,34.670635965936434
258797,4.751861108938819
258798,13.894491095786918
258799,-7.294992521282971
258800,25.097116047287116
258801,38.45989055835419
258802,6.754614294813717
258803,14.959509480054633
258804,-12.858359145250217
258805,-13.834996271096252
258806,52.66754405494449
258807,25.07985109008675
258808,31.420199089549655
258809,6.065347950812505
258810,147.80085748431551
258811,1032.9701783036828
258812,810.2719867147679
258813,516.5735638861026
258814,464.94652562835034
258815,319.41924222449336
258816,2034.3623290510704
258817,1612.3399495913238
258818,1039.5165664025478
258819,936.5946575133229
258820,370.6478548491891
258821,2404.541636270672
258822,1919.4614984209084
258823,1200.0399757173154
258824,1089.5053321213622
258825,136.6076808800577
258826,814.7569690056439
258827,626.8826689004679
258828,426.70586024407476
258829,375.89650501079865
258830,258.30638824015625
258831,1613.1456968539446
258832,1299.3227842444894
258833,830.8574730135936
258834,755.1513615644237
258835,293.8948752309647
258836,1907.3397955106925
258837,1563.090357844076
258838,952.2039584627199
258839,868.8851123068216
258840,735.5063799936138
258841,610.9997781087352
258842,491.6128872979806
258843,303.7059782125519
258844,255.82319953242606
258845,623.7338886737256
258846,1214.0269309751873
258847,986.3798931456049
258848,620.3614457866819
258849,555.0620081305472
258850,309.1709053702882
258851,1444.1221017124665
258852,1170.979569292367
258853,720.4935005682029
258854,652.2179877687394
258855,121.04598933244299
258856,628.7686277823587
258857,497.57114061757153
258858,312.05527843215765
258859,264.17249975203197
258860,197.93271605373704
258861,1245.4352975389756
258862,1003.9281986065395
258863,636.9678734509293
258864,571.6684357947946
258865,219.9947087676553
258866,1491.0862809405644
258867,1192.0435027731621
258868,736.2556666197369
258869,667.9801538202735
258870,63.859044452117715
258871,439.04163311879813
258872,347.4324595441459
258873,225.54259222351516
258874,188.15371480753
258875,126.49932988226486
258876,915.8211564250056
258877,733.0264495193521
258878,448.9162485612119
258879,395.06754107821644
258880,156.15419155026677
258881,1076.8019785472272
258882,847.4812308648465
258883,526.510991205434
258884,469.6862085791085
258885,728.677421604807
258886,36.25662593607397
258887,3.6213791043099635
258888,14.46908039442115
258889,-6.720403222648741
258890,29.687328648160438
258891,40.04588052849172
258892,9.050569952113637
258893,15.534098778688865
258894,-12.283769846615984
258895,-13.178393274285103
258896,54.25353402508203
258897,27.37580674738667
258898,31.994788388183892
258899,6.63993724944674
258900,148.45746048112665
258901,1034.5561682738203
258902,809.1415047101391
258903,517.148153184737
258904,465.5211149269845
258905,320.07584522130446
258906,2035.948319021208
258907,1608.0643174995214
258908,1040.091155701182
258909,937.1692468119572
258910,371.3044578460002
258911,2406.127626240809
258912,1915.185866329106
258913,1200.6145650159497
258914,1090.0799214199965
258915,137.26428387686883
258916,820.5224770797357
258917,625.7521868958391
258918,427.28044954270894
258919,376.47109430943283
258920,258.96299123696747
258921,1618.9112049280363
258922,1295.047152152687
258923,831.4320623122279
258924,755.7259508630581
258925,294.5514782277758
258926,1913.1053035847842
258927,1558.8147257522735
258928,952.7785477613543
258929,869.459701605456
258930,734.0549882305514
258931,636.0750049757971
258932,516.1162794419974
258933,325.38827834024744
258934,280.2521451615676
258935,530.7270792062981
258936,1254.9098164759819
258937,1014.1717787416308
258938,651.5527983283417
258939,592.2227882706188
258940,275.0431900846609
258941,1489.3626207047687
258942,1200.4686276084697
258943,765.7650514792957
258944,689.4377902277146
258945,114.87537165447712
258946,660.0718457595285
258947,525.7362744349765
258948,333.1190667793543
258949,287.9829336006744
258950,192.63323691176262
258951,1293.1646859303773
258952,1036.0003376564528
258953,668.1592259925892
258954,608.8292159348663
258955,230.4655046067813
258956,1556.72849536266
258957,1236.101485156331
258958,781.5272175308298
258959,705.1999562792487
258960,68.92884334824208
258961,459.3058359720675
258962,359.7342089376183
258963,239.79476411963176
258964,205.15253220509226
258965,131.54681896529075
258966,946.1111955296329
258967,757.0205996337936
258968,476.9653635233609
258969,426.7595072825315
258970,172.61345029645062
258971,1124.3781458843123
258972,882.8345265143066
258973,565.571011146555
258974,498.36790371186635
258975,719.5912791034996
258976,30.549368367047407
258977,-2.865233943617633
258978,10.441024343728634
258979,-11.850784696516163
258980,35.50350222774526
258981,31.439124308815177
258982,6.275466714180331
258983,20.94531422064863
258984,-10.02279945650869
258985,-9.383733344780854
258986,49.558860812878336
258987,17.156676451308588
258988,35.968898745821996
258989,-1.9626088787243934
258990,158.55819193627624
258991,1069.6861754798842
258992,830.5933054351666
258993,539.5926116729661
258994,489.6758634405121
258995,333.0201570755136
258996,2181.289066364291
258997,1708.8200764854234
258998,1080.671862465736
258999,987.0353119574154
259000,389.44750920667616
259001,2540.3677648971616
259002,2033.9731914952013
259003,1256.3452588557298
259004,1143.2576883767754
259005,149.5582911558211
259006,863.6189690710772
259007,658.6810315993622
259008,451.3533189000114
259009,402.95126848028747
259010,271.0622174304766
259011,1718.3888671800478
259012,1356.9873275515213
259013,877.92935341094
259014,808.5818943670024
259015,320.5467228017408
259016,2019.7542393739977
259017,1638.711132357393
259018,1014.9867160839667
259019,930.9819920323762
259020,728.3912911426448
259021,667.7520882763255
259022,531.8301742715928
259023,342.2762988025722
259024,299.14283376890097
259025,423.2618162993875
259026,1342.176242763334
259027,1095.3717675935561
259028,692.4818598558979
259029,627.8933436660776
259030,263.21931009319036
259031,1599.2209189251876
259032,1303.4322332147692
259033,807.9055117812367
259034,731.7588370274544
259035,123.50817197790772
259036,694.8818012555525
259037,545.2185567167958
259038,351.91798441935634
259039,308.78451938568514
259040,198.9014450903485
259041,1383.4149563573271
259042,1119.0578167829246
259043,709.0882875201454
259044,644.4997713303251
259045,237.4805815621989
259046,1673.507191064176
259047,1342.72084551253
259048,825.4659423081237
259049,749.3192675543414
259050,81.50961851851699
259051,484.90867457446916
259052,381.10956391531596
259053,249.88847166923398
259054,217.248907899703
259055,146.37141127600123
259056,991.5598668311173
259057,803.389778210945
259058,497.97645959417224
259059,442.51209722124537
259060,187.54831695721148
259061,1170.593822043266
259062,927.0041659040886
259063,587.365530303393
259064,520.3430093665045
259065,703.8390297134194
259066,38.61020427104304
259067,0.3327317780197275
259068,16.28361695010129
259069,-7.383671087336369
259070,70.23513523045784
259071,30.857627521128638
259072,6.61447720216078
259073,25.98511591439539
259074,-13.619651037061091
259075,9.451559427812803
259076,52.31749191509372
259077,18.899837541256904
259078,40.33364394823094
259079,-6.234516950614642
259080,162.55429990761246
259081,1119.8481999485614
259082,888.6456166603159
259083,562.5647477030371
259084,514.6506676155925
259085,328.91744736982525
259086,2302.620760733272
259087,1787.6569160363867
259088,1145.4492809718981
259089,1046.5542243314796
259090,413.30419009811146
259091,2676.7470589502236
259092,2140.7784604914677
259093,1359.4179363146018
259094,1241.07185970355
259095,153.53089549416677
259096,910.6466338644076
259097,712.7884214908286
259098,470.05565539345514
259099,423.6562731187398
259100,268.87719219928266
259101,1801.20082162135
259102,1465.1320551597425
259103,910.239757710001
259104,835.6337925339659
259105,325.80094564740284
259106,2137.4396174331036
259107,1761.0786038121582
259108,1065.0722368154693
259109,975.8090066317816
259110,696.9312298967383
259111,746.0030379000378
259112,598.2531041078906
259113,398.0213350098193
259114,354.762603615776
259115,307.87148039295306
259116,1517.8684591662209
259117,1227.259706659689
259118,753.3499066432912
259119,686.9593689269082
259120,279.72813410984827
259121,1778.2394892690877
259122,1438.8484861807044
259123,898.9268892922535
259124,818.0740453542019
259125,146.71588432749368
259126,772.2564723493095
259127,613.3467738506533
259128,407.8598142532533
259129,364.60108285920995
259130,208.72267512375848
259131,1549.9751126726205
259132,1248.763568207881
259133,767.6114487563531
259134,704.023729272613
259135,242.14747299421114
259136,1838.3848309476996
259137,1475.9549108372887
259138,914.1424342679549
259139,836.0924085625462
259140,102.35584341616523
259141,550.4123354750132
259142,435.13836891839424
259143,276.08254892690434
259144,243.6920226766302
259145,158.87654295441197
259146,1076.3623774134517
259147,874.5164289823166
259148,538.6884404493267
259149,484.59917866210765
259150,191.79346909412354
259151,1290.664601610735
259152,1044.3235467119487
259153,674.7573577699296
259154,606.2057897610435
259155,731.2535635856967
259156,40.754876072172515
259157,7.133482019587745
259158,23.378998143918885
259159,2.8175037564319396
259160,23.432270463219584
259161,37.96508900259123
259162,16.05319962092489
259163,30.351595335544094
259164,-4.194823097146977
259165,9.131840909342758
259166,62.84638279055235
259167,36.17149105580054
259168,50.16341490936101
259169,8.606211002267926
259170,180.23396476997
259171,1240.5537356554642
259172,990.6856987280964
259173,626.3122915056838
259174,577.4582960738878
259175,383.596338145493
259176,2526.665712640665
259177,1942.410663772615
259178,1255.4302828087827
259179,1142.2609242367926
259180,436.43214064663914
259181,3020.7405129277718
259182,2412.585823599162
259183,1500.014515431027
259184,1361.8884951808486
259185,164.70033629465365
259186,1006.7498892764398
259187,786.8029327445188
259188,506.4300455748431
259189,459.09074795577584
259190,317.73496431656224
259191,1968.7250909676914
259192,1619.8165322246239
259193,1002.0763437599675
259194,922.9084473176853
259195,350.48203944606234
259196,2346.4849840747584
259197,1906.1047127396655
259198,1190.708213771217
259199,1091.3774106137278
259200,735.7927914914524
259201,611.2861896065738
259202,489.6297832532939
259203,304.1360382646593
259204,258.4576305670436
259205,593.6511304996374
259206,1214.5614762937473
259207,982.4493885244384
259208,618.0518960662549
259209,557.6964391651647
259210,309.4573168681268
259211,1444.408513210305
259212,1166.8009308504788
259213,718.1839508477759
259214,654.852418803357
259215,121.33240083028156
259216,629.0550392801973
259217,495.58803657288485
259218,312.48533848426507
259219,266.80693078664945
259220,198.2191275515756
259221,1245.7217090368142
259222,999.7495601646515
259223,634.6583237305024
259224,574.3028668294122
259225,220.28112026549385
259226,1491.372692438403
259227,1187.864864331274
259228,733.9461168993099
259229,670.6145848548911
259230,64.14545594995627
259231,439.3280446166367
259232,345.4493554994592
259233,225.97265227562255
259234,190.78814584214746
259235,126.78574138010343
259236,916.1075679228442
259237,728.8478110774641
259238,446.6066988407848
259239,397.7019721128339
259240,156.44060304810532
259241,1077.0883900450658
259242,843.3025924229585
259243,524.2014414850071
259244,472.320639613726
259245,728.9638331026456
259246,36.54303743391254
259247,4.924284156078485
259248,14.899140446528563
259249,-4.085972188031249
259250,29.973740145999
259251,40.33229202633029
259252,10.353475003882158
259253,13.22454905826178
259254,-9.649338811998485
259255,-12.891981776446542
259256,54.5399455229206
259257,28.67871179915519
259258,29.685238667756813
259259,9.27436828406423
259260,148.7438719789652
259261,1034.8425797716588
259262,805.0060658102516
259263,517.5782132368445
259264,468.155545961602
259265,320.36225671914303
259266,2036.2347305190465
259267,1603.928878599634
259268,1037.7816059807549
259269,939.8036778465748
259270,371.5908693438388
259271,2406.4140377386475
259272,1911.0504274292184
259273,1198.3050152955225
259274,1092.714352454614
259275,137.55069537470737
259276,820.8088885775743
259277,624.2994464387459
259278,427.71050959481636
259279,379.1055253440503
259280,259.24940273480604
259281,1619.197616425875
259282,1293.5944116955936
259283,829.122512591801
259284,758.3603818976757
259285,294.8378897256144
259286,1913.3917150826228
259287,1557.3619852951801
259288,950.4689980409273
259289,872.0941326400736
259290,735.7927914914524
259291,611.2861896065738
259292,489.6297832532939
259293,304.1360382646593
259294,258.4576305670436
259295,533.6451633251662
259296,1214.6899536961157
259297,982.5778659268067
259298,618.0518960662549
259299,557.6964391651647
259300,309.4573168681268
259301,1444.408513210305
259302,1166.8009308504788
259303,718.1839508477759
259304,654.852418803357
259305,121.33240083028156
259306,629.0550392801973
259307,495.58803657288485
259308,312.48533848426507
259309,266.80693078664945
259310,198.2191275515756
259311,1245.7217090368142
259312,999.7495601646515
259313,634.6583237305024
259314,574.3028668294122
259315,220.28112026549385
259316,1491.372692438403
259317,1187.864864331274
259318,733.9461168993099
259319,670.6145848548911
259320,64.14545594995627
259321,439.3280446166367
259322,345.4493554994592
259323,225.97265227562255
259324,190.78814584214746
259325,126.78574138010343
259326,916.1075679228442
259327,728.8478110774641
259328,446.6066988407848
259329,397.7019721128339
259330,156.44060304810532
259331,1077.0883900450658
259332,843.3025924229585
259333,524.2014414850071
259334,472.320639613726
259335,728.9638331026456
259336,36.54303743391254
259337,4.924284156078485
259338,14.899140446528563
259339,-4.085972188031249
259340,29.973740145999
259341,40.33229202633029
259342,10.353475003882158
259343,13.22454905826178
259344,-9.649338811998485
259345,-12.891981776446542
259346,54.5399455229206
259347,28.67871179915519
259348,29.685238667756813
259349,9.27436828406423
259350,148.7438719789652
259351,1034.8425797716588
259352,805.0060658102516
259353,517.5782132368445
259354,468.155545961602
259355,320.36225671914303
259356,2036.2347305190465
259357,1603.928878599634
259358,1037.7816059807549
259359,939.8036778465748
259360,371.5908693438388
259361,2406.4140377386475
259362,1911.0504274292184
259363,1198.3050152955225
259364,1092.714352454614
259365,137.55069537470737
259366,820.8088885775743
259367,624.2994464387459
259368,427.71050959481636
259369,379.1055253440503
259370,259.24940273480604
259371,1619.197616425875
259372,1293.5944116955936
259373,829.122512591801
259374,758.3603818976757
259375,294.8378897256144
259376,1913.3917150826228
259377,1557.3619852951801
259378,950.4689980409273
259379,872.0941326400736
259380,736.1876092963334
259381,611.6810074114549
259382,492.29411660070014
259383,304.3872075152714
259384,258.7087998176557
259385,534.0399811300473
259386,1215.0847715009966
259387,987.4377336714143
259388,618.3030653168671
259389,557.9476084157769
259390,309.85213467300775
259391,1444.803331015186
259392,1171.6607985950864
259393,718.4351200983881
259394,655.1035880539691
259395,121.72721863516254
259396,629.4498570850784
259397,498.2523699202911
259398,312.7365077348772
259399,267.05810003726157
259400,198.61394535645664
259401,1246.116526841695
259402,1004.6094279092591
259403,634.9094929811146
259404,574.5540360800244
259405,220.6759380703749
259406,1491.7675102432838
259407,1192.7247320758815
259408,734.1972861499221
259409,670.8657541055032
259410,64.54027375483727
259411,439.7228624215177
259412,348.11368884686544
259413,226.22382152623476
259414,191.03931509275967
259415,127.18055918498442
259416,916.5023857277253
259417,733.7076788220718
259418,446.85786809139694
259419,397.95314136344604
259420,156.83542085298637
259421,1077.4832078499467
259422,848.1624601675661
259423,524.4526107356193
259424,472.5718088643381
259425,728.3640354609091
259426,35.94323979217612
259427,3.3079929604121157
259428,14.155694250523306
259429,-4.829418384036506
259430,29.373942504262594
259431,39.73249438459388
259432,8.737183808215793
259433,12.481102862256524
259434,-10.392785008003742
259435,-13.49177941818295
259436,53.94014788118419
259437,27.062420603488825
259438,28.94179247175155
259439,8.530922088058972
259440,148.14407433722883
259441,1034.2427821299225
259442,808.8281185662412
259443,516.8347670408391
259444,467.41209976559674
259445,319.7624590774066
259446,2035.6349328773101
259447,1607.7509313556236
259448,1037.0381597847497
259449,939.0602316505694
259450,370.9910717021024
259451,2405.8142400969114
259452,1914.8724801852081
259453,1197.5615690995173
259454,1091.970906258609
259455,136.95089773297101
259456,820.2090909358378
259457,625.4388007519412
259458,426.9670633988111
259459,378.36207914804504
259460,258.6496050930696
259461,1618.5978187841386
259462,1294.7337660087892
259463,828.3790663957956
259464,757.6169357016703
259465,294.238092083878
259466,1912.7919174408864
259467,1558.5013396083757
259468,949.7255518449219
259469,871.3506864440682
259470,736.143253843753
259471,611.6366519588744
259472,488.3662118333252
259473,303.73133893597645
259474,260.1386740573918
259475,512.310783139714
259476,1214.5553904001804
259477,983.024803255804
259478,617.6471967375721
259479,559.377482655513
259480,309.80777922042734
259481,1444.7589755626054
259482,1167.7328938277117
259483,717.7792515190931
259484,656.5334622937052
259485,121.68286318258212
259486,629.4055016324979
259487,494.32446515291645
259488,312.0806391555822
259489,268.48797427699765
259490,198.56958990387622
259491,1246.0721713891146
259492,1000.6815231418846
259493,634.2536244018196
259494,575.9839103197604
259495,220.6315826177945
259496,1491.7231547907033
259497,1188.7968273085069
259498,733.5414175706271
259499,672.2956283452393
259500,64.49591830225684
259501,439.67850696893726
259502,344.1857840794908
259503,225.56795294693978
259504,192.46918933249572
259505,127.13620373240398
259506,916.4580302751448
259507,729.7797740546972
259508,446.20199951210196
259509,399.3830156031821
259510,156.79106540040596
259511,1077.4388523973662
259512,844.2345554001915
259513,523.7967421563243
259514,474.0016831040742
259515,728.3640354609091
259516,35.94323979217612
259517,3.3079929604121157
259518,14.155694250523306
259519,-4.829418384036506
259520,29.373942504262594
259521,39.73249438459388
259522,8.737183808215793
259523,12.481102862256524
259524,-10.392785008003742
259525,-13.49177941818295
259526,53.94014788118419
259527,27.062420603488825
259528,28.94179247175155
259529,8.530922088058972
259530,148.14407433722883
259531,1034.2427821299225
259532,808.8281185662412
259533,516.8347670408391
259534,467.41209976559674
259535,319.7624590774066
259536,2035.6349328773101
259537,1607.7509313556236
259538,1037.0381597847497
259539,939.0602316505694
259540,370.9910717021024
259541,2405.8142400969114
259542,1914.8724801852081
259543,1197.5615690995173
259544,1091.970906258609
259545,136.95089773297101
259546,820.2090909358378
259547,625.4388007519412
259548,426.9670633988111
259549,378.36207914804504
259550,258.6496050930696
259551,1618.5978187841386
259552,1294.7337660087892
259553,828.3790663957956
259554,757.6169357016703
259555,294.238092083878
259556,1912.7919174408864
259557,1558.5013396083757
259558,949.7255518449219
259559,871.3506864440682
259560,735.138893114745
259561,636.7118788259363
259562,512.8696039773425
259563,325.413639063672
259564,287.3955359698732
259565,452.9042468349548
259566,1255.438275900975
259567,1010.8166888518296
259568,651.5781590517664
259569,599.3661790789245
259570,271.11631911999604
259571,1489.9994945549076
259572,1197.2219521438144
259573,765.7904122027204
259574,696.5811810360202
259575,115.51224550461625
259576,660.7087196096677
259577,522.4895989703216
259578,333.14442750277885
259579,295.12632440898
259580,193.2701107619018
259581,1293.8015597805163
259582,1032.7536621917975
259583,668.1845867160139
259584,615.9726067431719
259585,231.1023784569205
259586,1557.365369212799
259587,1232.8548096916757
259588,781.5525782542545
259589,712.3433470875543
259590,69.56571719838121
259591,459.9427098222066
259592,356.4875334729632
259593,239.8201248430564
259594,212.29592301339784
259595,132.1836928154299
259596,946.7480693797721
259597,753.7739241691387
259598,476.9907242467855
259599,433.9028980908371
259600,173.2503241465898
259601,1125.0150197344512
259602,879.5878510496517
259603,565.5963718699796
259604,505.51129452017193
259605,719.2778929596017
259606,30.23598222314956
259607,-3.178620087515477
259608,10.12763819983079
259609,-7.131883574564032
259610,41.56804084840995
259611,31.12573816491733
259612,5.962080570282484
259613,20.631928076750782
259614,-5.303898334556556
259615,-9.697119488678698
259616,49.24547466898049
259617,16.843290307410744
259618,35.65551260192415
259619,2.7562922432277306
259620,158.24480579237843
259621,1069.3727893359865
259622,830.2799192912687
259623,539.2792255290682
259624,494.3947645624642
259625,332.7067709316158
259626,2180.9756802203933
259627,1708.5066903415257
259628,1080.3584763218382
259629,991.7542130793674
259630,389.1341230627783
259631,2540.054378753264
259632,2033.6598053513035
259633,1256.031872711832
259634,1147.976589498728
259635,149.2449050119233
259636,863.3055829271793
259637,658.3676454554643
259638,451.03993275611356
259639,407.6701696022396
259640,270.74883128657876
259641,1718.07548103615
259642,1356.6739414076235
259643,877.6159672670422
259644,813.3007954889545
259645,320.233336657843
259646,2019.4408532301
259647,1638.397746213495
259648,1014.6733299400688
259649,935.7008931543282
259650,729.4751960268384
259651,668.3889621264647
259652,528.5834988069379
259653,342.3016595259968
259654,304.0818535946965
259655,361.6800654774056
259656,1342.704702188327
259657,1092.016677703755
259658,692.5072205793226
259659,632.8323634918731
259660,259.2924391285255
259661,1599.8577927753265
259662,1300.185557750114
259663,807.9308725046614
259664,736.69785685325
259665,124.14504582804686
259666,695.5186751056917
259667,541.9718812521409
259668,351.9433451427809
259669,313.72353921148067
259670,199.53831894048767
259671,1384.051830207466
259672,1115.8111413182694
259673,709.1136482435701
259674,649.4387911561206
259675,238.11745541233807
259676,1674.1440649143149
259677,1339.4741700478748
259678,825.4913030315483
259679,754.258287380137
259680,82.14649236865611
259681,485.5455484246083
259682,377.8628884506609
259683,249.9138323926586
259684,222.18792772549853
259685,147.0082851261404
259686,992.1967406812565
259687,800.1431027462901
259688,498.0018203175968
259689,447.4511170470409
259690,188.18519080735066
259691,1171.230695893405
259692,923.7574904394337
259693,587.3908910268177
259694,525.2820291923
259695,703.5256435695215
259696,38.29681812714518
259697,0.019345634121882574
259698,15.970230806203448
259699,-4.8691409478943175
259700,69.92174908656
259701,30.54424137723079
259702,6.301091058262934
259703,25.671729770497542
259704,-11.105120897619031
259705,9.138173283914956
259706,52.004105771195874
259707,18.58645139735906
259708,40.0202578043331
259709,-3.719986811172592
259710,162.24091376371464
259711,1119.5348138046636
259712,888.332230516418
259713,562.2513615591392
259714,517.1651977550349
259715,328.6040612259274
259716,2302.3073745893744
259717,1787.343529892489
259718,1145.1358948280003
259719,1049.068754470922
259720,412.9908039542136
259721,2676.433672806326
259722,2140.46507434757
259723,1359.104550170704
259724,1243.5863898429923
259725,153.21750935026895
259726,910.3332477205097
259727,712.4750353469307
259728,469.7422692495573
259729,426.1708032581819
259730,268.5638060553848
259731,1800.8874354774523
259732,1464.8186690158448
259733,909.9263715661031
259734,838.1483226734078
259735,325.487559503505
259736,2137.126231289206
259737,1760.7652176682604
259738,1064.7588506715715
259739,978.3235367712235
259740,697.1767386935354
259741,745.8015156627806
259742,594.1680325558393
259743,394.73826757564694
259744,360.0088458610178
259745,253.26427872653807
259746,1517.558522503817
259747,1223.066220682491
259748,750.066839209119
259749,692.2056111721502
259750,274.96286705778675
259751,1778.0379670318296
259752,1434.763414628652
259753,895.6438218580813
259754,823.3202875994439
259755,146.51436209023606
259756,772.0549501120523
259757,609.261702298602
259758,404.57674681908094
259759,369.8473251044517
259760,208.52115288650086
259761,1549.7735904353624
259762,1244.6784966558287
259763,764.3283813221809
259764,709.269971517855
259765,241.94595075695352
259766,1838.1833087104415
259767,1471.8698392852364
259768,910.8593668337827
259769,841.3386508077882
259770,102.15432117890758
259771,550.2108132377559
259772,431.0532973663425
259773,272.79948149273196
259774,248.93826492187188
259775,158.67502071715435
259776,1076.1608551761935
259777,870.4313574302653
259778,535.4053730151545
259779,489.8454209073494
259780,191.59194685686592
259781,1290.4630793734768
259782,1040.2384751598963
259783,671.4742903357575
259784,611.4520320062855
259785,733.1682902760176
259786,39.95227180087938
259787,6.330877748294603
259788,20.1063618024254
259789,5.9884342753216195
259790,31.212986244224403
259791,37.16248473129809
259792,15.250595349631746
259793,27.078958994050613
259794,-1.0238925782573025
259795,11.046567599663444
259796,62.043778519259206
259797,35.36888678450739
259798,46.89077856786754
259799,11.777141521157606
259800,178.92266272159728
259801,1239.2424336070912
259802,989.3743966797235
259803,622.5309573871109
259804,580.1205288156981
259805,381.491925570495
259806,2524.561300065667
259807,1940.3062511976168
259808,1250.8558381635842
259809,1144.1300464519775
259810,430.3300949905555
259811,3018.8238301157107
259812,2410.669140787101
259813,1495.627800548765
259814,1363.9453471589702
259815,163.38903424628094
259816,1005.4385872280674
259817,785.4916306961463
259818,502.64871145627023
259819,461.75298069758605
259820,315.63055174156426
259821,1966.6206783926932
259822,1617.7121196496257
259823,997.5018991147691
259824,924.7775695328701
259825,344.3799937899787
259826,2344.5683012626973
259827,1904.188029927604
259828,1186.3214988889551
259829,1093.4342625918493
259830,736.0383002882495
259831,611.0846673693165
259832,485.54471170124214
259833,300.8529708304869
259834,260.8759565289455
259835,495.03960523365134
259836,1214.4884314588576
259837,978.4927943747554
259838,614.7688286320829
259839,560.1147651270669
259840,304.69204981606526
259841,1444.206990973047
259842,1162.7158592984265
259843,714.9008834136037
259844,657.2707447652591
259845,121.13087859302387
259846,628.8563013997605
259847,491.5057493776536
259848,309.205055406913
259849,269.22804110537163
259850,198.017605314318
259851,1245.5229711563763
259852,995.6672729694205
259853,631.3780406531507
259854,576.7239771481347
259855,220.07959802823623
259856,1491.173954557965
259857,1183.782577136042
259858,730.6658338219582
259859,673.0356951736136
259860,63.94393371269869
259861,439.1265223793792
259862,341.3642839474075
259863,222.68958484145006
259864,193.20647180404927
259865,126.58421914284578
259866,915.906045685587
259867,724.7627395254128
259868,443.32363140661244
259869,400.1202980747358
259870,156.2390808108477
259871,1076.8868678078077
259872,839.2175208709072
259873,520.9183740508349
259874,474.73896557562784
259875,730.8785597929665
259876,35.74043316261939
259877,4.121679884785343
259878,11.626504105035085
259879,-3.7429579524814667
259880,47.715731314897866
259881,39.529687755037145
259882,9.55087073258902
259883,9.951912716768316
259884,-9.306324576448707
259885,-10.977255086125858
259886,53.737341251627456
259887,27.87610752786205
259888,26.41260232626333
259889,9.617382519614013
259890,147.43256993059248
259891,1033.5312777232864
259892,803.6947637618791
259893,513.7968791182715
259894,467.9898624200723
259895,318.25784414414505
259896,2034.1303179440483
259897,1601.8244660246357
259898,1033.2071613355563
259899,938.8448837784198
259900,365.48882368775514
259901,2404.4973549265865
259902,1909.133744617157
259903,1193.9183004132606
259904,1091.9432881493956
259905,136.23939332633466
259906,819.4975865292018
259907,622.9881443903735
259908,423.9291754762435
259909,378.9398418025206
259910,257.1449901598079
259911,1617.0932038508768
259912,1291.4899991205955
259913,824.5480679466026
259914,757.4015878295206
259915,288.73584406953074
259916,1911.4750322705613
259917,1555.4453024831187
259918,946.0822831586661
259919,871.3230683348556
259920,736.0383002882495
259921,611.0846673693165
259922,485.54471170124214
259923,300.8529708304869
259924,260.8759565289455
259925,495.03960523365134
259926,1214.4884314588576
259927,978.4927943747554
259928,614.7688286320829
259929,560.1147651270669
259930,304.69204981606526
259931,1444.206990973047
259932,1162.7158592984265
259933,714.9008834136037
259934,657.2707447652591
259935,121.13087859302387
259936,628.8563013997605
259937,491.5057493776536
259938,309.205055406913
259939,269.22804110537163
259940,198.017605314318
259941,1245.5229711563763
259942,995.6672729694205
259943,631.3780406531507
259944,576.7239771481347
259945,220.07959802823623
259946,1491.173954557965
259947,1183.782577136042
259948,730.6658338219582
259949,673.0356951736136
259950,63.94393371269869
259951,439.1265223793792
259952,341.3642839474075
259953,222.68958484145006
259954,193.20647180404927
259955,126.58421914284578
259956,915.906045685587
259957,724.7627395254128
259958,443.32363140661244
259959,400.1202980747358
259960,156.2390808108477
259961,1076.8868678078077
259962,839.2175208709072
259963,520.9183740508349
259964,474.73896557562784
259965,730.8785597929665
259966,35.74043316261939
259967,4.121679884785343
259968,11.626504105035085
259969,-3.7429579524814667
259970,47.715731314897866
259971,39.529687755037145
259972,9.55087073258902
259973,9.951912716768316
259974,-9.306324576448707
259975,-10.977255086125858
259976,53.737341251627456
259977,27.87610752786205
259978,26.41260232626333
259979,9.617382519614013
259980,147.43256993059248
259981,1033.5312777232864
259982,803.6947637618791
259983,513.7968791182715
259984,467.9898624200723
259985,318.25784414414505
259986,2034.1303179440483
259987,1601.8244660246357
259988,1033.2071613355563
259989,938.8448837784198
259990,365.48882368775514
259991,2404.4973549265865
259992,1909.133744617157
259993,1193.9183004132606
259994,1091.9432881493956
259995,136.23939332633466
259996,819.4975865292018
259997,622.9881443903735
259998,423.9291754762435
259999,378.9398418025206
260000,257.1449901598079
260001,1617.0932038508768
260002,1291.4899991205955
260003,824.5480679466026
260004,757.4015878295206
260005,288.73584406953074
260006,1911.4750322705613
260007,1555.4453024831187
260008,946.0822831586661
260009,871.3230683348556
260010,735.7429709469586
260011,610.7893380280257
260012,480.46900205620335
260013,295.86426931542246
260014,264.76709819649096
260015,494.7595643957583
260016,1214.208390620964
260017,975.6279076303156
260018,609.795415620416
260019,564.02119529801
260020,304.1376043945103
260021,1443.6525455514916
260022,1159.5765679703247
260023,709.6530658182749
260024,660.9027703525402
260025,121.83018398935579
260026,629.5556067960924
260027,487.42467447023756
260028,305.2109886294713
260029,274.11381751053983
260030,198.73219921404768
260031,1246.2375650561057
260032,993.7970209626035
260033,627.3992623791066
260034,581.6250420567006
260035,220.519787344304
260036,1491.6141438740326
260037,1181.637920545563
260038,726.4126509642521
260039,677.6623554985175
260040,64.64323910903062
260041,439.82582777571116
260042,337.2832090399917
260043,218.69551806400835
260044,198.09224820921747
260045,127.29881304257543
260046,916.6206395853167
260047,722.8924875185961
260048,439.34485313256846
260049,405.02136298330174
260050,156.67927012691547
260051,1077.3270571238752
260052,837.0728642804285
260053,516.6651911931289
260054,479.36562590053177
260055,724.4282832938096
260056,37.24669817242216
260057,-2.4384445056148745
260058,7.140981104877203
260059,0.6513622299705765
260060,48.43032521462752
260061,40.24428165476683
260062,2.1990752321157028
260063,5.973134442724271
260064,-4.405259667882829
260065,-5.093569375028689
260066,54.17753056769517
260067,20.24990744372678
260068,22.159419468557342
260069,14.244042844517947
260070,149.34749633942593
260071,1038.3698175915033
260072,805.9052581815496
260073,511.11585805721563
260074,474.18868454162657
260075,318.9724380438748
260076,2034.8449118437777
260077,1599.911014475818
260078,1029.228383061512
260079,943.7459486869857
260080,364.926825361108
260081,2403.9353565999395
260082,1905.9437008419625
260083,1188.6629299128394
260084,1095.5677608315846
260085,138.15431973516812
260086,820.2461857589095
260087,618.42599972874
260088,419.98440253217746
260089,383.8749120410645
260090,257.8595840595376
260091,1617.8077977506061
260092,1286.8938491289837
260093,820.5692896725585
260094,762.3026527380865
260095,288.1738457428836
260096,1910.913033943914
260097,1549.57256026513
260098,940.8269126582452
260099,874.9475410170447
260100,735.7429709469586
260101,610.7893380280257
260102,480.46900205620335
260103,295.86426931542246
260104,264.76709819649096
260105,473.0747218580054
260106,1213.7233649727284
260107,975.1428819820799
260108,609.795415620416
260109,564.02119529801
260110,304.1376043945103
260111,1443.6525455514916
260112,1159.5765679703247
260113,709.6530658182749
260114,660.9027703525402
260115,121.10188864553659
260116,628.8273114522732
260117,486.6963791264184
260118,304.4826932856521
260119,273.38552216672065
260120,198.00390387022847
260121,1245.5092697122864
260122,993.0687256187842
260123,626.6709670352874
260124,580.8967467128814
260125,219.7914920004848
260126,1490.8858485302133
260127,1180.9096252017437
260128,725.6843556204328
260129,676.9340601546983
260130,63.914943765211405
260131,439.097532431892
260132,336.5549136961725
260133,217.96722272018914
260134,197.36395286539826
260135,126.57051769875623
260136,915.8923442414974
260137,722.1641921747769
260138,438.6165577887493
260139,404.29306763948256
260140,155.95097478309626
260141,1076.5987617800558
260142,836.3445689366092
260143,515.9368958493096
260144,478.6373305567126
260145,723.6999879499904
260146,36.51840282860295
260147,-3.1667398494340793
260148,6.412685761057998
260149,-0.07693311384862841
260150,47.70202987080832
260151,39.515986310947625
260152,1.4707798882964978
260153,5.244839098905066
260154,-5.133555011702034
260155,-5.821864718847894
260156,53.44923522387597
260157,19.52161209990758
260158,21.43112412473814
260159,13.515747500698742
260160,148.61920099560672
260161,1037.641522247684
260162,805.1769628377303
260163,510.38756271339645
260164,473.4603891978074
260165,318.2441427000556
260166,2034.1166164999584
260167,1599.1827191319987
260168,1028.5000877176926
260169,943.0176533431664
260170,364.1985300172888
260171,2403.2070612561206
260172,1905.2154054981431
260173,1187.93463456902
260174,1094.8394654877652
260175,137.4260243913489
260176,819.5178904150903
260177,617.6977043849207
260178,419.25610718835827
260179,383.1466166972453
260180,257.1312887157184
260181,1617.0795024067868
260182,1286.1655537851643
260183,819.8409943287393
260184,761.5743573942673
260185,287.4455503990644
260186,1910.1847386000945
260187,1548.8442649213107
260188,940.098617314426
260189,874.2192456732255
260190,732.1485060653985
260191,653.7153573713899
260192,522.6780599089965
260193,315.0823746341477
260194,314.909875735995
260195,453.40549998621503
260196,1275.5505362640224
260197,1026.4045537245809
260198,637.166453946579
260199,635.6022221878352
260200,279.12905045966465
260201,1511.1449047450094
260202,1210.7310384228203
260203,751.1044271259124
260204,743.1233014580017
260205,122.78454034127952
260206,668.7959253202819
260207,535.1054995842433
260208,323.7631174809756
260209,323.5906185828229
260210,195.06621203085214
260211,1305.5758868553035
260212,1051.7273112933956
260213,654.7228360185476
260214,653.1586042598037
260215,238.29398127410812
260216,1574.216825929334
260217,1253.7936600142223
260218,767.8165475851675
260219,759.8354219172569
260220,76.8380120350445
260221,467.07996112510006
260222,368.15347967916426
260223,229.48886041353214
260224,239.81026277951986
260225,133.97979408438007
260226,957.5724420468378
260227,771.7976188630151
260228,462.57901914159856
260229,470.13894119974833
260230,180.44192696377743
260231,1140.9871154854054
260232,899.6473404066172
260233,553.1575773770351
260234,554.3006055260181
260235,717.0834564504346
260236,36.007845413578586
260237,3.2383886914269557
260238,3.838994064252504
260239,11.551858861771274
260240,63.77594760690794
260241,35.17099456654572
260242,7.226044898495506
260243,14.748597759070927
260244,19.070657460298047
260245,-7.460014143542578
260246,59.459310822934405
260247,21.163905967149976
260248,32.82883361577049
260249,40.76785665430004
260250,157.58935893149874
260251,1075.166146243909
260252,836.7184217877045
260253,525.612848051649
260254,523.35592395266
260255,332.05132407073614
260256,2186.7690371283165
260257,1718.0903429251352
260258,1059.9998934039847
260259,1037.926685918623
260260,388.9167130339263
260261,2547.8535227927846
260262,2041.6081074938375
260263,1234.0379393529022
260264,1193.3001758798575
260265,148.75114523495915
260266,865.0811088150632
260267,664.9678350358158
260268,438.97612154139125
260269,437.53688046687734
260270,270.2550715096147
260271,1719.851006924034
260272,1366.4192810751488
260273,862.9645607330373
260274,850.5849265009119
260275,320.1776137129066
260276,2023.2221662495817
260277,1646.507735439944
260278,998.3865729649877
260279,981.930031009901
260280,730.0070325206691
260281,688.9146642150955
260282,539.1060668157382
260283,331.0538685521448
260284,334.93343852853644
260285,379.5415157641216
260286,1365.0349028990827
260287,1107.0143714581834
260288,675.8747057343382
260289,679.03724461571
260290,270.8273940113714
260291,1624.525426508606
260292,1314.4087561062668
260293,792.3283608835255
260294,794.5130984856269
260295,127.07316319731414
260296,705.2706140849365
260297,553.4444036686623
260298,341.64550857665
260299,345.52507855304157
260300,200.21227168105642
260301,1396.1866073554147
260302,1132.3371290269981
260303,693.4310878063068
260304,696.5936266876786
260305,245.49119289661334
260306,1692.6602548994808
260307,1359.2696421730216
260308,810.8387458181336
260309,813.0234834202349
260310,85.07460973792332
260311,494.3475329961324
260312,388.3854564594618
260313,238.66604141880651
260314,253.03951265933878
260315,147.68223786670916
260316,1003.3815634214835
260317,815.7191360472971
260318,481.3693054726129
260319,493.65599817087855
260320,195.55892829162593
260321,1188.8675249129901
260322,942.673601598999
260323,574.0355699895454
260324,585.3444614085404
260325,702.5078966265903
260326,45.24537088381022
260327,4.804932513269498
260328,7.5732864741633295
260329,21.369774561943963
260330,79.40282339183855
260331,35.766187345095155
260332,5.933633486681117
260333,17.680099256355863
260334,28.7604840134161
260335,12.551968195287067
260336,63.39463149138576
260337,21.275645157303465
260338,35.08527862171765
260339,49.782626716080244
260340,162.76215646907093
260341,1126.5048602788222
260342,893.1393111130589
260343,546.4766838852581
260344,548.2718286608135
260345,329.1253039312837
260346,2309.277421063534
260347,1795.2957605763038
260348,1122.669011713685
260349,1105.3225748684392
260350,413.9500834915976
260351,2685.409506412083
260352,2146.7819545903094
260353,1335.0023166153123
260354,1298.9913237823835
260355,153.9004391395408
260356,913.2854631746294
260357,717.4438030274872
260358,455.5701578383732
260359,458.1829856384035
260360,269.2467358446567
260361,1803.8396509315724
260362,1472.9325867835753
260363,893.1666648356362
260364,885.5138012436265
260365,326.60852612480454
260366,2142.084233874924
260367,1767.2437849949147
260368,1046.3637935000286
260369,1034.6340221850573
260370,698.0903457949164
260371,766.7089883589617
260372,605.07237117219
260373,379.8019341160421
260374,381.66004531259085
260375,286.4515013062854
260376,1540.2704938221232
260377,1238.4456850444699
260378,729.8863250753807
260379,729.2101068137201
260380,288.76973008612873
260381,1804.8348773133805
260382,1450.3382782639653
260383,872.7417595989052
260384,872.9050384211638
260385,149.8242500670538
260386,782.1886596988473
260387,621.1159953226737
260388,390.59036776719716
260389,392.44847896374597
260390,209.5768762346201
260391,1570.6217623070486
260392,1261.586254972108
260393,747.9006398288066
260394,747.224421567146
260395,251.59159638672503
260396,1867.1603993600659
260397,1493.0169766895435
260398,891.7100772149706
260399,891.8733560372292
260400,105.46420915572521
260401,559.3945684168299
260402,441.9576359826938
260403,257.8631480331272
260404,270.58946437344514
260405,159.7307440652736
260406,1087.7274485239718
260407,886.3891613388224
260408,518.0276771140591
260409,526.8499165489211
260410,201.23759248663742
260411,1307.98199435747
260412,1058.2590610147593
260413,651.3750463092243
260414,661.0367828280055
260415,727.9027259345667
260416,45.37033812063872
260417,9.58597819053649
260418,10.528453155324911
260419,22.67778634289173
260420,30.645886716187412
260421,42.58055105105742
260422,15.079258129944867
260423,23.402824185653383
260424,31.01875567931032
260425,12.10268265046178
260426,71.4041331594013
260427,35.25029819529264
260428,41.40270249974006
260429,54.452895693888806
260430,178.42211676712745
260431,1245.190691421424
260432,993.159688616539
260433,602.0383041809464
260434,602.1862940562879
260435,381.78449014265044
260436,2531.3026684066253
260437,1948.0298037482316
260438,1218.252711633064
260439,1209.1155929629988
260440,436.5631788122144
260441,3029.84896616599
260442,2418.2577122052508
260443,1456.979294001275
260444,1429.582376520477
260445,163.05017537572667
260446,1007.3690140223607
260447,789.4386097168765
260448,483.75862451280256
260449,484.724297412619
260450,316.08480339763526
260451,1969.3442157136126
260452,1625.5973592841556
260453,977.3210783644334
260454,977.8775329476036
260455,350.7747646955532
260456,2351.575606292938
260457,1911.9382884296692
260458,1160.0952981216503
260459,1156.97960215881
260460,733.270573704044
260461,621.860229191279
260462,489.1252509094054
260463,293.9709173908104
260464,290.5772287446646
260465,561.740907995348
260466,1226.5834662547095
260467,986.0634336803093
260468,601.026759199588
260469,599.3122168829615
260470,312.9274416208751
260471,1459.1244844396583
260472,1169.997028853942
260473,702.1888172049574
260474,698.0978606972251
260475,128.6258338948284
260476,630.7128060300631
260477,497.8909489112642
260478,303.27017201813726
260479,299.8764833719914
260480,198.73208385294046
260481,1249.7623139553834
260482,1007.105937795238
260483,618.5831412715565
260484,616.86859895493
260485,225.0481390910157
260486,1497.1723908329166
260487,1193.868407017005
260488,718.9009376642126
260489,714.8099811564803
260490,71.43888901450325
260491,440.03585695878184
260492,346.80231343011775
260493,215.80753140177393
260494,222.90774401976853
260495,127.29869768146827
260496,919.1982184336922
260497,735.2542343003289
260498,431.9081383303638
260499,439.317749830631
260500,161.20762187362718
260501,1084.1853246157218
260502,850.603371284832
260503,512.7800747822977
260504,517.8132720914591
260505,724.648501175191
260506,33.74342801742207
260507,2.7698203281014124
260508,1.9303277637836793
260509,4.216154219167897
260510,42.96216475364374
260511,35.80607582103915
260512,3.045966725175665
260513,2.3777004045167387
260514,4.343600953719984
260515,-16.056947231185003
260516,56.182309069955
260517,24.427854851974935
260518,21.89504134553799
260519,26.923620333531773
260520,145.96752969979806
260521,1031.4895275061158
260522,802.2981591332222
260523,497.90477683774515
260524,501.303496849805
260525,317.58591443997597
260526,2032.8816782535039
260527,1604.3661220097783
260528,1008.3033813310207
260529,980.369048882097
260530,369.25256389669937
260531,2405.066772604703
260532,1909.8523203982866
260533,1164.8095590716791
260534,1132.244034001283
260535,134.9360401794558
260536,813.4380052919929
260537,621.7532268456322
260538,408.9426246701602
260539,413.15902770669567
260540,256.6347475395543
260541,1611.8267331402938
260542,1294.1933421896538
260543,803.4844153386061
260544,799.8313044076407
260545,292.66127136239055
260546,1908.0266189286394
260547,1556.325565348164
260548,920.8136692136239
260549,912.5293656611852
260550,732.954926379218
260551,623.4036965881635
260552,490.6687183062899
260553,295.5143847876947
260554,292.1206961415489
260555,563.8768713501105
260556,1228.1269336515938
260557,987.6069010771938
260558,602.5702265964725
260559,600.855684279846
260560,312.61179429604886
260561,1460.6679518365427
260562,1171.5404962508264
260563,703.7322846018419
260564,699.6413280941096
260565,132.1065466389092
260566,636.0526334958545
260567,503.2307763770559
260568,308.6099994839285
260569,305.21631083778266
260570,203.50401651694685
260571,1257.5504609356954
260572,1014.8940847755492
260573,624.6391290508888
260574,622.9245867342622
260575,230.9771713496173
260576,1504.9605378132285
260577,1201.656553997317
260578,724.9569254435448
260579,720.8659689358125
260580,74.91960175858404
260581,445.3756844245731
260582,352.142140895909
260583,221.14735886756512
260584,228.24757148555972
260585,132.07063034547454
260586,926.9863654140044
260587,743.042381280641
260588,437.9641261096959
260589,445.3737376099631
260590,167.13665413222876
260591,1091.9734715960337
260592,858.3915182651441
260593,518.83606256163
260594,523.8692598707913
260595,727.004140417084
260596,35.55909730593612
260597,4.58548961661546
260598,3.7459970522977235
260599,6.03182350768194
260600,36.13725161048883
260601,37.6217451095532
260602,4.861636013689707
260603,4.193369693030781
260604,6.159270242234029
260605,-13.701307989292172
260606,57.99797835846905
260607,26.243524140488983
260608,23.710710634052038
260609,28.73928962204582
260610,149.0879622036384
260611,1034.0699900565778
260612,804.8786216836838
260613,500.4852393882067
260614,503.8839594002666
260615,319.549247349221
260616,2035.4621408039654
260617,1606.94658456024
260618,1010.8838438814819
260619,982.9495114325587
260620,372.3729964005396
260621,2407.6472351551643
260622,1912.4327829487481
260623,1167.3900216221407
260624,1134.8244965517445
260625,137.15092120885356
260626,815.112916368012
260627,623.4281379216512
260628,410.6175357461792
260629,414.83393878271465
260630,257.69252897435683
260631,1613.5016442163126
260632,1295.8682532656726
260633,805.1593264146252
260634,801.5062154836597
260635,294.8761523917882
260636,1909.7015300046583
260637,1558.0004764241828
260638,922.488580289643
260639,914.2042767372043
260640,732.6685148813795
260641,623.1172850903249
260642,492.6518223509766
260643,295.0843247355873
260644,291.69063608944145
260645,563.5904598522719
260646,1227.8405221537553
260647,991.7855395190818
260648,602.140166544365
260649,600.4256242277385
260650,312.3253827982103
260651,1460.381540338704
260652,1175.7191346927145
260653,703.3022245497344
260654,699.2112680420021
260655,131.82013514107066
260656,635.7662219980159
260657,505.2138804217426
260658,308.1799394318211
260659,304.78625078567524
260660,203.21760501910833
260661,1257.2640494378568
260662,1019.0727232174372
260663,624.2090689987813
260664,622.4945266821547
260665,230.69075985177875
260666,1504.67412631539
260667,1205.835192439205
260668,724.5268653914374
260669,720.435908883705
260670,74.63319026074547
260671,445.0892729267345
260672,354.1252449405957
260673,220.71729881545772
260674,227.81751143345232
260675,131.784218847636
260676,926.6999539161658
260677,747.221019722529
260678,437.53406605758846
260679,444.94367755785566
260680,166.8502426343902
260681,1091.6870600981952
260682,862.5701567070321
260683,518.4060025095225
260684,523.4391998186838
260685,726.7177289192455
260686,35.272685808097556
260687,3.282584564846938
260688,3.31593700019031
260689,5.6017634555745275
260690,35.85084011265026
260691,37.335333611714645
260692,3.558730961921185
260693,3.7633096409233673
260694,5.729210190126616
260695,-13.987719487130732
260696,57.711566860630484
260697,24.94061908872046
260698,23.280650581944624
260699,28.309229569938406
260700,148.80155070579985
260701,1033.7835785587392
260702,809.0140605835713
260703,500.0551793360993
260704,503.45389934815915
260705,319.2628358513824
260706,2035.1757293061269
260707,1611.0820234601274
260708,1010.4537838293744
260709,982.5194513804512
260710,372.086584902701
260711,2407.360823657326
260712,1916.5682218486356
260713,1166.9599615700333
260714,1134.394436499637
260715,136.86450971101502
260716,814.8265048701734
260717,624.8808783787445
260718,410.1874756940718
260719,414.40387873060723
260720,257.40611747651826
260721,1613.215232718474
260722,1297.320993722766
260723,804.7292663625177
260724,801.0761554315523
260725,294.5897408939496
260726,1909.4151185068197
260727,1559.4532168812761
260728,922.0585202375355
260729,913.7742166850968
260730,733.917867593995
260731,623.5714068304067
260732,493.1059440910583
260733,295.5384464756691
260734,295.36370994792566
260735,562.3882018852989
260736,1228.294643893837
260737,992.2396612591635
260738,602.5942882844467
260739,607.2357848497395
260740,313.5747355108259
260741,1460.8356620787858
260742,1176.1732564327963
260743,703.7563462898162
260744,706.0214286640031
260745,133.06948785368616
260746,638.6026996699435
260747,508.0503580936702
260748,311.0164171037487
260749,310.8416805760053
260750,205.624057326319
260751,1260.1005271097845
260752,1021.9092008893648
260753,627.0455466707089
260754,631.6870432360016
260755,231.94011256439424
260756,1507.5106039873176
260757,1208.6716701111327
260758,727.3633430633649
260759,729.6284254375519
260760,75.88254297336098
260761,445.5433946668163
260762,354.5793666806775
260763,221.1714205555395
260764,231.4905852919365
260765,134.19067115484665
260766,927.1540756562475
260767,747.6751414626108
260768,437.98818779767026
260769,448.46066626696495
260770,168.0995953470057
260771,1092.141181838277
260772,863.0242784471138
260773,518.8601242496043
260774,526.9561885277931
260775,727.967081631861
260776,35.72680754817931
260777,3.7367063049286955
260778,3.77005874027207
260779,9.274837314058692
260780,38.257292419860974
260781,37.789455351796406
260782,4.012852702002945
260783,4.217431381005127
260784,9.246198899235852
260785,-12.738366774515217
260786,58.16568860071224
260787,25.394740828802227
260788,23.734772322026377
260789,31.82621827904764
260790,150.05090341841534
260791,1034.2377002988208
260792,809.4681823236531
260793,500.50930107618103
260794,507.12697320664336
260795,321.66928815859325
260796,2035.6298510462086
260797,1611.5361452002091
260798,1010.9079055694561
260799,992.9117995260225
260800,373.33593761531665
260801,2407.814945397408
260802,1917.0223435887174
260803,1167.414083310115
260804,1144.7867846452084
260805,138.1138624236305
260806,815.2806266102551
260807,625.3350001188262
260808,410.6415974341536
260809,418.07695258909143
260810,259.81256978372915
260811,1613.6693544585557
260812,1297.7751154628477
260813,805.1833881025995
260814,806.6755998018086
260815,295.83909360656526
260816,1909.8692402469014
260817,1559.907338621358
260818,922.5126419776172
260819,919.3736610553532
260820,732.4172233863359
260821,655.047958441504
260822,524.0106609791105
260823,316.41497570426156
260824,321.16618759037016
260825,452.369934111683
260826,1275.5788541386669
260827,1026.4328715992253
260828,637.1947718212239
260829,640.5542508467413
260830,279.39776778060184
260831,1512.4775058151233
260832,1212.0636394929343
260833,752.4370281960264
260834,749.379613312377
260835,126.84961773112346
260836,676.3072423911486
260837,542.61681665511
260838,331.27443455184226
260839,336.02564643795085
260840,204.26669069604318
260841,1318.222605201517
260842,1064.374029639609
260843,661.646030207486
260844,665.0055092330034
260845,244.807378178473
260846,1584.1764625147214
260847,1263.7532965996097
260848,776.0440249695752
260849,772.9866100859258
260850,80.90308942488858
260851,472.2089222641209
260852,373.2824408181851
260853,234.6178215525529
260854,249.8629347028019
260855,143.18027274957115
260856,967.8368044612056
260857,782.061981277383
260858,467.119857398691
260859,479.60349024110207
260860,186.9553238681423
260861,1148.564396138947
260862,907.2246210601589
260863,559.0026988295969
260864,565.0694377628412
260865,718.8316866859568
260866,36.420874723187985
260867,3.6514180010363546
260868,4.252023373861908
260869,16.888598955641957
260870,41.04489552650841
260871,35.584023876155115
260872,7.639074208104909
260873,15.161627068680332
260874,24.40739755416874
260875,-5.711783908020638
260876,59.872340132543805
260877,21.576935276759368
260878,33.2418629253799
260879,46.10459674817072
260880,160.10238242896816
260881,1076.3439688154658
260882,837.8962443592616
260883,526.7906706232061
260884,529.4574573084783
260885,334.5643475682056
260886,2187.946859699873
260887,1719.268165496692
260888,1061.1777159755416
260889,1044.0282192744412
260890,391.4297365313958
260891,2549.031345364341
260892,2042.7859300653943
260893,1235.215761924459
260894,1199.4017092356758
260895,150.358617257986
260896,865.3533799121776
260897,665.2401061329302
260898,439.24839263850566
260899,442.73286234825304
260900,271.8625435326416
260901,1720.123278021148
260902,1366.6915521722628
260903,863.2368318301517
260904,855.7809083822876
260905,321.7850857359335
260906,2023.4944373466958
260907,1646.7800065370582
260908,998.6588440621022
260909,987.1260128912767
260910,729.8450405157284
260911,689.8165559593315
260912,540.0079585599742
260913,331.95576029638056
260914,340.75904105703347
260915,379.3795237591807
260916,1365.9367946433183
260917,1107.916263202419
260918,676.7765974785742
260919,684.8628471442073
260920,270.66540200643044
260921,1625.4273182528416
260922,1315.3106478505024
260923,793.2302526277615
260924,800.3387010141241
260925,130.70753126128008
260926,712.3512218299252
260927,560.525011413651
260928,348.72611632163853
260929,357.5293970822914
260930,210.28632421583853
260931,1409.7068995712193
260932,1145.8574212428027
260933,701.2278558648363
260934,709.3141055304694
260935,251.57388047510005
260936,1702.18918215899
260937,1368.7985694325307
260938,818.6355138766631
260939,825.7439622630258
260940,88.70897780188928
260941,499.04578480927506
260942,393.0837082726045
260943,243.36429323194912
260944,262.66147525674256
260945,157.75629040149127
260946,1014.5194997054425
260947,826.8570723312561
260948,486.78371759929644
260949,503.9941210818234
260950,201.64161587011264
260951,1196.0140962406533
260952,949.8201729266626
260953,579.4499821162291
260954,595.6825843194854
260955,705.0171911883687
260956,46.419464519675664
260957,5.979026149134948
260958,8.747380110028777
260959,27.4675789820707
260960,73.88866516316396
260961,36.94028098096061
260962,7.107727122546569
260963,18.8541928922213
260964,34.85828843354284
260965,15.061262757065062
260966,64.56872512725118
260967,22.449738793168915
260968,36.259372257583095
260969,55.88043113620697
260970,166.0362442927964
260971,1128.443747176635
260972,895.078198010872
260973,548.4155707830713
260974,555.134426342888
260975,332.3993917550092
260976,2311.2163079613465
260977,1797.2346474741166
260978,1124.6078986114978
260979,1112.1851725505135
260980,417.2241713153231
260981,2687.3483933098955
260982,2148.720841488122
260983,1336.9412035131252
260984,1305.8539214644577
260985,156.26897548882368
260986,914.318798598
260987,718.4771384508578
260988,456.6034932617436
260989,464.14003184603524
260990,271.61527219393963
260991,1804.8729863549424
260992,1473.9659222069454
260993,894.2000002590067
260994,891.4708474512584
260995,328.97706247408746
260996,2143.117569298294
260997,1768.2771204182848
260998,1047.3971289233987
260999,1040.5910683926888
261000,699.024051182706
261001,768.706577495928
261002,607.0699603091562
261003,381.7995232530082
261004,389.7155208315242
261005,287.3852066940749
261006,1542.2680829590893
261007,1240.443274181436
261008,731.8839142123469
261009,737.2655823326536
261010,289.70343547391815
261011,1806.8324664503466
261012,1452.3358674009314
261013,874.7393487358714
261014,880.9605139400973
261015,154.55431552375012
261016,790.3649648365663
261017,629.2923004603927
261018,398.76667290491605
261019,406.6826704834321
261020,220.74662616213257
261021,1585.2377519155837
261022,1276.202244580643
261023,756.7931052800664
261024,762.174773400373
261025,258.7699813579421
261026,1877.7850240123055
261027,1503.6416013417831
261028,900.6025426662304
261029,906.8237078704562
261030,110.19427461242152
261031,565.188517622703
261032,447.7515851885668
261033,263.65709723900017
261034,282.44129996128544
261035,170.90049399278607
261036,1099.961082200661
261037,898.6227950155117
261038,524.537786633473
261039,539.4179124503023
261040,208.4159774578545
261041,1316.2242630778637
261042,1066.501329735153
261043,657.8851558286383
261044,673.6047787293867
261045,731.5077178890753
261046,47.64012914923452
261047,11.855769219132302
261048,12.798244183920715
261049,31.00546375345477
261050,37.438610108793526
261051,44.85034207965322
261052,17.349049158540673
261053,25.67261521424919
261054,39.34643308987337
261055,15.707674604970112
261056,73.67392418799707
261057,37.52008922388845
261058,43.67249352833586
261059,62.78057310445184
261060,182.79190198358327
261061,1248.2252757119672
261062,996.1942729070822
261063,605.0728884714898
261064,611.2787647287986
261065,386.1542753591063
261066,2534.3372526971684
261067,1951.064388038775
261068,1221.2872959236074
261069,1218.2080636355095
261070,440.93296402867026
261071,3032.883550456533
261072,2421.292296495794
261073,1460.0138782918184
261074,1438.6748471929877
261075,166.51440911773992
261076,1009.4980468384615
261077,791.5676425329773
261078,485.88765732890334
261079,492.91121661068706
261080,319.54903713964853
261081,1971.4732485297131
261082,1627.7263921002561
261083,979.4501111805342
261084,986.0644521456717
261085,354.23899843756647
261086,2353.7046391090385
261087,1914.0673212457698
261088,1162.224330937751
261089,1165.1665213568779
261090,733.9571577567101
261091,623.8578183282452
261092,491.1228400463716
261093,295.9685065277765
261094,297.9616278903648
261095,562.4274920480141
261096,1228.5810553916756
261097,988.0610228172756
261098,603.0243483365542
261099,615.0254454653407
261100,313.61402567354105
261101,1461.1220735766244
261102,1171.9946179909082
261103,704.1864063419237
261104,713.8110892796043
261105,133.1087780164013
261106,638.8891111677821
261107,506.0672540489835
261108,311.44647715585614
261109,313.4395985184444
261110,209.65471244532952
261111,1264.3783035639185
261112,1021.7219274037722
261113,627.4756067228163
261114,639.4767038516028
261115,231.97940272710937
261116,1507.7970154851562
261117,1204.4930316692446
261118,727.7934031154724
261119,737.418086053153
261120,75.92183313607612
261121,445.8298061646549
261122,352.5962626359908
261123,221.6014806076469
261124,234.08850323437557
261125,138.2213262738572
261126,931.4318521103814
261127,747.4878679770181
261128,438.4182478497777
261129,452.2101866773158
261130,168.13888550972084
261131,1092.4275933361155
261132,858.8456400052258
261133,519.2901843017117
261134,530.705708938144
261135,728.0063717945761
261136,36.01321904601787
261137,5.039611356697218
261138,4.2001187923794845
261139,11.87275525649777
261140,45.58652376756922
261141,38.07586684963496
261142,5.315757753771467
261143,4.647491433112541
261144,12.995719309586626
261145,-9.417901230212983
261146,58.4521000985508
261147,26.69764588057075
261148,24.16483237413379
261149,35.575738689398435
261150,150.09019358113048
261151,1034.5241117966593
261152,805.3327434237656
261153,500.93936112828845
261154,509.72489114908245
261155,321.7085783213084
261156,2035.9162625440472
261157,1607.4007063003216
261158,1011.3379656215636
261159,1004.6352024950224
261160,373.3752277780318
261161,2408.101356895246
261162,1912.8869046888299
261163,1167.8441433622224
261164,1156.5101876142082
261165,138.15315258634564
261166,815.5670381080937
261167,623.882259661733
261168,411.071657486261
261169,420.6748705315306
261170,259.8518599464443
261171,1613.9557659563943
261172,1296.3223750057543
261173,805.6134481547069
261174,818.3990027708086
261175,295.8783837692804
261176,1910.15565174474
261177,1558.4545981642646
261178,922.9427020297247
261179,931.0970640243531
261180,733.9571577567101
261181,623.8578183282452
261182,491.1228400463716
261183,295.9685065277765
261184,297.9616278903648
261185,562.4274920480141
261186,1228.5810553916756
261187,988.0610228172756
261188,603.0243483365542
261189,615.0254454653407
261190,313.61402567354105
261191,1461.1220735766244
261192,1171.9946179909082
261193,704.1864063419237
261194,713.8110892796043
261195,133.1087780164013
261196,638.8891111677821
261197,506.0672540489835
261198,311.44647715585614
261199,313.4395985184444
261200,209.65471244532952
261201,1264.3783035639185
261202,1021.7219274037722
261203,627.4756067228163
261204,639.4767038516028
261205,231.97940272710937
261206,1507.7970154851562
261207,1204.4930316692446
261208,727.7934031154724
261209,737.418086053153
261210,75.92183313607612
261211,445.8298061646549
261212,352.5962626359908
261213,221.6014806076469
261214,234.08850323437557
261215,138.2213262738572
261216,931.4318521103814
261217,747.4878679770181
261218,438.4182478497777
261219,452.2101866773158
261220,168.13888550972084
261221,1092.4275933361155
261222,858.8456400052258
261223,519.2901843017117
261224,530.705708938144
261225,728.0063717945761
261226,36.01321904601787
261227,5.039611356697218
261228,4.2001187923794845
261229,11.87275525649777
261230,39.27220935580448
261231,38.07586684963496
261232,5.315757753771467
261233,4.647491433112541
261234,12.995719309586626
261235,-9.417901230212983
261236,58.4521000985508
261237,26.69764588057075
261238,24.16483237413379
261239,35.575738689398435
261240,150.09019358113048
261241,1034.5241117966593
261242,805.3327434237656
261243,500.93936112828845
261244,509.72489114908245
261245,321.7085783213084
261246,2035.9162625440472
261247,1607.4007063003216
261248,1011.3379656215636
261249,1004.6352024950224
261250,373.3752277780318
261251,2408.101356895246
261252,1912.8869046888299
261253,1167.8441433622224
261254,1156.5101876142082
261255,138.15315258634564
261256,815.5670381080937
261257,623.882259661733
261258,411.071657486261
261259,420.6748705315306
261260,259.8518599464443
261261,1613.9557659563943
261262,1296.3223750057543
261263,805.6134481547069
261264,818.3990027708086
261265,295.8783837692804
261266,1910.15565174474
261267,1558.4545981642646
261268,922.9427020297247
261269,931.0970640243531
261270,733.6707462588715
261271,623.5714068304067
261272,493.1059440910583
261273,295.5384464756691
261274,297.5315678382574
261275,562.1410805501755
261276,1228.294643893837
261277,992.2396612591635
261278,602.5942882844467
261279,614.5953854132332
261280,312.753856303697
261281,1460.2619042067804
261282,1175.5994985607908
261283,703.1825884178107
261284,712.8072713554914
261285,132.82236651856275
261286,635.2703893303766
261287,504.7180477541033
261288,307.6841067641818
261289,309.6772281267701
261290,207.68590062216214
261291,1256.2090151572554
261292,1018.0176889368358
261293,623.713236331142
261294,635.7143334599284
261295,231.1192333572654
261296,1503.6045357757453
261297,1204.7656018995604
261298,723.4572748517926
261299,733.0819577894732
261300,75.63542163823755
261301,445.5433946668163
261302,354.5793666806775
261303,221.1714205555395
261304,233.65844318226817
261305,136.25251445068977
261306,926.5948740432855
261307,747.1159398496487
261308,437.98818779767026
261309,451.78012662520837
261310,167.27871613987685
261311,1091.5674239662715
261312,862.4505205751084
261313,518.2863663775988
261314,529.701891014031
261315,727.7199602967376
261316,35.72680754817931
261317,3.7367063049286955
261318,3.77005874027207
261319,11.442695204390358
261320,38.98579785796592
261321,37.789455351796406
261322,4.012852702002945
261323,4.217431381005127
261324,12.565659257479213
261325,-9.704312728051544
261326,58.16568860071224
261327,25.394740828802227
261328,23.734772322026377
261329,35.14567863729102
261330,149.80378208329194
261331,1034.2377002988208
261332,809.4681823236531
261333,500.50930107618103
261334,509.29483109697503
261335,321.4221668234698
261336,2035.6298510462086
261337,1611.5361452002091
261338,1010.9079055694561
261339,1004.205142442915
261340,373.0888162801932
261341,2407.814945397408
261342,1917.0223435887174
261343,1167.414083310115
261344,1156.0801275621009
261345,137.8667410885071
261346,815.2806266102551
261347,625.3350001188262
261348,410.6415974341536
261349,420.24481047942317
261350,259.5654484486057
261351,1613.6693544585557
261352,1297.7751154628477
261353,805.1833881025995
261354,817.9689427187011
261355,295.5919722714418
261356,1909.8692402469014
261357,1559.907338621358
261358,922.5126419776172
261359,930.6670039722457
261360,733.2929987536278
261361,623.1936593251629
261362,492.7281965858145
261363,293.7760066131244
261364,297.1538203330134
261365,561.7633330449315
261366,1227.916896388593
261367,991.8619137539199
261368,600.8318484219022
261369,614.2176379079895
261370,312.3233601679809
261371,1459.8314080710643
261372,1175.1690024250747
261373,701.3673999247941
261374,712.3767752197755
261375,128.64825894441188
261376,631.096281756226
261377,500.5439401799522
261378,302.1253068327302
261379,305.5031205526192
261380,201.06347353349048
261381,1249.5865880685838
261382,1011.3952618481648
261383,617.4382760861497
261384,630.8240655722369
261385,224.44405763812162
261386,1496.9293600566016
261387,1198.0904261804167
261388,717.1295659763282
261389,728.1389412713096
261390,71.46131406408674
261391,441.3692870926654
261392,350.40525910652656
261393,215.61262062408784
261394,229.48433560811733
261395,129.63008736201832
261396,919.972446954614
261397,740.4935127609773
261398,431.7132275526778
261399,446.8898587375166
261400,160.60354042073308
261401,1084.8922482471278
261402,855.7753448559648
261403,511.95865750213414
261404,524.7588744958674
261405,724.1321094062165
261406,34.538041332747305
261407,2.5479400894966986
261408,1.1966001675393023
261409,10.25392898895836
261410,35.39794696744471
261411,36.600689136364394
261412,2.8240864865709545
261413,1.643972808272357
261414,11.376893042047216
261415,-13.344912249044874
261416,56.924173754808116
261417,24.1532259828981
261418,21.108565118821495
261419,33.90416379138689
261420,148.0351203679305
261421,1034.8681232585486
261422,810.0986052833811
261423,497.0293786868676
261424,511.1530680948493
261425,319.65350510810833
261426,2036.2602740059365
261427,1612.166568159937
261428,1007.4279831801427
261429,1006.0633794407894
261430,371.26740593435966
261431,2408.3926197266637
261432,1917.6000179179732
261433,1163.8814122903295
261434,1157.885615929503
261435,136.09807937314565
261436,815.9110495699831
261437,625.9654230785542
261438,407.16167504483997
261439,422.10304747729725
261440,257.7967867332442
261441,1614.2997774182836
261442,1298.4055384225755
261443,801.703465713286
261444,819.8271797165755
261445,293.77056192560826
261446,1910.4469145761573
261447,1560.4850129506137
261448,918.9799709578317
261449,932.4724923396479
261450,731.7923545459687
261451,654.6702109362602
261452,523.6329134738668
261453,314.6525358417169
261454,323.0904489555029
261455,451.7450652713156
261456,1275.2011066334228
261457,1026.0551240939812
261458,635.4323319586794
261459,642.4785122118742
261460,278.14639243775684
261461,1511.4732518074018
261462,1211.0593854852127
261463,750.0480818310043
261464,750.6773681750324
261465,122.42838882184923
261466,668.8008244774311
261467,535.1103987413925
261468,322.38332428082373
261469,330.82123739460974
261470,195.71474194691928
261471,1303.7173012040207
261472,1049.8687256421128
261473,652.0387596229268
261474,659.0849398761217
261475,237.31132325220037
261476,1571.418621442282
261477,1250.9954555271704
261478,765.8102478825384
261479,766.4395342265665
261480,76.48186051561433
261481,468.03481468996995
261482,369.10833324403416
261483,229.05902162110124
261484,247.9908359990277
261485,134.62832400044726
261486,956.6638108032768
261487,770.8889876194542
261488,460.8448971536985
261489,477.015231223787
261490,179.45926894186968
261491,1141.3154625477978
261492,899.9756874690099
261493,552.101232082127
261494,561.8546722430488
261495,714.9967144603123
261496,35.23210850775598
261497,2.462651785604357
261498,1.678564801129134
261499,18.001841610586624
261500,44.59549027086504
261501,34.39525766072313
261502,6.45030799267291
261503,12.588168495947562
261504,25.520640209113402
261505,-9.5995047641374
261506,58.630825286639684
261507,20.335420430855255
261508,30.615655722175003
261509,47.16509077264327
261510,158.0865993784833
261511,1076.9743917751937
261512,838.5266673189896
261513,523.3107482338927
261514,533.6177031767294
261515,332.5485645177207
261516,2188.577282659601
261517,1719.89858845642
261518,1057.697793586228
261519,1048.188465142692
261520,389.3612048504388
261521,2549.609019693597
261522,2043.36360439465
261523,1231.6830909046735
261524,1203.5092064734545
261525,148.34283420750114
261526,865.9838028719056
261527,665.8705290926582
261528,435.76847024919203
261529,446.89310821650383
261530,269.84676048215664
261531,1720.753700980876
261532,1367.3219751319907
261533,859.7569094408383
261534,859.9411542505387
261535,319.7165540549765
261536,2024.0721116759516
261537,1647.357680866314
261538,995.1261730423166
261539,991.2335101290556
261540,727.8747750178632
261541,689.022798769916
261542,536.4977293957924
261543,322.47244584376836
261544,344.1856035141239
261545,377.4092582613152
261546,1365.1430374539025
261547,1101.7354069147336
261548,667.2932830259622
261549,688.2894096012978
261550,268.06863000608735
261551,1624.0070545609483
261552,1308.5032850603395
261553,783.1204316726719
261554,803.1387569687371
261555,124.94090569450772
261556,704.4287942320359
261557,549.8861118409953
261558,332.11413146055247
261559,353.82728913090796
261560,200.38897880921655
261561,1394.7855858895514
261562,1125.5490084628652
261563,683.8997106902096
261564,704.8958372655453
261565,242.73242889132936
261566,1689.015331402379
261567,1350.23761957765
261568,800.6808621995589
261569,820.6991874956241
261570,82.94235223511691
261571,494.4556675509524
261572,385.77711903951547
261573,230.08461871042994
261574,260.0569248876609
261575,147.8589449948693
261576,1002.930496363342
261577,809.8809698908858
261578,472.78788276423643
261579,500.67341039920086
261580,192.80016428634195
261581,1188.3491529653325
261582,936.7681305530722
261583,564.8276407786917
261584,591.7353671343856
261585,700.1541758980077
261586,45.132042212853584
261587,1.9751318675464729
261588,1.3839064420493112
261589,28.165723564489543
261590,74.26210960611503
261591,35.65285867413853
261592,6.530270502886868
261593,11.49071922424186
261594,35.55643301596167
261595,10.145498836231827
261596,63.228554189957016
261597,21.8195335430371
261598,28.84314995913149
261599,56.525827088153704
261600,162.99241817759508
261601,1128.975514044973
261602,892.8934929044435
261603,536.2425517140504
261604,562.3659312546982
261605,329.3555656398078
261606,2311.7480748296844
261607,1791.9047922805146
261608,1112.434879542477
261609,1134.5973540002774
261610,414.1275965696496
261611,2687.827411547761
261612,2143.3382376640475
261613,1324.7154358136322
261614,1328.2133542837496
261615,153.22514937362237
261616,919.030083570292
261617,716.2924333444292
261618,444.4304741927224
261619,470.01602697452654
261620,268.5714460787382
261621,1809.5842713272345
261622,1468.6360670133433
261623,882.0269811899858
261624,897.34684257975
261625,325.880487728414
261626,2147.7761056401137
261627,1762.8945165942107
261628,1035.1713612239057
261629,1046.4143148907083
261630,697.0537856848407
261631,767.9128203065125
261632,603.5597311449743
261633,372.316208800396
261634,392.00790769090867
261635,285.4149411962094
261636,1541.4743257696734
261637,1234.2624178937506
261638,722.4005997597349
261639,739.5579691920382
261640,287.10666347357505
261641,1805.4122027584533
261642,1445.5285046107686
261643,864.6295277807818
261644,882.6263942970043
261645,148.78768995697777
261646,782.442537238677
261647,618.653400887737
261648,382.15468804383
261649,401.8463869343427
261650,210.8492807555106
261651,1570.3164382339157
261652,1255.8938318007056
261653,739.4649601054397
261654,756.622329537743
261655,249.9285297741714
261656,1864.6111732556944
261657,1485.0806514869025
261658,882.6478909891262
261659,900.6447575053486
261660,104.42764904564919
261661,560.5984003643806
261662,440.4449959554778
261663,250.3774227174809
261664,278.7025739944978
261665,161.0031485861641
261666,1088.37207885856
261667,881.6466925751414
261668,510.5419517984129
261669,534.9630261699741
261670,199.5745258740838
261671,1308.5593198025429
261672,1053.4492873615625
261673,643.2628144911009
261674,668.5233859465809
261675,726.6447025987143
261676,46.35270684241244
261677,7.851874937543826
261678,5.4347705159412545
261679,30.56943273816766
261680,26.600870323194286
261681,43.56291977283114
261682,16.77159253888097
261683,18.309141546269718
261684,38.91040207458629
261685,10.79191068413688
261686,72.3337532507029
261687,36.88988397375663
261688,36.256271229884284
261689,62.291793458692624
261690,179.74807586838196
261691,1248.757042580305
261692,994.0095678006535
261693,592.8998694024689
261694,617.3760940429029
261695,383.1104492439049
261696,2534.8690195655063
261697,1945.7345328451725
261698,1209.1142768545865
261699,1239.4860694875674
261700,437.8363892829968
261701,3033.3625686943988
261702,2415.9096926717193
261703,1447.7881105923254
261704,1459.9001044145737
261705,163.4705830025386
261706,1014.2093318107536
261707,789.3829374265488
261708,473.7146382598821
261709,497.6530361414724
261710,316.50521102444714
261711,1976.1845335020053
261712,1622.396536906654
261713,967.2770921115133
261714,990.8062716764574
261715,351.142423691893
261716,2358.3631754508583
261717,1908.6847174216957
261718,1149.998563238258
261719,1169.8555922571913
261720,732.2340135939683
261721,623.0640611388297
261722,487.6126108821897
261723,286.4851920751643
261724,302.45838573225933
261725,560.704347885272
261726,1227.7872982022598
261727,981.8801665295905
261728,593.5410338839422
261729,619.5222033072354
261730,311.2643750083214
261731,1459.7018098847311
261732,1165.1872552007453
261733,694.076585386834
261734,717.6813406190214
261735,127.58927378475232
261736,630.9666835698928
261737,495.4283544763274
261738,294.8344922947701
261739,310.8076859518651
261740,200.00448837383095
261741,1249.4569898822506
261742,1001.4135146238355
261743,610.1474615481897
261744,636.1286309714828
261745,223.3850724784621
261746,1496.7997618702684
261747,1188.1086789560873
261748,709.8387514383681
261749,733.4435066705555
261750,70.4023289044272
261751,441.2396889063322
261752,345.28967340290177
261753,208.3218060861277
261754,232.55414825009805
261755,128.57110220235876
261756,919.8428487682809
261757,730.5117655366479
261758,424.4224130147177
261759,449.95967137949737
261760,159.54455526107355
261761,1084.7626500607946
261762,845.7935976316354
261763,504.6678429641737
261764,527.8286871378483
261765,723.3904778393386
261766,34.72579673919579
261767,1.0357170751087448
261768,-3.163354875599972
261769,13.641095223720765
261770,28.681590905328655
261771,36.78844454281287
261772,4.7383011341117784
261773,-2.7159822348669183
261774,14.76405927680961
261775,-14.086543815922788
261776,57.11192916125661
261777,26.067440630438927
261778,16.748610075682233
261779,37.291330026149325
261780,147.29348880105258
261781,1035.0558786649972
261782,803.1480383173371
261783,488.7663420592674
261784,518.0265914456969
261785,318.9118735412304
261786,2036.448029412385
261787,1602.0708511067196
261788,999.1649465525427
261789,1028.1175793295906
261790,370.52577436748174
261791,2408.580375133112
261792,1907.5043008647558
261793,1155.6183756627295
261794,1179.9398158183044
261795,135.35644780626774
261796,820.2783230803858
261797,621.6975545553045
261798,398.8986384172398
261799,427.621061044826
261800,257.0551551663664
261801,1618.6670509286864
261802,1290.9925198121523
261803,793.440429085686
261804,825.3451932841044
261805,293.02893035873035
261806,1914.81418808656
261807,1553.0719943401905
261808,910.7169343302317
261809,937.9905059071768
261810,732.2340135939683
261811,623.0640611388297
261812,487.6126108821897
261813,286.4851920751643
261814,302.45838573225933
261815,552.8914026423085
261816,1227.7872982022598
261817,981.8801665295905
261818,593.5410338839422
261819,619.5222033072354
261820,311.2643750083214
261821,1459.7018098847311
261822,1165.1872552007453
261823,694.076585386834
261824,717.6813406190214
261825,127.58927378475232
261826,630.9666835698928
261827,495.4283544763274
261828,294.8344922947701
261829,310.8076859518651
261830,200.00448837383095
261831,1249.4569898822506
261832,1001.4135146238355
261833,610.1474615481897
261834,636.1286309714828
261835,223.3850724784621
261836,1496.7997618702684
261837,1188.1086789560873
261838,709.8387514383681
261839,733.4435066705555
261840,70.4023289044272
261841,441.2396889063322
261842,345.28967340290177
261843,208.3218060861277
261844,232.55414825009805
261845,128.57110220235876
261846,919.8428487682809
261847,730.5117655366479
261848,424.4224130147177
261849,449.95967137949737
261850,159.54455526107355
261851,1084.7626500607946
261852,845.7935976316354
261853,504.6678429641737
261854,527.8286871378483
261855,723.3904778393386
261856,34.72579673919579
261857,1.0357170751087448
261858,-3.163354875599972
261859,13.641095223720765
261860,28.681590905328655
261861,36.78844454281287
261862,4.7383011341117784
261863,-2.7159822348669183
261864,14.76405927680961
261865,-14.086543815922788
261866,57.11192916125661
261867,26.067440630438927
261868,16.748610075682233
261869,37.291330026149325
261870,147.29348880105258
261871,1035.0558786649972
261872,803.1480383173371
261873,488.7663420592674
261874,518.0265914456969
261875,318.9118735412304
261876,2036.448029412385
261877,1602.0708511067196
261878,999.1649465525427
261879,1028.1175793295906
261880,370.52577436748174
261881,2408.580375133112
261882,1907.5043008647558
261883,1155.6183756627295
261884,1179.9398158183044
261885,135.35644780626774
261886,820.2783230803858
261887,621.6975545553045
261888,398.8986384172398
261889,427.621061044826
261890,257.0551551663664
261891,1618.6670509286864
261892,1290.9925198121523
261893,793.440429085686
261894,825.3451932841044
261895,293.02893035873035
261896,1914.81418808656
261897,1553.0719943401905
261898,910.7169343302317
261899,937.9905059071768
261900,731.9476020961297
261901,622.7776496409912
261902,489.5957149268764
261903,286.0551320230569
261904,302.0283256801519
261905,538.6549087921615
261906,1227.5008867044212
261907,986.0588049714785
261908,593.1109738318347
261909,619.0921432551279
261910,310.9779635104828
261911,1459.4153983868925
261912,1169.3658936426334
261913,693.6465253347266
261914,717.2512805669139
261915,127.30286228691378
261916,630.6802720720542
261917,497.4114585210141
261918,294.40443224266266
261919,310.3776258997577
261920,199.71807687599244
261921,1249.170578384412
261922,1005.5921530657234
261923,609.7174014960822
261924,635.6985709193754
261925,223.09866098062355
261926,1496.5133503724298
261927,1192.2873173979754
261928,709.4086913862607
261929,733.013446618448
261930,70.11591740658862
261931,440.95327740849365
261932,347.27277744758845
261933,207.89174603402031
261934,232.12408819799066
261935,128.2846907045202
261936,919.5564372704423
261937,734.6904039785359
261938,423.99235296261025
261939,449.52961132738994
261940,159.258143763235
261941,1084.476238562956
261942,849.9722360735234
261943,504.2377829120663
261944,527.3986270857408
261945,723.1040663415
261946,34.43938524135723
261947,-0.2671879766597775
261948,-3.5934149277073866
261949,13.211035171613352
261950,28.395179407490094
261951,36.50203304497431
261952,3.4353960823432566
261953,-3.146042286974332
261954,14.333999224702197
261955,-14.372955313761349
261956,56.82551766341805
261957,24.764535578670404
261958,16.31855002357482
261959,36.86126997404191
261960,147.00707730321403
261961,1034.7694671671586
261962,807.2834772172246
261963,488.33628200716
261964,517.5965313935894
261965,318.62546204339185
261966,2036.1616179145465
261967,1606.206290006607
261968,998.7348865004352
261969,1027.6875192774833
261970,370.2393628696432
261971,2408.2939636352735
261972,1911.6397397646433
261973,1155.188315610622
261974,1179.509755766197
261975,135.0700363084292
261976,819.9919115825472
261977,623.1502950123977
261978,398.4685783651324
261979,427.19100099271856
261980,256.7687436685278
261981,1618.3806394308479
261982,1292.4452602692456
261983,793.0103690335785
261984,824.915133231997
261985,292.7425188608918
261986,1914.5277765887215
261987,1554.5247347972838
261988,910.2868742781242
261989,937.5604458550694
261990,731.9476020961297
261991,622.7776496409912
261992,489.5957149268764
261993,286.0551320230569
261994,302.0283256801519
261995,472.33820574556165
261996,1227.5008867044212
261997,986.0588049714785
261998,593.1109738318347
261999,619.0921432551279
262000,310.9779635104828
262001,1459.4153983868925
262002,1169.3658936426334
262003,693.6465253347266
262004,717.2512805669139
262005,127.30286228691378
262006,630.6802720720542
262007,497.4114585210141
262008,294.40443224266266
262009,310.3776258997577
262010,199.71807687599244
262011,1249.170578384412
262012,1005.5921530657234
262013,609.7174014960822
262014,635.6985709193754
262015,223.09866098062355
262016,1496.5133503724298
262017,1192.2873173979754
262018,709.4086913862607
262019,733.013446618448
262020,70.11591740658862
262021,440.95327740849365
262022,347.27277744758845
262023,207.89174603402031
262024,232.12408819799066
262025,128.2846907045202
262026,919.5564372704423
262027,734.6904039785359
262028,423.99235296261025
262029,449.52961132738994
262030,159.258143763235
262031,1084.476238562956
262032,849.9722360735234
262033,504.2377829120663
262034,527.3986270857408
262035,723.1040663415
262036,34.43938524135723
262037,-0.2671879766597775
262038,-3.5934149277073866
262039,13.211035171613352
262040,28.395179407490094
262041,36.50203304497431
262042,3.4353960823432566
262043,-3.146042286974332
262044,14.333999224702197
262045,-14.372955313761349
262046,56.82551766341805
262047,24.764535578670404
262048,16.31855002357482
262049,36.86126997404191
262050,147.00707730321403
262051,1034.7694671671586
262052,807.2834772172246
262053,488.33628200716
262054,517.5965313935894
262055,318.62546204339185
262056,2036.1616179145465
262057,1606.206290006607
262058,998.7348865004352
262059,1027.6875192774833
262060,370.2393628696432
262061,2408.2939636352735
262062,1911.6397397646433
262063,1155.188315610622
262064,1179.509755766197
262065,135.0700363084292
262066,819.9919115825472
262067,623.1502950123977
262068,398.4685783651324
262069,427.19100099271856
262070,256.7687436685278
262071,1618.3806394308479
262072,1292.4452602692456
262073,793.0103690335785
262074,824.915133231997
262075,292.7425188608918
262076,1914.5277765887215
262077,1554.5247347972838
262078,910.2868742781242
262079,937.5604458550694
262080,731.4577044548671
262081,655.264947818485
262082,521.5111783813252
262083,310.95535229585596
262084,329.8445237805388
262085,403.2400569012057
262086,1275.7958435156474
262087,1021.2627618779364
262088,631.7351484128185
262089,649.2325870369102
262090,277.8117423466552
262091,1512.0679886896264
262092,1206.2670232691678
262093,746.3508982851434
262094,757.4314430000684
262095,122.09373873074755
262096,669.3955613596559
262097,532.9886636488509
262098,318.6861407349628
262099,337.57531221964564
262100,195.38009185581762
262101,1304.3120380862454
262102,1045.076363426068
262103,648.341576077066
262104,665.8390147011577
262105,236.97667316109874
262106,1572.0133583245067
262107,1246.2030933111255
262108,762.1130643366776
262109,773.1936090516025
262110,76.14721042451266
262111,468.62955157219466
262112,366.9865981514925
262113,225.36183807524037
262114,254.7449108240636
262115,134.29367390934564
262116,957.2585476855015
262117,766.0966254034092
262118,457.1477136078376
262119,483.7693060488229
262120,179.12461885076806
262121,1141.9101994300224
262122,895.183325252965
262123,548.4040485362661
262124,568.6087470680848
262125,714.9794179619923
262126,36.14419898276234
262127,0.6582702858443226
262128,-1.7012651519501378
262129,25.073270028404163
262130,44.98139404186941
262131,35.307348135729484
262132,8.072364154841654
262133,9.2083385428683
262134,32.59206862693095
262135,-9.616801262457425
262136,59.54291576164605
262137,21.957476593023994
262138,27.23582576909573
262139,54.23651919046082
262140,158.0693028801633
262141,1077.8864822502
262142,836.7222858192296
262143,519.9309182808134
262144,540.689131594547
262145,332.53126801940067
262146,2189.489373134607
262147,1714.9490568694864
262148,1054.3179636331488
262149,1055.25989356051
262150,389.3439083521188
262151,2550.5211101686027
262152,2038.4140728077152
262153,1228.3032609515942
262154,1210.5806348912724
262155,148.32553770918113
262156,871.0754114508662
262157,664.0661475928982
262158,432.3886402961127
262159,453.96453663432135
262160,269.8294639838366
262161,1725.8453095598366
262162,1362.3724435450572
262163,856.377079487759
262164,867.0125826683563
262165,319.69925755665645
262166,2029.1637202549123
262167,1642.4081492793805
262168,991.7463430892374
262169,998.3049385468732
262170,728.3372225124529
262171,689.4852462645057
262172,536.9601768903821
262173,325.94783781616815
262174,348.8890781753953
262175,356.98777574573313
262176,1365.6054849484922
262177,1102.1978544093233
262178,670.768674998362
262179,692.9928842625694
262180,268.531077500677
262181,1624.469502055538
262182,1308.9657325549292
262183,786.5958236450717
262184,807.8422316300087
262185,125.40335318909736
262186,704.8912417266256
262187,550.348559335585
262188,335.58952343295226
262189,358.53076379217936
262190,200.8514263038062
262191,1395.248033384141
262192,1126.011455957455
262193,687.3751026626095
262194,709.5993119268169
262195,243.194876385919
262196,1689.4777788969686
262197,1350.7000670722398
262198,804.1562541719587
262199,825.4026621568956
262200,83.40479972970657
262201,494.91811504554204
262202,386.2395665341051
262203,233.56001068282978
262204,266.99515230619744
262205,148.32139248945893
262206,1003.3929438579316
262207,810.3434173854755
262208,476.2632747366362
262209,507.6116378177374
262210,193.2626117809316
262211,1188.8116004599221
262212,937.2305780476619
262213,568.3030327510916
262214,598.6735945529222
262215,701.1649224644042
262216,46.14278877925002
262217,2.985878433942914
262218,2.794091584216728
262219,35.652250054832905
262220,75.27285617251148
262221,36.66360524053496
262222,7.541017069283314
262223,12.900904366409275
262224,43.04295950630505
262225,11.156245402628269
262226,64.23930075635343
262227,22.83028010943354
262228,30.25333510129891
262229,64.01235357849707
262230,164.00316474399153
262231,1129.9862606113693
262232,893.90423947084
262233,541.5558184406786
262234,566.3661006289567
262235,330.36631220620427
262236,2312.7588213960803
262237,1792.915538846911
262238,1117.748146269105
262239,1123.4168468365822
262240,415.13834313604605
262241,2688.838158114157
262242,2144.3489842304434
262243,1330.0287025402604
262244,1317.0328471200544
262245,154.23589594001882
262246,920.0408301366886
262247,717.3031799108257
262248,449.74374091935067
262249,475.37170613210355
262250,269.5821926451346
262251,1810.595017893631
262252,1469.6468135797397
262253,887.3402479166141
262254,902.7025217373271
262255,326.89123429481043
262256,2148.7868522065096
262257,1763.905263160607
262258,1040.4846279505339
262259,1051.7699940482855
262260,695.782345749142
262261,768.3752678011022
262262,604.022178639564
262263,375.7916007727958
262264,396.71138235218007
262265,263.92901201243205
262266,1541.9367732642631
262267,1234.7248653883403
262268,725.8759917321347
262269,744.2614438533097
262270,286.5046642999694
262271,1805.874650253043
262272,1445.9909521053582
262273,868.1049197531817
262274,887.3298689582758
262275,149.2501374515674
262276,782.9049847332667
262277,619.1158483823267
262278,385.6300800162298
262279,406.5498615956141
262280,211.31172825010023
262281,1570.7788857285054
262282,1256.3562792952953
262283,742.9403520778395
262284,761.3258041990146
262285,250.39097726876105
262286,1865.0736207502841
262287,1485.5430989814922
262288,886.123282961526
262289,905.3482321666202
262290,104.89009654023884
262291,561.0608478589703
262292,440.90744345006743
262293,253.85281468988074
262294,285.64080141303435
262295,161.46559608075373
262296,1088.8345263531496
262297,882.1091400697311
262298,514.0173437708131
262299,541.9012535885107
262300,200.03697336867344
262301,1309.0217672971326
262302,1053.9117348561522
262303,646.7382064635008
262304,675.4616133651175
262305,727.6554491651108
262306,47.36345340880887
262307,8.862621503940266
262308,6.844955658108672
262309,38.055959228511064
262310,27.611616889590728
262311,44.57366633922757
262312,17.782339105277412
262313,19.719326688437135
262314,46.39692856492965
262315,11.802657250533322
262316,73.34449981709935
262317,37.90063054015307
262318,37.666456372051705
262319,69.77831994903599
262320,180.7588224347784
262321,1249.7677891467015
262322,995.02031436705
262323,598.2131361290972
262324,621.3762634171613
262325,384.12119581030134
262326,2535.879766131902
262327,1946.7452794115688
262328,1214.4275435812146
262329,1228.3055623238722
262330,438.8471358493932
262331,3034.3733152607947
262332,2416.9204392381153
262333,1453.1013773189536
262334,1448.7195972508785
262335,164.48132956893505
262336,1015.2200783771501
262337,790.3936839929453
262338,479.0279049865104
262339,503.0087152990494
262340,317.5159575908436
262341,1977.1952800684016
262342,1623.4072834730505
262343,972.5903588381416
262344,996.1619508340344
262345,352.15317025828944
262346,2359.3739220172542
262347,1909.6954639880921
262348,1155.311829964886
262349,1175.2112714147686
262350,732.8224023760893
262351,628.6809938137789
262352,493.22954355713904
262353,297.25858191678736
262354,304.00859989185716
262355,458.22871249265194
262356,1233.4042308772086
262357,987.4970992045393
262358,604.3144237255653
262359,621.0724174668334
262360,315.7929433889717
262361,1468.5894813961163
262362,1174.0749267121305
262363,708.1207140648934
262364,722.5022936150556
262365,133.55981092392335
262366,643.7937510636558
262367,508.2554219700909
262368,309.25614306315475
262369,316.00616103822455
262370,206.63215935847296
262371,1265.809357465413
262372,1017.7658822069973
262373,624.5691123165745
262374,641.3271060578426
262375,239.5311977471423
262376,1519.8024174935406
262377,1211.1113345793594
262378,734.4359903362622
262379,748.8175698864244
262380,73.18732488931983
262381,445.6565244546422
262382,349.70650895121173
262383,219.557915700234
262384,236.80183493944426
262385,132.01323203272227
262386,927.7849844059905
262387,738.4539011743575
262388,435.6585226288239
262389,454.2073580688435
262390,163.52096113462218
262391,1090.3708954977606
262392,851.4018430686015
262393,517.0953624669369
262394,533.2677837158507
262395,726.6324263873054
262396,39.5995848505799
262397,5.909505186492844
262398,5.916201399541231
262399,18.345734476141093
262400,31.92353945329536
262401,41.662232654196984
262402,9.612089245495875
262403,6.363574040274286
262404,19.468698529229943
262405,-10.84459526795607
262406,61.9857172726407
262407,30.941228741823014
262408,25.828166350823423
262409,41.99596927856963
262410,150.53543734901928
262411,1044.3918285053576
262412,812.483988157697
262413,501.74897991886957
262414,519.2448735820328
262415,322.15382208919715
262416,2045.7839792527448
262417,1611.4068009470793
262418,1012.1475844121444
262419,1014.1551849279721
262420,373.7677229154485
262421,2417.916324973472
262422,1916.8402507051155
262423,1168.6010135223314
262424,1165.9774214166857
262425,138.59839635423444
262426,829.6142729207457
262427,631.0335043956644
262428,411.88127627684185
262429,430.19485296447994
262430,260.297103714333
262431,1628.0030007690461
262432,1300.328469652512
262433,806.4230669452882
262434,827.9189852037584
262435,296.2708789066971
262436,1924.1501379269198
262437,1562.4079441805502
262438,923.6995721898338
262439,940.5642978268309
262440,749.661659598928
262441,671.658661355499
262442,522.3679621233317
262443,314.49863281502695
262444,349.48844988515236
262445,414.6539165035404
262446,1301.9273870202853
262447,1030.7524496422752
262448,628.8481100601833
262449,689.1125077986994
262450,314.766717959524
262451,1533.4775366590575
262452,1217.3302771498668
262453,732.6544003995114
262454,790.5423839469216
262455,153.0254106872272
262456,689.397761145841
262457,540.0201830767486
262458,332.74952231310345
262459,367.7393393832289
262460,254.19572010105497
262461,1363.6378373010623
262462,1095.1797390259803
262463,670.8304158723134
262464,731.0948136108295
262465,275.6124928330967
262466,1613.9957964490543
262467,1288.5251913983423
262468,780.6972938920011
262469,838.5852774394114
262470,91.24952903406826
262471,486.1499271007193
262472,380.06787443931404
262473,235.16910467051264
262474,270.1692724849514
262475,165.9800509875283
262476,976.1499213079506
262477,778.0277276908427
262478,452.70081965012423
262479,487.01858059211236
262480,186.0055144328008
262481,1139.250916755332
262482,890.9756695850866
262483,534.1376594882371
262484,566.0790062391186
262485,748.7851226404326
262486,70.51106862474715
262487,33.3836026076818
262488,18.64012230290651
262489,31.699553624151047
262490,-16.48065798997777
262491,69.58330708106705
262492,28.80588925178191
262493,19.58905724497345
262494,20.069284521473254
262495,1.1489514004968926
262496,83.72722525012529
262497,50.1350287481091
262498,39.05364955552265
262499,42.59655527081307
262500,169.5305693006772
262501,1091.6972288738211
262502,843.7782814527087
262503,515.1214071004886
262504,577.4415710340137
262505,353.46495871920695
262506,2136.677859570988
262507,1687.3919419946183
262508,1028.4673532227775
262509,1139.793238678133
262510,430.333315092553
262511,2537.086396388455
262512,2024.125821239234
262513,1216.2212118195441
262514,1322.9159046534269
262515,156.49196802576103
262516,869.0916324005673
262517,661.2262374105447
262518,424.1521431783293
262519,480.397270139867
262520,300.4307579724336
262521,1728.7410696860734
262522,1386.1577992988337
262523,836.9215937514164
262524,904.5307678555292
262525,352.56999162694643
262526,2037.3489202472272
262527,1670.4487062285052
262528,976.4095313975956
262529,1039.3875128802345
262530,753.8550880389054
262531,713.0362255934335
262532,566.0150419037915
262533,324.48299419833927
262534,414.9925935835459
262535,418.84734494351767
262536,1361.227266504674
262537,1094.5173790663905
262538,638.8324714434956
262539,754.6166514970928
262540,318.96014639950124
262541,1649.3478200682923
262542,1304.957701052888
262543,766.5012562617296
262544,879.909022124221
262545,157.21883912720452
262546,734.223783568423
262547,587.1157210418556
262548,346.1823418810632
262549,436.6919412662698
262550,263.0105985885559
262551,1431.007625017622
262552,1167.0145766822668
262553,684.2632354402731
262554,800.0474154938703
262555,279.805921273074
262556,1733.3145380429366
262557,1379.601073486011
262558,817.9926079388667
262559,931.4003738013581
262560,95.44295747404554
262561,527.5274913386544
262562,423.7149542197737
262563,245.15346605382513
262564,335.67341618334484
262565,170.57430265989657
262566,1035.8506240247295
262567,842.1934803473487
262568,462.68518103343655
262569,552.522724290507
262570,190.1989428727781
262571,1255.1212001645667
262572,978.6030934881078
262573,567.9845153504554
262574,655.445644416418
262575,744.2335463316393
262576,62.948329148986886
262577,24.804369577991515
262578,12.563372007081052
262579,81.14258564340686
262580,-26.64689330806875
262581,62.020567605306795
262582,20.226656222091655
262583,13.512306949147998
262584,69.51231654072906
262585,-3.402624908296418
262586,102.95014785138531
262587,35.63354834949878
262588,27.05465189077703
262589,86.11733992114867
262590,187.5129690806915
262591,1141.202779844911
262592,897.7056828215248
262593,531.5786328934706
262594,649.4185791420769
262595,371.89615664087256
262596,2282.078794957102
262597,1804.2395743909744
262598,1067.670803074847
262599,1234.5164708452837
262600,448.7645130142186
262601,2806.772091909407
262602,2192.1602967377344
262603,1306.611504773758
262604,1468.825979922722
262605,173.01747012118784
262606,913.2026631418274
262607,707.0764201067367
262608,439.15247128672394
262609,550.9173805633436
262610,316.95626006786034
262611,1772.8521004273334
262612,1432.0079819950256
262613,851.9219218598109
262614,975.0508782790049
262615,369.0954937223732
262616,2179.28027154472
262617,1741.0212924482341
262618,1016.1322630295277
262619,1134.6300268272469
262620,749.8024074616495
262621,768.5885964427813
262622,621.5674127531393
262623,337.0636983251654
262624,423.8234999640081
262625,396.96495831536726
262626,1489.7314778818964
262627,1223.021590443613
262628,671.7118061144168
262629,804.1020006941698
262630,326.257824778174
262631,1838.200633385322
262632,1460.0304649213917
262633,825.9491434239319
262634,960.3009850964149
262635,153.16615854994868
262636,789.7761544177706
262637,642.6680918912035
262638,358.76304600788933
262639,445.522847646732
262640,257.5694143195051
262641,1559.5118363948445
262642,1295.5187880594892
262643,717.1425701111943
262644,849.5327646909473
262645,287.1035996517466
262646,1922.1673513599662
262647,1534.6738373545147
262648,877.440495101069
262649,1011.792336773552
262650,91.3902768967897
262651,559.7801335787552
262652,455.9675964598744
262653,257.7341701806513
262654,344.504322563807
262655,165.1331183908457
262656,1110.6050297150023
262657,916.9478860376216
262658,495.56451570435837
262659,602.0080734875839
262660,197.4966212514508
262661,1390.224207794647
262662,1079.9260516696613
262663,627.4324025126576
262664,735.8376073886119
262665,721.4922540233813
262666,41.55370786758385
262667,3.409748296588506
262668,1.7539421045048351
262669,66.58335799446677
262670,-49.388185616326794
262671,40.625946323903776
262672,-1.167965059311362
262673,9.435544914006849
262674,82.04156903174353
262675,-26.143917216554467
262676,129.16526586206567
262677,28.068616911653237
262678,36.80757969919347
262679,116.8143435395564
262680,200.757350575574
262681,1235.1696153630578
262682,991.6725183396708
262683,556.754876794035
262684,670.8450252962773
262685,388.1477907315098
262686,2526.0482961406524
262687,2023.5309159796054
262688,1139.7062135570566
262689,1323.157895853649
262690,465.01614710485586
262691,3238.093533345139
262692,2441.5046703938324
262693,1408.6999473234346
262694,1591.85849828239
262695,183.79704242048953
262696,983.7961995370551
262697,777.6699565019643
262698,461.8639059917075
262699,569.8790175219632
262700,336.14397595796106
262701,1872.4835349735454
262702,1531.6394165412376
262703,889.7741680230286
262704,1029.5091389683782
262705,388.2832096124739
262706,2402.585088756443
262707,1870.705759061913
262708,1084.0375412602114
262709,1223.4793808679235
262710,752.2294773607358
262711,921.620501066707
262712,748.9845286728906
262713,380.1000993713081
262714,492.2734360745513
262715,369.9995192135645
262716,1766.8465123992212
262717,1417.892553859336
262718,778.3315737176146
262719,924.7355947349786
262720,313.9003188386508
262721,2093.117889368463
262722,1653.9978915698875
262723,946.3747048129007
262724,1119.2828496525299
262725,155.26151395793147
262726,953.4235615756043
262727,778.1344609081427
262728,405.5684466973332
262729,517.7417834005763
262730,282.8601323302318
262731,1864.065256130624
262732,1523.213488789199
262733,840.2595224695797
262734,986.6635434869437
262735,340.6448352610526
262736,2230.832832301889
262737,1784.5083191313174
262738,1014.3632412452255
262739,1187.271386084855
262740,103.27316943638263
262741,668.8575900777538
262742,532.0396455179484
262743,285.60350010770946
262744,397.78718755526575
262745,195.1598533849574
262746,1271.5014422413974
262747,1037.664563118898
262748,565.6852517503744
262749,686.7260434190555
262750,251.4153685261992
262751,1577.314525376199
262752,1222.1558119997937
262753,708.2896389539825
262754,855.8345544449293
262755,692.1525075669488
262756,81.08410404662887
262757,17.117835015603493
262758,-10.26201705084025
262759,70.05191128506343
262760,-74.00593136406191
262761,77.3072977357658
262762,20.03651643864183
262763,6.279925376661911
262764,86.00406605783924
262765,-52.904852743132786
262766,165.911829902959
262767,39.22836186415813
262768,31.94045049386491
262769,148.2025722437766
262770,233.76655937404252
262771,1437.8716084093332
262772,1155.653350923781
262773,624.9085269434514
262774,773.4716655382958
262775,443.400742191576
262776,2957.3616885373044
262777,2363.121589075169
262778,1268.3411709391294
262779,1502.424886990995
262780,532.5411733131234
262781,3619.3215014572975
262782,2792.0542325853185
262783,1561.9401081554997
262784,1810.2802859511144
262785,220.17203679296065
262786,1165.778222617956
262787,924.441378313917
262788,524.6552419980629
262789,653.9059160349713
262790,395.18754872146627
262791,2241.2759926317126
262792,1815.7566564023227
262793,1022.4700935266574
262794,1177.1153266298143
262795,468.29613599816884
262796,2730.885668238734
262797,2157.0282169296925
262798,1241.8995603625078
262799,1425.3889034741346
262800,755.6174419555883
262801,929.4480893743554
262802,740.848928509606
262803,403.9099545601234
262804,501.4848683179506
262805,330.25568459535873
262806,1822.4886206014928
262807,1472.9167428147393
262808,826.1824699716614
262809,982.7852763586344
262810,311.1281005299394
262811,2179.126692596003
262812,1733.112002183307
262813,995.4369998413323
262814,1183.9830226804663
262815,165.0795749535481
262816,962.5265318042016
262817,771.9097579225354
262818,431.2891990638258
262819,528.8641128216532
262820,294.8399133154871
262821,1920.8337181979466
262822,1578.2376777446023
262823,888.1104187236265
262824,1044.7132251105988
262825,353.3714850231397
262826,2321.9045427359783
262827,1865.4206942200897
262828,1065.2238007490096
262829,1253.7698235881444
262830,105.43003860429049
262831,657.1442767381761
262832,516.0988485536666
262833,292.2903363709175
262834,389.8756008730578
262835,204.08685182778478
262836,1271.8591385087018
262837,1044.391284850428
262838,583.2894765347917
262839,714.5290535730819
262840,260.4526413190768
262841,1586.214049593173
262842,1229.009299447596
262843,726.6772868244265
262844,889.8600803148786
262845,672.6889928602677
262846,82.78964745048597
262847,13.960508237102355
262848,-7.826295730861686
262849,59.92076407534356
262850,-49.36348844251249
262851,62.59568535574044
262852,11.693929522842193
262853,7.912855784014628
262854,99.8673362505183
262855,-37.78082528713991
262856,162.3151685050359
262857,34.61623045396796
262858,32.89832440987976
262859,161.39078594511787
262860,246.75080810830772
262861,1462.613373946865
262862,1188.2854032177852
262863,652.0812333144945
262864,786.045948963923
262865,448.2861732488166
262866,2999.146698765689
262867,2367.860262674095
262868,1337.3191597862635
262869,1581.6016612077385
262870,565.3859949674876
262871,3689.0265405314944
262872,2832.1852466027194
262873,1669.2133559553438
262874,1927.7523191205676
262875,229.85617831285273
262876,1186.7912488640723
262877,952.5341296581695
262878,548.6879112385182
262879,663.3401623300103
262880,398.7140606718187
262881,2285.2008793640707
262882,1890.4628344901575
262883,1060.11083057273
262884,1224.9548490454947
262885,479.2618960253772
262886,2822.5564077506274
262887,2253.381049837244
262888,1297.3154138410216
262889,1491.0035423222573
262890,742.1983923343927
262891,980.098363821376
262892,792.8762663033665
262893,472.22531903908725
262894,533.8819711967841
262895,265.6011035763291
262896,1932.3766235232079
262897,1575.2688970914658
262898,898.7859359619573
262899,1017.6531823856099
262900,369.2079042103511
262901,2264.3313116650065
262902,1797.8800643511454
262903,1052.359944525664
262904,1204.9877057646686
262905,198.29252657728333
262906,1010.9403306130445
262907,824.2821859056331
262908,498.44116006121715
262909,560.0978122189135
262910,320.4461071581605
262911,2012.3567171359853
262912,1652.8914748356299
262913,947.7019469557698
262914,1066.569193379422
262915,387.41551196920886
262916,2383.735287448524
262917,1902.4903992022294
262918,1109.13480767519
262919,1261.7625689141944
262920,140.91992337284648
262921,698.2429923200043
262922,555.2205795546311
262923,327.6573901465015
262924,389.6986969281397
262925,228.34284415410215
262926,1336.6128493681736
262927,1096.4683398488007
262928,628.2444041378844
262929,728.8726297627792
262930,290.040825808689
262931,1636.977771230494
262932,1283.9194878899045
262933,770.2310184254532
262934,904.6197588656993
262935,691.0536474784782
262936,86.20758060012271
262937,24.83774033878278
262938,-4.319361135797714
262939,27.88374094990544
262940,-94.75305520917698
262941,84.34779663964473
262942,36.77650569391243
262943,13.989642240054788
262944,75.33277129316325
262945,-29.783579560978325
262946,171.97502304412302
262947,51.22206239173957
262948,26.264037186620808
262949,125.96244567165321
262950,306.74783044224006
262951,1546.1113719610257
262952,1268.4948888249023
262953,753.0495774565675
262954,851.4703353854937
262955,607.6967866743662
262956,3201.5629967421837
262957,2527.8137684775434
262958,1536.2628275470279
262959,1737.804022486444
262960,696.140136296254
262961,3902.3573726075856
262962,3021.6601613016896
262963,1798.607894282364
262964,2014.8103081424792
262965,243.91519098121714
262966,1239.0609828419683
262967,991.365580101291
262968,582.8553161556353
262969,661.9636095266256
262970,468.37555100136484
262971,2407.1588058461894
262972,2026.4093806889352
262973,1158.340967137893
262974,1297.49750096555
262975,527.6411761666611
262976,2918.8707198599354
262977,2327.2797971166265
262978,1355.644674177289
262979,1524.0500751903676
262980,747.421877337777
262981,701.0102325184888
262982,630.8971448662223
262983,298.41705319226526
262984,397.4085557951363
262985,482.62314549769604
262986,1376.6889710514106
262987,1210.2940329550538
262988,616.5324565099136
262989,772.8067264857075
262990,301.55714062768743
262991,1618.042981494623
262992,1411.1559569473172
262993,738.236049929295
262994,901.433412283304
262995,138.08814279390927
262996,720.8933610737321
262997,644.7770084748015
262998,320.82207180610806
262999,420.3339992604076
263000,224.3239065279964
263001,1428.548553430457
263002,1259.7572299596727
263003,660.6802662768024
263004,811.3110127344788
263005,279.43060868526896
263006,1685.806507400945
263007,1462.9128433238384
263008,781.5395980834704
263009,939.093436919362
263010,81.06455103780993
263011,519.8893551236725
263012,474.8258717013857
263013,247.92741648487822
263014,306.27417205764465
263015,137.98799691081285
263016,1055.469314519961
263017,933.8718579890091
263018,470.2137686896843
263019,565.5576575732681
263020,200.53859992550855
263021,1229.4155659763994
263022,1063.3669485320465
263023,569.3800499717662
263024,671.6470312335641
263025,683.4403666159965
263026,42.40241156641072
263027,48.552515893075736
263028,3.1577693157372018
263029,17.836268635739945
263030,-34.54033316261121
263031,64.83784367116372
263032,75.75135077007039
263033,10.770388535553181
263034,39.20597133840433
263035,-81.82128857569066
263036,81.11432586980284
263037,90.8145953885132
263038,38.40184534021486
263039,53.429027948090635
263040,219.0105871893224
263041,1157.850719825132
263042,1031.512412459853
263043,561.2011255013806
263044,673.371957843527
263045,424.17761941750695
263046,2386.3552864421995
263047,2143.8636411064895
263048,1129.7229662580694
263049,1387.0431886652464
263050,516.4252164668795
263051,2794.2957819940557
263052,2450.3157674719764
263053,1314.1922134597808
263054,1601.882843116221
263055,160.51745407688014
263056,895.264094999698
263057,777.684034874788
263058,421.0978871290946
263059,540.989690294341
263060,299.4441254596935
263061,1774.3530114675782
263062,1561.938628610121
263063,826.3898388575711
263064,1009.1872860338972
263065,365.68326229019175
263066,2092.3280237493864
263067,1844.6147880075025
263068,972.4572208504412
263069,1185.6250752760307
263070,745.2323478914566
263071,672.3750540142189
263072,600.8645152363673
263073,283.8539364312702
263074,365.94148736273036
263075,467.24154148913414
263076,1311.6609565599624
263077,1161.4837229824627
263078,591.9701963791514
263079,725.8108643661993
263080,282.29882574821704
263081,1549.1382561322657
263082,1358.4689361038172
263083,709.7970789276239
263084,850.5608392928871
263085,132.51953386637658
263086,692.2581825694623
263087,614.7443788449465
263088,306.25895504511294
263089,388.86693082800167
263090,213.9472106259402
263091,1358.7124519644851
263092,1206.138833012558
263093,631.3099191715166
263094,759.5070636404471
263095,265.17720191230404
263096,1612.0936950640641
263097,1405.4177355058148
263098,748.2925401072758
263099,883.4127769544215
263100,75.49594211027716
263101,485.8948721853708
263102,439.4339376374993
263103,228.0049952898513
263104,274.8071036252387
263105,132.41938798328022
263106,995.9357626190867
263107,879.7022435823858
263108,440.2922041248907
263109,518.5617954537602
263110,191.093280127067
263111,1166.0053032046176
263112,1005.3206232545143
263113,535.5817745360633
263114,620.7744582431474
263115,696.1925895257423
263116,26.728760465388145
263117,31.481413666467926
263118,1.5561799579889688
263119,4.690032040612606
263120,-21.788110252865238
263121,44.07734459349499
263122,60.3547891866519
263123,-0.8303441919617063
263124,10.53094105617518
263125,-69.06906566594463
263126,60.35382679213411
263127,75.41803380509458
263128,26.801112612699924
263129,24.75399766586143
263130,192.4149381751247
263131,1101.980274331924
263132,974.2445158410599
263133,519.4027417514463
263134,616.2047867951507
263135,383.9306302138602
263136,2185.5976757203816
263137,1959.8144426812594
263138,988.9948148813382
263139,1251.910813304001
263140,463.6050412727128
263141,2580.9649852817174
263142,2253.693383056223
263143,1160.890876092529
263144,1454.1772817644555
263145,155.79886897960546
263146,863.6872353450244
263147,744.7097240945292
263148,403.5930892176958
263149,508.1161050844991
263150,293.6151383502118
263151,1706.4093507161797
263152,1510.7033801553077
263153,795.9928115596789
263154,957.8918211202275
263155,347.28108919018985
263156,2011.81117700747
263157,1780.806353562169
263158,929.4870075620287
263159,1121.7564243718411
263160,743.2524698005627
263161,666.9989251627914
263162,594.2014354570982
263163,276.4191555545734
263164,351.8673992828656
263165,471.3689061529726
263166,1296.7208190665135
263167,1145.8418608731583
263168,575.5566331724193
263169,712.5333117676169
263170,269.32747178607
263171,1534.1981186388168
263172,1342.8270739945128
263173,693.3835157208919
263174,837.2832866943046
263175,127.93187277623969
263176,673.2854510091377
263177,599.1992169018873
263178,296.8422247942712
263179,372.810893373992
263180,226.45826816178888
263181,1324.8103426126186
263182,1176.2495195899428
263183,607.549037441119
263184,744.2475616677197
263185,260.58954082216695
263186,1578.1915857121976
263187,1375.5284220831995
263188,724.5316583768782
263189,868.153274981694
263190,70.90828102014038
263191,482.4807826204066
263192,434.7328971446938
263193,224.2205815292725
263194,264.3833826614919
263195,144.93044551912908
263196,986.3519790571459
263197,869.4167354045894
263198,430.92332267932085
263199,508.9346099712946
263200,186.50561903693017
263201,1156.4215196426765
263202,995.0351150767182
263203,526.2128930904936
263204,611.1472727606827
263205,704.8939197664246
263206,36.60366223124267
263207,40.06936450448114
263208,11.060757528228795
263209,7.555302407684452
263210,4.011938613802103
263211,47.782552362372535
263212,63.35827233967416
263213,3.089765693287154
263214,14.192746904528894
263215,-60.36773542526277
263216,64.05903456101167
263217,78.42151695811687
263218,30.721222497948805
263219,28.415803514215085
263220,174.7866935534554
263221,1084.2516144318943
263222,954.5286607815776
263223,502.3568303794787
263224,592.5195682200159
263225,370.44895705007116
263226,2152.1252091479028
263227,1924.9400072613141
263228,956.7903231489083
263229,1229.0221302101481
263230,445.9767966510436
263231,2547.492518709238
263232,2218.818947636277
263233,1128.686384360099
263234,1431.2885986706026
263235,151.79714129208264
263236,858.1491060048661
263237,737.1843995949183
263238,398.73770840560024
263239,496.6214170692356
263240,293.75998212056925
263241,1692.7522088744288
263242,1495.6442694660902
263243,783.6036445579768
263244,947.1936685862461
263245,343.27936150266714
263246,1998.154035165719
263247,1765.7472428729516
263248,917.0978405603266
263249,1111.0582718378596
263250,744.7425792381222
263251,666.071614034941
263252,593.2741243292478
263253,275.50792206486125
263254,352.9310945626249
263255,472.85901559053207
263256,1289.6912237104907
263257,1138.8122655171355
263258,574.6453996827071
263259,713.597007047376
263260,270.6771896987422
263261,1527.0281317579067
263262,1335.6570871136028
263263,692.3318907062924
263264,838.2065904491765
263265,129.42198221379914
263266,672.3581398812872
263267,598.2719057740369
263268,295.93099130455903
263269,373.87458865375123
263270,227.94837759934828
263271,1317.7807472565958
263272,1169.21992423392
263273,606.6378039514068
263274,745.3112569474788
263275,261.9392587348391
263276,1571.0215988312873
263277,1368.3584352022892
263278,723.4800333622787
263279,869.0765787365659
263280,72.39839045769975
263281,481.55347149255624
263282,433.80558601684345
263283,223.30934803956026
263284,265.44707794125117
263285,146.42055495668833
263286,979.3223837011232
263287,862.3871400485667
263288,430.0120891896087
263289,509.9983052510538
263290,187.85533694960228
263291,1149.2515327617664
263292,987.8651281958082
263293,525.1612680758942
263294,612.0705765155545
263295,706.0999194648745
263296,35.39224136428286
263297,38.85794363752133
263298,9.865414299407174
263299,5.588898430915887
263300,9.894298636353714
263301,51.3805271975366
263302,66.9562471748382
263303,1.8944224644655345
263304,12.226342927760312
263305,-51.91803412247787
263306,65.10657070758106
263307,79.46905310468628
263308,26.975440580532517
263309,23.898960848851882
263310,171.0012742028972
263311,1078.0487745159262
263312,948.3258208656094
263313,496.17006810164895
263314,579.8723013942499
263315,356.7410588674149
263316,2118.254532096337
263317,1891.0693302097488
263318,950.6035608710783
263319,1216.3748633843823
263320,429.7184597797927
263321,2511.0714029690776
263322,2182.3978318961163
263323,1119.9491833936745
263324,1416.090893156242
263325,157.37698701243772
263326,861.3115311598114
263327,740.3468247498636
263328,401.9162111986837
263329,492.53643009441225
263330,299.3398278409243
263331,1693.131671699524
263332,1496.0237322911855
263333,786.7821473510602
263334,943.1086816114226
263335,346.3087685344276
263336,1995.9830593022195
263337,1763.576267009452
263338,917.7259046648154
263339,1104.4228461744412
263340,743.2497535961801
263341,712.3164326624756
263342,636.179279722517
263343,317.27737719694056
263344,368.8935948806255
263345,353.1292105407297
263346,1351.8019939059511
263347,1185.0642072966075
263348,629.9819960223952
263349,753.6916529492053
263350,234.76244183347202
263351,1602.5373186035808
263352,1392.6469847718568
263353,733.4996412795145
263354,909.3612760248903
263355,122.94496057044341
263356,725.062076442298
263357,640.5105304505404
263358,337.0819346561395
263359,389.21857719125296
263360,217.49240488829162
263361,1386.9691471660315
263362,1215.4238470771252
263363,661.9744002910949
263364,785.4059028493081
263365,267.03463790357694
263366,1659.8056700346806
263367,1431.4975685680208
263368,764.6477839355009
263369,940.2312643122798
263370,76.24012722613374
263371,521.8006378574878
263372,463.58744049726766
263373,256.7270167777597
263374,273.0577918653719
263375,149.96515313487012
263376,1034.228940078144
263377,908.4949490106915
263378,483.5334742577785
263379,548.2777398813653
263380,202.59278168963604
263381,1220.9504654927862
263382,1048.1048527404998
263383,561.4445139871377
263384,674.5658133006125
263385,703.8735802785453
263386,50.41027115987014
263387,50.59375952949718
263388,33.33796185483633
263389,-5.509834927793922
263390,6.121747310293865
263391,68.13261210320539
263392,87.03712663753977
263393,34.55522479694864
263394,15.393872885086237
263395,-32.55754907816121
263396,85.77073862072255
263397,92.10590550924312
263398,48.11247501050047
263399,13.963825227146272
263400,180.94279530739243
263401,1150.5098674040196
263402,1004.6058488479557
263403,544.0853361638377
263404,611.3703141962394
263405,366.4133274497405
263406,2305.5599188821807
263407,2041.8460603857222
263408,1034.3807325325056
263409,1280.4591042703646
263410,442.17889663054416
263411,2681.7527769089206
263412,2348.0253405777776
263413,1200.6123702731466
263414,1493.597393937491
263415,169.4895940894461
263416,941.7169189818924
263417,808.0817068594158
263418,452.1347150669095
263419,514.1069063569106
263420,308.1448209112607
263421,1834.5517835430073
263422,1597.4034988567812
263423,867.7615723106437
263424,997.9298386590721
263425,373.43218955427704
263426,2145.8840213307326
263427,1892.646521065933
263428,1006.7114251631381
263429,1178.0209082290132
263430,740.1801365509724
263431,742.8590254608442
263432,652.8318166263483
263433,334.2969236948203
263434,392.1007549088571
263435,275.3318468349259
263436,1438.8981733121182
263437,1264.1239177181192
263438,663.0767934622784
263439,806.5994982454961
263440,237.737740270509
263441,1708.1822058171904
263442,1493.470311947743
263443,780.6566997662022
263444,953.6668232968779
263445,132.61085222380467
263446,758.7375414361621
263447,660.9314548065955
263448,356.0123783316965
263449,414.3366343971618
263450,224.69925514111338
263451,1475.0791391625678
263452,1296.3410477731836
263453,695.0691977309781
263454,838.3137481455989
263455,275.08280618892485
263456,1772.3709547293872
263457,1535.9766504938063
263458,813.6031068975415
263459,986.3350760596202
263460,89.85399372633889
263461,546.2689859577295
263462,485.9014375492012
263463,266.9522503629166
263464,289.4706389808808
263465,165.72838751981675
263466,1077.5373329492163
263467,952.7238491574292
263468,496.7103062409166
263469,581.2676197209114
263470,218.56073968032723
263471,1262.9527306449304
263472,1090.1342136998687
263473,588.2556313287218
263474,698.5254194274971
263475,690.8332650034898
263476,57.33661656170595
263477,54.730367325370445
263478,34.16473092943861
263479,2.988364086277744
263480,40.69900872933363
263481,65.41083688510534
263482,85.23585869510661
263483,26.613412835696685
263484,28.74892518935964
263485,-20.785087015217417
263486,84.31595871612869
263487,91.70878816877784
263488,39.49560655791069
263489,26.643821040081846
263490,187.85447256744186
263491,1196.5966437417987
263492,1060.656044518603
263493,567.1889982294638
263494,643.9222447033959
263495,365.13173777707095
263496,2405.3400180786825
263497,2102.3234551201995
263498,1091.3238869509942
263499,1360.4759614564398
263500,468.95114681069265
263501,2794.507343213108
263502,2436.4711647575596
263503,1295.8507836443457
263504,1611.909510076276
263505,176.377767716505
263506,984.6693356443247
263507,860.1869811963797
263508,470.9685775959082
263509,542.3890373274398
263510,308.78091571308556
263511,1912.282701925158
263512,1700.467190405851
263513,892.2377125220315
263514,1045.4796816380458
263515,381.6019816886523
263516,2256.4152307542918
263517,2009.9329564615468
263518,1048.9626818069678
263519,1243.345867640429
263520,719.3635466971407
263521,815.0588996089597
263522,713.2036709870493
263523,377.66966856851815
263524,454.66096832377417
263525,213.0075343345313
263526,1606.9846809833257
263527,1388.4061480525727
263528,710.1789321826121
263529,875.5439725956566
263530,250.8416289328361
263531,1887.578887228614
263532,1621.2808561819988
263533,853.7235567201711
263534,1056.8736916815021
263535,160.90872938308243
263536,836.4558940769801
263537,729.4033534875142
263538,399.5819168320442
263539,477.09364143872875
263540,240.18567236811595
263541,1641.7476037033778
263542,1424.8358474891184
263543,742.6292691327692
263544,907.7161551772167
263545,290.13029163834744
263546,1942.6473320461462
263547,1667.9997641095433
263548,887.1278965329677
263549,1089.9998771257021
263550,114.99975037302593
263551,611.3256953446812
263552,539.4832910386878
263553,280.73928153376863
263554,321.9763337370009
263555,183.10807333116713
263556,1160.3382587618762
263557,1021.8489151591268
263558,526.28596570162
263559,632.8349397782137
263560,232.3958527739966
263561,1386.3123546504432
263562,1205.4520097380548
263563,660.3225249108199
263564,793.5978553870439
263565,720.8544756313968
263566,57.34148185583422
263567,59.39131105993726
263568,35.96529509141387
263569,0.4059484268645707
263570,-38.93924504488619
263571,69.37979545541445
263572,91.5360782027174
263573,28.338228571663905
263574,27.386210849637894
263575,-17.940850643791226
263576,91.15040982850411
263577,105.28600192023823
263578,44.795920622634675
263579,29.870486809966287
263580,204.84536968946037
263581,1311.866928445731
263582,1157.260875583414
263583,615.4850185641518
263584,722.6113058938679
263585,424.21933073420945
263586,2624.0795291208565
263587,2256.36382505301
263588,1179.236646111087
263589,1475.6563889514846
263590,485.88328747195914
263591,3126.003870784682
263592,2707.700264820787
263593,1395.3012961006543
263594,1732.1469360833394
263595,183.87235324043183
263596,1072.3512525171666
263597,925.7801539108793
263598,489.8728162963886
263599,588.5697224049036
263600,354.4676483403196
263601,2066.921788734761
263602,1851.4175679543014
263603,965.274757500849
263604,1142.6678004730136
263605,398.5985928913862
263606,2451.474998281308
263607,2150.1245492947182
263608,1138.149093485987
263609,1351.0163863129274
263610,743.9648446580777
263611,659.3568644972602
263612,585.343467294698
263613,268.76380252884667
263614,355.4683430740422
263615,466.7908565774412
263616,1275.3390680439404
263617,1123.2442023537162
263618,560.2638740178226
263619,711.558994732254
263620,265.32419429215895
263621,1512.6759760913565
263622,1320.0890239501834
263623,677.9503650414078
263624,836.1685781340544
263625,128.64424763375467
263626,665.6433903436065
263627,590.3412487394871
263628,289.18687176854445
263629,376.41183716516855
263630,222.59538219276476
263631,1303.4285915900455
263632,1153.6518610705007
263633,592.2562782865223
263634,743.2732446323568
263635,256.58626332825554
263636,1556.669443164737
263637,1352.79037203887
263638,709.0985076973942
263639,867.0385664214439
263640,70.69899771535448
263641,479.27636822660656
263642,430.3125752540247
263643,221.00287477527633
263644,267.0626682903676
263645,144.72116221434294
263646,973.9831351328426
263647,855.8319839834171
263648,424.64347062299436
263649,511.6138956001702
263650,186.15594420725694
263651,1143.912284193486
263652,981.3099721306586
263653,519.7926495092796
263654,613.6861668646707
263655,707.2660222476848
263656,39.479110122668715
263657,41.728904899038085
263658,13.922913059458999
263659,9.327660452236278
263660,20.556802609269187
263661,52.405250653591835
263662,66.76506313402433
263663,2.8897759221867343
263664,15.965104949080708
263665,-41.255530149562375
263666,66.1312941636363
263667,79.27786906387237
263668,27.970794038253704
263669,27.637722870172258
263670,164.3883322000089
263671,1060.3956892917477
263672,930.157072376173
263673,477.43454015545893
263674,560.5835859252727
263675,344.2426364579909
263676,2066.2292125111244
263677,1841.7204977152742
263678,913.9663576771815
263679,1191.2006675088694
263680,417.2200373703687
263681,2459.046083383865
263682,2133.0489994016416
263683,1069.4160578044991
263684,1390.916697280729
263685,145.33876531857442
263686,838.5164084019698
263687,717.0360387267642
263688,378.0386457188305
263689,467.8224349344602
263690,281.4161257405252
263691,1661.388923232816
263692,1463.7653205592196
263693,753.9569561623406
263694,912.5092060449347
263695,328.38506643402854
263696,1964.2403108355115
263697,1731.3178552774862
263698,871.0047910808174
263699,1073.8233706079532
263700,745.1050575621412
263701,647.7937121892382
263702,573.7803149866762
263703,267.6976273755819
263704,354.3832925306181
263705,467.9310694815047
263706,1263.7759157359187
263707,1111.6810500456945
263708,559.1976988645577
263709,710.4739441888298
263710,266.46440719622234
263711,1501.1128237833345
263712,1308.5258716421615
263713,676.8841898881429
263714,835.0835275906303
263715,129.78446053781815
263716,654.0802380355844
263717,578.7780964314653
263718,288.12069661527966
263719,375.3267866217445
263720,223.7355950968282
263721,1291.8654392820238
263722,1142.088708762479
263723,591.1901031332574
263724,742.1881940889326
263725,257.72647623231904
263726,1545.1062908567155
263727,1341.2272197308484
263728,708.0323325441293
263729,865.9535158780197
263730,71.83921061941805
263731,467.7132159185845
263732,418.74942294600265
263733,219.93669962201153
263734,265.9776177469435
263735,145.86137511840641
263736,962.4199828248205
263737,844.2688316753953
263738,423.57729546972956
263739,510.5288450567462
263740,187.2961571113204
263741,1132.3491318854644
263742,969.7468198226366
263743,518.7264743560147
263744,612.6011163212465
263745,708.4062351517482
263746,27.9159578146467
263747,30.16575259101607
263748,14.916661072206875
263749,8.242609908812186
263750,21.697015513332676
263751,40.84209834556982
263752,55.20191082600235
263753,3.8835239349346122
263754,14.880054405656612
263755,-40.11531724549887
263756,54.568141855614236
263757,67.71471675585042
263758,28.96454205100158
263759,26.552672326748162
263760,162.01625165843078
263761,1045.3202435380845
263762,915.0816266225096
263763,476.0379767919831
263764,561.1436531197444
263765,341.8705559164127
263766,2051.153766757459
263767,1826.645051961611
263768,912.5697943137055
263769,1174.8204271735976
263770,397.85056329443796
263771,2426.9732440958483
263772,2100.9761601136242
263773,1062.0611226861167
263774,1368.5780851905506
263775,142.9666847769963
263776,823.4409626483061
263777,701.9605929731006
263778,376.64208235535466
263779,468.3825021289319
263780,279.044045198947
263781,1646.3134774791529
263782,1448.6898748055564
263783,752.5603927988647
263784,904.8247213748909
263785,309.0155923580978
263786,1932.167471547496
263787,1699.2450159894706
263788,863.6498559624347
263789,1060.180514183003
263790,744.4841092738944
263791,644.1698896082085
263792,568.869541477805
263793,259.8891391649411
263794,350.6064036773948
263795,467.31012119325806
263796,1254.622442837554
263797,1101.2406262194884
263798,545.8595603365819
263799,706.6970553356065
263800,265.8434589079757
263801,1491.95935088497
263802,1298.0854478159556
263803,663.5460513601672
263804,831.306638737407
263805,129.16351224957154
263806,650.4564154545546
263807,573.8673229225941
263808,280.3122084046389
263809,371.54989776852113
263810,223.1146468085816
263811,1282.711966383659
263812,1131.6482849362728
263813,577.8519646052816
263814,738.4113052357093
263815,257.10552794407243
263816,1535.9528179583506
263817,1330.786795904642
263818,694.6941940161536
263819,862.1766270247964
263820,71.21826233117135
263821,464.0893933375548
263822,413.8386494371316
263823,212.12821141137093
263824,262.2007288937202
263825,145.2404268301598
263826,953.2665099264557
263827,833.828407849189
263828,410.23915694175383
263829,506.751956203523
263830,186.6752088230738
263831,1123.1956589870995
263832,959.3063959964304
263833,505.38833582803886
263834,608.8242274680233
263835,713.3904948018934
263836,29.89734317200883
263837,30.86018702053693
263838,12.713380799958149
263839,10.070928993980734
263840,26.681275163477963
263841,37.29383338559687
263842,50.366694938188104
263843,-3.8494066546492256
263844,16.70837349082517
263845,-35.13105759535359
263846,51.01987689564127
263847,62.87950086803619
263848,21.23161146141775
263849,28.38099141191674
263850,159.31366266128353
263851,1039.6147802481541
263852,907.3889681731266
263853,467.2041195151639
263854,556.3413952003425
263855,324.99414709852067
263856,2025.7448333294521
263857,1799.2489233741483
263858,898.2062867195514
263859,1170.018169254196
263860,380.97415447654595
263861,2401.564310667838
263862,2073.5800315261627
263863,1047.6976150919627
263864,1363.775827271149
263865,140.26409577984904
263866,817.7354993583758
263867,694.2679345237177
263868,367.80822507853543
263869,463.58024420952995
263870,267.73267834374906
263871,1624.9081432960247
263872,1425.2973454629757
263873,738.1968852047105
263874,900.0224634554892
263875,297.7042255028999
263876,1910.7621373643678
263877,1675.85248664689
263878,849.2863483682804
263879,1055.3782562636013
263880,743.2760885463251
263881,632.4075871898785
263882,557.1072390594751
263883,248.1268367466109
263884,347.97993576303674
263885,483.13909177515785
263886,1242.860140419224
263887,1089.4783238011585
263888,534.097257918252
263889,704.0705874212483
263890,267.8142494123497
263891,1473.40565808917
263892,1279.5317550201555
263893,644.9923585643672
263894,821.8887804455787
263895,127.90828751960663
263896,638.6941130362247
263897,562.1050205042642
263898,268.549905986309
263899,368.9234298541631
263900,221.85942207861672
263901,1270.9496639653291
263902,1119.885982517943
263903,566.0896621869517
263904,735.7848373213511
263905,249.0589128366375
263906,1517.399125162551
263907,1312.2331031088424
263908,676.1405012203536
263909,852.7587687329682
263910,69.9630376012065
263911,452.327090919225
263912,402.0763470188018
263913,200.3659089930411
263914,259.5742609793621
263915,143.98520210019498
263916,941.5042075081258
263917,822.0661054308591
263918,398.47685452342404
263919,504.12548828916476
263920,178.62859371563886
263921,1104.6419661912998
263922,940.7527032006304
263923,486.8346430322389
263924,599.4063691761951
263925,704.3920891417193
263926,18.135040753679043
263927,19.09788460220712
263928,0.9510783816283461
263929,7.44446107962268
263930,43.356416694349306
263931,25.531530967267045
263932,38.60439251985831
263933,-15.611709072979039
263934,14.081905576467095
263935,-18.45591606448213
263936,39.25757447731145
263937,51.11719844970638
263938,9.469309043087915
263939,25.75452349755865
263940,153.50361874819475
263941,1027.8524778298242
263942,895.6266657547967
263943,443.4333736973348
263944,553.7149272859843
263945,318.5554111918064
263946,2012.6653273762106
263947,1786.1694174209067
263948,873.1183373668104
263949,1167.391701339838
263950,374.5354185698317
263951,2388.484804714596
263952,2060.5005255729216
263953,1022.6096657392206
263954,1361.149359356791
263955,134.45405186676027
263956,805.9731969400459
263957,682.5056321053878
263958,356.04592266020563
263959,460.9537762951719
263960,262.95922530625694
263961,1613.1458408776948
263962,1413.5350430446458
263963,726.4345827863806
263964,897.395995541131
263965,292.93077246540736
263966,1898.999834946038
263967,1664.09018422856
263968,837.5240459499505
263969,1052.7517883492433
263970,741.7894732630253
263971,664.3911592073742
263972,588.2540062674158
263973,273.93092844520095
263974,354.8442863641488
263975,407.16413294008703
263976,1290.6513710704528
263977,1123.9135844611092
263978,576.9039484446242
263979,737.8817405541461
263980,231.2596382765593
263981,1529.3739709349109
263982,1319.4836371031872
263983,668.4088688685721
263984,881.5386387966596
263985,121.43747623489348
263986,677.1368029871967
263987,592.5852569954392
263988,293.73548590439987
263989,375.1692686747762
263990,216.5599429366423
263991,1325.8185243305331
263992,1154.2732242416268
263993,608.896352713324
263994,769.5959904542489
263995,253.51442873485513
263996,1586.642322366011
263997,1358.3342208993508
263998,699.5570115245584
263999,912.408627084049
264000,74.73264289058368
264001,479.2346688364184
264002,421.02147147619826
264003,218.73987246005157
264004,259.00848334889525
264005,149.03269118322083
264006,978.4376216766772
264007,852.7036306092247
264008,435.8147311140394
264009,532.4678274863061
264010,189.07257252091435
264011,1153.146422258148
264012,980.3008095058607
264013,501.71304601022644
264014,646.7431760723817
264015,702.3512946233818
264016,19.07115824857656
264017,19.254646618203616
264018,8.637596812916978
264019,-11.83076383367476
264020,45.779547407545024
264021,22.796208927231405
264022,41.70072346156586
264023,-0.6486799552851901
264024,6.540399216339934
264025,-8.40628754227897
264026,41.20627632903182
264027,47.541443217552356
264028,13.680511142549838
264029,5.882292442683176
264030,163.30415659659707
264031,1070.2185791047777
264032,924.3145605487142
264033,466.0701740735357
264034,577.0364485333865
264035,331.49972304601556
264036,2165.242168788181
264037,1904.7204606477192
264038,930.4772381358835
264039,1221.53884679265
264040,386.85487216449013
264041,2524.4376332805687
264042,2193.902347305421
264043,1076.85458172634
264044,1428.7187647048697
264045,146.4478655389653
264046,856.3057830002774
264047,722.6705708778009
264048,381.0081486937333
264049,474.3699508543725
264050,275.0584514997661
264051,1719.8595971985962
264052,1482.7113125123701
264053,781.0179267049006
264054,942.3022470069001
264055,319.93540008045335
264056,2014.1944414519699
264057,1760.9569411871696
264058,900.1134854072097
264059,1116.4349448219346
264060,737.158867505049
264061,694.9337520057429
264062,604.906543171247
264063,290.9504749430807
264064,378.05144639238034
264065,309.10336933704303
264066,1380.8264709812693
264067,1206.0522153872703
264068,609.9987458845073
264069,790.7895858504369
264070,220.09787582414344
264071,1632.5127102881238
264072,1417.8008164186765
264073,709.9808589902136
264074,920.2591177036011
264075,131.10336788825455
264076,710.8122679810609
264077,613.0061813514943
264078,312.66592957995687
264079,400.28732588068505
264080,223.76679318946407
264081,1417.007436831719
264082,1238.2693454423347
264083,641.9911501532071
264084,822.5038357505397
264085,253.30086524150516
264086,1691.8481986449458
264087,1455.453894409365
264088,742.9272661215529
264089,952.9273704663434
264090,88.3465093907888
264091,503.7030169366603
264092,443.3354685281318
264093,228.96510604520859
264094,275.42133046440404
264095,164.79592556816746
264096,1024.824935052398
264097,900.0114512606119
264098,448.9915630971775
264099,565.4577073258522
264100,196.77879873290766
264101,1189.965876136244
264102,1017.1473591911806
264103,522.9390949867649
264104,665.1177138342204
264105,689.3109793483263
264106,25.997503650412373
264107,23.391254414076855
264108,9.46436588751925
264109,-3.3325648196030944
264110,80.35680882658492
264111,23.153354213780762
264112,42.978376023782204
264113,-8.590491916537117
264114,19.89545152061332
264115,3.3661745206647917
264116,42.83041692908741
264117,50.22324638173655
264118,5.063642689960062
264119,18.562288255618746
264120,170.21583385664655
264121,1116.305355442557
264122,980.3647562193612
264123,489.1738361391616
264124,609.5883790405429
264125,330.218133373346
264126,2284.5717476026593
264127,1981.5551846441804
264128,987.4203925543726
264129,1301.5557039787252
264130,413.6271223446386
264131,2656.7416792027325
264132,2298.705500747184
264133,1172.0929950975392
264134,1547.0308808436548
264135,153.3360391660242
264136,899.2581996627098
264137,774.7758452147649
264138,399.8420112227319
264139,502.65208182490136
264140,275.69454630159095
264141,1800.6694360853965
264142,1588.8539245660893
264143,805.4940669162884
264144,989.8520899858737
264145,328.10519221482855
264146,2127.804571380176
264147,1881.3222970874328
264148,942.3647420510395
264149,1181.7599042333504
264150,714.0657411757916
264151,748.8289922333613
264152,646.973763611451
264153,324.7727867085477
264154,442.45184940134544
264155,266.4107273774579
264156,1525.8671634958332
264157,1307.2886305650802
264158,646.1322367727963
264159,862.7729758732169
264160,261.8710240448666
264161,1789.0827794094428
264162,1522.7847483628275
264163,772.2982709786763
264164,1026.7241046273834
264165,145.17958103707304
264166,762.1449640826714
264167,655.0924234932054
264168,338.6040123533634
264169,456.80349989758963
264170,214.16444971192098
264171,1550.03543523284
264172,1333.1236790185806
264173,667.9879227399082
264174,884.3505074717318
264175,244.05381523682146
264176,1828.7033126885544
264177,1554.0557447519518
264178,795.1079598084277
264179,1049.2556390885384
264180,101.5287372289083
264181,544.6322049862958
264182,472.7898006803021
264183,227.37881669101063
264184,303.9443273977535
264185,161.1778150013385
264186,1078.0763590517363
264187,939.5870154489872
264188,461.0948880691564
264189,613.5602563990951
264190,190.41034069883713
264191,1283.9952011949729
264192,1103.1348562825845
264193,577.752856946678
264194,756.9445816762465
264195,730.8969961376422
264196,32.240840193215114
264197,34.65220680237995
264198,17.118202829502994
264199,9.137631554310621
264200,-22.683317071994633
264201,35.68735817312971
264202,58.205178325494444
264203,-1.0967994400815408
264204,36.11789397708396
264205,10.873028340238685
264206,60.08722257646528
264207,74.58435207326116
264208,17.990142641135233
264209,41.23141996765833
264210,188.73867848119914
264211,1233.3316055068033
264212,1081.6718731342667
264213,538.8406233654979
264214,718.4403568056958
264215,386.7242701407634
264216,2505.921480096951
264217,2149.60608635635
264218,1075.1472045180324
264219,1456.1862172331746
264220,434.0200833744066
264221,2993.47767825667
264222,2586.5743826200205
264223,1287.882732782939
264224,1709.3476426403688
264225,166.7225767349093
264226,993.0560864382893
264227,849.4313083217829
264228,424.47702135728423
264229,583.3556880194701
264230,320.6677918414294
264231,1959.7867134494452
264232,1755.6828029962285
264233,880.2131338009975
264234,1125.7395870226953
264235,350.4305928883895
264236,2329.9717794918815
264237,2040.0216408325407
264238,1049.758348061475
264239,1330.7590511379485
264240,745.9263317541853
264241,614.2832496900364
264242,540.2698524874744
264243,235.7832754834507
264244,347.0269972021553
264245,546.1557534222958
264246,1218.439988427153
264247,1066.3451227369287
264248,519.1956787249122
264249,702.5557710603562
264250,290.60388583328387
264251,1438.39830614289
264252,1245.811354001717
264253,619.5035794168185
264254,809.7867641304776
264255,118.61340319243318
264256,612.4887529176723
264257,537.186611313553
264258,248.12532210443806
264259,359.8894686745713
264260,202.27246344125763
264261,1235.9348609902127
264262,1086.1581304706679
264263,540.5934320105667
264264,723.6753699774138
264265,218.88475424506944
264266,1471.7971222332255
264267,1267.9180511073585
264268,640.0570710897597
264269,830.0621014348219
264270,62.92628847592473
264271,428.3798660025639
264272,379.41607302998204
264273,182.1994603130622
264274,252.79843500166197
264275,128.48920778920234
264276,910.5803688593764
264277,792.4292177099511
264278,377.071588673405
264279,496.1069852715934
264280,152.54539945043715
264281,1063.1309275883407
264282,900.5286155255135
264283,454.84217722801094
264284,580.8006662044152
264285,719.6630978874191
264286,23.333231324013482
264287,25.94456350544462
264288,6.13439467891144
264289,21.82711663022421
264290,41.421231421641295
264291,29.95778065331827
264292,44.679130538812586
264293,-13.196473790147985
264294,27.692620242785406
264295,-12.980542333375048
264296,47.08501507789188
264297,60.59312738318986
264298,15.285735240448185
264299,42.76642907840622
264300,156.861442416533
264301,1026.687836093311
264302,899.395539667517
264303,441.20078496409303
264304,577.2766537274763
264305,321.2128576958661
264306,2010.800308475419
264307,1797.691904006813
264308,868.1892313391215
264309,1198.4799930874708
264310,379.82211510413737
264311,2389.2490358440514
264312,2074.652262189073
264313,1020.3098097417784
264314,1394.86690113467
264315,137.81187553509852
264316,804.8085552035332
264317,686.2745060181081
264318,353.8133339269639
264319,484.5155027366636
264320,263.1246363702179
264321,1608.7887865368045
264322,1422.5654941904536
264323,719.0134413185932
264324,923.3735751887897
264325,295.72543355961443
264326,1897.2720306353938
264327,1675.749885404614
264328,832.7321545124091
264329,1081.3586180271473
264330,745.6942907887252
264331,614.2000202411739
264332,540.1866230386119
264333,235.700046034588
264334,346.9437677532926
264335,545.9237124568357
264336,1218.3567589782901
264337,1066.261893288066
264338,519.1124492760497
264339,702.4725416114936
264340,290.37184486782365
264341,1438.3150766940273
264342,1245.7281245528543
264343,619.420349967956
264344,809.7035346816151
264345,118.38136222697297
264346,612.4055234688097
264347,537.1033818646905
264348,248.04209265557537
264349,359.80623922570857
264350,202.04042247579747
264351,1235.85163154135
264352,1086.074901021805
264353,540.5102025617042
264354,723.5921405285512
264355,218.65271327960926
264356,1471.7138927843628
264357,1267.8348216584957
264358,639.9738416408971
264359,829.9788719859594
264360,62.69424751046455
264361,428.2966365537012
264362,379.33284358111933
264363,182.1162308641995
264364,252.7152055527993
264365,128.25716682374212
264366,910.4971394105139
264367,792.3459882610886
264368,376.9883592245423
264369,496.02375582273066
264370,152.31335848497696
264371,1063.047698139478
264372,900.445386076651
264373,454.75894777914823
264374,580.7174367555526
264375,719.7484105147406
264376,23.567355467932426
264377,26.178687649363564
264378,6.368518822830384
264379,22.061240774143155
264380,41.50654404896275
264381,30.191904797237214
264382,44.91325468273155
264383,-12.962349646229042
264384,27.92674438670435
264385,-12.8952297060536
264386,47.31913922181083
264387,60.827251527108814
264388,15.519859384367127
264389,43.000553222325166
264390,156.94675504385444
264391,1026.92196023723
264392,899.6296638114361
264393,441.43490910801194
264394,577.5107778713954
264395,321.2981703231875
264396,2011.0344326193378
264397,1797.926028150732
264398,868.4233554830406
264399,1198.7141172313898
264400,379.90742773145877
264401,2389.48315998797
264402,2074.886386332992
264403,1020.5439338856976
264404,1395.1010252785888
264405,137.89718816241995
264406,805.0426793474522
264407,686.5086301620272
264408,354.0474580708828
264409,484.7496268805825
264410,263.2099489975393
264411,1609.0229106807235
264412,1422.7996183343726
264413,719.2475654625123
264414,923.6076993327088
264415,295.81074618693583
264416,1897.5061547793127
264417,1675.9840095485329
264418,832.9662786563282
264419,1081.5927421710662
264420,746.0043318839122
264421,614.5100613363609
264422,539.2097132059575
264423,235.6397629341604
264424,346.883484652865
264425,546.2337535520227
264426,1218.6668000734774
264427,1065.2849834554117
264428,516.8690159650158
264429,702.4122585110659
264430,290.6818859630107
264431,1438.6251177892145
264432,1244.7512147202
264433,617.1769166569221
264434,809.6432515811874
264435,118.69140332216
264436,612.7155645639967
264437,536.1264720320362
264438,247.98180955514775
264439,359.74595612528094
264440,202.35046357098452
264441,1236.161672636537
264442,1085.097991189151
264443,538.2667692506703
264444,723.5318574281235
264445,218.9627543747963
264446,1472.02393387955
264447,1266.8579118258415
264448,637.7304083298633
264449,829.9185888855317
264450,63.00428860565159
264451,428.60667764888825
264452,378.3559337484651
264453,182.05594776377188
264454,252.65492245237166
264455,128.56720791892917
264456,910.8071805057009
264457,791.3690784284342
264458,374.74492591350844
264459,495.96347272230304
264460,152.623399580164
264461,1063.3577392346651
264462,899.4684762439966
264463,452.51551446811436
264464,580.657153655125
264465,720.0584516099276
264466,23.87739656311947
264467,25.20177781670932
264468,6.30823572240275
264469,22.000957673715522
264470,59.46420406213521
264471,30.501945892424256
264472,43.93634485007729
264473,-15.205782957262915
264474,27.866461286276717
264475,-12.585188610866558
264476,47.62918031699787
264477,59.85034169445456
264478,13.276426073333251
264479,42.94027012189753
264480,157.25679613904148
264481,1027.2320013324172
264482,897.9525097471706
264483,442.4276987312617
264484,578.5035674946452
264485,321.60821141837454
264486,2011.344473714525
264487,1796.2488740864667
264488,867.2329948956842
264489,1199.7069068546398
264490,380.2174688266458
264491,2389.793201083157
264492,2073.2092322687267
264493,1019.3535732983411
264494,1396.0938149018389
264495,138.207229257607
264496,805.3527204426392
264497,684.8314760977617
264498,355.0402476941326
264499,485.7424165038323
264500,263.51999009272635
264501,1609.3329517759107
264502,1421.1224642701072
264503,718.0572048751559
264504,924.6004889559586
264505,296.1207872821229
264506,1897.8161958745
264507,1674.3068554842675
264508,831.7759180689718
264509,1082.5855317943162
264510,746.0043318839122
264511,614.5100613363609
264512,539.2097132059575
264513,235.6397629341604
264514,346.883484652865
264515,569.4386449603073
264516,1218.6668000734774
264517,1065.2849834554117
264518,514.4466116634743
264519,702.4122585110659
264520,290.6818859630107
264521,1438.6251177892145
264522,1244.7512147202
264523,614.7545123553806
264524,809.6432515811874
264525,118.69140332216
264526,612.7155645639967
264527,536.1264720320362
264528,247.98180955514775
264529,359.74595612528094
264530,202.35046357098452
264531,1236.161672636537
264532,1085.097991189151
264533,535.8443649491288
264534,723.5318574281235
264535,218.9627543747963
264536,1472.02393387955
264537,1266.8579118258415
264538,635.3080040283218
264539,829.9185888855317
264540,63.00428860565159
264541,428.60667764888825
264542,378.3559337484651
264543,182.05594776377188
264544,252.65492245237166
264545,128.56720791892917
264546,910.8071805057009
264547,791.3690784284342
264548,372.322521611967
264549,495.96347272230304
264550,152.623399580164
264551,1063.3577392346651
264552,899.4684762439966
264553,450.0931101665729
264554,580.657153655125
264555,720.0584516099276
264556,23.87739656311947
264557,25.20177781670932
264558,6.30823572240275
264559,22.000957673715522
264560,59.46420406213521
264561,30.501945892424256
264562,43.93634485007729
264563,-17.628187258804438
264564,27.866461286276717
264565,-12.585188610866558
264566,47.62918031699787
264567,59.85034169445456
264568,10.854021771791743
264569,42.94027012189753
264570,157.25679613904148
264571,1027.2320013324172
264572,897.9525097471706
264573,436.1308878072155
264574,578.5035674946452
264575,321.60821141837454
264576,2011.344473714525
264577,1796.2488740864667
264578,858.5137796700965
264579,1199.7069068546398
264580,380.2174688266458
264581,2389.793201083157
264582,2073.2092322687267
264583,1010.6343580727535
264584,1396.0938149018389
264585,138.207229257607
264586,805.3527204426392
264587,684.8314760977617
264588,352.66908976381904
264589,485.7424165038323
264590,263.51999009272635
264591,1606.1874698271993
264592,1417.9769823213958
264593,711.194713226473
264594,922.5315595391307
264595,296.1207872821229
264596,1894.6707139257885
264597,1671.161373535556
264598,824.9134264202889
264599,1080.5166023774882
264600,744.5177166006124
264601,646.4936333538568
264602,570.3564804138982
264603,261.44385463275034
264604,353.74783525397703
264605,503.6472055026524
264606,1266.458030724706
264607,1099.7202441153624
264608,557.2533021898465
264609,736.2234116439637
264610,259.34860928292204
264611,1499.814765090657
264612,1289.924431258933
264613,643.3923571152869
264614,874.5144443879698
264615,112.22059203744695
264616,651.1582545149687
264617,566.6067085232112
264618,273.16738947323887
264619,365.99179494589407
264620,197.05098442901004
264621,1291.030533001741
264622,1119.4852329128348
264623,578.651055475501
264624,757.3430105610213
264625,225.96294131506363
264626,1541.6352049833365
264627,1313.3271035166765
264628,663.9458487882281
264629,894.789781692314
264630,67.77389389502869
264631,455.51425556608166
264632,397.3010582058615
264633,200.42991123078235
264634,252.08914482190454
264635,133.61469700195494
264636,947.7405946742523
264637,822.0066036067998
264638,409.6603982025823
264639,524.3058119194449
264640,165.61204942748918
264641,1114.406866343563
264642,941.5612535912765
264643,470.1928476002619
264644,633.2152950070131
264645,718.0176570915901
264646,24.813514058016974
264647,25.358539832705812
264648,13.994754153691376
264649,2.725732760418075
264650,51.22191475798208
264651,28.538564736671816
264652,47.80461667606808
264653,-1.8932172568273558
264654,21.096895810432763
264655,0.3578862126681033
264656,49.57788216871824
264657,56.274586462300555
264658,15.065223871253657
264659,23.068039067022
264660,167.0573339874438
264661,1069.5981026073707
264662,926.6404045410881
264663,458.76768818341645
264664,601.8250887420473
264665,334.5525232725837
264666,2163.921315126496
264667,1914.7999173132791
264668,915.8726804391696
264669,1255.6184589001962
264670,392.53692242130427
264671,2525.7460296491295
264672,2206.611054001227
264673,1064.879274059872
264674,1465.427626842662
264675,150.20104292981196
264676,855.6853065028707
264677,724.9964148701747
264678,377.6313157973467
264679,499.15859106303293
264680,275.6192162862356
264681,1712.9012261481007
264682,1487.15325178912
264683,765.778057144993
264684,967.4378110048998
264685,323.12541489716887
264686,2009.8653204317204
264687,1768.0281304941657
264688,887.5028658775482
264689,1144.1997588501795
264690,738.9484687684002
264691,676.0975840779895
264692,586.0703752434936
264693,277.5247590563942
264694,376.0163532079727
264695,404.64779982537226
264696,1355.6944885612866
264697,1180.9202329672876
264698,589.4094575554938
264699,788.1926148660186
264700,252.8332731213162
264701,1607.59993073468
264702,1392.8880368652326
264703,689.6107735277386
264704,917.8813495857214
264705,120.94784161657196
264706,683.895077434597
264707,586.0889908050304
264708,291.15919107456
264709,390.171210077567
264710,203.31919260759594
264711,1381.280803428691
264712,1202.5427120393067
264713,610.8072108411483
264714,809.3122137830762
264715,233.07246752617564
264716,1656.3407681084566
264717,1419.9464638728757
264718,711.9625296760327
264719,939.9549513654185
264720,80.44911832099798
264721,479.04396159208767
264722,418.6764131835592
264723,209.71650274170347
264724,267.56334986317773
264725,148.43928931266566
264726,993.1892659757367
264727,868.3757821839512
264728,421.89858811148457
264729,556.3570496847551
264730,180.64136534394447
264731,1158.549409926121
264732,985.7308929810584
264733,496.0653228676104
264734,656.2362590596618
264735,704.0386997422987
264736,30.80121738561689
264737,28.55650555434316
264738,13.882881154057747
264739,10.285289700253855
264740,78.48260933822348
264741,27.95706794898528
264742,48.14362716404851
264743,-10.773671292315182
264744,33.513306040470276
264745,11.191706201375977
264746,50.26338069453793
264747,58.01774755224888
264748,5.509713344427991
264749,34.809392805721714
264750,173.03036917325736
264751,1114.746236870914
264752,981.7519581374992
264753,480.93270817480646
264754,633.4383771749679
264755,332.3322915256783
264756,2282.3122518667387
264757,1990.6959992355044
264758,971.8771927834229
264759,1334.6966740120354
264760,418.3705305272169
264761,2657.1114334970575
264762,2310.4755653687544
264763,1159.179045356835
264764,1582.801100907211
264765,156.150574482635
264766,897.6990810910672
264767,776.1630471329029
264768,395.52653625210945
264769,526.5020799593265
264770,275.3166690138246
264771,1792.772422960665
264772,1592.3572217686033
264773,789.3155552821449
264774,1014.0490119096376
264775,330.3565649573082
264776,2122.536808285691
264777,1887.454844320193
264778,928.815480447142
264779,1208.5860761873594
264780,712.8950581360956
264781,747.807120710263
264782,645.9518920883526
264783,323.7509151854491
264784,442.6423493072368
264785,295.6869636124178
264786,1524.8452919727345
264787,1306.2667590419815
264788,640.5048107375502
264789,862.9634757791084
264790,260.7003410051705
264791,1788.060907886344
264792,1521.7628768397287
264793,766.6708449434302
264794,1026.9146045332745
264795,144.00889799737695
264796,761.123092559573
264797,654.070551970107
264798,337.5821408302648
264799,456.993999803481
264800,212.9937666722249
264801,1549.0135637097412
264802,1332.1018074954818
264803,662.3604967046621
264804,884.5410073776234
264805,242.88313219712538
264806,1827.6814411654557
264807,1553.033873228853
264808,789.4805337731816
264809,1049.4461389944295
264810,100.35805418921221
264811,543.6103334631974
264812,471.7679291572035
264813,226.35694516791204
264814,304.1348273036449
264815,160.0071319616424
264816,1077.0544875286375
264817,938.5651439258888
264818,455.4674620339101
264819,613.7507563049867
264820,189.23965765914105
264821,1282.9733296718741
264822,1102.1129847594857
264823,572.1254309114319
264824,757.135081582138
264825,730.0436666907278
264826,31.53632226289815
264827,33.94768887206299
264828,16.413684899186034
264829,9.645485052983645
264830,-23.536646518909087
264831,34.982840242812756
264832,57.50066039517749
264833,-6.406871882546248
264834,36.625747475756974
264835,10.019698893324232
264836,59.382704646148326
264837,73.87983414294419
264838,12.680070198670528
264839,41.73927346633135
264840,187.8853490342847
264841,1232.6270875764862
264842,1080.9673552039496
264843,531.8392945111349
264844,717.9068364482857
264845,385.8709406938489
264846,2505.216962166634
264847,2148.9015684260326
264848,1063.5403211515213
264849,1466.8308456921104
264850,433.16675392749215
264851,2992.773160326353
264852,2585.8698646897033
264853,1276.275849416428
264854,1719.9922710993046
264855,165.8692472879948
264856,992.3515685079725
264857,848.7267903914661
264858,421.40134549665373
264859,582.82216766206
264860,319.8144623945149
264861,1955.9367135704167
264862,1751.8328031172
264863,870.4629740113917
264864,1128.9658359068055
264865,349.57726344147505
264866,2326.121779612853
264867,2036.1716409535122
264868,1040.0081882718687
264869,1333.9853000220587
264870,746.1179958598249
264871,614.6237253122736
264872,540.6103281097115
264873,236.1237511056878
264874,349.9216017474351
264875,569.55230893622
264876,1218.7804640493898
264877,1066.6855983591656
264878,513.2145117459429
264879,705.4503756056359
264880,290.7955499389234
264881,1438.738781765127
264882,1246.151829623954
264883,613.5224124378492
264884,812.6813686757574
264885,118.80506729807273
264886,612.8292285399094
264887,537.5270869357902
264888,248.46579772667516
264889,362.78407321985105
264890,202.46412754689726
264891,1236.2753366124496
264892,1086.4986060929048
264893,534.6122650315974
264894,726.5699745226935
264895,219.07641835070905
264896,1472.1375978554624
264897,1268.2585267295954
264898,634.0759041107904
264899,832.9567059801017
264900,63.1179525815643
264901,428.72034162480094
264902,379.75654865221907
264903,182.5399359352993
264904,255.6930395469418
264905,128.6808718948419
264906,910.9208444816136
264907,792.7696933321882
264908,371.0904216944356
264909,499.00158981687315
264910,152.73706355607675
264911,1063.4714032105776
264912,900.8690911477506
264913,448.8610102490415
264914,583.6952707496949
264915,719.3734285275652
264916,23.991060539032183
264917,26.60239272046332
264918,6.79222389393014
264919,25.039074768285644
264920,40.79344506611177
264921,30.61560986833697
264922,45.336959753831295
264923,-18.860287176335802
264924,30.904578380846846
264925,-5.0364348333507305
264926,47.74284429291058
264927,61.25095659820856
264928,9.621921854260373
264929,45.97838721646764
264930,157.37046011495423
264931,1027.3456653083297
264932,900.0533688825358
264933,435.56180325506546
264934,579.4472380094544
264935,321.7218753942872
264936,2011.4581376904375
264937,1804.4107049863483
264938,856.2286070288876
264939,1213.3802664084494
264940,380.3311328025585
264941,2389.90686505907
264942,2075.3100914040915
264943,1008.3491854315446
264944,1409.7671744556485
264945,138.32089323351974
264946,805.4663844185519
264947,686.9323352331269
264948,352.100005211669
264949,486.68608701864173
264950,263.63365406863903
264951,1606.3011338031117
264952,1420.0778414567608
264953,708.9095405852642
264954,929.3039287122887
264955,296.23445125803556
264956,1894.784377901701
264957,1673.262232670921
264958,822.6282537790801
264959,1087.288971550646
264960,746.3368093909863
264961,614.842538843435
264962,540.829141640873
264963,235.54433474192908
264964,350.53238402591325
264965,569.7711224673815
264966,1218.9992775805513
264967,1066.904411890327
264968,512.6350953821842
264969,707.955144704287
264970,291.01436347008485
264971,1438.9575952962884
264972,1246.3706431551154
264973,612.9429960740905
264974,815.1861377744085
264975,119.02388082923422
264976,613.0480420710709
264977,537.7459004669516
264978,247.88638136291644
264979,363.3948554983292
264980,202.68294107805872
264981,1236.494150143611
264982,1086.7174196240662
264983,534.0328486678387
264984,729.0747436213446
264985,219.29523188187054
264986,1472.356411386624
264987,1268.4773402607568
264988,633.4964877470317
264989,835.4614750787528
264990,63.33676611272578
264991,428.9391551559624
264992,379.9753621833805
264993,181.96051957154057
264994,256.30382182541996
264995,128.8996854260034
264996,911.139658012775
264997,792.9885068633497
264998,370.5110053306768
264999,501.50635891552423
265000,152.95587708723824
265001,1063.690216741739
265002,901.0879046789121
265003,448.28159388528275
265004,586.200039848346
265005,719.3734285275652
265006,23.991060539032183
265007,26.60239272046332
265008,6.79222389393014
265009,25.039074768285644
265010,40.79344506611177
265011,30.61560986833697
265012,45.336959753831295
265013,-18.860287176335802
265014,30.904578380846846
265015,-5.0364348333507305
265016,47.74284429291058
265017,61.25095659820856
265018,9.621921854260373
265019,45.97838721646764
265020,157.37046011495423
265021,1027.3456653083297
265022,905.6099702022461
265023,435.56180325506546
265024,579.4472380094544
265025,321.7218753942872
265026,2011.4581376904375
265027,1809.9673063060588
265028,856.2286070288876
265029,1213.3802664084494
265030,380.3311328025585
265031,2389.90686505907
265032,2080.866692723802
265033,1008.3491854315446
265034,1409.7671744556485
265035,138.32089323351974
265036,805.4663844185519
265037,692.4889365528372
265038,352.100005211669
265039,486.68608701864173
265040,263.63365406863903
265041,1606.3011338031117
265042,1425.6344427764714
265043,708.9095405852642
265044,929.3039287122887
265045,296.23445125803556
265046,1894.784377901701
265047,1678.8188339906317
265048,822.6282537790801
265049,1087.288971550646
265050,746.6468504861733
265051,615.152579938622
265052,539.8522318082187
265053,235.48405164150145
265054,350.4721009254856
265055,570.0811635625685
265056,1219.3093186757385
265057,1065.9275020576729
265058,512.5748122817565
265059,707.8948616038593
265060,291.3244045652719
265061,1439.2676363914757
265062,1245.3937333224612
265063,612.8827129736628
265064,815.1258546739808
265065,119.33392192442125
265066,613.3580831662579
265067,536.7689906342973
265068,247.8260982624888
265069,363.3345723979016
265070,202.99298217324576
265071,1236.8041912387982
265072,1085.740509791412
265073,533.972565567411
265074,729.0144605209169
265075,219.60527297705758
265076,1472.6664524818111
265077,1267.5004304281026
265078,633.436204646604
265079,835.4011919783251
265080,63.64680720791282
265081,429.24919625114944
265082,378.99845235072627
265083,181.90023647111295
265084,256.24353872499233
265085,129.20972652119045
265086,911.449699107962
265087,792.0115970306954
265088,370.4507222302492
265089,501.4460758150966
265090,153.26591818242528
265091,1064.0002578369263
265092,900.1109948462578
265093,448.2213107848551
265094,586.1397567479183
265095,719.6834696227522
265096,24.301101634219226
265097,25.625482887809078
265098,6.731940793502505
265099,24.97879166785801
265100,58.751105079284244
265101,30.925650963524014
265102,44.36004992117704
265103,-18.920570276763435
265104,30.844295280419214
265105,-4.726393738163689
265106,48.05288538809762
265107,60.27404676555431
265108,9.56163875383274
265109,45.91810411604
265110,157.68050121014127
265111,1027.655706403517
265112,898.3762148182702
265113,436.55459287831525
265114,580.4400276327042
265115,322.03191648947427
265116,2011.7681787856247
265117,1802.733550922083
265118,857.2213966521374
265119,1214.3730560316994
265120,380.64117389774555
265121,2390.216906154257
265122,2073.632937339826
265123,1009.3419750547944
265124,1410.7599640788985
265125,138.6309343287068
265126,805.7764255137389
265127,685.2551811688613
265128,353.0927948349188
265129,487.6788766418915
265130,263.9436951638261
265131,1606.611174898299
265132,1418.4006873924955
265133,709.902330208514
265134,930.2967183355385
265135,296.5444923532226
265136,1895.0944189968882
265137,1671.5850786066558
265138,823.6210434023299
265139,1088.281761173896
265140,746.6468504861733
265141,615.152579938622
265142,539.8522318082187
265143,235.48405164150145
265144,350.4721009254856
265145,570.0811635625685
265146,1219.3093186757385
265147,1065.9275020576729
265148,512.5748122817565
265149,707.8948616038593
265150,291.3244045652719
265151,1439.2676363914757
265152,1245.3937333224612
265153,612.8827129736628
265154,815.1258546739808
265155,119.33392192442125
265156,613.3580831662579
265157,536.7689906342973
265158,247.8260982624888
265159,363.3345723979016
265160,202.99298217324576
265161,1236.8041912387982
265162,1085.740509791412
265163,533.972565567411
265164,729.0144605209169
265165,219.60527297705758
265166,1472.6664524818111
265167,1267.5004304281026
265168,633.436204646604
265169,835.4011919783251
265170,63.64680720791282
265171,429.24919625114944
265172,378.99845235072627
265173,181.90023647111295
265174,256.24353872499233
265175,129.20972652119045
265176,911.449699107962
265177,792.0115970306954
265178,370.4507222302492
265179,501.4460758150966
265180,153.26591818242528
265181,1064.0002578369263
265182,900.1109948462578
265183,448.2213107848551
265184,586.1397567479183
265185,719.6834696227522
265186,24.301101634219226
265187,25.625482887809078
265188,6.731940793502505
265189,24.97879166785801
265190,58.751105079284244
265191,30.925650963524014
265192,44.36004992117704
265193,-18.920570276763435
265194,30.844295280419214
265195,-4.726393738163689
265196,48.05288538809762
265197,60.27404676555431
265198,9.56163875383274
265199,45.91810411604
265200,157.68050121014127
265201,1027.655706403517
265202,898.3762148182702
265203,436.55459287831525
265204,580.4400276327042
265205,322.03191648947427
265206,2011.7681787856247
265207,1802.733550922083
265208,857.2213966521374
265209,1214.3730560316994
265210,380.64117389774555
265211,2390.216906154257
265212,2073.632937339826
265213,1009.3419750547944
265214,1410.7599640788985
265215,138.6309343287068
265216,805.7764255137389
265217,685.2551811688613
265218,353.0927948349188
265219,487.6788766418915
265220,263.9436951638261
265221,1606.611174898299
265222,1418.4006873924955
265223,709.902330208514
265224,930.2967183355385
265225,296.5444923532226
265226,1895.0944189968882
265227,1671.5850786066558
265228,823.6210434023299
265229,1088.281761173896
265230,746.3587189871707
265231,648.334635740415
265232,572.1974828004566
265233,262.4866271243884
265234,360.7098602136738
265235,521.6112193586581
265236,1268.2990331112642
265237,1101.5612465019206
265238,556.5799865924259
265239,745.0794234238334
265240,265.5437679105039
265241,1501.655767477215
265242,1291.7654336454912
265243,642.7190415178663
265244,883.3704561678395
265245,114.06159442400515
265246,652.999256901527
265247,568.4477109097695
265248,274.21016196487693
265249,372.9538199055908
265250,198.89198681556832
265251,1292.8715353882992
265252,1121.326235299393
265253,577.9777398780805
265254,766.199022340891
265255,227.8039437016219
265256,1543.4762073698946
265257,1315.1681059032346
265258,663.2725331908075
265259,903.6457934721838
265260,69.614896281587
265261,457.35525795263993
265262,399.1420605924198
265263,201.4726837224204
265264,259.0511697816015
265265,135.4556993885132
265266,949.5815970608106
265267,823.8476059933581
265268,408.9870826051616
265269,533.1618236993146
265270,167.45305181404746
265271,1116.2478687301211
265272,943.4022559778348
265273,469.51953200284123
265274,642.0713067868828
265275,721.2294987184273
265276,26.10671178151526
265277,26.65173755620409
265278,15.28795187718966
265279,8.747984309738127
265280,62.40479338385033
265281,29.8317624601701
265282,49.09781439956636
265283,-2.3161076223878325
265284,27.119147359752823
265285,9.77789884833351
265286,50.87107989221652
265287,57.567784185798835
265288,14.642333505693179
265289,29.090290616342052
265290,166.77375999369778
265291,1069.3145286136246
265292,926.3568305473422
265293,458.4841141896705
265294,605.2291947180399
265295,334.26894927883774
265296,2163.6377411327503
265297,1920.5773150840496
265298,913.8730183563649
265299,1269.9878473224444
265300,392.2533484275583
265301,2525.4624556553836
265302,2206.327480007481
265303,1062.879611977067
265304,1479.7970152649102
265305,149.91746893606594
265306,855.4017325091248
265307,724.7128408764288
265308,377.34774180360074
265309,502.56269703902547
265310,275.33564229248964
265311,1712.6176521543546
265312,1486.869677795374
265313,763.7783950621883
265314,976.6706156392411
265315,322.8418409034229
265316,2009.5817464379743
265317,1767.7445565004195
265318,885.5032037947435
265319,1153.4325634845202
265320,740.7894711549585
265321,677.9385864645477
265322,587.9113776300519
265323,277.77706288700494
265324,383.8340567779214
265325,422.6118136813782
265326,1357.5354909478447
265327,1182.7612353538457
265328,587.9456732970458
265329,797.9043052561403
265330,259.02843174889813
265331,1609.440933121238
265332,1394.7290392517907
265333,688.1469892692907
265334,927.5930399758431
265335,122.78884400313025
265336,685.7360798211554
265337,587.9299931915888
265338,291.41149490517074
265339,397.9889136475157
265340,205.1601949941542
265341,1383.121805815249
265342,1204.3837144258648
265343,609.3434265827003
265344,819.0239041731979
265345,234.91346991273392
265346,1658.1817704950147
265347,1421.7874662594338
265348,710.4987454175847
265349,949.6666417555402
265350,82.29012070755618
265351,480.88496397864594
265352,420.51741557011746
265353,209.96880657231418
265354,275.3810534331264
265355,150.28029169922394
265356,995.030268362295
265357,870.2167845705095
265358,420.43480385303656
265359,566.0687400748768
265360,182.48236773050274
265361,1160.390412312679
265362,987.5718953676168
265363,494.6015386091624
265364,665.9479494497836
265365,708.049228427411
265366,32.09441510911518
265367,29.849703277841446
265368,14.385610216528672
265369,17.1632198598258
265370,90.80229201804244
265371,29.250265672483565
265372,49.43682488754679
265373,-11.98703031890301
265374,40.39123620004222
265375,15.20223488648808
265376,51.55657841803621
265377,59.31094527574716
265378,4.296354317840162
265379,41.68732296529366
265380,172.74679517951134
265381,1114.4626628771678
265382,981.4683841437533
265383,482.2503108195358
265384,640.0898070607151
265385,332.0487175319323
265386,2282.028677872993
265387,1996.4733970062748
265388,971.4787073390935
265389,1352.313386344038
265390,418.0869565334709
265391,2656.8278595033116
265392,2310.1919913750085
265393,1158.7805599125054
265394,1600.4178132392137
265395,155.86700048888898
265396,897.4155070973213
265397,775.879473139157
265398,394.45861054411466
265399,530.7679814923495
265400,275.03309502007863
265401,1792.4888489669188
265402,1592.0736477748571
265403,786.5315414850913
265404,1024.1436121010097
265405,330.07299096356223
265406,2122.2532342919453
265407,1887.1712703264468
265408,926.0314666500884
265409,1218.6806763787304
265410,714.7360605226539
265411,749.6481230968212
265412,647.7928944749109
265413,324.00321901605986
265414,449.2476814481955
265415,313.6509774684237
265416,1526.6862943592926
265417,1308.1077614285396
265418,639.0410264791022
265419,871.4627947402402
265420,266.8954996327524
265421,1789.9019102729021
265422,1523.6038792262868
265423,765.2070606849823
265424,1035.4139234944057
265425,145.84990038393522
265426,762.9640949461314
265427,655.9115543566653
265428,337.83444466087553
265429,463.5993319444397
265430,214.83476905878317
265431,1550.8545660962993
265432,1333.94280988204
265433,660.8967124462141
265434,893.0403263387551
265435,244.72413458368365
265436,1829.5224435520138
265437,1554.8748756154112
265438,788.0167495147336
265439,1057.9454579555606
265440,102.19905657577041
265441,545.4513358497558
265442,473.6089315437618
265443,226.60924899852276
265444,310.7401594446036
265445,161.84813434820066
265446,1078.8954899151956
265447,940.4061463124472
265448,454.0036777754621
265449,622.2500752661184
265450,191.08066004569932
265451,1284.8143320584322
265452,1103.9539871460438
265453,570.6616466529839
265454,765.6344005432697
265455,734.0541953758401
265456,32.829519986396434
265457,35.240886595561264
265458,16.916413961656968
265459,15.311043783565621
265460,-11.216963839090095
265461,36.27603796631104
265462,58.79385811867576
265463,-7.620230909134067
265464,42.29130620633894
265465,14.03022757843633
265466,60.67590236964661
265467,75.17303186644247
265468,11.466711172082695
265469,47.40483219691333
265470,187.60177504053868
265471,1232.3435135827401
265472,1092.5426385307271
265473,533.1568971558643
265474,724.3872687611263
265475,385.58736670010296
265476,2504.933388172888
265477,2165.9722831065073
265478,1063.1418357071916
265479,1474.8628182276045
265480,432.8831799337462
265481,2992.489586332607
265482,2602.940579370178
265483,1275.8773639720982
265484,1728.0242436347987
265485,165.58567329424878
265486,992.0679945142266
265487,850.0886090721316
265488,420.33341978865894
265489,586.9170716221763
265490,319.53088840076896
265491,1955.6531395766706
265492,1746.5830432407006
265493,867.6789602143381
265494,1133.0607398669213
265495,349.2936894477291
265496,2325.838205619107
265497,2030.9218810770128
265498,1037.2241744748148
265499,1338.0802039821745
265500,749.2846390603326
265501,617.7903685127814
265502,543.7769713102192
265503,237.7016957502477
265504,357.852574702343
265505,577.0411664788398
265506,1223.3616816554015
265507,1071.2668159651773
265508,516.2070307960074
265509,716.6899097862214
265510,298.0100028978811
265511,1443.0455947874768
265512,1250.4586426463038
265513,616.2405269042517
265514,823.6464982726809
265515,121.97171049858021
265516,623.1729681816438
265517,547.8708265775246
265518,250.04374237123506
265519,370.715046174759
265520,207.04534515290908
265521,1248.033650659688
265522,1098.2569201401432
265523,537.6047840816619
265524,737.809508703279
265525,223.38323137305892
265526,1483.621507319039
265527,1279.742436193172
265528,636.7940185771929
265529,843.9218355770251
265530,66.28459578207176
265531,431.88698482530845
265532,382.9231918527266
265533,184.1178805798592
265534,263.62401250184956
265535,133.2620895008537
265536,915.5020620876256
265537,797.3509109382003
265538,374.0829407445
265539,510.24112399745843
265540,157.04387657842662
265541,1067.7782162329274
265542,905.1759041701007
265543,451.5791247154439
265544,594.6604003466184
265545,717.560016131138
265546,27.41685868995049
265547,30.028190871381636
265548,8.12913754763413
265549,31.538818090100694
265550,72.489177755802
265551,34.64902281128887
265552,49.370372696783164
265553,-15.617342894411312
265554,39.31035233088242
265555,-2.6012932146592336
265556,51.50185265220047
265557,65.00996495749848
265558,12.59046155252292
265559,54.10975658284122
265560,155.8897543586199
265561,1028.7885730113792
265562,918.9117352258197
265563,435.77969884109115
265564,584.8279632635913
265565,333.3276107715053
265566,2023.063873067655
265567,1856.3453743417026
265568,869.435519044581
265569,1242.6362487692058
265570,390.99058431938863
265571,2400.5663165759
265572,2126.2984768990577
265573,1020.6098135868493
265574,1438.076872956017
265575,136.84018747718542
265576,802.8193514830921
265577,691.4872962917888
265578,348.6686205619602
265579,488.417532037044
265580,264.7486458459375
265581,1607.4161255804097
265582,1436.4337123140192
265583,709.2401806483136
265584,934.7973984434493
265585,296.403159174946
265586,1894.953085818611
265587,1688.6718196677916
265588,822.0126099817415
265589,1091.836157421418
265590,750.9840003303575
265591,619.4897297828062
265592,545.4763325802442
265593,239.40105702027276
265594,359.55193597236814
265595,578.7405277488648
265596,1225.0610429254266
265597,1072.9661772352024
265598,517.9063920660324
265599,718.3892710562463
265600,299.7093641679062
265601,1444.744956057502
265602,1252.1580039163289
265603,617.9398881742767
265604,825.3458595427059
265605,131.82082244955123
265606,633.0220801326147
265607,557.7199385284955
265608,259.8928543222064
265609,380.56415812573005
265610,216.8944571038801
265611,1257.882762610659
265612,1108.1060320911142
265613,547.4538960326329
265614,747.65862065425
265615,233.23234332402996
265616,1493.47061927001
265617,1289.591548144143
265618,646.6431305281639
265619,853.7709475279961
265620,66.25200233688982
265621,431.8543913801265
265622,382.89059840754464
265623,184.08528713467723
265624,263.59141905666763
265625,133.22949605567177
265626,915.4694686424436
265627,797.3183174930183
265628,374.05034729931805
265629,510.2085305522765
265630,157.01128313324466
265631,1067.7456227877453
265632,905.1433107249187
265633,451.546531270262
265634,594.6278069014364
265635,717.527422685956
265636,27.384265244768546
265637,29.995597426199694
265638,8.09654410245219
265639,31.50622464491875
265640,72.45658431062007
265641,34.61642936610693
265642,49.33777925160122
265643,-15.649936339593253
265644,39.277758885700486
265645,-2.633886659841175
265646,51.46925920701853
265647,64.97737151231652
265648,12.557868107340978
265649,54.07716313765928
265650,172.91384509362163
265651,1045.8126637463808
265652,935.9358259608214
265653,452.8037895760929
265654,601.852053998593
265655,350.3517015065071
265656,2040.0879638026568
265657,1873.3694650767043
265658,886.4596097795827
265659,1259.6603395042075
265660,408.0146750543904
265661,2417.590407310902
265662,2143.322567634059
265663,1037.6339043218509
265664,1455.1009636910187
265665,140.49339042219637
265666,806.472554428103
265667,695.1404992367997
265668,352.3218235069712
265669,492.070734982055
265670,268.4018487909484
265671,1611.0693285254206
265672,1440.08691525903
265673,712.8933835933245
265674,938.4506013884602
265675,300.056362119957
265676,1898.606288763622
265677,1692.3250226128025
265678,825.6658129267524
265679,1095.4893603664289
265680,751.1740471400401
265681,619.6797765924888
265682,544.3794284620855
265683,239.22077963434077
265684,359.3716585864362
265685,578.9305745585474
265686,1225.2510897351094
265687,1071.8692731170438
265688,517.7261146801003
265689,718.2089936703143
265690,299.8994109775889
265691,1444.9350028671847
265692,1251.0610997981703
265693,617.7596107883446
265694,825.1655821567738
265695,133.0055039968567
265696,634.2067616799202
265697,557.6176691479596
265698,260.7072116738972
265699,381.3785154774208
265700,218.07913865118556
265701,1259.0674441579647
265702,1108.0037627105785
265703,548.2682533843237
265704,748.4729780059407
265705,234.41702487133543
265706,1494.6553008173157
265707,1289.4892787636072
265708,647.4574878798546
265709,854.5853048796869
265710,67.43668388419525
265711,433.03907292743196
265712,382.7883290270088
265713,184.89964448636803
265714,264.4057764083584
265715,134.41417760297725
265716,916.6541501897491
265717,797.2160481124824
265718,374.8647046510088
265719,511.0228879039673
265720,158.19596468055013
265721,1068.930304335051
265722,905.0410413443828
265723,452.36088862195277
265724,595.4421642531272
265725,718.7121042332615
265726,28.568946792073994
265727,29.893328045663857
265728,8.910901454142966
265729,32.32058199660952
265730,92.29709857146088
265731,36.80932470896234
265732,50.243723666615345
265733,-13.8273651923525
265734,41.10033003294122
265735,-1.4492051125357264
265736,52.653940754323976
265737,64.87510213178068
265738,13.372225459031753
265739,54.89152048935004
265740,174.0985266409271
265741,1046.9973452936865
265742,929.5767110289639
265743,454.6712196514611
265744,603.7194840739612
265745,352.5445968493625
265746,2042.2808591455123
265747,1868.0185639403967
265748,889.3352536505009
265749,1262.5359833751259
265750,409.19935660169585
265751,2418.775088858207
265752,2136.9634527022013
265753,1039.5013343972194
265754,1456.9683937663872
265755,141.67807196950184
265756,807.6572359754084
265757,688.7813843049422
265758,354.1892535823394
265759,493.9381650574232
265760,270.59474413380383
265761,1613.2622238682761
265762,1434.7360141227225
265763,715.7690274642428
265764,941.3262452593784
265765,301.24104366726243
265766,1899.7909703109276
265767,1685.965907680945
265768,827.5332430021207
265769,1097.3567904417973
265770,741.7687932643363
265771,591.3025898017
265772,529.0757072683857
265773,223.06512937189413
265774,361.85921760499144
265775,608.8802730094334
265776,1191.3943083478564
265777,1049.7796601888044
265778,495.4389084422445
265779,732.6929657726093
265780,306.92814972082704
265781,1410.4296536472662
265782,1228.3229190372654
265783,587.2335582858954
265784,845.0060062297048
265785,117.39258645587628
265786,599.2363524146689
265787,535.7207254797974
265788,234.62304695319156
265789,373.93756003771745
265790,201.0516467047008
265791,1218.617440296249
265792,1079.3209273078764
265793,516.0525326882096
265794,753.028435649977
265795,213.76086893259657
265796,1450.5766329633454
265797,1260.1578755282396
265798,607.0029209191466
265799,864.4972144943591
265800,61.94931800808834
265801,415.3713117682812
265802,378.194033464947
265803,168.94103143053633
265804,261.68183502142284
265805,127.51223732136593
265806,893.5067944341334
265807,785.8358608158807
265808,357.5743301688097
265809,520.2953596007723
265810,147.66536040668487
265811,1042.154284587181
265812,893.0122862151159
265813,426.8316678751595
265814,610.0710879205672
265815,716.1785243357108
265816,13.961273025223043
265817,20.958596533640048
265818,-2.7295797376870006
265819,17.38137626722798
265820,29.153735349317405
265821,17.292743047850824
265822,37.805605256447706
265823,-16.765792435390694
265824,25.487998516645384
265825,-24.865895837360288
265826,27.974655844009153
265827,50.25437663199859
265828,0.6609126944501741
265829,29.60158418263286
265830,141.31954064040167
265831,981.8012863619506
265832,880.7102605620373
265833,404.04591414447
265834,593.1886692216792
265835,305.4629593926394
265836,1963.2745898865717
265837,1757.909936254123
265838,820.8748908335841
265839,1236.9541300976887
265840,359.1249119111958
265841,2336.7760123654884
265842,2032.9030857062594
265843,949.3386859256793
265844,1458.2959658647296
265845,128.06989024599235
265846,792.5958392784102
265847,676.2053331422092
265848,328.14691921667657
265849,501.16808896589475
265850,256.77872261638737
265851,1598.5051555494053
265852,1405.819219381316
265853,695.5839599443955
265854,969.887895657681
265855,284.43221491606874
265856,1882.041094758279
265857,1657.03640186535
265858,779.5405231514102
265859,1146.7224995396407
265860,746.7887548641191
265861,643.5582747954649
265862,580.4945874525953
265863,255.08918171491385
265864,382.52689384350253
265865,512.0545985369496
265866,1259.4576519753546
265867,1104.4870338250246
265868,540.991390119961
265869,785.6881462384587
265870,275.00755730056557
265871,1482.850630766272
265872,1284.7274653935617
265873,618.6171941971452
265874,929.0612263694387
265875,117.4283520542458
265876,657.9511553419097
265877,586.4730749472412
265878,266.0285875157123
265879,393.9867244957296
265880,202.25874444580919
265881,1293.7584136377225
265882,1133.9802820078298
265883,561.6050143659256
265884,806.0236161158264
265885,229.94429616959854
265886,1545.3132775987765
265887,1331.7524407507192
265888,638.3865568303964
265889,948.5524346340931
265890,73.22550018054817
265891,462.55100266174355
265892,417.41127089861243
265893,193.5349555419767
265894,274.9193830283549
265895,139.06630328747462
265896,950.7123215789537
265897,836.7454989705151
265898,397.65799791076904
265899,567.8217261308647
265900,169.8372505507447
265901,1116.1521880860003
265902,958.0538399523165
265903,449.67719646019253
265904,681.8132566054069
265905,714.452643155838
265906,35.169503496389574
265907,41.38747152590556
265908,12.350148971931747
265909,9.716319338655094
265910,41.111023582506895
265911,35.6014748683674
265912,61.94599005870748
265913,6.3623878449165145
265914,33.01306902534137
265915,-9.143210016638543
265916,50.195470671998564
265917,66.95073437611352
265918,12.265325072242195
265919,24.023989112297325
265920,187.72495966357093
265921,1079.1840380061337
265922,964.4148057251834
265923,461.8047773926512
265924,661.6922692019971
265925,355.0121524216154
265926,2170.8680816677706
265927,1931.4776298501647
265928,913.3558544746373
265929,1338.9678222832322
265930,408.0492466806211
265931,2527.7454913006886
265932,2221.3215578079853
265933,1038.7056647847771
265934,1573.7319179455399
265935,143.77196153804397
265936,865.04845215295
265937,738.4902987289305
265938,355.33458456726385
265939,527.2813326565073
265940,272.58620642974273
265941,1727.3389386846156
265942,1497.1155156633492
265943,752.3927431799754
265944,1030.1756842546774
265945,315.1451001509611
265946,2019.3557280785199
265947,1776.0231856382684
265948,844.3554019257291
265949,1225.7871931435598
265950,737.2875156308781
265951,656.2191639666629
265952,583.005050284646
265953,255.05483546308776
265954,396.8624764060606
265955,427.8256126431122
265956,1331.7510482589998
265957,1172.4835906794044
265958,557.0322948101384
265959,832.9725152052354
265960,271.55123354956896
265961,1573.6927348573597
265962,1374.487639002316
265963,648.7203599341273
265964,967.7432973119121
265965,120.66262151957335
265966,673.7449167086035
265967,592.7519252315159
265968,267.90513844156357
265969,410.23320423596493
265970,203.03397251059735
265971,1367.065622511737
265972,1203.8343291367564
265973,577.645919056103
265974,853.3079850826031
265975,231.56084226691286
265976,1643.0757791709614
265977,1425.168369109373
265978,670.2879870427314
265979,989.0327700519193
265980,80.40774449271979
265981,469.1376471348147
265982,425.58319387876514
265983,186.7062963774279
265984,282.4606526781903
265985,148.39791548438765
265986,979.2179313275035
265987,869.9112455501219
265988,393.78093714420135
265989,595.1881296408967
265990,179.3735863534023
265991,1143.351670115623
265992,989.0200473445539
265993,459.434421052071
265994,700.1493864027774
265995,694.9807056927491
265996,24.21414527105464
265997,31.38200524999797
265998,-3.8769747031718653
265999,9.342940887053311
266000,73.93302313761475
266001,18.076916527746018
266002,49.08156854914299
266003,-18.633316866041305
266004,35.16767228008768
266005,5.991770151201181
266006,33.93790764488342
266007,55.490463468516964
266008,-13.40543613005345
266009,25.503535875705822
266010,158.10671044390267
266011,1077.2908064250578
266012,976.2246230323658
266013,437.75624241688723
266014,655.2743179517961
266015,317.2006362692282
266016,2242.217652563394
266017,1964.0719754831607
266018,923.1468118517361
266019,1385.8878148899053
266020,398.29157038105194
266021,2612.0695293039976
266022,2281.8843328862836
266023,1086.7918811145864
266024,1658.9471695049228
266025,146.19370230651776
266026,892.0843545176602
266027,778.4186883235625
266028,359.0797436760052
266029,548.6570754908113
266030,268.7558683729826
266031,1792.2322632736932
266032,1591.0812429747357
266033,761.7801799711058
266034,1076.6921562753819
266035,318.84845942675133
266036,2117.049343709004
266037,1884.211656796199
266038,871.5179551493014
266039,1290.078781596706
266040,709.8169142468494
266041,732.90626686987
266042,647.8641334004386
266043,300.3360787348327
266044,457.26103568824095
266045,316.22274058328975
266046,1505.8794179413815
266047,1302.807683025032
266048,611.9825296839263
266049,894.767997185423
266050,278.00111068169895
266051,1759.1312782799575
266052,1508.3400452477458
266053,729.6353130415501
266054,1063.8011733265632
266055,142.30648714865418
266056,749.5557410818552
266057,659.3162956448682
266058,313.3831753399585
266059,470.8285571447952
266060,211.29135582350213
266061,1533.3811920410633
266062,1331.9762338412074
266063,633.0540866113482
266064,915.5613997442481
266065,239.9543161861384
266066,1812.9992614762364
266067,1556.8385877136263
266068,751.6608728316116
266069,1085.5485787480281
266070,98.89948960920987
266071,532.2868282542003
266072,477.25751910068533
266073,202.40182594632657
266074,312.8046933015737
266075,158.54856738164025
266076,1061.6659621286801
266077,938.6834165403353
266078,426.404898209317
266079,639.6064573282262
266080,186.55468791687468
266081,1266.358399109652
266082,1103.9849483712562
266083,534.5496162385824
266084,788.0728299923514
266085,721.8006536708008
266086,25.764231177958617
266087,37.58816959734049
266088,-0.5311899284208647
266089,10.624583550264527
266090,10.534214540616112
266091,25.145728966912984
266092,58.48164192561149
266093,-14.223477310932834
266094,41.511737925882336
266095,5.634743872772144
266096,43.872212626116536
266097,72.16753108883499
266098,-5.4200982461882115
266099,36.43698163110665
266100,172.7821028204583
266101,1204.7918745898417
266102,1085.0602375580283
266103,489.23292913368266
266104,728.2638299034218
266105,370.5596979529272
266106,2474.7425803225005
266107,2131.8977621328995
266108,1015.3800406003023
266109,1494.415691763405
266110,412.90820629685555
266111,2957.351473592504
266112,2566.8988496664438
266113,1209.5921179807133
266114,1772.0553254348742
266115,155.91237511187762
266116,986.7368419345655
266117,850.9824315821257
266118,384.9545529205495
266119,599.1244644989923
266120,313.25366175367293
266121,1955.396553883445
266122,1750.5568243233324
266123,842.9275987003526
266124,1176.17433600724
266125,338.0691579109182
266126,2320.634315036166
266127,2032.9284534295182
266128,987.8439954000958
266129,1399.566641710529
266130,736.9569569301867
266131,590.2876410172706
266132,526.8448509870873
266133,222.02081058913055
266134,365.717442140844
266135,584.3273455579555
266136,1191.811014656679
266137,1048.980459000758
266138,493.9786367658956
266139,736.7560380870931
266140,307.01998905954645
266141,1410.8463599560887
266142,1227.5237178492189
266143,585.7732866095465
266144,849.0690785441885
266145,113.96870222979756
266146,599.0055326699294
266147,534.2739982381888
266148,234.3628572101179
266149,378.57991361326
266150,197.05274009472112
266151,1219.8182756447616
266152,1079.30585515952
266153,515.3763900515504
266154,757.8756370041507
266155,210.3369847065177
266156,1451.777468311858
266157,1260.1428033798832
266158,606.3267782824877
266159,869.3444158485328
266160,58.28158751328897
266161,414.8966457548211
266162,376.5034599546179
266163,168.43699541874207
266164,266.0803423282448
266165,123.26948444266579
266166,894.4637835139251
266167,785.5769423988033
266168,356.6543412634302
266169,524.8987146862253
266170,143.9976299118854
266171,1043.1112736669731
266172,892.7533677980385
266173,425.91167896978
266174,614.6744430060202
266175,715.0130115807957
266176,15.988824751647243
266177,21.770240763195122
266178,-0.7313980095968362
266179,21.779883574049833
266180,29.251556390527302
266181,20.751949867526836
266182,40.04890457925461
266183,-15.183563600886025
266184,30.09135360209848
266185,-16.237268299345804
266186,31.433862663685197
266187,52.49767595480551
266188,2.243141528954849
266189,34.20493926808596
266190,141.38472432114145
266191,985.0595345240295
266192,879.0951500870331
266193,406.2217195845377
266194,598.0262226538259
266195,302.6898454567301
266196,1968.9690215475998
266197,1758.7310092780676
266198,820.4419763768998
266199,1239.8037643053
266200,359.76482450326307
266201,2342.4704440265164
266202,2033.724158730204
266203,948.905771468995
266204,1461.145600072341
266205,128.08924144501395
266206,795.808254958771
266207,678.9020855573123
266208,330.2768921750259
266209,505.15682469635254
266210,253.9597761987594
266211,1604.426494610392
266212,1411.2248951770448
266213,695.3779528876698
266214,972.1614520452805
266215,285.02629502641764
266216,1887.9624338192657
266217,1662.4420776610787
266218,779.3345160946845
266219,1148.99605592724
266220,736.9569569301867
266221,590.2876410172706
266222,526.8448509870873
266223,222.02081058913055
266224,365.717442140844
266225,584.3273455579555
266226,1190.334377751555
266227,1047.503822095634
266228,493.9786367658956
266229,736.7560380870931
266230,314.9410114579397
266231,1409.3697230509647
266232,1226.047080944095
266233,585.7732866095465
266234,849.0690785441885
266235,113.96870222979756
266236,599.0055326699294
266237,534.2739982381888
266238,234.3628572101179
266239,378.57991361326
266240,197.05274009472112
266241,1218.3416387396376
266242,1077.829218254396
266243,515.3763900515504
266244,757.8756370041507
266245,210.3369847065177
266246,1450.300831406734
266247,1258.6661664747592
266248,606.3267782824877
266249,869.3444158485328
266250,58.28158751328897
266251,414.8966457548211
266252,376.5034599546179
266253,168.43699541874207
266254,266.0803423282448
266255,123.26948444266579
266256,892.9871466088011
266257,784.1003054936793
266258,356.6543412634302
266259,524.8987146862253
266260,143.9976299118854
266261,1041.6346367618492
266262,891.2767308929145
266263,425.91167896978
266264,614.6744430060202
266265,715.0130115807957
266266,15.988824751647243
266267,21.770240763195122
266268,-0.7313980095968362
266269,21.779883574049833
266270,29.251556390527302
266271,19.275312962402847
266272,38.57226767413063
266273,-15.183563600886025
266274,30.09135360209848
266275,-16.237268299345804
266276,29.957225758561208
266277,51.02103904968152
266278,2.243141528954849
266279,34.20493926808596
266280,141.38472432114145
266281,985.0595345240295
266282,879.0951500870331
266283,406.2217195845377
266284,598.0262226538259
266285,302.6898454567301
266286,1963.9244818256573
266287,1756.8786199121203
266288,820.4419763768998
266289,1239.8037643053
266290,359.76482450326307
266291,2337.425904304574
266292,2031.8717693642566
266293,948.905771468995
266294,1461.145600072341
266295,131.53813205441753
266296,805.8515294526619
266297,688.9453600512031
266298,335.34431945807603
266299,510.22425197940265
266300,259.9400815766207
266301,1612.9019804700804
266302,1419.7003810367332
266303,702.9767949391777
266304,979.7602940967884
266305,291.00660040427886
266306,1896.4379196789541
266307,1670.917563520767
266308,786.9333581461924
266309,1156.5948979787481
266310,739.7638931010285
266311,591.1276460960962
266312,526.3979051380716
266313,222.4904914723415
266314,366.187123024055
266315,592.2053384395998
266316,1191.2193646422527
266317,1047.1018580584903
266318,494.86427054269205
266319,737.0208711916728
266320,304.92324955751934
266321,1410.2547099416624
266322,1225.6451169069512
266323,586.6589203863429
266324,849.3339116487682
266325,116.1718153322584
266326,599.845537748755
266327,533.8270523891731
266328,234.83253809332885
266329,379.04959449647095
266330,199.8308755810828
266331,1219.2266256303353
266332,1077.4272542172523
266333,516.2620238283467
266334,758.1404701087304
266335,212.54009780897857
266336,1451.1858182974318
266337,1258.2642024376155
266338,607.212412059284
266339,869.6092489531125
266340,60.48470061574983
266341,415.73665083364676
266342,376.0565141056022
266343,168.906676301953
266344,266.55002321145577
266345,126.04761992902745
266346,893.8721334994989
266347,783.6983414565358
266348,357.53997504022664
266349,525.163547790805
266350,146.20074301434627
266351,1042.519623652547
266352,890.874766855771
266353,426.79731274657644
266354,614.9392761105998
266355,717.2161246832565
266356,16.828829830472827
266357,21.323294914179424
266358,-0.26171712638592554
266359,22.249564457260746
266360,34.867696020964786
266361,20.160299853100607
266362,38.170303636987086
266363,-14.297929824089625
266364,30.356186706678155
266365,-14.03415519688494
266366,30.842212649258958
266367,50.61907501253797
266368,3.12877530575125
266369,34.46977237266565
266370,143.5878374236023
266371,985.8995396028554
266372,882.3056553782317
266373,407.7444731914261
266374,599.5489762607143
266375,308.30598508716764
266376,1967.0022357195217
266377,1762.3268740183578
266378,824.5734498805401
266379,1243.3144371367239
266380,361.96793760572405
266381,2340.503658198438
266382,2037.320023470494
266383,953.0372449726353
266384,1464.6562729037648
266385,133.7412451568784
266386,806.6915345314875
266387,687.7981699705762
266388,336.8670730649644
266389,511.74700558629104
266390,265.5562212070582
266391,1615.7069944822679
266392,1420.5181998894682
266393,706.8355285611411
266394,982.9982270465351
266395,293.20971350673983
266396,1899.2429336911416
266397,1671.735382373502
266398,790.7920917681558
266399,1159.832830928495
266400,739.7638931010285
266401,591.1276460960962
266402,526.3979051380716
266403,222.4904914723415
266404,366.187123024055
266405,592.2053384395998
266406,1191.2193646422527
266407,1047.1018580584903
266408,494.86427054269205
266409,737.0208711916728
266410,304.92324955751934
266411,1410.2547099416624
266412,1225.6451169069512
266413,586.6589203863429
266414,849.3339116487682
266415,116.1718153322584
266416,599.845537748755
266417,533.8270523891731
266418,234.83253809332885
266419,379.04959449647095
266420,199.8308755810828
266421,1219.2266256303353
266422,1077.4272542172523
266423,516.2620238283467
266424,758.1404701087304
266425,212.54009780897857
266426,1451.1858182974318
266427,1258.2642024376155
266428,607.212412059284
266429,869.6092489531125
266430,60.48470061574983
266431,415.73665083364676
266432,376.0565141056022
266433,168.906676301953
266434,266.55002321145577
266435,126.04761992902745
266436,893.8721334994989
266437,783.6983414565358
266438,357.53997504022664
266439,525.163547790805
266440,146.20074301434627
266441,1042.519623652547
266442,890.874766855771
266443,426.79731274657644
266444,614.9392761105998
266445,717.2161246832565
266446,16.828829830472827
266447,21.323294914179424
266448,-0.26171712638592554
266449,22.249564457260746
266450,34.867696020964786
266451,20.160299853100607
266452,38.170303636987086
266453,-14.297929824089625
266454,30.356186706678155
266455,-14.03415519688494
266456,30.842212649258958
266457,50.61907501253797
266458,3.12877530575125
266459,34.46977237266565
266460,143.5878374236023
266461,985.8995396028554
266462,882.3056553782317
266463,407.7444731914261
266464,599.5489762607143
266465,308.30598508716764
266466,1967.0022357195217
266467,1762.3268740183578
266468,824.5734498805401
266469,1243.3144371367239
266470,361.96793760572405
266471,2340.503658198438
266472,2037.320023470494
266473,953.0372449726353
266474,1464.6562729037648
266475,133.7412451568784
266476,806.6915345314875
266477,687.7981699705762
266478,336.8670730649644
266479,511.74700558629104
266480,265.5562212070582
266481,1615.7069944822679
266482,1420.5181998894682
266483,706.8355285611411
266484,982.9982270465351
266485,293.20971350673983
266486,1899.2429336911416
266487,1671.735382373502
266488,790.7920917681558
266489,1159.832830928495
266490,737.4257268708138
266491,621.9048549452745
266492,556.3383091776947
266493,243.15318162065924
266494,376.8714868991285
266495,488.02153613711835
266496,1237.804232125164
266497,1080.3307555501235
266498,529.0553900257067
266499,781.1279324164125
266500,265.6445293072601
266501,1461.1972109160813
266502,1260.5711871186606
266503,606.6811941028911
266504,926.7747910621549
266505,108.84945310063023
266506,637.0818645314093
266507,563.1009257120305
266508,254.87671646114765
266509,389.11544659104555
266510,193.6798454921934
266511,1272.8891228272219
266512,1110.6081327726188
266513,550.4531433113613
266514,802.2475313334701
266515,221.36539721598277
266516,1524.4439867882759
266517,1308.3802915155081
266518,627.2346857758323
266519,947.0501283664992
266520,64.40275495821194
266521,441.43786558252253
266522,393.795275394681
266523,182.13923821869156
266524,269.80425885495026
266525,130.2435580651383
266526,929.5991844997327
266527,813.1295034665837
266528,386.2622805874842
266529,564.2069468988552
266530,161.01450532840832
266531,1095.0390510067791
266532,934.4378444483851
266533,438.2814791369077
266534,678.1984773733974
266535,708.1321156733861
266536,16.55858415705274
266537,20.273693761858326
266538,5.516572554543727
266539,4.601195165250288
266540,39.466856424156575
266541,16.990555529030594
266542,40.832212294660266
266543,-0.4711885724715285
266544,26.815292179655227
266545,-5.669597206160935
266546,31.58455133266175
266547,45.836956612066366
266548,5.431748654854183
266549,17.82621226661121
266550,151.8033148455003
266551,1026.3257682299027
266552,909.0536775242423
266553,423.71328174301044
266554,627.9709595859107
266555,319.6652365148724
266556,2117.639204483585
266557,1878.9380445972633
266558,875.2643588249965
266559,1307.7865311360154
266560,371.97625491946087
266561,2473.7905382620866
266562,2168.0558967006677
266563,1001.5590502202274
266564,1543.4955078834148
266565,144.14999840257903
266566,855.0842479438121
266567,726.0232360950823
266568,355.16130727387525
266569,530.6752561767025
266570,276.070386974063
266571,1720.4808781552624
266572,1487.7545967092856
266573,754.7508806550445
266574,1038.641041012201
266575,317.9032048408642
266576,2011.7715916947498
266577,1765.9361908297878
266578,847.6584204858898
266579,1235.1974309861741
266580,733.9568093357758
266581,653.2305142914122
266582,573.773912629295
266583,249.12542579139435
266584,402.5157473369605
266585,409.8248719414842
266586,1328.7623985837495
266587,1163.2524530240537
266588,551.1028851384452
266589,840.4450207833805
266590,268.22052725446673
266591,1570.7040851821093
266592,1365.2565013469653
266593,642.7909502624341
266594,977.4895814048197
266595,118.1160442641609
266596,671.5403960730426
266597,584.3049166158547
266598,262.7598578095605
266599,416.6706042065548
266600,200.48739525518488
266601,1364.8611018761767
266602,1195.3873205210957
266603,572.5006384240997
266604,861.5646197004381
266605,229.01426501150038
266606,1640.871258535401
266607,1416.7213604937124
266608,665.1427064107281
266609,999.5631831845168
266610,77.61732096858681
266611,466.6892802305336
266612,416.89233899438375
266613,181.31716947670407
266614,288.6542063800596
266615,145.60749196025458
266616,976.769564423222
266617,861.2203906657401
266618,388.3918102434778
266619,603.6060698090786
266620,176.5831628292692
266621,1140.903303211342
266622,980.3291924601721
266623,454.04529415134743
266624,708.5673265709593
266625,694.6924999085002
266626,24.267996106657712
266627,25.193368105500724
266628,-4.703960697998631
266629,15.536494588922352
266630,73.6448173533661
266631,18.13076736334909
266632,42.89293140464575
266633,-19.46030286086811
266634,41.00261483459315
266635,5.703564366952504
266636,33.99175848048651
266637,49.30182632401973
266638,-14.232422124880236
266639,31.338478430211296
266640,157.9519251618311
266641,1072.8318446615624
266642,965.5231732887702
266643,435.7696414814918
266644,662.9599905026674
266645,316.56533597296595
266646,2236.332839466426
266647,1955.1368247620871
266648,921.1602109163404
266649,1396.8375474345642
266650,396.9301942303725
266651,2605.4586403526127
266652,2272.2231063107934
266653,1085.750161264283
266654,1670.8417831346735
266655,150.2751050859193
266656,898.4559647001254
266657,778.5478105259273
266658,362.9478674757293
266659,561.3944875568317
266660,290.4138114474242
266661,1830.3373723090208
266662,1622.943864029963
266663,783.7053590800607
266664,1110.7506836444209
266665,339.78032664677573
266666,2154.428376889915
266667,1915.3482019970093
266668,894.3880153433479
266669,1325.0821900508367
266670,706.1968210821801
266671,731.3003395129524
266672,640.0157180634206
266673,298.96700810049947
266674,460.68417181992595
266675,305.33043877214766
266676,1504.2734905844643
266677,1294.9592676880145
266678,610.6134590495926
266679,902.1397921182229
266680,273.63320320749693
266681,1756.7775366135074
266682,1499.7438156011954
266683,727.5184280976835
266684,1074.8279695897302
266685,140.98430773404803
266686,748.7339427646275
266687,652.2520093475401
266688,312.7982337453152
266689,475.03582231617014
266690,209.96917640889598
266691,1532.5593937238361
266692,1324.91194754388
266693,632.4691450167045
266694,923.7173237167378
266695,237.8843224619992
266696,1811.4296488494763
266697,1549.026487106766
266698,750.3281169274348
266699,1097.359504050885
266700,97.33346392588318
266701,531.2211836682519
266702,469.9493865346371
266703,201.57303808296246
266704,316.7681122042281
266705,156.98254169831347
266706,1060.6003175427325
266707,931.3752839742866
266708,425.57611034595317
266709,647.9236868510627
266710,184.24084792401487
266711,1264.5449402141714
266712,1095.9290014956753
266713,532.9730140656851
266714,797.7712823307929
266715,720.9769518404255
266716,25.44091044496224
266717,31.02236088424376
266718,1.442269227179412
266719,12.568638601760169
266720,9.710512710241124
266721,24.822408233916583
266722,51.9158332125148
266723,-12.250018155332555
266724,44.44929862506982
266725,4.81104204239714
266726,43.54889189312014
266727,65.60172237573832
266728,-3.4466390905879276
266729,39.374542330294126
266730,173.08639000635486
266731,1191.150504828158
266732,1065.1763798162444
266733,490.2916539978692
266734,735.1575727316443
266735,370.383470124633
266736,2459.675359227344
266737,2113.7802034136375
266738,1016.4387654644884
266739,1505.9256113804704
266740,412.00590261414413
266741,2941.558176642931
266742,2548.055215092765
266743,1211.595723929992
266744,1784.5101261370314
266745,160.27326287477553
266746,1026.0097628252795
266747,876.8797696762476
266748,392.43810290032343
266749,612.4430324428022
266750,335.19108981161094
266751,2026.4029736270215
266752,1808.187661270317
266753,868.4682039893571
266754,1212.166136049124
266755,359.280510114439
266756,2390.914658925325
266757,2089.8332145220857
266758,1014.3294817741918
266759,1436.5033228375046
266760,739.1699089311497
266761,590.893793248327
266762,527.4510032181437
266763,222.13042612027033
266764,367.6916498888575
266765,618.3154142826262
266766,1190.9855117944837
266767,1048.1549561385627
266768,494.5042051906205
266769,741.1219400625348
266770,315.0273905759374
266771,1408.824302797683
266772,1225.5016606908132
266773,585.1023007380609
266774,856.6412418633201
266775,116.13445022836518
266776,599.6116849009858
266777,534.8801504692452
266778,234.4724727412577
266779,380.5541213612735
266780,199.7935104771896
266781,1218.9927727825664
266782,1078.4803522973248
266783,515.9019584762751
266784,762.2415389795924
266785,211.30617840887484
266786,1449.7554111534523
266787,1258.1207462214775
266788,605.655792411002
266789,876.9165791676644
266790,60.447335511856636
266791,415.5027979858778
266792,377.1096121856745
266793,168.54661094988182
266794,268.0545500762583
266795,126.01025482513428
266796,893.6382806517297
266797,784.7514395366079
266798,357.1799096881555
266799,529.6697684807344
266800,144.96682361424254
266801,1041.0892165085675
266802,890.7313106396326
266803,425.2406930982948
266804,620.3779796294568
266805,717.178759579363
266806,16.594976982703823
266807,22.37639299425172
266808,1.4381406875555398
266809,21.73472747090469
266810,44.737938087935376
266811,19.154506121048403
266812,38.45146083277618
266813,-13.370012894431351
266814,28.71079768867532
266815,-14.071520300778152
266816,30.60835980148996
266817,51.67217309261028
266818,4.828633119692729
266819,33.59632423894603
266820,142.4531963862314
266821,984.5684108216084
266822,878.604026384612
266823,406.00094690546644
266824,601.7817051666822
266825,306.1161001242784
266826,1964.6158630127568
266827,1757.5700010992198
266828,822.8299235945802
266829,1248.8112260364792
266830,359.05197678841756
266831,2337.3912096372555
266832,2031.8370746969392
266833,952.2385997717669
266834,1471.097942888612
266835,132.60660411950744
266836,837.8239069974666
266837,713.784642779516
266838,335.1235467790048
266839,513.9797344922588
266840,270.3823498160069
266841,1666.9570951523888
266842,1466.62240090255
266843,712.108015847019
266844,995.5110295181281
266845,297.30976626127114
266846,1949.7669585068456
266847,1717.113507532167
266848,797.0094601391252
266849,1173.2905144851798
266850,739.1699089311497
266851,590.893793248327
266852,527.4510032181437
266853,222.13042612027033
266854,367.6916498888575
266855,618.3154142826262
266856,1190.9855117944837
266857,1048.1549561385627
266858,494.5042051906205
266859,741.1219400625348
266860,322.37465510232516
266861,1408.2505449256776
266862,1224.9279028188078
266863,584.5285428660554
266864,856.0674839913147
266865,116.13445022836518
266866,599.6116849009858
266867,534.8801504692452
266868,234.4724727412577
266869,380.5541213612735
266870,199.7935104771896
266871,1218.9927727825664
266872,1078.4803522973248
266873,515.9019584762751
266874,762.2415389795924
266875,210.7324205368694
266876,1449.1816532814469
266877,1257.546988349472
266878,605.0820345389966
266879,876.342821295659
266880,60.447335511856636
266881,415.5027979858778
266882,377.1096121856745
266883,168.54661094988182
266884,268.0545500762583
266885,126.01025482513428
266886,893.6382806517297
266887,784.7514395366079
266888,357.1799096881555
266889,529.6697684807344
266890,144.3930657422371
266891,1040.515458636562
266892,890.1575527676272
266893,424.6669352262893
266894,619.8042217574514
266895,717.178759579363
266896,16.594976982703823
266897,22.37639299425172
266898,1.4381406875555398
266899,21.73472747090469
266900,44.737938087935376
266901,19.154506121048403
266902,38.45146083277618
266903,-13.370012894431351
266904,28.71079768867532
266905,-14.071520300778152
266906,30.60835980148996
266907,51.67217309261028
266908,4.828633119692729
266909,33.59632423894603
266910,142.4531963862314
266911,984.5684108216084
266912,878.604026384612
266913,406.00094690546644
266914,601.7817051666822
266915,306.1161001242784
266916,1964.6158630127568
266917,1757.5700010992198
266918,822.8299235945802
266919,1248.8112260364792
266920,359.05197678841756
266921,2337.3912096372555
266922,2031.8370746969392
266923,952.2385997717669
266924,1471.097942888612
266925,132.60660411950744
266926,837.8239069974666
266927,713.784642779516
266928,335.1235467790048
266929,513.9797344922588
266930,270.3823498160069
266931,1666.9570951523888
266932,1466.62240090255
266933,712.108015847019
266934,995.5110295181281
266935,297.30976626127114
266936,1949.7669585068456
266937,1717.113507532167
266938,797.0094601391252
266939,1173.2905144851798
266940,740.0977558294235
266941,591.2178170782197
266942,526.488076120195
266943,222.08412575454818
266944,367.6453495231353
266945,618.6394381125189
266946,1191.3095356243764
266947,1047.192029040614
266948,492.4617646947294
266949,741.0756396968128
266950,311.0129077311232
266951,1409.1096725573573
266952,1224.500079522646
266953,583.0212061719515
266954,856.5562874273796
266955,116.45847405825766
266956,599.9357087308784
266957,533.9172233712966
266958,234.42617237553554
266959,380.50782099555124
266960,200.1175343070821
266961,1219.316796612459
266962,1077.517425199376
266963,513.8595179803841
266964,762.1952386138704
266965,211.59154816854888
266966,1450.0407809131266
266967,1257.1191650533103
266968,603.5746978448926
266969,876.8316247317239
266970,60.77135934174916
266971,415.82682181577024
266972,376.14668508772564
266973,168.50031058415968
266974,268.00824971053606
266975,126.3342786550269
266976,893.9623044816224
266977,783.7885124386593
266978,355.13746919226446
266979,529.6234681150124
266980,145.25219337391658
266981,1041.3745862682417
266982,889.7297294714655
266983,423.1595985321853
266984,620.2930251935163
266985,720.7522938858588
266986,18.410723582093425
266987,22.90518866580003
266988,2.883563091330463
266989,23.180149874679618
266990,43.05636198228413
266991,20.970252720437998
266992,38.98025650432447
266993,-13.920730620825246
266994,30.156220092450233
266995,-15.21799260464248
266996,32.95921020266655
266997,52.73607256594556
266998,4.8130191950858086
266999,35.576850444507926
267000,143.29503879805827
267001,985.4102532334355
267002,881.8163690088121
267003,407.52553784535604
267004,603.3062961065721
267005,306.9579425361052
267006,1965.4577054245838
267007,1760.78234372342
267008,822.3583744043012
267009,1250.335816976369
267010,360.4289230020314
267011,2338.7681558508702
267012,2035.5845211229264
267013,952.3021543832748
267014,1473.1576376302887
267015,133.44844653133435
267016,838.6657494092937
267017,712.6392900318906
267018,336.64813771889436
267019,515.5043254321484
267020,271.22419222783384
267021,1667.7989375642157
267022,1465.4770481549244
267023,711.63646665674
267024,997.035620458018
267025,298.686712474885
267026,1951.1439047204597
267027,1716.5032585863285
267028,797.0730147506331
267029,1175.3502092268566
267030,740.0977558294235
267031,591.2178170782197
267032,526.488076120195
267033,222.08412575454818
267034,367.6453495231353
267035,618.6394381125189
267036,1191.3095356243764
267037,1047.192029040614
267038,492.4617646947294
267039,741.0756396968128
267040,311.0129077311232
267041,1409.1096725573573
267042,1224.500079522646
267043,583.0212061719515
267044,856.5562874273796
267045,116.45847405825766
267046,599.9357087308784
267047,533.9172233712966
267048,234.42617237553554
267049,380.50782099555124
267050,200.1175343070821
267051,1219.316796612459
267052,1077.517425199376
267053,513.8595179803841
267054,762.1952386138704
267055,211.59154816854888
267056,1450.0407809131266
267057,1257.1191650533103
267058,603.5746978448926
267059,876.8316247317239
267060,60.77135934174916
267061,415.82682181577024
267062,376.14668508772564
267063,168.50031058415968
267064,268.00824971053606
267065,126.3342786550269
267066,893.9623044816224
267067,783.7885124386593
267068,355.13746919226446
267069,529.6234681150124
267070,145.25219337391658
267071,1041.3745862682417
267072,889.7297294714655
267073,423.1595985321853
267074,620.2930251935163
267075,720.7522938858588
267076,18.410723582093425
267077,22.90518866580003
267078,2.883563091330463
267079,23.180149874679618
267080,43.05636198228413
267081,20.970252720437998
267082,38.98025650432447
267083,-13.920730620825246
267084,30.156220092450233
267085,-15.21799260464248
267086,32.95921020266655
267087,52.73607256594556
267088,4.8130191950858086
267089,35.576850444507926
267090,143.29503879805827
267091,985.4102532334355
267092,881.8163690088121
267093,407.52553784535604
267094,603.3062961065721
267095,306.9579425361052
267096,1965.4577054245838
267097,1760.78234372342
267098,822.3583744043012
267099,1250.335816976369
267100,360.4289230020314
267101,2338.7681558508702
267102,2035.5845211229264
267103,952.3021543832748
267104,1473.1576376302887
267105,133.44844653133435
267106,838.6657494092937
267107,712.6392900318906
267108,336.64813771889436
267109,515.5043254321484
267110,271.22419222783384
267111,1667.7989375642157
267112,1465.4770481549244
267113,711.63646665674
267114,997.035620458018
267115,298.686712474885
267116,1951.1439047204597
267117,1716.5032585863285
267118,797.0730147506331
267119,1175.3502092268566
267120,741.062158094596
267121,621.0535891331862
267122,557.8380475843397
267123,243.33313554698577
267124,380.0224324570949
267125,517.7582043054242
267126,1236.9529663130756
267127,1081.8304939567686
267128,527.2392038218645
267129,785.7802268581111
267130,275.0367559762513
267131,1459.1107367375641
267132,1260.8357171588768
267133,603.6297995326198
267134,932.3209142625625
267135,108.91305577732093
267136,636.2305987193209
267137,564.6006641186756
267138,255.05667038747413
267139,392.26639214901195
267140,193.74344816888407
267141,1272.0378570151336
267142,1112.1078711792638
267143,548.636957107519
267144,806.8998257751687
267145,217.51712811259262
267146,1517.5042520543836
267147,1303.7915610003492
267148,624.183291205561
267149,952.5962515669067
267150,64.46635763490261
267151,440.5865997704341
267152,395.295013801326
267153,182.319192145018
267154,272.95520441291666
267155,130.3071607418291
267156,928.7479186876443
267157,814.6292418732288
267158,384.4460943836418
267159,568.8592413405538
267160,157.16623622501817
267161,1090.2759134146102
267162,932.0257110749493
267163,435.2300845666364
267164,683.744600573805
267165,711.7625824194615
267166,17.516394707243006
267167,23.582508530782043
267168,7.505602843148882
267169,7.541853234336925
267170,52.79394463354346
267171,17.176425194937636
267172,43.36908617930078
267173,-1.250239298318391
267174,29.708050889376363
267175,-6.759137070445501
267176,33.07746568463902
267177,49.68087518277705
267178,5.959742615077495
267179,22.026015662402546
267180,152.3383232430186
267181,1025.945908138642
267182,911.0248216517152
267183,424.7284078440528
267184,633.7383520834363
267185,319.14500098687233
267186,2116.2041004668063
267187,1879.853944799218
267188,874.2833447958703
267189,1314.2779651584585
267190,371.99112319324786
267191,2472.8905380470947
267192,2169.5069007044094
267193,1001.1131399928886
267194,1550.522045707645
267195,144.68500680009734
267196,868.348627399754
267197,734.505524953266
267198,356.1764333749176
267199,536.4426486742282
267200,291.0757919868362
267201,1762.3726127842815
267202,1524.8642407405464
267203,769.2955071666914
267204,1060.6581155754172
267205,333.4437136554244
267206,2054.198430125556
267207,1803.5809386628357
267208,862.7381507993238
267209,1257.7496093511775
267210,735.4929102623838
267211,650.6575398573189
267212,573.5519424139351
267213,254.58244240162512
267214,402.2909504110906
267215,418.7587986281447
267216,1326.1894241496561
267217,1163.0304828086937
267218,552.3806114079008
267219,837.749430080166
267220,268.5214198146456
267221,1566.8959023815871
267222,1363.7993227651764
267223,642.8334681654605
267224,975.6878194603141
267225,117.64030535644596
267226,668.9674216389493
267227,584.0829464004948
267228,268.21687441979094
267229,416.4458072806849
267230,200.01165634746997
267231,1362.2881274420834
267232,1195.1653503057357
267233,573.7783646935553
267234,858.8690289972236
267235,224.62665432370463
267236,1632.2098151795037
267237,1410.4109213565484
267238,665.1852243137546
267239,997.7614212400113
267240,77.14158206087197
267241,464.1163057964401
267242,416.67036877902365
267243,186.7741860869344
267244,288.4294094541897
267245,145.1317530525397
267246,974.1965899891287
267247,860.9984204503802
267248,389.6695365129331
267249,600.910479105864
267250,172.19555214147346
267251,1134.418456997168
267252,976.1953504647313
267253,454.08781205437384
267254,706.7655646264537
267255,697.7836250701702
267256,23.50409803484293
267257,26.780474252419392
267258,2.5621322745104536
267259,15.101410174172697
267260,86.43256397834737
267261,16.5949284072511
267262,43.708096667281225
267263,-17.145441113417277
267264,42.12446111941389
267265,4.07468291826237
267266,33.76296421045871
267267,51.42403627272539
267268,-10.610515691359216
267269,33.76736940110223
267270,158.31135842883216
267271,1071.094042402185
267272,966.1363752481263
267273,442.06183026643816
267274,665.3516405163568
267275,316.9247692399669
267276,2234.595037207049
267277,1955.7500267214432
267278,923.273109360512
267279,1393.3561802702977
267280,397.8247312991605
267281,2604.2559418950227
267282,2273.371412071937
267283,1088.3981635102416
267284,1667.8955197721941
267285,150.63453835292037
267286,878.7253707842924
267287,771.187923570661
267288,369.24005626067566
267289,563.7861375705211
267290,277.2977826836284
267291,1797.1313163623909
267292,1602.1085150438996
267293,772.3427954934353
267294,1093.7938544493577
267295,327.19940168476694
267296,2121.757424745072
267297,1895.047956812733
267298,883.5605555585096
267299,1308.6604646575606
267300,704.0120401516624
267301,728.289555617836
267302,639.3559383870377
267303,300.80859853068
267304,461.6594937811094
267305,333.5925771162855
267306,1501.2627066893476
267307,1294.2994880116312
267308,605.853354837457
267309,899.8670129432477
267310,270.96102822008294
267311,1753.2793586614948
267312,1498.596641867916
267313,722.2709298286519
267314,1072.067796357859
267315,140.22908384283673
267316,745.723158869511
267317,651.5922296711572
267318,314.63982417549573
267319,476.0111442773536
267320,209.21395251768467
267321,1529.5486098287195
267322,1324.2521678674966
267323,627.7090408045689
267324,921.4445445417626
267325,233.96504110024011
267326,1803.0782103420886
267327,1543.0260528181116
267328,745.0806186584033
267329,1094.5993308190139
267330,96.57824003467195
267331,528.2103997731355
267332,469.2896068582537
267333,203.41462851314304
267334,317.74343416541154
267335,156.22731780710217
267336,1057.5895336476158
267337,930.7155042979036
267338,420.8160061338172
267339,645.6509076760875
267340,180.32156656225578
267341,1258.370098848507
267342,1092.1051643487442
267343,527.7255157966536
267344,795.0111090989218
267345,723.7885920185993
267346,24.239202912124203
267347,32.171657570139196
267348,5.092936019638734
267349,15.3530369252224
267350,7.267042476267656
267351,23.620700701078547
267352,53.06512989841022
267353,-15.201046005189802
267354,49.56256853238566
267355,2.9026756102106113
267356,42.88228816206911
267357,67.2861228634207
267358,-5.862563138658187
267359,45.022916039396954
267360,173.1663382898595
267361,1188.9748931077575
267362,1065.3517723145771
267363,489.6396817840695
267364,736.9680668675443
267365,370.46341840813756
267366,2457.499747506944
267367,2113.955595911971
267368,1009.1850986083725
267369,1501.8630883384144
267370,412.62095469943574
267371,2939.917668724318
267372,2548.765711392886
267373,1204.8771608756629
267374,1780.9827068967625
267375,160.35321115828017
267376,973.3778582011977
267377,843.7516668292243
267378,392.7437075749064
267379,614.2535265787021
267380,321.7955760643187
267381,1941.4317237477965
267382,1742.7202131681502
267383,846.6277225739993
267384,1192.5592215594431
267385,346.4201001689338
267386,2306.478512847888
267387,2024.900870221706
267388,993.0241041606209
267389,1417.4315121496109
267390,741.6349092143278
267391,588.7599760205032
267392,527.6681902090534
267393,221.6645533458308
267394,367.2257771144179
267395,620.7804145658042
267396,1188.8516945666597
267397,1048.372143129472
267398,487.4366377738646
267399,740.6560672880956
267400,317.45373678889655
267401,1406.6518314996406
267402,1225.6801936115041
267403,577.9960792510866
267404,856.1367150186625
267405,115.07382596684702
267406,597.477867673162
267407,535.0973374601549
267408,234.00659996681816
267409,380.08824858683386
267410,198.7328862156715
267411,1216.8589555547424
267412,1078.697539288234
267413,508.83439105951913
267414,761.7756662051532
267415,210.20690007713824
267416,1447.58293985541
267417,1258.2992791421684
267418,598.5495709240278
267419,876.4120523230067
267420,59.386711250338536
267421,413.3689807580536
267422,377.3267991765838
267423,168.0807381754423
267424,267.5886773018187
267425,124.94963056361627
267426,891.5044634239059
267427,784.9686265275176
267428,350.11234227139937
267429,529.2038957062953
267430,143.86754528250594
267431,1038.916745210525
267432,890.9098435603238
267433,418.13447161132024
267434,619.8734527847992
267435,719.6849993872299
267436,16.27023611715846
267437,24.4026563474398
267438,2.78134427539473
267439,23.077931058743882
267440,41.989067483655134
267441,18.829765255503034
267442,40.47772418596425
267443,-18.628503948908744
267444,30.0540012765145
267445,-16.285287103271493
267446,30.818722737731584
267447,54.23354024758534
267448,0.10524586700233142
267449,35.474631628572205
267450,142.22774429942925
267451,983.2697657685006
267452,879.6563855502377
267453,403.0415114870465
267454,605.7169275348641
267455,305.8906480374761
267456,1963.3172179596488
267457,1758.6223602648452
267458,813.2687935338441
267459,1259.9758321788916
267460,359.36162850340236
267461,2336.627668385935
267462,2033.4245376643516
267463,943.2125735128177
267464,1482.7976528328113
267465,132.38115203270533
267466,786.0689690406774
267467,681.5335065997854
267468,333.12168824896764
267469,514.3490338925354
267470,260.2993590427007
267471,1586.480735284749
267472,1405.6498428119685
267473,691.5779945713338
267474,983.953860815073
267475,287.76187928975185
267476,1869.825702440993
267477,1656.6760532433725
267478,777.0145426652268
267479,1162.2684495839112
267480,741.6349092143278
267481,588.7599760205032
267482,527.6681902090534
267483,221.6645533458308
267484,367.2257771144179
267485,620.7804145658042
267486,1188.8516945666597
267487,1048.372143129472
267488,487.4366377738646
267489,740.6560672880956
267490,325.3747591872898
267491,1406.6518314996406
267492,1225.6801936115041
267493,577.9960792510866
267494,856.1367150186625
267495,115.07382596684702
267496,597.477867673162
267497,535.0973374601549
267498,234.00659996681816
267499,380.08824858683386
267500,198.7328862156715
267501,1216.8589555547424
267502,1078.697539288234
267503,508.83439105951913
267504,761.7756662051532
267505,210.20690007713824
267506,1447.58293985541
267507,1258.2992791421684
267508,598.5495709240278
267509,876.4120523230067
267510,59.386711250338536
267511,413.3689807580536
267512,377.3267991765838
267513,168.0807381754423
267514,267.5886773018187
267515,124.94963056361627
267516,891.5044634239059
267517,784.9686265275176
267518,350.11234227139937
267519,529.2038957062953
267520,143.86754528250594
267521,1038.916745210525
267522,890.9098435603238
267523,418.13447161132024
267524,619.8734527847992
267525,719.6849993872299
267526,16.27023611715846
267527,24.4026563474398
267528,2.78134427539473
267529,23.077931058743882
267530,41.989067483655134
267531,18.829765255503034
267532,40.47772418596425
267533,-18.628503948908744
267534,30.0540012765145
267535,-14.259681252221682
267536,30.818722737731584
267537,54.23354024758534
267538,0.10524586700233142
267539,35.474631628572205
267540,142.22774429942925
267541,983.2697657685006
267542,879.6563855502377
267543,403.0415114870465
267544,605.7169275348641
267545,305.8906480374761
267546,1963.3172179596488
267547,1758.6223602648452
267548,813.2687935338441
267549,1259.9758321788916
267550,359.36162850340236
267551,2336.627668385935
267552,2033.4245376643516
267553,943.2125735128177
267554,1482.7976528328113
267555,132.38115203270533
267556,786.0689690406774
267557,681.5335065997854
267558,333.12168824896764
267559,514.3490338925354
267560,260.2993590427007
267561,1586.480735284749
267562,1405.6498428119685
267563,691.5779945713338
267564,983.953860815073
267565,287.76187928975185
267566,1869.825702440993
267567,1656.6760532433725
267568,777.0145426652268
267569,1162.2684495839112
267570,742.5487733778958
267571,589.0700171156902
267572,526.691280376399
267573,221.60427024540317
267574,367.16549401399027
267575,621.0904556609912
267576,1189.161735661847
267577,1047.3952332968179
267578,487.376354673437
267579,740.595784187668
267580,313.46392527959546
267581,1406.9618725948278
267582,1224.70328377885
267583,577.9357961506589
267584,856.0764319182348
267585,115.38386706203406
267586,597.787908768349
267587,534.1204276275006
267588,233.94631686639053
267589,380.02796548640623
267590,199.04292731085854
267591,1217.1689966499296
267592,1077.72062945558
267593,508.7741079590915
267594,761.7153831047256
267595,210.5169411723253
267596,1447.8929809505971
267597,1257.3223693095142
267598,598.4892878236001
267599,876.351769222579
267600,59.696752345525574
267601,413.67902185324067
267602,376.34988934392953
267603,168.02045507501467
267604,267.52839420139105
267605,125.2596716588033
267606,891.8145045190929
267607,783.9917166948633
267608,350.05205917097175
267609,529.1436126058676
267610,144.177586377693
267611,1039.2267863057123
267612,889.9329337276695
267613,418.0741885108926
267614,619.8131696843715
267615,719.9950404824169
267616,16.580277212345504
267617,23.42574651478556
267618,2.7210611749670965
267619,23.01764795831625
267620,42.29910857884218
267621,19.139806350690076
267622,39.500814353310005
267623,-18.688787049336376
267624,29.99371817608687
267625,-13.94964015703464
267626,31.128763832918626
267627,53.25663041493109
267628,0.04496276657469743
267629,35.414348528144565
267630,142.5377853946163
267631,983.5798068636876
267632,882.3369268577977
267633,404.03430111029627
267634,606.7097171581139
267635,306.2006891326632
267636,1963.627259054836
267637,1767.363873336922
267638,814.2615831570939
267639,1260.9686218021416
267640,359.6716695985894
267641,2336.937709481122
267642,2036.105078971912
267643,944.2053631360675
267644,1483.7904424560613
267645,132.69119312789238
267646,786.3790101358644
267647,679.8563525355198
267648,334.11447787221744
267649,515.3418235157852
267650,260.60940013788775
267651,1586.7907763799362
267652,1403.9726887477032
267653,692.5707841945836
267654,984.9466504383228
267655,288.0719203849389
267656,1870.1357435361801
267657,1654.9988991791072
267658,778.0073322884766
267659,1163.2612392071612
267660,742.9724784489955
267661,589.4937221867899
267662,527.1149854474987
267663,222.02797531650296
267664,368.9309565791428
267665,621.5141607320909
267666,1189.5854407329466
267667,1047.8189383679176
267668,486.08397165547797
267669,742.3612467528203
267670,313.8876303506952
267671,1407.3855776659275
267672,1225.1269888499496
267673,576.6434131326998
267674,857.8418944833871
267675,115.80757213313382
267676,598.2116138394487
267677,534.5441326986003
267678,234.37002193749032
267679,381.79342805155875
267680,199.46663238195833
267681,1217.5927017210292
267682,1078.1443345266796
267683,507.4817249411325
267684,763.4808456698779
267685,210.94064624342508
267686,1448.3166860216968
267687,1257.746074380614
267688,597.196904805641
267689,878.1172317877314
267690,60.12045741662533
267691,414.1027269243404
267692,376.77359441502927
267693,168.44416014611446
267694,269.29385676654357
267695,125.68337672990306
267696,892.2382095901926
267697,784.415421765963
267698,348.7596761530127
267699,530.9090751710199
267700,144.60129144879278
267701,1039.650491376812
267702,890.3566387987692
267703,416.7818054929336
267704,621.5786322495238
267705,719.6200584952416
267706,17.00398228344526
267707,23.849451585885316
267708,3.144766246066853
267709,24.78311052346876
267710,59.2871404028601
267711,19.563511421789833
267712,39.92451942440975
267713,-19.98117006729538
267714,31.759180741239376
267715,-8.116451135381576
267716,31.55246890401838
267717,53.68033548603085
267718,-1.2474202513843022
267719,37.17981109329707
267720,142.96149046571608
267721,984.0035119347873
267722,882.7606319288974
267723,404.458006181396
267724,608.4751797232663
267725,306.6243942037629
267726,1964.0509641259357
267727,1767.7875784080218
267728,812.9692001391348
267729,1271.2604380139235
267730,360.09537466968914
267731,2337.361414552222
267732,2036.5287840430117
267733,942.9129801181084
267734,1494.0822586678432
267735,133.11489819899217
267736,786.8027152069641
267737,680.2800576066195
267738,334.53818294331717
267739,517.1072860809378
267740,261.0331052089875
267741,1587.214481451036
267742,1404.3963938188028
267743,691.2784011766245
267744,986.7121130034751
267745,288.4956254560386
267746,1870.5594486072798
267747,1655.4226042502069
267748,776.7149492705175
267749,1165.0267017723138
267750,741.7046766968572
267751,621.6961077354473
267752,558.4805661866009
267753,243.17742425432684
267754,381.0569198066728
267755,548.8476421823417
267756,1237.5954849153368
267757,1082.4730125590297
267758,520.761849927999
267759,788.7087010278618
267760,275.6792745785125
267761,1459.7532553398253
267762,1261.478235761138
267763,597.1524456387543
267764,935.2493884323133
267765,109.55557437958217
267766,636.8731173215821
267767,565.2431827209367
267768,254.9009590948152
267769,393.30087949858984
267770,194.38596677114538
267771,1272.6803756173947
267772,1112.750389781525
267773,542.1596032136536
267774,809.8282999449194
267775,218.1596467148539
267776,1518.1467706566448
267777,1304.4340796026104
267778,617.7059373116955
267779,955.5247257366575
267780,65.10887623716386
267781,441.22911837269527
267782,395.93753240358717
267783,182.16348085235907
267784,273.98969176249454
267785,130.94967934409033
267786,929.3904372899054
267787,815.2717604754899
267788,377.96874048977634
267789,571.7877155103046
267790,157.80875482727944
267791,1090.9184320168713
267792,932.6682296772104
267793,428.7527306727709
267794,686.6730747435557
267795,711.3876004322861
267796,17.940099778342763
267797,24.0062136018818
267798,7.929307914248638
267799,7.965558305436678
267800,58.458770415255046
267801,17.600130266037393
267802,43.79279125040054
267803,-7.148176828425157
267804,30.13175596047612
267805,-0.9259480487924425
267806,33.50117075573878
267807,50.10458025387681
267808,0.06180508497074168
267809,22.449720733502303
267810,152.7620283141184
267811,1026.3696132097416
267812,911.4485267228149
267813,421.82337809645617
267814,637.7279801224411
267815,319.56870605797207
267816,2116.627805537906
267817,1886.3386216348342
267818,865.0566724470672
267819,1334.0233306183234
267820,372.4148282643476
267821,2473.3142431181946
267822,2169.9306057755093
267823,991.8864676440854
267824,1570.2674111675099
267825,145.10871187119713
267826,837.1353012671956
267827,720.4449963790325
267828,354.2289805157038
267829,536.8663537453278
267830,273.1323314024964
267831,1693.9282377719373
267832,1473.5726632865271
267833,740.5903166340037
267834,1040.6457255742494
267835,315.5002530710846
267836,1985.7540551132117
267837,1752.2893612088164
267838,834.032960266636
267839,1237.7372193500096
267840,736.135428864645
267841,651.30005845958
267842,574.1944610161962
267843,254.426731108966
267844,403.3254377606685
267845,449.8482365050618
267846,1326.8319427519173
267847,1163.6730014109548
267848,548.0864077246415
267849,840.6779042499168
267850,269.1639384169068
267851,1567.5384209838483
267852,1364.4418413674375
267853,638.5392644822012
267854,978.6162936300649
267855,118.28282395870721
267856,669.6099402412104
267857,584.725465002756
267858,268.0611631271319
267859,417.4802946302628
267860,200.65417494973124
267861,1362.9306460443445
267862,1195.8078689079969
267863,569.484161010296
267864,861.7975031669744
267865,225.2691729259659
267866,1632.8523337817649
267867,1411.0534399588096
267868,660.8910206304953
267869,1000.689895409762
267870,77.7841006631332
267871,464.7588243987013
267872,417.31288738128484
267873,186.61847479427547
267874,289.46389680376757
267875,145.77427165480097
267876,974.8391085913898
267877,861.6409390526413
267878,385.3753328296739
267879,603.8389532756148
267880,172.83807074373473
267881,1135.0609755994292
267882,976.8378690669924
267883,449.7936083711146
267884,709.6940387962045
267885,698.2073301412698
267886,23.927803105942687
267887,27.20417932351915
267888,2.9858373456102107
267889,15.525115245272456
267890,86.85626904944714
267891,17.018633478350857
267892,44.131801738380986
267893,-20.8602284329178
267894,42.54816619051365
267895,4.498387989362126
267896,34.186669281558466
267897,51.84774134382515
267898,-14.325303010859725
267899,34.19107447220198
267900,158.73506349993195
267901,1071.5177474732848
267902,966.560080319226
267903,439.1568005188415
267904,669.3412685553616
267905,317.34847431106664
267906,2235.0187422781487
267907,1962.2347035570594
267908,916.229587222315
267909,1413.1015457301626
267910,398.2484363702602
267911,2604.6796469661226
267912,2273.795117143037
267913,1081.3546413720446
267914,1687.640885232059
267915,151.05824342402016
267916,879.1490758553921
267917,771.6116286417607
267918,367.29260340146186
267919,564.2098426416208
267920,277.7214877547281
267921,1778.6911382091444
267922,1583.668336890653
267923,764.1879208267934
267924,1092.1486301036293
267925,327.6231067558667
267926,2103.317246591826
267927,1876.6077786594865
267928,875.4056808918676
267929,1307.0152403118323
267930,704.6545587539235
267931,728.9320742200971
267932,639.9984569892988
267933,300.652887238021
267934,462.6939811306873
267935,334.2350957185467
267936,1501.9052252916088
267937,1294.9420066138923
267938,603.9815554557392
267939,902.7954871129984
267940,271.60354682234413
267941,1753.921877263756
267942,1499.2391604701772
267943,720.3991304469341
267944,1074.9962705276098
267945,140.871602445098
267946,746.3656774717722
267947,652.2347482734183
267948,314.4841128828367
267949,477.0456316269315
267950,209.85647111994595
267951,1530.1911284309806
267952,1324.8946864697577
267953,625.8372414228511
267954,924.3730187115134
267955,234.6075597025014
267956,1803.7207289443497
267957,1543.6685714203727
267958,743.2088192766855
267959,1097.5278049887647
267960,97.22075863693318
267961,528.8529183753966
267962,469.9321254605149
267963,203.2589172204841
267964,318.77792151498943
267965,156.86983640936344
267966,1058.232052249877
267967,931.3580229001648
267968,418.94420675209943
267969,648.5793818458383
267970,180.96408516451706
267971,1259.0126174507682
267972,1092.7476829510053
267973,525.8537164149358
267974,797.9395832686725
267975,724.212297089699
267976,24.66290798322396
267977,32.59536264123895
267978,5.516641090738491
267979,15.776741996322158
267980,7.690747547367413
267981,24.044405772178305
267982,53.488834969509966
267983,-16.4934290231488
267984,49.98627360348541
267985,3.3263806813103685
267986,43.30599323316886
267987,67.70982793452046
267988,-7.154946156617182
267989,45.4466211104967
267990,173.5900433609593
267991,1189.3985981788571
267992,1065.7754773856768
267993,490.06338685516926
267994,740.957694906549
267995,370.8871234792373
267996,2457.923452578044
267997,2114.379300983071
267998,1007.8927155904134
267999,1521.6084537982792
268000,413.0446597705355
268001,2940.341373795418
268002,2549.1894164639857
268003,1203.5847778577038
268004,1800.7280723566273
268005,160.77691622937996
268006,973.8015632722974
268007,844.175371900324
268008,393.16741264600614
268009,614.6772316498018
268010,322.21928113541844
268011,1941.8554288188961
268012,1743.1439182392498
268013,845.3353395560403
268014,1192.9829266305428
268015,346.84380524003353
268016,2306.902217918988
268017,2025.3245752928058
268018,991.7317211426619
268019,1417.8552172207105
268020,743.4759116008861
268021,590.6009784070617
268022,529.5091925956117
268023,222.70732583746886
268024,374.31718813917746
268025,625.5290568889703
268026,1190.301664430453
268027,1050.2131455160302
268028,486.7633221764439
268029,749.6414651330281
268030,322.20237911206254
268031,1408.1018013634339
268032,1227.5211959980622
268033,577.322763653666
268034,865.1221128635949
268035,116.91482835340521
268036,599.3188700597203
268037,536.9383398467132
268038,235.04937245845622
268039,387.1796596115934
268040,200.57388860222977
268041,1218.3089254185356
268042,1080.5385416747922
268043,508.16107546209844
268044,770.7610640500857
268045,212.04790246369652
268046,1449.0329097192032
268047,1260.1402815287265
268048,597.8762553266072
268049,885.3974501679392
268050,61.22771363689679
268051,415.2099831446119
268052,379.16780156314206
268053,169.12351066708035
268054,274.68008832657824
268055,126.79063295017447
268056,892.9544332876994
268057,786.8096289140759
268058,349.4390266739787
268059,538.1892935512277
268060,145.70854766906422
268061,1040.3667150743183
268062,892.7508459468821
268063,417.46115601389954
268064,628.8588506297316
268065,722.8968410140671
268066,17.563433840656742
268067,25.695854070938086
268068,4.074541998893011
268069,29.22956867312671
268070,76.29381498746268
268071,19.731930456236483
268072,41.770921909462544
268073,-19.051394314469206
268074,36.205638890897355
268075,-4.839668616556277
268076,31.720887938465037
268077,55.52673797108362
268078,-0.31764449855814353
268079,41.62626924295503
268080,141.94417030568323
268081,982.9861917747545
268082,884.9294128762022
268083,402.7579374933005
268084,610.2917934320027
268085,305.60707404373017
268086,1962.6426114431379
268087,1769.9563593553262
268088,811.2691314510395
268089,1273.0770517226592
268090,359.0780545096564
268091,2335.9530618694243
268092,2038.697564990316
268093,941.212911430013
268094,1495.898872376579
268095,131.27150711293456
268096,786.3380291510418
268097,687.3591680298601
268098,330.3935066555503
268099,516.4792921900029
268100,259.1897141229299
268101,1586.3587628723485
268102,1411.4755042420434
268103,687.1337248888577
268104,986.0841191125402
268105,286.6522343699811
268106,1869.7037300285924
268107,1662.5017146734474
268108,772.5702729827508
268109,1164.398707881378
268110,743.4759116008861
268111,591.8922356834481
268112,529.5091925956117
268113,221.9168571764415
268114,375.1728667494294
268115,625.5290568889703
268116,1191.5929217068394
268117,1050.2131455160302
268118,485.9728535154166
268119,750.49714374328
268120,330.1234015104558
268121,1409.3930586398203
268122,1227.5211959980622
268123,576.5322949926386
268124,865.9777914738469
268125,116.91482835340521
268126,600.6101273361068
268127,536.9383398467132
268128,234.25890379742887
268129,388.03533822184534
268130,200.57388860222977
268131,1219.600182694922
268132,1080.5385416747922
268133,507.3706068010711
268134,771.6167426603376
268135,212.04790246369652
268136,1450.3241669955896
268137,1260.1402815287265
268138,597.0857866655798
268139,886.2531287781911
268140,61.22771363689679
268141,416.5012404209983
268142,379.16780156314206
268143,168.333042006053
268144,275.53576693683016
268145,126.79063295017447
268146,894.2456905640859
268147,786.8096289140759
268148,348.64855801295136
268149,539.0449721614797
268150,145.70854766906422
268151,1041.6579723507048
268152,892.7508459468821
268153,416.6706873528722
268154,629.7145292399836
268155,722.8968410140671
268156,15.566680819291507
268157,25.695854070938086
268158,3.2840733378656584
268159,30.085247283378607
268160,87.50891170680988
268161,17.735177434871247
268162,41.770921909462544
268163,-19.84186297549656
268164,37.061317501149254
268165,-4.839668616556277
268166,29.7241349170998
268167,55.52673797108362
268168,-1.108113159585496
268169,42.48194785320693
268170,141.94417030568323
268171,1005.785568796624
268172,884.9294128762022
268173,404.3591141317758
268174,613.5391173417573
268175,305.60707404373017
268176,1985.4419884650076
268177,1769.9563593553262
268178,812.8703080895148
268179,1276.3243756324136
268180,359.0780545096564
268181,2358.752438891294
268182,2038.697564990316
268183,942.8140880684883
268184,1499.1461962863334
268185,131.27150711293456
268186,795.2626778003064
268187,687.3591680298601
268188,329.6091549413015
268189,517.3410877470333
268190,259.1897141229299
268191,1595.283411521613
268192,1411.4755042420434
268193,686.3493731746088
268194,986.9459146695706
268195,286.6522343699811
268196,1878.628378677857
268197,1662.5017146734474
268198,771.7859212685019
268199,1165.2605034384083
268200,744.3897757644542
268201,591.5452679182448
268202,528.5322827629574
268203,221.85657407601389
268204,375.11258364900175
268205,625.8390979841573
268206,1191.2459539416363
268207,1049.236235683376
268208,485.912570414989
268209,750.4368606428524
268210,318.21256760276145
268211,1409.0460908746172
268212,1226.544286165408
268213,576.472011892211
268214,865.9175083734192
268215,117.22486944859224
268216,600.2631595709034
268217,535.9614300140589
268218,234.19862069700125
268219,387.9750551214177
268220,200.88392969741682
268221,1219.253214929719
268222,1079.561631842138
268223,507.3103237006435
268224,771.55645955991
268225,212.35794355888356
268226,1449.9771992303865
268227,1259.1633716960723
268228,597.0255035651521
268229,886.1928456777634
268230,61.537754732083826
268231,416.15427265579495
268232,378.1908917304878
268233,168.27275890562538
268234,275.47548383640253
268235,127.1006740453615
268236,893.8987227988825
268237,785.8327190814216
268238,348.58827491252373
268239,538.984689061052
268240,146.01858876425126
268241,1041.3110045855017
268242,891.7739361142278
268243,416.6104042524446
268244,629.6542461395559
268245,723.2068821092541
268246,11.468737414639712
268247,24.718944238283843
268248,3.223790237438025
268249,30.024964182950974
268250,87.81895280199691
268251,13.637234030219451
268252,40.794012076808286
268253,-19.902146075924193
268254,37.001034400721615
268255,-4.529627521369235
268256,25.626191512448
268257,54.54982813842937
268258,-1.1683962600131301
268259,42.42166475277929
268260,142.25421140087028
268261,1009.2600782502884
268262,898.7333129002897
268263,405.3519037550256
268264,614.5319069650071
268265,305.9171151389172
268266,1988.9164979186721
268267,1795.3206154252218
268268,813.8630977127646
268269,1277.3171652556637
268270,359.38809560484344
268271,2362.226948344958
268272,2064.0618210602115
268273,943.8068776917381
268274,1500.1389859095834
268275,130.48588012961534
268276,794.4604844309562
268277,679.1174192121754
268278,327.948558456431
268279,518.065351507756
268280,260.64484739711963
268281,1596.7219784097722
268282,1403.7179995052259
268283,688.4872549768613
268284,989.0837964718231
268285,288.10736764417084
268286,1880.066945566016
268287,1654.7442099366299
268288,773.9238030707544
268289,1167.3983852406611
268290,751.3877804440848
268291,580.9265065300767
268292,518.6996239967624
268293,217.61594406001026
268294,378.4807482279033
268295,651.4956230365689
268296,1181.018225076233
268297,1039.403576917181
268298,473.8054726594536
268299,775.0514151511734
268300,372.511885136706
268301,1400.0535703756427
268302,1217.946835765642
268303,565.6001225031046
268304,880.6321949410868
268305,113.49705095282933
268306,593.7871671027851
268307,530.2715401679136
268308,229.1738616413077
268309,390.5590906606293
268310,191.92782637094484
268311,1213.1682549843654
268312,1073.8717419959928
268313,494.4190969054186
268314,795.3868850285411
268315,204.93819644297494
268316,1445.1274476514618
268317,1254.708690216356
268318,585.3694851363558
268319,900.1234032057412
268320,55.56254162595938
268321,409.9221264563972
268322,372.744848153063
268323,163.49184611865246
268324,278.3033656443347
268325,118.38841698760999
268326,888.0576091222497
268327,780.3866755039969
268328,335.9408943860188
268329,556.9536662374421
268330,140.35011477904177
268331,1036.7050992752975
268332,887.5631009032321
268333,405.1982320923686
268334,639.997133890055
268335,711.5130413792407
268336,12.865460998565958
268337,19.86278450698296
268338,-4.261151709075433
268339,14.254022479356776
268340,7.400933449749289
268341,16.196931021193734
268342,36.70979322979062
268343,-17.251190573676922
268344,34.35135160884748
268345,-4.935160654301382
268346,26.878843817352063
268347,49.158564605341496
268348,2.5085810540811173
268349,31.73267660765296
268350,138.52700720151628
268351,980.0661210222
268352,878.1571783589014
268353,393.49241671409357
268354,615.0763930807768
268355,302.12330774100946
268356,1961.5394245468212
268357,1752.0426198447315
268358,793.8524985030849
268359,1313.012162300159
268360,354.65926821392924
268361,2335.040847025738
268362,2027.0357692968678
268363,917.7923242552524
268364,1531.0646937598033
268365,125.41315359979197
268366,779.920741409802
268367,659.2411682405873
268368,312.81361666313654
268369,515.6929508737082
268370,243.20287583318984
268371,1571.6782501433172
268372,1376.6073018890568
268373,652.9622700161186
268374,1003.6846309284492
268375,269.7303760872347
268376,1855.214189352191
268377,1627.8244843730906
268378,736.9188332231333
268379,1177.5089237179636
268380,752.133334231191
268381,633.1821915238415
268382,570.118504180972
268383,247.13781467555248
268384,399.3427610717108
268385,592.7839184901367
268386,1249.0815687037311
268387,1094.1109505534012
268388,518.6450217770953
268389,828.2409322223192
268390,316.19356470468153
268391,1472.4745474946485
268392,1274.3513821219383
268393,596.2708258542795
268394,964.8817516861172
268395,111.72777134151454
268396,652.501970030026
268397,581.0238896353575
268398,258.0772204763509
268399,410.80259172393784
268400,193.13492411205323
268401,1288.3092283258388
268402,1128.5310966959462
268403,539.2586460230599
268404,848.5764020996869
268405,219.31657847029263
268406,1539.8640922868929
268407,1326.3032554388355
268408,616.0401884875307
268409,984.3729599507716
268410,65.03367858873494
268411,457.1018173498596
268412,411.96208558672845
268413,185.58358850261538
268414,291.7352502565632
268415,129.94248295371864
268416,945.26313626707
268417,831.2963136586313
268418,375.3116295679032
268419,604.674369372831
268420,160.7169597134173
268421,1110.7030027741166
268422,952.6046546404327
268423,427.3308281173267
268424,711.9336391801912
268425,710.975809874268
268426,34.07369146973248
268427,40.29165949924847
268428,13.634340041854804
268429,6.234450781452935
268430,46.26837321097613
268431,34.50566284171031
268432,60.85017803205038
268433,10.482001915344291
268434,41.52190734821248
268435,0.5239487122453428
268436,49.09965864534147
268437,65.85492234945643
268438,18.71800564058719
268439,25.800566767986478
268440,183.12738101500122
268441,1077.4488726663833
268442,961.8617235220476
268443,447.9237979356444
268444,682.537330555926
268445,351.67250076998545
268446,2169.13291632802
268447,1925.610313440773
268448,876.5715221204977
268449,1413.9831919805338
268450,401.77855777367023
268451,2526.010325960938
268452,2215.4542413985937
268453,997.3973630907094
268454,1660.6175517323838
268455,139.31017968215917
268456,852.3733542843418
268457,721.5261338273086
268458,336.67379998709333
268459,542.0946740892276
268460,259.0103596465453
268461,1700.5120332785275
268462,1467.90359817109
268463,700.009113228058
268464,1064.2608990503538
268465,298.63821611244276
268466,1992.5288226724317
268467,1746.811268146009
268468,791.9717719738118
268469,1272.021665243729
268470,744.5621967325136
268471,644.3090452993987
268472,572.6289670130227
268473,247.10346842372613
268474,417.3460727595298
268475,514.9830164490638
268476,1321.3749649873764
268477,1162.107507407781
268478,534.6859264672727
268479,874.2921966025194
268480,294.24313103206623
268481,1561.7826161900955
268482,1364.1115557306925
268483,626.3739915912615
268484,1002.3307180420142
268485,110.82261912204464
268486,666.7616960010788
268487,587.3027399196321
268488,259.9537714022021
268489,430.7168005894341
268490,193.9101521768414
268491,1361.6164371998534
268492,1198.3851438248728
268493,555.2995507132373
268494,894.6276664798871
268495,221.87621647120602
268496,1636.092558463437
268497,1419.7191837974894
268498,647.9416186998657
268499,1023.6201907820212
268500,68.07650121610912
268501,462.1544264272898
268502,420.13400856688116
268503,178.75492933806657
268504,302.9442490316595
268505,139.2740951506317
268506,973.7687460156197
268507,864.4620602382381
268508,371.4345688013355
268509,630.8076682962866
268510,167.50224279062957
268511,1136.3684494080985
268512,983.5708620326701
268513,437.08805270920516
268514,729.0366643909853
268515,696.3682913419976
268516,21.584297848756663
268517,30.28619322334088
268518,-2.592783633248804
268519,1.8357454133168898
268520,79.28424194210464
268521,16.981104501088932
268522,47.98575652248591
268523,-14.51370279561352
268524,34.75034997458705
268525,-2.521352494219514
268526,31.308060222585414
268527,54.39465144185987
268528,-6.952755561708467
268529,18.353952903023234
268530,150.8236510236555
268531,1074.0216056896666
268532,973.6715408292299
268533,423.87526295988033
268534,680.9950313019532
268535,313.86098461759826
268536,2240.4824872236436
268537,1958.204659073769
268538,886.3624794975964
268539,1460.8780028715976
268540,389.3354007024236
268541,2608.800328568606
268542,2276.017016476892
268543,1045.4835794205194
268544,1745.8076215761575
268545,139.0464396789555
268546,877.8752212534112
268547,761.4545234219406
268548,340.4189590958347
268549,566.7217165791324
268550,255.18002158978513
268551,1765.405357867605
268552,1561.8693254824764
268553,709.3965500191885
268554,1109.127837014821
268555,299.6560946165555
268556,2088.6884029072744
268557,1854.9997393039396
268558,819.1343251973841
268559,1334.6637196406384
268560,718.2398962675568
268561,722.1444491216778
268562,638.6363510478873
268563,293.5330126145432
268564,476.91800419131073
268565,394.8362420676881
268566,1496.65163558883
268567,1293.5799006724806
268568,590.7844622601325
268569,935.2610507323077
268570,301.8413090832682
268571,1748.3694605317653
268572,1499.1122628951944
268573,708.4372456177564
268574,1097.561966206266
268575,133.61478567019748
268576,743.7208212934025
268577,655.0154112520564
268578,306.580109219669
268579,490.4855256478649
268580,203.31583640881817
268581,1529.0803076482516
268582,1327.6753494483958
268583,611.8560191875545
268584,956.0544532911327
268585,231.41799130950358
268586,1807.164341687784
268587,1552.5377033208147
268588,730.4628054078179
268589,1119.309371627731
268590,87.71654725167117
268591,526.4519084657476
268592,472.9566347078733
268593,195.59875982603725
268594,332.4616618046435
268595,150.5730479669563
268596,1057.3650777358685
268597,934.3825321475235
268598,405.20683078552315
268599,674.3993681332166
268600,175.83164527317396
268601,1260.5234793211996
268602,1099.6840639784446
268603,513.3515488147887
268604,816.1334801301599
268605,722.5766463521887
268606,22.522790787799995
268607,35.880764602822744
268608,0.1414081736415469
268609,2.290760226128659
268610,15.273840377245362
268611,23.43832397239525
268612,56.774236931093746
268613,-10.715456208365692
268614,40.26778776998228
268615,-3.489971740509197
268616,40.63077223595791
268617,70.46012609431729
268618,0.42098935429613615
268619,28.46077080802459
268620,165.47540076978234
268621,1201.4990312240216
268622,1082.4835127244637
268623,475.3283070462472
268624,753.1579154031795
268625,367.19640367086845
268626,2472.9837723523215
268627,2126.0068030930793
268628,978.5720656157334
268629,1568.5792518946976
268630,403.9283939877984
268631,2954.058630226684
268632,2561.0078906266235
268633,1168.2601736562174
268634,1870.7807789826625
268635,148.76511248431532
268636,972.5277086703164
268637,834.0182666805039
268638,366.29376834037896
268639,617.1891055873134
268640,299.6778149704755
268641,1928.5696484773568
268642,1721.344906831073
268643,790.5439687484353
268644,1208.6100167466795
268645,318.87679310072235
268646,2292.2733742344362
268647,2003.7165359372589
268648,935.4603654481784
268649,1444.1515797544616
268650,748.8089494264664
268651,582.1445630621785
268652,518.7017730319951
268653,218.80463059377786
268654,380.3861904229884
268655,629.1757009016221
268656,1183.6679367015865
268657,1040.8373810456656
268658,474.57820629963584
268659,777.1617051248897
268660,374.83672979195654
268661,1402.7032820009963
268662,1219.3806398941265
268663,566.3728561432869
268664,882.7424849148032
268665,112.30617204328173
268666,595.7893526745768
268667,531.0578182428362
268668,231.14667721476522
268669,393.2486618954044
268670,190.16192507749636
268671,1216.602095649409
268672,1076.0896751641674
268673,495.9759595852908
268674,798.2813040419474
268675,203.74731753342726
268676,1448.5612883165054
268677,1256.9266233845306
268678,586.926347816228
268679,903.0178222191474
268680,54.127816447691174
268681,411.6804657594683
268682,373.28727995926505
268683,165.22081542338938
268684,280.7490906103892
268685,116.37866942544098
268686,891.2476035185725
268687,782.3607624034507
268688,337.2539107971704
268689,559.6042389821278
268690,138.9153896007735
268691,1039.8950936716205
268692,889.5371878026859
268693,406.5112485035202
268694,642.6477066347406
268695,710.0783162009726
268696,14.623800301636999
268697,20.40521631318488
268698,-2.5321824043384247
268699,16.699747445411212
268700,11.547769183535141
268701,19.386925417516593
268702,38.68388012924436
268703,-15.938174162525408
268704,37.00192435353314
268705,-6.3698858325695875
268706,30.06883821367494
268707,51.132651504795255
268708,3.8215974652326348
268709,34.383249352338616
268710,138.96233177199656
268711,983.6945100740194
268712,876.9122087736376
268713,398.175248239725
268714,617.3489710071306
268715,299.72033469484063
268716,1967.6039970975896
268717,1753.2338337584163
268718,795.9266101319643
268719,1313.2968210019774
268720,355.669321695737
268721,2341.1054195765064
268722,2028.2269832105526
268723,919.8664358841318
268724,1531.3493524616217
268725,125.82628831898285
268726,783.5269406103321
268727,662.3317041758596
268728,317.47425833747843
268729,517.9433389487725
268730,240.77771293573133
268731,1577.993372724473
268732,1382.4067612049546
268733,655.2869316753854
268734,1004.2198396606551
268735,270.71823971775285
268736,1861.5293119333467
268737,1633.6239436889884
268738,739.2434948824001
268739,1178.0441324501694
268740,748.8089494264664
268741,582.1445630621785
268742,518.7017730319951
268743,218.80463059377786
268744,380.3861904229884
268745,629.1757009016221
268746,1182.1912997964625
268747,1039.3607441405416
268748,474.57820629963584
268749,777.1617051248897
268750,382.7577521903498
268751,1401.2266450958723
268752,1217.9040029890025
268753,566.3728561432869
268754,882.7424849148032
268755,112.30617204328173
268756,595.7893526745768
268757,531.0578182428362
268758,231.14667721476522
268759,393.2486618954044
268760,190.16192507749636
268761,1215.125458744285
268762,1074.6130382590434
268763,495.9759595852908
268764,798.2813040419474
268765,203.74731753342726
268766,1447.0846514113814
268767,1255.4499864794066
268768,586.926347816228
268769,903.0178222191474
268770,54.127816447691174
268771,411.6804657594683
268772,373.28727995926505
268773,165.22081542338938
268774,280.7490906103892
268775,116.37866942544098
268776,889.7709666134485
268777,780.8841254983267
268778,337.2539107971704
268779,559.6042389821278
268780,138.9153896007735
268781,1038.4184567664965
268782,888.0605508975619
268783,406.5112485035202
268784,642.6477066347406
268785,710.0783162009726
268786,14.623800301636999
268787,20.40521631318488
268788,-2.5321824043384247
268789,16.699747445411212
268790,11.547769183535141
268791,17.910288512392604
268792,37.207243224120376
268793,-15.938174162525408
268794,37.00192435353314
268795,-6.3698858325695875
268796,28.592201308550948
268797,49.656014599671266
268798,3.8215974652326348
268799,34.383249352338616
268800,138.96233177199656
268801,983.6945100740194
268802,876.9122087736376
268803,398.175248239725
268804,617.3489710071306
268805,299.72033469484063
268806,1962.559457375647
268807,1751.381444392469
268808,795.9266101319643
268809,1313.2968210019774
268810,355.669321695737
268811,2336.060879854564
268812,2026.3745938446052
268813,919.8664358841318
268814,1531.3493524616217
268815,125.82628831898285
268816,783.5269406103321
268817,662.3317041758596
268818,317.47425833747843
268819,517.9433389487725
268820,240.77771293573133
268821,1573.8941693218126
268822,1378.3075578022942
268823,655.2869316753854
268824,1004.2198396606551
268825,270.71823971775285
268826,1857.4301085306863
268827,1629.524740286328
268828,739.2434948824001
268829,1178.0441324501694
268830,751.6158855973082
268831,582.984568141004
268832,518.2548271829794
268833,219.2743114769888
268834,380.8558713061994
268835,637.0536937832665
268836,1183.0762866871603
268837,1038.9587801033979
268838,475.4638400764323
268839,777.4265382294694
268840,372.73999028992944
268841,1402.11163198657
268842,1217.5020389518588
268843,567.2584899200832
268844,883.0073180193829
268845,114.5092851457426
268846,596.6293577534024
268847,530.6108723938205
268848,231.61635809797616
268849,393.71834277861535
268850,192.940060563858
268851,1216.0104456349827
268852,1074.2110742218997
268853,496.86159336208726
268854,798.546137146527
268855,205.95043063588813
268856,1447.9696383020791
268857,1255.048022442263
268858,587.8119815930244
268859,903.2826553237271
268860,56.330929550152035
268861,412.52047083829393
268862,372.8403341102494
268863,165.69049630660032
268864,281.2187714936002
268865,119.15680491180267
268866,890.6559535041463
268867,780.4821614611832
268868,338.1395445739669
268869,559.8690720867074
268870,141.11850270323436
268871,1039.3034436571943
268872,887.6585868604184
268873,407.3968822803167
268874,642.9125397393203
268875,712.2814293034334
268876,15.463805380462587
268877,19.958270464169182
268878,-2.0625015211275137
268879,17.169428328622136
268880,17.16390881397262
268881,18.795275403090365
268882,36.80527918697683
268883,-15.052540385729008
268884,37.26675745811282
268885,-4.166772730108725
268886,29.477188199248694
268887,49.254050562527716
268888,4.7072312420290325
268889,34.64808245691831
268890,141.16544487445742
268891,984.5345151528453
268892,880.1227140648363
268893,399.6980018466134
268894,618.871724614019
268895,305.3364743252782
268896,1965.6372112695115
268897,1756.8296984987064
268898,800.0580836356046
268899,1316.8074938334012
268900,357.87243479819796
268901,2339.138633748428
268902,2031.8228479508427
268903,923.9979093877721
268904,1534.8600252930455
268905,128.02940142144365
268906,784.3669456891577
268907,661.1845140952327
268908,318.9970119443668
268909,519.4660925556609
268910,246.3938525661688
268911,1576.699183334
268912,1379.1253766550292
268913,659.1456652973488
268914,1007.4577726104019
268915,272.9213528202138
268916,1860.2351225428738
268917,1630.342559139063
268918,743.1022285043636
268919,1181.2820653999163
268920,751.6158855973082
268921,582.984568141004
268922,518.2548271829794
268923,219.2743114769888
268924,380.8558713061994
268925,637.0536937832665
268926,1183.0762866871603
268927,1038.9587801033979
268928,475.4638400764323
268929,777.4265382294694
268930,372.73999028992944
268931,1402.11163198657
268932,1217.5020389518588
268933,567.2584899200832
268934,883.0073180193829
268935,114.5092851457426
268936,596.6293577534024
268937,530.6108723938205
268938,231.61635809797616
268939,393.71834277861535
268940,192.940060563858
268941,1216.0104456349827
268942,1074.2110742218997
268943,496.86159336208726
268944,798.546137146527
268945,205.95043063588813
268946,1447.9696383020791
268947,1255.048022442263
268948,587.8119815930244
268949,903.2826553237271
268950,56.330929550152035
268951,412.52047083829393
268952,372.8403341102494
268953,165.69049630660032
268954,281.2187714936002
268955,119.15680491180267
268956,890.6559535041463
268957,780.4821614611832
268958,338.1395445739669
268959,559.8690720867074
268960,141.11850270323436
268961,1039.3034436571943
268962,887.6585868604184
268963,407.3968822803167
268964,642.9125397393203
268965,712.2814293034334
268966,15.463805380462587
268967,19.958270464169182
268968,-2.0625015211275137
268969,17.169428328622136
268970,8.169321373941944
268971,18.795275403090365
268972,36.80527918697683
268973,-15.052540385729008
268974,37.26675745811282
268975,-4.166772730108725
268976,29.477188199248694
268977,49.254050562527716
268978,4.7072312420290325
268979,34.64808245691831
268980,141.16544487445742
268981,984.5345151528453
268982,880.1227140648363
268983,399.6980018466134
268984,618.871724614019
268985,305.3364743252782
268986,1965.6372112695115
268987,1756.8296984987064
268988,800.0580836356046
268989,1316.8074938334012
268990,357.87243479819796
268991,2339.138633748428
268992,2031.8228479508427
268993,923.9979093877721
268994,1534.8600252930455
268995,128.02940142144365
268996,784.3669456891577
268997,661.1845140952327
268998,318.9970119443668
268999,519.4660925556609
269000,246.3938525661688
269001,1576.699183334
269002,1379.1253766550292
269003,659.1456652973488
269004,1007.4577726104019
269005,272.9213528202138
269006,1860.2351225428738
269007,1630.342559139063
269008,743.1022285043636
269009,1181.2820653999163
269010,745.0033115544169
269011,613.7617769901823
269012,548.1952312226025
269013,237.4348198978291
269014,391.73457178656935
269015,570.9838614068367
269016,1229.6611541700715
269017,1072.1876775950311
269018,508.94202699937216
269019,821.7279360595056
269020,309.0635420279073
269021,1453.054132960989
269022,1252.4281091635683
269023,586.5678310765566
269024,960.6425340380661
269025,105.38187770443014
269026,633.8656845360567
269027,559.8847457166779
269028,249.1583547383175
269029,403.97853147848633
269030,186.7890304749686
269031,1269.6729428318692
269032,1107.3919527772662
269033,530.3397802850267
269034,842.8475349765632
269035,212.97068483320803
269036,1521.2278067929233
269037,1305.1641115201555
269038,607.1213227494977
269039,980.9178713424103
269040,58.44393868292989
269041,438.2216855871697
269042,390.5790953993282
269043,176.42087649586142
269044,284.6673437423911
269045,123.35274304791349
269046,926.3830045043801
269047,809.9133234712311
269048,366.1489175611495
269049,599.1068078000542
269050,154.1272198076121
269051,1091.8228710114265
269052,931.2216644530325
269053,418.168116110573
269054,706.3660776074144
269055,704.3860699684631
269056,15.193559707042496
269057,18.908669311848083
269058,6.531551201113625
269059,-0.8334557327193121
269060,39.67863330517113
269061,15.625531079020353
269062,39.46718784465001
269063,3.379213074603107
269064,33.371348161758945
269065,-6.06579119355974
269066,30.219526882651508
269067,44.47193216205611
269068,11.615216799846008
269069,17.65000758153294
269070,147.57587708667108
269071,1024.9607437798925
269072,906.8707362108469
269073,412.3393283715674
269074,646.2510454340467
269075,316.6957257529829
269076,2116.2741800335752
269077,1873.440869077612
269078,840.9870525564205
269079,1380.2369253275237
269080,366.0757069022505
269081,2472.4255138120766
269082,2162.5587211810166
269083,962.7577746117237
269084,1627.816166164466
269085,136.63310945745994
269086,832.7596591014823
269087,699.4095802197388
269088,333.96376412664716
269089,538.6828226709791
269090,256.90801833317363
269091,1681.4730670069946
269092,1446.3617734748466
269093,697.2990773676117
269094,1063.389066100975
269095,295.8097989446539
269096,1972.763780546482
269097,1724.5433675953489
269098,790.206617198457
269099,1272.0947133794416
269100,743.4644957539424
269101,643.5534009406791
269102,565.6308346742028
269103,243.40706406856424
269104,421.0465613496623
269105,499.21528106396715
269106,1320.619320628657
269107,1155.1093750689613
269108,530.9895221121106
269109,875.2749598191172
269110,293.14543005349515
269111,1561.0269718313762
269112,1357.1134233918729
269113,622.6775872360995
269114,1005.5872597733743
269115,110.50904718316345
269116,666.7901806820491
269117,581.0887366205021
269118,257.04149608673015
269119,435.20141821925654
269120,193.5965802379601
269121,1361.644921880824
269122,1192.171140525743
269123,552.3872753977652
269124,896.3945587361748
269125,221.56264453232473
269126,1636.1210431444076
269127,1413.5051804983598
269128,645.0293433843935
269129,1027.6608615530718
269130,67.51908300850731
269131,461.93906483953987
269132,413.6761589990309
269133,175.59880775387393
269134,307.1850203927614
269135,138.7166769430298
269136,973.5533844278694
269137,858.0042106703875
269138,368.2784472171431
269139,632.735866102921
269140,166.94482458302767
269141,1136.1530878203487
269142,977.1130124648195
269143,433.93193112501274
269144,730.9648621976197
269145,695.8108731343957
269146,21.36893626100658
269147,23.82834365549048
269148,-3.688982051428741
269149,6.07651677441851
269150,78.72682373450286
269151,16.765742913338855
269152,41.5279069546355
269153,-15.609901213793448
269154,39.89082829029003
269155,-3.07877070182135
269156,31.09269863483535
269157,47.936801874009475
269158,-8.048953979888415
269159,23.494431218726206
269160,151.0390066313244
269161,1069.9327848159114
269162,963.3402319753748
269163,424.39568811004864
269164,686.1157283470316
269165,313.5958252110765
269166,2234.967815016416
269167,1949.6396492424358
269168,886.8829046477643
269169,1462.889557906422
269170,388.3441654414846
269171,2602.5595805069615
269172,2266.725930791142
269173,1046.9488856557796
269174,1748.7640576960741
269175,140.0727353691227
269176,874.5973404621546
269177,751.9341546505838
269178,341.7503243285012
269179,572.653353706709
269180,255.72580226576156
269181,1761.6469620621574
269182,1551.8684416969284
269183,710.7279152518547
269184,1111.9503321321436
269185,299.47579943811473
269186,2084.2039312474103
269187,1844.2727796639747
269188,821.4105715151419
269189,1338.4310958430533
269190,715.7045075003467
269191,721.6232261622193
269192,631.8726401083285
269193,293.24864637766916
269194,479.21498583262775
269195,385.0286446540052
269196,1496.130412629372
269197,1286.816189732922
269198,590.500096023258
269199,936.9697311539595
269200,298.55810600652535
269201,1747.1004232627743
269202,1491.600737646103
269203,707.4050650713489
269204,1102.925647958285
269205,133.3773106530505
269206,743.983727373634
269207,649.0358293521875
269208,307.0798720224849
269209,493.5666363288719
269210,203.0783613916712
269211,1529.3432137284835
269212,1321.6957675485273
269213,612.3557819903699
269214,958.5472627524745
269215,230.43270198282354
269216,1806.679433458483
269217,1545.8103071114133
269218,730.2147539011003
269219,1125.45718241944
269220,87.23522596580368
269221,526.4709682772584
269222,466.73320653928425
269223,195.85467636013232
269224,335.2989262169299
269225,150.0917266810887
269226,1057.3841375473799
269227,928.159103978934
269228,405.4627473196185
269229,677.0534831449052
269230,174.60250967777333
269231,1259.794724823178
269232,1092.7128215003227
269233,512.8596510393505
269234,820.1688179574534
269235,722.095325066321
269236,22.541850599311108
269237,29.657336434233518
269238,2.4572478737493113
269239,3.1086607872563174
269240,14.792519091377844
269241,23.45738378390634
269242,50.550808762504545
269243,-8.399616508257921
269244,43.3375120807667
269245,-3.971293026376718
269246,40.649832047469005
269247,64.23669792572808
269248,2.7368290544039033
269249,31.530495118809004
269250,166.17347147584815
269251,1188.251444982507
269252,1062.993438502849
269253,478.91770062642627
269254,758.3133105760085
269255,367.4139593627435
269256,2458.310334777334
269257,2108.2830278939864
269258,982.1614591959124
269259,1571.9776218523282
269260,403.4198738252563
269261,2938.6591167972797
269262,2542.558039573114
269263,1172.7944483214885
269264,1875.1240300253849
269265,150.07089315797893
269266,976.8207321565748
269267,824.9357073701701
269268,371.24055975309534
269269,623.7018985926795
269270,300.50308062994833
269271,1932.3821569494241
269272,1711.7818325065484
269273,795.4907601611511
269274,1213.3657845368473
269275,318.975982905778
269276,2295.359806852087
269277,1993.4273857583173
269278,941.3520379459858
269279,1449.8522286297211
269280,751.0219014274294
269281,582.7507152932349
269282,519.3079252630515
269283,218.91424612491764
269284,382.3603981710019
269285,663.1637696262928
269286,1182.8424338393913
269287,1040.0118781834703
269288,475.1037747243608
269289,776.9906470795514
269290,382.84413130834747
269291,1400.6812248425906
269292,1217.3585827357208
269293,565.7018702718012
269294,885.7776882131548
269295,114.47192004184943
269296,596.3955049056332
269297,531.6639704738926
269298,231.256292745905
269299,395.2228696434179
269300,192.9026954599648
269301,1215.7765927872138
269302,1075.2641723019722
269303,496.50152801001553
269304,798.110245996609
269305,204.7165112357844
269306,1446.5392311580997
269307,1254.9045662261249
269308,586.2553619447424
269309,906.053025517499
269310,56.29356444625884
269311,412.286617990525
269312,373.8934321903217
269313,165.33043095452913
269314,282.7232983584027
269315,119.1194398079095
269316,890.4221006563771
269317,781.5352595412553
269318,337.7794792218957
269319,559.8383327558569
269320,139.88458330313063
269321,1037.8730365132149
269322,887.51513064428
269323,405.84026263203504
269324,643.8142832373973
269325,712.2440641995399
269326,15.22995253269358
269327,21.011368544241478
269328,-0.3626437071860494
269329,16.654591342266066
269330,27.034150880943233
269331,17.78948167103816
269332,37.08643638276594
269333,-14.124623456070724
269334,36.87968654207492
269335,-4.204137834001928
269336,29.243335351479697
269337,50.307148642600026
269338,6.407089055970512
269339,35.03295242516361
269340,140.0308038370865
269341,983.2033863715983
269342,876.4210850712166
269343,397.95447556065386
269344,621.1044535199868
269345,303.1465893623889
269346,1963.2508385627466
269347,1752.0728255795684
269348,798.3145573496447
269349,1315.9310807291154
269350,354.9564739808915
269351,2336.0261851872456
269352,2026.3398991772879
269353,923.1992641869036
269354,1534.9284932738515
269355,126.89476038407278
269356,790.1689117244027
269357,661.8405804734385
269358,317.2534856584072
269359,521.6988214616289
269360,244.20396760327958
269361,1581.4459054437268
269362,1378.7261991077169
269363,657.402139011389
269364,1006.5813595061159
269365,270.00539200290734
269366,1864.2557687981837
269367,1629.2173057373338
269368,742.3035833034951
269369,1181.3505333807218
269370,751.0219014274294
269371,582.7507152932349
269372,519.3079252630515
269373,218.91424612491764
269374,382.3603981710019
269375,663.1637696262928
269376,1182.8424338393913
269377,1040.0118781834703
269378,475.1037747243608
269379,776.9906470795514
269380,390.19139583473526
269381,1400.1074669705852
269382,1216.7848248637154
269383,565.1281123997958
269384,885.2039303411493
269385,114.47192004184943
269386,596.3955049056332
269387,531.6639704738926
269388,231.256292745905
269389,395.2228696434179
269390,192.9026954599648
269391,1215.7765927872138
269392,1075.2641723019722
269393,496.50152801001553
269394,798.110245996609
269395,204.14275336377895
269396,1445.9654732860943
269397,1254.3308083541194
269398,585.681604072737
269399,905.4792676454936
269400,56.29356444625884
269401,412.286617990525
269402,373.8934321903217
269403,165.33043095452913
269404,282.7232983584027
269405,119.1194398079095
269406,890.4221006563771
269407,781.5352595412553
269408,337.7794792218957
269409,559.8383327558569
269410,139.31082543112518
269411,1037.2992786412094
269412,886.9413727722746
269413,405.26650476002953
269414,643.2405253653918
269415,712.2440641995399
269416,15.22995253269358
269417,21.011368544241478
269418,-0.3626437071860494
269419,16.654591342266066
269420,27.034150880943233
269421,17.78948167103816
269422,37.08643638276594
269423,-14.124623456070724
269424,36.87968654207492
269425,-4.204137834001928
269426,29.243335351479697
269427,50.307148642600026
269428,6.407089055970512
269429,35.03295242516361
269430,140.0308038370865
269431,983.2033863715983
269432,876.4210850712166
269433,397.95447556065386
269434,621.1044535199868
269435,303.1465893623889
269436,1963.2508385627466
269437,1752.0728255795684
269438,798.3145573496447
269439,1315.9310807291154
269440,354.9564739808915
269441,2336.0261851872456
269442,2026.3398991772879
269443,923.1992641869036
269444,1534.9284932738515
269445,126.89476038407278
269446,790.1689117244027
269447,661.8405804734385
269448,317.2534856584072
269449,521.6988214616289
269450,244.20396760327958
269451,1581.4459054437268
269452,1378.7261991077169
269453,657.402139011389
269454,1006.5813595061159
269455,270.00539200290734
269456,1864.2557687981837
269457,1629.2173057373338
269458,742.3035833034951
269459,1181.3505333807218
269460,751.9497483257031
269461,583.0747391231275
269462,518.3449981651029
269463,218.8679457591955
269464,382.3140978052797
269465,663.4877934561855
269466,1183.166457669284
269467,1039.0489510855216
269468,475.05747435863873
269469,776.9443467138294
269470,378.8296484635333
269471,1400.9665946022649
269472,1216.3570015675537
269473,565.6169158358607
269474,885.6927337772142
269475,114.79594387174191
269476,596.7195287355258
269477,530.701043375944
269478,231.20999238018285
269479,395.17656927769565
269480,193.22671928985736
269481,1216.1006166171064
269482,1074.3012452040234
269483,496.4552276442935
269484,798.063945630887
269485,205.00188099545844
269486,1446.824600917774
269487,1253.9029850579577
269488,586.1704075088019
269489,905.9680710815585
269490,56.617588276151366
269491,412.6106418204174
269492,372.9305050923728
269493,165.284130588807
269494,282.67699799268047
269495,119.44346363780213
269496,890.7461244862698
269497,780.5723324433067
269498,337.7331788561735
269499,559.7920323901349
269500,140.16995306280467
269501,1038.1584062728891
269502,886.5135494761129
269503,405.75530819609435
269504,643.7293288014567
269505,715.8175985060357
269506,17.04569913208318
269507,21.540164215789787
269508,1.0827786965888746
269509,18.100013746041004
269510,25.352574775291956
269511,19.605228270427755
269512,37.615232054314234
269513,-12.679201052295818
269514,38.325108945849834
269515,-5.350610137866277
269516,31.594185752656287
269517,51.37104811593531
269518,8.387615261532407
269519,37.01347863072549
269520,140.87264624891338
269521,984.0452287834254
269522,879.6334276954167
269523,399.47906650054335
269524,622.6290444598767
269525,303.9884317742157
269526,1964.0926809745736
269527,1755.2851682037685
269528,799.8391482895346
269529,1317.4556716690051
269530,356.3334201945053
269531,2337.4031314008603
269532,2030.087345603275
269533,925.2589589285805
269534,1536.9881880155283
269535,127.73660279589961
269536,791.0107541362298
269537,660.6952277258131
269538,318.77807659829676
269539,523.2234124015187
269540,245.04581001510647
269541,1582.2877478555538
269542,1377.5808463600913
269543,658.9267299512788
269544,1008.1059504460057
269545,271.3823382165212
269546,1865.6327150117977
269547,1628.6070567914953
269548,744.3632780451719
269549,1183.4102281223986
269550,751.9497483257031
269551,583.0747391231275
269552,518.3449981651029
269553,218.8679457591955
269554,382.3140978052797
269555,663.4877934561855
269556,1183.166457669284
269557,1039.0489510855216
269558,475.05747435863873
269559,776.9443467138294
269560,378.8296484635333
269561,1400.9665946022649
269562,1216.3570015675537
269563,565.6169158358607
269564,885.6927337772142
269565,114.79594387174191
269566,596.7195287355258
269567,530.701043375944
269568,231.20999238018285
269569,395.17656927769565
269570,193.22671928985736
269571,1216.1006166171064
269572,1074.3012452040234
269573,496.4552276442935
269574,798.063945630887
269575,205.00188099545844
269576,1446.824600917774
269577,1253.9029850579577
269578,586.1704075088019
269579,905.9680710815585
269580,56.617588276151366
269581,412.6106418204174
269582,372.9305050923728
269583,165.284130588807
269584,282.67699799268047
269585,119.44346363780213
269586,890.7461244862698
269587,780.5723324433067
269588,337.7331788561735
269589,559.7920323901349
269590,140.16995306280467
269591,1038.1584062728891
269592,886.5135494761129
269593,405.75530819609435
269594,643.7293288014567
269595,715.8175985060357
269596,17.04569913208318
269597,21.540164215789787
269598,1.0827786965888746
269599,18.100013746041004
269600,16.357987335261303
269601,19.605228270427755
269602,37.615232054314234
269603,-12.679201052295818
269604,38.325108945849834
269605,-5.350610137866277
269606,31.594185752656287
269607,51.37104811593531
269608,8.387615261532407
269609,37.01347863072549
269610,140.87264624891338
269611,984.0452287834254
269612,879.6334276954167
269613,399.47906650054335
269614,622.6290444598767
269615,303.9884317742157
269616,1964.0926809745736
269617,1755.2851682037685
269618,799.8391482895346
269619,1317.4556716690051
269620,356.3334201945053
269621,2337.4031314008603
269622,2030.087345603275
269623,925.2589589285805
269624,1536.9881880155283
269625,127.73660279589961
269626,791.0107541362298
269627,660.6952277258131
269628,318.77807659829676
269629,523.2234124015187
269630,245.04581001510647
269631,1582.2877478555538
269632,1377.5808463600913
269633,658.9267299512788
269634,1008.1059504460057
269635,271.3823382165212
269636,1865.6327150117977
269637,1628.6070567914953
269638,744.3632780451719
269639,1183.4102281223986
269640,748.6397427781991
269641,612.910511178094
269642,549.6949696292476
269643,237.61477382415563
269644,394.88551734453574
269645,600.720529575143
269646,1228.8098883579833
269647,1073.6874160016762
269648,509.1219809256988
269649,821.8432704804242
269650,318.4557686968984
269651,1450.9676587824717
269652,1252.6926392037844
269653,585.5125766364541
269654,961.6516972176936
269655,105.44548038112084
269656,633.0144187239683
269657,561.384484123323
269658,249.338308664644
269659,407.1294770364527
269660,186.85263315165932
269661,1268.821677019781
269662,1108.8916911839112
269663,530.5197342113534
269664,842.9628693974818
269665,209.12241572981787
269666,1514.288072059031
269667,1300.5753810049966
269668,606.0660683093953
269669,981.9270345220378
269670,58.50754135962056
269671,437.37041977508125
269672,392.07883380597315
269673,176.60083042218787
269674,287.8182893003575
269675,123.41634572460426
269676,925.5317386922917
269677,811.4130618778762
269678,366.3288714874759
269679,599.2221422209727
269680,150.27895070422196
269681,1087.0597334192576
269682,928.8095310795967
269683,417.11286167047047
269684,707.3752407870419
269685,708.0165367145385
269686,16.15137025723276
269687,22.2174840807718
269688,8.520581489718776
269689,2.1072023363673287
269690,53.00572151455803
269691,15.811400744927393
269692,42.00406172929053
269693,4.596302478925059
269694,37.52242497344504
269695,-7.1553310578443075
269696,31.71244123462875
269697,48.3158507327668
269698,14.139350890238132
269699,23.108129079289192
269700,148.11088548418942
269701,1024.5808836886317
269702,908.8418803383198
269703,413.35445447260975
269704,652.0184379315723
269705,316.17549022498287
269706,2114.8390760167963
269707,1874.3567692795666
269708,842.0021786574632
269709,1380.3551573459258
269710,366.0905751760375
269711,2471.5255135970847
269712,2164.0097251847583
269713,964.3080045145537
269714,1628.4695019846547
269715,137.16811785497828
269716,839.5128938267135
269717,701.3807243472118
269718,334.97889022768953
269719,544.4502151685048
269720,256.3877828051736
269721,1687.1710578067075
269722,1447.2776736768012
269723,698.3142034686543
269724,1063.507298119377
269725,295.8246672184409
269726,1978.9968751479819
269727,1725.9943715990905
269728,791.7568471012867
269729,1272.7480491996307
269730,745.0005966805504
269731,640.9804265065858
269732,565.4088644588429
269733,248.86408067879452
269734,420.8217644237924
269735,508.1492077506275
269736,1318.0463461945637
269737,1154.8874048536013
269738,536.4465387223413
269739,872.5793691159026
269740,293.446322613674
269741,1557.218789030854
269742,1355.656244810084
269743,626.899395479901
269744,1003.7854978288688
269745,110.03330827544852
269746,664.2172062479558
269747,580.8667664051422
269748,262.49851269696063
269749,434.97662129338664
269750,193.12084133024518
269751,1359.0719474467307
269752,1191.9491703103831
269753,557.8442920079958
269754,893.6989680329602
269755,217.17503384452897
269756,1627.4595997885103
269757,1407.1947413611958
269758,649.2511516281951
269759,1025.8590996085663
269760,67.04334410079247
269761,459.36609040544636
269762,413.4541887836708
269763,181.05582436410427
269764,306.9602234668915
269765,138.2409380353149
269766,970.9804099937761
269767,857.7822404550276
269768,373.73546382737345
269769,630.0402753997065
269770,162.5572138952319
269771,1129.6682416061747
269772,972.9791704693787
269773,438.1537393688142
269774,729.1631002531142
269775,698.9019982960657
269776,20.6050381891918
269777,25.41544980240915
269778,3.5771109210803522
269779,5.6414323596688485
269780,91.51457035948411
269781,15.229903957240863
269782,42.34307221727097
269783,-9.115749125567566
269784,41.01267457511078
269785,-4.70765215051148
269786,30.863904364807546
269787,50.059011822715135
269788,-0.24775720559234624
269789,25.923322189617114
269790,151.39843989832548
269791,1068.1949825565341
269792,963.9534339347309
269793,430.687876894995
269794,688.507378360721
269795,313.95525847807744
269796,2233.230012757039
269797,1950.2528512017918
269798,893.175093432711
269799,1459.4081907421555
269800,389.2387025102726
269801,2601.3568820493715
269802,2267.8742365522858
269803,1053.7761782425132
269804,1745.8177943335947
269805,140.43216863612378
269806,870.8520054981149
269807,752.5473566099399
269808,348.04251311344757
269809,575.0450037203984
269810,256.08523553276257
269811,1757.9016270981176
269812,1552.4816436562844
269813,717.0201040368013
269814,1108.4689649678771
269815,300.37033650690273
269816,2080.993700085158
269817,1845.4210854251178
269818,828.2378641018755
269819,1335.484832480574
269820,713.519726569829
269821,718.6124422671029
269822,631.2128604319455
269823,295.0902368078497
269824,480.1903077938112
269825,413.290782998143
269826,1493.1196287342552
269827,1286.1564100565388
269828,592.341686453439
269829,934.6969519789843
269830,295.88593101911135
269831,1743.6022453107616
269832,1490.4535639128237
269833,708.7592614446339
269834,1100.1654747264138
269835,132.6220867618392
269836,740.9729434785175
269837,648.3760496758046
269838,308.9214624526654
269839,494.54195829005533
269840,202.3231375004599
269841,1526.3324298333669
269842,1321.035987872144
269843,614.1973724205509
269844,956.2744835774993
269845,226.51342062106445
269846,1798.3279949510952
269847,1539.809872822759
269848,731.5689502743853
269849,1122.6970091875687
269850,86.48000207459245
269851,523.460184382142
269852,466.0734268629009
269853,197.6962667903129
269854,336.27424817811334
269855,149.3365027898774
269856,1054.3733536522632
269857,927.499324302551
269858,407.304337749799
269859,674.78070396993
269860,170.68322831601424
269861,1253.6198834575137
269862,1088.8889843533916
269863,514.2138474126356
269864,817.4086447255822
269865,724.9069652444948
269866,21.340143066473072
269867,30.806633120128943
269868,6.1079146662086305
269869,5.893059110718558
269870,12.349048857404393
269871,22.255676251068305
269872,51.70010544839995
269873,-4.748949715798605
269874,48.45078198808254
269875,-5.879659458563236
269876,39.98322831641797
269877,65.92109841341046
269878,6.9225996486502055
269879,37.178868827911835
269880,166.25341975935282
269881,1186.0758332621065
269882,1063.1688310011816
269883,481.59446323132295
269884,760.1238047119084
269885,367.4939076462481
269886,2456.134723056934
269887,2108.45842039232
269888,984.8382218008097
269889,1567.9150988102724
269890,404.0349259105479
269891,2937.018608878667
269892,2543.2685358732347
269893,1176.0063147281724
269894,1871.5966107851161
269895,150.1508414414836
269896,965.5044929150201
269897,825.1110998685032
269898,373.91732235799185
269899,625.5123927285795
269900,300.5830289134529
269901,1921.0659177078694
269902,1711.9572250048811
269903,798.1675227660481
269904,1209.303261494791
269905,319.5910349910696
269906,2284.5786714123196
269907,1994.137882058437
269908,944.5639043526697
269909,1446.324809389452
269910,753.4869017106074
269911,580.6168980654111
269912,519.5251122539612
269913,218.4483733504781
269914,381.8945253965623
269915,665.6287699094709
269916,1180.7086166115673
269917,1040.2290651743797
269918,474.63790194992134
269919,776.5247743051123
269920,385.27047752130665
269921,1398.5087535445482
269922,1217.5371156564117
269923,565.1973434271436
269924,885.2731613684971
269925,113.41129578033127
269926,594.2616876778094
269927,531.8811574648023
269928,230.79041997146547
269929,394.75699686897826
269930,191.8420711984467
269931,1213.6427755593897
269932,1075.4813592928815
269933,496.0356552355761
269934,797.6443732221699
269935,203.6172329040478
269936,1444.3667598600573
269937,1255.0830991468158
269938,585.7508351000847
269939,905.5484986728413
269940,55.23294018474074
269941,410.1528007627008
269942,374.11061918123096
269943,164.8645581800896
269944,282.2574255839631
269945,118.05881554639149
269946,888.2882834285533
269947,781.752446532165
269948,337.3136064474561
269949,559.3724599814177
269950,138.78530497139403
269951,1035.7005652151724
269952,887.6936635649712
269953,405.33573578737696
269954,643.3097563927396
269955,714.7503040074068
269956,14.905211667148215
269957,23.03763189742956
269958,0.9805598806531418
269959,17.997794930105268
269960,24.285280276662956
269961,17.46474080549279
269962,39.11269973595401
269963,-12.781419868231554
269964,38.222890129914106
269965,-6.417904636495286
269966,29.453698287721323
269967,52.868515797575085
269968,8.285396445596673
269969,36.911259814789766
269970,139.80535175028436
269971,981.9047413184906
269972,877.4734442368423
269973,398.32377496093017
269974,625.0396758881687
269975,302.92113727558666
269976,1961.9521935096386
269977,1753.1251847451938
269978,798.6838567499216
269979,1319.866303097297
269980,355.26612569587627
269981,2335.262643935925
269982,2027.9273621447003
269983,924.1036673889674
269984,1539.3988194438202
269985,126.66930829727063
269986,779.7296391501408
269987,662.8929396390643
269988,317.6227850586836
269989,522.0681208619056
269990,243.97851551647744
269991,1571.0066328694647
269992,1379.7785582733422
269993,657.7714384116658
269994,1006.9506589063927
269995,270.31504371789214
269996,1854.3516000257086
269997,1630.8047687047463
269998,743.2079865055589
269999,1182.2549365827854
270000,753.4869017106074
270001,580.6168980654111
270002,519.5251122539612
270003,218.4483733504781
270004,381.8945253965623
270005,665.6287699094709
270006,1180.7086166115673
270007,1040.2290651743797
270008,474.63790194992134
270009,776.5247743051123
270010,393.1914999196999
270011,1398.5087535445482
270012,1217.5371156564117
270013,565.1973434271436
270014,885.2731613684971
270015,113.41129578033127
270016,594.2616876778094
270017,531.8811574648023
270018,230.79041997146547
270019,394.75699686897826
270020,191.8420711984467
270021,1213.6427755593897
270022,1075.4813592928815
270023,496.0356552355761
270024,797.6443732221699
270025,203.6172329040478
270026,1444.3667598600573
270027,1255.0830991468158
270028,585.7508351000847
270029,905.5484986728413
270030,55.23294018474074
270031,410.1528007627008
270032,374.11061918123096
270033,164.8645581800896
270034,282.2574255839631
270035,118.05881554639149
270036,888.2882834285533
270037,781.752446532165
270038,337.3136064474561
270039,559.3724599814177
270040,138.78530497139403
270041,1035.7005652151724
270042,887.6936635649712
270043,405.33573578737696
270044,643.3097563927396
270045,714.7503040074068
270046,14.905211667148215
270047,23.03763189742956
270048,0.9805598806531418
270049,17.997794930105268
270050,24.285280276662956
270051,17.46474080549279
270052,39.11269973595401
270053,-12.781419868231554
270054,38.222890129914106
270055,-4.392298785445457
270056,29.453698287721323
270057,52.868515797575085
270058,8.285396445596673
270059,36.911259814789766
270060,139.80535175028436
270061,981.9047413184906
270062,877.4734442368423
270063,398.32377496093017
270064,625.0396758881687
270065,302.92113727558666
270066,1961.9521935096386
270067,1753.1251847451938
270068,798.6838567499216
270069,1319.866303097297
270070,355.26612569587627
270071,2335.262643935925
270072,2027.9273621447003
270073,924.1036673889674
270074,1539.3988194438202
270075,126.66930829727063
270076,779.7296391501408
270077,662.8929396390643
270078,317.6227850586836
270079,522.0681208619056
270080,243.97851551647744
270081,1571.0066328694647
270082,1379.7785582733422
270083,657.7714384116658
270084,1006.9506589063927
270085,270.31504371789214
270086,1854.3516000257086
270087,1630.8047687047463
270088,743.2079865055589
270089,1182.2549365827854
270090,754.4007658741755
270091,580.9269391605981
270092,518.5482024213069
270093,218.38809025005048
270094,381.8342422961347
270095,665.9388110046579
270096,1181.0186577067545
270097,1039.2521553417255
270098,474.5776188494937
270099,776.4644912046846
270100,381.28066601200555
270101,1398.8187946397354
270102,1216.5602058237575
270103,565.1370603267159
270104,885.2128782680694
270105,113.7213368755183
270106,594.5717287729964
270107,530.904247632148
270108,230.73013687103784
270109,394.69671376855064
270110,192.15211229363373
270111,1213.952816654577
270112,1074.5044494602273
270113,495.97537213514846
270114,797.5840901217422
270115,203.92727399923484
270116,1444.6768009552445
270117,1254.1061893141616
270118,585.690551999657
270119,905.4882155724137
270120,55.54298127992778
270121,410.46284185788784
270122,373.1337093485767
270123,164.80427507966198
270124,282.19714248353546
270125,118.36885664157852
270126,888.5983245237403
270127,780.7755366995107
270128,337.25332334702847
270129,559.31217688099
270130,139.09534606658107
270131,1036.0106063103597
270132,886.7167537323169
270133,405.27545268694934
270134,643.2494732923119
270135,715.0603451025938
270136,15.215252762335258
270137,22.060722064775316
270138,0.9202767802255077
270139,17.937511829677636
270140,24.595321371849998
270141,17.774781900679834
270142,38.13578990329977
270143,-12.841702968659186
270144,38.162607029486466
270145,-4.082257690258416
270146,29.763739382908366
270147,51.891605964920835
270148,8.22511334516904
270149,36.850976714362126
270150,140.1153928454714
270151,982.2147824136775
270152,880.1539855444023
270153,399.31656458417996
270154,626.0324655114185
270155,303.2311783707737
270156,1962.2622346048258
270157,1761.8666978172707
270158,799.6766463731714
270159,1320.859092720547
270160,355.5761667910633
270161,2335.572685031112
270162,2030.6079034522606
270163,925.0964570122172
270164,1540.3916090670702
270165,126.97934939245766
270166,780.0396802453278
270167,661.2157855747987
270168,318.61557468193337
270169,523.0609104851554
270170,244.2885566116645
270171,1571.316673964652
270172,1378.101404209077
270173,658.7642280349156
270174,1007.9434485296425
270175,270.6250848130792
270176,1854.6616411208959
270177,1629.127614640481
270178,744.2007761288087
270179,1183.2477262060354
270180,754.8244709452752
270181,581.3506442316977
270182,518.9719074924066
270183,218.81179532115027
270184,382.2579473672344
270185,666.3625160757575
270186,1181.4423627778542
270187,1039.6758604128252
270188,475.00132392059345
270189,776.8881962757843
270190,381.7043710831053
270191,1399.242499710835
270192,1216.9839108948572
270193,565.5607653978155
270194,885.6365833391691
270195,114.14504194661806
270196,594.995433844096
270197,531.3279527032477
270198,231.15384194213763
270199,395.12041883965037
270200,192.57581736473352
270201,1214.3765217256766
270202,1074.928154531327
270203,496.3990772062482
270204,798.0077951928419
270205,204.35097907033463
270206,1445.1005060263442
270207,1254.5298943852613
270208,586.1142570707567
270209,905.9119206435133
270210,55.96668635102753
270211,410.88654692898757
270212,373.55741441967643
270213,165.22798015076177
270214,282.6208475546352
270215,118.79256171267828
270216,889.02202959484
270217,781.1992417706103
270218,337.6770284181282
270219,559.7358819520897
270220,139.51905113768086
270221,1036.4343113814593
270222,887.1404588034165
270223,405.69915775804907
270224,643.6731783634116
270225,715.0311076360775
270226,15.638957833435011
270227,22.484427135875073
270228,1.3439818513252642
270229,18.361216900777393
270230,57.74538298063966
270231,18.19848697177959
270232,38.55949497439951
270233,-12.417997897559431
270234,38.58631210058623
270235,5.459936430585691
270236,30.187444454008126
270237,52.315311036020596
270238,8.648818416268796
270239,37.27468178546188
270240,140.5390979165712
270241,982.6384874847772
270242,880.577690615502
270243,399.7402696552797
270244,626.4561705825182
270245,303.65488344187344
270246,1962.6859396759255
270247,1762.2904028883704
270248,800.100351444271
270249,1321.2827977916468
270250,355.99987186216305
270251,2335.996390102212
270252,2031.0316085233603
270253,925.5201620833169
270254,1540.81531413817
270255,127.40305446355741
270256,780.4633853164274
270257,661.6394906458984
270258,319.0392797530331
270259,523.4846155562551
270260,244.71226168276428
270261,1571.7403790357516
270262,1378.5251092801766
270263,659.1879331060153
270264,1008.3671536007422
270265,271.0487898841789
270266,1855.0853461919955
270267,1629.5513197115806
270268,744.6244811999084
270269,1183.671431277135
270270,749.2822613804602
270271,613.5530297803551
270272,550.3374882315087
270273,237.4590625314967
270274,395.92000469411363
270275,631.80996745206
270276,1229.4524069602444
270277,1074.3299346039373
270278,508.96626963303976
270279,824.7717446501749
270280,319.0982872991596
270281,1451.6101773847329
270282,1253.3351578060456
270283,585.3568653437951
270284,964.5801713874444
270285,106.08799898338208
270286,633.6569373262295
270287,562.0270027255841
270288,249.18259737198505
270289,408.1639643860306
270290,187.49515175392057
270291,1269.464195622042
270292,1109.5342097861724
270293,530.3640229186943
270294,845.8913435672325
270295,209.76493433207915
270296,1514.9305906612922
270297,1301.2178996072578
270298,605.9103570167363
270299,984.8555086917886
270300,59.150059961881794
270301,438.01293837734244
270302,392.72135240823434
270303,176.44511912952893
270304,288.8527766499354
270305,124.05886432686549
270306,926.1742572945528
270307,812.0555804801373
270308,366.1731601948169
270309,602.1506163907235
270310,150.92146930648323
270311,1087.7022520215187
270312,929.4520496818578
270313,416.95715037781144
270314,710.3037149567926
270315,707.9872992480222
270316,16.575075328332517
270317,22.641189151871558
270318,8.944286560818533
270319,2.530907407467085
270320,83.82716452107198
270321,16.23510581602715
270322,42.42776680039027
270323,5.020007550024816
270324,37.9461300445448
270325,2.386863062999791
270326,32.136146305728516
270327,48.73955580386656
270328,14.563055961337888
270329,23.53183415038895
270330,148.5345905552892
270331,1025.0045887597314
270332,909.2655854094195
270333,413.7781595437095
270334,656.008065970577
270335,316.5991952960826
270336,2115.262781087896
270337,1880.8414461151829
270338,842.4258837285629
270339,1384.3447853849307
270340,366.5142802471372
270341,2471.9492186681846
270342,2164.433430255858
270343,964.7317095856533
270344,1632.4591300236596
270345,137.59182292607807
270346,830.7959713766589
270347,701.8044294183114
270348,335.40259529878927
270349,544.8739202396044
270350,256.8114878762733
270351,1678.454135356653
270352,1447.701378747901
270353,698.737908539754
270354,1063.9310031904768
270355,296.2483722895406
270356,1970.2799526979275
270357,1726.4180766701902
270358,792.1805521723863
270359,1273.1717542707304
270360,745.6431152828116
270361,641.6229451088469
270362,566.051383061104
270363,248.7083693861356
270364,421.8562517733703
270365,539.2386456275449
270366,1318.6888647968249
270367,1155.5299234558624
270368,536.2908274296823
270369,875.5078432856534
270370,294.0888412159352
270371,1557.861307633115
270372,1356.2987634123451
270373,626.743684187242
270374,1006.7139719986195
270375,110.67582687770975
270376,664.8597248502169
270377,581.5092850074034
270378,262.3428014043016
270379,436.01110864296453
270380,193.76335993250646
270381,1359.7144660489919
270382,1192.5916889126443
270383,557.6885807153368
270384,896.627442202711
270385,217.81755244679024
270386,1628.1021183907715
270387,1407.837259963457
270388,649.0954403355361
270389,1028.787573778317
270390,67.6858627030537
270391,460.00860900770755
270392,414.096707385932
270393,180.90011307144533
270394,307.99471081646936
270395,138.8834566375762
270396,971.6229285960372
270397,858.4247590572887
270398,373.57975253471443
270399,632.9687495694573
270400,163.1997324974932
270401,1130.3107602084358
270402,973.6216890716398
270403,437.99802807615515
270404,732.0915744228649
270405,699.6714478878245
270406,21.028743260291556
270407,25.839154873508907
270408,4.000815992180111
270409,6.065137430768606
270410,101.30800088597714
270411,15.65360902834062
270412,42.76677728837073
270413,-8.69204405446781
270414,41.436379646210526
270415,-0.574941980220686
270416,31.2876094359073
270417,50.482716893814896
270418,0.17594786550741032
270419,26.34702726071687
270420,151.82214496942527
270421,1068.6186876276338
270422,964.3771390058306
270423,431.1115819660947
270424,692.4970063997257
270425,314.3789635491772
270426,2233.6537178281387
270427,1956.737528037408
270428,893.5987985038107
270429,1463.3978187811604
270430,389.66240758137235
270431,2601.7805871204714
270432,2268.2979416233857
270433,1054.1998833136129
270434,1749.8074223725996
270435,140.85587370722357
270436,871.2757105692145
270437,752.9710616810396
270438,348.4662181845473
270439,575.4687087914981
270440,256.5089406038623
270441,1758.3253321692173
270442,1552.905348727384
270443,717.443809107901
270444,1108.8926700389768
270445,300.79404157800246
270446,2081.4174051562577
270447,1845.8447904962175
270448,828.6615691729752
270449,1335.9085375516736
270450,714.1622451720901
270451,719.254960869364
270452,631.8553790342066
270453,294.93452551519067
270454,481.2247951433891
270455,413.9333016004042
270456,1493.7621473365164
270457,1286.7989286588
270458,592.18597516078
270459,937.6254261487351
270460,296.52844962137254
270461,1744.2447639130228
270462,1491.0960825150848
270463,708.6035501519749
270464,1103.0939488961646
270465,133.26460536410048
270466,741.6154620807787
270467,649.0185682780657
270468,308.7657511600064
270469,495.5764456396332
270470,202.96565610272117
270471,1526.974948435628
270472,1321.6785064744051
270473,614.0416611278919
270474,959.20295774725
270475,227.15593922332573
270476,1798.9705135533563
270477,1540.45239142502
270478,731.4132389817263
270479,1125.6254833573196
270480,87.12252067685368
270481,524.1027029844031
270482,466.71594546516206
270483,197.54055549765397
270484,337.3087355276912
270485,149.97902139213866
270486,1055.0158722545243
270487,928.1418429048122
270488,407.14862645714
270489,677.7091781396807
270490,171.3257469182755
270491,1254.2624020597748
270492,1089.5315029556527
270493,514.0581361199766
270494,820.337118895333
270495,725.6764148362536
270496,21.76384813757283
270497,31.2303381912287
270498,6.531619737308388
270499,6.316764181818313
270500,22.142479383897424
270501,22.679381322168062
270502,52.12381051949971
270503,-4.3252446446988495
270504,48.874487059182286
270505,-1.746949288272443
270506,40.406933387517725
270507,66.34480348451022
270508,7.346304719749961
270509,37.60257389901158
270510,166.6771248304526
270511,1186.4995383332061
270512,1063.5925360722813
270513,482.0181683024227
270514,764.1134327509131
270515,367.9176127173478
270516,2456.558428128034
270517,2108.88212546342
270518,985.2619268719094
270519,1571.9047268492773
270520,404.4586309816476
270521,2937.4423139497667
270522,2543.6922409443346
270523,1176.430019799272
270524,1875.586238824121
270525,150.5745465125834
270526,965.9281979861198
270527,825.5348049396029
270528,374.3410274290916
270529,625.9360977996791
270530,301.0067339845526
270531,1921.489622778969
270532,1712.3809300759808
270533,798.5912278371478
270534,1209.7269665658907
270535,320.0147400621693
270536,2285.0023764834195
270537,1994.5615871295367
270538,944.9876094237694
270539,1446.7485144605516
270540,755.3279040971657
270541,582.4579004519695
270542,521.3661146405195
270543,219.49114584211617
270544,387.7015486424184
270545,678.0042974598757
270546,1184.6780546359787
270547,1042.0700675609378
270548,475.6806744415594
270549,784.2257843711413
270550,397.6460050717114
270551,1402.4781915689596
270552,1219.3781180429698
270553,566.2401159187817
270554,892.9741714345262
270555,115.2522981668895
270556,596.1026900643677
270557,533.7221598513606
270558,231.83319246310353
270559,400.56402011483436
270560,193.68307358500496
270561,1217.6122135838011
270562,1077.3223616794396
270563,497.0784277272141
270564,805.345383288199
270565,205.45823529060607
270566,1448.3361978844687
270567,1256.924101533374
270568,586.7936075917229
270569,913.2495087388704
270570,57.07394257129899
270571,411.99380314925907
270572,375.95162156778923
270573,165.90733067172766
270574,288.0644488298192
270575,119.89981793294969
270576,892.2577214529648
270577,783.5934489187233
270578,338.35637893909416
270579,567.0734700474468
270580,140.6263073579523
270581,1039.6700032395838
270582,889.5346659515295
270583,406.378508279015
270584,651.0107664587687
270585,718.3078901549031
270586,16.198409390646493
270587,24.330829620927844
270588,2.273757604151422
270589,24.746859325608092
270590,78.03938060184802
270591,20.886374166844238
270592,40.40589745945229
270593,-11.488222144733282
270594,44.97195452541693
270595,8.736718949410989
270596,32.875331649072805
270597,54.16171352107337
270598,9.578594169094956
270599,43.660324210292586
270600,139.52177775653834
270601,981.6211673247444
270602,882.7464715628067
270603,398.0402009671842
270604,629.096724312621
270605,302.6375632818407
270606,1979.5894780673566
270607,1764.4591838356748
270608,798.4002827561757
270609,1323.9233515217486
270610,354.9825517021303
270611,2352.8999284936435
270612,2033.2003894706647
270613,923.8200933952215
270614,1543.4558678682718
270615,126.38573430352464
270616,779.4460651563949
270617,668.1659669650287
270618,317.3392110649376
270619,525.8326554503386
270620,243.69494152273143
270621,1588.6439174271827
270622,1385.0515855993067
270623,657.4878644179199
270624,1010.7151934948257
270625,270.0314697241462
270626,1871.9888845834266
270627,1636.0777960307107
270628,742.924412511813
270629,1186.0194711712181
270630,755.3279040971657
270631,583.749157728356
270632,521.3661146405195
270633,218.70067718108882
270634,389.5483476834661
270635,678.0042974598757
270636,1185.9693119123651
270637,1042.0700675609378
270638,474.8902057805321
270639,786.072583412189
270640,405.5670274701046
270641,1403.769448845346
270642,1219.3781180429698
270643,565.4496472577543
270644,894.8209704755739
270645,115.2522981668895
270646,597.3939473407542
270647,533.7221598513606
270648,231.04272380207618
270649,402.41081915588205
270650,193.68307358500496
270651,1218.9034708601876
270652,1077.3223616794396
270653,496.2879590661868
270654,807.1921823292466
270655,205.45823529060607
270656,1449.627455160855
270657,1256.924101533374
270658,586.0031389306955
270659,915.0963077799181
270660,57.07394257129899
270661,413.28506042564544
270662,375.95162156778923
270663,165.11686201070032
270664,289.9112478708669
270665,119.89981793294969
270666,893.5489787293512
270667,783.5934489187233
270668,337.56591027806684
270669,568.9202690884945
270670,140.6263073579523
270671,1040.9612605159703
270672,889.5346659515295
270673,405.5880396179877
270674,652.8575654998164
270675,718.3078901549031
270676,14.201656369281256
270677,24.330829620927844
270678,1.4832889431240706
270679,26.593658366655756
270680,89.25447732119522
270681,18.889621145479
270682,40.40589745945229
270683,-12.278690805760633
270684,46.81875356646459
270685,8.736718949410989
270686,30.878578627707558
270687,54.16171352107337
270688,8.788125508067603
270689,45.50712325134025
270690,139.52177775653834
270691,1004.420544346614
270692,882.7464715628067
270693,399.6413776056595
270694,644.4118808409837
270695,302.6375632818407
270696,2002.3888550892264
270697,1764.4591838356748
270698,800.001459394651
270699,1339.2385080501112
270700,354.9825517021303
270701,2375.699305515513
270702,2033.2003894706647
270703,925.4212700336968
270704,1558.7710243966344
270705,126.38573430352464
270706,788.3707138056594
270707,668.1659669650287
270708,316.5548593506888
270709,538.7622836259771
270710,243.69494152273143
270711,1597.5685660764473
270712,1385.0515855993067
270713,656.703512703671
270714,1023.6448216704645
270715,270.0314697241462
270716,1880.9135332326912
270717,1636.0777960307107
270718,742.140060797564
270719,1198.9490993468567
270720,756.2417682607338
270721,586.4163742568911
270722,520.3892048078652
270723,218.6403940806612
270724,389.48806458303847
270725,678.3143385550627
270726,1188.6365284409005
270727,1041.0931577282836
270728,474.82992268010446
270729,786.0123003117614
270730,393.6561935624103
270731,1406.4366653738814
270732,1218.4012082103156
270733,565.3893641573267
270734,894.7606873751462
270735,115.56233926207653
270736,600.0611638692893
270737,532.7452500187063
270738,230.98244070164856
270739,402.3505360554544
270740,193.993114680192
270741,1221.570687388723
270742,1076.3454518467854
270743,496.22767596575915
270744,807.131899228819
270745,205.76827638579311
270746,1452.2946716893905
270747,1255.9471917007197
270748,585.9428558302678
270749,915.0360246794904
270750,57.38398366648603
270751,415.95227695418066
270752,374.974711735135
270753,165.0565789102727
270754,289.85096477043925
270755,120.20985902813672
270756,896.2161952578864
270757,782.616539086069
270758,337.5056271776392
270759,568.8599859880668
270760,140.93634845313935
270761,1043.6284770445056
270762,888.5577561188752
270763,405.5277565175601
270764,652.7972823993887
270765,718.6179312500901
270766,13.117897258367972
270767,23.3539197882736
270768,1.4230058426964363
270769,26.533375266228123
270770,89.56451841638226
270771,17.805862034565717
270772,39.42898762679803
270773,-12.338973906188265
270774,46.758470466036954
270775,9.046760044598031
270776,29.794819516794266
270777,53.184803688419116
270778,8.72784240763997
270779,45.446840150912614
270780,139.8318188517254
270781,1023.1749752260649
270782,897.3682884502796
270783,400.6341672289093
270784,645.4046704642335
270785,302.94760437702774
270786,2021.1432859686772
270787,1793.9555909752116
270788,800.9942490179008
270789,1340.2312976733613
270790,355.29259279731735
270791,2394.453736394964
270792,2062.6967966102015
270793,926.4140596569466
270794,1559.7638140198844
270795,126.69577539871167
270796,804.1652651621577
270797,663.3955211188495
270798,317.5476489739386
270799,539.7550732492269
270800,244.00498261791847
270801,1613.3631174329457
270802,1380.2811397531275
270803,657.6963023269208
270804,1024.6376112937146
270805,270.3415108193332
270806,1896.7080845891896
270807,1631.3073501845315
270808,743.1328504208138
270809,1199.9418889701067
270810,762.5999780532532
270811,592.7745840494105
270812,526.7474146003846
270813,224.99860387318063
270814,395.84627437555804
270815,686.0871227530863
270816,1196.4093126389243
270817,1048.8659419263074
270818,482.60270687812863
270819,793.7850845097851
270820,401.15457317677226
270821,1413.9350449882434
270822,1225.8995878246776
270823,572.8877437716883
270824,902.2590669895079
270825,139.1696772658375
270826,630.845598314277
270827,563.529684463694
270828,254.58977870540954
270829,425.95787405921544
270830,219.0150270894574
270831,1253.769696239215
270832,1108.5444606972774
270833,521.2495883750254
270834,832.1538116380843
270835,230.51578421139652
270836,1484.2192759562206
270837,1287.8717959675498
270838,610.6903636558711
270839,939.7835325050938
270840,60.1720262454083
270841,418.740319533103
270842,377.7627543140573
270843,167.84462148919496
270844,292.6390073493616
270845,124.41247601256336
270846,900.4188122423132
270847,786.8191560704958
270848,341.70824416206597
270849,573.0626029724936
270850,144.86456085390404
270851,1047.5566894452702
270852,892.48596851964
270853,409.45596891832486
270854,656.7254948001535
270855,714.2563919335237
270856,16.712899450761096
270857,26.94892198066672
270858,3.7195921989026055
270859,28.829961622434297
270860,84.77254796077827
270861,22.008479018992393
270862,43.6316046112247
270863,-8.136356921761605
270864,50.96108745046362
270865,24.27872423008602
270866,33.72303191755898
270867,57.11301608918382
270868,12.656054808404688
270869,49.37505255167732
270870,198.10746117816728
270871,1084.374231011891
270872,958.5675442361054
270873,459.00723425923593
270874,703.7777374945599
270875,374.309687837022
270876,2092.505369428668
270877,1876.6707937272995
270878,872.3563324778949
270879,1411.5933811333548
270880,425.70839239692367
270881,2464.8695359945705
270882,2144.465715501899
270883,996.8298592565527
270884,1630.1796136194903
270885,140.92070492102386
270886,817.2238675053443
270887,676.4541234620361
270888,330.6062513171252
270889,552.8136755924136
270890,260.82560967386314
270891,1630.1837444888902
270892,1408.4548861011663
270893,674.5169293828657
270894,1041.4582383496597
270895,286.2158540148902
270896,1912.5824277847462
270897,1658.5348126721824
270898,759.0071936163707
270899,1215.816232165663
270900,755.6889085147895
270901,623.6081096244191
270902,556.744135365838
270903,243.0752410047986
270904,407.6901332663226
270905,663.38108568858
270906,1243.0504968476657
270907,1089.8015034215807
270908,515.9970225118462
270909,837.9564476278881
270910,338.6261457235939
270911,1464.9338626884924
270912,1268.532322040027
270913,592.1132136389396
270914,977.4904697814956
270915,121.59402364800681
270916,652.8113947005891
270917,577.5330273902091
270918,263.89815337558275
270919,429.0334704885351
270920,204.41575082404975
270921,1292.1616630397589
270922,1134.1051561341112
270923,546.4941533277964
270924,868.1754240752414
270925,226.4111288185464
270926,1537.353653495347
270927,1325.5144413715348
270928,621.7660828421764
270929,1006.8651846161355
270930,63.71849459782089
270931,446.2298057230162
270932,397.28978704417364
270933,180.22308510444068
270934,298.7846927237542
270935,130.04187336830893
270936,937.9341346835843
270937,825.6889367993908
270938,371.3657005752333
270939,613.4971068700467
270940,156.63007376426475
270941,1099.187724826888
270942,942.8110014174493
270943,421.8752861745659
270944,721.3758008524538
270945,707.794491818188
270946,18.230925218378417
270947,27.68759226938302
270948,11.901805181115694
270949,11.642376126671047
270950,90.2598656666892
270951,20.627006135959757
270952,55.73213198774509
270953,9.883556798542463
270954,48.96362939196925
270955,10.483807350496667
270956,36.25364204199916
270957,61.76951640755941
270958,19.15220062619359
270959,34.27492891415144
270960,171.15054414831818
270961,1091.7879226182774
270962,952.3030293614557
270963,438.0927144790985
270964,697.5532831926853
270965,339.24980065213833
270966,2197.0780118015496
270967,1954.867985192829
270968,866.6776657230939
270969,1425.8272296661796
270970,388.218601742805
270971,2552.81816552145
270972,2237.5136854731177
270973,988.0372077197962
270974,1672.9952904445208
270975,145.54840924712477
270976,861.9953894291559
270977,711.0579980980293
270978,341.4085027264616
270979,568.110489953996
270980,264.8027259603468
270981,1728.7753909027658
270982,1477.1593929396747
270983,705.9447949095786
270984,1088.36855184702
270985,303.29332651322613
270986,2019.6549243836523
270987,1754.9298070015761
270988,798.4411546818229
270989,1296.6630190668855
270990,752.0497624171409
270991,651.6780249529108
270992,572.4580301954334
270993,254.32454785943793
270994,433.62638034557926
270995,562.329785584152
270996,1332.2869546842462
270997,1171.0014922735058
270998,543.3215803084885
270999,888.6925462633666
271000,305.1367213604567
271001,1571.1849929368746
271002,1371.4959276463267
271003,633.5000324823862
271004,1019.6242703926707
271005,126.18185154233457
271006,684.0141822245765
271007,597.0153096720284
271008,277.05835740789934
271009,456.8806147454691
271010,210.68395900263565
271011,1382.4119334667087
271012,1217.162635260583
271013,573.8187111244387
271014,918.9115227107199
271015,234.46374693325748
271016,1650.5251812248264
271017,1432.133801727734
271018,664.951166160976
271019,1050.7972497026635
271020,72.25429733899271
271021,468.22547635338134
271022,418.6651420218713
271023,184.67807904635708
271024,317.92662689028816
271025,144.86646567901963
271026,983.3828059850687
271027,872.0581153765422
271028,378.77229291513083
271029,644.3152400487804
271030,168.9083369552747
271031,1141.796233013805
271032,986.9806408072313
271033,442.9161638729096
271034,743.1636603185261
271035,699.4786404579903
271036,22.68459315033745
271037,30.885557991020363
271038,6.958334612477265
271039,15.176606149972569
271040,108.7489158271443
271041,21.0537231438232
271042,57.079356271275486
271043,-2.8202810104001954
271044,53.46209278918496
271045,7.522002307276184
271046,35.40510517217796
271047,63.512677497507745
271048,4.765092530363114
271049,37.090122024479406
271050,174.43809856245423
271051,1135.4020214861798
271052,1007.4145829578669
271053,455.42613690148386
271054,734.042223621834
271055,338.0377827007829
271056,2316.477162337342
271057,2031.7722809106042
271058,918.8587942938917
271059,1505.8884768579596
271060,411.36672907704013
271061,2682.6495339737367
271062,2341.378196840645
271063,1077.505381447755
271064,1790.3435827934609
271065,148.81246002827027
271066,902.4751286217115
271067,762.2246303607575
271068,354.47212561221966
271069,598.7052785058896
271070,265.50839248348575
271071,1809.65480151088
271072,1583.3715767147078
271073,725.6589092732755
271074,1134.3384324910699
271075,307.838995801688
271076,2130.7923768419832
271077,1874.3565208276034
271078,834.9221716824118
271079,1359.3998023478287
271080,723.0060814579742
271081,750.7137744806377
271082,650.2646537154216
271083,296.3531171124648
271084,510.01570145200293
271085,459.092607016315
271086,1538.8554545342229
271087,1291.9505788692811
271088,599.2510466757652
271089,975.7164778046116
271090,325.4117606479609
271091,1787.1276085633083
271092,1501.4769840594095
271093,717.2082252143923
271094,1144.297324154463
271095,147.69543476796736
271096,803.2928313990387
271097,694.1139302506125
271098,338.50039067107963
271099,548.9615907337551
271100,233.34748447640754
271101,1601.171311582508
271102,1347.0386395899968
271103,649.4227805566762
271104,1021.8882481886344
271105,263.9261536403298
271106,1885.263184772605
271107,1580.1425324281092
271108,769.3373325159212
271109,1191.4230974011257
271110,92.06802315407829
271111,561.9966891660554
271112,489.6250948871033
271113,205.0889824581212
271114,365.3628162157192
271115,160.0134287714419
271116,1101.4685620027176
271117,942.9469037660318
271118,420.3435333353188
271119,714.6582523559041
271120,187.74854034089645
271121,1310.6348027386134
271122,1116.4899745626471
271123,529.7960171035653
271124,862.6722952287395
271125,736.9374405518535
271126,52.61955767616916
271127,56.08478022084639
271128,11.222602930986683
271129,24.28510674464552
271130,12.706486545122676
271131,62.09379442730496
271132,70.23491600893529
271133,6.012218466691028
271134,69.61986410011124
271135,-1.5215577695126203
271136,85.29408184143179
271137,92.16234413785189
271138,18.456429768334324
271139,64.09277801404565
271140,230.56052185147217
271141,1315.8977370563994
271142,1170.093964445164
271143,550.154453006002
271144,874.3796772626117
271145,426.0426623955145
271146,2593.5143055270028
271147,2196.9924789779257
271148,1052.8228882860933
271149,1690.9369403586354
271150,475.95653479356383
271151,3100.7641789267204
271152,2655.948309569327
271153,1251.9753120682296
271154,2007.5749483251639
271155,150.05210413794043
271156,1016.9362969916723
271157,858.8201326085128
271158,374.5450665772773
271159,654.2386114247664
271160,304.5564200284886
271161,1985.1759868094905
271162,1731.1339473090752
271163,803.5688551094528
271164,1252.1443606021528
271165,329.03955101112837
271166,2357.6951903062895
271167,2024.5547539701104
271168,952.6006561373335
271169,1496.773493074983
271170,755.3711175100041
271171,579.8638187935315
271172,513.8854497627922
271173,209.44477385780948
271174,397.22083092110876
271175,732.3228783868909
271176,1185.7725287340313
271177,1013.5142760203879
271178,463.4632801828757
271179,793.3317254639026
271180,455.64931347766594
271181,1401.3622031195912
271182,1196.0515778362633
271183,555.56232520753
271184,905.1924361297081
271185,112.15174864328726
271186,623.0586611817354
271187,544.7640432934893
271188,241.93932942112002
271189,426.51400220755676
271190,194.63361187111977
271191,1243.6219590795408
271192,1061.2525227142976
271193,505.45455105262715
271194,831.3230328367655
271195,210.12049620638675
271196,1481.588990897202
271197,1250.3310099003543
271198,597.7127050225461
271199,942.3394818898577
271200,53.23190288129209
271201,423.9102278902565
271202,373.55112921954964
271203,162.5710918393756
271204,297.42720327668525
271205,113.77018959470611
271206,903.2279205723343
271207,765.7123744594471
271208,333.29012647413845
271209,576.0587401310897
271210,138.2084016493747
271211,1057.8832498759468
271212,881.1303388243754
271213,403.85522991946976
271214,665.3821386595947
271215,717.3769621113189
271216,21.405548620486353
271217,24.204621012263296
271218,-3.5909338630910232
271219,22.47105221914854
271220,24.42476294472253
271221,25.919228659339524
271222,26.93179964457365
271223,-18.310986360296077
271224,42.54961760993619
271225,-2.7103169413801997
271226,42.60898060606216
271227,47.62210998581767
271228,2.756551006443419
271229,46.210873484633744
271230,148.66851488566053
271231,1041.3980378971582
271232,917.5247761748366
271233,415.1995489324534
271234,679.8128013314499
271235,298.6494595177949
271236,2021.6266752137676
271237,1767.4089482744978
271238,807.6078138817339
271239,1371.5080036050215
271240,358.92552984637007
271241,2428.5577126799976
271242,2073.611440246448
271243,941.0119553755542
271244,1603.9970159432294
271245,114.94628042397126
271246,800.8147299310914
271247,669.7100647930105
271248,310.3859618618001
271249,538.6971638055622
271250,228.51011386966854
271251,1596.9524864832956
271252,1364.2458707993842
271253,647.490701146813
271254,1025.3561796862343
271255,260.32176697610646
271256,1889.30390343189
271257,1626.5122308382674
271258,735.5626686819653
271259,1208.2680419407966
271260,756.7773111214153
271261,581.2700124049428
271262,515.2916433742034
271263,210.85096746922062
271264,398.6270245325199
271265,733.7290719983022
271266,1187.1787223454423
271267,1014.920469631799
271268,464.8694737942868
271269,794.7379190753138
271270,464.9765294874704
271271,1402.7683967310022
271272,1197.4577714476743
271273,556.9685188189412
271274,906.5986297411193
271275,102.22426787217076
271276,613.131180410619
271277,534.8365625223729
271278,232.0118486500035
271279,416.5865214364402
271280,184.70613110000326
271281,1233.6944783084243
271282,1051.325041943181
271283,495.5270702815106
271284,821.3955520656491
271285,200.1930154352702
271286,1471.6615101260854
271287,1240.4035291292378
271288,587.7852242514297
271289,932.4120011187413
271290,52.91250019931603
271291,423.5908252082804
271292,373.23172653757354
271293,162.25168915739954
271294,297.10780059470915
271295,113.45078691273007
271296,902.9085178903583
271297,765.3929717774712
271298,332.97072379216235
271299,575.7393374491138
271300,137.88899896739863
271301,1057.5638471939708
271302,880.8109361423994
271303,403.53582723749366
271304,665.0627359776188
271305,717.057559429343
271306,21.086145938510295
271307,23.885218330287238
271308,-3.910336545067083
271309,22.15164953717248
271310,24.10536026274648
271311,25.599825977363466
271312,26.612396962597593
271313,-18.630389042272135
271314,42.23021492796012
271315,-3.029719623356257
271316,42.289577924086096
271317,47.30270730384161
271318,2.4371483244673593
271319,45.89147080265768
271320,134.18529321985068
271321,1026.9148162313484
271322,903.0415545090268
271323,400.71632726664353
271324,665.3295796656402
271325,284.16623785198504
271326,2007.1434535479577
271327,1752.925726608688
271328,793.1245922159242
271329,1357.0247819392116
271330,344.4423081805602
271331,2414.0744910141875
271332,2059.128218580638
271333,926.5287337097444
271334,1589.5137942774195
271335,113.24728658020511
271336,799.1157360873253
271337,668.0110709492444
271338,308.68696801803395
271339,536.9981699617962
271340,226.81112002590237
271341,1595.2534926395294
271342,1362.546876955618
271343,645.7917073030469
271344,1023.6571858424684
271345,258.6227731323403
271346,1887.6049095881237
271347,1624.8132369945013
271348,733.8636748381992
271349,1206.5690480970304
271350,757.3805989834366
271351,583.5115933412208
271352,515.5783537121658
271353,210.790684368793
271354,398.5667414320923
271355,733.7285367919424
271356,1189.4203032817204
271357,1015.2071799697615
271358,464.8091906938592
271359,794.6776359748861
271360,452.7551192782292
271361,1405.0099776672803
271362,1197.7444817856367
271363,556.9082357185135
271364,906.5383466406917
271365,102.22373266581097
271366,615.3727613468969
271367,535.1232728603353
271368,231.95156554957586
271369,416.52623833601257
271370,184.70559589364345
271371,1235.9360592447024
271372,1051.6117522811435
271373,495.46678718108296
271374,821.3352689652214
271375,200.19248022891043
271376,1473.9030910623635
271377,1240.6902394672002
271378,587.724941151002
271379,932.3517180183136
271380,52.91196499295624
271381,425.8324061445584
271382,373.51843687553594
271383,162.1914060569719
271384,297.0475174942815
271385,113.45025170637028
271386,905.1500988266363
271387,765.6796821154336
271388,332.9104406917347
271389,575.6790543486861
271390,137.88846376103885
271391,1059.8054281302489
271392,881.0976464803618
271393,403.47554413706604
271394,665.0024528771911
271395,717.0570242229832
271396,23.327726874788244
271397,24.171928668249652
271398,-3.9706196454947174
271399,22.09136643674485
271400,24.104825056386694
271401,27.841406913641414
271402,26.89910730056001
271403,-18.690672142699768
271404,42.16993182753248
271405,-3.030254829716043
271406,44.53115886036404
271407,47.58941764180402
271408,2.376865224039725
271409,45.83118770223004
271410,134.1847580134909
271411,1032.6435274384014
271412,907.6859602188148
271413,401.7091168898933
271414,666.32236928889
271415,284.16570264562523
271416,2012.8721647550108
271417,1757.570132318476
271418,794.117381839174
271419,1358.0175715624616
271420,344.4417729742004
271421,2419.8032022212406
271422,2063.772624290426
271423,927.5215233329942
271424,1590.5065839006695
271425,113.24675137384533
271426,804.8444472943784
271427,668.2977812872068
271428,309.67975764128374
271429,537.990959585046
271430,226.81058481954258
271431,1600.9822038465825
271432,1362.8335872935804
271433,646.7844969262967
271434,1024.6499754657184
271435,258.62223792598047
271436,1893.3336207951768
271437,1625.0999473324637
271438,734.856464461449
271439,1207.5618377202804
271440,759.4058623198362
271441,589.9844290269237
271442,522.0511893978689
271443,217.2635200544962
271444,400.80129425467965
271445,715.4088859426325
271446,1195.0024991294756
271447,1020.7893758175164
271448,470.2124969446084
271449,796.4634600347359
271450,454.7803826146289
271451,1410.5921735150355
271452,1203.326677633392
271453,562.3115419692626
271454,908.3241707005415
271455,101.7941912986574
271456,617.0554802844414
271457,538.4031623838815
271458,235.2314550731222
271459,419.2896541247342
271460,183.2600235008156
271461,1239.8537593116878
271462,1057.1266229341306
271463,500.8027682370642
271464,826.7755769585945
271465,199.3219302199834
271466,1477.820791129349
271467,1246.2051101201873
271468,593.060922206983
271469,937.7920260116866
271470,51.78941844862722
271471,428.20874044362824
271472,375.8947711746058
271473,164.5677403560417
271474,298.90737805852666
271475,111.31167413636706
271476,909.7614142551464
271477,770.2909975439437
271478,337.3428665232394
271479,580.2158071175826
271480,136.3249085749364
271481,1064.4167435587594
271482,885.708961908872
271483,407.90796996857074
271484,669.5392056460876
271485,715.934477678654
271486,25.704061173858072
271487,26.54826296731948
271488,-1.5942853464248876
271489,23.95122700099001
271490,10.133655902277015
271491,28.79307071482294
271492,27.850771101741536
271493,-17.917897938523975
271494,43.04703296910034
271495,-4.593810015818453
271496,45.482822661545576
271497,48.54108144298556
271498,3.1496394282155227
271499,46.708288843797895
271500,134.93226121791037
271501,1041.0766478609314
271502,916.1190806413446
271503,412.27912250824653
271504,673.2488919118233
271505,281.0433138081748
271506,2028.2138955299847
271507,1772.9118630934506
271508,804.2388417073506
271509,1365.1163491074356
271510,350.53441687644465
271511,2440.9469392079322
271512,2084.9163612771167
271513,943.444989412889
271514,1603.4073676573614
271515,116.73864742524393
271516,812.4990048805632
271517,675.9523388733917
271518,319.471200423292
271519,544.1389193716344
271520,226.8735974708445
271521,1615.9863804269855
271522,1377.8377638739835
271523,656.5684025999018
271524,1031.4111988161203
271525,267.9002833169771
271526,1914.1398035872978
271527,1645.9061301245847
271528,750.4423763467722
271529,1220.1250672824008
271530,746.9131275372043
271531,630.9478003942274
271532,554.6827199153224
271533,236.84187932166438
271534,415.08613561747774
271535,596.3594388118106
271536,1256.57355522572
271537,1061.5094258821875
271538,505.10853471387605
271539,843.0758056248725
271540,360.7341190036489
271541,1476.5208631027874
271542,1245.7439004181392
271543,583.0387339720642
271544,985.9965559645626
271545,93.87001049732312
271546,656.9829335449261
271547,570.3681621845693
271548,254.1913025597915
271549,432.95598370703334
271550,182.83563766169178
271551,1301.0074090816122
271552,1097.798654062535
271553,535.698806006332
271554,873.387922548731
271555,212.06882866706883
271556,1558.570112193231
271557,1303.8123517711178
271558,613.7881142097846
271559,1015.4644112757078
271560,55.10565422138318
271561,456.6010816703344
271562,396.324658941515
271563,176.71597139163077
271564,305.7620911897457
271565,116.71083891245613
271566,952.9796178284181
271567,807.2133121270296
271568,366.77009035675
271569,621.3593387719623
271570,150.53685231929228
271571,1124.4273234860295
271572,936.763192074524
271573,420.097054645155
271574,734.8985394552145
271575,709.2423449836618
271576,28.124941978268343
271577,28.189788292828727
271578,6.357695056131541
271579,9.354483822076732
271580,23.373263617864854
271581,33.11447896379077
271582,38.003832332452575
271583,-0.12821679787655804
271584,43.64041722745593
271585,-9.250905589935044
271586,53.716313917986184
271587,51.250115615551785
271588,9.415552666347779
271589,34.19900752312199
271590,143.27942954969157
271591,1089.5737455466735
271592,950.9379718460505
271593,426.66868808973936
271594,704.0343536142791
271595,294.3393013554471
271596,2191.7217594479503
271597,1902.3939288262593
271598,846.9160496847056
271599,1429.4119030151166
271600,364.18170422196374
271601,2590.6119935473816
271602,2232.030408783094
271603,983.0082126082885
271604,1696.2847498572487
271605,127.27909158082772
271606,868.9625873515831
271607,722.2482740565931
271608,336.1861916621113
271609,566.7617903693807
271610,239.32449935741698
271611,1733.6311592538832
271612,1457.945055847704
271613,696.4700537267038
271614,1088.208614720252
271615,293.45154141540195
271616,2040.265432599226
271617,1753.7039095891905
271618,798.3501230123132
271619,1310.8589565903933
271620,746.4226417892913
271621,659.4207635789829
271622,570.7996626011814
271623,245.3098041606543
271624,441.59171839611275
271625,602.8592003677703
271626,1342.3036746613045
271627,1139.2030763331168
271628,530.7212399298237
271629,898.0780698586258
271630,328.4873076274471
271631,1579.2656549501737
271632,1345.2011676234429
271633,622.7137002348157
271634,1032.396522174012
271635,100.04551002861781
271636,683.7289375560196
271637,585.3936609534945
271638,259.7102932073013
271639,456.51263229418805
271640,191.26653986114545
271641,1379.3248801292464
271642,1168.9233338096913
271643,552.8850502439593
271644,919.9637258041645
271645,221.70911841874693
271646,1659.8088405433946
271647,1398.4989127480014
271648,646.8348839695692
271649,1055.236180982191
271650,65.22912859952206
271651,477.86791013186723
271652,416.9711717503804
271653,177.257693292802
271654,324.3414710305622
271655,133.69812524403451
271656,990.2234310946488
271657,845.3776326689273
271658,367.7663104816943
271659,651.7451179147128
271660,164.40278714726924
271661,1158.8309736376928
271662,972.7279734290523
271663,434.72756012854546
271664,756.2540448853035
271665,703.5302370226683
271666,31.84976774139497
271667,30.65891184563371
271668,-2.4990475532520584
271669,12.326159519660694
271670,61.7005373988993
271671,27.987775768179286
271672,33.79763641250807
271673,-16.59098898999369
271674,44.780991700454464
271675,-15.569289234305687
271676,48.32257064024006
271677,48.44807029757518
271678,-7.722276017107183
271679,34.66452550478272
271680,154.01150237996944
271681,1123.690398263615
271682,996.5520792915007
271683,435.90210209666805
271684,735.7740033429986
271685,302.9766145526601
271686,2295.643871453422
271687,1963.8211860137133
271688,889.9964931528997
271689,1508.9753993250595
271690,394.77434997234076
271691,2705.9745372648977
271692,2321.426095415851
271693,1064.3839150291938
271694,1814.1435051199014
271695,137.98766077811499
271696,907.3055905435649
271697,771.2781703187475
271698,344.67276181573664
271699,596.1302439041693
271700,249.87949702912422
271701,1806.394241482063
271702,1556.0409112428028
271703,710.606438671121
271704,1137.2037001657895
271705,305.4417291200057
271706,2144.29477047317
271707,1866.0225088308334
271708,830.2616243891724
271709,1377.6291584683731
271710,720.9548444933575
271711,736.9775829538354
271712,636.5284621886193
271713,292.59385152049447
271714,502.0181529969166
271715,434.55383345308405
271716,1517.3017608153316
271717,1270.3968851503898
271718,587.6742788917066
271719,959.9014271574371
271720,315.54302149125556
271721,1765.573914844417
271722,1479.9232903405182
271723,705.6314574303337
271724,1128.4822735072878
271725,123.69217974579354
271726,760.4094784009167
271727,652.8277478384922
271728,307.19113419379124
271729,517.1358605216421
271730,201.52672726214522
271731,1550.4704563922971
271732,1297.9349549857877
271733,610.2960218872996
271734,982.2450157844331
271735,232.10539642606747
271736,1834.562329582394
271737,1531.0388478239001
271738,730.2105738465445
271739,1151.7798649969238
271740,85.7236778041071
271741,541.8868077228981
271742,469.5152134439459
271743,194.95602694979567
271744,354.71338697256914
271745,145.8515812293821
271746,1073.5411783674715
271747,915.0195201307861
271748,402.3930756349049
271749,696.1913209206658
271750,173.58669279883662
271751,1282.7074191033673
271752,1088.562590927401
271753,511.84555940315147
271754,844.2053637935012
271755,730.5930952018824
271756,32.509676233011724
271757,35.97489877768897
271758,1.0896474226612787
271759,13.635677501495438
271760,-1.455360996937067
271761,34.16641079205901
271762,42.30753237368933
271763,-11.93823923372291
271764,51.15293266487265
271765,-15.683405311572375
271766,57.366698206185916
271767,64.234960502606
271768,0.5059720679203857
271769,45.62584657880706
271770,169.92437347178185
271771,1241.496052583523
271772,1095.6922799722875
271773,487.86657966378067
271774,808.4483209249711
271775,357.57315495161583
271776,2518.473385367653
271777,2121.951558818576
271778,982.717512751783
271779,1617.1880818289062
271780,413.2890335613833
271781,3031.5252649790887
271782,2586.7093956216954
271783,1187.671942745638
271784,1939.6280960071526
271785,148.76422481425988
271786,1001.8828815748055
271787,843.7667171916461
271788,371.605462291066
271789,647.6555241431354
271790,295.43518164059975
271791,1969.4833357061505
271792,1715.4412962057352
271793,792.8117486311529
271794,1237.7437711284333
271795,325.7203188349576
271796,2347.8045454146677
271797,2014.6641090784883
271798,947.6455558707518
271799,1488.1749098129815
271800,759.8440955181737
271801,586.916346542918
271802,520.9379775121787
271803,215.7837091906299
271804,400.6995332220776
271805,722.1258219885348
271806,1192.825056483418
271807,1020.566803769774
271808,469.8022155156962
271809,797.905620887199
271810,460.1222914858357
271811,1408.4147308689778
271812,1203.10410558565
271813,561.9012605403503
271814,912.0401100677669
271815,102.83624756537608
271816,609.127566431278
271817,532.4301191290336
271818,228.89181284009828
271819,414.3280617229746
271820,184.87710215143508
271821,1229.2498556873104
271822,1048.477589908069
271823,491.9660258298322
271824,819.7912768327377
271825,200.36398648670203
271826,1467.2168875049715
271827,1237.5560770941256
271828,584.2241797997509
271829,933.0815044005923
271830,52.83147471534588
271831,424.0087679345266
271832,373.6496692638197
271833,161.95603946707948
271834,297.67372700082876
271835,112.92875278698656
271836,902.8854519748309
271837,765.3699058619437
271838,332.23406546006913
271839,577.364600154855
271840,137.36696484165503
271841,1057.5407812784438
271842,880.787870226872
271843,402.79916890540045
271844,666.68799868336
271845,716.0617322059426
271846,21.504088664756324
271847,24.30316105653327
271848,-2.1460630693744176
271849,22.71757594329199
271850,29.21404896782707
271851,25.57676006183615
271852,26.589331047070253
271853,-17.307124208352857
271854,41.27248002002497
271855,3.6153037630261915
271856,42.26651200855876
271857,47.27964138831429
271858,3.7604131583866454
271859,44.93373589472253
271860,135.2408080050396
271861,1028.4692992267537
271862,904.5960375044319
271863,404.0972243106844
271864,666.7754317557363
271865,284.7648871232807
271866,2015.435194407204
271867,1761.2174674679352
271868,796.0644806181913
271869,1360.5696438564046
271870,342.38013480187476
271871,2419.705409223453
271872,2064.7591367899026
271873,928.4787564015392
271874,1592.0687904841402
271875,117.04719421237318
271876,803.4146119297096
271877,672.3099467916287
271878,314.8122579090538
271879,541.1884148988715
271880,230.5951707859503
271881,1606.7306349875291
271882,1374.0240193036177
271883,651.9169971940665
271884,1030.3874492484138
271885,259.7460012424072
271886,1896.4212292861425
271887,1633.62955669252
271888,738.9990990187465
271889,1212.3094457925035
271890,759.545588840264
271891,586.6178398650082
271892,520.639470834269
271893,211.67086107872402
271894,403.03202119550645
271895,721.8273153106251
271896,1192.5265498055082
271897,1020.2682970918645
271898,465.6893674037904
271899,796.4251903647655
271900,467.74480720631925
271901,1408.116224191068
271902,1202.8055989077402
271903,557.7884124284445
271904,910.5596795453334
271905,102.53774088746646
271906,608.8290597533683
271907,532.1316124511239
271908,224.7789647281924
271909,416.66054969640345
271910,184.57859547352538
271911,1228.9513490094007
271912,1048.1790832301592
271913,487.85317771792626
271914,818.3108463103042
271915,200.06547980879236
271916,1466.9183808270618
271917,1237.257570416216
271918,580.1113316878451
271919,931.6010738781588
271920,52.532968037436206
271921,423.7102612566169
271922,373.35116258591
271923,157.84319135517362
271924,300.0062149742576
271925,112.6302461090769
271926,902.5869452969212
271927,765.071399184034
271928,328.1212173481632
271929,575.8841696324215
271930,137.06845816374536
271931,1057.242274600534
271932,880.4893635489623
271933,398.68632079349453
271934,665.2075681609265
271935,715.1971979714085
271936,21.20558198684664
271937,24.004654378623577
271938,-6.258911181280314
271939,25.050063916720802
271940,36.01450632428383
271941,25.278253383926458
271942,26.29082436916056
271943,-21.419972320258754
271944,45.587327620336424
271945,10.415761119482955
271946,41.96800533064908
271947,46.9811347104046
271948,-0.352434953519225
271949,49.248583495033984
271950,134.5785348732416
271951,1027.8070260949555
271952,903.9337643726341
271953,399.9843761987785
271954,669.1079197291651
271955,284.26235555351025
271956,2002.6022015177723
271957,1748.3844745785025
271958,791.9516325062855
271959,1357.2529713507097
271960,341.87760323210426
271961,2406.8724163340207
271962,2051.926143900472
271963,924.3659082896334
271964,1588.7521179784453
271965,116.38492108057518
271966,802.7523387979118
271967,671.6476736598308
271968,310.6994097971479
271969,543.5209028723003
271970,230.09263921617986
271971,1593.8976420980964
271972,1361.191026414185
271973,647.8041490821607
271974,1027.0707767427193
271975,259.2434696726367
271976,1883.5882363967098
271977,1620.7965638030873
271978,734.8862509068407
271979,1208.9927732868086
271980,759.9375598736069
271981,585.2757409998824
271982,517.3425013708274
271983,218.45083796578683
271984,387.44491434632727
271985,727.4523003228708
271986,1191.1844509403825
271987,1016.9713276284233
271988,472.4693442908531
271989,781.6153908744004
271990,461.55526967050463
271991,1406.0263110164094
271992,1198.7608151347658
271993,563.8205750059742
271994,897.1311028705733
271995,102.27868485003268
271996,607.4869608882423
271997,528.8346429876824
271998,231.5589416152552
271999,401.07344284722427
272000,184.31953943609162
272001,1227.609250144275
272002,1044.8821137667178
272003,494.63315460498904
272004,803.5010468199391
272005,199.0586094618255
272006,1464.828467652403
272007,1233.2127866432415
272008,586.1434942653748
272009,918.1724972033986
272010,52.273912000002426
272011,422.36816239149096
272012,370.0541931224685
272013,164.62316824223637
272014,287.5639599805661
272015,112.3711900716431
272016,901.2448464317952
272017,761.7744297205925
272018,334.90119423522606
272019,564.219221997544
272020,136.0615878167785
272021,1055.1523614258754
272022,876.4445797759877
272023,404.7184833710243
272024,654.9238433416539
272025,714.9381419339746
272026,19.86348312172069
272027,20.707684915182114
272028,0.521065705782464
272029,17.783388250339634
272030,35.755450286850035
272031,23.936154518800503
272032,22.993854905719093
272033,-14.639995433195962
272034,38.320651953955235
272035,10.156705082049191
272036,40.625906465523116
272037,43.684165246963104
272038,6.427541933543547
272039,41.981907828652794
272040,134.31947883580781
272041,1016.0113680608911
272042,891.0538008413047
272043,407.8174258095187
272044,647.9572992686635
272045,284.00329951607637
272046,1990.806543483708
272047,1735.5045110471733
272048,799.7846821170257
272049,1336.102350890208
272050,341.61854719467044
272051,2395.0767582999565
272052,2039.0461803691448
272053,932.1989579003734
272054,1567.6014975179437
272055,116.12586504314139
272056,796.8298926419019
272057,660.2832266347303
272058,318.53245940788815
272059,531.7203439311573
272060,229.83358317874604
272061,1587.9751959420864
272062,1349.8265793890844
272063,655.6371986929009
272064,1015.2702178015758
272065,258.9844136352029
272066,1877.6657902406998
272067,1609.4321167779867
272068,742.7193005175808
272069,1197.1922143456661
272070,759.9375598736069
272071,585.2757409998824
272072,517.3425013708274
272073,218.45083796578683
272074,387.44491434632727
272075,728.700154811855
272076,1191.1844509403825
272077,1016.9713276284233
272078,472.4693442908531
272079,781.6153908744004
272080,461.1065296838272
272081,1405.5775710297319
272082,1198.3120751480883
272083,563.3718350192968
272084,896.6823628838958
272085,102.27868485003268
272086,607.4869608882423
272087,528.8346429876824
272088,231.5589416152552
272089,401.07344284722427
272090,184.31953943609162
272091,1227.609250144275
272092,1044.8821137667178
272093,494.63315460498904
272094,803.5010468199391
272095,198.60986947514803
272096,1464.3797276657256
272097,1232.764046656564
272098,585.6947542786974
272099,917.7237572167212
272100,52.273912000002426
272101,422.36816239149096
272102,370.0541931224685
272103,164.62316824223637
272104,287.5639599805661
272105,112.3711900716431
272106,901.2448464317952
272107,761.7744297205925
272108,334.90119423522606
272109,564.219221997544
272110,135.61284783010103
272111,1054.7036214391978
272112,875.9958397893103
272113,404.2697433843469
272114,654.4751033549765
272115,714.6233652131434
272116,19.86348312172069
272117,20.707684915182114
272118,0.521065705782464
272119,17.783388250339634
272120,42.623895388171206
272121,23.164213634517296
272122,22.221914021435886
272123,-15.411936317479164
272124,37.54871106967204
272125,16.11213045253721
272126,40.625906465523116
272127,43.684165246963104
272128,6.427541933543547
272129,41.981907828652794
272130,134.31947883580781
272131,1016.0113680608911
272132,891.0538008413047
272133,407.8174258095187
272134,647.9572992686635
272135,284.00329951607637
272136,1990.806543483708
272137,1735.5045110471733
272138,799.7846821170257
272139,1336.102350890208
272140,341.61854719467044
272141,2395.0767582999565
272142,2039.0461803691448
272143,932.1989579003734
272144,1567.6014975179437
272145,116.12586504314139
272146,796.8298926419019
272147,660.2832266347303
272148,318.53245940788815
272149,531.7203439311573
272150,229.83358317874604
272151,1587.9751959420864
272152,1349.8265793890844
272153,655.6371986929009
272154,1015.2702178015758
272155,258.9844136352029
272156,1877.6657902406998
272157,1609.4321167779867
272158,742.7193005175808
272159,1197.1922143456661
272160,747.0931493979119
272161,624.7543490576733
272162,548.4892685787681
272163,237.6775215398919
272164,401.3780800160622
272165,621.8189637345889
272166,1246.4707176319064
272167,1051.406588288374
272168,507.0137063670577
272169,827.8760607714738
272170,366.1348325077785
272171,1464.647713340758
272172,1233.8707506561097
272173,583.1735934570296
272174,973.4293145828484
272175,94.00282835563516
272176,645.9296508392142
272177,559.3148794788574
272178,250.16711340886135
272179,414.3880967364602
272180,183.54347790390457
272181,1282.478110509479
272182,1079.2693554904017
272183,529.1775166811937
272184,849.7617167170125
272185,207.75467094351302
272186,1533.4172408975066
272187,1278.6594804753936
272188,605.4965127164302
272189,994.4707089156738
272190,55.23847207969522
272191,449.27574030868436
272192,388.99931757986496
272193,176.41972358476227
272194,294.066997418722
272195,117.41867915466895
272196,938.1782606003466
272197,792.411954898958
272198,363.9767423756735
272199,605.0110779588605
272200,146.22269459573647
272201,1105.1789906760903
272202,917.5148592645846
272203,415.5333944958625
272204,718.9090035990348
272205,707.579556825088
272206,20.79960061661819
272207,20.86444693117861
272208,8.121370415275736
272209,2.834969378363158
272210,57.69773227322469
272211,21.20083247876485
272212,26.09018584742665
272213,2.026069130105066
272214,37.79041963496445
272215,11.103359185357386
272216,42.57460831724349
272217,40.10841001480911
272218,12.341779478612622
272219,29.12095081491372
272220,142.31497147452583
272221,1068.3153525888683
272222,929.6795788882456
272223,421.85531569794847
272224,678.3910852780562
272225,296.94761137028553
272226,2153.321268148701
272227,1863.9934375270093
272228,842.1102144013175
272229,1400.0462291048261
272230,354.9141588471264
272231,2543.748673386434
272232,2185.1670886221464
272233,971.4105054027098
272234,1660.1272040247675
272235,126.31463350566202
272236,848.4698272657697
272237,701.7555139707797
272238,334.8957749536443
272239,553.9915392358405
272240,241.93280937225546
272241,1695.9963008266243
272242,1420.310197420445
272243,695.1871741266397
272244,1071.7159580126445
272245,284.1839960405646
272246,1994.1677453102682
272247,1707.6062223002327
272248,790.2753714900588
272249,1287.5744279605951
272250,741.4513260107948
272251,650.8508989834455
272252,562.2297980056439
272253,246.11941558062964
272254,421.5785088358095
272255,605.2857103493263
272256,1333.7338100657669
272257,1130.6332117375791
272258,531.5308513497993
272259,876.1244422836023
272260,323.6160832119183
272261,1570.795881717604
272262,1336.7313943908732
272263,623.6234030177593
272264,1009.8606693991223
272265,96.58797896049433
272266,675.1590729604821
272267,576.8237963579571
272268,260.5199046272767
272269,436.4994227338848
272270,187.8090087930218
272271,1370.7550155337087
272272,1160.3534692141536
272273,553.6946616639349
272274,898.010098229141
272275,214.9588441889879
272276,1642.238310757171
272277,1380.9283829617777
272278,646.7412161945344
272279,1032.7003282073013
272280,61.77159753139852
272281,469.29804553632965
272282,408.4013071548428
272283,178.06730471277737
272284,307.4731133257466
272285,130.2405941759109
272286,981.6535664991114
272287,836.8077680733899
272288,368.57592190166963
272289,633.3414940142443
272290,157.65251291751022
272291,1143.4370409931923
272292,957.3340407845521
272293,434.6338923535106
272294,734.9944172702059
272295,701.1046645452126
272296,24.77162591535454
272297,23.58077001959326
272298,1.862209802233069
272299,7.42794075100359
272300,85.29623102732947
272301,20.13769305785563
272302,25.94755370218441
272303,-13.001672518791803
272304,40.01053900211548
272305,5.176423642336948
272306,38.86733634710469
272307,38.992836004439795
272308,-2.4939856884163527
272309,27.451285019175724
272310,145.72867004168234
272311,1095.8387720472153
272312,968.7004530751018
272313,432.6532999697467
272314,691.3251325770423
272315,294.85352377640055
272316,2255.621525479389
272317,1923.7988400396791
272318,886.7476910259785
272319,1461.4173865488483
272320,379.34266275461437
272321,2655.1122699620714
272322,2270.5638281130246
272323,1055.2102739532875
272324,1756.5788917499488
272325,134.76239877948063
272326,886.1994618473465
272327,750.172041622529
272328,346.481530028468
272329,576.9854301456008
272330,246.8139765925175
272331,1773.117393028209
272332,1522.7640627889489
272333,712.4152068838525
272334,1114.9497443969665
272335,295.067612241932
272336,2100.1780006905237
272337,1821.9057390481855
272338,826.1455536529193
272339,1345.368602105809
272340,716.3352044079242
272341,729.8924816678108
272342,629.4433609025947
272343,293.75513863353297
272344,482.3566191296765
272345,437.33201912770306
272346,1510.2166595293068
272347,1263.311783864365
272348,588.8355660047453
272349,939.6515920705322
272350,311.02347276878993
272351,1758.5889049213602
272352,1472.9382804174613
272353,706.8928359063405
272354,1107.6502132205153
272355,120.58632437073312
272356,753.3243771148921
272357,645.7426465524676
272358,308.35242130682974
272359,497.4743266544017
272360,198.42087188708476
272361,1543.3853551062723
272362,1290.849853699763
272363,611.4573090003382
272364,961.9951806975282
272365,225.70679788937164
272366,1818.4765631056832
272367,1514.9530813471893
272368,730.468581764573
272369,1130.9478047101513
272370,82.61782242904675
272371,534.8017064368735
272372,462.4301121579211
272373,196.11731406283425
272374,338.1967049608167
272375,142.74572585432165
272376,1066.4560770814467
272377,907.9344188447615
272378,403.5543627479434
272379,679.4914895083159
272380,167.1880942621408
272381,1268.7982497683797
272382,1074.6534215924135
272383,512.1035673211802
272384,824.6495286665221
272385,728.5191984174899
272386,26.91629771648403
272387,30.381520261161295
272388,5.802580471209583
272389,9.089134425901522
272390,10.398496291163687
272391,28.57303227553132
272392,36.71415385716166
272393,-7.225306185174602
272394,48.85821333893547
272395,5.4139832581334595
272396,49.39622722256332
272397,56.26448951898341
272398,6.0859380896744115
272399,40.11639858131866
272400,161.99321682655793
272401,1215.129189676636
272402,1069.3254170654006
272403,484.9694532299228
272404,764.3511258520779
272405,349.8017398684194
272406,2479.9358027031326
272407,2083.4139761540555
272408,979.8203863179247
272409,1571.3338615408134
272410,398.20902203672006
272411,2982.1477609857748
272412,2537.3318916283815
272413,1178.849977362795
272414,1883.7672751253183
272415,145.8906385086887
272416,982.2615161880999
272417,824.1453518049404
272418,373.7659061968605
272419,628.86238607763
272420,292.721336897056
272421,1937.6912505618093
272422,1683.649211061394
272423,794.9721925369475
272424,1217.193607847729
272425,315.6978776499471
272426,2305.1725389415337
272427,1972.0321026053532
272428,943.8811608275616
272429,1457.6181459385357
272430,758.3331000096858
272431,576.2811153998522
272432,512.6537505878463
272433,215.77640331657787
272434,382.1671056226946
272435,727.699518016315
272436,1182.1898253403517
272437,1012.2825768454411
272438,469.7949096416442
272439,776.3375821507681
272440,465.70239115195363
272441,1397.8795910888796
272442,1194.919970024285
272443,561.9940460292667
272444,887.6160676167068
272445,97.75242350979669
272446,598.4923352882121
272447,524.1458922047012
272448,228.88450696604625
272449,395.7956341235916
272450,179.79327809585558
272451,1218.6146245442442
272452,1040.193362983736
272453,491.95871995578017
272454,798.2232380963068
272455,194.664082683139
272456,1452.4342517265943
272457,1225.1244455344818
272458,583.3135947306889
272459,908.6574619495321
272460,47.74765065976641
272461,413.37353679146054
272462,365.3654423394871
272463,161.9487335930274
272464,282.2861512569334
272465,107.8449287314071
272466,892.250220831765
272467,757.0856789376113
272468,332.226759586017
272469,558.9414132739116
272470,131.667061038092
272471,1042.7581455000666
272472,868.3562386672287
272473,401.8885838363381
272474,645.4088080877874
272475,714.7119518281092
272476,14.147863638835613
272477,19.29794024934602
272478,1.1256371737187567
272479,19.61749272833679
272480,45.15410526309664
272481,17.448594151632214
272482,20.812169355599792
272483,-14.807364849542882
272484,39.382815547669225
272485,17.354949487735187
272486,32.53319451554313
272487,39.897328114032106
272488,7.899146374685549
272489,40.60128363509878
272490,117.83074295736101
272491,985.7597165891415
272492,864.2374590855544
272493,392.12744389842146
272494,624.1246965434818
272495,267.5145636376295
272496,1960.5548920119593
272497,1708.6881692914228
272498,784.0947002059287
272499,1312.2697481650257
272500,326.284043736456
272501,2362.448014361113
272502,2009.8527461462993
272503,917.3760089624822
272504,1540.55416612121
272505,113.19119876037323
272506,784.5775607576921
272507,655.8238998383447
272508,316.3965470924695
272509,523.8417366940049
272510,226.8989168959778
272511,1575.7228640578762
272512,1345.3672525926982
272513,653.5012863774826
272514,1007.3916105644233
272515,257.2039797726671
272516,1863.0363658893946
272517,1602.5956975145054
272518,741.4504211753682
272519,1186.0988784369615
272520,758.3331000096858
272521,576.2811153998522
272522,512.6537505878463
272523,215.77640331657787
272524,382.1671056226946
272525,727.699518016315
272526,1182.1898253403517
272527,1012.2825768454411
272528,469.7949096416442
272529,776.3375821507681
272530,473.62341355034687
272531,1397.8795910888796
272532,1194.919970024285
272533,561.9940460292667
272534,887.6160676167068
272535,97.75242350979669
272536,598.4923352882121
272537,524.1458922047012
272538,228.88450696604625
272539,395.7956341235916
272540,179.79327809585558
272541,1218.6146245442442
272542,1040.193362983736
272543,491.95871995578017
272544,798.2232380963068
272545,194.664082683139
272546,1452.4342517265943
272547,1225.1244455344818
272548,583.3135947306889
272549,908.6574619495321
272550,47.74765065976641
272551,413.37353679146054
272552,365.3654423394871
272553,161.9487335930274
272554,282.2861512569334
272555,107.8449287314071
272556,892.250220831765
272557,757.0856789376113
272558,332.226759586017
272559,558.9414132739116
272560,131.667061038092
272561,1042.7581455000666
272562,868.3562386672287
272563,401.8885838363381
272564,645.4088080877874
272565,714.7119518281092
272566,14.147863638835613
272567,19.29794024934602
272568,1.1256371737187567
272569,19.61749272833679
272570,45.15410526309664
272571,17.448594151632214
272572,20.812169355599792
272573,-14.807364849542882
272574,39.382815547669225
272575,17.354949487735187
272576,32.53319451554313
272577,39.897328114032106
272578,7.899146374685549
272579,40.60128363509878
272580,119.83998544040223
272581,983.2516273205595
272582,861.7293698169724
272583,389.6193546298394
272584,624.1246965434818
272585,269.52380612067077
272586,1958.0468027433772
272587,1706.1800800228407
272588,781.5866109373467
272589,1312.2697481650257
272590,328.29328621949725
272591,2359.939925092531
272592,2007.3446568777172
272593,914.8679196939001
272594,1540.55416612121
272595,113.19119876037323
272596,784.5775607576921
272597,655.8238998383447
272598,316.3965470924695
272599,523.8417366940049
272600,226.8989168959778
272601,1575.7228640578762
272602,1345.3672525926982
272603,653.5012863774826
272604,1007.3916105644233
272605,257.2039797726671
272606,1863.0363658893946
272607,1602.5956975145054
272608,741.4504211753682
272609,1186.0988784369615
272610,758.9363878717071
272611,578.5226963361301
272612,512.9404609258087
272613,215.71612021615024
272614,382.10682252226695
272615,727.6989828099552
272616,1184.4314062766298
272617,1012.5692871834035
272618,469.7346265412166
272619,776.2772990503404
272620,461.4020033411057
272621,1400.1211720251576
272622,1195.2066803622474
272623,561.933762928839
272624,887.5557845162791
272625,97.7518883034369
272626,600.73391622449
272627,524.4326025426636
272628,228.82422386561862
272629,395.73535102316396
272630,179.79274288949577
272631,1220.8562054805222
272632,1040.4800733216985
272633,491.89843685535254
272634,798.1629549958791
272635,194.6635474767792
272636,1454.6758326628724
272637,1225.4111558724442
272638,583.2533116302612
272639,908.5971788491045
272640,47.74711545340662
272641,415.6151177277385
272642,365.6521526774495
272643,161.8884504925998
272644,282.2258681565058
272645,107.84439352504731
272646,894.4918017680429
272647,757.3723892755737
272648,332.1664764855894
272649,558.8811301734839
272650,131.6665258317322
272651,1044.9997264363446
272652,868.6429490051911
272653,401.8283007359105
272654,645.3485249873597
272655,714.7114166217494
272656,16.389444575113558
272657,19.584650587308438
272658,1.0653540732911226
272659,19.557209627909156
272660,45.153570056736854
272661,19.690175087910163
272662,21.09887969356221
272663,-14.867647949970515
272664,39.322532447241585
272665,17.3544142813754
272666,34.77477545182107
272667,40.18403845199452
272668,7.838863274257915
272669,40.54100053467114
272670,119.83945023404245
272671,995.071270202761
272672,872.4647072019087
272673,396.70307592823747
272674,631.20841784188
272675,269.52327091431096
272676,1969.8664456255785
272677,1716.915417407777
272678,788.6703322357448
272679,1319.353469463424
272680,328.29275101313743
272681,2371.7595679747324
272682,2018.0799942626536
272683,921.9516409922983
272684,1547.6378874196084
272685,113.19066355401344
272686,790.3062719647452
272687,656.1106101763071
272688,317.3893367157193
272689,524.8345263172547
272690,226.89838168961802
272691,1581.4515752649293
272692,1345.6539629306606
272693,654.4940760007324
272694,1008.3844001876731
272695,257.20344456630727
272696,1868.7650770964476
272697,1602.8824078524678
272698,742.443210798618
272699,1187.0916680602115
272700,758.9363878717071
272701,578.5226963361301
272702,512.9404609258087
272703,215.71612021615024
272704,382.10682252226695
272705,725.9879169650997
272706,1184.4314062766298
272707,1012.5692871834035
272708,469.7346265412166
272709,776.2772990503404
272710,461.4020033411057
272711,1400.1211720251576
272712,1195.2066803622474
272713,561.933762928839
272714,887.5557845162791
272715,97.7518883034369
272716,600.73391622449
272717,524.4326025426636
272718,228.82422386561862
272719,395.73535102316396
272720,179.79274288949577
272721,1220.8562054805222
272722,1040.4800733216985
272723,491.89843685535254
272724,798.1629549958791
272725,194.6635474767792
272726,1454.6758326628724
272727,1225.4111558724442
272728,583.2533116302612
272729,908.5971788491045
272730,47.74711545340662
272731,415.6151177277385
272732,365.6521526774495
272733,161.8884504925998
272734,282.2258681565058
272735,107.84439352504731
272736,894.4918017680429
272737,757.3723892755737
272738,332.1664764855894
272739,558.8811301734839
272740,131.6665258317322
272741,1044.9997264363446
272742,868.6429490051911
272743,401.8283007359105
272744,645.3485249873597
272745,714.7114166217494
272746,16.389444575113558
272747,19.584650587308438
272748,1.0653540732911226
272749,19.557209627909156
272750,36.1589826167062
272751,19.690175087910163
272752,21.09887969356221
272753,-14.867647949970515
272754,39.322532447241585
272755,17.3544142813754
272756,34.77477545182107
272757,40.18403845199452
272758,7.838863274257915
272759,40.54100053467114
272760,119.83945023404245
272761,995.071270202761
272762,872.4647072019087
272763,396.70307592823747
272764,634.774340809785
272765,269.52327091431096
272766,1969.8664456255785
272767,1716.915417407777
272768,788.6703322357448
272769,1322.9193924313292
272770,328.29275101313743
272771,2371.7595679747324
272772,2018.0799942626536
272773,921.9516409922983
272774,1551.2038103875136
272775,113.19066355401344
272776,790.3062719647452
272777,656.1106101763071
272778,317.3893367157193
272779,524.8345263172547
272780,226.89838168961802
272781,1581.4515752649293
272782,1345.6539629306606
272783,654.4940760007324
272784,1008.3844001876731
272785,257.20344456630727
272786,1868.7650770964476
272787,1602.8824078524678
272788,742.443210798618
272789,1187.0916680602115
272790,746.0919773960121
272791,618.001304393921
272792,544.0872281337494
272793,234.9428037902553
272794,396.0399881920019
272795,649.5536451624895
272796,1239.7176729681537
272797,1047.0045478433547
272798,504.2789886174212
272799,822.5379689474138
272800,367.00406403706256
272801,1459.7650722081892
272802,1231.3391137422743
272803,582.3092792385772
272804,964.8764940872371
272805,89.47603180903937
272806,639.176606175462
272807,554.9128390338386
272808,247.43239565922477
272809,409.0500049123999
272810,179.01668135730873
272811,1275.7250658457262
272812,1074.8673150453824
272813,526.4427989315573
272814,844.4236248929525
272815,204.38210681714963
272816,1524.287103766659
272817,1271.8803475632792
272818,603.6288279399995
272819,985.9178884200625
272820,50.71167553309942
272821,442.5226956449319
272822,384.59727713484597
272823,173.68500583512568
272824,288.7289055946617
272825,112.89188260807317
272826,931.4252159365943
272827,788.0099144539392
272828,361.2420246260368
272829,599.6729861348005
272830,142.85013046937308
272831,1096.0488535452425
272832,910.7357263524709
272833,413.6657097194316
272834,710.3561831034235
272835,707.6676082336941
272836,17.325562070011056
272837,19.741412603304934
272838,8.665658782784389
272839,4.608790755932707
272840,60.46896410838795
272841,17.726793932157715
272842,24.967151519552967
272843,2.5703574976137094
272844,39.564241012534
272845,12.345643014195572
272846,36.72347730354144
272847,36.6082832198405
272848,13.753100819326997
272849,27.680043520932035
272850,127.83494287276044
272851,1047.3752547307388
272852,911.0904852488496
272853,410.74096581666714
272854,665.2081268191777
272855,282.4675827685201
272856,2132.381170290572
272857,1845.404343887613
272858,830.9958645200367
272859,1386.8632706459468
272860,341.58836266559337
272861,2520.4314830612097
272862,2164.200902515656
272863,961.1631884946347
272864,1643.7295168943374
272865,123.379432016534
272866,841.946206588613
272867,697.5828975123565
272868,333.7526522614755
272869,547.1057216219378
272870,238.9976078831274
272871,1689.4726801494671
272872,1416.1375809620213
272873,694.0440514344712
272874,1064.8301403987416
272875,282.40302697166896
272876,1985.267032166016
272877,1701.0565133747139
272878,789.999281771096
272879,1277.4738816751405
272880,742.4528312983634
272881,646.0712197224128
272882,559.8011229633447
272883,246.19211064489434
272884,421.97623527125853
272885,643.0724330219625
272886,1328.9541308047342
272887,1128.2045366952798
272888,531.6035464140641
272889,873.2740675828923
272890,324.617588499487
272891,1566.0162024565714
272892,1334.3027193485739
272893,623.6960980820242
272894,1007.0102946984123
272895,94.0638597033671
272896,670.3793936994495
272897,574.3951213156579
272898,260.59259969154147
272899,436.89714916933383
272900,185.28488953589462
272901,1365.975336272676
272902,1157.9247941718543
272903,553.7673567281997
272904,895.159723528431
272905,212.43472493186073
272906,1637.4586314961382
272907,1378.4997079194784
272908,646.8139112587993
272909,1029.8499535065912
272910,59.24747827427133
272911,464.518366275297
272912,405.97263211254364
272913,178.13999977704208
272914,307.87083976119567
272915,127.71647491878369
272916,976.8738872380787
272917,834.3790930310906
272918,368.64861696593437
272919,630.4911193135342
272920,155.12839366038304
272921,1138.6573617321596
272922,954.9053657422529
272923,434.7065874177753
272924,732.1440425694958
272925,700.3678286357336
272926,21.779230001970085
272927,22.939378324942265
272928,3.722188214145965
272929,8.14302077923423
272930,87.41761495991616
272931,17.145297144471183
272932,25.306162007533416
272933,-11.14169410687891
272934,43.054490614199736
272935,4.439587732857935
272936,35.87494043372025
272937,38.351444309788825
272938,-0.6340072765034641
272939,30.495236631259964
272940,136.97934406607132
272941,1086.4074859912241
272942,961.6201712378438
272943,428.0743882390525
272944,701.6970672483263
272945,286.1041978007894
272946,2246.1902394233975
272947,1922.7795299669378
272948,882.1687792952845
272949,1465.916304042177
272950,370.59333677900327
272951,2645.6809839060797
272952,2263.4835462757665
272953,1050.6313622225937
272954,1761.077809243277
272955,132.50032957685423
272956,881.6818326408146
272957,748.0054166347306
272958,346.8162751472335
272959,577.7005101738315
272960,244.55190738989097
272961,1768.5997638216772
272962,1520.5974378011504
272963,712.7499520026181
272964,1109.7918072472416
272965,292.8055430393056
272966,2095.660371483992
272967,1819.739114060387
272968,826.4802987716848
272969,1340.2106649560837
272970,714.5601458138004
272971,727.2914201090883
272972,629.1933035626057
272973,296.00645140010784
272974,481.2572141812238
272975,472.342177918647
272976,1507.6155979705843
272977,1263.061726524376
272978,591.0868787713202
272979,935.3040859859204
272980,309.24841417466615
272981,1755.9878433626377
272982,1472.6882230774722
272983,709.1441486729154
272984,1103.3027071359036
272985,120.24082281591609
272986,750.7233155561696
272987,645.4925892124786
272988,310.6037340734046
272989,496.37492170594896
272990,198.07537033226777
272991,1540.7842935475499
272992,1290.5997963597738
272993,613.7086217669132
272994,957.6476746129165
272995,225.36129633455465
272996,1815.8755015469608
272997,1514.7030240072002
272998,732.7198945311479
272999,1126.6002986255396
273000,82.27232087422973
273001,532.200644878151
273002,462.18005481793205
273003,198.36862682940915
273004,337.097300012364
273005,142.40022429950466
273006,1063.8550155227242
273007,907.6843615047725
273008,405.80567551451827
273009,675.1439834237042
273010,166.8425927073238
273011,1266.1971882096573
273012,1074.4033642524244
273013,514.3548800877552
273014,820.3020225819104
273015,728.8367949761137
273016,24.63258975054321
273017,30.448816513953922
273018,8.37124683056611
273019,8.307083070230428
273020,19.74007378452159
273021,26.289324309590494
273022,36.78145010995429
273023,-4.656639825818092
273024,50.40503356711798
273025,9.094840395289102
273026,47.1125192566225
273027,56.33178577177603
273028,8.654604449030934
273029,41.663218809501174
273030,161.96506886452255
273031,1218.9364133858437
273032,1075.4836449933416
273033,493.62905126442746
273034,773.2259291394603
273035,349.7735919063839
273036,2483.74302641234
273037,2089.5722040819965
273038,988.4799843524298
273039,1574.3356476502404
273040,398.1808740746846
273041,2985.954984694982
273042,2543.4901195563225
273043,1187.5095753973
273044,1886.7690612347453
273045,145.86249054665333
273046,979.9778082221591
273047,824.2126480577331
273048,376.334572556217
273049,628.080334721959
273050,292.69318893502054
273051,1935.4075425958686
273052,1683.7165073141866
273053,797.5408588963041
273054,1210.538539314102
273055,315.6697296879116
273056,2302.888830975593
273057,1972.0993988581458
273058,946.4498271869182
273059,1450.9630774049087
273060,760.7305312431575
273061,578.6785466333239
273062,515.051181821318
273063,217.37560465512934
273064,381.28075651727096
273065,735.3437651019108
273066,1184.5872565738234
273067,1014.6800080789128
273068,471.3941109801956
273069,777.3452198655175
273070,468.09982238542534
273071,1400.2770223223513
273072,1197.3174012577567
273073,563.5932473678182
273074,888.6237053314562
273075,100.14985474326835
273076,600.8897665216838
273077,526.5433234381729
273078,230.4837083045977
273079,394.90928501816796
273080,182.19070932932723
273081,1221.012055777716
273082,1042.5907942172078
273083,493.55792129433155
273084,799.2308758110562
273085,197.06151391661066
273086,1454.831682960066
273087,1227.5218767679535
273088,584.9127960692405
273089,909.6650996642816
273090,50.145081893238064
273091,415.77096802493213
273092,367.7628735729587
273093,163.54793493157888
273094,281.3998021515098
273095,110.24235996487876
273096,894.6476520652367
273097,759.483110171083
273098,333.8259609245684
273099,559.949050988661
273100,134.06449227156367
273101,1045.1555767335383
273102,870.7536699007004
273103,403.4877851748895
273104,646.4164458025368
273105,714.9676972379369
273106,14.856551586279238
273107,20.00662819678965
273108,1.834325121162382
273109,18.120361344435057
273110,87.58373718826083
273111,18.15728209907584
273112,21.52085730304342
273113,-14.098676902099244
273114,37.88568416376748
273115,29.207732335972963
273116,33.24188246298675
273117,40.60601606147573
273118,8.60783432212917
273119,39.10415225119704
273120,128.56116345397785
273121,1002.5810687609069
273122,881.0588112573197
273123,408.94879607018663
273124,632.2844198026336
273125,278.2449841342464
273126,1977.3762441837243
273127,1731.5704932277044
273128,800.916052377694
273129,1320.4294714241776
273130,337.0144642330729
273131,2379.2693665328784
273132,2026.6740983180644
273133,934.1973611342474
273134,1548.713889380362
273135,115.42512000096424
273136,786.8114819982832
273137,658.0578210789357
273138,318.6304683330605
273139,522.3446053101032
273140,229.13283813656884
273141,1577.9567852984674
273142,1347.6011738332893
273143,655.7352076180737
273144,1005.8944791805217
273145,259.43790101325806
273146,1865.2702871299857
273147,1604.8296187550966
273148,743.6843424159592
273149,1184.6017470530599
273150,760.7305312431575
273151,578.6785466333239
273152,515.051181821318
273153,217.37560465512934
273154,381.28075651727096
273155,735.3437651019108
273156,1184.5872565738234
273157,1014.6800080789128
273158,471.3941109801956
273159,777.3452198655175
273160,476.0208447838186
273161,1400.2770223223513
273162,1197.3174012577567
273163,563.5932473678182
273164,888.6237053314562
273165,100.14985474326835
273166,600.8897665216838
273167,526.5433234381729
273168,230.4837083045977
273169,394.90928501816796
273170,182.19070932932723
273171,1221.012055777716
273172,1042.5907942172078
273173,493.55792129433155
273174,799.2308758110562
273175,197.06151391661066
273176,1454.831682960066
273177,1227.5218767679535
273178,584.9127960692405
273179,909.6650996642816
273180,50.145081893238064
273181,415.77096802493213
273182,367.7628735729587
273183,163.54793493157888
273184,281.3998021515098
273185,110.24235996487876
273186,894.6476520652367
273187,759.483110171083
273188,333.8259609245684
273189,559.949050988661
273190,134.06449227156367
273191,1045.1555767335383
273192,870.7536699007004
273193,403.4877851748895
273194,646.4164458025368
273195,714.9676972379369
273196,14.856551586279238
273197,20.00662819678965
273198,1.834325121162382
273199,18.120361344435057
273200,87.58373718826083
273201,18.15728209907584
273202,21.52085730304342
273203,-14.098676902099244
273204,37.88568416376748
273205,29.207732335972963
273206,33.24188246298675
273207,40.60601606147573
273208,8.60783432212917
273209,39.10415225119704
273210,128.56116345397785
273211,1002.5810687609069
273212,881.0588112573197
273213,408.94879607018663
273214,632.2844198026336
273215,278.2449841342464
273216,1977.3762441837243
273217,1731.5704932277044
273218,800.916052377694
273219,1320.4294714241776
273220,337.0144642330729
273221,2379.2693665328784
273222,2026.6740983180644
273223,934.1973611342474
273224,1548.713889380362
273225,115.42512000096424
273226,786.8114819982832
273227,658.0578210789357
273228,318.6304683330605
273229,522.3446053101032
273230,229.13283813656884
273231,1577.9567852984674
273232,1347.6011738332893
273233,655.7352076180737
273234,1005.8944791805217
273235,259.43790101325806
273236,1865.2702871299857
273237,1604.8296187550966
273238,743.6843424159592
273239,1184.6017470530599
273240,761.3338191051788
273241,580.9201275696018
273242,515.3378921592804
273243,217.3153215547017
273244,381.27784313199265
273245,735.343229895551
273246,1186.8288375101015
273247,1014.9667184168752
273248,471.33382787976797
273249,777.3423064802391
273250,463.7994345745774
273251,1402.5186032586294
273252,1197.6041115957191
273253,563.5329642673905
273254,888.6207919461779
273255,100.14931953690856
273256,603.1313474579617
273257,526.8300337761353
273258,230.4234252041701
273259,394.90637163288966
273260,182.19017412296748
273261,1223.253636713994
273262,1042.8775045551702
273263,493.4976381939039
273264,799.2279624257778
273265,197.06097871025088
273266,1457.073263896344
273267,1227.8085871059159
273268,584.8525129688128
273269,909.6621862790032
273270,50.14454668687828
273271,418.0125489612101
273272,368.0495839109211
273273,163.48765183115125
273274,281.3968887662315
273275,110.24182475851897
273276,896.8892330015146
273277,759.7698205090454
273278,333.76567782414077
273279,559.9461376033827
273280,134.06395706520388
273281,1047.3971576698164
273282,871.0403802386628
273283,403.42750207446187
273284,646.4135324172585
273285,714.9671620315771
273286,17.098132522557183
273287,20.293338534752063
273288,1.774042020734748
273289,19.999262519180167
273290,87.58320198190104
273291,20.398863035353788
273292,21.807567641005836
273293,-14.158960002526877
273294,39.76458533851259
273295,29.207197129613178
273296,35.48346339926469
273297,40.89272639943814
273298,8.547551221701537
273299,40.983053425942146
273300,128.56062824761807
273301,997.3250631864753
273302,874.7185001856232
273303,398.956868911952
273304,623.1164326657652
273305,278.2444489278866
273306,1972.1202386092928
273307,1725.230182156008
273308,790.9241252194593
273309,1311.2614842873093
273310,337.0139290267131
273311,2374.0133609584473
273312,2020.3337872463678
273313,924.2054339760127
273314,1539.5459022434936
273315,115.42458479460446
273316,792.5401932053362
273317,658.3445314168981
273318,319.6232579563103
273319,523.8688211187001
273320,229.13230293020905
273321,1583.6854965055204
273322,1347.8878841712517
273323,656.7279972413235
273324,1007.4186949891185
273325,259.43736580689824
273326,1870.9989983370388
273327,1605.116329093059
273328,744.677132039209
273329,1186.125962861657
273330,763.6474528834257
273331,583.2337613478486
273332,517.6515259375273
273333,219.62895533294835
273334,385.99300931312155
273335,748.1913888376444
273336,1189.1424712883481
273337,1017.2803521951221
273338,473.6474616580147
273339,782.0574726613681
273340,476.6475935166705
273341,1404.832237036876
273342,1199.9177453739658
273343,565.8465980456374
273344,893.3359581273069
273345,102.46295331515519
273346,605.4449812362086
273347,529.1436675543822
273348,232.73705898241673
273349,399.62153781401855
273350,184.50380790121412
273351,1225.5672704922406
273352,1045.1911383334168
273353,495.8112719721507
273354,803.9431286069068
273355,199.37461248849752
273356,1459.3868976745907
273357,1230.1222208841625
273358,587.1661467470597
273359,914.3773524601322
273360,52.458180465124954
273361,420.32618273945684
273362,370.36321768916787
273363,165.8012856093979
273364,286.1120549473604
273365,112.5554585367656
273366,899.2028667797615
273367,762.0834542872923
273368,336.0793116023875
273369,564.6613037845117
273370,136.37759084345052
273371,1049.710791448063
273372,873.3540140169097
273373,405.7411358527086
273374,651.1286985983875
273375,719.6691356395394
273376,19.082775168905368
273377,22.277981181100248
273378,3.758684667082931
273379,24.38543756841049
273380,101.69379573799087
273381,22.383505681701973
273382,23.79221028735402
273383,-12.174317356178703
273384,44.150760387742906
273385,33.90917073757518
273386,37.46810604561288
273387,42.87736904578633
273388,10.532193868049726
273389,45.36922847517247
273390,128.9684991767219
273391,997.732934115579
273392,875.1263711147272
273393,399.36473984105595
273394,625.9258359977514
273395,278.6523198569906
273396,1972.5281095383966
273397,1725.6380530851118
273398,791.3319961485633
273399,1314.0708876192948
273400,337.42179995581705
273401,2374.421231887551
273402,2020.7416581754717
273403,924.6133049051168
273404,1542.3553055754792
273405,115.83245572370829
273406,792.9480641344403
273407,658.7524023460022
273408,320.03112888541426
273409,526.6782244506863
273410,229.5401738593129
273411,1584.0933674346243
273412,1348.2957551003556
273413,657.1358681704276
273414,1010.2280983211048
273415,259.8452367360022
273416,1871.4068692661426
273417,1605.5242000221629
273418,745.0850029683131
273419,1188.935366193643
273420,750.8030424077307
273421,622.7123694056395
273422,548.7982931454679
273423,238.85563890705342
273424,399.86880526770716
273425,684.972488567874
273426,1244.428737979872
273427,1051.715612855073
273428,508.1918237342198
273429,828.2607728432922
273430,383.69617051704313
273431,1464.4761372199075
273432,1236.0501787539927
273433,586.2221143553757
273434,970.5992979831155
273435,94.18709682075766
273436,643.8876711871806
273437,559.6239040455572
273438,251.34523077602287
273439,412.8788219881052
273440,183.72774636902707
273441,1280.4361308574446
273442,1079.5783800571007
273443,530.3556340483557
273444,850.1464287888309
273445,209.09317182886795
273446,1528.9981687783772
273447,1276.5914125749975
273448,607.5416630567979
273449,991.6406923159409
273450,55.42274054481775
273451,447.23376065665025
273452,389.3083421465643
273453,177.59784095192379
273454,292.55772267036696
273455,117.60294761979146
273456,936.1362809483129
273457,792.7209794656578
273458,365.15485974283496
273459,605.3957900306789
273460,147.5611954810914
273461,1100.7599185569609
273462,915.4467913641895
273463,417.57854483622975
273464,716.078986999302
273465,712.625327251484
273466,20.018892663802866
273467,22.434743197096743
273468,11.358989376576194
273469,7.497834421261288
273470,98.3413710349097
273471,20.420124525949525
273472,27.660482113344777
273473,5.263688091405517
273474,42.453284677862584
273475,26.874793619345553
273476,39.41680789733325
273477,39.30161381363231
273478,16.44643141311881
273479,30.569087186260628
273480,136.96399181543993
273481,1061.6975275254465
273482,913.7521491616682
273483,413.4026297294856
273484,655.5356819857777
273485,291.59663171119973
273486,2146.70344308528
273487,1854.1269795649478
273488,833.6575284328552
273489,1377.1908258125466
273490,350.717411608273
273491,2534.753755855918
273492,2166.8625664284746
273493,963.8248524074532
273494,1634.0570720609367
273495,126.0212241862288
273496,844.5879987583081
273497,700.2246896820516
273498,336.3944444311704
273499,548.4179935700224
273500,241.63940005282228
273501,1692.1144723191621
273502,1418.7793731317163
273503,696.6858436041663
273504,1066.1424123468255
273505,285.0448191413639
273506,1987.908824335711
273507,1703.6983055444089
273508,792.6410739407911
273509,1278.786153623225
273510,747.163896310082
273511,650.7822847341313
273512,564.5121879750633
273513,250.10494576169262
273514,425.8050523469638
273515,663.0534164504546
273516,1333.6651958164525
273517,1132.9156017069981
273518,535.5163815308625
273519,878.9968714787707
273520,332.8297166995549
273521,1570.7272674682897
273522,1339.0137843602922
273523,627.6089331988226
273524,1012.7330985942907
273525,98.77492471508542
273526,675.090458711168
273527,579.1061863273765
273528,264.5054348083396
273529,440.7259662450391
273530,189.99595454761294
273531,1370.6864012843944
273532,1162.6358591835726
273533,557.6801918449981
273534,900.8825274243094
273535,217.14578994357905
273536,1642.1696965078565
273537,1383.2107729311967
273538,650.7267463755977
273539,1035.5727574024688
273540,63.95854328598964
273541,469.22943128701536
273542,410.683697124262
273543,182.05283489384018
273544,311.69965683690094
273545,132.42753993050204
273546,981.5849522497973
273547,839.0901580428092
273548,372.5614520827325
273549,636.2139232094127
273550,159.83945867210136
273551,1143.368426743878
273552,959.6164307539715
273553,438.61942253457346
273554,737.8668464653742
273555,706.1242347117986
273556,24.472560595761895
273557,25.632708918734075
273558,6.415518807937774
273559,11.032064444562822
273560,110.6399341709795
273561,19.838627738262993
273562,27.999492601325226
273563,-8.448363513087104
273564,45.94353427952832
273565,13.559254387454603
273566,38.568271027512054
273567,41.04477490358063
273568,2.0593233172883454
273569,33.38428029658856
273570,146.1083930087508
273571,1100.7297587859318
273572,969.1029378663765
273573,430.736052151871
273574,692.0246224149264
273575,295.233246743469
273576,2260.5125122181057
273577,1945.136886847534
273578,884.830443208103
273579,1456.2438592087763
273580,379.7223857216829
273581,2660.003256700788
273582,2285.8409031563633
273583,1053.2930261354118
273584,1751.4053644098767
273585,135.1421217465491
273586,884.3236248105097
273587,750.6472088044258
273588,349.45806731692846
273589,579.0127821219161
273590,247.193699559586
273591,1771.2415559913723
273592,1523.2392299708454
273593,715.3917441723132
273594,1111.1040791953255
273595,295.4473352090005
273596,2098.302163653687
273597,1822.380906230082
273598,829.12209094138
273599,1341.522936904168
273600,720.1718998215978
273601,732.9031741168856
273602,634.805057570403
273603,300.81997551298514
273604,489.66246933922014
273605,494.63842474872246
273606,1514.6419263838857
273607,1270.0880549376773
273608,597.3149772897018
273609,947.0179023695939
273610,319.5014011926557
273611,1762.7397671922772
273612,1479.4401469071117
273613,715.097842607635
273614,1114.7421189359147
273615,126.11891621751694
273616,756.6014089577706
273617,651.3706826140796
273618,315.68359758008546
273619,505.04651625774886
273620,205.36803813937297
273621,1548.0769613546547
273622,1297.8924641668787
273623,620.2030596790984
273624,969.6278303903936
273625,232.3795595579979
273626,1822.8937647704038
273627,1521.7212872306432
273628,738.9399278596711
273629,1138.3060498193543
273630,88.15041427583049
273631,538.078738279752
273632,468.0581482195331
273633,203.44849033608978
273634,345.7688945641639
273635,149.69289210660983
273636,1071.147683329829
273637,914.9770293118778
273638,412.30011342670355
273639,687.1241392011813
273640,173.86085593076706
273641,1273.2154514331003
273642,1081.4216274758674
273643,520.5749134162784
273644,832.0077737757255
273645,729.7348327807797
273646,30.769838102554942
273647,36.58606486596566
273648,13.210079346390883
273649,15.547447988937343
273650,37.64420009044508
273651,33.03418745363578
273652,43.52631325399955
273653,2.088223318227173
273654,59.551429114045376
273655,18.28262991728624
273656,53.5829778170058
273657,62.80224433215934
273658,15.125063009414255
273659,50.535209772766606
273660,166.93420689832055
273661,1227.5050569794305
273662,1077.2127824207528
273663,487.71089722062595
273664,769.7093074985406
273665,354.7773817032088
273666,2489.42270830957
273667,2097.222045373004
273668,982.4990573677699
273669,1570.7562530684615
273670,402.2383800111215
273671,2990.6883827318243
273672,2550.193676986942
273673,1180.5823645522516
273674,1882.2433827925788
273675,150.83162858045134
273676,983.7806190768315
273677,828.0154589124055
273678,380.1373834108895
273679,634.2846779795136
273680,297.6969787318454
273681,1940.4113323926927
273682,1685.422952760102
273683,802.5446486931289
273684,1217.9438615138083
273685,319.7272356243485
273686,2306.94633691203
273687,1972.8595604436732
273688,950.507333123355
273689,1457.4221157442269
273690,763.874412979534
273691,581.8224283697002
273692,518.1950635576944
273693,220.51948639150552
273694,386.8835403716788
273695,750.4367464076381
273696,1189.145712715704
273697,1019.2384642207934
273698,475.9525671220765
273699,784.3625781254298
273700,482.9183991074905
273701,1404.56107388057
273702,1201.6014528159753
273703,567.8772989260369
273704,895.3666590077065
273705,103.2937364796445
273706,611.2107446992869
273707,536.8643016157761
273708,233.62759004097393
273709,400.5120688725758
273710,186.74916547120782
273711,1232.747608360823
273712,1054.326346800315
273713,498.11637743621253
273714,806.2482340709685
273715,201.34556547482927
273716,1466.2928309595113
273717,1238.9830247673988
273718,589.1968476274592
273719,916.4080533405319
273720,53.28896362961431
273721,418.9148497613085
273722,370.9067553093351
273723,166.6918166679551
273724,287.00258600591764
273725,114.80081610675931
273726,899.2061082071175
273727,764.0415663129638
273728,338.3844170664492
273729,566.9664092485733
273730,138.3485438297823
273731,1049.439628291757
273732,875.0377214589192
273733,407.77183673310833
273734,653.1593994787871
273735,722.4068210485246
273736,19.22065260009795
273737,24.370729210608364
273738,4.900010298794146
273739,25.526763200121707
273740,133.20532160734717
273741,23.12899790492811
273742,26.49257310889568
273743,-9.126961096247014
273744,47.198116647674624
273745,56.240359648615005
273746,37.939193685177045
273747,45.303327283666036
273748,13.305145544319485
273749,48.142180151442204
273750,144.93422353100166
273751,1022.5536343977201
273752,898.5495660997829
273753,414.4345640696108
273754,640.9956602263061
273755,307.70448534482273
273756,2007.5116374947052
273757,1774.0986659963994
273758,819.3908368067857
273759,1342.1297282775167
273760,365.5276815832613
273761,2408.4584759834725
273762,2068.2559872263682
273763,951.7258617029512
273764,1569.4678623733134
273765,119.69836244305266
273766,789.9183972612461
273767,661.1647363418987
273768,321.7373835960234
273769,528.3844791612954
273770,236.0017781122898
273771,1584.825725274188
273772,1354.47011380901
273773,662.6041475937949
273774,1015.6963777444721
273775,265.3605571285913
273776,1871.1929432453185
273777,1610.7522748704293
273778,749.6069985312924
273779,1193.4573617566216
273780,752.1974755337832
273781,570.7965105249658
273782,511.55483011840363
273783,207.02109970517094
273784,392.1534912503322
273785,743.8536254992541
273786,1180.2027610159773
273787,1010.9122584924619
273788,477.5409858473268
273789,779.3936105752955
273790,665.9808281712717
273791,1395.7924354015372
273792,1193.449560308337
273793,569.6400308719807
273794,891.254321241101
273795,90.40187156551265
273796,606.759934119173
273797,527.3396583992454
273798,224.42189001862621
273799,406.3528972869249
273800,174.6116615124362
273801,1226.6108254916674
273802,1043.1157312947428
273803,503.9974828254491
273804,801.8501440565298
273805,190.09854584770318
273806,1464.5778573093285
273807,1232.1942184807995
273808,596.2556367953681
273809,912.8665931096219
273810,47.960890701747836
273811,422.89152329466157
273812,371.40676679227323
273813,161.08955321123258
273814,296.4816057391613
273815,107.78677088985035
273816,901.4968094514279
273817,762.8556055068593
273818,342.9306876655059
273819,571.5015014758561
273820,132.2249829445189
273821,1056.1521387550404
273822,878.2735698717876
273823,413.4957911108372
273824,660.8249000043611
273825,719.9147091412947
273826,17.937936120033324
273827,19.61135068012886
273828,-12.968195280571525
273829,19.07654677676657
273830,157.07750640366194
273831,22.295146485504908
273832,22.18205963905761
273833,-30.126887023783194
273834,40.33268994512142
273835,10.55597863847379
273836,38.428961580297646
273837,42.316433128371756
273838,-9.61528650897358
273839,43.43800896788909
273840,106.61314724295892
273841,1016.670336114952
273842,878.5153686045898
273843,383.0882873111545
273844,629.4179208928045
273845,253.05552195548586
273846,1993.360403511954
273847,1727.6871341789395
273848,795.7941842162096
273849,1311.4222433024518
273850,316.1577556783569
273851,2403.117604372479
273852,2033.8896261508912
273853,929.1983257100298
273854,1543.9112556406596
273855,92.38401586934972
273856,790.6336147357271
273857,654.9161614951896
273858,302.4902045129271
273859,523.3431983548552
273860,205.67645143150878
273861,1586.499973404393
273862,1349.1805696180252
273863,655.9666660283673
273864,1000.752343013376
273865,237.4881045379466
273866,1878.8513903529872
273867,1611.4469296569084
273868,744.0386335635196
273869,1183.664205267939
273870,752.8007633958044
273871,571.9124336295623
273872,511.8415404563659
273873,206.96081660474331
273874,392.09320814990457
273875,743.8530902928943
273876,1181.318684120574
273877,1011.1989688304243
273878,477.48070274689917
273879,779.3333274748678
273880,653.7594179620305
273881,1396.908358506134
273882,1193.7362706462993
273883,569.579747771553
273884,891.1940381406733
273885,90.40133635915286
273886,607.8758572237695
273887,527.6263687372078
273888,224.3616069181986
273889,406.29261418649725
273890,174.61112630607644
273891,1227.726748596264
273892,1043.4024416327052
273893,503.93719972502146
273894,801.7898609561021
273895,190.0980106413434
273896,1465.6937804139252
273897,1232.4809288187619
273898,596.1953536949404
273899,912.8063100091942
273900,47.96035549538805
273901,424.0074463992581
273902,371.69347713023564
273903,161.02927011080496
273904,296.42132263873367
273905,107.78623568349056
273906,902.6127325560244
273907,763.1423158448217
273908,342.8704045650783
273909,571.4412183754284
273910,132.2244477381591
273911,1057.268061859637
273912,878.56028020975
273913,413.4355080104096
273914,660.7646169039334
273915,719.9141739349349
273916,19.053859224629868
273917,19.898061018091276
273918,-13.028478380999157
273919,19.016263676338937
273920,146.95137264124935
273921,23.41106959010145
273922,22.468769977020028
273923,-30.187170124210827
273924,40.27240684469378
273925,0.4298448760611978
273926,39.544884684894186
273927,42.60314346633417
273928,-9.675569609401213
273929,43.37772586746145
273930,106.61261203659913
273931,1017.7862592195485
273932,883.1597743143777
273933,384.0810769344043
273934,630.4107105160543
273935,253.05498674912607
273936,1994.4763266165508
273937,1732.3315398887275
273938,796.7869738394594
273939,1312.4150329257018
273940,316.1572204719971
273941,2404.2335274770758
273942,2038.534031860679
273943,930.1911153332796
273944,1544.9040452639097
273945,92.38348066298994
273946,791.7495378403236
273947,655.202871833152
273948,303.4829941361769
273949,524.335987978105
273950,205.675916225149
273951,1587.6158965089896
273952,1349.4672799559876
273953,656.9594556516171
273954,1001.7451326366258
273955,237.48756933158683
273956,1879.967313457584
273957,1611.7336399948708
273958,745.0314231867694
273959,1184.656994891189
273960,756.7337596069261
273961,575.845429840684
273962,515.7745366674877
273963,210.89381281586478
273964,396.026204361026
273965,747.786086504016
273966,1185.2516803316953
273967,1015.1319650415447
273968,481.4136989580206
273969,783.2663236859895
273970,657.6924141731522
273971,1400.8413547172552
273972,1197.6692668574206
273973,573.5127439826747
273974,895.127034351795
273975,94.66981946273566
273976,613.3692762034422
273977,533.1197877168805
273978,229.85502589787106
273979,411.78603316616966
273980,178.8796094096592
273981,1237.580075137841
273982,1050.2924317363381
273983,510.82718982865475
273984,808.6798510597357
273985,194.36649374492615
273986,1475.5471069555022
273987,1239.3709189223948
273988,603.0853437985741
273989,919.6963001128279
273990,49.95593448071238
273991,427.2279612606721
273992,374.91399199164965
273993,164.249784972219
273994,299.6418375001477
273995,109.78181466881492
273996,910.1931549793434
273997,767.7594018301969
273998,347.4874905504532
273999,576.0583043608036
274000,134.22002672348344
274001,1064.8484842829557
274002,883.1773661951252
274003,418.0525939957845
274004,665.3817028893086
274005,721.9097529202594
274006,22.274374086043917
274007,23.118575879505325
274008,-9.80796351958511
274009,22.236778537752986
274010,139.952364186543
274011,25.268256177511088
274012,27.08585596239499
274013,-25.570084138835877
274014,44.88949283006874
274015,2.4254238613855463
274016,41.402071272303814
274017,47.22022945170912
274018,-5.058483624026247
274019,47.994811852836406
274020,119.15418882459322
274021,1031.552771883632
274022,896.9262869784617
274023,397.847589598488
274024,644.1772231801383
274025,265.59656353712
274026,2012.1119078187533
274027,1747.4946236767719
274028,811.9500576275043
274029,1327.578116713746
274030,328.6987972599911
274031,2428.9762656771977
274032,2053.697115648722
274033,945.3541991213245
274034,1560.067129051954
274035,104.92505745098404
274036,805.5160505044075
274037,668.969384497236
274038,317.24950680026063
274039,538.1025006421889
274040,218.2174930131431
274041,1605.2514777111921
274042,1364.630363744032
274043,672.122539439662
274044,1016.9082164246707
274045,250.029146119581
274046,1904.7100516577054
274047,1626.8967237829152
274048,760.1945069748143
274049,1199.8200786792333
274050,744.5484068179642
274051,619.5791234205938
274052,551.1763893975472
274053,233.40052479389965
274054,410.80700979236246
274055,672.4830085341639
274056,1244.793032545338
274057,1053.8223112236146
274058,518.3038567661282
274059,830.3746333446644
274060,544.1095469192945
274061,1464.7403404224056
274062,1238.0567857595663
274063,596.2340560243157
274064,973.2953836843545
274065,89.95077932047487
274066,658.9648103419364
274067,570.7528683955778
274068,254.6409847608106
274069,428.8460854824107
274070,181.66036422960875
274071,1299.6017796905674
274072,1091.8325176475444
274073,550.6151063021662
274074,858.6859193838142
274075,210.31853285108502
274076,1557.164482802186
274077,1297.8462153561272
274078,628.7044145056186
274079,1000.762408110791
274080,53.62455507876073
274081,458.4356275316067
274082,398.1592048027873
274083,179.37137155029728
274084,307.03751753152756
274085,115.53336427019639
274086,951.426657501636
274087,802.6970153623037
274088,378.9538372544259
274089,617.7428029153441
274090,148.78435529313174
274091,1122.8743631592467
274092,932.2468953097981
274093,432.2808015428309
274094,731.2820035985964
274095,717.1433278942461
274096,27.29924694533528
274097,27.364093259895665
274098,-4.411905332675813
274099,7.969669269653151
274100,35.1174689841092
274101,27.39363038615252
274102,35.042883152779645
274103,-11.270557885862692
274104,45.81251099923778
274105,-16.0264278120577
274106,47.43952848841804
274107,47.73322958394897
274108,-2.2827252735682584
274109,35.81516444297395
274110,133.7327219298547
274111,1094.2862448502187
274112,945.9815534640119
274113,421.8241040158312
274114,681.3826317309429
274115,285.12391585787276
274116,2185.0561209223547
274117,1886.4130385952176
274118,871.5036889330951
274119,1398.293617469776
274120,348.57744937899065
274121,2588.0776692022837
274122,2210.247512340335
274123,1001.7938456449601
274124,1659.3644581001897
274125,120.8637364462605
274126,875.382878322484
274127,728.668565027494
274128,342.7183169411426
274129,566.3121885544963
274130,236.06662973940826
274131,1731.499475789939
274132,1453.3408749696016
274133,728.067483960912
274134,1079.292449243363
274135,280.9786390576985
274136,2039.4388999214827
274137,1743.2977224993701
274138,824.1455470348034
274139,1296.1407849017864
274140,746.8313900800908
274141,652.6644812867087
274142,571.9057267647657
274143,246.48084431424928
274144,437.68670438924136
274145,674.9462199502955
274146,1342.9543191768012
274147,1143.9471288704224
274148,546.389897793527
274149,887.6386220747511
274150,423.5947931241524
274151,1579.9162994656704
274152,1349.9452201607485
274153,638.382358098519
274154,1021.9570743901372
274155,93.89247904285688
274156,694.1530145227161
274157,595.8177379201911
274158,270.19934616400843
274159,461.92563109042874
274160,186.7074218523481
274161,1401.3134826407309
274162,1187.9485998832317
274163,582.8349216438979
274164,923.8054915565251
274165,217.72502279385037
274166,1681.797443054879
274167,1417.524178821542
274168,676.7847553695078
274169,1059.0779467345515
274170,60.82122447081149
274171,483.7734126938491
274172,422.87667431236224
274173,183.98405015217807
274174,329.17138033822886
274175,128.44380084788494
274176,1007.6934592014188
274177,859.8843243377535
274178,389.01521442849605
274179,660.7039369203934
274180,159.72348513502052
274181,1176.3010017444626
274182,987.2346650978785
274183,455.9764640753472
274184,765.2128638909842
274185,709.5439354411825
274186,35.095029409171545
274187,33.904173513410264
274188,-9.19769124134982
274189,14.495827933122031
274190,35.28862185456971
274191,33.970612369435756
274192,42.54037241172985
274193,-25.98747628351156
274194,46.90133624761704
274195,-29.574500299773877
274196,53.74947038956661
274197,56.63486944486706
274198,-17.674700162554924
274199,36.228933200015405
274200,147.57278632674908
274201,1147.1562903493607
274202,1010.3490536916624
274203,451.9477960007835
274204,730.3690764422663
274205,290.02731069362915
274206,2351.0403623102106
274207,1993.2579698379068
274208,945.0025937623054
274209,1512.723914229765
274210,388.06423603558227
274211,2771.304348513902
274212,2350.862879240044
274213,1119.3900156385996
274214,1817.8920200246064
274215,136.60651506454738
274216,926.6395093976394
274217,790.6120891728219
274218,366.2554001737648
274219,607.0876721728621
274220,244.81392690404184
274221,1866.842202562839
274222,1597.371919582271
274223,773.1398454286807
274224,1159.1720564213047
274225,303.7891855228999
274226,2211.8498885518648
274227,1907.3535171703015
274228,892.7950311467321
274229,1399.5975147238885
274230,719.1480617128153
274231,730.915430910421
274232,638.3286566010636
274233,294.08181261388324
274234,498.4648146831084
274235,511.08156037694215
274236,1518.6465355796881
274237,1275.8350679365553
274238,598.721586339398
274239,949.8136550666255
274240,325.34170760518805
274241,1766.9186896087735
274242,1485.3614731266837
274243,716.678764878025
274244,1118.3945014164767
274245,117.10019139244282
274246,771.5276856164731
274247,663.9459550540487
274248,317.9971080902921
274249,522.9005350109459
274250,196.52865188575808
274251,1573.1531891526415
274252,1317.654351308188
274253,635.6245428712263
274254,986.4384572298569
274255,227.68234343358114
274256,1857.2450623427385
274257,1550.7582441463005
274258,755.5390948304712
274259,1155.9733064423476
274260,81.66744936845973
274261,549.2770735943928
274262,476.9054793154405
274263,202.03405950223492
274264,359.89497197329894
274265,140.94893252629575
274266,1092.4959697837542
274267,931.0109751091251
274268,423.9936552747698
274269,705.5018156194096
274270,169.2590664796511
274271,1301.66221051965
274272,1104.5540459057397
274273,533.4461390430166
274274,853.515858492245
274275,736.9584693134598
274276,37.239701210301064
274277,40.704923754978296
274278,-5.257320572373318
274279,16.15702160801997
274280,-29.442447307254245
274281,41.078073850898335
274282,51.97909483049398
274283,-21.538987686107472
274284,53.06901605316851
274285,-39.06202553978265
274286,64.27836126502524
274287,73.90652295941061
274288,-9.094776384464165
274289,47.54192996710292
274290,163.83733311162467
274291,1266.4467079787814
274292,1110.9740176819619
274293,504.26394926095924
274294,803.3950697173019
274295,344.97552678564796
274296,2575.354639533954
274297,2152.8731059522815
274298,1038.075289054253
274299,1621.2882724266744
274300,406.93059531768796
274301,3098.3398395376053
274302,2617.630942755401
274303,1243.0297190481072
274304,1943.728286604921
274305,147.73475479375546
274306,1022.7015637383928
274307,864.5853993552333
274308,393.53977634215727
274309,658.9646281048913
274310,290.7212872085805
274311,2031.4160600964392
274312,1758.257067854716
274313,855.6968310817757
274314,1260.0638030770117
274315,324.41945093091493
274316,2416.8444268028748
274317,2057.4798807274674
274318,1010.5306383213746
274319,1510.4949417615599
274320,758.0218292668756
274321,581.1643860079951
274322,521.9227056014328
274323,214.9260349692638
274324,395.8201436513093
274325,749.6779792323465
274326,1190.570636499006
274327,1021.2801339754897
274328,485.4459211114198
274329,783.0602629762726
274330,663.8841595059708
274331,1406.160310884566
274332,1203.8174357913656
274333,577.5449661360738
274334,894.9209736420781
274335,99.42783953380385
274336,615.696133786168
274337,537.8730286522423
274338,232.49232005268672
274339,413.9068535861608
274340,183.63762948072727
274341,1239.9069327205666
274342,1055.0456726716998
274343,513.4644839834707
274344,810.8006714797268
274345,199.12451381599425
274346,1477.8739645382277
274347,1244.1241598577565
274348,605.7226379533898
274349,921.817120532819
274350,51.16819354082407
274351,429.7867022287637
274352,378.3019457263754
274353,165.5217919263985
274354,300.39737071950265
274355,110.99407372892662
274356,912.7518959474347
274357,771.1473555649223
274358,348.75949750463286
274359,576.8138375801584
274360,135.4322857835951
274361,1067.407225251047
274362,886.5653199298506
274363,419.3246009499642
274364,666.1372361086634
274365,724.6953348240576
274366,24.621782064787975
274367,26.29519662488351
274368,-8.74728955475297
274369,22.780978767760462
274370,134.1874594504674
274371,27.615664156255143
274372,30.262476707773175
274373,-24.50941017400373
274374,45.43369306007624
274375,-4.310615524268117
274376,43.74947925104788
274377,50.39685019708732
274378,-3.997809659194105
274379,48.5390120828439
274380,129.44001083352728
274381,1053.4495472733197
274382,915.2945797629577
274383,413.9993731579818
274384,656.6855237442121
274385,275.86652867393445
274386,2041.1869497140556
274387,1773.0411829668835
274388,828.1018411869977
274389,1340.08641727782
274390,344.7707686085236
274391,2463.8533137842182
274392,2085.0456811505505
274393,967.3079888925361
274394,1578.3774358277458
274395,116.30396738051357
274396,823.7835126303447
274397,688.0660593898073
274398,329.7719770960039
274399,546.9814879425124
274400,229.58054607055257
274401,1630.6972063427447
274402,1390.9053051422188
274403,684.6450097354051
274404,1025.7872037249947
274405,267.1942053887088
274406,1935.957786500976
274407,1658.97367139282
274408,778.5189834822755
274409,1214.5010721912747
274410,758.0218292668756
274411,581.1643860079951
274412,521.9227056014328
274413,214.9260349692638
274414,395.8201436513093
274415,749.6779792323465
274416,1190.570636499006
274417,1021.2801339754897
274418,485.4459211114198
274419,781.0052798819337
274420,671.8051819043641
274421,1406.160310884566
274422,1203.8174357913656
274423,577.5449661360738
274424,892.8659905477392
274425,99.42783953380385
274426,615.696133786168
274427,537.8730286522423
274428,232.49232005268672
274429,413.9068535861608
274430,183.63762948072727
274431,1239.9069327205666
274432,1055.0456726716998
274433,513.4644839834707
274434,808.7456883853879
274435,199.12451381599425
274436,1477.8739645382277
274437,1244.1241598577565
274438,605.7226379533898
274439,919.7621374384801
274440,51.16819354082407
274441,429.7867022287637
274442,378.3019457263754
274443,165.5217919263985
274444,300.39737071950265
274445,110.99407372892662
274446,912.7518959474347
274447,771.1473555649223
274448,348.75949750463286
274449,574.7588544858195
274450,135.4322857835951
274451,1067.407225251047
274452,886.5653199298506
274453,419.3246009499642
274454,664.0822530143245
274455,724.6953348240576
274456,24.621782064787975
274457,26.29519662488351
274458,-8.74728955475297
274459,22.780978767760462
274460,134.1874594504674
274461,27.615664156255143
274462,30.262476707773175
274463,-24.50941017400373
274464,43.37870996573726
274465,-4.310615524268117
274466,43.74947925104788
274467,50.39685019708732
274468,-3.997809659194105
274469,46.48402898850491
274470,129.44001083352728
274471,1053.4495472733197
274472,915.2945797629577
274473,413.9993731579818
274474,656.6855237442121
274475,275.86652867393445
274476,2041.1869497140556
274477,1773.0411829668835
274478,828.1018411869977
274479,1338.031434183481
274480,344.7707686085236
274481,2463.8533137842182
274482,2085.0456811505505
274483,967.3079888925361
274484,1576.3224527334069
274485,116.30396738051357
274486,823.7835126303447
274487,688.0660593898073
274488,329.7719770960039
274489,546.9814879425124
274490,229.58054607055257
274491,1630.6972063427447
274492,1390.9053051422188
274493,684.6450097354051
274494,1023.7322206306555
274495,267.1942053887088
274496,1935.957786500976
274497,1658.97367139282
274498,778.5189834822755
274499,1212.4460890969358
274500,759.7319199085647
274501,582.0859636826729
274502,522.0150705094765
274503,215.75793044215413
274504,394.35994193995003
274505,750.7842468056546
274506,1191.492214173684
274507,1021.3724988835336
274508,486.2778165843101
274509,779.5450781705744
274510,660.6905744747907
274511,1407.081888559244
274512,1203.9098006994093
274513,578.376861608964
274514,891.4057888363799
274515,97.30086154924702
274516,612.1595300268913
274517,533.5072121263314
274518,228.8660340916225
274519,407.98847044084704
274520,181.51065149617048
274521,1232.0104213993855
274522,1049.2832850218283
274523,508.4416268984455
274524,801.4307341161131
274525,196.99753583143743
274526,1469.9774532170466
274527,1238.361772207885
274528,600.6997808683645
274529,912.4471831692052
274530,49.04121555626726
274531,426.25009846948694
274532,373.9361292004645
274533,161.89550596533428
274534,294.47898757418886
274535,108.86709574436982
274536,904.8553846262532
274537,765.3849679150505
274538,343.73664041960774
274539,567.4439002165446
274540,133.30530779903827
274541,1059.510713929866
274542,880.8029322799788
274543,414.30174386493906
274544,656.7672987450496
274545,723.1350261093216
274546,23.745419199716693
274547,24.58962099317811
274548,-7.65341145559908
274549,19.522836516652056
274550,161.35276757420755
274551,28.102629565188288
274552,27.160329952106856
274553,-24.81210319881076
274554,38.72399659066791
274555,20.358681180879287
274556,44.236444659981004
274557,47.294703441421
274558,-4.300502684001136
274559,41.82931561343557
274560,122.56299342280816
274561,1039.620833799453
274562,904.9943488942822
274563,407.07924176381096
274564,647.8036833760027
274565,268.98951126321515
274566,2023.4891677020696
274567,1761.3443809742473
274568,819.7851386688659
274569,1327.753022691311
274570,329.4309223361051
274571,2430.585545912614
274572,2064.8860502962148
274573,952.1994144522138
274574,1559.2521693190465
274575,109.42694996979445
274576,809.9547991564777
274577,673.4081331493062
274578,322.8518457018331
274579,538.099647574303
274580,222.70352865983338
274581,1612.999424330759
274582,1374.850807777757
274583,676.3283072172733
274584,1013.453809138485
274585,251.85435911629014
274586,1902.6900186293724
274587,1634.4563451666593
274588,763.4104090419532
274589,1195.3758056825754
274590,759.433413230655
274591,581.7874570047632
274592,521.7165638315668
274593,214.91497357931328
274594,396.6924299133789
274595,750.4857401277449
274596,1191.1937074957743
274597,1021.0739922056239
274598,485.43485972146914
274599,778.0646476481409
274600,660.392067796881
274601,1406.7833818813342
274602,1203.6112940214996
274603,577.5339047461231
274604,889.9253583139464
274605,97.00235487133735
274606,611.8610233489816
274607,533.2087054484217
274608,228.02307722878166
274609,410.3209584142759
274610,181.21214481826078
274611,1231.7119147214758
274612,1048.9847783439186
274613,507.59867003560464
274614,799.9503035936796
274615,196.69902915352776
274616,1469.6789465391369
274617,1238.0632655299753
274618,599.8568240055237
274619,910.9667526467717
274620,48.74270887835759
274621,425.95159179157724
274622,373.6376225225548
274623,161.05254910249343
274624,296.8114755476177
274625,108.56858906646015
274626,904.5568779483435
274627,765.0864612371408
274628,342.89368355676686
274629,565.9634696941112
274630,133.0068011211286
274631,1059.2122072519562
274632,880.5044256020691
274633,413.4587870020982
274634,655.2868682226161
274635,722.2704918747876
274636,23.446912521807008
274637,24.291114315268416
274638,-8.496368318439954
274639,21.855324490080868
274640,186.673163122218
274641,27.804122887278595
274642,26.861823274197164
274643,-25.655060061651632
274644,43.03884419097936
274645,27.15913853733602
274646,43.93793798207132
274647,46.996196763511314
274648,-5.143459546841991
274649,46.14416321374702
274650,121.90072029101016
274651,1038.9585606676549
274652,904.3320757624844
274653,406.2362849009701
274654,650.1361713494315
274655,268.4869796934446
274656,2010.6561748126378
274657,1748.5113880848146
274658,818.942181806025
274659,1324.436350185616
274660,328.9283907663346
274661,2417.752553023182
274662,2052.053057406784
274663,951.3564575893729
274664,1555.9354968133516
274665,108.76467683799646
274666,809.2925260246799
274667,672.7458600175083
274668,322.0088888389922
274669,540.4321355477318
274670,222.20099709006294
274671,1600.1664314413263
274672,1362.0178148883242
274673,675.4853503544324
274674,1010.1371366327903
274675,251.35182754651964
274676,1889.8570257399397
274677,1621.6233522772266
274678,762.5674521791124
274679,1192.0591331768806
274680,746.9189388033452
274681,617.68238526115
274682,549.2796512381035
274683,243.6028878581057
274684,393.4727084971527
274685,674.8535405195448
274686,1242.8962943858944
274687,1051.925573064171
274688,528.506219830334
274689,807.1724304592532
274690,545.7322645951424
274691,1462.095787953429
274692,1235.4122332905897
274693,605.6886047789884
274694,949.3453664894103
274695,89.05643442532516
274696,646.7200334985496
274697,560.1052621381928
274698,256.09247972707504
274699,406.48272521755075
274700,180.766019334459
274701,1282.997095285276
274702,1079.7883402661987
274703,550.6700301444696
274704,829.0580864047919
274705,208.67637364640223
274706,1539.8119840873617
274707,1285.0542236652486
274708,628.011524038389
274709,970.3867608222356
274710,52.03720500643566
274711,449.27548990736676
274712,388.99906717854736
274713,182.31033514970653
274714,286.1616258998125
274715,113.94601419787126
274716,937.906612315491
274717,792.1403066141024
274718,380.49622972987447
274719,589.6024385694666
274720,146.44919091127352
274721,1108.6065036635691
274722,920.9423722520638
274723,433.0753797087464
274724,702.3938249431858
274725,713.7792745361809
274726,20.79935021530061
274727,20.86419652986103
274728,3.2472223269516
274729,-3.0510382893877557
274730,77.13228560790876
274731,22.257061930122244
274732,27.146415298784046
274733,-5.008001350196224
274734,33.32260884877961
274735,20.30464595505133
274736,42.30296003238779
274737,39.83676172995341
274738,3.979831262098253
274739,23.32526229251577
274740,130.6525469341979
274741,1073.7381759545146
274742,925.4334845683079
274743,430.47001883926026
274744,655.2071855811047
274745,282.1876255521236
274746,2155.6465302365127
274747,1859.4759453235333
274748,878.7530326325627
274749,1363.0174566225141
274750,342.9803364232603
274751,2548.900098868542
274752,2180.6495964186706
274753,1008.0533236339554
274754,1623.098431542456
274755,119.70977930498684
274756,849.2813032854848
274757,702.5669899904948
274758,348.56804843460884
274759,545.1166193731207
274760,235.0565572880421
274761,1696.536378962801
274762,1420.850275556622
274763,732.520644330417
274764,1048.9961653645646
274765,277.30774395635126
274766,1994.707823446445
274767,1708.1463004364095
274768,827.6088416938361
274769,1264.854635312515
274770,749.5110185444448
274771,646.6292672569344
274772,565.8705127349915
274773,252.5447315081247
274774,420.4522100868168
274775,687.1931674510809
274776,1333.0097188897676
274777,1134.0025285833888
274778,553.5233144223562
274779,862.1998847412982
274780,425.0778672922959
274781,1568.7751448824263
274782,1338.8040655775044
274783,644.3192204311376
274784,995.3217827604745
274785,93.33886194934603
274786,678.7997876898297
274787,580.4645110873047
274788,266.94522055477165
274789,435.3731239848921
274790,186.72882714273808
274791,1374.1243323795184
274792,1163.7227860599633
274793,575.6871247364918
274794,884.0855406868369
274795,215.97485140412903
274796,1653.411738497456
274797,1392.101810702063
274798,668.4404041658911
274799,1018.1614415686528
274800,60.26760737730071
274801,472.14812720502454
274802,411.2513888235377
274803,184.4578658870028
274804,306.34681457675396
274805,128.46520613827502
274806,984.232250284268
274807,839.3864518585465
274808,385.59535886515187
274809,624.7119273947669
274810,157.97331374529918
274811,1151.6432385311014
274812,965.540238322461
274813,451.36005421579256
274814,728.0243000691472
274815,706.8988383411004
274816,26.12998481455229
274817,24.93912891879102
274818,-4.003711446306964
274819,1.526446244321251
274820,95.72907614610072
274821,22.552531809728364
274822,28.362392454057147
274823,-21.027516159309
274824,35.52724137699923
274825,13.74573181663746
274826,42.331389829859255
274827,42.456889487194374
274828,-12.714740038352343
274829,24.854838329397584
274830,142.33176130927214
274831,1113.6473738822926
274832,976.8401372245947
274833,445.49597805702535
274834,692.7393805206608
274835,288.3590537661563
274836,2270.332566036631
274837,1931.6671263056342
274838,927.6184842031904
274839,1448.9867617071072
274840,374.52012371843364
274841,2675.0265663807045
274842,2280.8092068460737
274843,1095.2140341572945
274844,1747.362995579759
274845,131.36549004707044
274846,889.8938960049791
274847,753.8664757801616
274848,359.3242081157467
274849,576.7546624354218
274850,243.14566997656902
274851,1776.540429302304
274852,1526.1870990630437
274853,748.9190816939438
274854,1100.8741039014278
274855,290.2450732057513
274856,2105.9781294317127
274857,1827.7058677893754
274858,861.7823954898048
274859,1334.5076902818214
274860,721.8276901771693
274861,724.8802168806468
274862,632.2934425712893
274863,300.1456998077585
274864,481.23032038068385
274865,523.3285078777278
274866,1508.7019352926545
274867,1265.8904676495217
274868,605.855002968227
274869,924.3749177331727
274870,326.25102390132605
274871,1755.203777153524
274872,1473.6465606714341
274873,722.0418693386382
274874,1091.1854519148071
274875,116.54657429893201
274876,756.1744587835867
274877,648.5927282211622
274878,314.74298248105526
274879,496.348027905409
274880,196.55005717614807
274881,1545.964038891429
274882,1293.4285374849196
274883,628.47674596382
274884,946.7185063601687
274885,222.68175075820253
274886,1823.432339357935
274887,1519.908857599441
274888,746.620985754849
274889,1114.4830434044432
274890,81.11383227494893
274891,537.6517881055681
274892,465.28019382661597
274893,202.50787523705966
274894,337.07040621182404
274895,140.97033781668577
274896,1069.0347608666034
274897,910.5131026299181
274898,420.57379971142564
274899,669.5098060937831
274900,164.25847380427248
274901,1273.7540260206315
274902,1079.6091978446652
274903,528.2559713114563
274904,815.7535367984026
274905,731.3517904761171
274906,28.274656615681785
274907,31.739879160359052
274908,-0.0633407773304459
274909,3.1876399192191958
274910,24.004079147121686
274911,29.659993291190947
274912,37.80111487282127
274913,-16.579027561904876
274914,41.694921182550715
274915,1.2966248393681843
274916,52.860280705317884
274917,59.728543001737975
274918,-4.134816260261586
274919,36.16783509648512
274920,158.59630809414773
274921,1232.9377915117134
274922,1077.4651012148938
274923,497.8121313172012
274924,765.7653737956964
274925,343.3072698581752
274926,2494.646843260374
274927,2091.28226242001
274928,1020.6911794951376
274929,1557.5511199040172
274930,393.38648300053933
274931,3002.062057404408
274932,2547.5772703614307
274933,1218.853737566802
274934,1873.1992621600732
274935,142.4937297762785
274936,985.9559503457325
274937,827.839785962573
274938,386.6085842841392
274939,628.631618367451
274940,289.05303028110774
274941,1941.114286835904
274942,1687.0722473354888
274943,831.4760673470388
274944,1201.7658505571349
274945,310.87533861376636
274946,2310.9726676827227
274947,1977.832231346543
274948,979.5180026644472
274949,1445.4051173194928
274950,757.4630348991749
274951,574.2377724300679
274952,514.9960920235058
274953,221.31581745926772
274954,375.79334984396826
274955,750.36703935363
274956,1183.6440229210789
274957,1014.3535203975631
274958,491.8357036014232
274959,757.1655675787305
274960,663.4254565012382
274961,1399.3337886696067
274962,1196.9909135764065
274963,584.0348399890457
274964,864.0412374047688
274965,95.63579960823833
274966,604.3113387742865
274967,526.4882336403607
274968,234.4239211087361
274969,389.42187834486526
274970,179.84558955516158
274971,1224.1622301467803
274972,1042.2643065358575
274973,513.9995139155594
274974,779.0512235242692
274975,194.716394142445
274976,1457.9818573291304
274977,1227.1953890866032
274978,605.354388690468
274979,885.0826317375942
274980,47.37615361525843
274981,418.40190721688197
274982,366.91715071449363
274983,167.45339298244787
274984,275.9123954782071
274985,107.20203380336102
274986,897.0071933736484
274987,758.3659894290798
274988,349.2945274367213
274989,545.0643896247008
274990,131.02416611004585
274991,1047.5151180419498
274992,869.6365491586972
274993,418.9563516870424
274994,629.4027473134386
274995,721.6393794994742
274996,17.388950716608804
274997,19.062365276704362
274998,-0.6038016689884212
274999,14.945747207987319
275000,214.3953199750279
275001,21.746161082080384
275002,21.63307423563311
275003,-17.762493412200122
275004,36.129266908885825
275005,39.75299078787421
275006,35.50288370977818
275007,39.39035525785231
275008,3.6161400758152262
275009,36.01985726010226
275010,121.47838156592985
275011,1012.1785841724472
275012,874.023616662086
275013,412.10187463918146
275014,615.6523124071308
275015,268.0646409683643
275016,1983.8761983174306
275017,1718.202928984416
275018,824.8077715442366
275019,1289.9524912433146
275020,329.66028446148675
275021,2388.5954840608806
275022,2019.3675058392926
275023,958.0890803007901
275024,1518.236909199499
275025,108.34233811291625
275026,792.8310113993879
275027,657.1135581588504
275028,327.8744785772036
275029,515.3693525576539
275030,221.77865836498262
275031,1583.7049168160336
275032,1346.3855130296658
275033,681.350940092644
275034,985.0743536427124
275035,252.0837212416717
275036,1871.018418647552
275037,1603.6139579514731
275038,769.3000748905296
275039,1163.7816215152507
275040,757.4630348991749
275041,574.2377724300679
275042,514.9960920235058
275043,221.31581745926772
275044,375.79334984396826
275045,750.36703935363
275046,1183.6440229210789
275047,1014.3535203975631
275048,491.8357036014232
275049,757.1655675787305
275050,671.3464788996314
275051,1399.3337886696067
275052,1196.9909135764065
275053,584.0348399890457
275054,864.0412374047688
275055,95.63579960823833
275056,604.3113387742865
275057,526.4882336403607
275058,234.4239211087361
275059,389.42187834486526
275060,179.84558955516158
275061,1224.1622301467803
275062,1042.2643065358575
275063,513.9995139155594
275064,779.0512235242692
275065,194.716394142445
275066,1457.9818573291304
275067,1227.1953890866032
275068,605.354388690468
275069,885.0826317375942
275070,47.37615361525843
275071,418.40190721688197
275072,366.91715071449363
275073,167.45339298244787
275074,275.9123954782071
275075,107.20203380336102
275076,897.0071933736484
275077,758.3659894290798
275078,349.2945274367213
275079,545.0643896247008
275080,131.02416611004585
275081,1047.5151180419498
275082,869.6365491586972
275083,418.9563516870424
275084,629.4027473134386
275085,721.6393794994742
275086,17.388950716608804
275087,19.062365276704362
275088,-0.6038016689884212
275089,14.945747207987319
275090,214.3953199750279
275091,21.746161082080384
275092,21.63307423563311
275093,-17.762493412200122
275094,36.129266908885825
275095,39.75299078787421
275096,35.50288370977818
275097,39.39035525785231
275098,3.6161400758152262
275099,36.01985726010226
275100,121.47838156592985
275101,1012.1785841724472
275102,874.023616662086
275103,412.10187463918146
275104,615.6523124071308
275105,268.0646409683643
275106,1983.8761983174306
275107,1718.202928984416
275108,824.8077715442366
275109,1289.9524912433146
275110,329.66028446148675
275111,2388.5954840608806
275112,2019.3675058392926
275113,958.0890803007901
275114,1518.236909199499
275115,108.34233811291625
275116,792.8310113993879
275117,657.1135581588504
275118,327.8744785772036
275119,515.3693525576539
275120,221.77865836498262
275121,1583.7049168160336
275122,1346.3855130296658
275123,681.350940092644
275124,985.0743536427124
275125,252.0837212416717
275126,1871.018418647552
275127,1603.6139579514731
275128,769.3000748905296
275129,1163.7816215152507
275130,760.2598160780485
275131,572.948371340515
275132,515.2284823860522
275133,220.51815461807527
275134,374.9956870027758
275135,752.5599974641226
275136,1182.3546218315264
275137,1014.5859107601095
275138,491.03804076023073
275139,756.367904737538
275140,661.3185620072426
275141,1398.0443875800543
275142,1197.223303938953
275143,583.2371771478532
275144,863.2435745635763
275145,94.30313317403514
275146,603.0219376847335
275147,526.7206240029071
275148,233.62625826754365
275149,388.6242155036728
275150,178.5129231209584
275151,1222.8728290572278
275152,1042.496696898404
275153,513.2018510743669
275154,778.2535606830767
275155,193.38372770824182
275156,1456.692456239578
275157,1227.4277794491497
275158,604.5567258492755
275159,884.2849688964017
275160,46.04348718105524
275161,417.1125061273291
275162,367.1495410770401
275163,166.65573014125542
275164,275.11473263701464
275165,105.86936736915783
275166,895.7177922840955
275167,758.5983797916263
275168,348.49686459552885
275169,544.2667267835083
275170,129.69149967584266
275171,1046.2257169523973
275172,869.8689395212436
275173,418.15868884584995
275174,628.6050844722461
275175,719.4459890848485
275176,16.292170000084646
275177,19.487376012279526
275178,-1.2088441371522036
275179,14.340704739823536
275180,204.76991016618035
275181,19.19208546657252
275182,20.60079007222457
275183,-19.824830779347607
275184,34.06692954173833
275185,37.55960037324852
275186,34.406102993254024
275187,39.81536599342747
275188,3.0110976076514433
275189,35.414814791938475
275190,119.28499115130411
275191,1011.081803455923
275192,878.8063227694868
275193,412.54990489469503
275194,616.1003426626445
275195,264.4139556547548
275196,1981.3221227019233
275197,1721.5283401928334
275198,823.7985069007666
275199,1288.943226599845
275200,327.46689404686094
275201,2387.4987033443567
275202,2024.1502119466936
275203,958.5371105563038
275204,1518.6849394550131
275205,106.14894769829054
275206,791.7342306828637
275207,657.5385688944256
275208,328.3225088327172
275209,515.8173828131676
275210,218.12797305137323
275211,1581.1508412005262
275212,1345.3532288662575
275213,680.341675449174
275214,984.0650889992423
275215,249.89033082704603
275216,1869.9216379310283
275217,1604.0389686870485
275218,769.7481051460433
275219,1164.2296517707648
275220,760.2598160780485
275221,572.948371340515
275222,515.2284823860522
275223,220.51815461807527
275224,374.9956870027758
275225,752.5599974641226
275226,1182.3546218315264
275227,1014.5859107601095
275228,491.03804076023073
275229,756.367904737538
275230,661.3185620072426
275231,1398.0443875800543
275232,1197.223303938953
275233,583.2371771478532
275234,863.2435745635763
275235,94.30313317403514
275236,603.0219376847335
275237,526.7206240029071
275238,233.62625826754365
275239,388.6242155036728
275240,178.5129231209584
275241,1222.8728290572278
275242,1042.496696898404
275243,513.2018510743669
275244,778.2535606830767
275245,193.38372770824182
275246,1456.692456239578
275247,1227.4277794491497
275248,604.5567258492755
275249,884.2849688964017
275250,46.04348718105524
275251,417.1125061273291
275252,367.1495410770401
275253,166.65573014125542
275254,275.11473263701464
275255,105.86936736915783
275256,895.7177922840955
275257,758.5983797916263
275258,348.49686459552885
275259,544.2667267835083
275260,129.69149967584266
275261,1046.2257169523973
275262,869.8689395212436
275263,418.15868884584995
275264,628.6050844722461
275265,719.4459890848485
275266,16.292170000084646
275267,19.487376012279526
275268,-1.2088441371522036
275269,14.340704739823536
275270,195.77532272614968
275271,19.19208546657252
275272,20.60079007222457
275273,-19.824830779347607
275274,34.06692954173833
275275,37.55960037324852
275276,34.406102993254024
275277,39.81536599342747
275278,3.0110976076514433
275279,35.414814791938475
275280,119.28499115130411
275281,1011.081803455923
275282,878.8063227694868
275283,412.54990489469503
275284,616.1003426626445
275285,264.4139556547548
275286,1981.3221227019233
275287,1721.5283401928334
275288,823.7985069007666
275289,1288.943226599845
275290,327.46689404686094
275291,2387.4987033443567
275292,2024.1502119466936
275293,958.5371105563038
275294,1518.6849394550131
275295,106.14894769829054
275296,791.7342306828637
275297,657.5385688944256
275298,328.3225088327172
275299,515.8173828131676
275300,218.12797305137323
275301,1581.1508412005262
275302,1345.3532288662575
275303,680.341675449174
275304,984.0650889992423
275305,249.89033082704603
275306,1869.9216379310283
275307,1604.0389686870485
275308,769.7481051460433
275309,1164.2296517707648
275310,747.4154056023535
275311,612.4269793983059
275312,546.3752495939929
275313,242.36580890937722
275314,385.9565063877887
275315,676.5978618075374
275316,1237.6408885230503
275317,1049.0211714200602
275318,527.2691408816057
275319,799.6562283498894
275320,547.0766370666516
275321,1457.6882877630858
275322,1233.35573731898
275323,605.2994315027613
275324,937.5919378498123
275325,86.02727667963758
275326,641.4646276357055
275327,557.2008604940821
275328,254.85540077834668
275329,398.9665231081867
275330,177.73686158877135
275331,1277.7416894224318
275332,1076.883938622088
275333,549.4329511957413
275334,821.5418842954281
275335,203.10228704861225
275336,1526.3037273433645
275337,1273.8969711399848
275338,626.6189802041836
275339,958.6333321826377
275340,49.008047260748036
275341,444.0200840445225
275342,386.09466553443656
275343,181.0732562009781
275344,278.6454237904485
275345,110.9168564521837
275346,932.6512064526469
275347,789.2359049699918
275348,379.259150781146
275349,582.0862364601028
275350,140.87510431348355
275351,1097.2748440612952
275352,911.9617168685235
275353,431.6828358745408
275354,690.6403963035879
275355,712.4021806967932
275356,17.438761215308165
275357,19.854611748602043
275358,3.9049602410749413
275359,-3.3695866965488843
275360,77.27655489217565
275361,17.439178031146096
275362,24.679535618541347
275363,-5.807558335056592
275364,31.546765542634763
275365,26.351986627215048
275366,36.56527856530042
275367,36.450084481599475
275368,5.504602149427311
275369,19.791985213803418
275370,127.28048379002206
275371,1072.3564574934856
275372,926.402770326012
275373,438.9140483550791
275374,652.5324518968995
275375,277.35826750896393
275376,2152.8075168765
275377,1858.9879361822539
275378,885.7397672493983
275379,1358.8854280393252
275380,340.7625056993169
275381,2545.1412879404184
275382,2179.2417897092805
275383,1017.3643861229801
275384,1617.2089691866993
275385,116.33771616081106
275386,846.2539031411675
275387,701.8905940649109
275388,350.92114627527945
275389,537.9959696675647
275390,230.22719924488254
275391,1692.0516839195002
275392,1418.7165847320543
275393,733.4164472721042
275394,1040.418220760025
275395,275.0899132324078
275396,1989.3033308350327
275397,1705.0928120437306
275398,830.8289725077127
275399,1254.5192569354078
275400,750.31288571376
275401,640.4968947267977
275402,562.0891444235882
275403,253.61511576401645
275404,411.89275346704534
275405,686.2839687755405
275406,1326.8773463596308
275407,1130.2211602719854
275408,554.5936986782481
275409,850.3923269853678
275410,427.1763801207894
275411,1563.939418011468
275412,1336.3193429252794
275413,646.6862503462081
275414,979.7257384609875
275415,90.61510457396527
275416,672.667415159693
275417,576.6831427759014
275418,268.0156048106633
275419,426.81366736512064
275420,184.00506976735724
275421,1367.9919598493816
275422,1159.9414177485598
275423,576.7575089923837
275424,872.2779829309065
275425,211.15490516332335
275426,1639.4752550728438
275427,1380.516331496184
275428,669.8040635229833
275429,1002.5653972691657
275430,57.543850001919964
275431,466.0157546748876
275432,407.4700205121342
275433,185.5282501428945
275434,297.7873579569825
275435,125.74144876289414
275436,978.0998777541313
275437,835.6050835471432
275438,386.66574312104353
275439,612.9043696388366
275440,153.1533675044935
275441,1139.8833522482123
275442,956.1313562583055
275443,452.7237135728845
275444,712.4282557696602
275445,706.9480709457316
275446,22.698578500148066
275447,23.858726823120247
275448,-0.2323609746826172
275449,0.9707926796335178
275450,86.10883991748845
275451,19.121125495324137
275452,27.281990358386373
275453,-17.25616568768464
275454,37.30045939616508
275455,14.949196841500834
275456,36.5228910483601
275457,38.999394924428685
275458,-8.07635659352226
275459,23.41332767701222
275460,171.66996647683095
275461,1143.7935566953986
275462,1009.3373242564339
275463,488.6523387188922
275464,724.9921832353809
275465,317.697258933715
275466,2300.4787488497373
275467,1964.1643133374735
275468,970.7748448650575
275469,1475.3665472438718
275470,405.01256130622477
275471,2702.795656726716
275472,2310.929301410819
275473,1139.2374277923673
275474,1770.528052444972
275475,128.89323813996532
275476,886.5839400601329
275477,752.907524054049
275478,364.5791800278014
275479,569.1851690862222
275480,240.67341806946393
275481,1773.2304733574576
275482,1525.2281473369308
275483,754.1740536059987
275484,1087.4315933742723
275485,288.92705371887854
275486,2100.2910810197727
275487,1824.3698235961674
275488,867.9044003750654
275489,1317.8504510831146
275490,717.6743757624819
275491,718.74784435051
275492,628.512074259886
275493,301.21608406365016
275494,472.67086376091237
275495,517.4641276181845
275496,1502.5695627625178
275497,1262.1090993381183
275498,606.9253872241189
275499,912.5673599772423
275500,323.9681130178225
275501,1750.9418081545712
275502,1471.7355958912146
275503,724.9826571257141
275504,1076.1631654873254
275505,113.82281692355114
275506,750.04208625345
275507,644.811359909759
275508,315.81336673694693
275509,487.78857128563754
275510,193.82629980076723
275511,1539.8316663612923
275512,1289.6471691735162
275513,629.5471302197119
275514,934.9109486042383
275515,221.11222580305412
275516,1814.9228743607032
275517,1513.7503968209426
275518,748.5584029839466
275519,1099.4607569769614
275520,78.39007489956819
275521,531.5194155754314
275522,461.4988255152125
275523,203.57825949295136
275524,328.51094959205255
275525,138.24658044130493
275526,1062.9023883364666
275527,906.7317343185148
275528,421.6441839673173
275529,657.7022483378528
275530,162.68894884912407
275531,1265.2445610233997
275532,1073.4507370661668
275533,530.1933885405539
275534,800.731250370921
275535,737.2421080901447
275536,24.79801310179623
275537,30.61423986520694
275538,3.6627724948125655
275539,2.5867491550501054
275540,17.36670808584011
275541,26.183349777305388
275542,36.675475577669175
275543,-12.85291428976188
275544,43.42290200223522
275545,8.341174873627962
275546,47.00654472433739
275547,56.22581123949092
275548,0.4583299850871582
275549,34.68108724461842
275550,205.62373684961582
275551,1276.8401157248416
275552,1123.7184296467553
275553,554.7246333790905
275554,811.7743179104386
275555,390.3346986136432
275556,2538.5491674735026
275557,2137.535590851872
275558,1077.6036815570276
275559,1597.6870468408038
275560,441.5681441762398
275561,3043.5872891504414
275562,2591.453506326198
275563,1276.633272601897
275564,1910.1204604253087
275565,141.56319995347596
275566,980.2546342973017
275567,824.4894741328757
275568,389.4721960926092
275569,618.6707649146667
275570,288.1225004583051
275571,1935.4129707874731
275572,1683.7219355057912
275573,834.339679155509
275574,1185.9319799263947
275575,311.0990412111962
275576,2302.894259167198
275577,1972.1048270497504
275578,983.2486474461231
275579,1426.3565180172013
275580,759.6565282160273
275581,571.8324482359185
275582,514.9417720480898
275583,220.5784377185029
275584,375.05597010320344
275585,757.8073485226065
275586,1181.2386987269297
275587,1014.2992004221471
275588,493.0288585145799
275589,756.4281878379657
275590,665.6189498180905
275591,1396.9284644754575
275592,1196.9365936009906
275593,585.2279949022025
275594,863.303857664004
275595,94.30366838039492
275596,601.906014580137
275597,526.4339136649447
275598,233.68654136797127
275599,388.68449860410044
275600,178.5134583273182
275601,1221.756905952631
275602,1042.2099865604416
275603,515.1926688287165
275604,778.3138437835044
275605,193.3842629146016
275606,1455.5765331349812
275607,1227.1410691111873
275608,606.5475436036247
275609,884.3452519968293
275610,46.044022387415026
275611,415.9965830227326
275612,366.8628307390777
275613,166.71601324168304
275614,275.17501573744227
275615,105.86990257551761
275616,894.601869179499
275617,758.3116694536639
275618,350.487682349878
275619,544.327009883936
275620,129.69203488220245
275621,1045.1097938478006
275622,869.5822291832812
275623,420.1495066001991
275624,628.6653675726737
275625,726.0937586534856
275626,16.147632769213658
275627,20.172051548042667
275628,-0.17717516299901245
275629,15.372373713976716
275630,212.87497463380106
275631,20.50484313468524
275632,22.742760506971415
275633,-15.405332252289174
275634,36.55589341487523
275635,46.2329757929354
275636,34.26156576238304
275637,40.50004152919062
275638,5.973301235726174
275639,36.44648376609168
275640,169.37961788700093
275641,1065.0975592023613
275642,929.293595910733
275643,466.68879412247946
275644,673.8051548583339
275645,315.9658772894354
275646,2036.7951733473446
275647,1779.53387999758
275648,881.3252256814562
275649,1348.1053336945183
275650,377.56152078255786
275651,2441.514459090794
275652,2074.637485087938
275653,1014.6065344380097
275654,1576.3897516507027
275655,108.28561585571676
275656,791.7010961758823
275657,658.3346471540783
275658,328.4125078070827
275659,515.9073817875329
275660,221.72193610778314
275661,1582.5750015925282
275662,1347.6066020248938
275663,683.8195039764446
275664,985.6123828725914
275665,252.02699898447236
275666,1869.8885034240466
275667,1604.8350469467011
275668,771.7686387743302
275669,1164.3196507451298
275670,760.3377575187469
275671,572.5136775386381
275672,515.6230013508094
275673,221.2596670212225
275674,375.737199405923
275675,758.4885778253262
275676,1181.919928029649
275677,1014.9804297248668
275678,493.71008781729944
275679,757.1094171406853
275680,674.2212015192034
275681,1397.609693778177
275682,1197.61782290371
275683,585.9092242049221
275684,863.9850869667237
275685,94.98489768311448
275686,602.5872438828567
275687,527.1151429676644
275688,234.36777067069087
275689,389.36572790682
275690,179.1946876300378
275691,1222.4381352553505
275692,1042.891215863161
275693,515.8738981314361
275694,778.995073086224
275695,194.0654922173212
275696,1456.2577624377006
275697,1227.8222984139068
275698,607.2287729063444
275699,885.026481299549
275700,46.7252516901346
275701,416.6778123254521
275702,367.54406004179725
275703,167.39724254440264
275704,275.8562450401618
275705,106.55113187823717
275706,895.2830984822186
275707,758.9928987563835
275708,351.16891165259756
275709,545.0082391866556
275710,130.37326418492205
275711,1045.79102315052
275712,870.2634584860009
275713,420.83073590291866
275714,629.3465968753934
275715,720.8528886295161
275716,15.98220941796064
275717,20.00662819678965
275718,-0.34259851425203086
275719,15.206950362723708
275720,234.0210993557589
275721,20.33941978343222
275722,22.577337155718396
275723,-15.570755603542192
275724,36.39047006362222
275725,50.56353735632616
275726,34.096142411130025
275727,40.3346181779376
275728,5.8078778844731564
275729,36.281060414838656
275730,121.14483323358759
275731,1016.8627745489479
275732,881.0588112573197
275733,418.4540094690661
275734,625.5703702049207
275735,267.731092636022
275736,1988.560388693931
275737,1731.2990953441663
275738,833.090441028043
275739,1299.8705490411046
275740,329.3267361291445
275741,2393.2796744373804
275742,2026.4027004345262
275743,966.3717497845964
275744,1528.154966997289
275745,108.00878978057403
275746,791.4242701007397
275747,658.0578210789357
275748,328.13568173193994
275749,515.6305557123903
275750,221.44511003264043
275751,1582.2981755173855
275752,1347.3297759497511
275753,683.542677901302
275754,985.3355567974488
275755,251.75017290932954
275756,1869.6116773489039
275757,1604.5582208715584
275758,771.4918126991876
275759,1164.042824669987
275760,761.1598589119296
275761,573.8484141743961
275762,516.1285252199333
275763,220.61996755703615
275764,374.27118735737383
275765,758.7068561501278
275766,1183.2546646654073
275767,1015.4859535939906
275768,493.07038835311306
275769,755.643405092136
275770,662.2186048411237
275771,1398.9444304139352
275772,1198.1233467728339
275773,585.2695247407357
275774,862.5190749181744
275775,95.20317600791617
275776,603.9219805186146
275777,527.6206668367882
275778,233.72807120650452
275779,387.89971585827084
275780,179.4129659548395
275781,1223.7728718911087
275782,1043.396739732285
275783,515.2341986672498
275784,777.5290610376748
275785,194.2837705421229
275786,1457.5924990734588
275787,1228.3278222830306
275788,606.589073442158
275789,883.5604692509997
275790,46.94353001493629
275791,418.0125489612101
275792,368.0495839109211
275793,166.7575430802163
275794,274.39023299161266
275795,106.76941020303886
275796,896.6178351179766
275797,759.4984226255074
275798,350.5292121884112
275799,543.5422271381063
275800,130.59154250972375
275801,1047.1257597862782
275802,870.7689823551248
275803,420.1910364387323
275804,627.8805848268441
275805,720.8523534231563
275806,17.098132522557183
275807,20.293338534752063
275808,-0.4028816146796648
275809,15.146667262296075
275810,234.02056414939912
275811,21.455342888028763
275812,22.86404749368081
275813,-15.631038703969825
275814,36.33018696319458
275815,50.56300214996637
275816,35.212065515726565
275817,40.62132851590001
275818,5.747594784045522
275819,36.220777314411016
275820,121.1442980272278
275821,1007.4723654933664
275822,885.7032169671077
275823,419.44679909231587
275824,626.5631598281705
275825,267.7305574296622
275826,1979.16997963835
275827,1735.9435010539544
275828,834.0832306512928
275829,1300.8633386643546
275830,329.32620092278466
275831,2383.8892653817993
275832,2031.0471061443143
275833,967.3645394078462
275834,1529.147756620539
275835,108.00825457421425
275836,792.5401932053362
275837,658.3445314168981
275838,329.12847135518973
275839,516.6233453356401
275840,221.44457482628064
275841,1583.4140986219822
275842,1347.6164862877135
275843,684.5354675245518
275844,986.3283464206986
275845,251.74963770296975
275846,1870.7276004535006
275847,1604.8449312095208
275848,772.4846023224374
275849,1165.0356142932371
275850,761.1598589119296
275851,573.8484141743961
275852,516.1285252199333
275853,220.61996755703615
275854,374.27118735737383
275855,758.7068561501278
275856,1183.2546646654073
275857,1015.4859535939906
275858,493.07038835311306
275859,755.643405092136
275860,662.2186048411237
275861,1398.9444304139352
275862,1198.1233467728339
275863,585.2695247407357
275864,862.5190749181744
275865,95.20317600791617
275866,603.9219805186146
275867,527.6206668367882
275868,233.72807120650452
275869,387.89971585827084
275870,179.4129659548395
275871,1223.7728718911087
275872,1043.396739732285
275873,515.2341986672498
275874,777.5290610376748
275875,194.2837705421229
275876,1457.5924990734588
275877,1228.3278222830306
275878,606.589073442158
275879,883.5604692509997
275880,46.94353001493629
275881,418.0125489612101
275882,368.0495839109211
275883,166.7575430802163
275884,274.39023299161266
275885,106.76941020303886
275886,896.6178351179766
275887,759.4984226255074
275888,350.5292121884112
275889,543.5422271381063
275890,130.59154250972375
275891,1047.1257597862782
275892,870.7689823551248
275893,420.1910364387323
275894,627.8805848268441
275895,720.8523534231563
275896,17.098132522557183
275897,20.293338534752063
275898,-0.4028816146796648
275899,15.146667262296075
275900,241.02269296254113
275901,21.455342888028763
275902,22.86404749368081
275903,-15.631038703969825
275904,36.33018696319458
275905,50.56300214996637
275906,35.212065515726565
275907,40.62132851590001
275908,5.747594784045522
275909,36.220777314411016
275910,121.1442980272278
275911,1007.4723654933664
275912,885.7032169671077
275913,419.44679909231587
275914,626.5631598281705
275915,267.7305574296622
275916,1979.16997963835
275917,1735.9435010539544
275918,834.0832306512928
275919,1300.8633386643546
275920,329.32620092278466
275921,2383.8892653817993
275922,2031.0471061443143
275923,967.3645394078462
275924,1529.147756620539
275925,108.00825457421425
275926,792.5401932053362
275927,658.3445314168981
275928,329.12847135518973
275929,516.6233453356401
275930,221.44457482628064
275931,1583.4140986219822
275932,1347.6164862877135
275933,684.5354675245518
275934,986.3283464206986
275935,251.74963770296975
275936,1870.7276004535006
275937,1604.8449312095208
275938,772.4846023224374
275939,1165.0356142932371
275940,748.3154484362346
275941,613.327022232187
275942,547.275292427874
275943,242.4676218483381
275944,385.2320067423867
275945,682.7447204935426
275946,1238.5409313569312
275947,1049.9212142539411
275948,527.3709538205667
275949,798.9317287044875
275950,547.9766799005328
275951,1458.5883305969667
275952,1234.2557801528608
275953,605.4012444417223
275954,936.8674382044104
275955,86.92731951351861
275956,642.3646704695866
275957,558.1009033279632
275958,254.95721371730755
275959,398.24202346278474
275960,178.63690442265246
275961,1278.6417322563127
275962,1077.7839814559688
275963,549.5347641347023
275964,820.8173846500262
275965,204.00232988249334
275966,1527.2037701772454
275967,1274.7970139738657
275968,626.7207931431445
275969,957.9088325372358
275970,49.90809009462909
275971,444.9201268784035
275972,386.99470836831756
275973,181.17506913993898
275974,277.9209241450465
275975,111.81689928606473
275976,933.551249286528
275977,790.1359478038729
275978,379.3609637201068
275979,581.3617368147009
275980,141.77514714736463
275981,1098.174886895176
275982,912.8617597024046
275983,431.7846488135016
275984,689.9158966581859
275985,713.8085450351009
275986,18.03425001745468
275987,20.45010055074856
275988,4.50044904322146
275989,-2.7740978944023666
275990,104.82279432169821
275991,19.491961732276316
275992,26.732319319671568
275993,-3.754774633926368
275994,33.599549243765
275995,37.329782552883096
275996,37.16076736744694
275997,37.045573283745995
275998,6.1000909515738275
275999,20.387474015949934
276000,129.1397906659458
276001,1048.7916332398595
276002,913.3442782325641
276003,425.8555562616311
276004,643.0398827713566
276005,280.6748692838714
276006,2130.699987521858
276007,1853.4477107523057
276008,874.138570054934
276009,1350.8501538127657
276010,342.6218125752406
276011,2521.5764636867925
276012,2166.1832976158325
276013,1004.3058940295322
276014,1607.716400061156
276015,118.19702303673476
276016,844.180127829204
276017,699.8168187529475
276018,348.8473709633159
276019,535.9221943556013
276020,233.54380101978995
276021,1691.43520350652
276022,1418.1001043190743
276023,732.7999668591244
276024,1039.8017403470449
276025,276.94922010833153
276026,1987.229555523069
276027,1703.0190367317668
276028,828.7551971957492
276029,1252.445481623444
276030,752.2932985660148
276031,642.4773075790524
276032,564.069557275843
276033,256.2318728830871
276034,409.3025192675087
276035,709.5291171159023
276036,1328.8577592118847
276037,1132.2015731242393
276038,557.210455797319
276039,847.8020927858314
276040,430.6033092774597
276041,1565.919830863722
276042,1338.2997557775334
276043,649.303007465279
276044,977.135504261451
276045,92.59551742621953
276046,674.6478280119477
276047,578.6635556281561
276048,270.632361929734
276049,424.223433165584
276050,185.98548261961162
276051,1369.9723727016355
276052,1161.9218306008138
276053,579.3742661114546
276054,869.6877487313701
276055,213.13531801557772
276056,1641.4556679250977
276057,1382.496744348438
276058,672.4208206420542
276059,999.9751630696293
276060,59.52426285417431
276061,467.996167527142
276062,409.45043336438863
276063,188.14500726196513
276064,295.19712375744587
276065,127.72186161514853
276066,980.080290606386
276067,837.5854963993979
276068,389.2825002401142
276069,610.3141354393001
276070,155.13378035674788
276071,1141.8637651004663
276072,958.1117691105602
276073,455.34047069195515
276074,709.8380215701237
276075,711.8156828375226
276076,23.239296835888563
276077,24.399445158860743
276078,1.742931522794324
276079,-1.434593557134039
276080,116.24700176050338
276081,19.661843831064633
276082,27.82270869412687
276083,-15.280873190207696
276084,34.89507315939754
276085,23.18006931182339
276086,37.0636093841006
276087,39.540113260169186
276088,-6.1010640960453255
276089,21.00794144024467
276090,140.29901258055736
276091,1086.998471669575
276092,963.0485713907891
276093,443.79816001498347
276094,674.2537194879665
276095,286.3263050374416
276096,2243.6836638239147
276097,1923.9365322363442
276098,925.920666161149
276099,1424.6280834964566
276100,373.64160740995135
276101,2646.0005717008935
276102,2264.640548545174
276103,1094.383249088458
276104,1719.7895886975568
276105,129.33274131835566
276106,883.0903610506365
276107,749.4139450445525
276108,362.520175180041
276109,561.2418791949561
276110,241.11292124785444
276111,1769.7368943479605
276112,1521.7345683274336
276113,752.1150487582386
276114,1079.488303483006
276115,289.366556897269
276116,2096.797502010276
276117,1820.8762445866703
276118,865.8453955273053
276119,1309.9071611918482
276120,719.6547886147366
276121,720.7282572027648
276122,630.4924871121408
276123,303.8328411827208
276124,468.59891647049784
276125,540.7092759585462
276126,1504.5499756147717
276127,1264.0895121903723
276128,609.5421443431899
276129,908.4954126868279
276130,327.39504217449274
276131,1752.922221006825
276132,1473.7160087434686
276133,727.5994142447851
276134,1072.0912181969109
276135,115.8032297758055
276136,752.0224991057047
276137,646.7917727620137
276138,318.4301238560176
276139,483.716623995223
276140,195.8067126530216
276141,1541.8120792135462
276142,1291.6275820257702
276143,632.1638873387828
276144,930.8390013138239
276145,223.0926386553085
276146,1816.9032872129571
276147,1515.7308096731965
276148,751.1751601030176
276149,1095.388809686547
276150,80.37048775182252
276151,533.4998284276861
276152,463.4792383674669
276153,206.195016612022
276154,324.439002301638
276155,140.2269932935593
276156,1064.8828011887206
276157,908.7121471707695
276158,424.26094108638796
276159,653.6303010474384
276160,164.66936170137845
276161,1267.2249738756536
276162,1075.4311499184207
276163,532.8101456596248
276164,796.6593030805066
276165,736.2686349725393
276166,25.383968637018068
276167,31.200195400428775
276168,5.683302191770845
276169,-1.2551129731140376
276170,41.66378491945868
276171,26.769305312527223
276172,37.26143111289103
276173,-10.832384592803612
276174,39.58103987407108
276175,10.730962334554109
276176,47.59250025955923
276177,56.81176677471277
276178,2.478859682045438
276179,30.839225116454276
276180,156.56355936543295
276181,1206.2888892989959
276182,1063.6735353810873
276183,496.11431327515965
276184,745.7979996721241
276185,341.2745211294605
276186,2467.997941047658
276187,2077.490696586205
276188,1018.9933614530953
276189,1531.7107286024886
276190,392.50796669205704
276191,2973.036062724597
276192,2531.408612060531
276193,1218.0229524979654
276194,1844.1441421869936
276195,140.46098104756373
276196,979.1524153913899
276197,823.3872552269639
276198,389.8045513484335
276199,611.6371220361074
276200,287.020281552393
276201,1934.3107518815607
276202,1682.6197165998788
276203,834.6720344113336
276204,1178.8983370478352
276205,309.99682230528407
276206,2301.792040261286
276207,1971.002608143838
276208,983.5810027019477
276209,1419.3228751386418
276210,761.636941068282
276211,573.8128610881732
276212,516.9221849003445
276213,223.19519483757352
276214,369.8692145110005
276215,759.7877613748612
276216,1183.2191115791836
276217,1016.2796132744012
276218,495.6456156336507
276219,751.2414322457629
276220,667.5993626703453
276221,1398.9088773277115
276222,1198.9170064532445
276223,587.8447520212734
276224,858.1171020718012
276225,96.28408123264916
276226,603.8864274323918
276227,528.4143265171995
276228,236.3032984870419
276229,383.4977430118975
276230,180.49387117957255
276231,1223.737318804885
276232,1044.1903994126956
276233,517.8094259477875
276234,773.1270881913016
276235,195.36467576685598
276236,1457.5569459872352
276237,1229.1214819634413
276238,609.1643007226957
276239,879.1584964046266
276240,48.02443523966943
276241,417.976995874987
276242,368.8432435913321
276243,169.33277036075367
276244,269.98826014523934
276245,107.85031542777195
276246,896.5822820317537
276247,760.2920823059186
276248,353.10443946894867
276249,539.1402542917332
276250,131.67244773445682
276251,1047.0902067000545
276252,871.562642035536
276253,422.7662637192698
276254,623.478611980471
276255,724.3215984776051
276256,16.73358830443549
276257,20.758007083264502
276258,1.8433545339592676
276259,12.297517844047581
276260,279.6943698614044
276261,21.09079866990707
276262,23.328716042193243
276263,-13.38480255533088
276264,33.48103754494609
276265,54.03224720441484
276266,34.847521297604885
276267,41.08599706441246
276268,7.993830932684449
276269,33.37162789616255
276270,120.31944040281807
276271,994.5463327765157
276272,878.4274997326057
276273,408.07847401854866
276274,605.6271797029716
276275,266.9056998052527
276276,1966.243946921499
276277,1743.5423740715157
276278,822.7149055775257
276279,1279.9273585391552
276280,328.5013432983751
276281,2370.9632326649494
276282,2038.6459791618756
276283,955.9962143340791
276284,1508.2117764953396
276285,107.18339694980455
276286,790.5988772699706
276287,657.2324282481666
276288,328.74486306290703
276289,506.37956815590616
276290,220.6197172018709
276291,1581.4727826866158
276292,1346.5043831189814
276293,684.1518592322692
276294,976.084569240965
276295,250.92478007856016
276296,1868.7862845181342
276297,1603.7328280407887
276298,772.1009940301548
276299,1154.791837113503
276300,757.2555337346273
276301,569.4314537545185
276302,509.18479198780716
276303,227.2442855239633
276304,366.0190647437292
276305,755.4216425446043
276306,1178.8529927489265
276307,1008.5575088652622
276308,499.70999482343836
276309,747.4065709818894
276310,670.8798616548195
276311,1394.2683539137925
276312,1190.920497460443
276313,591.634726627399
276314,854.0078362242658
276315,91.90267389899451
276316,606.6821165399638
276317,527.8540300458889
276318,240.35238917343167
276319,379.6475932446262
276320,176.1277523493156
276321,1226.5482964158546
276322,1043.6453914447825
276323,521.8738051375751
276324,769.2922269274281
276325,190.72415235293707
276326,1460.0935190145428
276327,1228.3020694118663
276328,612.9542753288213
276329,875.0492305570912
276330,43.643027906014716
276331,413.5955885413323
276332,361.1058506787949
276333,173.38186104714345
276334,266.138110377968
276335,103.48419659751495
276336,892.2161632014968
276337,752.5699778967792
276338,357.1688186587362
276339,535.3053930278597
276340,127.03192432053788
276341,1042.4496832861355
276342,863.5661330427346
276343,426.5562383253953
276344,619.3693461329356
276345,712.7906092484616
276346,13.159140584251602
276347,13.827573784198089
276348,5.40098899763291
276349,7.9559118540601235
276350,275.32825103114743
276351,16.724679839650104
276352,15.606611633053744
276353,-9.320423365543418
276354,29.646176281072446
276355,60.695475575219156
276356,30.206997883685943
276357,33.089488071610994
276358,11.783805538809991
276359,29.262362048626944
276360,117.15365408166491
276361,994.3041599147462
276362,874.8293412919539
276363,413.44061042132455
276364,601.2860331796128
276365,262.5395809749957
276366,1961.8778280912418
276367,1735.820269662376
276368,826.7792847673132
276369,1274.2884548028076
276370,323.1889406077302
276371,2365.650829974305
276372,2029.977590892348
276373,959.1143096634787
276374,1501.626588898604
276375,104.01761062865128
276376,786.2667637696916
276377,649.5443291690051
276378,332.8432475826725
276379,500.77466974953705
276380,216.25359837161395
276381,1577.1066638563586
276382,1338.7822787098416
276383,688.2162384220568
276384,970.445665504618
276385,245.6123773879153
276386,1863.473881827489
276387,1595.064439771261
276388,775.2190893595543
276389,1148.2066495167676
276390,758.5374008194605
276391,571.225956081927
276392,510.1500815485816
276393,227.0640081380313
276394,365.83878735779723
276395,756.0996865610564
276396,1180.647495076335
276397,1009.5227984260365
276398,499.5297174375064
276399,747.2262935959574
276400,659.3370306683902
276401,1396.062856241201
276402,1191.885787021217
276403,591.4544492414669
276404,853.8275588383337
276405,93.57535265306943
276406,609.471253604995
276407,529.813954344286
276408,241.16674652512248
276409,380.46195059631697
276410,177.80043110339057
276411,1229.337433480886
276412,1045.6053157431795
276413,522.6881624892659
276414,770.1065842791189
276415,192.39683110701202
276416,1462.8826560795742
276417,1230.2619937102634
276418,613.768632680512
276419,875.8635879087819
276420,45.31570666008964
276421,416.3847256063635
276422,363.065774977192
276423,174.19621839883425
276424,266.9524677296588
276425,105.15687535158987
276426,895.005300266528
276427,754.5299021951763
276428,357.983176010427
276429,536.1197503795505
276430,128.70460307461286
276431,1045.2388203511669
276432,865.5260573411317
276433,427.3705956770861
276434,620.1837034846263
276435,714.4632880025365
276436,15.948277649282865
276437,15.787498082595212
276438,6.215346349323684
276439,8.7702692057509
276440,277.00092978522224
276441,19.513816904681356
276442,17.56653593145088
276443,-8.506066013852642
276444,30.46053363276322
276445,62.36815432929407
276446,32.9961349487172
276447,35.04941237000812
276448,12.598162890500767
276449,30.076719400317717
276450,118.82633283573979
276451,997.0932969797773
276452,876.7892655903511
276453,415.30804049669274
276454,603.153463254981
276455,264.2122597290706
276456,1964.6669651562731
276457,1737.780193960773
276458,828.6467148426815
276459,1276.155884878176
276460,324.8616193618051
276461,2368.439967039336
276462,2031.937515190745
276463,960.981739738847
276464,1503.4940189739725
276465,105.6902893827262
276466,789.0559008347228
276467,651.5042534674022
276468,334.7106776580407
276469,502.64209982490524
276470,217.9262771256889
276471,1579.89580092139
276472,1340.7422030082387
276473,690.083668497425
276474,972.3130955799862
276475,247.2850561419902
276476,1866.2630188925204
276477,1597.024364069658
276478,777.0865194349226
276479,1150.074079592136
276480,758.5374008194605
276481,571.225956081927
276482,510.1500815485816
276483,227.0640081380313
276484,365.83878735779723
276485,756.0996865610564
276486,1180.647495076335
276487,1009.5227984260365
276488,499.5297174375064
276489,747.2262935959574
276490,659.3370306683902
276491,1396.062856241201
276492,1191.885787021217
276493,591.4544492414669
276494,853.8275588383337
276495,92.84705730925023
276496,608.7429582611758
276497,529.0856590004668
276498,240.43845118130326
276499,379.7336552524978
276500,177.07213575957135
276501,1228.6091381370666
276502,1044.8770203993602
276503,521.9598671454467
276504,769.3782889352997
276505,191.6685357631928
276506,1462.1543607357548
276507,1229.533698366444
276508,613.0403373366928
276509,875.1352925649627
276510,44.58741131627043
276511,415.6564302625443
276512,362.3374796333728
276513,173.46792305501504
276514,266.2241723858396
276515,104.42858000777068
276516,894.2770049227088
276517,753.8016068513571
276518,357.2548806666078
276519,535.3914550357313
276520,127.97630773079365
276521,1044.5105250073475
276522,864.7977619973125
276523,426.6423003332669
276524,619.4554081408071
276525,713.7349926587173
276526,15.21998230546366
276527,15.059202738776007
276528,5.487051005504479
276529,8.041973861931695
276530,268.2862607969224
276531,19.79373535641213
276532,17.846454383181655
276533,-8.22614756212187
276534,30.740452084493995
276535,61.639858985474866
276536,32.26783960489799
276537,34.321117026188915
276538,11.869867546681562
276539,29.348424056498516
276540,118.09803749192059
276541,996.365001635958
276542,876.0609702465318
276543,414.57974515287356
276544,602.4251679111618
276545,264.4921781808014
276546,1964.9468836080036
276547,1738.0601124125035
276548,828.9266332944122
276549,1276.4358033299065
276550,324.1333240179859
276551,2367.711671695517
276552,2031.2092198469256
276553,960.2534443950277
276554,1502.7657236301532
276555,104.96199403890701
276556,788.3276054909036
276557,650.775958123583
276558,333.9823823142215
276559,501.91380448108606
276560,218.20619557741966
276561,1580.1757193731205
276562,1341.0221214599692
276563,690.3635869491558
276564,972.593014031717
276565,246.55676079817098
276566,1865.534723548701
276567,1596.2960687258387
276568,776.3582240911034
276569,1149.3457842483167
276570,750.2324772687753
276571,600.4746289541325
276572,525.4788810343715
276573,257.2482347136681
276574,370.45432812236896
276575,702.3968305520854
276576,1225.163069870812
276577,1027.5993346523742
276578,565.4813399323533
276579,755.3470392596456
276580,628.0819473156071
276581,1447.6014856825893
276582,1214.3249171230357
276583,648.4146552095642
276584,878.2419879508511
276585,84.55145062673385
276586,638.6032101336439
276587,545.009330734561
276588,270.5208224850498
276589,380.00510676545946
276590,173.44035144666114
276591,1274.312316147316
276592,1064.1244530895128
276593,587.6295669288755
276594,773.7734571278766
276595,202.86584288445172
276596,1526.8582888717688
276597,1265.1214204109297
276598,669.7186205933731
276599,895.8241442063687
276600,48.22522638501981
276601,439.7376865903521
276602,374.0793264088084
276603,196.9148685415741
276604,265.2687356937199
276605,107.31335148724868
276606,927.8008532254227
276607,776.6526100713098
276608,417.63195714817294
276609,539.9025375385501
276610,141.33166532649844
276611,1094.231828495867
276612,901.1857596316382
276613,474.9586668976232
276614,633.4159365733177
276615,710.1262814652085
276616,9.392364996980865
276617,4.075273858816966
276618,-18.704703171065663
276619,13.974302098911105
276620,85.79632007837681
276621,10.282120938748648
276622,9.789536854686157
276623,-17.137279613444946
276624,32.27769054209079
276625,14.107253949602041
276626,28.571630977445192
276627,20.723495222286505
276628,-4.14970154010523
276629,44.91538158589328
276630,110.10538496070751
276631,1013.3586512563953
276632,844.1107376438727
276633,447.25168311032337
276634,575.700425327795
276635,254.62491963809867
276636,2088.3840153994993
276637,1762.6169632229364
276638,903.8116732867838
276639,1265.893226675435
276640,315.6627946167127
276641,2456.193243007347
276642,2053.725478025817
276643,1055.1617667405867
276644,1466.8743430727056
276645,103.68934724640854
276646,822.620703263236
276647,663.0577972682948
276648,363.39241027936083
276649,490.69282060968453
276650,216.0357489954316
276651,1666.8754027065197
276652,1369.2766771912375
276653,751.6342811187685
276654,972.4968840793767
276655,252.6703867294087
276656,1955.8989733685041
276657,1640.8119965814267
276658,873.2302937625783
276659,1137.9584844576161
276660,756.3265793314638
276661,629.421510949917
276662,542.0697425312595
276663,271.51960535181337
276664,395.08322783828555
276665,714.4880878921249
276666,1315.2764943746852
276667,1109.676290171592
276668,595.8279615125018
276669,807.4310975152669
276670,467.36665135409044
276671,1554.7295825982642
276672,1318.165489396628
276673,692.8235378365173
276674,921.7237481821691
276675,88.83387815075476
276676,670.682964324924
276677,565.3685796836729
276678,286.7030903008723
276679,406.5449036590533
276680,179.4031592549402
276681,1365.4395532415585
276682,1148.0588988832774
276683,617.976188509024
276684,825.8575153834978
276685,210.613060628856
276686,1640.9067832685407
276687,1372.6177474344215
276688,715.925767695679
276689,941.1041689130395
276690,56.45562875588481
276691,462.6103238880099
276692,396.33164805379874
276693,204.3919262669966
276694,283.10332249691385
276695,121.83254342765248
276696,974.1264911941997
276697,823.8987553157539
276698,428.0606132715766
276699,572.0686303374266
276700,153.30452814720158
276701,1137.7173033500767
276702,946.2323656887129
276703,499.02160837947287
276704,656.5517556595328
276705,701.543331932474
276706,14.722999596232532
276707,8.150206247746988
276708,-20.626109956197908
276709,23.89424080066786
276710,71.96380812095305
276711,10.577590818354757
276712,11.00551400995924
276713,-27.82726743443143
276714,39.23198308568188
276715,-9.548047207483917
276716,28.600060774916667
276717,23.343622979527495
276718,-15.514745852429522
276719,51.19461763814652
276720,121.7845993357818
276721,1060.7904744203283
276722,903.0400155363146
276723,467.6071693162146
276724,609.6740955226362
276725,260.7963478521313
276726,2210.592676435773
276727,1842.3307694411924
276728,958.0066518455385
276729,1347.711212862637
276730,347.202581911886
276731,2589.842335755665
276732,2161.4077136893757
276733,1147.652004252051
276734,1586.9875882126175
276735,115.34505798849234
276736,866.9181667518225
276737,718.0421538270539
276738,379.478096948625
276739,520.3966912678991
276740,224.1248616839588
276741,1750.5643238151147
276742,1478.2983714667514
276743,773.3622454704216
276744,1021.8478560594777
276745,265.60771597880876
276746,2070.854150122867
276747,1764.0564347034847
276748,912.7333745466735
276749,1205.0845728701588
276750,734.5673537948487
276751,711.1490168574534
276752,611.9692286513814
276753,328.5792239922738
276754,457.47247064754407
276755,560.9517940302296
276756,1494.4452670613957
276757,1245.0407855215485
276758,657.6183003991996
276759,876.0385067267475
276760,326.78494704837743
276761,1745.208529025191
276762,1457.0582986463867
276763,780.5785949568501
276764,1024.5935514281152
276765,115.5181467841647
276766,751.534191702505
276767,636.9733531013545
276768,343.9595025679826
276769,469.1309400949617
276770,192.70094557217405
276771,1540.7558160372928
276772,1281.2412065920573
276773,680.2244600771792
276774,894.9228572764358
276775,224.04693755241064
276776,1819.8309588402237
276777,1509.3283690430037
276778,804.1387574974692
276779,1044.4319048404413
276780,80.77840993735691
276781,531.5905410723776
276782,453.83700934070083
276783,231.90058595788028
276784,315.4380466473754
276785,137.81423138988714
276786,1062.4055580603579
276787,898.5019623709495
276788,472.497704458677
276789,623.2988852560491
276790,166.31666577565602
276791,1266.5550684090877
276792,1067.028302780397
276793,585.9499336879695
276794,751.2871264803998
276795,732.4344220885753
276796,20.344227681185927
276797,18.427512773138865
276798,-7.227088946394689
276799,27.851787527633807
276800,-4.651069870768765
276801,21.161608583641208
276802,23.92079271254724
276803,-13.920128496200583
276804,43.687199747387886
276805,-15.5590161636688
276806,42.60550793419919
276807,44.091832777894986
276808,2.523828266487968
276809,60.79515126138858
276810,145.59103669704203
276811,1197.4225875698169
276812,1021.0066750466815
276813,532.7818769972365
276814,689.8162229122386
276815,318.69280038523954
276816,2447.6549950442886
276817,2016.6859833402073
276818,1062.5101017805846
276819,1469.1863041651009
276820,373.54809421785416
276821,2946.853156434336
276822,2458.1511068597006
276823,1277.3934661130404
276824,1711.6648676713876
276825,132.84450140278236
276826,969.3514247776582
276827,798.3866676945476
276828,419.0745697878236
276829,571.8439893368779
276830,276.4034256735792
276831,1921.509385033797
276832,1645.5547234242786
276833,868.2313277943229
276834,1129.5323436208678
276835,293.7096016498092
276836,2283.320308636862
276837,1921.6544185236378
276838,1036.0242824227576
276839,1319.968850135622
276840,764.7579112825878
276841,568.807784255808
276842,502.973089952531
276843,234.23589453179503
276844,350.1378500334448
276845,772.908148347639
276846,1177.6885665387535
276847,1001.8050501185244
276848,525.6039721138561
276849,708.0837586389359
276850,721.3289213631068
276851,1395.7693488590232
276852,1186.8334598691085
276853,622.7061331575329
276854,822.0698189804323
276855,95.11215372762958
276856,607.9722835421383
276857,523.1700703694864
276858,248.1269940836754
276859,360.3071404570342
276860,176.50125958534645
276861,1227.2552191415775
276862,1038.3781874919287
276863,547.7521991103783
276864,726.5101765071669
276865,196.01580906052467
276866,1463.4658628956695
276867,1225.7002866144162
276868,644.0100985413418
276869,839.6519752359499
276870,47.54551291182529
276871,420.64187203262463
276872,363.775178077512
276873,181.33265659128
276874,252.38238583637482
276875,104.55070901072106
276876,898.6792024163376
276877,754.6560610190447
276878,383.2234032654319
276879,498.1080708535955
276880,133.01658620530094
276881,1051.5781436563796
276882,868.317637320404
276883,457.7882521718086
276884,589.5568190577931
276885,719.4549364597625
276886,16.268010861549367
276887,12.559487968920624
276888,-15.802824067607412
276889,17.915584964373025
276890,215.4311795592808
276891,20.057265453967073
276892,14.56224115479552
276893,-22.163279684597985
276894,23.713313970099204
276895,40.91403387527023
276896,34.43469248519088
276897,32.940226580540724
276898,2.34806629125687
276899,42.44400017266572
276900,109.35650204508724
276901,984.3587954624725
276902,829.618301097621
276903,430.27471458972093
276904,542.0688966792858
276905,248.9272175069874
276906,1949.1734194685584
276907,1658.2613782437893
276908,851.3537670170331
276909,1201.4360738215155
276910,313.1605667844102
276911,2334.37223075198
276912,1941.8975170384963
276913,1005.8178452527907
276914,1394.3349670479508
276915,101.5803184407736
276916,786.487492617824
276917,637.9214466773354
276918,344.9231460352195
276919,468.0922824191841
276920,212.01626245880792
276921,1574.3610218004371
276922,1315.1289959049664
276923,702.7850616333585
276924,918.406268982308
276925,238.67196859759395
276926,1858.0251668940523
276927,1568.7080840888705
276928,816.3749787384293
276929,1070.4310010780553
276930,765.0859959324749
276931,569.7305273066585
276932,503.89583300338165
276933,235.1586375826458
276934,341.7566014978227
276935,776.1888457077138
276936,1176.7091198114265
276937,1000.8256033911972
276938,524.4456357895231
276939,701.0273016039109
276940,729.5780284113872
276941,1394.7899021316962
276942,1185.8540131417815
276943,621.5477968331999
276944,815.0133619454073
276945,95.40860705485083
276946,607.5292300510555
276947,524.3241874644054
276948,249.2811111785945
276949,358.2566382461285
276950,176.22269052866685
276951,1227.4152405513023
276952,1040.1353794876552
276953,549.330501509099
276954,729.2633190961046
276955,196.31226238774588
276956,1463.6258843053943
276957,1227.4574786101427
276958,645.5884009400625
276959,842.4051178248876
276960,47.14896106187112
276961,423.28345776068875
276962,366.4167638055761
276963,183.97424231934394
276964,251.8193522586139
276965,103.57913477686607
276966,901.9238630452087
276967,757.9007216479158
276968,386.28917429729756
276969,502.34868207567814
276970,132.62003435534672
276971,1054.822804285251
276972,871.562297949275
276973,460.8540232036743
276974,593.7974302798756
276975,719.0583846098083
276976,18.909596589613347
276977,15.201073696984606
276978,-13.16123833954343
276979,24.857778830342973
276980,203.59814839089742
276981,23.30192608283833
276982,17.806901783666778
276983,-19.09750865273245
276984,30.15135180365199
276985,40.51748202531607
276986,37.679353114062145
276987,36.18488720941198
276988,5.413837323122399
276989,48.88203800621852
276990,111.19152529487054
276991,992.2001882031198
276992,837.4596938382683
276993,441.0652409737304
276994,540.1819044015098
276995,247.34921422879404
276996,1957.6178871100135
276997,1666.7058458852443
276998,862.5684787048439
276999,1208.4178768800346
277000,314.9955900341935
277001,2342.816698393434
277002,1950.3419846799513
277003,1017.0325569406014
277004,1401.31677010647
277005,104.50842961115224
277006,787.1091941597375
277007,638.5431482192489
277008,348.49398122049485
277009,467.3533738062278
277010,211.5313471012099
277011,1575.585798243158
277012,1316.3537723476873
277013,706.7800821224355
277014,922.036361825669
277015,241.6000797679725
277016,1859.2499433367732
277017,1569.9328605315914
277018,820.3699992275062
277019,1074.0610939214166
277020,765.6892837944962
277021,570.846450411255
277022,504.18254334134406
277023,235.09835448221818
277024,341.6963183973951
277025,776.188310501354
277026,1177.8250429160232
277027,1001.1123137291596
277028,524.3853526890954
277029,700.9670185034832
277030,717.356618202146
277031,1395.905825236293
277032,1186.1407234797439
277033,621.4875137327722
277034,814.9530788449796
277035,95.40807184849105
277036,608.645153155652
277037,524.6108978023678
277038,249.22082807816687
277039,358.19635514570086
277040,176.22215532230703
277041,1228.531163655899
277042,1040.4220898256176
277043,549.2702184086713
277044,729.2030359956769
277045,196.3117271813861
277046,1464.741807409991
277047,1227.7441889481051
277048,645.5281178396348
277049,842.3448347244599
277050,47.148425855511334
277051,424.39938086528525
277052,366.70347414353853
277053,183.91395921891632
277054,251.75906915818626
277055,103.57859957050628
277056,903.0397861498052
277057,758.1874319858782
277058,386.22889119686994
277059,502.2883989752505
277060,132.61949914898693
277061,1055.9387273898478
277062,871.8490082872374
277063,460.79374010324665
277064,593.7371471794479
277065,719.0578494034485
277066,20.02551969420989
277067,15.487784034947023
277068,-13.221521439971063
277069,24.79749572991534
277070,203.59761318453764
277071,24.417849187434875
277072,18.093612121629192
277073,-19.157791753160083
277074,30.09106870322436
277075,40.516946818956285
277076,38.795276218658685
277077,36.471597547374394
277078,5.353554222694765
277079,48.82175490579088
277080,111.19099008851076
277081,993.3161113077163
277082,837.7464041762307
277083,442.0580305969802
277084,541.1746940247596
277085,247.34867902243425
277086,1958.7338102146102
277087,1666.9925562232067
277088,863.5612683280937
277089,1209.4106665032846
277090,314.9950548278337
277091,2343.9326214980306
277092,1950.6286950179137
277093,1018.0253465638511
277094,1402.30955972972
277095,104.50789440479245
277096,788.225117264334
277097,638.8298585572113
277098,349.48677084374464
277099,468.3461634294776
277100,211.5308118948501
277101,1576.7017213477548
277102,1316.6404826856497
277103,707.7728717456853
277104,923.0291514489188
277105,241.5995445616127
277106,1860.36586644137
277107,1570.2195708695538
277108,821.362788850756
277109,1075.0538835446666
277110,767.58235580177
277111,574.2254455485661
277112,507.56153847865505
277113,238.47734961952904
277114,345.075313534706
277115,775.1287697984401
277116,1183.106227831512
277117,1006.3934986446482
277118,529.84542720159
277119,703.0212221401969
277120,719.2496902094198
277121,1401.1870101517816
277122,1191.4219083952325
277123,626.9475882452668
277124,817.0072824816932
277125,97.30114385576488
277126,607.5000875849078
277127,523.4658322316236
277128,248.07576250742252
277129,354.67372642259977
277130,178.69024971348168
277131,1226.7830231843473
277132,1038.6739493540658
277133,547.7009675341254
277134,720.8767624727323
277135,198.2047991886599
277136,1462.9936669384392
277137,1225.9960484765534
277138,643.9588669650889
277139,834.0185612015152
277140,49.04149786278516
277141,423.25431529454096
277142,365.55840857279424
277143,182.76889364817197
277144,248.23644043508511
277145,106.04669396168093
277146,901.2916456782536
277147,756.4392915143267
277148,384.6596403223241
277149,493.96212545230594
277150,134.51257115626075
277151,1054.190586918296
277152,870.1008678156859
277153,459.2244892287008
277154,585.4108736565032
277155,720.9509214107222
277156,18.880454123465555
277157,14.342718464202687
277158,-14.3665870107154
277159,21.274867006814194
277160,199.90912427975738
277161,22.669708715883267
277162,16.345471650077585
277163,-20.727042627705963
277164,27.072596012540373
277165,42.410018826230115
277166,37.04713574710707
277167,34.72345707582278
277168,3.784303348148883
277169,45.80328221510688
277170,113.08406209578456
277171,992.171045736972
277172,836.6013386054865
277173,440.9129650262359
277174,537.6520653016585
277175,252.65477755768472
277176,1956.9856697430585
277177,1665.244415751655
277178,861.9920174535478
277179,1197.0192424438885
277180,316.88812683510764
277181,2342.1844810264797
277182,1948.880554546362
277183,1016.4560956893054
277184,1389.9181356703239
277185,106.40096641206627
277186,790.6704296285733
277187,641.2751709214506
277188,351.93208320798396
277189,464.8235347063765
277190,216.83691043010052
277191,1578.5439588111867
277192,1318.4827201490816
277193,709.7939988061229
277194,915.1375212695002
277195,243.49261656888655
277196,1862.2081039048019
277197,1572.0618083329857
277198,823.3839159111936
277199,1067.1622533652478
277200,754.737945326075
277201,607.0606785424328
277202,532.0649306226719
277203,263.8342843019683
277204,364.57545776460574
277205,706.9022986093851
277206,1231.7491194591116
277207,1034.1853842406738
277208,572.0673895206537
277209,747.4131858075436
277210,632.5874153729068
277211,1454.187535270889
277212,1220.9109667113353
277213,655.0007047978646
277214,870.3081344987492
277215,89.0252873613674
277216,639.2994024719557
277217,547.3026936588745
277218,272.8141854093631
277219,373.55535887200057
277220,177.91418818129463
277221,1275.008508485627
277222,1066.4178160138256
277223,589.9229298531891
277224,765.268726140079
277225,207.33967961908522
277226,1527.5544812100798
277227,1267.4147833352424
277228,672.0119835176866
277229,887.3194132185712
277230,52.00605794247794
277231,443.5185181478103
277232,377.8601579662666
277233,200.69570009903217
277234,260.3064564334059
277235,111.09418304470681
277236,931.581684782881
277237,780.4334416287682
277238,421.41278870563116
277239,532.8852751838973
277240,145.1124968839565
277241,1098.0126600533247
277242,904.9665911890966
277243,478.7394984550814
277244,626.398674218665
277245,713.9071130226669
277246,13.173196554438988
277247,7.85610541627509
277248,-14.923871613607528
277249,16.517250282327964
277250,71.42810028932962
277251,14.062952496206764
277252,13.570368412144276
277253,-13.356448055986823
277254,32.765655631168656
277255,7.76248695100735
277256,32.35246253490337
277257,24.504326779744634
277258,-0.36886998264710397
277259,45.40334667497115
277260,121.07955473450257
277261,1027.3010529430362
277262,858.053139330514
277263,464.1432184403265
277264,574.3759504840657
277265,265.59908941189383
277266,2102.3264170861403
277267,1776.5593649095774
277268,920.703208616787
277269,1262.5137687373665
277270,326.6369643905079
277271,2470.135644693988
277272,2067.667879712458
277273,1072.0533020705898
277274,1463.4948851346371
277275,116.58973487458685
277276,833.7669216199148
277277,674.2040156249736
277278,377.4877622794013
277279,491.3495593645625
277280,228.93613662360983
277281,1678.0216210631982
277282,1380.422895547916
277283,765.7296331188091
277284,971.0986397399158
277285,265.570774357587
277286,1967.0451917251826
277287,1651.9582149381051
277288,887.3256457626189
277289,1136.560240118155
277290,760.090017766265
277291,635.2655309157188
277292,547.9137624970614
277293,278.10565494011354
277294,389.20435748052233
277295,718.251526326926
277296,1321.1205143404861
277297,1115.520310137393
277298,602.4140111008022
277299,799.4972440631649
277300,471.1300897888913
277301,1560.5736025640651
277302,1324.0095093624288
277303,699.4095874248177
277304,913.7898947300671
277305,92.56568526288972
277306,670.6371270407373
277307,566.9199129854879
277308,288.99645322518563
277309,400.0951557655944
277310,183.1349663670751
277311,1365.393715957371
277312,1149.6102321850915
277313,620.2695514333376
277314,817.3527843957003
277315,214.3448677409909
277316,1640.860945984353
277317,1374.1690807362356
277318,718.2191306199926
277319,932.599437925242
277320,59.494430690844354
277321,465.64912582296944
277322,399.3704499887583
277323,208.17275782445466
277324,278.14104323659984
277325,124.87134536261198
277326,977.1652931291595
277327,826.9375572507137
277328,431.8414448290348
277329,565.0513679827739
277330,156.34333008216106
277331,1140.7561052850358
277332,949.2711676236727
277333,502.8024399369311
277334,649.53449330488
277335,707.5293061842657
277336,17.761801531192077
277337,11.18900818270651
277338,-16.845278398739783
277339,26.437188984084706
277340,89.13032513131618
277341,13.616392753314289
277342,14.044315944918775
277343,-24.0464358769733
277344,39.71994817475975
277345,13.145911174738998
277346,31.638862709876225
277347,26.38242491448702
277348,-11.733914294971404
277349,51.682582727224386
277350,132.01673948707815
277351,1073.9908464844707
277352,916.2403876004574
277353,484.49870464621773
277354,608.349620678907
277355,271.02848800342787
277356,2223.793048499915
277357,1855.5311415053347
277358,978.999830431234
277359,1344.3317549245685
277360,357.43472206318256
277361,2603.042707819807
277362,2174.608085753518
277363,1164.543539582054
277364,1583.608130274549
277365,127.50341599417182
277366,877.3223554860027
277367,728.4463425612341
277368,393.5734489486655
277369,521.0534300227771
277370,236.28321968963834
277371,1760.9685125492945
277372,1488.7025602009312
277373,791.5592407261546
277374,1020.4496117200168
277375,277.7660739844884
277376,2081.2583388570465
277377,1774.4606234376645
277378,926.8287265467142
277379,1203.6863285306977
277380,734.5557292679161
277381,713.2179738615215
277382,614.0381856554495
277383,330.8457604339093
277384,446.21602404381616
277385,560.9401695032968
277386,1496.5142240654634
277387,1247.1097425256162
277388,659.8848368408351
277389,858.9141585328183
277390,326.77332252144487
277391,1747.2774860292586
277392,1459.1272556504543
277393,782.8451313984856
277394,1007.4692032341856
277395,115.47489093456602
277396,747.7132914565846
277397,634.7496234414358
277398,341.93335234563125
277399,457.30361595553813
277400,192.6576897225754
277401,1536.9349157913718
277402,1279.0174769321382
277403,678.1983098548278
277404,877.227631546811
277405,224.003681702812
277406,1816.0100585943028
277407,1507.1046393830845
277408,802.1126072751179
277409,1026.7366791108182
277410,80.04214891058291
277411,530.8542800456037
277412,453.1007483139269
277413,231.3619043686736
277414,305.0981911410967
277415,137.07797036311308
277416,1061.6692970335837
277417,897.7657013441756
277418,471.9590228694705
277419,607.091128159569
277420,165.58040474888196
277421,1265.8188073823135
277422,1066.292041753623
277423,585.4112520987629
277424,735.0793693839198
277425,731.6837516413727
277426,19.60796665441189
277427,17.69125174636485
277428,-7.765770535601284
277429,25.017159465085935
277430,12.95764056925596
277431,20.42534755686718
277432,23.184531685773216
277433,-14.458810085407174
277434,40.77994821738369
277435,0.39829751956004905
277436,41.86924690742518
277437,43.35557175112098
277438,1.9851466772813628
277439,57.887899731384366
277440,149.397897671526
277441,1194.3978755134638
277442,1017.9819629903282
277443,541.9539951005565
277444,679.7142677425261
277445,322.4996613597237
277446,2444.6302829879355
277447,2013.6612712838544
277448,1075.7838631395973
277449,1451.380205421926
277450,377.3549551923383
277451,2943.828444377983
277452,2455.1263948033475
277453,1286.5655842163608
277454,1693.8587689282126
277455,138.37435011674904
277456,973.1271042201253
277457,802.1623471370146
277458,425.99696231122
277459,564.2697055158116
277460,281.93327438754596
277461,1925.2850644762639
277462,1649.3304028667455
277463,879.2553635734115
277464,1114.253916226339
277465,299.239450363776
277466,2287.095988079329
277467,1925.4300979661048
277468,1042.9466749461542
277469,1304.6904227410932
277470,758.4908596630675
277471,569.3082526596743
277472,503.4735583563973
277473,238.1115590922554
277474,337.50716438728995
277475,766.6410967281187
277476,1178.1890349426199
277477,1002.30551852239
277478,529.4796366743162
277479,689.5851714025795
277480,714.3140554340534
277481,1395.5220029533566
277482,1186.586113963442
277483,625.8339834084601
277484,802.8234174345428
277485,95.97652033293852
277486,604.6288733491926
277487,521.4238307625426
277488,249.7559506333256
277489,349.1515559283603
277490,177.36562619065526
277491,1223.911808948632
277492,1036.6319478849848
277493,549.3811556600283
277494,709.4866903882915
277495,196.13236135630046
277496,1459.374638393191
277497,1223.2062326979394
277498,644.8912407814588
277499,821.8806748075415
277500,47.71687433995878
277501,420.3831010588258
277502,363.51640710371316
277503,184.44908177407495
277504,242.7142699408456
277505,104.72207043885456
277506,898.4204314425385
277507,754.3972900452457
277508,386.3398284482271
277509,482.5720533678652
277510,132.4401333239013
277511,1050.5715583730478
277512,867.3110520370718
277513,460.15686304507074
277514,573.2729872625295
277515,720.7961252057912
277516,16.009239887750407
277517,12.300716995121666
277518,-12.686398884812416
277519,15.752696512574762
277520,275.10888057231006
277521,19.798494480168134
277522,14.303470180996559
277523,-19.046854501802983
277524,21.477802050844595
277525,64.7637368660306
277526,34.17592151139193
277527,32.68145560674175
277528,5.464491474051876
277529,40.20848825341113
277530,112.1858365290427
277531,989.2998315012569
277532,834.5593371364055
277533,441.54008042846147
277534,531.0768220837415
277535,251.75655199094274
277536,1954.114455507343
277537,1663.202414282574
277538,866.7207761114656
277539,1182.7398556525088
277540,315.9899012683657
277541,2339.3132667907644
277542,1946.838553077281
277543,1017.0832110915311
277544,1375.6387488789442
277545,105.5027408453244
277546,787.7992153928582
277547,639.2331694523696
277548,352.55919861020953
277549,458.24829148845964
277550,215.93868486335853
277551,1575.6727445754714
277552,1316.4407186800006
277553,714.5227574640408
277554,900.8581344781209
277555,242.59439100214482
277556,1859.3368896690865
277557,1570.0198068639047
277558,824.011031313419
277559,1052.8828665738681
277560,758.4908596630675
277561,569.3082526596743
277562,503.4735583563973
277563,238.1115590922554
277564,337.50716438728995
277565,766.6410967281187
277566,1178.1890349426199
277567,1002.30551852239
277568,529.4796366743162
277569,689.5851714025795
277570,721.7863378457693
277571,1395.073262966679
277572,1186.1373739767644
277573,625.3852434217827
277574,802.3746774478653
277575,95.97652033293852
277576,604.6288733491926
277577,521.4238307625426
277578,249.7559506333256
277579,349.1515559283603
277580,177.36562619065526
277581,1223.911808948632
277582,1036.6319478849848
277583,549.3811556600283
277584,709.4866903882915
277585,195.68362136962298
277586,1458.9258984065134
277587,1222.7574927112619
277588,644.4425007947814
277589,821.4319348208641
277590,47.71687433995878
277591,420.3831010588258
277592,363.51640710371316
277593,184.44908177407495
277594,242.7142699408456
277595,104.72207043885456
277596,898.4204314425385
277597,754.3972900452457
277598,386.3398284482271
277599,482.5720533678652
277600,131.99139333722383
277601,1050.1228183863702
277602,866.8623120503944
277603,459.7081230583933
277604,572.824247275852
277605,720.7961252057912
277606,16.009239887750407
277607,12.300716995121666
277608,-12.686398884812416
277609,15.752696512574762
277610,275.10888057231006
277611,19.798494480168134
277612,14.303470180996559
277613,-19.046854501802983
277614,21.477802050844595
277615,64.7637368660306
277616,34.17592151139193
277617,32.68145560674175
277618,5.464491474051876
277619,40.20848825341113
277620,112.1858365290427
277621,989.2998315012569
277622,834.5593371364055
277623,441.54008042846147
277624,531.0768220837415
277625,251.75655199094274
277626,1954.114455507343
277627,1663.202414282574
277628,866.7207761114656
277629,1182.7398556525088
277630,315.9899012683657
277631,2339.3132667907644
277632,1946.838553077281
277633,1017.0832110915311
277634,1375.6387488789442
277635,105.5027408453244
277636,787.7992153928582
277637,639.2331694523696
277638,352.55919861020953
277639,458.24829148845964
277640,215.93868486335853
277641,1575.6727445754714
277642,1316.4407186800006
277643,714.5227574640408
277644,900.8581344781209
277645,242.59439100214482
277646,1859.3368896690865
277647,1570.0198068639047
277648,824.011031313419
277649,1052.8828665738681
277650,759.0941475250887
277651,570.4241757642708
277652,503.7602686943597
277653,238.05127599182777
277654,337.4468812868623
277655,766.6405615217589
277656,1179.3049580472166
277657,1002.5922288603524
277658,529.4193535738885
277659,689.5248883021518
277660,708.9911697645226
277661,1395.6154281992704
277662,1185.8503264427213
277663,624.7512024493495
277664,801.7406364754322
277665,95.97598512657873
277666,605.7447964537891
277667,521.710541100505
277668,249.69566753289797
277669,349.0912728279327
277670,177.3650909842955
277671,1225.0277320532286
277672,1036.9186582229472
277673,549.3208725596006
277674,709.4264072878639
277675,195.10932829125775
277676,1459.4680636391047
277677,1222.4704451772188
277678,643.8084598223483
277679,820.7978938484309
277680,47.71633913359899
277681,421.4990241634223
277682,363.80311744167557
277683,184.38879867364733
277684,242.65398684041799
277685,104.72153523249477
277686,899.536354547135
277687,754.6840003832081
277688,386.27954534779946
277689,482.51177026743756
277690,131.4171002588586
277691,1050.6649836189615
277692,866.5752645163514
277693,459.0740820859602
277694,572.1902063034189
277695,720.7955899994314
277696,17.12516299234695
277697,12.587427333084083
277698,-12.746681985240048
277699,15.692413412147129
277700,275.10834536595024
277701,20.914417584764678
277702,14.590180518958975
277703,-19.107137602230615
277704,21.417518950416962
277705,64.76320165967081
277706,35.29184461598847
277707,32.96816594470416
277708,5.4042083736242414
277709,40.14820515298349
277710,112.18530132268292
277711,990.4157546058534
277712,834.8460474743679
277713,442.53287005171126
277714,532.0696117069913
277715,251.75601678458295
277716,1955.2303786119398
277717,1663.4891246205364
277718,867.7135657347154
277719,1183.7326452757588
277720,315.9893660620059
277721,2340.429189895361
277722,1947.1252634152434
277723,1018.0760007147809
277724,1376.6315385021942
277725,105.50220563896461
277726,788.9151384974547
277727,639.519879790332
277728,353.5519882334593
277729,459.24108111170943
277730,215.93814965699875
277731,1576.788667680068
277732,1316.727429017963
277733,715.5155470872905
277734,901.8509241013707
277735,242.59385579578503
277736,1860.4528127736833
277737,1570.306517201867
277738,825.0038209366688
277739,1053.8756561971181
277740,757.2533144404813
277741,568.5833426796632
277742,501.9194356097521
277743,236.21044290722023
277744,335.6060482022547
277745,764.7997284371514
277746,1177.464124962609
277747,1000.7513957757449
277748,527.5785204892811
277749,687.6840552175444
277750,707.0975880494431
277751,1393.7218464841908
277752,1183.9567447276418
277753,622.85762073427
277754,799.8470547603526
277755,94.13515204197135
277756,603.9039633691817
277757,519.8697080158976
277758,247.85483444829043
277759,347.2504397433251
277760,175.52425789968797
277761,1223.186898968621
277762,1035.0778251383397
277763,547.4800394749932
277764,707.5855742032564
277765,193.21574657617808
277766,1457.5744819240251
277767,1220.5768634621393
277768,641.9148781072687
277769,818.9043121333514
277770,45.87550604899147
277771,419.6581910788147
277772,361.962284357068
277773,182.5479655890398
277774,240.81315375581045
277775,102.8807021478873
277776,897.6955214625276
277777,752.8431672986006
277778,384.43871226319186
277779,480.67093718282996
277780,129.52351854377892
277781,1048.771401903882
277782,864.6816828012718
277783,457.1805003708805
277784,570.2966245883393
277785,721.7823215223774
277786,16.77605267723649
277787,12.238317017973628
277788,-13.09579230035051
277789,15.343303097036678
277790,260.5475252687946
277791,20.56530726965421
277792,14.241070203848524
277793,-19.45624791734108
277794,21.068408635306508
277795,65.69718455214459
277796,34.88998567040589
277797,32.56630699912156
277798,5.002349428041665
277799,39.74634620740091
277800,110.86228682000984
277801,989.0927401031804
277802,833.5230329716949
277803,441.209855549038
277804,530.7465972043183
277805,250.43300228190967
277806,1953.9073641092666
277807,1662.1661101178631
277808,866.3905512320424
277809,1182.4096307730856
277810,314.6136029288606
277811,2339.053426762216
277812,1945.749500282098
277813,1016.7002375816356
277814,1375.255775369049
277815,104.17919113629151
277816,787.5921239947817
277817,638.196865287659
277818,352.2289737307861
277819,457.9180666090362
277820,214.61513515432557
277821,1575.4656531773949
277822,1315.4044145152898
277823,714.1925325846175
277824,900.5279095986976
277825,241.2180926626396
277826,1859.077049640538
277827,1568.9307540687219
277828,823.6280578035237
277829,1052.4998930639729
277830,744.4089039647863
277831,601.4185756735302
277832,526.4228277537692
277833,261.56737758965943
277834,355.10619243215444
277835,696.5732572480963
277836,1226.1070165902088
277837,1028.543281371771
277838,569.8004828083448
277839,734.1310019792301
277840,620.4353132129297
277841,1446.7223716032981
277842,1213.4458030437445
277843,650.9107372868677
277844,855.2028898717475
277845,85.85929554757377
277846,635.7032782562296
277847,543.7065694431485
277848,272.5932573502309
277849,366.1320721927259
277850,174.74819636750092
277851,1271.412384269901
277852,1062.8216917980994
277853,589.7020017940569
277854,754.0325209649421
277855,202.3506270066034
277856,1519.9586990539424
277857,1259.819001179105
277858,669.9679946598665
277859,874.2601472447462
277860,48.84006612868426
277861,439.92239393208405
277862,374.26403375054036
277863,200.4747720399
277864,252.8831697541313
277865,107.92819123091319
277866,927.985560567155
277867,776.8373174130421
277868,421.1918606464989
277869,521.6490700087604
277870,140.12344427147468
277871,1092.5934750389106
277872,899.5474061746825
277873,476.6955095972611
277874,613.33940824484
277875,714.738513134322
277876,11.068795108209944
277877,5.7517039700460355
277878,-13.653076903242617
277879,10.585686372550441
277880,101.9222461127884
277881,11.958551049977716
277882,11.465966965915221
277883,-12.08565334562192
277884,28.81645134827375
277885,31.049652676921774
277886,30.195312458202118
277887,22.347176703043456
277888,0.8491760972456815
277889,41.40139376160415
277890,118.85777945872778
277891,1024.2227473092444
277892,854.9748336967224
277893,464.44010896312864
277894,567.4704823867255
277895,263.3773141361188
277896,2099.248111452349
277897,1773.4810592757856
277898,925.1017423952817
277899,1249.9591401609025
277900,324.36244048426084
277901,2467.0045904297244
277902,2064.5368254481946
277903,1072.29744396292
277904,1450.887507927701
277905,114.36795959881208
277906,830.6886159861232
277907,671.125709991182
277908,377.7846528022034
277909,484.4440912672222
277910,226.71436134783494
277911,1674.9433154294063
277912,1377.344589914124
277913,770.1281668973037
277914,958.5440111634522
277915,263.29625045134
277916,1963.9141374609187
277917,1648.8271606738413
277918,887.5697876549491
277919,1123.952862911219
277920,753.0018997146341
277921,627.0831668078725
277922,542.0824026079486
277923,277.40883169166
277924,377.95445789689876
277925,711.1634082752951
277926,1312.93815023264
277927,1109.6889502482802
277928,601.7171878523486
277929,781.1863248475199
277930,462.2189109385725
277931,1550.5681776575311
277932,1316.3550886746282
277933,696.889703377676
277934,893.6559147157341
277935,89.11499221405813
277936,664.5007415860676
277937,563.1345317495518
277938,290.3456086299087
277939,390.8912348351475
277940,179.68427331824338
277941,1359.2573305027015
277942,1145.8248509491555
277943,621.6187068380607
277944,801.087843833232
277945,209.07111389347108
277946,1630.7249025892725
277947,1366.3840415598884
277948,717.7452252260276
277949,914.5114365640857
277950,56.043737642012736
277951,459.5127403682998
277952,395.5850687528221
277953,209.52191322917778
277954,268.9371223061529
277955,121.42065231378038
277956,971.0289076744899
277957,823.1521760147775
277958,433.1906002337579
277959,548.7864274203056
277960,151.06957623464123
277961,1132.7966590316785
277962,943.6627255890485
277963,502.32853454296594
277964,631.4464919437237
277965,706.4408017834501
277966,14.429107885418635
277967,10.207318755666519
277968,-12.69243118512052
277969,20.03695986253393
277970,95.38406624010749
277971,10.283699107540846
277972,13.06262651787879
277973,-19.893588663354038
277974,37.63095026394521
277975,17.80518825775112
277976,28.253420433630634
277977,25.34798685697492
277978,-7.633815711824248
277979,49.54083618593774
277980,130.82223201566438
277981,1069.6842486511346
277982,914.2847939858549
277983,487.6776476722741
277984,600.9754873697937
277985,269.8339805320139
277986,2219.4864506665795
277987,1853.575547890732
277988,982.178773457291
277989,1325.4354439583756
277990,356.18746596129654
277991,2598.6833613559993
277992,2172.5997435084437
277993,1167.6697339776388
277994,1552.6263140470126
277995,126.30890852275803
277996,873.0157576526667
277997,726.4907489466316
277998,396.75239197472195
277999,513.6792967136635
278000,235.08871221822452
278001,1756.6619147159583
278002,1486.7469665863284
278003,794.7381837522113
278004,1001.5533007538243
278005,276.5188178826024
278006,2076.8989923932386
278007,1772.4522811925897
278008,929.9549209422988
278009,1172.7045123031612
278010,722.8109363101923
278011,705.3341164315849
278012,608.5053324442464
278013,330.9918940482966
278014,434.491278470397
278015,549.1953765455731
278016,1488.630366635527
278017,1241.5768893144132
278018,660.0309704552224
278019,843.9413118232402
278020,313.20546876503295
278021,1737.5705678006343
278022,1451.7713416405634
278023,781.1682042141849
278024,990.6732957259194
278025,112.32270456364398
278026,741.8754126798246
278027,631.2627488834094
278028,344.1254646131952
278029,447.6248490352956
278030,189.50550335165337
278031,1531.0970370146122
278032,1275.5306023741118
278033,680.3904221223918
278034,864.3007634904096
278035,219.02843453320185
278036,1806.1725218771319
278037,1499.618106884647
278038,802.4816587439939
278039,1011.9867502557283
278040,76.88996253966097
278041,525.0164012688438
278042,449.6138737559004
278043,233.55401663623763
278044,295.4194242208542
278045,133.92578399219107
278046,1055.831418256824
278047,894.2788267861491
278048,474.1511351370345
278049,594.1642601031676
278050,160.6051575792718
278051,1258.1578678068659
278052,1060.9821063969086
278053,585.7803035676388
278054,720.3294405288303
278055,730.8937539184668
278056,16.573779686548125
278057,17.008068997234545
278058,-2.7699664591411497
278059,18.14208435373957
278060,5.4404842853409425
278061,17.391160589003427
278062,22.501348936642913
278063,-9.463006008947065
278064,36.23374468989091
278065,5.356081280481845
278066,38.78231130908931
278067,42.61964037151856
278068,6.9282021232693785
278069,53.28894757341949
278070,148.5018968780219
278071,1190.3897843580373
278072,1016.3248760536353
278073,545.9758949894541
278074,671.8652884436174
278075,321.60366056621945
278076,2440.6221918325095
278077,2012.0041843471613
278078,1079.8057630284948
278079,1437.658208945061
278080,376.406205768362
278081,2939.767604592085
278082,2453.416559236183
278083,1290.5347354747862
278084,1668.0512671900042
278085,137.47834932324494
278086,969.119013064699
278087,800.5052602003218
278088,430.0188622001173
278089,556.4207262169028
278090,281.0372735940417
278091,1921.2769733208374
278092,1647.6733159300525
278093,883.2772634623092
278094,1100.5319197494741
278095,298.29070093979965
278096,2283.0351482934307
278097,1923.7202623989397
278098,1046.9158262045796
278099,1278.8829210028848
278100,758.8435198953124
278101,565.0620953809173
278102,501.5784052963738
278103,235.53334626688303
278104,330.45106888584127
278105,766.9937569603636
278106,1173.942877663863
278107,1000.4103654623665
278108,528.8319585028655
278109,682.5290759011311
278110,713.5914691771434
278111,1390.2005991854448
278112,1183.6157144142635
278113,624.1110587478544
278114,794.6920754439394
278115,92.80355602048773
278116,600.3827160704358
278117,519.5286777025192
278118,247.17773780795324
278119,342.09546042691164
278120,174.19266187820435
278121,1219.6656516698752
278122,1034.7367948249614
278123,548.7334774885776
278124,702.4305948868432
278125,191.88415055469446
278126,1454.0532346252792
278127,1220.235833148761
278128,643.1683161208531
278129,813.7493328169381
278130,44.54391002750785
278131,416.1369437800688
278132,361.62125404368965
278133,181.8708689487026
278134,235.65817443939702
278135,101.54910612640369
278136,894.1742741637817
278137,752.5021369852223
278138,385.6921502767762
278139,475.5159578664165
278140,128.1919225222953
278141,1045.250154605136
278142,864.3406524878934
278143,458.43393838446485
278144,565.1416452719261
278145,721.762694540293
278146,14.566774417889627
278147,13.209255743994342
278148,-12.460919901288642
278149,11.500292820022315
278150,263.5477612315024
278151,18.35602901030735
278152,15.212008929869235
278153,-16.89084086435767
278154,17.22539835829214
278155,65.67755757006
278156,32.68070741105904
278157,33.537245725142284
278158,7.567756481025072
278159,35.903335930386554
278160,110.84265983792525
278161,986.8834618438336
278162,834.4939716977157
278163,440.7916552244224
278164,525.8505142036267
278165,250.41337529982508
278166,1951.6980858499196
278167,1663.1370488438838
278168,867.9028855613485
278169,1168.889040601398
278170,314.59397594677597
278171,2336.844148502869
278172,1946.7204390081188
278173,1018.2125719109414
278174,1358.3269357374852
278175,104.15956415420692
278176,785.3828457354349
278177,639.1678040136798
278178,351.8107734061705
278179,453.0219836083443
278180,214.59550817224098
278181,1573.2563749180479
278182,1316.3753532413104
278183,715.7048669139236
278184,887.0073194270107
278185,241.19846568055502
278186,1856.867771381191
278187,1569.9016927947425
278188,825.1403921328298
278189,1035.5710534324091
278190,758.8435198953124
278191,565.0620953809173
278192,501.5784052963738
278193,235.53334626688303
278194,330.45106888584127
278195,765.2826911155081
278196,1173.942877663863
278197,1000.4103654623665
278198,528.8319585028655
278199,682.5290759011311
278200,721.5124915755366
278201,1390.2005991854448
278202,1183.6157144142635
278203,624.1110587478544
278204,794.6920754439394
278205,92.80355602048773
278206,600.3827160704358
278207,519.5286777025192
278208,247.17773780795324
278209,342.09546042691164
278210,174.19266187820435
278211,1219.6656516698752
278212,1034.7367948249614
278213,548.7334774885776
278214,702.4305948868432
278215,191.88415055469446
278216,1454.0532346252792
278217,1220.235833148761
278218,643.1683161208531
278219,813.7493328169381
278220,44.54391002750785
278221,416.1369437800688
278222,361.62125404368965
278223,181.8708689487026
278224,235.65817443939702
278225,101.54910612640369
278226,894.1742741637817
278227,752.5021369852223
278228,385.6921502767762
278229,475.5159578664165
278230,128.1919225222953
278231,1045.250154605136
278232,864.3406524878934
278233,458.43393838446485
278234,565.1416452719261
278235,721.762694540293
278236,14.566774417889627
278237,13.209255743994342
278238,-12.460919901288642
278239,11.500292820022315
278240,263.5477612315024
278241,18.35602901030735
278242,15.212008929869235
278243,-16.89084086435767
278244,17.22539835829214
278245,65.67755757006
278246,32.68070741105904
278247,33.537245725142284
278248,7.567756481025072
278249,35.903335930386554
278250,110.84265983792525
278251,986.8834618438336
278252,834.4939716977157
278253,440.7916552244224
278254,525.8505142036267
278255,250.41337529982508
278256,1951.6980858499196
278257,1663.1370488438838
278258,867.9028855613485
278259,1168.889040601398
278260,314.59397594677597
278261,2336.844148502869
278262,1946.7204390081188
278263,1018.2125719109414
278264,1358.3269357374852
278265,104.15956415420692
278266,785.3828457354349
278267,639.1678040136798
278268,351.8107734061705
278269,453.0219836083443
278270,214.59550817224098
278271,1573.2563749180479
278272,1316.3753532413104
278273,715.7048669139236
278274,887.0073194270107
278275,241.19846568055502
278276,1856.867771381191
278277,1569.9016927947425
278278,825.1403921328298
278279,1035.5710534324091
278280,759.4468077573337
278281,566.1780184855138
278282,501.8651156343362
278283,235.4730631664554
278284,330.39078578541364
278285,765.2821559091483
278286,1175.0588007684598
278287,1000.6970758003289
278288,528.7716754024378
278289,682.4687928007035
278290,709.2910813662954
278291,1391.3165222900416
278292,1183.902424752226
278293,624.0507756474267
278294,794.6317923435117
278295,92.80302081412795
278296,601.4986391750323
278297,519.8153880404816
278298,247.1174547075256
278299,342.035177326484
278300,174.19212667184453
278301,1220.781574774472
278302,1035.0235051629238
278303,548.6731943881499
278304,702.3703117864155
278305,191.88361534833467
278306,1455.169157729876
278307,1220.5225434867234
278308,643.1080330204254
278309,813.6890497165105
278310,44.54337482114806
278311,417.2528668846653
278312,361.90796438165205
278313,181.81058584827497
278314,235.5978913389694
278315,101.5485709200439
278316,895.2901972683782
278317,752.7888473231847
278318,385.6318671763486
278319,475.4556747659889
278320,128.19138731593551
278321,1046.3660777097327
278322,864.6273628258558
278323,458.3736552840372
278324,565.0813621714984
278325,721.7621593339331
278326,15.682697522486173
278327,13.495966081956759
278328,-12.521203001716275
278329,11.440009719594682
278330,263.5472260251426
278331,19.471952114903893
278332,15.498719267831651
278333,-16.951123964785303
278334,17.165115257864507
278335,65.67702236370022
278336,33.79663051565558
278337,33.823956063104696
278338,7.507473380597438
278339,35.843052829958914
278340,110.84212463156547
278341,987.9993849484301
278342,834.7806820356781
278343,441.7844448476722
278344,526.8433038268765
278345,250.4128400934653
278346,1952.8140089545163
278347,1663.4237591818462
278348,868.8956751845983
278349,1169.881830224648
278350,314.59344074041616
278351,2337.9600716074656
278352,1947.0071493460812
278353,1019.2053615341912
278354,1359.3197253607352
278355,104.15902894784713
278356,786.4987688400314
278357,639.4545143516422
278358,352.8035630294203
278359,454.0147732315941
278360,214.5949729658812
278361,1574.3722980226446
278362,1316.6620635792729
278363,716.6976565371734
278364,888.0001090502604
278365,241.19793047419523
278366,1857.9836944857877
278367,1570.188403132705
278368,826.1331817560796
278369,1036.5638430556592
278370,759.4468077573337
278371,566.1780184855138
278372,501.8651156343362
278373,235.4730631664554
278374,330.39078578541364
278375,772.2400376061279
278376,1175.0588007684598
278377,1000.6970758003289
278378,528.7716754024378
278379,682.4687928007035
278380,709.2910813662954
278381,1391.3165222900416
278382,1183.902424752226
278383,624.0507756474267
278384,794.6317923435117
278385,92.80302081412795
278386,601.4986391750323
278387,519.8153880404816
278388,247.1174547075256
278389,342.035177326484
278390,174.19212667184453
278391,1220.781574774472
278392,1035.0235051629238
278393,548.6731943881499
278394,702.3703117864155
278395,191.88361534833467
278396,1455.169157729876
278397,1220.5225434867234
278398,643.1080330204254
278399,813.6890497165105
278400,44.54337482114806
278401,417.2528668846653
278402,361.90796438165205
278403,181.81058584827497
278404,235.5978913389694
278405,101.5485709200439
278406,895.2901972683782
278407,752.7888473231847
278408,385.6318671763486
278409,475.4556747659889
278410,128.19138731593551
278411,1046.3660777097327
278412,864.6273628258558
278413,458.3736552840372
278414,565.0813621714984
278415,721.7621593339331
278416,15.682697522486173
278417,13.495966081956759
278418,-12.521203001716275
278419,11.440009719594682
278420,254.55263858511202
278421,19.471952114903893
278422,15.498719267831651
278423,-16.951123964785303
278424,17.165115257864507
278425,65.67702236370022
278426,33.79663051565558
278427,33.823956063104696
278428,7.507473380597438
278429,35.843052829958914
278430,110.84212463156547
278431,987.9993849484301
278432,834.7806820356781
278433,441.7844448476722
278434,526.8433038268765
278435,250.4128400934653
278436,1952.8140089545163
278437,1663.4237591818462
278438,868.8956751845983
278439,1169.881830224648
278440,314.59344074041616
278441,2337.9600716074656
278442,1947.0071493460812
278443,1019.2053615341912
278444,1359.3197253607352
278445,104.15902894784713
278446,786.4987688400314
278447,639.4545143516422
278448,352.8035630294203
278449,454.0147732315941
278450,214.5949729658812
278451,1574.3722980226446
278452,1316.6620635792729
278453,716.6976565371734
278454,888.0001090502604
278455,241.19793047419523
278456,1857.9836944857877
278457,1570.188403132705
278458,826.1331817560796
278459,1036.5638430556592
278460,747.2836265843583
278461,599.6944807821004
278462,527.0497370810729
278463,261.51122715161415
278464,344.92280627791814
278465,704.6947957197924
278466,1224.382921698779
278467,1029.1701906990745
278468,569.7443323702996
278469,723.9476158249939
278470,623.3100358325019
278471,1444.9982767118684
278472,1214.072712371048
278473,650.8545868488226
278474,845.0195037175114
278475,85.20839362244992
278476,633.9791833647998
278477,544.3334787704522
278478,272.5371069121856
278479,355.9486860384896
278480,174.0972944423771
278481,1269.6882893784712
278482,1063.448601125403
278483,589.6458513560117
278484,743.849134810706
278485,201.69972508147958
278486,1518.2346041625126
278487,1260.4459105064086
278488,669.9118442218213
278489,864.0767610905101
278490,48.18916420356043
278491,438.1982990406542
278492,374.890943077844
278493,200.41862160185477
278494,242.69978359989506
278495,107.27728930578934
278496,926.2614656757252
278497,777.4642267403458
278498,421.13571020845365
278499,511.46568385452355
278500,139.47254234635088
278501,1090.8693801474808
278502,900.1743155019861
278503,476.6393591592158
278504,603.1560220906039
278505,714.4049648019799
278506,9.66205380956178
278507,6.695966890131322
278508,-13.39187374850623
278509,0.71965381109582
278510,104.85011789183626
278511,10.551809751329555
278512,12.410229886000508
278513,-11.824450190885532
278514,18.950418786819146
278515,30.716104344579566
278516,28.788571159553953
278517,23.291439623128742
278518,1.1103792519820712
278519,31.535361200149477
278520,118.52423112638552
278521,1022.8160060105963
278522,855.9190966168077
278523,464.701312117865
278524,557.604449825271
278525,263.0437658037765
278526,2097.8413701537006
278527,1774.4253221958709
278528,925.3629455500181
278529,1231.4686004284524
278530,324.02889215191857
278531,2465.597849131076
278532,2065.48108836828
278533,1072.5586471176564
278534,1428.988718735375
278535,114.03441126646986
278536,829.281874687475
278537,672.0699729112673
278538,378.04585595693976
278539,474.5780587057675
278540,226.38081301549275
278541,1673.5365741307583
278542,1378.2888528342094
278543,770.3893700520401
278544,940.0534714310022
278545,262.9627021189977
278546,1962.5073961622707
278547,1649.7714235939266
278548,887.8309908096855
278549,1102.0540737188928
278550,753.8947526660786
278551,627.4583824410131
278552,542.4576182410891
278553,277.78404732480044
278554,368.2024378138482
278555,718.3945593371512
278556,1313.3133658657803
278557,1110.0641658814204
278558,602.0924034854892
278559,771.4343047644695
278560,463.1117638900168
278561,1550.9433932906713
278562,1316.7303043077684
278563,697.2649190108166
278564,883.9038946326837
278565,88.64562967254368
278566,667.3054089344375
278567,565.9391990979217
278568,293.15027597827844
278569,383.5686664673262
278570,179.21491077672897
278571,1362.061997851071
278572,1148.629518297525
278573,624.4233741864306
278574,793.7652754654109
278575,208.60175135195666
278576,1633.529569937642
278577,1369.188708908258
278578,720.5498925743975
278579,907.1888681962646
278580,56.15777620522059
278581,459.6267789315076
278582,395.69910731602994
278583,209.63595179238567
278584,258.9239251531697
278585,121.53469087698821
278586,971.1429462376979
278587,823.2662145779855
278588,433.3046387969657
278589,538.7732302673226
278590,151.18361479784912
278591,1132.9106975948862
278592,943.7767641522564
278593,502.44257310617377
278594,621.4332947907407
278595,706.1274156395522
278596,14.115721741520785
278597,9.893932611768678
278598,-13.005817329018365
278599,9.596338002445089
278600,95.07068009620963
278601,9.970312963643002
278602,12.749240373980946
278603,-20.206974807251886
278604,27.190328403856338
278605,17.49180211385327
278606,27.940034289732786
278607,25.034600713077072
278608,-7.947201855722092
278609,39.100214325848896
278610,130.50884587176657
278611,1069.3708625072368
278612,913.971407841957
278613,487.36426152837623
278614,590.5348655097048
278615,269.5205943881161
278616,2219.1730645226817
278617,1853.2621617468342
278618,981.8653873133931
278619,1306.3703149272912
278620,355.8740798173987
278621,2598.3699752121015
278622,2172.286357364546
278623,1167.356347833741
278624,1542.1856921869237
278625,125.9955223788602
278626,872.7023715087688
278627,726.1773628027337
278628,396.4390058308241
278629,503.2386748535739
278630,234.7753260743267
278631,1756.3485285720606
278632,1486.4335804424306
278633,794.4247976083134
278634,982.4881717227399
278635,276.20543173870453
278636,2076.585606249341
278637,1772.138895048692
278638,929.6415347984009
278639,1162.2638904430723
278640,724.1508202956912
278641,705.7093320647255
278642,608.880548077387
278643,331.36710968143706
278644,427.1151243392829
278645,555.9024533286381
278646,1489.0055822686672
278647,1241.9521049475534
278648,660.4061860883629
278649,836.5651576921261
278650,315.31960182307705
278651,1737.9457834337745
278652,1452.1465572737036
278653,781.5434198473255
278654,983.2971415948053
278655,111.85334202212951
278656,744.6800800281945
278657,634.0674162317792
278658,346.93013196156494
278659,442.67814661941077
278660,189.03614081013896
278661,1533.9017043629817
278662,1278.3352697224814
278663,683.1950894707617
278664,859.3540610745249
278665,218.55907199168743
278666,1808.9771892255014
278667,1502.4227742330165
278668,805.2863260923638
278669,1007.0400478398436
278670,77.00400110286881
278671,525.1304398320517
278672,449.7279123191082
278673,233.66805519944552
278674,287.78209301980746
278675,134.03982255539896
278676,1055.9454568200317
278677,894.3928653493571
278678,474.2651737002423
278679,586.526928902121
278680,160.7191961424797
278681,1258.2719063700736
278682,1061.0961449601164
278683,585.8943421308468
278684,712.6921093277837
278685,730.5803677745689
278686,16.260393542650277
278687,16.6946828533367
278688,-3.0833526030389926
278689,10.077328445587165
278690,5.127098141443098
278691,17.07777444510558
278692,22.187962792745065
278693,-9.77639215284491
278694,28.168988781738484
278695,5.042695136583999
278696,38.468925165191465
278697,42.30625422762071
278698,6.614815979371534
278699,45.2241916652671
278700,148.1885107341241
278701,1190.0763982141395
278702,1016.0114899097374
278703,545.6625088455562
278704,663.8005325354649
278705,321.2902744223216
278706,2440.3088056886118
278707,2011.6907982032635
278708,1079.492376884597
278709,1420.9689458659132
278710,376.09281962446414
278711,2939.454218448187
278712,2453.103173092285
278713,1290.2213493308884
278714,1659.9865112818518
278715,137.16496317934713
278716,968.805626920801
278717,800.1918740564239
278718,429.7054760562195
278719,548.3559703087503
278720,280.7238874501439
278721,1920.9635871769397
278722,1647.3599297861547
278723,882.9638773184113
278724,1083.8426566703263
278725,297.9773147959018
278726,2282.721762149533
278727,1923.4068762550419
278728,1046.6024400606818
278729,1270.8181650947324
278730,766.4123935320594
278731,565.4373110140579
278732,501.9536209295142
278733,235.9085619000235
278734,329.7114762171933
278735,778.8383411363892
278736,1174.3180932970033
278737,1000.785581095507
278738,529.2071741360061
278739,681.7894832324833
278740,721.9345918864358
278741,1390.575814818585
278742,1183.9909300474037
278743,624.4862743809949
278744,793.9524827752916
278745,92.33419347897328
278746,608.4600705696653
278747,527.6060322017487
278748,255.25509230718268
278749,349.05800662435263
278750,173.7232993366899
278751,1227.7430061691045
278752,1042.8141493241908
278753,556.8108319878071
278754,709.3931410842844
278755,191.41478801318004
278756,1462.1305891245086
278757,1228.3131876479904
278758,651.2456706200826
278759,820.7118790143793
278760,44.6579485907157
278761,416.25098234327663
278762,361.7352926068975
278763,181.98490751191048
278764,234.65740470081653
278765,101.66314468961153
278766,894.2883127269896
278767,752.6161755484302
278768,385.80618883998403
278769,474.5151881278359
278770,128.30596108550318
278771,1045.3641931683437
278772,864.4546910511013
278773,458.5479769476727
278774,564.1408755333457
278775,721.449308396395
278776,14.25338827399178
278777,12.895869600096498
278778,-12.774306045186487
278779,11.95391293435947
278780,279.23109134077725
278781,18.0426428664095
278782,14.89862278597139
278783,-17.20422700825552
278784,17.679018472629302
278785,65.36417142616217
278786,32.367321267161195
278787,33.22385958124445
278788,7.254370337127228
278789,36.35695604472371
278790,110.52927369402741
278791,986.5700756999357
278792,834.1805855538178
278793,440.47826908052457
278794,523.3354711426811
278795,250.09998915592726
278796,1951.3846997060218
278797,1662.823662699986
278798,867.5894994174506
278799,1166.3739975404521
278800,314.2805898028781
278801,2336.530762358971
278802,1946.407052864221
278803,1017.8991857670435
278804,1355.8118926765394
278805,103.84617801030907
278806,785.069459591537
278807,638.8544178697819
278808,351.49738726227264
278809,450.2144267113794
278810,214.28212202834317
278811,1572.94298877415
278812,1316.0619670974127
278813,715.3914807700257
278814,884.1997625300457
278815,240.8850795366572
278816,1856.5543852372932
278817,1569.5883066508447
278818,824.8270059889319
278819,1032.7634965354441
278820,775.7659615218164
278821,565.2164777291468
278822,501.7327876446032
278823,237.12230277684864
278824,326.54453835977404
278825,788.1919091261462
278826,1174.0972600120917
278827,1000.564747810596
278828,530.4209150128314
278829,678.6225453750642
278830,739.209182274586
278831,1390.3549815336735
278832,1183.7700967624921
278833,625.7000152578203
278834,790.7855449178725
278835,88.78810634232445
278836,631.3516134102678
278837,550.4975750423512
278838,279.5812093095213
278839,369.0034448924467
278840,170.1772122000411
278841,1250.6345490097065
278842,1065.7056921647927
278843,581.1369489901459
278844,729.3385793523787
278845,187.86870087653125
278846,1485.0221319651105
278847,1251.2047304885923
278848,675.5717876224214
278849,840.6573172824736
278850,44.18033953843669
278851,415.7733732909977
278852,361.25768355461855
278853,182.94187262136788
278854,231.23369107602943
278855,101.18553563733246
278856,893.8107036747109
278857,752.1385664961515
278858,386.7631539494416
278859,471.09147450304897
278860,127.82835203322409
278861,1044.8865841160646
278862,863.9770819988227
278863,459.5049420571302
278864,560.7171619085589
278865,724.919922357404
278866,15.006671273386559
278867,13.649152599491279
278868,-10.586448884055264
278869,9.7610913612462
278870,308.90954970617014
278871,18.795925865804286
278872,15.65190578536617
278873,-15.016369847124274
278874,15.486196899516035
278875,68.83478538717075
278876,33.12060426655598
278877,33.97714258063924
278878,9.442227498258458
278879,34.16413447161046
278880,109.70388086325792
278881,985.7446828691666
278882,833.3551927230486
278883,441.08745041149166
278884,518.0603674301423
278885,249.27459632515797
278886,1950.559306875252
278887,1661.9982698692163
278888,868.1986807484178
278889,1161.0988938279131
278890,313.45519697210875
278891,2335.705369528202
278892,1945.5816600334513
278893,1018.5083670980107
278894,1350.5367889640004
278895,103.02078517953959
278896,784.2440667607679
278897,638.0290250390127
278898,352.10656859323973
278899,444.93932299884057
278900,213.45672919757365
278901,1572.1175959433804
278902,1315.236574266643
278903,716.0006621009929
278904,878.924658817507
278905,240.05968670588774
278906,1855.7289924065235
278907,1568.762913820075
278908,825.4361873198991
278909,1027.4883928229053
278910,776.3692493838377
278911,566.3324008337433
278912,502.0194979825656
278913,237.06201967642102
278914,326.4842552593464
278915,788.1913739197864
278916,1175.2131831166885
278917,1000.8514581485584
278918,530.3606319124037
278919,678.5622622746365
278920,726.9877720653449
278921,1391.4709046382702
278922,1184.0568071004545
278923,625.6397321573926
278924,790.7252618174448
278925,88.78757113596467
278926,632.4675365148643
278927,550.7842853803136
278928,279.52092620909366
278929,368.94316179201905
278930,170.17667699368135
278931,1251.7504721143032
278932,1065.992402502755
278933,581.0766658897182
278934,729.278296251951
278935,187.86816567017146
278936,1486.1380550697072
278937,1251.4914408265547
278938,675.5115045219937
278939,840.597034182046
278940,44.179804332076905
278941,416.8892963955942
278942,361.54439389258096
278943,182.88158952094025
278944,231.1734079756018
278945,101.18500043097268
278946,894.9266267793074
278947,752.4252768341139
278948,386.70287084901395
278949,471.03119140262135
278950,127.82781682686431
278951,1046.0025072206613
278952,864.2637923367851
278953,459.4446589567026
278954,560.6568788081312
278955,724.9193871510441
278956,16.122594377983102
278957,13.935862937453695
278958,-10.646731984482896
278959,9.700808260818567
278960,308.9090144998103
278961,19.91184897040083
278962,15.938616123328586
278963,-15.076652947551906
278964,15.425913799088402
278965,68.83425018081097
278966,34.23652737115252
278967,34.26385291860165
278968,9.381944397830825
278969,34.10385137118282
278970,109.70334565689814
278971,971.3949195313053
278972,833.641903061011
278973,442.08024003474145
278974,519.053157053392
278975,249.2740611187982
278976,1936.209543537391
278977,1662.2849802071787
278978,869.1914703716676
278979,1162.0916834511631
278980,313.45466176574894
278981,2321.3556061903405
278982,1945.8683703714137
278983,1019.5011567212605
278984,1351.5295785872504
278985,103.0202499731798
278986,785.3599898653644
278987,638.3157353769751
278988,353.0993582164895
278989,445.93211262209036
278990,213.45619399121387
278991,1573.233519047977
278992,1315.5232846046054
278993,716.9934517242427
278994,879.9174484407567
278995,240.05915149952796
278996,1856.8449155111202
278997,1569.0496241580374
278998,826.4289769431489
278999,1028.4811824461553
279000,776.3692493838377
279001,566.3324008337433
279002,502.0194979825656
279003,237.06201967642102
279004,326.4842552593464
279005,788.1913739197864
279006,1175.2131831166885
279007,1000.8514581485584
279008,530.3606319124037
279009,678.5622622746365
279010,726.9877720653449
279011,1391.4709046382702
279012,1184.0568071004545
279013,625.6397321573926
279014,790.7252618174448
279015,88.78757113596467
279016,632.4675365148643
279017,550.7842853803136
279018,279.52092620909366
279019,368.94316179201905
279020,170.17667699368135
279021,1251.7504721143032
279022,1065.992402502755
279023,581.0766658897182
279024,729.278296251951
279025,187.86816567017146
279026,1486.1380550697072
279027,1251.4914408265547
279028,675.5115045219937
279029,840.597034182046
279030,44.179804332076905
279031,416.8892963955942
279032,361.54439389258096
279033,182.88158952094025
279034,231.1734079756018
279035,101.18500043097268
279036,894.9266267793074
279037,752.4252768341139
279038,386.70287084901395
279039,471.03119140262135
279040,127.82781682686431
279041,1046.0025072206613
279042,864.2637923367851
279043,459.4446589567026
279044,560.6568788081312
279045,724.9193871510441
279046,16.122594377983102
279047,13.935862937453695
279048,-10.646731984482896
279049,9.700808260818567
279050,299.91442705977965
279051,19.91184897040083
279052,15.938616123328586
279053,-15.076652947551906
279054,15.425913799088402
279055,68.83425018081097
279056,34.23652737115252
279057,34.26385291860165
279058,9.381944397830825
279059,34.10385137118282
279060,109.70334565689814
279061,971.3949195313053
279062,833.641903061011
279063,442.08024003474145
279064,519.053157053392
279065,249.2740611187982
279066,1936.209543537391
279067,1662.2849802071787
279068,869.1914703716676
279069,1162.0916834511631
279070,313.45466176574894
279071,2321.3556061903405
279072,1945.8683703714137
279073,1019.5011567212605
279074,1351.5295785872504
279075,103.0202499731798
279076,785.3599898653644
279077,638.3157353769751
279078,353.0993582164895
279079,445.93211262209036
279080,213.45619399121387
279081,1573.233519047977
279082,1315.5232846046054
279083,716.9934517242427
279084,879.9174484407567
279085,240.05915149952796
279086,1856.8449155111202
279087,1569.0496241580374
279088,826.4289769431489
279089,1028.4811824461553
279090,757.2869314134423
279091,599.1587159841579
279092,519.4640764368575
279093,266.3480507597457
279094,337.4797106981441
279095,713.7422837394287
279096,1223.8624454042333
279097,1021.5998185582561
279098,574.596444481829
279099,716.5198087486178
279100,633.8284736538668
279101,1444.2033958336608
279102,1206.2279356465674
279103,655.43229437669
279104,837.3172920574733
279105,80.76913619191838
279106,659.2515858014038
279107,562.5559853607832
279108,303.1820977548633
279109,374.3137576932617
279110,169.67332551524336
279111,1294.9759803184718
279112,1081.6863962191305
279113,620.3061307020876
279114,762.2294949688763
279115,197.00135157068388
279116,1543.2478905188514
279117,1278.4093010164743
279118,700.2977189842352
279119,882.1827166650185
279120,47.401785962121
279121,437.4109207992149
279122,367.05366899013165
279123,205.00383176648944
279124,235.00507457662417
279125,106.50519956774762
279126,925.4893759376838
279127,769.6422411560314
279128,425.7362088764862
279129,503.7862633346503
279130,138.4260480246472
279131,1089.8228858257767
279132,892.0779253340098
279133,480.9654532435864
279134,595.2021969870691
279135,710.9834184178512
279136,11.4797179727787
279137,1.4637352070752063
279138,-7.500037015402171
279139,-5.668428643705704
279140,140.83672717625677
279141,11.577802804473372
279142,6.386327092871291
279143,-5.425868731667612
279144,13.069081058131482
279145,34.185023775675226
279146,29.540159629035873
279147,16.993132246337595
279148,7.234556127538026
279149,25.379618887799857
279150,119.17188085846877
279151,1010.921582759605
279152,852.4404639620022
279153,470.8189749599071
279154,548.1345446976726
279155,262.4910830267563
279156,2081.823000934223
279157,1766.8227435725767
279158,930.1828511790721
279159,1220.7009380878649
279160,322.52992551451035
279161,2448.6331960512102
279162,2056.932225884599
279163,1076.4322688863215
279164,1417.2747725343995
279165,114.68206099855311
279166,828.7631972404329
279167,664.5013996179522
279168,382.89976691597155
279169,463.8444016951587
279170,225.8281302384723
279171,1672.9838913537371
279172,1370.6862742109151
279173,775.2092756810941
279174,929.2858090904156
279175,261.4637354815895
279176,1961.0084295248616
279177,1641.2225611102444
279178,891.7046125783515
279179,1090.3401275179174
279180,763.6864338464377
279181,627.2286313126497
279182,535.1779712664528
279183,282.9268846025111
279184,361.06535590365326
279185,727.2304237080626
279186,1313.0989032408138
279187,1102.7998074101808
279188,607.2505292665977
279189,764.3125113576725
279190,473.41857806265693
279191,1550.454526082043
279192,1309.191541252867
279193,702.1486402082631
279194,876.5076966422247
279195,85.3569640862461
279196,679.5134770025976
279197,571.0973713198088
279198,310.7309324525123
279199,388.86940375365447
279200,175.94153369382923
279201,1374.2853544226277
279202,1153.8029790228086
279203,642.0193191640625
279204,799.0813012551373
279205,205.05396968539497
279206,1645.4785219255368
279207,1374.0877650498796
279208,737.8714329683675
279209,912.230489402329
279210,55.93758870329277
279211,459.40659142958003
279212,388.4290239678293
279213,214.78835269653206
279214,251.79640686941073
279215,121.32979187845817
279216,970.9380472391682
279217,816.0114197331828
279218,438.47232820451
279219,531.6610004869615
279220,150.70431121565716
279221,1132.4313940126938
279222,936.2475647237918
279223,507.3358579300561
279224,614.0466604267176
279225,702.7058692554235
279226,15.93338590473771
279227,4.661700928712566
279228,-7.113980595914308
279229,3.2082555476435703
279230,115.06057312745745
279231,10.996306016786829
279232,6.725337580851731
279233,-13.808393348033961
279234,21.308990675168676
279235,20.960721544948957
279236,28.691622759214667
279237,18.73629333628591
279238,-1.8230249801661411
279239,32.94447201349923
279240,131.15649560384983
279241,1057.4764392562456
279242,910.4927751871516
279243,493.48192437041837
279244,581.0649603821064
279245,268.9679116110959
279246,2203.154695303204
279247,1845.65958312354
279248,986.6852929424471
279249,1295.6026525867037
279250,354.3751131799905
279251,2581.4053221322356
279252,2163.737494880865
279253,1171.229969602406
279254,1530.4717459859482
279255,126.64317211094344
279256,872.1836940617267
279257,718.6087895094186
279258,401.2929167898559
279259,492.5050178429651
279260,234.22264329730632
279261,1755.7958457950394
279262,1478.8310018191364
279263,799.2447032373674
279264,971.7205093821533
279265,274.7064651012963
279266,2075.086639611933
279267,1763.5900325650098
279268,933.5151565670669
279269,1150.549944242097
279270,737.5884656886675
279271,720.1013392744527
279272,620.9215510683807
279273,372.12710493850005
279274,416.2399374889131
279275,558.3687235739288
279276,1506.5842762716104
279277,1257.1797947317632
279278,709.1640890813136
279279,786.2827086943622
279280,322.4095866162564
279281,1758.335995903296
279282,1470.1857655244917
279283,842.288857220782
279284,927.8245424271813
279285,115.64217548500406
279286,752.5024374736914
279287,637.8174950141018
279288,380.1982107719511
279289,424.3110433223641
279290,191.87676503863727
279291,1531.544177561134
279292,1273.6208482869279
279293,724.4610760170356
279294,801.5796956300842
279295,224.17096625325
279296,1817.1217724528353
279297,1508.2104628266447
279298,858.5398470191435
279299,944.0755322255428
279300,81.3498749119231
279301,532.6862384651079
279302,454.9327067334312
279303,251.05324677013422
279304,296.6990995838278
279305,137.4374871300772
279306,1060.441513361429
279307,896.5379176720202
279308,499.64827300681816
279309,575.4522614636235
279310,166.8881307502222
279311,1267.6507658018181
279312,1068.1240001731276
279313,623.2649758179285
279314,703.7110857394067
279315,737.502222199581
279316,21.439925073916285
279317,19.523210165869223
279318,11.925571865858979
279319,29.146956619206698
279320,15.618491547839358
279321,22.257305976371565
279322,25.016490105277597
279323,13.230440051940747
279324,46.63083755155554
279325,12.01729819206838
279326,43.701205326929546
279327,45.18753017062535
279328,21.67648907874161
279329,64.00937211698863
279330,144.62321986463655
279331,1189.6231977065743
279332,1013.2072851834391
279333,568.9866133927765
279334,638.3111689752607
279335,317.7249835528341
279336,2439.8556051810465
279337,1996.5031601669455
279338,1177.4607671990225
279339,1258.0902815019797
279340,372.5802773854487
279341,2939.053766571094
279342,2450.3517169964584
279343,1401.3385936189686
279344,1496.8937043150522
279345,133.51721476055457
279346,968.2699688639306
279347,797.30521178082
279348,452.947123054135
279349,515.1953702537229
279350,280.8360818419118
279351,1924.1878719306299
279352,1644.5726391976275
279353,929.9073703529209
279354,1031.6499083243748
279355,298.1422578181418
279356,2285.9987955336946
279357,1920.6723342969867
279358,1106.6947870688466
279359,1217.597486224389
279360,766.7670396739388
279361,576.9392664149574
279362,509.4081784049562
279363,275.8567996625869
279364,314.2718924947273
279365,780.2985060263836
279366,1188.2743010271242
279367,1008.4988565029691
279368,575.2227849805357
279369,633.2254873541019
279370,719.2052342883926
279371,1403.900831018173
279372,1191.0730139243326
279373,677.1779005607448
279374,731.9587582670139
279375,95.23618242846892
279376,601.4644005606793
279377,510.01732052283234
279378,280.57011200518446
279379,318.98520483732483
279380,175.67707905180964
279381,1215.1145676453964
279382,1013.8329685662022
279383,588.1932247677751
279384,646.1959271413413
279385,195.67614405172927
279386,1453.9212597815126
279387,1204.2148097803492
279388,689.3040787352708
279389,744.0849364415399
279390,48.11697788639147
279391,421.737569425355
279392,363.1744817635181
279393,196.90196352487428
279394,242.3030553386789
279395,104.17396475091115
279396,896.7151577174083
279397,748.8000882161898
279398,406.7906179349139
279399,468.4520147546599
279400,133.12435747023235
279401,1052.210147339475
279402,865.5214066092086
279403,486.2084213778227
279404,544.647973530273
279405,724.5227365707682
279406,17.363708254279725
279407,15.244800751381916
279408,-10.51718559422602
279409,7.836254466677224
279410,253.63891463400577
279411,21.15296284669743
279412,17.247553937256818
279413,-8.879733475328917
279414,13.63398347240341
279415,68.49034823100742
279416,35.53038987792124
279417,35.62553936300201
279418,7.633704764638261
279419,32.36466967496989
279420,108.68402666793976
279421,986.654551998171
279422,828.0653290713944
279423,464.9941991504766
279424,526.8353173901528
279425,248.25474212983983
279426,1951.469176004257
279427,1644.3249729075435
279428,964.8191806006859
279429,1024.9630570936445
279430,312.4880914072628
279431,2336.667987287679
279432,1940.3445450122697
279433,1128.2777209239334
279434,1192.2790622111863
279435,102.25303179854579
279436,785.4060367040964
279437,635.673960644477
279438,376.26541814654894
279439,434.43933631814843
279440,216.44891862714053
279441,1577.03950869727
279442,1312.9808815591844
279443,761.9308230369746
279444,841.8710379553398
279445,243.1046247659263
279446,1860.7036537908853
279447,1566.5599697430885
279448,884.5152022295359
279449,968.3128819421937
279450,765.6713422812086
279451,575.8435690222271
279452,508.3124810122259
279453,274.76110226985656
279454,313.17619510199694
279455,779.2028086336534
279456,1187.1786036343938
279457,1007.4031591102389
279458,574.1270875878055
279459,632.1297899613717
279460,726.0305592940556
279461,1402.8051336254425
279462,1189.9773165316021
279463,676.0822031680145
279464,730.8630608742836
279465,94.14048503573856
279466,600.3687031679491
279467,508.9216231301021
279468,279.4744146124541
279469,317.88950744459447
279470,174.58138165907928
279471,1214.018870252666
279472,1012.7372711734718
279473,587.0975273750448
279474,645.100229748611
279475,194.5804466589989
279476,1452.8255623887821
279477,1203.1191123876188
279478,688.2083813425405
279479,742.9892390488096
279480,47.02128049366111
279481,420.64187203262463
279482,362.07878437078773
279483,195.80626613214392
279484,241.20735794594853
279485,103.0782673581808
279486,895.619460324678
279487,747.7043908234596
279488,405.6949205421835
279489,467.35631736192954
279490,132.028660077502
279491,1051.1144499467446
279492,864.4257092164784
279493,485.1127239850923
279494,543.5522761375428
279495,723.427039178038
279496,16.268010861549367
279497,14.149103358651562
279498,-11.612882986956375
279499,6.740557073946879
279500,234.6050435851586
279501,20.057265453967073
279502,16.151856544526456
279503,-9.975430868059272
279504,12.538286079673055
279505,67.39465083827706
279506,34.43469248519088
279507,34.52984197027166
279508,6.538007371907903
279509,31.26897228223954
279510,107.5883292752094
279511,985.5588546054407
279512,826.9696316786642
279513,463.89850175774626
279514,525.7396199974226
279515,247.1590447371096
279516,1950.3734786115265
279517,1643.229275514813
279518,963.7234832079556
279519,1023.8673597009137
279520,311.39239401453244
279521,2335.5722898949484
279522,1939.2488476195392
279523,1127.182023531203
279524,1191.1833648184559
279525,101.15733440581543
279526,784.3103393113662
279527,634.5782632517468
279528,375.1697207538186
279529,433.3436389254181
279530,215.35322123441017
279531,1575.9438113045396
279532,1311.8851841664539
279533,760.8351256442444
279534,840.7753405626096
279535,242.008927373196
279536,1859.6079563981548
279537,1565.464272350358
279538,883.4195048368057
279539,967.2171845494635
279540,766.2746301432298
279541,582.3236167928997
279542,515.6597097229886
279543,279.6951668838251
279544,318.11025971596547
279545,779.2022734272936
279546,1193.6586514050664
279547,1016.9459222182029
279548,579.061152201774
279549,637.0638545753402
279550,713.8091490848144
279551,1409.2851813961151
279552,1199.5200796395661
279553,681.0162677819831
279554,735.7971254882522
279555,94.13994982937878
279556,601.4846262725456
279557,510.9047271747888
279558,279.0443545603467
279559,317.45944739248705
279560,174.58084645271953
279561,1215.1347933572627
279562,1016.9159096153597
279563,586.6674673229373
279564,644.6701696965035
279565,194.57991145263912
279566,1453.9414854933789
279567,1207.2977508295069
279568,687.778321290433
279569,742.5591789967021
279570,47.020745287301324
279571,421.75779513722114
279572,364.0618884154744
279573,195.37620608003652
279574,240.77729789384114
279575,103.07773215182101
279576,896.7353834292745
279577,751.8830292653475
279578,405.2648604900761
279579,466.9262573098221
279580,132.0281248711422
279581,1052.2303730513413
279582,868.6043476583664
279583,484.6826639329849
279584,543.1222160854353
279585,718.2679775220928
279586,17.38393396614591
279587,12.846198306883041
279588,-12.042943039063788
279589,6.310497021839465
279590,229.44598192921347
279591,21.173188558563616
279592,14.848951492757937
279593,-10.405490920166685
279594,12.108226027565642
279595,62.235589182331935
279596,35.55061558978742
279597,33.226936918503135
279598,6.107947319800489
279599,30.838912230132127
279600,107.58779406884962
279601,986.6747777100372
279602,831.1050705785517
279603,463.46844170563884
279604,525.3095599453151
279605,247.15850953074982
279606,1951.4894017161232
279607,1647.3647144147005
279608,963.2934231558481
279609,1023.4372996488063
279610,311.3918588081726
279611,2336.688212999545
279612,1943.3842865194267
279613,1126.7519634790956
279614,1190.7533047663485
279615,101.15679919945565
279616,785.4262624159627
279617,636.03100370884
279618,374.73966070171116
279619,432.91357887331066
279620,215.35268602805039
279621,1577.0597344091364
279622,1313.3379246235472
279623,760.4050655921369
279624,840.3452805105021
279625,242.00839216683622
279626,1860.7238795027515
279627,1566.9170128074513
279628,882.9894447846982
279629,966.787124497356
279630,767.0185197441779
279631,584.3596124058167
279632,517.695705335906
279633,286.5930634728995
279634,315.31035977956157
279635,779.309836426856
279636,1214.7324098725292
279637,1038.0196806856645
279638,604.8179220483879
279639,656.528698772257
279640,714.5530386857624
279641,1430.358939863578
279642,1220.593838107029
279643,706.773037628597
279644,755.261969685169
279645,94.88383943032687
279646,604.2240190655706
279647,513.6441199678139
279648,281.36287739188055
279649,315.2807484550347
279650,174.74971366976672
279651,1215.8327820386808
279652,1017.6138982967781
279653,586.7656964458583
279654,647.2951155588947
279655,195.32380105358715
279656,1454.639474174797
279657,1207.995739510925
279658,687.876550413354
279659,745.1841248590933
279660,46.62419343734715
279661,421.57636926115
279662,363.88046253940325
279663,195.1947802039652
279664,240.2142643160802
279665,102.10615791796602
279666,894.5125534415961
279667,749.6601992776691
279668,402.86314090539224
279669,471.16686853190475
279670,131.631573021188
279671,1050.0075430636632
279672,866.3815176706879
279673,482.28094434830103
279674,547.3628273075178
279675,717.8714256721386
279676,17.202508090074616
279677,12.664772430811745
279678,-12.224368915135084
279679,13.252690887809411
279680,208.61836332079943
279681,18.950358570885353
279682,12.626121505079665
279683,-12.807210504850685
279684,18.54626386111843
279685,61.83903733237778
279686,33.32778560210915
279687,31.004106930824832
279688,3.706227735116492
279689,37.27695006368495
279690,111.19099008851076
279691,990.493099703581
279692,834.9233925720955
279693,468.5601904648971
279694,520.045355218113
279695,247.34867902243425
279696,1953.2663195980606
279697,1649.141632296638
279698,966.1648782064935
279699,1027.0418902578997
279700,314.9950548278337
279701,2338.4651308814814
279702,1945.161204401364
279703,1129.6234185297417
279704,1194.3578953754416
279705,104.50789440479245
279706,788.9924835951823
279707,639.5972248880596
279708,379.5793086466451
279709,432.1746702603544
279710,215.2907547054105
279711,1578.5845514767493
279712,1314.8627416911602
279713,763.0244198284581
279714,843.9753733538631
279715,245.3594873721729
279716,1862.2486965703645
279717,1568.4418298750643
279718,885.6087990210194
279719,970.417217340717
279720,754.525784961546
279721,617.5465210927467
279722,542.5507731729858
279723,307.4790609167332
279724,343.4128930506776
279725,698.915109184245
279726,1265.632233023455
279727,1068.0684978050172
279728,642.5689471288462
279729,700.3986147349262
279730,628.2424395423125
279731,1485.6163965060114
279732,1252.3398279464577
279733,748.5175982602948
279734,808.0407739975474
279735,86.9596586289926
279736,635.8789127358035
279737,542.1609294782816
279738,301.63036305521535
279739,342.76476994565184
279740,174.3253278306429
279741,1265.8191019534086
279742,1051.9429688700175
279743,624.5167215263166
279744,691.165031521564
279745,204.81035717707564
279746,1520.9611230598855
279747,1255.9996782830935
279748,729.6211110450519
279749,797.9629291714717
279750,49.94042921010312
279751,442.1922478074825
279752,376.5338876259388
279753,208.65064941621986
279754,260.8866693556173
279755,107.5053226940551
279756,927.0595240695494
279757,775.9112809154366
279758,435.1453520500939
279759,509.5679705588174
279760,142.58317444194694
279761,1096.086547722018
279762,903.5041725674246
279763,515.4873976537823
279764,587.828580165002
279765,711.1792929771464
279766,11.846926214111235
279767,6.529835075947336
279768,-12.116271863745304
279769,24.319985816836677
279770,80.4890150234348
279771,12.600533874534777
279772,12.107949790472293
279773,-4.7712342788496125
279774,42.11921822759922
279775,27.54318115021821
279776,30.89004391323135
279777,23.04190815807264
279778,0.21843605860239504
279779,54.756909271401696
279780,119.53815842029195
279781,1025.9747826027085
279782,856.7268689901862
279783,487.31950664038186
279784,545.4424652548362
279785,260.6446665697065
279786,2100.863998464468
279787,1762.7135129778865
279788,1020.4051321311281
279789,1083.2646245000326
279790,325.0955680762971
279791,2468.6732260723156
279792,2066.205461090786
279793,1180.749687672421
279794,1258.6628527884097
279795,115.04833856037622
279796,832.440651279587
279797,672.8777452846458
279798,400.6640504794569
279799,459.60469211838523
279800,227.74165659198297
279801,1680.3191452520869
279802,1379.0598486133206
279803,814.489116902539
279804,902.8954721184626
279805,267.7893208539366
279806,1969.3427159140713
279807,1650.5951680035098
279808,945.0795916338393
279809,1042.7741843878073
279810,762.5129590315083
279811,636.3592362312805
279812,549.0074678126231
279813,320.3920084596355
279814,346.1764700192034
279815,722.4667575679898
279816,1324.668471985269
279817,1119.0682677821758
279818,652.6982723562119
279819,708.3526061098358
279820,473.5530310541348
279821,1561.667307879627
279822,1325.1032146779908
279823,759.8583222620452
279824,822.645256776738
279825,93.13515816028735
279826,669.6366129604746
279827,564.1981244607845
279828,328.2663206664367
279829,354.05078222600457
279830,182.75623003009656
279831,1358.760433362386
279832,1137.691508978517
279833,667.5373266104765
279834,723.1916603641005
279835,214.45064692875374
279836,1636.8237117713925
279837,1365.3100996213204
279838,775.6513793789494
279839,838.4383138936422
279840,60.06390358824195
279841,466.74283113853124
279842,400.4641553043201
279843,226.5813969370412
279844,263.4674715455702
279845,124.49260902563348
279846,975.1992563530616
279847,824.9715204746158
279848,458.247991677509
279849,521.6766339446106
279850,156.4491092699239
279851,1141.3861168909627
279852,950.3648729392344
279853,539.3734603672241
279854,606.1597592667167
279855,704.4894154516855
279856,18.85550684675384
279857,12.282713498268295
279858,1.5633607138466667
279859,31.797733448175613
279860,82.08820015731428
279861,14.710098068876059
279862,15.13802126048055
279863,2.3601109715008617
279864,47.13547573318965
279865,15.906550556458884
279866,32.73256802543801
279867,27.476130230048806
279868,6.674724817615054
279869,59.098110285654286
279870,133.11044480263993
279871,1075.0845518000326
279872,917.3340929160191
279873,518.1286826416729
279874,558.5777589852186
279875,272.1221933189897
279876,2224.886753815477
279877,1844.2414135108775
279878,1087.2740941938937
279879,1135.3754388864807
279880,358.52842737874437
279881,2604.136413135369
279882,2175.7017910690797
279883,1285.9139086878968
279884,1349.0689261275675
279885,128.5971213097336
279886,878.4160608015644
279887,729.5400478767958
279888,427.2034269441199
279889,468.4701863121401
279890,241.1368678157604
279891,1765.8221606754169
279892,1489.8956372035695
279893,848.8910647582035
279894,927.0390661777869
279895,282.61972211061055
279896,2086.111986983168
279897,1775.6537004403028
279898,997.2566559219457
279899,1084.6928948795733
279900,737.9374850204738
279901,714.2585101619296
279902,615.0787219558578
279903,373.62339512320887
279904,399.9280837793896
279905,558.717742905735
279906,1500.0090126950927
279907,1250.6045311552455
279908,710.6603792660225
279909,767.9158718905
279910,322.7586059480626
279911,1748.318022329667
279912,1460.1677919508627
279913,843.7851474054909
279914,909.457705623319
279915,115.99119481681014
279916,746.6596083611685
279917,631.9746659015789
279918,381.6945009566599
279919,407.99918961284067
279920,192.22578437044336
279921,1524.9689139846162
279922,1267.0455847104101
279923,725.9573662017444
279924,783.2128588262219
279925,224.51998558505608
279926,1807.1037988792064
279927,1498.1924892530158
279928,860.0361372038524
279929,925.7086954216805
279930,80.558452792827
279931,531.8948163460119
279932,454.14128461433523
279933,250.2618246510381
279934,287.1645666469596
279935,136.64606501098106
279936,1059.6500912423328
279937,895.7464955529242
279938,498.85685088772215
279939,563.8627454324164
279940,166.09670863112603
279941,1266.8593436827218
279942,1067.3325780540313
279943,622.4735536988326
279944,692.1215697081997
279945,731.5522736308997
279946,20.64850295482018
279947,18.73178804677313
279948,11.13414974676288
279949,27.117651126069312
279950,1.6450901887053755
279951,21.465883857275465
279952,24.225067986181497
279953,12.439017932844655
279954,42.54654896407919
279955,6.067349623386936
279956,42.909783207833456
279957,44.39610805152926
279958,20.885066959645517
279959,59.92508352951228
279960,150.43843397193427
279961,1195.438411813872
279962,1019.0224992907365
279963,576.0752542657887
279964,626.6823532457302
279965,323.54019766013204
279966,2445.670819288344
279967,2002.3183742742435
279968,1184.5494080720348
279969,1244.40648267811
279970,378.39549149274666
279971,2944.8689806783914
279972,2456.166931103756
279973,1408.427234491981
279974,1483.2099054911826
279975,139.4148864171573
279976,974.1676405205335
279977,803.2028834374229
279978,460.1182214764521
279979,508.42640900206703
279980,286.73375349851466
279981,1930.0855435872327
279982,1650.4703108542303
279983,937.0784687752381
279984,1022.8259639783812
279985,304.03992947474467
279986,2291.8964671902972
279987,1926.5700059535895
279988,1113.865885491164
279989,1208.7735418783943
279990,767.5662742669318
279991,572.3674928214709
279992,504.8364048114698
279993,276.88895666775613
279994,305.6062529744182
279995,781.0977406193766
279996,1183.7025274336374
279997,1003.9270829094825
279998,576.2549419857048
279999,622.504864739454
280000,720.0044688813855
280001,1399.3290574246862
280002,1186.5012403308458
280003,678.2100575659139
280004,721.2381356523659
280005,96.03541702146191
280006,604.0440123718665
280007,512.5969323340197
280008,283.47088347737895
280009,312.18817978404104
280010,176.47631364480253
280011,1217.6941794565832
280012,1016.4125803773893
280013,591.0939962399694
280014,637.3439189937186
280015,196.47537864472216
280016,1456.5008715926995
280017,1206.794421591536
280018,692.2048502074651
280019,735.2329282939172
280020,47.77577102848217
280021,421.3963625674458
280022,362.8332749056089
280023,197.3027862894635
280024,237.12169564508645
280025,103.83275789300185
280026,896.373950859499
280027,748.4588813582806
280028,407.19144069950335
280029,461.2156719667286
280030,132.783150612323
280031,1051.8689404815657
280032,865.1801997512994
280033,486.60924414241214
280034,537.4116307423417
280035,722.5435485125664
280036,17.022501396370405
280037,14.903593893472609
280038,-10.11636282963673
280039,10.160122216815674
280040,246.13228520394412
280041,20.81175598878814
280042,16.906347079347498
280043,-8.478910710739623
280044,13.902868128202872
280045,66.51116017280565
280046,35.18918302001193
280047,35.28433250509271
280048,8.034527529227551
280049,32.63355433076937
280050,112.34256767964575
280051,990.3130930098769
280052,831.7238700831005
280053,470.6681965503955
280054,516.9527865471193
280055,251.91328314154592
280056,1955.127717015963
280057,1647.9835139192496
280058,974.594821256297
280059,1013.0255431562722
280060,316.1466324189688
280061,2340.3265282993843
280062,1944.0030860239758
280063,1133.9517183238527
280064,1180.341548273814
280065,105.65947199592745
280066,788.8124769014782
280067,639.0804008418588
280068,381.6873147321435
280069,429.0821015893607
280070,219.85535882452203
280071,1580.4459488946518
280072,1316.387321756566
280073,771.4543628782616
280074,834.4588201322131
280075,246.51106496330792
280076,1864.110093988267
280077,1569.9664099404702
280078,889.9370988151305
280079,960.900664119067
280080,767.2677675890221
280081,572.0689861435612
280082,504.5378981335601
280083,276.04599980491525
280084,303.70523301227735
280085,780.7992339414669
280086,1183.4040207557277
280087,1003.6285762315728
280088,575.4119851228639
280089,616.7909262814508
280090,727.6269846018689
280091,1399.0305507467765
280092,1186.202733652936
280093,677.367100703073
280094,715.5241971943627
280095,95.73691034355222
280096,603.7455056939568
280097,512.29842565611
280098,282.62792661453807
280099,310.28715982190016
280100,176.1778069668929
280101,1217.3956727786735
280102,1016.1140736994796
280103,590.2510393771286
280104,631.6299805357154
280105,196.17687196681248
280106,1456.2023649147898
280107,1206.4959149136264
280108,691.3618933446243
280109,729.518989835914
280110,47.4772643505725
280111,421.0978558895361
280112,362.5347682276992
280113,196.45982942662266
280114,235.22067568294563
280115,103.53425121509221
280116,896.0754441815893
280117,748.1603746803709
280118,406.34848383666247
280119,455.5017335087254
280120,132.48464393441333
280121,1051.570433803656
280122,864.8816930733897
280123,485.76628727957126
280124,531.6976922843385
280125,722.2450418346567
280126,16.723994718460727
280127,14.605087215562923
280128,-10.95931969247759
280129,8.259102254674822
280130,255.4101305015021
280131,20.513249310878454
280132,16.607840401437812
280133,-9.32186757358049
280134,13.984207792944659
280135,66.21265349489597
280136,34.890676342102246
280137,34.98582582718301
280138,7.191570666386689
280139,32.714893995511154
280140,112.04406100173608
280141,990.0145863319672
280142,831.4253634051908
280143,469.82523968755464
280144,515.0517665849784
280145,251.61477646363622
280146,1954.8292103380534
280147,1647.68500724134
280148,973.7518643934563
280149,1005.4753627150075
280150,315.8481257410591
280151,2340.0280216214746
280152,1943.704579346066
280153,1133.108761461012
280154,1172.7913678325494
280155,105.36096531801778
280156,788.5139702235685
280157,638.7818941639491
280158,380.8443578693026
280159,427.18108162721984
280160,219.55685214661236
280161,1580.147442216742
280162,1316.0888150786564
280163,770.6114060154207
280164,826.9086396909487
280165,246.21255828539822
280166,1863.8115873103573
280167,1569.6679032625605
280168,889.0941419522896
280169,953.3504836778026
280170,759.0941475250887
280171,570.4241757642708
280172,503.7602686943597
280173,276.03282298794744
280174,297.5477606744671
280175,772.0217908091524
280176,1181.7592103764375
280177,1005.0464811895733
280178,575.398808305896
280179,610.6334539436403
280180,705.8808521571402
280181,1396.6379260579533
280182,1186.8728243014043
280183,676.6061095765718
280184,708.6189105470193
280185,95.97598512657873
280186,604.146673967843
280187,513.5667748700863
280188,284.6607284507469
280189,306.17566613726655
280190,176.41688174991936
280191,1217.79684105256
280192,1019.5779573106573
280193,592.2838412133373
280194,627.5184868510817
280195,195.66813244030593
280196,1455.8557188791433
280197,1209.2119842152713
280198,692.6468808712998
280199,724.6596818417472
280200,47.71633913359899
280201,421.4990241634223
280202,363.80311744167557
280203,198.49263126283148
280204,231.109181998312
280205,103.77332599811868
280206,896.4766124554754
280207,751.6242582915485
280208,408.3812856728713
280209,451.3902398240918
280210,131.97590440790677
280211,1051.2237877680095
280212,867.5977623750342
280213,487.051274806247
280214,526.8383842901717
280215,720.7955899994314
280216,17.12516299234695
280217,12.587427333084083
280218,-8.92651785626878
280219,4.147608570041198
280220,275.10834536595024
280221,20.914417584764678
280222,14.590180518958975
280223,-7.289065737371682
280224,9.872714108311035
280225,64.76320165967081
280226,35.29184461598847
280227,32.96816594470416
280228,9.224372502595498
280229,28.603400310877507
280230,112.18530132268292
280231,990.4157546058534
280232,834.8460474743679
280233,471.85804152376346
280234,510.9402729003442
280235,251.75601678458295
280236,1955.2303786119398
280237,1651.1056913105172
280238,975.7846662296649
280239,1001.3638690303734
280240,315.9893660620059
280241,2340.429189895361
280242,1947.1252634152434
280243,1135.1415632972207
280244,1168.6798741479158
280245,105.50220563896461
280246,788.9151384974547
280247,639.519879790332
280248,382.8771597055114
280249,423.0695879425862
280250,219.69809246755915
280251,1580.5486104906286
280252,1316.8268007050394
280253,772.6442078516294
280254,822.797146006315
280255,246.35379860634507
280256,1864.2127555842437
280257,1570.4058888889435
280258,891.1269437884982
280259,949.2389899931688
280260,759.0941475250887
280261,570.4241757642708
280262,503.7602686943597
280263,276.03282298794744
280264,297.5477606744671
280265,768.4328514975792
280266,1181.7592103764375
280267,1005.0464811895733
280268,575.398808305896
280269,610.6334539436403
280270,705.4321121704628
280271,1396.1891860712758
280272,1186.4240843147268
280273,676.1573695898944
280274,708.1701705603418
280275,95.97598512657873
280276,604.146673967843
280277,513.5667748700863
280278,284.6607284507469
280279,306.17566613726655
280280,176.41688174991936
280281,1217.79684105256
280282,1019.5779573106573
280283,592.2838412133373
280284,627.5184868510817
280285,195.21939245362844
280286,1455.4069788924658
280287,1208.7632442285937
280288,692.1981408846224
280289,724.2109418550698
280290,47.71633913359899
280291,421.4990241634223
280292,363.80311744167557
280293,198.49263126283148
280294,231.109181998312
280295,103.77332599811868
280296,896.4766124554754
280297,751.6242582915485
280298,408.3812856728713
280299,451.3902398240918
280300,131.5271644212293
280301,1050.775047781332
280302,867.1490223883568
280303,486.6025348195696
280304,526.3896443034943
280305,720.7955899994314
280306,17.12516299234695
280307,12.587427333084083
280308,-8.92651785626878
280309,4.147608570041198
280310,266.11375792591946
280311,20.914417584764678
280312,14.590180518958975
280313,-7.289065737371682
280314,9.872714108311035
280315,64.76320165967081
280316,35.29184461598847
280317,32.96816594470416
280318,9.224372502595498
280319,28.603400310877507
280320,112.18530132268292
280321,990.4157546058534
280322,834.8460474743679
280323,471.85804152376346
280324,510.9402729003442
280325,251.75601678458295
280326,1955.2303786119398
280327,1651.1056913105172
280328,975.7846662296649
280329,1001.3638690303734
280330,315.9893660620059
280331,2340.429189895361
280332,1947.1252634152434
280333,1135.1415632972207
280334,1168.6798741479158
280335,105.50220563896461
280336,788.9151384974547
280337,639.519879790332
280338,382.8771597055114
280339,423.0695879425862
280340,219.69809246755915
280341,1580.5486104906286
280342,1316.8268007050394
280343,772.6442078516294
280344,822.797146006315
280345,246.35379860634507
280346,1864.2127555842437
280347,1570.4058888889435
280348,891.1269437884982
280349,949.2389899931688
280350,746.2497370493937
280351,603.2594087581375
280352,528.2636608383766
280353,296.567144738718
280354,322.13768989292953
280355,700.2063803085241
280356,1228.491367995855
280357,1030.927632777417
280358,612.7981576932909
280359,650.990765853656
280360,618.196079461944
280361,1448.6159533183777
280362,1215.339384758824
280363,716.9764966565236
280364,756.8626129480612
280365,87.70012863218123
280366,635.4498919450127
280367,541.7319086874908
280368,304.57653842101854
280369,330.14708357523006
280370,175.6408202177323
280371,1265.5262294439617
280372,1051.6500963605706
280373,629.6831906007322
280374,667.8757987610973
280375,203.7805150120483
280376,1516.7213412404994
280377,1251.7598964637075
280378,733.0172679512516
280379,772.9033842427891
280380,50.68089921329179
280381,441.76322701669164
280382,376.10486683514796
280383,211.59682478202296
280384,248.26898298519558
280385,108.82081508114459
280386,926.7666515601028
280387,775.61840840599
280388,440.3118211245098
280389,486.27873779835085
280390,141.5533322769196
280391,1094.0233630443552
280392,901.440987889762
280393,518.8835545599821
280394,562.7690352363194
280395,713.751781611376
280396,11.417905423320398
280397,6.100814285156492
280398,-9.170096497942193
280399,11.702299446414841
280400,107.48847876991331
280401,12.307661365088167
280402,11.815077281025676
280403,0.39523479556620505
280404,29.93306442213816
280405,30.115669784448038
280406,30.59717140378473
280407,22.749035648626023
280408,5.384905133018213
280409,42.57075546594067
280410,120.18079396140092
280411,1025.5457618119176
280412,856.2978481993954
280413,490.26568200618493
280414,532.8247788844143
280415,264.70032863879203
280416,2100.5711259550217
280417,1762.4206404684396
280418,1029.673244461236
280419,1054.0739992198532
280420,325.73820361740616
280421,2468.3803535628695
280422,2065.9125885813396
280423,1185.9161567468368
280424,1229.4722275082304
280425,115.69097410148518
280426,832.0116304887962
280427,672.448724493855
280428,403.61022584526006
280429,446.98700574796345
280430,231.79731866106854
280431,1680.02627274264
280432,1378.7669761038737
280433,823.757229232647
280434,878.2046407182609
280435,268.43195639504563
280436,1969.0498434046244
280437,1650.302295494063
280438,950.2460607082551
280439,1018.0833529876052
280440,750.5030060274748
280441,630.3654576693147
280442,543.0136892506572
280443,317.7734260542635
280444,333.1946006340985
280445,710.4568045639562
280446,1316.7639594151206
280447,1111.1637552120274
280448,650.0796899508398
280449,689.5028351345297
280450,459.7200172514132
280451,1553.850468518973
280452,1317.2863753173367
280453,755.4166790579851
280454,801.9724250027439
280455,90.14172307159474
280456,665.6888130516854
280457,560.2503245519953
280458,327.6937169142413
280459,343.1148914940763
280460,179.76279494140385
280461,1354.8126334535966
280462,1133.7437090697276
280463,666.9647228582811
280464,706.387868041971
280465,209.63415104137292
280466,1628.8762539221918
280467,1357.3626417721198
280468,773.255714828066
280469,819.8114607728247
280470,57.070468499549314
280471,462.7950312297418
280472,396.5163553955307
280473,226.00879318484584
280474,252.531580813642
280475,121.49917393694088
280476,971.2514564442724
280477,821.0237205658266
280478,457.6753879253136
280479,504.8728416224795
280480,151.63261338254307
280481,1135.6152561834854
280482,944.5940122317571
280483,536.9777958163407
280484,587.5329061458992
280485,706.1555636015875
280486,16.399429707461614
280487,9.826636358976051
280488,2.482479731148379
280489,22.35356548574446
280490,98.21533271141747
280491,12.254020929583818
280492,12.68194412118832
280493,3.2792299888025758
280494,37.61868430330216
280495,17.519950075888666
280496,30.223742255673628
280497,24.967304460284442
280498,7.54109520444465
280499,49.528570225294686
280500,130.53699383380194
280501,1071.6545704731775
280502,913.9041115891644
280503,518.073897471412
280504,548.1596868352248
280505,269.5487423501516
280506,2221.4567724886224
280507,1840.8114321840224
280508,1091.320952279325
280509,1117.2532231630241
280510,355.90222777943416
280511,2600.6536831780422
280512,2172.219061111753
280513,1285.8063748871637
280514,1330.893961773639
280515,126.02367034089568
280516,874.9860794747096
280517,726.110066549941
280518,427.14864177385886
280519,458.05211416214615
280520,238.5634168469225
280521,1762.3921793485617
280522,1486.4656558767144
280523,852.9379228436349
280524,908.9168504543308
280525,279.99352251130034
280526,2082.6292570258415
280527,1772.1709704829757
280528,997.1491221212127
280529,1066.5179305256443
280530,725.2672242070357
280531,708.616407293027
280532,609.436619086955
280533,371.3564884109
280534,390.4588184469383
280535,553.4439544182369
280536,1492.4561758180075
280537,1243.0516942781603
280538,708.3934725537135
280539,754.6336880621864
280540,315.66175666187627
280541,1740.8528586620762
280542,1452.702628283272
280543,839.695179894494
280544,894.3524609963174
280545,113.3494354211806
280546,743.0634841454424
280547,628.3785416858528
280548,381.4735728975277
280549,400.575902933566
280550,189.58402497481384
280551,1521.37278976889
280552,1263.449460494684
280553,725.7364381426122
280554,771.976653651085
280555,220.05516539073844
280556,1799.508016723069
280557,1490.5967070968784
280558,857.9921483460322
280559,912.6494294478556
280560,77.91669339719755
280561,528.2986921302859
280562,450.54516039860897
280563,250.04089659190583
280564,279.74127996768493
280565,134.00430561535154
280566,1056.0539670266066
280567,892.1503713371982
280568,498.6359228285899
280569,552.6265402572795
280570,161.6318884368084
280571,1261.4401586683077
280572,1061.9133930396172
280573,620.4295648410124
280574,679.0623037343747
280575,730.6085157366042
280576,18.544101508591098
280577,16.627386600544053
280578,12.40494445712778
280579,21.186087216291774
280580,11.129970598716643
280581,19.3614824110464
280582,22.120666539952435
280583,13.70981264320955
280584,38.597344681184296
280585,5.070843098619394
280586,40.752633131132285
280587,42.23895797482809
280588,22.103113039538297
280589,55.923130616145286
280590,148.21665869615947
280591,1192.3601061800803
280592,1015.9441936569447
280593,576.3721447885908
280594,619.77688514839
280595,321.3184223843571
280596,2442.5925136545525
280597,1999.2400686404512
280598,1188.9479418505293
280599,1231.851854101646
280600,376.1209675864996
280601,2941.7379264141277
280602,2453.035876839492
280603,1408.671376384311
280604,1470.6025282842465
280605,137.1931111413825
280606,971.0893348867419
280607,800.1245778036313
280608,460.41511199925424
280609,501.52094090472673
280610,284.5119782227397
280611,1927.0072379534408
280612,1647.3920052204385
280613,941.4770025537327
280614,1010.2713354019176
280615,301.7654055684976
280616,2288.7654129260336
280617,1923.4389516893257
280618,1114.110027383494
280619,1196.1661646714583
280620,758.8435198953124
280621,565.0620953809173
280622,497.4938805210375
280623,273.88467021468244
280624,295.3996079012021
280625,772.3749862477572
280626,1174.4863959849017
280627,992.003197487364
280628,573.2506555326312
280629,608.4853011703756
280630,709.4586537110781
280631,1390.2005991854448
280632,1174.6650281182226
280633,673.3827103141521
280634,705.3955112845995
280635,92.80355602048773
280636,598.7845935844896
280637,507.300386696764
280638,282.5125756774819
280639,304.02751336400155
280640,173.2444526438282
280641,1212.4347606692065
280642,1008.4454076166307
280643,590.1356884400725
280644,625.3703340778169
280645,191.4204568450597
280646,1449.4183920066348
280647,1197.0041880320896
280648,689.42348160888
280649,721.4362825793274
280650,44.54391002750785
280651,416.1369437800688
280652,357.5367292683534
280653,196.3444784895665
280654,228.96102922504704
280655,100.60089689202759
280656,891.1145320721221
280657,740.4917085975218
280658,406.2331328996063
280659,449.2420870508268
280660,127.72822881266052
280661,1044.786460895501
280662,855.3899661918525
280663,483.827875543827
280664,523.6149850277519
280665,721.762694540293
280666,14.566774417889627
280667,12.41074006511329
280668,-8.270978820637595
280669,4.803147605672389
280670,263.5477612315024
280671,18.35602901030735
280672,17.839930912916962
280673,-6.633526701740487
280674,10.528253143942225
280675,65.67755757006
280676,32.68070741105904
280677,36.16516770819001
280678,9.827162907754571
280679,29.20619071603659
280680,110.84265983792525
280681,986.8834618438336
280682,828.2571120671786
280683,471.53967637183183
280684,510.621907748413
280685,250.41337529982508
280686,1951.6980858499196
280687,1641.371605816154
280688,975.4663010777338
280689,1001.0455038784423
280690,314.59397594677597
280691,2336.844148502869
280692,1937.3384292904082
280693,1134.770449514817
280694,1156.2760037346407
280695,104.15956415420692
280696,785.3828457354349
280697,635.613642825937
280698,382.5587945535798
280699,422.7512227906546
280700,218.3554509828014
280701,1577.0163177286083
280702,1309.7754136534704
280703,772.3258426996982
280704,822.4787808543838
280705,244.95840849111525
280706,1860.6277141917515
280707,1563.3017532069025
280708,890.7558300060949
280709,936.835119579894
280710,758.8435198953124
280711,565.0620953809173
280712,497.4938805210375
280713,273.88467021468244
280714,293.0237419492656
280715,772.3749862477572
280716,1174.4863959849017
280717,992.003197487364
280718,573.2506555326312
280719,606.1094352184392
280720,717.3796761094713
280721,1390.2005991854448
280722,1174.6650281182226
280723,673.3827103141521
280724,703.0196453326631
280725,92.80355602048773
280726,598.7845935844896
280727,507.300386696764
280728,282.5125756774819
280729,301.6516474120651
280730,173.2444526438282
280731,1212.4347606692065
280732,1008.4454076166307
280733,590.1356884400725
280734,622.9944681258805
280735,191.4204568450597
280736,1449.4183920066348
280737,1197.0041880320896
280738,689.42348160888
280739,719.0604166273911
280740,44.54391002750785
280741,416.1369437800688
280742,357.5367292683534
280743,196.3444784895665
280744,226.5851632731106
280745,100.60089689202759
280746,891.1145320721221
280747,740.4917085975218
280748,406.2331328996063
280749,446.8662210988903
280750,127.72822881266052
280751,1044.786460895501
280752,855.3899661918525
280753,483.827875543827
280754,521.2391190758156
280755,721.762694540293
280756,14.566774417889627
280757,12.41074006511329
280758,-8.270978820637595
280759,2.4272816537359425
280760,263.5477612315024
280761,18.35602901030735
280762,17.839930912916962
280763,-6.633526701740487
280764,8.15238719200578
280765,65.67755757006
280766,32.68070741105904
280767,36.16516770819001
280768,9.827162907754571
280769,26.830324764100144
280770,110.84265983792525
280771,986.8834618438336
280772,828.2571120671786
280773,471.53967637183183
280774,508.2460417964762
280775,250.41337529982508
280776,1951.6980858499196
280777,1641.371605816154
280778,975.4663010777338
280779,998.669637926506
280780,314.59397594677597
280781,2336.844148502869
280782,1937.3384292904082
280783,1134.770449514817
280784,1153.9001377827042
280785,104.15956415420692
280786,785.3828457354349
280787,635.613642825937
280788,382.5587945535798
280789,420.3753568387181
280790,218.3554509828014
280791,1577.0163177286083
280792,1309.7754136534704
280793,772.3258426996982
280794,820.1029149024474
280795,244.95840849111525
280796,1860.6277141917515
280797,1563.3017532069025
280798,890.7558300060949
280799,934.4592536279577
280800,759.4468077573337
280801,566.1780184855138
280802,499.4769845657242
280803,273.454610162575
280804,290.4916651730184
280805,772.3744510413974
280806,1175.6023190894985
280807,996.181835929252
280808,574.7511301344452
280809,603.577358442192
280810,705.1582659002302
280811,1391.3165222900416
280812,1178.8436665601107
280813,674.8831849159661
280814,700.4875685564159
280815,92.80302081412795
280816,599.9005166890861
280817,509.2834907414507
280818,282.08251562537447
280819,299.11957063581787
280820,173.24391743746844
280821,1213.5506837738033
280822,1012.6240460585187
280823,591.6361630418866
280824,620.4623913496333
280825,191.41992163869992
280826,1450.5343151112315
280827,1201.1828264739777
280828,690.9239562106941
280829,716.5283398511439
280830,44.54337482114806
280831,417.2528668846653
280832,359.51983331304007
280833,195.91441843745912
280834,224.05308649686341
280835,100.6003616856678
280836,892.2304551767186
280837,744.6703470394098
280838,407.7336075014204
280839,444.3341443226431
280840,127.72769360630073
280841,1045.9023840000978
280842,859.5686046337405
280843,485.32835014564114
280844,518.7070422995683
280845,721.7621593339331
280846,15.682697522486173
280847,11.107835013344769
280848,-8.701038872745007
280849,-0.1047951225112523
280850,263.5472260251426
280851,19.471952114903893
280852,16.53702586114844
280853,-5.133052099926356
280854,5.620310415758583
280855,65.67702236370022
280856,33.79663051565558
280857,34.862262656421485
280858,11.327637509568696
280859,24.29824798785295
280860,110.84212463156547
280861,987.9993849484301
280862,832.3925509670661
280863,471.1096163197244
280864,505.71396502022924
280865,250.4128400934653
280866,1952.8140089545163
280867,1645.5070447160415
280868,976.9667756795478
280869,987.5130539792633
280870,314.59344074041616
280871,2337.9600716074656
280872,1941.4738681902957
280873,1136.2709241166312
280874,1151.3680610064569
280875,104.15902894784713
280876,786.4987688400314
280877,637.0663832830302
280878,382.12873450147237
280879,417.8432800624709
280880,218.3549157764416
280881,1578.132240833205
280882,1311.2281541105638
280883,773.8263173015123
280884,808.9463309552048
280885,244.95787328475546
280886,1861.7436372963482
280887,1564.7544936639958
280888,892.256304607909
280889,931.9271768517104
280890,759.4468077573337
280891,566.1780184855138
280892,499.4769845657242
280893,273.454610162575
280894,290.4916651730184
280895,767.0744458849687
280896,1175.6023190894985
280897,996.181835929252
280898,574.7511301344452
280899,603.577358442192
280900,705.1582659002302
280901,1391.3165222900416
280902,1178.8436665601107
280903,674.8831849159661
280904,700.4875685564159
280905,92.80302081412795
280906,599.9005166890861
280907,509.2834907414507
280908,282.08251562537447
280909,299.11957063581787
280910,173.24391743746844
280911,1213.5506837738033
280912,1012.6240460585187
280913,591.6361630418866
280914,620.4623913496333
280915,191.41992163869992
280916,1450.5343151112315
280917,1201.1828264739777
280918,690.9239562106941
280919,716.5283398511439
280920,44.54337482114806
280921,417.2528668846653
280922,359.51983331304007
280923,195.91441843745912
280924,224.05308649686341
280925,100.6003616856678
280926,892.2304551767186
280927,744.6703470394098
280928,407.7336075014204
280929,444.3341443226431
280930,127.72769360630073
280931,1045.9023840000978
280932,859.5686046337405
280933,485.32835014564114
280934,518.7070422995683
280935,721.7621593339331
280936,15.682697522486173
280937,11.107835013344769
280938,-8.701038872745007
280939,-0.1047951225112523
280940,254.55263858511202
280941,19.471952114903893
280942,16.53702586114844
280943,-5.133052099926356
280944,5.620310415758583
280945,65.67702236370022
280946,33.79663051565558
280947,34.862262656421485
280948,11.327637509568696
280949,24.29824798785295
280950,110.84212463156547
280951,987.9993849484301
280952,832.3925509670661
280953,471.1096163197244
280954,505.71396502022924
280955,250.4128400934653
280956,1952.8140089545163
280957,1645.5070447160415
280958,976.9667756795478
280959,987.5130539792633
280960,314.59344074041616
280961,2337.9600716074656
280962,1941.4738681902957
280963,1136.2709241166312
280964,1151.3680610064569
280965,104.15902894784713
280966,786.4987688400314
280967,637.0663832830302
280968,382.12873450147237
280969,417.8432800624709
280970,218.3549157764416
280971,1578.132240833205
280972,1311.2281541105638
280973,773.8263173015123
280974,808.9463309552048
280975,244.95787328475546
280976,1861.7436372963482
280977,1564.7544936639958
280978,892.256304607909
280979,931.9271768517104
280980,746.6023972816387
280981,599.0132514793808
280982,523.9803767097412
280983,293.9889319133456
280984,309.4322413513661
280985,698.7750238117632
280986,1222.6451212110562
280987,1022.3736320192369
280988,610.2199448679187
280989,638.2853173120927
280990,618.4959910637169
280991,1444.317047409149
280992,1208.3327248762134
280993,714.3455352006793
280994,744.1044157760258
280995,84.52716431973036
280996,631.2037346662559
280997,537.4486245588554
280998,301.9983255956461
280999,317.4416350336666
281000,172.4678559052814
281001,1261.280072165205
281002,1044.696185108432
281003,627.10497777536
281004,655.170350219534
281005,200.55480206912523
281006,1512.4224353312707
281007,1244.7532365810969
281008,730.3863064954072
281009,760.1451870707538
281010,47.50793490084086
281011,437.51706973793466
281012,371.82158270651246
281013,209.0186119566506
281014,235.5635344436322
281015,105.64785076869369
281016,922.5204942813459
281017,768.6644971538512
281018,437.73360829913736
281019,473.5732892567874
281020,138.32761933399652
281021,1089.7244571351264
281022,894.4343280071512
281023,516.2525931041378
281024,550.010838064284
281025,714.7183509458778
281026,9.975439953459624
281027,4.621221965417176
281028,-8.944617514418416
281029,1.800542713747611
281030,105.16350403573412
281031,10.8651958952274
281032,13.761922623215142
281033,0.6207137790899843
281034,20.03130768947094
281035,31.029490488477414
281036,29.1019573034518
281037,24.64313236034338
281038,5.5576354860698745
281039,32.616250102801274
281040,118.83761727028336
281041,1023.1293921544941
281042,853.8443516920936
281043,489.5172568021459
281044,521.9491179641847
281045,263.35715194767437
281046,2098.1547562975984
281047,1756.821993873964
281048,1028.924819257197
281049,1034.5738311286277
281050,324.3422782958164
281051,2465.911235274974
281052,2060.2611933563917
281053,1185.1149829123258
281054,1206.5110613266568
281055,114.3477974103677
281056,829.5952608313729
281057,669.9952279865532
281058,402.861800641221
281059,436.1113448277334
281060,230.45414196995097
281061,1677.6099030852165
281062,1373.168329509398
281063,823.0088040286083
281064,858.7044726270358
281065,267.0360310734559
281066,1966.580725116729
281067,1644.6509002691153
281068,949.4448868737443
281069,995.1221868060319
281070,753.0018997146341
281071,627.0831668078725
281072,539.6942715393366
281073,319.3435095181188
281074,321.2867306667352
281075,717.5261033875872
281076,1311.435408612629
281077,1103.127450436154
281078,651.6497734146951
281079,674.3468640310074
281080,462.2189109385725
281081,1550.5681776575311
281082,1311.296330482513
281083,756.9867625218404
281084,786.8164538992215
281085,89.11499221405813
281086,662.4065221902433
281087,556.9309068406747
281088,329.2638003780966
281089,331.207021526713
281090,178.73606408386726
281091,1351.5303425921547
281092,1127.753664234904
281093,668.5348063221364
281094,691.2318969384487
281095,208.60742018383633
281096,1625.59396306075
281097,1351.372596937296
281098,774.8257982919213
281099,804.6554896693024
281100,56.043737642012736
281101,459.5127403682998
281102,393.1969376842101
281103,227.57887664870114
281104,240.62371084627867
281105,120.47244307940429
281106,967.9691655828303
281107,815.0336757310026
281108,459.2454713891689
281109,489.7168705189571
281110,150.60588252500648
281111,1132.3329653220435
281112,938.6039673969332
281113,538.5478792801961
281114,572.3769350423769
281115,706.4408017834501
281116,14.429107885418635
281117,7.819187687054528
281118,5.3645322344027475
281119,11.757664557780222
281120,95.38406624010749
281121,10.283699107540846
281122,14.10093311119558
281123,6.161282492056943
281124,29.35165495919148
281125,17.80518825775112
281126,28.253420433630634
281127,26.38629345029171
281128,10.42314770769902
281129,41.26154088118403
281130,130.82223201566438
281131,1069.6842486511346
281132,911.8966629172429
281133,520.9559499746665
281134,537.5637859072607
281135,269.8339805320139
281136,2219.4864506665795
281137,1835.6588334249273
281138,1094.2030047825795
281139,1092.1597978861087
281140,356.18746596129654
281141,2598.6833613559993
281142,2167.0664623526577
281143,1288.6884273904182
281144,1302.3922870368474
281145,126.30890852275803
281146,873.0157576526667
281147,724.1026178780196
281148,430.0306942771132
281149,447.45621323418186
281150,238.84865502878492
281151,1760.4218575265188
281152,1481.3130571176193
281153,855.8199753468894
281154,883.8234251774154
281155,280.2787606931627
281156,2080.6589352037986
281157,1767.0183717238806
281158,1000.0311746244672
281159,1038.0162557888527
281160,723.492165612912
281161,706.0153457343046
281162,606.7984306783541
281163,373.60780117747487
281164,379.23217778229457
281165,556.239300960585
281166,1487.8088543182355
281167,1235.6966188050064
281168,710.6447853202885
281169,740.1589462613837
281170,313.8866980677525
281171,1738.2517971033537
281172,1447.3938127511676
281173,841.946492661069
281174,879.8777191955147
281175,113.00393386636354
281176,740.46242258672
281177,625.7403532772519
281178,383.72488566410254
281179,389.34926226892225
281180,189.23852341999685
281181,1518.7717282101676
281182,1258.1406449625797
281183,727.9877509091872
281184,757.5019118502823
281185,219.70966383592145
281186,1796.9069551643465
281187,1485.287891564774
281188,860.2434611126072
281189,898.1746876470529
281190,77.57119184238053
281191,525.6976305715634
281192,447.90697199000795
281193,252.29220935848068
281194,268.5146393030412
281195,133.65880406053455
281196,1053.4529054678842
281197,886.8415558050939
281198,500.8872355951648
281199,538.1517984564769
281200,161.2863868819914
281201,1258.8390971095853
281202,1056.6045775075129
281203,622.6808776075874
281204,664.587561933572
281205,730.5803677745689
281206,16.260393542650277
281207,14.306551784724709
281208,14.973610816484298
281209,10.276800144429691
281210,5.127098141443098
281211,17.07777444510558
281212,23.22626938606185
281213,16.27847900256606
281214,30.016929193175773
281215,5.042695136583999
281216,38.468925165191465
281217,43.3445608209375
281218,24.67177939889482
281219,47.34271512813679
281220,148.1885107341241
281221,1190.0763982141395
281222,1013.6233588411254
281223,578.9408111479474
281224,608.867598076528
281225,321.2902744223216
281226,2440.3088056886118
281227,1993.7740837374588
281228,1191.516608209886
281229,1206.4450426808328
281230,376.09281962446414
281231,2939.454218448187
281232,2447.569891936499
281233,1411.2400427436678
281234,1441.7874674035572
281235,137.16496317934713
281236,968.805626920801
281237,797.8037429878119
281238,462.9837783586107
281239,490.6116538328646
281240,284.4838302607042
281241,1924.7235299875001
281242,1641.9260203174456
281243,944.0456689130893
281244,984.8645239811043
281245,301.73725760646215
281246,2286.481704960093
281247,1917.9729667863328
281248,1116.6786937428508
281249,1167.351103790769
281250,759.4803937454516
281251,565.6989692310565
281252,494.24720505638226
281253,274.89387796537017
281254,291.88320787328973
281255,771.8597306908515
281256,1173.5620355422268
281257,987.1952877298953
281258,578.0154266504319
281259,603.2803832618491
281260,701.2197705504394
281261,1390.8374730355838
281262,1171.4183526535674
281263,678.1474814319528
281264,700.190593376073
281265,93.44042987062686
281266,599.4214674346288
281267,504.0537112321085
281268,283.5217834281696
281269,300.5111133360892
281270,173.88132649396738
281271,1213.0716345193455
281272,1005.1987321519763
281273,594.9004595578732
281274,620.1654161692904
281275,192.05733069519889
281276,1450.0552658567738
281277,1193.7575125674343
281278,694.1882527266807
281279,716.231364670801
281280,45.18078387764699
281281,416.77381763020793
281282,354.2900538036983
281283,197.3536862402543
281284,225.44462919713473
281285,101.23777074216672
281286,891.7514059222613
281287,737.2450331328669
281288,410.99790401740694
281289,444.03716914230006
281290,128.36510266279973
281291,1045.42333474564
281292,852.1432907271976
281293,488.59264666162767
281294,518.4100671192255
281295,721.449308396395
281296,14.25338827399178
281297,12.097353921215445
281298,-8.584364964535439
281299,0.011878785698317199
281300,263.2343750876047
281301,18.0426428664095
281302,17.526544769019118
281303,-5.016378191716787
281304,5.736984323968152
281305,65.36417142616217
281306,32.367321267161195
281307,35.851781564292175
281308,11.444311417778264
281309,24.414921896062516
281310,110.52927369402741
281311,986.5700756999357
281312,827.9437259232807
281313,471.226290227934
281314,505.8306389284388
281315,250.09998915592726
281316,1951.3846997060218
281317,1641.0582196722562
281318,977.0834495877574
281319,987.6297278874729
281320,314.2805898028781
281321,2336.530762358971
281322,1937.0250431465104
281323,1136.3875980248408
281324,1151.4847349146664
281325,103.84617801030907
281326,785.069459591537
281327,635.300256682039
281328,382.24540840968194
281329,417.9599539706805
281330,218.04206483890357
281331,1576.7029315847105
281332,1309.4620275095726
281333,773.9429912097219
281334,809.0630048634143
281335,244.64502234721743
281336,1860.3143280478537
281337,1562.9883670630047
281338,892.3729785161186
281339,932.04385075992
281340,759.9274247795059
281341,565.6989692310565
281342,494.24720505638226
281343,274.89387796537017
281344,291.88320787328973
281345,771.3356564120604
281346,1173.5620355422268
281347,987.1952877298953
281348,578.0154266504319
281349,603.2803832618491
281350,710.3620730554325
281351,1390.8374730355838
281352,1171.4183526535674
281353,678.1474814319528
281354,700.190593376073
281355,93.44042987062686
281356,599.4214674346288
281357,504.0537112321085
281358,283.5217834281696
281359,300.5111133360892
281360,173.88132649396738
281361,1213.0716345193455
281362,1005.1987321519763
281363,594.9004595578732
281364,620.1654161692904
281365,192.05733069519889
281366,1450.0552658567738
281367,1193.7575125674343
281368,694.1882527266807
281369,716.231364670801
281370,45.18078387764699
281371,416.77381763020793
281372,354.2900538036983
281373,197.3536862402543
281374,225.44462919713473
281375,101.23777074216672
281376,891.7514059222613
281377,737.2450331328669
281378,410.99790401740694
281379,444.03716914230006
281380,128.36510266279973
281381,1045.42333474564
281382,852.1432907271976
281383,488.59264666162767
281384,518.4100671192255
281385,721.449308396395
281386,14.25338827399178
281387,12.097353921215445
281388,-8.584364964535439
281389,0.011878785698317199
281390,279.23109134077725
281391,18.0426428664095
281392,17.526544769019118
281393,-5.016378191716787
281394,5.736984323968152
281395,65.36417142616217
281396,32.367321267161195
281397,35.851781564292175
281398,11.444311417778264
281399,24.414921896062516
281400,110.52927369402741
281401,986.5700756999357
281402,827.9437259232807
281403,471.226290227934
281404,505.8306389284388
281405,250.09998915592726
281406,1951.3846997060218
281407,1641.0582196722562
281408,977.0834495877574
281409,987.6297278874729
281410,314.2805898028781
281411,2336.530762358971
281412,1937.0250431465104
281413,1136.3875980248408
281414,1151.4847349146664
281415,103.84617801030907
281416,785.069459591537
281417,635.300256682039
281418,382.24540840968194
281419,417.9599539706805
281420,218.04206483890357
281421,1576.7029315847105
281422,1309.4620275095726
281423,773.9429912097219
281424,809.0630048634143
281425,244.64502234721743
281426,1860.3143280478537
281427,1562.9883670630047
281428,892.3729785161186
281429,932.04385075992
281430,760.5307126415272
281431,566.814892335653
281432,496.23030910106894
281433,274.46381791326274
281434,290.3383395193939
281435,771.3351212057006
281436,1174.6779586468235
281437,991.3739261717833
281438,577.5853665983244
281439,601.7355149079533
281440,698.1406628461913
281441,1391.9533961401805
281442,1175.5969910954555
281443,677.7174213798453
281444,698.6457250221772
281445,93.43989466426707
281446,600.5373905392253
281447,506.0368152767952
281448,283.0917233760622
281449,298.96624498219336
281450,173.88079128760762
281451,1214.1875576239422
281452,1009.3773705938643
281453,594.4703995057657
281454,618.6205478153946
281455,192.0567954888391
281456,1451.1711889613705
281457,1197.9361510093224
281458,693.7581926745733
281459,714.6864963169052
281460,45.1802486712872
281461,417.88974073480443
281462,356.273157848385
281463,196.9236261881469
281464,223.89976084323897
281465,101.23723553580693
281466,892.8673290268578
281467,741.4236715747548
281468,410.5678439652995
281469,442.49230078840424
281470,128.36456745643994
281471,1046.5392578502367
281472,856.3219291690856
281473,488.16258660952025
281474,516.8651987653296
281475,721.4487731900352
281476,15.369311378588325
281477,10.794448869446924
281478,-9.014425016642852
281479,0.3488249918259024
281480,279.23055613441744
281481,19.158565971006045
281482,16.223639717250595
281483,-5.4464382438242005
281484,6.073930530095737
281485,65.36363621980239
281486,33.483244371757735
281487,34.54887651252365
281488,11.014251365670852
281489,24.751868102190098
281490,110.52873848766762
281491,987.6859988045322
281492,832.0791648231682
281493,470.79623017582657
281494,503.1989219592836
281495,250.09945394956748
281496,1952.5006228106186
281497,1645.1936585721437
281498,976.6533895356499
281499,984.9980109183176
281500,314.2800545965183
281501,2337.646685463568
281502,1941.1604820463979
281503,1135.9575379727335
281504,1148.853017945511
281505,103.84564280394929
281506,786.1853826961335
281507,636.7529971391323
281508,381.8153483575745
281509,415.035723165506
281510,218.04152963254379
281511,1577.8188546893073
281512,1310.914767966666
281513,773.5129311576144
281514,806.1387740582398
281515,244.64448714085765
281516,1861.4302511524504
281517,1564.441107520098
281518,891.9429184640111
281519,929.1196199547455
281520,759.6923165541308
281521,565.9764962482567
281522,495.39191301367254
281523,275.9052697338861
281524,285.1880403134863
281525,771.5388380919601
281526,1173.3545369111907
281527,990.0505044361512
281528,581.0916107391066
281529,596.5852157020458
281530,697.3022667587949
281531,1391.1150000527834
281532,1174.7585950080584
281533,681.2236655206275
281534,693.4954258162697
281535,92.6014985768703
281536,599.6989944518289
281537,505.1984191893988
281538,284.53317519668553
281539,293.81594577628573
281540,173.04239520021082
281541,1213.3491615365451
281542,1008.5389745064672
281543,597.9766436465479
281544,613.4702486094872
281545,191.2183994014423
281546,1450.3327928739734
281547,1197.0977549219253
281548,697.2644368153555
281549,709.5361971109977
281550,44.341852583890464
281551,417.0513446474078
281552,355.43476176098835
281553,198.36507800877007
281554,218.74946163733122
281555,100.39883944841016
281556,892.0289329394614
281557,740.5852754873584
281558,414.0740881060815
281559,437.3420015824966
281560,127.52617136904311
281561,1045.7008617628396
281562,855.4835330816892
281563,491.6688307503022
281564,511.7148995594215
281565,723.676886024254
281566,14.880093251193024
281567,10.305230742051627
281568,-7.223795236018188
281569,-1.3614293461183016
281570,298.6719259329896
281571,18.669347843610748
281572,15.7344215898553
281573,-1.59101614304088
281574,4.363676192151535
281575,67.59174905402088
281576,32.99402624436244
281577,34.05965838512834
281578,14.869673466454174
281579,23.0416137642459
281580,109.53082258319276
281581,986.6880829000577
281582,831.0812489186936
281583,472.0781621793718
281584,494.9422307244474
281585,249.10153804509278
281586,1951.5027069061434
281587,1644.1957426676686
281588,980.000113859354
281589,976.7413196834815
281590,313.2821386920436
281591,2336.648769559093
281592,1940.1625661419228
281593,1139.304262296437
281594,1140.5963267106747
281595,102.84772689947442
281596,785.187466791659
281597,635.7550812346577
281598,383.0972803611198
281599,406.7790319306698
281600,217.0436137280689
281601,1576.8209387848322
281602,1309.9168520621909
281603,776.8596554813184
281604,797.8820828234037
281605,243.64657123638287
281606,1860.4323352479753
281607,1563.443191615623
281608,895.2896427877151
281609,920.8629287199094
281610,746.8479060784358
281611,598.8117292421234
281612,519.8953051576899
281613,296.43959148465666
281614,305.24342479362235
281615,703.312366902905
281616,1221.9974285387905
281617,1017.8423900321764
281618,616.56042547258
281619,632.4079828737349
281620,610.6399919222814
281621,1444.1155251718908
281622,1204.247653324161
281623,720.6860158053406
281624,738.227081337668
281625,84.32564208247271
281626,631.0022124289986
281627,533.3635530068041
281628,304.4489851669572
281629,313.2528184759229
281630,172.26633366802378
281631,1261.0785499279468
281632,1040.6111135563797
281633,633.4454583800214
281634,649.2930157811762
281635,200.3532798318676
281636,1512.2209130940125
281637,1240.6681650290445
281638,736.7267871000686
281639,754.2678526323959
281640,47.30641266358326
281641,437.31554750067716
281642,367.73651115446074
281643,211.46927152796155
281644,231.37471788588837
281645,105.44632853143604
281646,922.3189720440887
281647,764.5794256017999
281648,444.07408890379844
281649,467.6959548184293
281650,138.1260970967389
281651,1089.5229348978683
281652,890.3492564550999
281653,522.5930737087991
281654,544.1335036259262
281655,716.6330776361987
281656,9.172835682166482
281657,3.818617694124035
281658,-7.4673738776916005
281659,-0.22309776809443713
281660,139.32151599571765
281661,10.062591623934258
281662,12.959318351922
281663,4.162749735975458
281664,18.007667207628884
281665,32.94421717879809
281666,28.29935303215867
281667,23.84052808905023
281668,9.099671442955355
281669,30.592609620959227
281670,117.52631522191068
281671,1006.3524036636635
281672,852.5330496437211
281673,490.4858026617933
281674,513.3790405854506
281675,262.0458498993018
281676,2081.3777678067677
281677,1755.510691825591
281678,1031.9581574370027
281679,1026.0037537498936
281680,323.03097624744385
281681,2449.134246784143
281682,2058.9498913080192
281683,1188.1483210921315
281684,1197.9409839479226
281685,113.036495361995
281686,828.2839587830005
281687,668.6839259381808
281688,403.8303465008684
281689,427.54126744899935
281690,229.14283992157826
281691,1676.2986010368436
281692,1371.8570274610252
281693,826.0421422084145
281694,850.1343952483018
281695,265.7247290250833
281696,1965.269423068356
281697,1643.3395982207423
281698,952.4782250535504
281699,986.5521094272979
281700,753.2474085114312
281701,626.8816445706152
281702,535.6091999872853
281703,321.7941690894299
281704,317.09791410899146
281705,716.8005068715389
281706,1311.233886375371
281707,1099.0423788841017
281708,657.9902540193565
281709,668.4695295926496
281710,463.2386688079147
281711,1550.366655420273
281712,1307.2112589304606
281713,763.3272431265018
281714,780.9391194608637
281715,88.9134699768005
281716,662.2049999529861
281717,552.8458352886233
281718,331.7144599494077
281719,327.01820496896926
281720,178.53454184660964
281721,1351.3288203548966
281722,1123.6685926828516
281723,674.8752869267978
281724,685.3545625000909
281725,208.4058979465787
281726,1625.3924408234918
281727,1347.2875253852437
281728,781.1662788965826
281729,798.7781552309445
281730,55.8422154047551
281731,459.31121813104227
281732,389.1118661321584
281733,230.0295362200121
281734,236.43489428853485
281735,120.2709208421466
281736,967.7676433455731
281737,810.9486041789513
281738,465.58595199383
281739,483.839536080599
281740,150.40436028774886
281741,1132.1314430847854
281742,934.5188958448819
281743,544.8883598848574
281744,566.4996006040191
281745,708.355528473771
281746,13.626503614125506
281747,7.016583415761385
281748,6.841775871129566
281749,9.734024075938168
281750,113.54536194691832
281751,9.481094836247705
281752,13.298328839902439
281753,9.703318448942426
281754,27.32801447734943
281755,19.71991494807179
281756,27.45081616233749
281757,25.58368917899856
281758,13.965183664584501
281759,39.23790039934199
281760,129.51092996729167
281761,1052.9072601603038
281762,910.5853608688705
281763,521.9244958343139
281764,528.9937085285267
281765,268.52267848364136
281766,2202.7094621757487
281767,1834.3475313765543
281768,1097.2363429623852
281769,1083.5897205073745
281770,354.87616391292397
281771,2581.9063728651686
281772,2165.7551603042853
281773,1291.7217655702239
281774,1293.8222096581133
281775,124.99760647438536
281776,871.7044556042943
281777,722.7913158296471
281778,430.9992401367606
281779,438.88613585544783
281780,237.53735298041224
281781,1759.110555478146
281782,1480.0017550692464
281783,858.8533135266955
281784,875.2533477986814
281785,278.96745864479016
281786,2079.347633155426
281787,1765.7070696755077
281788,1003.0645128042734
281789,1029.446178410118
281790,723.0475272635372
281791,705.1236763508754
281792,594.9733161338578
281793,379.30632784695183
281794,370.39198786905564
281795,554.8388458017622
281796,1486.932473438203
281797,1223.8867927639067
281798,720.2484215265134
281799,729.6455269709284
281800,313.9571927106588
281801,1737.1010116396594
281802,1435.309582126406
281803,851.2757242836319
281804,869.0898953213974
281805,112.37860387673763
281806,739.8370925970944
281807,614.1815781265592
281808,389.68975172738305
281809,380.77541174948686
281810,188.62848193376868
281811,1518.1616867239386
281812,1246.5971583152834
281813,737.8577265092157
281814,747.2548319536306
281815,218.82521776603133
281816,1796.0225090944557
281817,1473.470000333816
281818,869.8390321289737
281819,887.6532031667392
281820,76.94586185275458
281821,525.0723005819378
281822,436.348196839315
281823,258.2570754217612
281824,259.9407887836058
281825,133.04876257430635
281826,1052.8428639816552
281827,875.298069157799
281828,510.75721119519307
281829,527.9047185598251
281830,160.4019408121013
281831,1257.9546510396945
281832,1044.7866862765547
281833,632.2764486239539
281834,654.0660774532583
281835,725.9163202636502
281836,16.835556579077117
281837,7.8318189748785185
281838,20.4682201690818
281839,4.371284924797229
281840,23.87449004590083
281841,16.861266371459326
281842,15.959865466142569
281843,24.344625401436083
281844,24.61815869965716
281845,7.269113440889595
281846,37.97801250788324
281847,35.80375231735621
281848,32.46352121410287
281849,41.669540050956215
281850,148.66363739250198
281851,1178.009451889443
281852,1009.9722031126139
281853,585.7312246625678
281854,596.4161054266323
281855,320.565068571596
281856,2424.1179133954283
281857,1979.9340573483482
281858,1199.0740568316758
281859,1192.695792817948
281860,374.4213299133506
281861,2922.3170422946155
281862,2432.7835816870015
281863,1417.8512075050696
281864,1427.0919336802845
281865,137.64008983772501
281866,968.1144264000535
281867,790.0626466207914
281868,468.5104399902207
281869,476.89640929995846
281870,283.7586244099786
281871,1923.9983241367736
281872,1630.8535742695371
281873,951.6031175348802
281874,971.1152741182203
281875,300.0657678953486
281876,2284.8102152489796
281877,1905.9542368780365
281878,1123.2898585042526
281879,1152.6555700674962
281880,757.7783463012786
281881,563.5498907528292
281882,485.0482307318819
281883,279.7612351478165
281884,281.1447652737556
281885,769.2018664372308
281886,1171.4282455673963
281887,978.0116019087924
281888,584.9628646564349
281889,592.5572291657131
281890,700.0328560985475
281891,1388.4292784770914
281892,1161.9602622488019
281893,684.8205148542938
281894,689.193034696275
281895,91.29135139239911
281896,597.2723889564014
281897,494.8547369076078
281898,288.3891406106159
281899,289.772670736555
281900,171.74753651913733
281901,1210.937844544515
281902,996.0150463308732
281903,601.8478975638762
281904,609.4422620731544
281905,189.64913613670686
281906,1447.6470712982814
281907,1184.2994221626689
281908,700.8612861490218
281909,705.233805991003
281910,43.031705399419266
281911,414.62473915198035
281912,345.0910794791977
281913,202.22104342270046
281914,214.70618659760052
281915,99.10398076733668
281916,889.6176159474317
281917,728.0613473117643
281918,417.94534202340964
281919,433.31401504616366
281920,125.9569081043077
281921,1043.0151401871476
281922,842.685200322433
281923,495.2656800839684
281924,507.41250843942663
281925,724.2736410842788
281926,14.002698165106453
281927,4.796767966057082
281928,-3.117035248933797
281929,-5.153909812695008
281930,315.4281388319316
281931,17.000281647451086
281932,9.434287703787668
281933,3.0224885701573623
281934,1.0779404516886821
281935,80.52246632429966
281936,31.0505554645408
281937,27.485119915398744
281938,19.208773595990447
281939,19.481473440121093
281940,109.13317393975483
281941,972.6319029625898
281942,822.4213437821194
281943,476.9440508382201
281944,490.10483645716107
281945,247.5035568925512
281946,1933.3225810001873
281947,1631.4118915626063
281948,983.5682453052141
281949,970.6061682032067
281950,310.7378736791141
281951,2317.5223597927493
281952,1926.4324311764726
281953,1141.9261098819086
281954,1133.5148913700116
281955,102.45007825603649
281956,782.507032658139
281957,625.6879339023681
281958,386.6994171369577
281959,400.6778857803731
281960,215.4456325755272
281961,1574.1064993213338
281962,1299.8156993999228
281963,780.4277869271785
281964,791.7469313431292
281965,241.10230622345327
281966,1856.771611924089
281967,1552.395755092967
281968,897.9114903731872
281969,913.7814933792469
281970,758.4015316258453
281971,564.173076077396
281972,485.6714160564487
281973,280.3844204723833
281974,281.7679505983224
281975,769.8250517617976
281976,1172.051430891963
281977,978.6347872333591
281978,585.5860499810017
281979,593.1804144902799
281980,708.5770638215075
281981,1389.0524638016582
281982,1162.5834475733686
281983,685.4437001788606
281984,689.8162200208418
281985,91.91453671696588
281986,597.8955742809682
281987,495.4779222321746
281988,289.01232593518273
281989,290.39585606112183
281990,172.37072184370413
281991,1211.5610298690817
281992,996.63823165544
281993,602.471082888443
281994,610.0654473977212
281995,190.27232146127366
281996,1448.2702566228481
281997,1184.9226074872356
281998,701.4844714735885
281999,705.8569913155698
282000,43.65489072398604
282001,415.24792447654715
282002,345.7142648037645
282003,202.84422874726724
282004,215.3293719221673
282005,99.72716609190346
282006,890.2408012719984
282007,728.684532636331
282008,418.56852734797644
282009,433.93720037073047
282010,126.58009342887449
282011,1043.6383255117144
282012,843.3083856469998
282013,495.8888654085352
282014,508.03569376399344
282015,715.8403422688608
282016,13.883632693803113
282017,4.677702494753744
282018,-3.236100720237135
282019,-5.272975283998346
282020,308.0030538120636
282021,17.889429971697723
282022,10.323436028034306
282023,3.911636894404001
282024,1.9670887759353208
282025,72.08916750888169
282026,30.931489993237463
282027,27.3660544440954
282028,19.089708124687107
282029,19.362407968817752
282030,110.0594817357898
282031,973.5582107586248
282032,823.3476515781543
282033,477.87035863425507
282034,491.03114425319603
282035,249.43807848413613
282036,1935.257102591772
282037,1633.3464131541912
282038,985.502766896799
282039,972.5406897947917
282040,311.66418147514906
282041,2318.4486675887842
282042,1927.3587389725076
282043,1142.8524176779435
282044,1134.4411991660465
282045,103.37638605207147
282046,783.433340454174
282047,626.614241698403
282048,387.6257249329927
282049,401.6041935764081
282050,217.38015416711218
282051,1576.0410209129186
282052,1301.7502209915076
282053,782.3623085187635
282054,793.6814529347141
282055,242.02861401948826
282056,1857.697919720124
282057,1553.322062889002
282058,898.8377981692222
282059,914.7078011752818
282060,764.7164145260555
282061,570.8929121584738
282062,502.3024775040821
282063,304.63596438228075
282064,263.27433120506106
282065,778.9483410055884
282066,1183.5322299661098
282067,1004.8929731947655
282068,610.6663926457583
282069,571.3059573733962
282070,712.2509334676397
282071,1397.854476761689
282072,1186.1628474206595
282073,711.3172250304979
282074,668.9807146148072
282075,92.58173421220454
282076,602.5694317088693
282077,510.06300502663186
282078,311.21789119190356
282079,269.85625801468393
282080,174.32691403101433
282081,1217.5238819890556
282082,1017.3784706626724
282083,625.5054469000229
282084,586.1450116276608
282085,193.0216958354647
282086,1455.0262909297023
282087,1206.4560286813498
282088,725.3120176720491
282089,682.9755072563585
282090,44.88929417459789
282091,420.4889878598215
282092,360.8665535535943
282093,225.6576731429175
282094,198.11496137888622
282095,102.25056423458685
282096,896.7708593473442
282097,749.9919775989367
282098,440.7328665262072
282099,413.8216052197868
282100,129.8966737584387
282101,1050.9615657739416
282102,865.4090127964863
282103,518.8463867736481
282104,488.9590503238977
282105,723.9935787894842
282106,17.306900340880453
282107,10.842637097137095
282108,13.355578954503027
282109,-2.6157687422581515
282110,190.87216040390084
282111,21.09615493329818
282112,12.845390283011987
282113,12.816525845825682
282114,-8.564638507081598
282115,59.86732195567523
282116,35.47358196452196
282117,31.223375708757153
282118,29.32996408579282
282119,10.411817219453246
282120,109.00314553197136
282121,995.3576895464314
282122,829.4686044164852
282123,514.7114663100535
282124,472.75366506540826
282125,248.5738609938714
282126,1960.1723135525172
282127,1636.2405893716616
282128,1022.1510555697301
282129,952.5723999832757
282130,312.8072102712943
282131,2345.371124835939
282132,1937.5947253762322
282133,1194.4747211035676
282134,1110.310584135979
282135,102.54996081128783
282136,787.6820678630988
282137,636.3602815714956
282138,425.96049545483515
282139,385.11289107068535
282140,216.74584763988244
282141,1579.3155398562724
282142,1313.6672024862028
282143,819.2405081547294
282144,774.2355879222514
282145,243.40155377866844
282146,1862.9796849498875
282147,1567.2462906701069
282148,950.6900125578798
282149,891.0996109442668
282150,765.1471238519335
282151,571.3236214843519
282152,502.73318682996023
282153,305.0666737081589
282154,263.7050405309392
282155,774.4858278244241
282156,1182.6586560965186
282157,1004.0193993251744
282158,609.7928187761671
282159,570.432383503805
282160,712.6816427935178
282161,1398.2851860875674
282162,1186.5935567465378
282163,711.7479343563759
282164,669.4114239406853
282165,93.01244353808266
282166,603.0001410347473
282167,510.49371435251
282168,311.6486005177817
282169,270.28696734056206
282170,173.45334016142323
282171,1216.6503081194644
282172,1016.5048967930812
282173,624.6318730304317
282174,585.2714377580696
282175,193.45240516134285
282176,1455.4570002555806
282177,1206.8867380072281
282178,725.7427269979272
282179,683.4062165822365
282180,45.32000350047602
282181,420.91969718569965
282182,361.29726287947244
282183,226.08838246879566
282184,198.54567070476438
282185,101.37699036499573
282186,895.897285477753
282187,749.1184037293456
282188,439.8592926566161
282189,412.9480313501957
282190,130.32738308431686
282191,1051.39227509982
282192,865.8397221223644
282193,519.2770960995261
282194,489.38975964977584
282195,723.2325144632281
282196,16.545836014624403
282197,10.081572770881046
282198,12.594514628246978
282199,-3.3768330685142
282200,181.11650863761412
282201,20.33509060704213
282202,12.084325956755938
282203,12.055461519569633
282204,-9.325702833337647
282205,59.10625762941918
282206,34.712517638265915
282207,30.462311382501102
282208,28.56889975953677
282209,9.650752893197197
282210,108.24208120571531
282211,994.5966252201753
282212,828.707540090229
282213,513.9504019837974
282214,471.99260073915224
282215,247.81279666761534
282216,1959.4112492262611
282217,1635.4795250454056
282218,1021.389991243474
282219,951.8113356570195
282220,312.0461459450383
282221,2344.610060509683
282222,1936.8336610499762
282223,1193.7136567773116
282224,1109.549519809723
282225,101.78889648503178
282226,786.9210035368427
282227,635.5992172452395
282228,425.19943112857914
282229,384.35182674442933
282230,215.9847833136264
282231,1578.5544755300164
282232,1312.9061381599467
282233,818.4794438284732
282234,773.4745235959953
282235,242.6404894524124
282236,1862.2186206236315
282237,1566.4852263438509
282238,949.9289482316236
282239,890.3385466180107
282240,752.1958728054316
282241,604.0520139074117
282242,527.1297384031702
282243,324.2485501660767
282244,292.6137642599045
282245,706.152516064562
282246,1231.1947071533114
282247,1031.704444350393
282248,647.5417028681907
282249,609.9941823508448
282250,625.9125273861979
282251,1451.1788706358677
282252,1215.9757744918336
282253,763.5770168178327
282254,703.9062748536915
282255,84.62974647287805
282256,634.1965184411101
282257,538.5520075991077
282258,330.2119651952006
282259,298.5771792890283
282260,172.57043805842915
282261,1264.2728559400591
282262,1048.4701952721875
282263,662.3807571224553
282264,624.8332366051094
282265,202.48044502096113
282266,1519.414877046536
282267,1252.5269046852636
282268,777.571809459384
282269,717.9010674952427
282270,48.17772300936177
282271,441.07705946816196
282272,373.4921717021378
282273,237.8401306951346
282274,220.02426620215064
282275,106.31763887721456
282276,926.0804840115734
282277,773.0057132729801
282278,472.139362812883
282279,447.0410162614785
282280,140.8204682412056
282281,1095.1075076640416
282282,900.5986049249681
282283,562.5680712347652
282284,515.3465032365656
282285,716.0818655043657
282286,10.731737874790811
282287,3.4881191521464117
282288,5.682699110335318
282289,3.4757746982625823
282290,65.98137460431471
282291,11.621493816558587
282292,9.202382148015598
282293,18.318909593954384
282294,4.918256797413868
282295,32.445753677437544
282296,29.91100385525511
282297,20.13634051561596
282298,33.39524274959987
282299,13.031196005670264
282300,114.22580454876821
282301,1027.7148631305738
282302,848.1475715195915
282303,533.3348203496517
282304,494.90864359702516
282305,258.74533922615933
282306,2102.740227273678
282307,1744.782704907663
282308,1076.3064251089181
282309,1000.4386951468226
282310,319.7832142047734
282311,2470.549454881526
282312,2053.6092169204076
282313,1255.6027686789937
282314,1161.488581110848
282315,109.9658956518872
282316,828.0057262325191
282317,666.5162926530975
282318,446.21226036350674
282319,409.3007814236098
282320,226.0722402114706
282321,1676.0203684863627
282322,1372.834544263116
282323,869.92330605511
282324,824.7992476082658
282325,262.7068779454477
282326,1965.0439391483471
282327,1644.3698636533052
282328,1019.4655688151929
282329,950.3296175532571
282330,758.2899748681201
282331,632.9988959031962
282332,543.7205999000582
282333,338.82910742378135
282334,310.3433363951352
282335,718.2437734046015
282336,1321.3081316571845
282337,1113.7813998696108
282338,686.1633011911266
282339,647.75172241036
282340,469.3300468907463
282341,1558.3069675515426
282342,1319.8163467654258
282343,803.4100139151534
282344,748.3143063174878
282345,88.91217399689901
282346,666.2762726323903
282347,558.9112565482196
282348,346.7034196305825
282349,318.21764860193645
282350,178.53324586670823
282351,1355.4000930343016
282352,1132.404641065952
282353,701.0023554453912
282354,662.5907766646246
282355,210.2276627653654
282356,1633.463371443308
282357,1360.0232317087555
282358,819.2030710320576
282359,764.1073634343919
282360,56.408125380226764
282361,463.94969676581974
282362,395.7444933471281
282363,245.62637504011664
282364,230.95952542465872
282365,120.83683081761838
282366,972.4061219803505
282367,820.2518585174241
282368,490.8429956790742
282369,464.88059086424886
282370,152.79333106190873
282371,1138.5929825182513
282372,945.6452109820427
282373,582.0551271869832
282374,539.408593555259
282375,702.3403895220458
282376,16.062372474042487
282377,7.563051541076429
282378,9.217828512087854
282379,6.781771835339769
282380,87.962627018127
282381,11.916963696164693
282382,10.4183593032887
282383,21.051248083081028
282384,-2.168582839094734
282385,13.757524626819112
282386,29.939433652726617
282387,22.75646827285695
282388,35.452524747388686
282389,5.269299877823829
282390,125.90501892384242
282391,1075.146686294507
282392,907.0768494120334
282393,553.9994931751027
282394,518.7223313000032
282395,264.916767440192
282396,2224.9488883099516
282397,1824.496511125919
282398,1138.77638041046
282399,1064.6695082267413
282400,351.3230014999467
282401,2604.1985476298437
282402,2161.291452583966
282403,1356.3679829332455
282404,1264.0146531434755
282405,121.62160639397095
282406,872.3031897211056
282407,721.5006492118565
282408,462.60713365233033
282409,428.84466958995955
282410,234.16135289999784
282411,1759.7092895949577
282412,1481.85623853863
282413,899.9262471495507
282414,856.5630464810824
282415,275.6442071948477
282416,2079.9991159027095
282417,1767.6143017753632
282418,1067.243626342075
282419,999.8685328585157
282420,733.4785633597438
282421,712.5213470582139
282422,611.4150312676616
282423,397.2952567052378
282424,365.4313220907463
282425,544.1905001779742
282426,1498.271849591377
282427,1246.9408404670494
282428,749.7524610527292
282429,706.2859635199266
282430,318.2996842873323
282431,1746.5808592259514
282432,1456.5041012626666
282433,897.1525045003797
282434,834.0977304929712
282435,111.53227315608011
282436,744.9224452574528
282437,628.3109752133827
282438,405.36636253868886
282439,373.5024279241974
282440,186.60976311511814
282441,1523.2317508809006
282442,1263.381894022214
282443,762.2466297558083
282444,721.5829504556485
282445,220.06106392432605
282446,1805.3666357754907
282447,1494.5287985648197
282448,910.6006760660982
282449,850.3487202913327
282450,76.66673708747012
282451,530.7248591976694
282452,451.04479988151195
282453,274.5415653719963
282454,253.545835901274
282455,131.597249711029
282456,1058.4801340939903
282457,892.6500108201012
282458,534.2760896084382
282459,503.1108680047993
282460,162.20499292576918
282461,1265.6893865343793
282462,1064.2360933212083
282463,672.1680677277292
282464,621.4145696494862
282465,729.1673102039182
282466,19.47854580647752
282467,15.635303313949985
282468,19.034322780114795
282469,13.126142378796235
282470,-1.8969728328713549
282471,20.29592670893282
282472,21.12858325335836
282473,28.13884057843908
282474,3.3994408005075205
282475,3.682386196405437
282476,41.73982605949083
282477,41.29962331870614
282478,48.00340878272813
282479,16.253223530394553
282480,146.54671826657741
282481,1200.673371203498
282482,1013.9380806819017
282483,624.0177977227411
282484,581.2228031287686
282485,318.4913823601797
282486,2450.905778677969
282487,1984.0714080642356
282488,1255.0281429923366
282489,1160.0690515025249
282490,374.50377578738954
282491,2950.1039400680165
282492,2437.9199648937474
282493,1503.2353227946626
282494,1384.5241319912448
282495,135.52317071180045
282496,972.997683372191
282497,800.1063987045999
282498,505.02237361567524
282499,463.74207683443126
282500,281.68493819856235
282501,1928.9155864388902
282502,1641.1319538425646
282503,997.8036829814743
282504,943.3006336722376
282505,300.14821376938755
282506,2290.726510041954
282507,1917.2316489419238
282508,1198.92045307978
282509,1114.8998692478986
282510,763.4977065356372
282511,571.0206836471906
282512,501.563068052709
282513,307.75933057060547
282514,263.7313004260735
282515,779.4807835676705
282516,1182.3557182593572
282517,1000.6537461507218
282518,612.4854756386138
282519,570.4586433989394
282520,715.9359011500907
282521,1397.982248250406
282522,1183.227903572085
282523,714.4405912188226
282524,669.4376838358197
282525,91.96684929016733
282526,602.6972031975862
282527,509.32359557525865
282528,314.3412573802283
282529,270.3132272356964
282530,171.25064631891274
282531,1216.347370282303
282532,1013.1392436186286
282533,627.3245298928784
282534,585.2976976532041
282535,192.40681091342753
282536,1455.1540624184192
282537,1203.5210848327754
282538,728.4353838603739
282539,683.432476477371
282540,44.27440925256071
282541,420.6167593485385
282542,360.1271441022211
282543,228.78103933124214
282544,198.5719305998986
282545,99.17429652248521
282546,895.5943476405919
282547,745.7527505548929
282548,442.5519495190627
282549,412.97429124533005
282550,129.28178883640155
282551,1051.0893372626585
282552,862.4740689479117
282553,521.9697529619729
282554,489.41601954491017
282555,717.0283937657275
282556,16.24289817746318
282557,12.19746309008489
282558,15.287171490693526
282559,-3.3505731733799062
282560,192.6645966512132
282561,20.032152769880906
282562,14.200216275959782
282563,14.748118382016177
282564,-9.299442938203349
282565,52.90213693191854
282566,34.40957980110471
282567,32.578201701704955
282568,31.26155662198332
282569,9.677012788331488
282570,108.8412059037243
282571,995.9384063289384
282572,827.0298054037012
282573,518.2877777921684
282574,473.6635795802108
282575,247.25482177102907
282576,1960.7530303350243
282577,1633.801790358878
282578,1025.727367051845
282579,953.4823144980783
282580,312.6452706430472
282581,2345.951841618445
282582,1935.1559263634485
282583,1198.0510325856826
282584,1111.2204986507818
282585,102.15811022000597
282586,788.0328736825711
282587,636.3742700384712
282588,429.3068959739152
282589,385.7928946224531
282590,215.19689745400535
282591,1579.6663456757447
282592,1313.6811909531784
282593,822.5869086738095
282594,774.9155914740193
282595,243.00970318738652
282596,1863.3304907693598
282597,1567.2602791370825
282598,954.0364130769599
282599,891.7796144960347
282600,764.7470592482528
282601,571.4748053872725
282602,502.01718979279076
282603,308.2134523106873
282604,264.1854221661553
282605,778.2785256006975
282606,1182.809839999439
282607,1001.1078678908035
282608,612.9395973786956
282609,570.9127651390212
282610,725.1062762610994
282611,1398.4363699904877
282612,1183.6820253121668
282613,714.8947129589044
282614,669.8918055759015
282615,93.21620200278285
282616,603.1513249376679
282617,509.77771731534045
282618,314.7953791203101
282619,270.7673489757782
282620,173.6570986261234
282621,1216.8014920223848
282622,1013.5933653587103
282623,627.7786516329602
282624,585.7518193932858
282625,193.65616362604302
282626,1455.608184158501
282627,1203.9752065728571
282628,728.8895056004557
282629,683.8865982174527
282630,45.52376196517622
282631,421.0708810886203
282632,360.5812658423029
282633,229.23516107132392
282634,199.02605233998037
282635,101.58074882969592
282636,896.0484693806736
282637,746.2068722949747
282638,443.0060712591445
282639,413.42841298541185
282640,130.53114154901704
282641,1051.5434590027403
282642,862.9281906879935
282643,522.4238747020546
282644,489.870141284992
282645,718.277746478343
282646,16.697019917544942
282647,12.65158483016665
282648,15.741293230775286
282649,-2.896451433298147
282650,177.13287530230707
282651,20.48627450996267
282652,14.654338016041542
282653,15.202240122097937
282654,-8.845321198121592
282655,54.151489644534045
282656,34.863701541186465
282657,33.032323441786716
282658,31.715678362065077
282659,10.131134528413249
282660,110.0905586163398
282661,996.3925280690202
282662,827.4839271437829
282663,518.7418995322502
282664,474.1177013202926
282665,249.6612740782398
282666,1961.207152075106
282667,1634.2559120989597
282668,1026.1814887919268
282669,953.93643623816
282670,313.8946233556628
282671,2346.405963358527
282672,1935.6100481035303
282673,1198.5051543257644
282674,1111.6746203908635
282675,103.40746293262148
282676,788.4869954226529
282677,636.8283917785529
282678,429.761017713997
282679,386.2470163625349
282680,217.60334976121604
282681,1580.1204674158264
282682,1314.1353126932602
282683,823.0410304138912
282684,775.369713214101
282685,244.259055900002
282686,1863.7846125094416
282687,1567.7144008771643
282688,954.4905348170416
282689,892.2337362361164
282690,765.350347110274
282691,572.590728491869
282692,504.00029383747744
282693,307.78339225857985
282694,263.7553621140479
282695,778.2779903943377
282696,1183.9257631040357
282697,1005.2865063326915
282698,612.5095373265881
282699,568.4277219925748
282700,712.8848660518582
282701,1399.5522930950845
282702,1187.860663754055
282703,714.4646529067969
282704,667.4067624294551
282705,93.21566679642306
282706,604.2672480422644
282707,511.76082136002714
282708,314.36531906820267
282709,270.33728892367077
282710,173.65656341976364
282711,1217.9174151269815
282712,1017.7720038005983
282713,627.3485915808527
282714,583.2667762468394
282715,193.65562841968324
282716,1456.7241072630977
282717,1208.1538450147452
282718,728.4594455483482
282719,681.4015550710063
282720,45.523226758816435
282721,422.1868041932168
282722,362.5643698869896
282723,228.80510101921652
282724,198.59599228787297
282725,101.58021362333614
282726,897.1643924852701
282727,750.3855107368627
282728,442.5760112070371
282729,410.94336983896545
282730,130.53060634265725
282731,1052.659382107337
282732,867.1068291298815
282733,521.9938146499471
282734,487.3850981385456
282735,718.2772112719832
282736,17.812943022141486
282737,11.348679778398129
282738,15.311233178667873
282739,-3.326511485405561
282740,177.13234009594728
282741,21.602197614559213
282742,13.351432964273021
282743,14.772180069990524
282744,-11.330364344567988
282745,54.15095443817426
282746,35.979624645783005
282747,31.729418390018186
282748,31.285618309957663
282749,7.646091381966842
282750,110.09002340998002
282751,997.5084511736167
282752,831.6193660436704
282753,518.3118394801427
282754,473.6876412681852
282755,249.66073887188003
282756,1962.3230751797028
282757,1638.3913509988472
282758,1025.7514287398194
282759,951.4513930917136
282760,313.894088149303
282761,2347.521886463124
282762,1939.7454870034178
282763,1198.075094273657
282764,1109.1895772444173
282765,103.4069277262617
282766,789.6029185272494
282767,638.2811322356462
282768,429.33095766188956
282769,385.8169563104275
282770,217.60281455485625
282771,1581.2363905204231
282772,1315.5880531503535
282773,822.6109703617838
282774,772.8846700676546
282775,244.25852069364223
282776,1864.9005356140383
282777,1569.1671413342576
282778,954.0604747649342
282779,889.74869308967
282780,765.350347110274
282781,572.590728491869
282782,504.00029383747744
282783,307.78339225857985
282784,263.7553621140479
282785,774.6890510827645
282786,1183.9257631040357
282787,1005.2865063326915
282788,612.5095373265881
282789,568.4277219925748
282790,712.8848660518582
282791,1399.5522930950845
282792,1187.860663754055
282793,714.4646529067969
282794,667.4067624294551
282795,93.21566679642306
282796,604.2672480422644
282797,511.76082136002714
282798,314.36531906820267
282799,270.33728892367077
282800,173.65656341976364
282801,1217.9174151269815
282802,1017.7720038005983
282803,627.3485915808527
282804,583.2667762468394
282805,193.65562841968324
282806,1456.7241072630977
282807,1208.1538450147452
282808,728.4594455483482
282809,681.4015550710063
282810,45.523226758816435
282811,422.1868041932168
282812,362.5643698869896
282813,228.80510101921652
282814,198.59599228787297
282815,101.58021362333614
282816,897.1643924852701
282817,750.3855107368627
282818,442.5760112070371
282819,410.94336983896545
282820,130.53060634265725
282821,1052.659382107337
282822,867.1068291298815
282823,521.9938146499471
282824,487.3850981385456
282825,718.5416684130935
282826,17.812943022141486
282827,11.348679778398129
282828,15.311233178667873
282829,-3.326511485405561
282830,170.89822121561963
282831,21.602197614559213
282832,13.351432964273021
282833,14.772180069990524
282834,-11.330364344567988
282835,54.41541157928454
282836,35.979624645783005
282837,31.729418390018186
282838,31.285618309957663
282839,7.646091381966842
282840,110.09002340998002
282841,997.5084511736167
282842,831.6193660436704
282843,518.3118394801427
282844,473.6876412681852
282845,249.66073887188003
282846,1962.3230751797028
282847,1638.3913509988472
282848,1029.8530719955118
282849,951.4513930917136
282850,313.894088149303
282851,2347.521886463124
282852,1939.7454870034178
282853,1198.075094273657
282854,1109.1895772444173
282855,103.4069277262617
282856,789.6029185272494
282857,638.2811322356462
282858,429.33095766188956
282859,385.8169563104275
282860,217.60281455485625
282861,1581.2363905204231
282862,1315.5880531503535
282863,826.7126136174761
282864,772.8846700676546
282865,244.25852069364223
282866,1864.9005356140383
282867,1569.1671413342576
282868,954.0604747649342
282869,889.74869308967
282870,752.2074299566693
282871,605.127454807826
282872,528.2051793035846
282873,326.22915242446385
282874,290.86990645167936
282875,706.1640732157997
282876,1232.2701480537257
282877,1032.7798852508074
282878,649.5223051265777
282879,602.3824229524183
282880,625.9240845374356
282881,1452.254311536282
282882,1217.051215392248
282883,765.5576190762198
282884,696.294515455265
282885,84.64130362411586
282886,635.2719593415245
282887,539.6274484995221
282888,332.19256745358774
282889,296.8333214808032
282890,172.5819952096669
282891,1265.3482968404735
282892,1049.545636172602
282893,664.3613593808424
282894,617.221477206683
282895,202.49200217219888
282896,1520.4903179469504
282897,1253.602345585678
282898,779.5524117177711
282899,710.2893080968163
282900,48.18928016059955
282901,442.15250036857645
282902,374.5676126025523
282903,239.82073295352166
282904,218.28040839392546
282905,106.32919602845234
282906,927.1559249119878
282907,774.0811541733945
282908,474.11996507127014
282909,439.42925686305205
282910,140.83202539244334
282911,1096.182948564456
282912,901.6740458253824
282913,564.5486734931523
282914,507.7347438381382
282915,711.1993533471284
282916,11.807178775205243
282917,4.563560052560851
282918,7.663301368722388
282919,1.7319168900374111
282920,66.78260530376792
282921,12.696934716973022
282922,10.277823048430037
282923,20.299511852341457
282924,3.1017755217323475
282925,27.56324152020024
282926,30.986444755669545
282927,21.2117814160304
282928,35.375845007986946
282929,11.214714729988744
282930,117.78700937078835
282931,1032.3399517017708
282932,852.7726600907882
282933,538.8650702788212
282934,496.71443345958227
282935,262.3065440481795
282936,2107.3653158448747
282937,1749.40779347886
282938,1085.9383182937802
282939,994.5403414359181
282940,323.34441902679356
282941,2475.1745434527224
282942,2058.234305491604
282943,1261.1330186081634
282944,1155.5902273999427
282945,113.29718951087258
282946,832.4009038406812
282947,670.9114702612595
282948,451.51259932964143
282949,410.8766603231322
282950,229.4035340704559
282951,1680.4155460945249
282952,1377.2297218712781
282953,879.325288276937
282954,818.6709829343258
282955,266.03817180443303
282956,1969.4391167565093
282957,1648.7650412614673
282958,1024.7659077813278
282959,944.2013528793171
282960,749.5246240934032
282961,631.3136033197235
282962,542.0353073165855
282963,341.2265929173081
282964,302.87206630120727
282965,709.4784226298846
282966,1319.622839073712
282967,1112.0961072861382
282968,688.5607866846532
282969,634.4125507262306
282970,459.8168818064966
282971,1555.873860658537
282972,1317.3832398724203
282973,805.0596850991469
282974,734.2273203238253
282975,89.16334113752305
282976,666.6369587020943
282977,559.2719426179236
282978,351.1468837772859
282979,312.7923571611851
282980,178.78441300733226
282981,1355.7607791040057
282982,1132.7653271356562
282983,705.4458195920945
282984,651.2975836336719
282985,209.7310155964564
282986,1633.0762432034792
282987,1359.6361034689266
282988,822.8987208692278
282989,752.0663560939062
282990,56.65929252085085
282991,464.3103828355239
282992,396.1051794168323
282993,250.06983918682
282994,225.53423398390734
282995,121.08799795824241
282996,972.7668080500545
282997,820.6125445871281
282998,495.28645982577757
282999,453.5873978332962
283000,152.2966838929997
283001,1138.2058542784225
283002,945.2580827422137
283003,585.7507770241533
283004,527.3675862147733
283005,701.1674871855283
283006,16.423058543746606
283007,7.923737610780542
283008,13.661292658791123
283009,1.3564803945883817
283010,99.7802204754292
283011,12.277649765868802
283012,10.779045372992815
283013,25.4947122297843
283014,-7.666497747302468
283015,12.584622290301775
283016,30.30011972243073
283017,23.11715434256106
283018,39.895988894091985
283019,-0.22861503038389727
283020,129.60799927316916
283021,1079.0570200349937
283022,910.9871831525198
283023,561.9926049925883
283024,516.8466875300342
283025,268.61974778951884
283026,2228.859222050438
283027,1828.4068448664057
283028,1150.8711354836382
283029,1055.0897208833098
283030,355.0259818492735
283031,2608.10888137033
283032,2165.2017863244523
283033,1364.3610947507314
283034,1254.434865800044
283035,125.09467578026289
283036,875.9836124985572
283037,725.1810719893082
283038,470.37033450678126
283039,426.7391148569558
283040,237.63442228628972
283041,1763.3897123724096
283042,1485.5366613160818
283043,911.7910912596939
283044,846.7533481746162
283045,279.11727658113966
283046,2083.679538680161
283047,1771.294724552815
283048,1075.006827196526
283049,990.0588345520495
283050,724.2888422729641
283051,709.5645529434358
283052,608.4582371528834
283053,396.9716291245552
283054,357.9053358899212
283055,552.4655724841651
283056,1495.315055476599
283057,1243.9840463522712
283058,749.4288334720464
283059,692.8920757289001
283060,315.3098812302823
283061,1742.4275108149627
283062,1452.350752851678
283063,895.6323226234863
283064,819.5072884057342
283065,112.371053487109
283066,744.0116297958513
283067,627.4001597517812
283068,407.08871361118287
283069,368.02242037654895
283070,188.60564304074225
283071,1522.320935419299
283072,1262.4710785606126
283073,763.9689808283022
283074,710.2350413177987
283075,219.70328995914443
283076,1803.2592660176788
283077,1492.4214288070077
283078,911.1264728423815
283079,837.8042568572724
283080,77.50551741849907
283081,529.8140437360679
283082,450.1339844199106
283083,276.2639164444903
283084,248.06582835362553
283085,133.59312963665312
283086,1057.5693186323888
283087,891.7391953584997
283088,535.9984406809319
283089,491.76295886694953
283090,161.84721896058755
283091,1263.5820167765673
283092,1062.1287235633963
283093,672.6938645040125
283094,608.870106215426
283095,725.6204393205451
283096,18.567730344876097
283097,14.724487852348568
283098,20.75667385260872
283099,7.6461348311477515
283100,12.6948583627283
283101,19.385111247331405
283102,20.217767791756934
283103,29.86119165093301
283104,-2.1531902145973207
283105,0.1355153130324747
283106,40.82901059788939
283107,40.3888078571047
283108,49.72575985522206
283109,10.700592515289719
283110,147.28766413552668
283111,1199.7625557418964
283112,1013.0272652203003
283113,625.740148795235
283114,575.74279558112
283115,320.38942782372436
283116,2449.994963216368
283117,1983.1605926026343
283118,1260.8521373205228
283119,1146.8849003814137
283120,375.2447216563389
283121,2949.1931246064155
283122,2437.0091494321464
283123,1504.9576738671565
283124,1371.3399808701336
283125,136.26411658074971
283126,972.0868679105895
283127,799.1955832429984
283128,506.74472468816924
283129,458.26206928678283
283130,283.5829836621069
283131,1928.0047709772887
283132,1640.221138380963
283133,1003.6276773096604
283134,930.1164825511266
283135,300.88915963833693
283136,2289.815694580353
283137,1916.3208334803223
283138,1200.6428041522738
283139,1101.7157181267874
283140,755.6716446443884
283141,568.4155652254756
283142,498.9579496309938
283143,307.787378682986
283144,256.5569899183116
283145,769.2031109968332
283146,1177.83986582946
283147,996.1378937208237
283148,614.8263637221277
283149,557.4164313009761
283150,706.3395270906261
283151,1393.6068176604751
283152,1178.8524729821543
283153,715.0111671341207
283154,654.6251595696405
283155,93.15730531425945
283156,602.1380634290479
283157,508.7644558067203
283158,316.41528414578545
283159,265.1848953811111
283160,173.59820193760004
283161,1215.7882305137648
283162,1012.5801038500905
283163,631.711396629569
283164,574.3014642084174
283165,191.82695476930365
283166,1452.824610481665
283167,1201.1916328960212
283168,731.0519384288486
283169,670.6659308643684
283170,45.46486527665283
283171,420.0576195800003
283172,359.5680043336829
283173,230.85506609679928
283174,193.44359874531332
283175,101.52185214117252
283176,895.0352078720535
283177,745.1936107863546
283178,446.9388162557534
283179,401.97805780054347
283180,128.70193269227767
283181,1048.7598853259044
283182,860.1446170111575
283183,524.5863075304476
283184,476.6494739319076
283185,716.7947803126781
283186,15.683758408924934
283187,11.638323321546645
283188,17.361198256250635
283189,-8.47890502796522
283190,226.80811288649278
283191,19.473013001342665
283192,13.641076507421538
283193,19.134985118706844
283194,-14.500398260244992
283195,52.66852347886928
283196,33.85044003256646
283197,32.01906193316671
283198,35.64842335867401
283199,4.476057466289838
283200,109.93382746573675
283201,995.3792665604002
283202,826.4706656351628
283203,520.3618045577255
283204,468.53524772562554
283205,249.50454292763675
283206,1960.193890566486
283207,1633.2426505903397
283208,1034.2158770442281
283209,940.6498390700305
283210,313.7378922050597
283211,2345.392701849907
283212,1934.5967865949103
283213,1202.4378993223734
283214,1098.3880232227339
283215,103.25073178201846
283216,787.4737339140328
283217,635.8151302699329
283218,431.38092273947234
283219,380.66456276786784
283220,217.446618610613
283221,1579.1072059072064
283222,1313.1220511846402
283223,831.0754186661925
283224,762.0831160459715
283225,244.10232474939897
283226,1862.7713510008216
283227,1566.7011393685443
283228,958.4232798136504
283229,878.9471390679869
283230,753.830811559781
283231,566.5747321408683
283232,497.11711654638617
283233,305.9465455983784
283234,254.71615683370408
283235,767.3622779122257
283236,1175.9990327448525
283237,994.2970606362162
283238,612.9855306375202
283239,555.5755982163687
283240,712.3669677739398
283241,1391.7132359453956
283242,1176.9588912670747
283243,713.1175854190411
283244,652.7315778545609
283245,91.31647222965199
283246,600.2972303444404
283247,506.9236227221129
283248,314.57445106117785
283249,263.3440622965035
283250,171.7573688529925
283251,1213.9473974291573
283252,1010.7392707654834
283253,629.8705635449616
283254,572.46063112381
283255,189.93337305422398
283256,1450.9310287665855
283257,1199.2980511809417
283258,729.1583567137691
283259,668.7723491492889
283260,43.624032192045306
283261,418.2167864953927
283262,357.7271712490753
283263,229.01423301219174
283264,191.60276566070578
283265,99.68101905656505
283266,893.1943747874461
283267,743.3527777017472
283268,445.0979831711458
283269,400.1372247159359
283270,126.80835097719799
283271,1046.8663036108248
283272,858.2510352960779
283273,522.692725815368
283274,474.75589221682793
283275,717.7815118356241
283276,15.334648093814476
283277,11.289213006436187
283278,17.012087941140177
283279,-8.828015343075682
283280,221.2418802293678
283281,19.123902686232203
283282,13.291966192311087
283283,18.785874803596386
283284,-14.849508575355458
283285,53.60250637134303
283286,33.448581086983886
283287,31.617202987584122
283288,35.24656441309145
283289,4.074198520707263
283290,108.35546674595005
283291,993.8009058406134
283292,824.8923049153761
283293,523.4023278609137
283294,463.9031217754498
283295,247.92618220784988
283296,1958.6155298466992
283297,1631.664289870553
283298,1037.2564003474163
283299,936.0177131198549
283300,312.1067828548008
283301,2343.7615924996485
283302,1932.9656772446515
283303,1205.4256739950895
283304,1093.7031486420863
283305,103.08411204662913
283306,787.3071141786435
283307,635.6485105345436
283308,431.57704710622005
283309,378.7014870066948
283310,217.2799988752236
283311,1578.9405861718171
283312,1312.955431449251
283313,831.2715430329404
283314,760.1200402847985
283315,243.88295638353753
283316,1862.5519826349603
283317,1566.481771002683
283318,958.5666555499262
283319,876.9313146763418
283320,754.4340994218022
283321,567.6906552454648
283322,499.10022059107285
283323,305.516485546271
283324,254.28609678159668
283325,767.3617427058659
283326,1177.1149558494492
283327,998.4756990781042
283328,612.5554705854128
283329,555.1455381642612
283330,700.1455575646986
283331,1392.8291590499923
283332,1181.1375297089628
283333,712.6875253669336
283334,652.3015178024534
283335,91.31593702329221
283336,601.4131534490369
283337,508.9067267667996
283338,314.14439100907043
283339,262.9140022443961
283340,171.75683364663269
283341,1215.063320533754
283342,1014.9179092073714
283343,629.4405034928541
283344,572.0305710717025
283345,189.9328378478642
283346,1452.0469518711823
283347,1203.4766896228298
283348,728.7282966616616
283349,668.3422890971814
283350,43.62349698568552
283351,419.3327095999892
283352,359.710275293762
283353,228.58417296008435
283354,191.1727056085984
283355,99.68048385020526
283356,894.3102978920426
283357,747.5314161436352
283358,444.6679231190384
283359,399.70716466382845
283360,126.8078157708382
283361,1047.9822267154216
283362,862.4296737379659
283363,522.2626657632605
283364,474.3258321647205
283365,717.7809766292643
283366,16.45057119841102
283367,9.986307954667666
283368,16.582027889032762
283369,-9.258075395183095
283370,221.24134502300802
283371,20.239825790828746
283372,11.989061140542566
283373,18.35581475148897
283374,-15.27956862746287
283375,53.60197116498325
283376,34.564504191580426
283377,30.3142979358156
283378,34.816504360984034
283379,3.644138468599849
283380,108.35493153959027
283381,994.9168289452099
283382,829.0277438152636
283383,522.9722678088062
283384,463.47306172334237
283385,247.9256470014901
283386,1959.731452951296
283387,1635.7997287704404
283388,1036.826340295309
283389,935.5876530677474
283390,312.106247648441
283391,2344.877515604245
283392,1937.101116144539
283393,1204.9956139429821
283394,1093.273088589979
283395,103.08357684026934
283396,788.42303728324
283397,637.1012509916368
283398,431.1469870541126
283399,378.27142695458735
283400,217.27946366886383
283401,1580.0565092764139
283402,1314.4081719063443
283403,830.8414829808329
283404,759.689980232691
283405,243.88242117717775
283406,1863.667905739557
283407,1567.9345114597763
283408,958.1365954978187
283409,876.5012546242343
283410,756.6275927386546
283411,565.2853310513153
283412,496.6577695470449
283413,304.77910580550616
283414,253.5487170408319
283415,765.9662967111451
283416,1174.7096316553
283417,993.3626209105729
283418,611.8180908446479
283419,554.4081584234964
283420,702.339050881551
283421,1390.423834855843
283422,1176.0244515414317
283423,711.9501456261688
283424,651.5641380616886
283425,89.9838057954488
283426,599.0078292548875
283427,506.46427572277173
283428,313.4070112683056
283429,262.1766225036313
283430,170.4247024187893
283431,1212.6579963396048
283432,1009.8048310398402
283433,628.7031237520893
283434,571.2931913309377
283435,188.6007066200208
283436,1449.641627677033
283437,1198.3636114552987
283438,727.9909169208968
283439,667.6049093564166
283440,42.291365757842115
283441,416.9273854058398
283442,357.2678242497341
283443,227.84679321931952
283444,190.43532586783357
283445,98.34835262236186
283446,891.9049736978932
283447,742.4183379761039
283448,443.93054337827357
283449,398.9697849230636
283450,125.47568454299478
283451,1045.5769025212724
283452,857.3165955704346
283453,521.5252860224957
283454,473.5884524239557
283455,717.76081444082
283456,15.357216043660705
283457,8.855825950038806
283458,17.156617187667
283459,-8.68348609654886
283460,206.2518708992948
283461,19.14647063607843
283462,14.285016797842482
283463,18.930404050123204
283464,-14.704979328828632
283465,53.58180897653888
283466,33.47114903683011
283467,32.61025359311552
283468,35.39109365961827
283469,4.218727767234084
283470,108.3347693511459
283471,993.8234737904596
283472,827.8972618106349
283473,523.5468571074406
283474,464.04765102197655
283475,247.90548481304572
283476,1958.6380977965457
283477,1631.524096678638
283478,1037.4009295939431
283479,936.1622423663817
283480,312.0860854599966
283481,2343.7841604494947
283482,1932.8254840527366
283483,1205.5702032416164
283484,1081.8149212577416
283485,103.06341465182497
283486,787.3296821284897
283487,635.970768987008
283488,431.7215763527468
283489,378.84601625322153
283490,217.25930148041945
283491,1578.9631541216636
283492,1310.1325398145418
283493,831.4160722794672
283494,760.2645695313254
283495,243.86225898873337
283496,1862.5745505848067
283497,1563.658879367974
283498,958.711184796453
283499,865.0430872919972
283500,743.7831822629596
283501,598.120564045182
283502,521.1611616910621
283503,324.06782283423104
283504,280.18841538866764
283505,697.73982552209
283506,1223.3525232828997
283507,1021.1545065065994
283508,647.3609755363449
283509,591.7009318894068
283510,615.6767760450377
283511,1443.4243599749504
283512,1205.5135098575345
283513,761.5732286872989
283514,683.7899635935654
283515,81.70794930105127
283516,630.3110472320573
283517,534.6294095401763
283518,332.07721651653156
283519,288.1978090709681
283520,169.64864088660227
283521,1260.3873847310065
283522,1041.876970089753
283523,664.2460084437862
283524,608.5859647968481
283525,197.7355870504461
283526,1511.5297478970722
283527,1241.934021562418
283528,777.6139999820268
283529,699.8307348882934
283530,45.25592583753491
283531,437.19158825910915
283532,369.56957364320647
283533,239.70538201646553
283534,209.64489598409043
283535,103.39584170538778
283536,922.1950128025205
283537,766.4124880905454
283538,474.00461413421397
283539,430.79374445321696
283540,136.07561027069056
283541,1089.398975656301
283542,892.1823189438453
283543,562.6102617574081
283544,497.27617062961485
283545,710.7170060527646
283546,9.649958474634152
283547,2.369212902111215
283548,10.351642240562379
283549,-4.0999037109014695
283550,63.93754211328999
283551,10.539714416401935
283552,11.50991355990918
283553,22.987852724181437
283554,-2.7300450792065316
283555,27.02814559536426
283556,28.776475824626335
283557,22.39112329703744
283558,38.011437249354834
283559,5.3301454985777434
283560,116.33026198986384
283561,1028.9534809965235
283562,849.3490625356624
283563,544.94304476896
283564,486.59959722357803
283565,260.8497966672548
283566,2103.9788451396275
283567,1742.8390458365604
283568,1092.0162927839187
283569,984.4255051999144
283570,321.83492301539684
283571,2471.735324117003
283572,2051.6128092188324
283573,1267.15824446783
283574,1133.389885902595
283575,113.25218311434556
283576,830.4261741198312
283577,668.899613690531
283578,454.74617488333956
283579,403.4308742761307
283580,229.35852767392873
283581,1678.440816373675
283582,1372.0727152133761
283583,882.5588638306353
283584,811.2251968873246
283585,265.9404167774337
283586,1967.4116384051874
283587,1643.5552859730933
283588,1027.9467347045536
283589,924.6700615709723
283590,750.182684695955
283591,626.1904793736738
283592,536.8750565206575
283593,340.9558432965558
283594,289.1233632492364
283595,710.1364832324364
283596,1312.5889811194802
283597,1102.3544953585247
283598,688.2900370639011
283599,617.4157465381008
283600,459.3996959198933
283601,1549.6754902233326
283602,1308.477115463834
283603,803.7136889892398
283604,716.1552696465405
283605,86.295777195379
283606,661.5138347560447
283607,554.1116918219956
283608,350.8761341565336
283609,299.04365410921423
283610,175.91684906518813
283611,1350.6376551579563
283612,1124.934449216225
283613,705.1750699713424
283614,634.3007794455422
283615,205.7882051651572
283616,1624.7012756265515
283617,1348.553381918617
283618,821.5527247593207
283619,733.9943054166214
283620,53.79172857870679
283621,459.18725888947426
283622,390.94492862090414
283623,249.7990895660678
283624,211.78553093193645
283625,118.22043401609827
283626,967.6436841040049
283627,812.7816666676968
283628,495.0157102050253
283629,436.5905936451662
283630,148.35387346170052
283631,1132.007483843218
283632,936.3519583336273
283633,584.4047809142462
283634,509.2955355374876
283635,699.6031688810674
283636,14.10362640659318
283637,5.567178623748571
283638,16.19423484693504
283639,-9.58853084848632
283640,88.54643333772474
283641,9.958217628715378
283642,11.848924047889621
283643,28.02765441792821
283644,-16.282637406523573
283645,10.967555355368386
283646,27.927938954805146
283647,24.134284386985755
283648,42.376182451763775
283649,-8.897503320077114
283650,128.3148767352448
283651,1075.508337493164
283652,907.4013737608117
283653,567.9151807990311
283654,501.61866065189383
283655,267.32662525159435
283656,2225.3105395086086
283657,1821.6758853875237
283658,1156.7937112900809
283659,1025.3641696562188
283660,353.68011068087696
283661,2604.5074501980284
283662,2158.4180782150984
283663,1370.230921926702
283664,1221.2483164826049
283665,125.21329422673591
283666,873.846670941125
283667,723.0070035819974
283668,473.4485113767833
283669,414.1801381678184
283670,237.75304073276274
283671,1761.2527708149773
283672,1480.2174428215974
283673,914.8692681296963
283674,819.6968471365279
283675,279.18314639714055
283676,2081.489848492257
283677,1765.9227574278586
283678,1078.0322554360562
283679,959.541335423613
283680,719.9917212915133
283681,704.4414289973862
283682,603.2979863569553
283683,396.7008795038029
283684,344.1566328379503
283685,546.4573856578589
283686,1488.2811975223672
283687,1234.2424344246576
283688,749.1580838512944
283689,675.8952715407703
283690,310.38625374635376
283691,1736.6778803664358
283692,1443.8933684297692
283693,894.7350665002566
283694,801.8839777151269
283695,109.50348954496484
283696,738.8885058498017
283697,622.2399089558531
283698,406.8179639904306
283699,354.27371732457806
283700,185.73807909859812
283701,1517.1978114732497
283702,1254.6402006411813
283703,763.6982312075501
283704,693.238237129669
283705,216.20921951452272
283706,1795.3330384274286
283707,1481.7874472433757
283708,910.2292167191519
283709,820.1809461666651
283710,74.63795347635502
283711,524.6909197900184
283712,444.9737336239824
283713,275.993166823738
283714,234.3171253016547
283715,130.72556569450896
283716,1052.4461946863394
283717,883.9083174390684
283718,535.7276910601798
283719,474.76615467881953
283720,158.35314851596584
283721,1257.8323863280405
283722,1053.6713391414876
283723,671.7966083807828
283724,591.2467955248186
283725,724.0561210160841
283726,16.24829820772266
283727,12.367928865316598
283728,23.289616040752634
283729,-3.298876411926967
283730,-1.3971486170418983
283731,17.06567911017797
283732,21.28764646665374
283733,32.394133839076915
283734,-10.769329873818421
283735,-1.4815516219009046
283736,38.45682983026384
283737,41.405937901529384
283738,52.20595341289384
283739,2.031704225596485
283740,145.99454159760234
283741,1196.2138732000667
283742,1009.4414558285923
283743,631.6627246016777
283744,560.5147687029804
283745,319.0963052857999
283746,2446.4462806745387
283747,1976.4296331237522
283748,1266.7747131269655
283749,1117.1593491543226
283750,373.8988504879424
283751,2945.591693434114
283752,2430.2254413227924
283753,1510.827501043127
283754,1338.1534315526944
283755,136.38273502722276
283756,969.9499263531573
283757,797.0215148356876
283758,509.8229015581713
283759,445.7030925976455
283760,283.7016021085799
283761,1925.8678294198564
283762,1634.9019198864787
283763,1006.7058541796628
283764,903.0599815130383
283765,300.9550294543378
283766,2287.626004392449
283767,1910.948866355366
283768,1203.668232391804
283769,1071.1982189983507
283770,756.0243048766333
283771,564.1694079467188
283772,494.6746655023582
283773,305.2091658576136
283774,249.50089441686274
283775,766.7296415264163
283776,1172.478644692897
283777,988.0689186108787
283778,614.178685550677
283779,550.3603357995278
283780,706.6394386923989
283781,1389.3079117512464
283782,1171.8458130995436
283783,714.3107403321978
283784,647.51631543772
283785,89.98434100180859
283786,597.891906150291
283787,504.48117167808505
283788,313.83707132041303
283789,258.12879987966244
283790,170.42523762514907
283791,1211.542073235008
283792,1005.6261925979522
283793,631.0637184581183
283794,567.2453687069691
283795,188.60124182638057
283796,1448.5257045724363
283797,1194.1849730134106
283798,730.3515116269258
283799,663.5570867324479
283800,42.2919009642019
283801,415.8114623012433
283802,355.2847202050474
283803,228.27685327142692
283804,186.38750324386473
283805,98.34888782872164
283806,890.7890505932967
283807,738.2396995342159
283808,446.29113808430253
283809,394.9219622990948
283810,125.47621974935457
283811,1044.4609794166756
283812,853.1379571285466
283813,523.8858807285247
283814,469.54062979998685
283815,714.9250616379103
283816,14.24129293906416
283817,10.158731001807327
283818,17.586677239774414
283819,-12.731308720517681
283820,212.41070553641566
283821,18.030547531481886
283822,15.587921849611003
283823,21.29099875615216
283824,-18.75280195279745
283825,50.746056173629086
283826,32.35522593223357
283827,33.91315864488405
283828,37.75168836564721
283829,0.17090514326527217
283830,108.33530455750568
283831,992.7075506858631
283832,823.7618229107474
283833,523.9769171595481
283834,459.9998283980077
283835,247.9060200194055
283836,1957.522174691949
283837,1627.3886577787505
283838,1039.761524299972
283839,923.4899125714177
283840,312.0866206663564
283841,2342.668237344898
283842,1928.690045152849
283843,1207.9307979476453
283844,1077.7670986337725
283845,103.06394985818476
283846,786.2137590238932
283847,634.5180285299148
283848,432.15163640485423
283849,374.7981936292527
283850,217.25983668677924
283851,1577.8472310170669
283852,1308.6797993574485
283853,833.7766669854963
283854,747.5922397363613
283855,243.86279419509316
283856,1861.45862748021
283857,1562.2061389108806
283858,961.0717795024821
283859,860.9952646680285
283860,756.0243048766333
283861,564.1694079467188
283862,494.6746655023582
283863,305.2091658576136
283864,249.50089441686274
283865,760.5130123403059
283866,1172.0324742578894
283867,987.6227481758712
283868,614.178685550677
283869,550.3603357995278
283870,714.5604610907922
283871,1389.3079117512464
283872,1171.8458130995436
283873,714.3107403321978
283874,647.51631543772
283875,89.98434100180859
283876,597.891906150291
283877,504.48117167808505
283878,313.83707132041303
283879,258.12879987966244
283880,170.42523762514907
283881,1211.542073235008
283882,1005.6261925979522
283883,631.0637184581183
283884,567.2453687069691
283885,188.60124182638057
283886,1448.5257045724363
283887,1194.1849730134106
283888,730.3515116269258
283889,663.5570867324479
283890,42.2919009642019
283891,415.8114623012433
283892,355.2847202050474
283893,228.27685327142692
283894,186.38750324386473
283895,98.34888782872164
283896,890.7890505932967
283897,738.2396995342159
283898,446.29113808430253
283899,394.9219622990948
283900,125.47621974935457
283901,1044.4609794166756
283902,853.1379571285466
283903,523.8858807285247
283904,469.54062979998685
283905,714.9250616379103
283906,14.24129293906416
283907,10.158731001807327
283908,17.586677239774414
283909,-12.731308720517681
283910,212.41070553641566
283911,18.030547531481886
283912,15.587921849611003
283913,21.29099875615216
283914,-18.75280195279745
283915,50.746056173629086
283916,32.35522593223357
283917,33.91315864488405
283918,37.75168836564721
283919,0.17090514326527217
283920,108.33530455750568
283921,992.7075506858631
283922,823.7618229107474
283923,523.9769171595481
283924,459.9998283980077
283925,247.9060200194055
283926,1957.522174691949
283927,1627.3886577787505
283928,1039.761524299972
283929,923.4899125714177
283930,312.0866206663564
283931,2342.668237344898
283932,1928.690045152849
283933,1207.9307979476453
283934,1077.7670986337725
283935,103.06394985818476
283936,786.2137590238932
283937,634.5180285299148
283938,432.15163640485423
283939,374.7981936292527
283940,217.25983668677924
283941,1577.8472310170669
283942,1308.6797993574485
283943,833.7766669854963
283944,747.5922397363613
283945,243.86279419509316
283946,1861.45862748021
283947,1562.2061389108806
283948,961.0717795024821
283949,860.9952646680285
283950,757.3088220413742
283951,565.966560354035
283952,497.33899884976444
283953,305.4603351082257
283954,249.75206366747494
283955,761.1937064366657
283956,1173.8296266652055
283957,992.4826159204788
283958,614.4298548012891
283959,550.61150505014
283960,703.0202801842706
283961,1391.1050641585625
283962,1176.7056808441512
283963,714.56190958281
283964,647.7674846883322
283965,90.66503509816836
283966,599.6890585576072
283967,507.1455050254913
283968,314.08824057102515
283969,258.37996913027456
283970,171.1059317215089
283971,1213.3392256423242
283972,1010.4860603425597
283973,631.3148877087305
283974,567.4965379575813
283975,189.2819359227404
283976,1450.3228569797525
283977,1199.0448407580182
283978,730.602680877538
283979,663.8082559830601
283980,42.97259506056169
283981,417.60861470855934
283982,357.9490535524536
283983,228.52802252203912
283984,186.63867249447694
283985,99.02958192508142
283986,892.5862030006128
283987,743.0995672788235
283988,446.54230733491465
283989,395.1731315497069
283990,126.15691384571436
283991,1046.2581318239918
283992,857.9978248731543
283993,524.1370499791369
283994,469.79179905059897
283995,714.6111402876526
283996,15.04382989976286
283997,8.542439806140962
283998,16.843231043769148
283999,-13.474754916522938
284000,212.09678418615806
284001,18.833084492180582
284002,13.971630653944638
284003,20.547552560146897
284004,-19.496248148802714
284005,50.432134823371456
284006,33.15776289293227
284007,32.29686744921768
284008,37.00824216964195
284009,-0.5725410527399863
284010,108.02138320724805
284011,993.5100876465617
284012,827.583875666737
284013,523.2334709635427
284014,459.25638220200244
284015,247.5920986691479
284016,1958.324711652648
284017,1631.2107105347402
284018,1039.018078103967
284019,922.7464663754123
284020,311.77269931609874
284021,2343.470774305597
284022,1932.5120979088388
284023,1207.18735175164
284024,1077.0236524377674
284025,102.75002850792713
284026,787.0162959845918
284027,635.6573828431101
284028,431.40819020884896
284029,374.0547474332474
284030,216.94591533652164
284031,1578.6497679777658
284032,1309.819153670644
284033,833.0332207894909
284034,746.8487935403559
284035,243.54887284483556
284036,1862.261164440909
284037,1563.345493224076
284038,960.3283333064767
284039,860.2518184720232
284040,757.2644665887938
284041,565.9222049014545
284042,493.4110940823898
284043,305.7883135561939
284044,250.03231701291926
284045,739.4645084463324
284046,1173.3002455643893
284047,988.0696855048685
284048,616.5828619624486
284049,549.2032405149699
284050,694.1001677209123
284051,1391.060708705982
284052,1172.7777760767765
284053,716.7149167439695
284054,646.3592201531621
284055,90.62067964558793
284056,599.6447031050267
284057,503.21760025811614
284058,314.41621901899333
284059,258.6602224757189
284060,171.0615762689285
284061,1213.2948701897437
284062,1006.5581555751853
284063,633.46789486989
284064,566.0882734224112
284065,189.23758047015997
284066,1450.278501527172
284067,1195.1169359906435
284068,732.7556880386975
284069,662.3999914478901
284070,42.928239607981254
284071,417.5642592559789
284072,354.021148785079
284073,228.8560009700073
284074,186.91892583992126
284075,98.98522647250098
284076,892.5418475480324
284077,739.171662511449
284078,448.6953144960742
284079,393.7648670145369
284080,126.11255839313394
284081,1046.2137763714113
284082,854.0699201057797
284083,526.2900571402964
284084,468.38353451542895
284085,714.6111402876526
284086,15.04382989976286
284087,8.542439806140962
284088,16.843231043769148
284089,-13.474754916522938
284090,203.1021967461274
284091,18.833084492180582
284092,13.971630653944638
284093,20.547552560146897
284094,-19.496248148802714
284095,50.432134823371456
284096,33.15776289293227
284097,32.29686744921768
284098,37.00824216964195
284099,-0.5725410527399863
284100,108.02138320724805
284101,993.5100876465617
284102,827.583875666737
284103,523.2334709635427
284104,459.25638220200244
284105,247.5920986691479
284106,1958.324711652648
284107,1631.2107105347402
284108,1039.018078103967
284109,922.7464663754123
284110,311.77269931609874
284111,2343.470774305597
284112,1932.5120979088388
284113,1207.18735175164
284114,1077.0236524377674
284115,102.75002850792713
284116,787.0162959845918
284117,635.6573828431101
284118,431.40819020884896
284119,374.0547474332474
284120,216.94591533652164
284121,1578.6497679777658
284122,1309.819153670644
284123,833.0332207894909
284124,746.8487935403559
284125,243.54887284483556
284126,1862.261164440909
284127,1563.345493224076
284128,960.3283333064767
284129,860.2518184720232
284130,744.8670871471531
284131,598.7574378953212
284132,517.9144862264072
284133,325.07703058491876
284134,273.398528272577
284135,664.9289380570824
284136,1221.943137191989
284137,1015.8615711008945
284138,650.195212000224
284139,583.2225268927018
284140,602.8741480695951
284141,1444.0612338250894
284142,1202.2668343928792
284143,764.407465151178
284144,675.3115585968604
284145,82.3448231511904
284146,630.9479210821964
284147,531.3827340755214
284148,333.0864242672193
284149,281.40792195487745
284150,170.28551473674145
284151,1261.0242585811454
284152,1038.6302946250978
284153,667.0802449076654
284154,600.1075598001431
284155,198.37246090058528
284156,1512.1666217472111
284157,1238.6873460977627
284158,780.448236445906
284159,691.3523298915884
284160,45.89279968767405
284161,437.8284621092483
284162,366.3228981785514
284163,240.7145897671533
284164,202.85500886799977
284165,104.0327155555269
284166,922.8318866526597
284167,763.1658126258905
284168,476.8388505980931
284169,422.31533945651194
284170,136.71248412082974
284171,1090.03584950644
284172,888.9356434791904
284173,565.4444982212873
284174,488.79776563290983
284175,707.5673318995972
284176,9.336572330736308
284177,2.0558267582133714
284178,10.038256096664535
284179,-12.164659619053866
284180,83.16250897785774
284181,10.226328272504091
284182,11.196527416011335
284183,22.67446658028359
284184,-10.794800987358933
284185,23.878471442196822
284186,28.463089680728487
284187,22.077737153139587
284188,37.69805110545699
284189,-2.7346104095746555
284190,116.016875845966
284191,1028.6400948526257
284192,849.0356763917645
284193,544.6296586250621
284194,478.53484131542564
284195,260.53641052335695
284196,2103.6654589957298
284197,1742.5256596926627
284198,1091.702906640021
284199,967.7362421207664
284200,321.521536871499
284201,2471.4219379731053
284202,2051.2994230749346
284203,1266.8448583239322
284204,1125.3251299944427
284205,112.93879697044771
284206,830.1127879759333
284207,668.5862275466332
284208,454.4327887394417
284209,395.3661183679783
284210,229.04514153003092
284211,1678.1274302297772
284212,1371.7593290694783
284213,882.2454776867374
284214,794.5359338081767
284215,265.62703063353587
284216,1967.0982522612896
284217,1643.2418998291955
284218,1027.6333485606558
284219,916.6053056628198
284220,751.2665895801485
284221,626.827353223813
284222,533.6283810560026
284223,341.96505104724355
284224,290.08484589740027
284225,678.4170780257164
284226,1311.1795950285696
284227,1097.0615599528198
284228,691.1242735277802
284229,616.6887113056505
284230,455.47282495522836
284231,1550.3123640734716
284232,1305.2304399991788
284233,806.547925453119
284234,715.4282344140902
284235,86.93265104551813
284236,662.1507086061839
284237,550.8650163573407
284238,351.88534190722135
284239,300.0051367573781
284240,176.5537229153273
284241,1351.2745290080952
284242,1121.6877737515697
284243,708.0093064352216
284244,633.5737442130918
284245,206.42507901529638
284246,1625.3381494766904
284247,1345.3067064539619
284248,824.3869612231998
284249,733.267270184171
284250,54.42860242884593
284251,459.8241327396134
284252,387.69825315624905
284253,250.80829731675558
284254,212.74701358010037
284255,118.85730786623739
284256,968.2805579541441
284257,809.5349912030418
284258,497.8499466689044
284259,435.86355841271575
284260,148.9907473118397
284261,1132.644357693357
284262,933.1052828689724
284263,587.2390173781254
284264,508.5685003050371
284265,699.2897827371695
284266,13.790240262695336
284267,5.253792479850727
284268,15.880848703037193
284269,-9.901916992384164
284270,88.2330471938269
284271,9.644831484817534
284272,11.535537903991777
284273,27.714268274030363
284274,-16.59602355042142
284275,10.654169211470542
284276,27.6145528109073
284277,23.820898243087903
284278,42.06279630786593
284279,-9.210889463974958
284280,128.00149059134702
284281,1075.1949513492661
284282,907.0879876169138
284283,567.6017946551332
284284,501.305274507996
284285,267.0132391076965
284286,2224.997153364711
284287,1821.362499243626
284288,1156.480325146183
284289,1025.050783512321
284290,353.3667245369791
284291,2604.1940640541306
284292,2158.1046920712006
284293,1369.9175357828042
284294,1220.934930338707
284295,124.89990808283808
284296,873.5332847972271
284297,722.6936174380995
284298,473.13512523288546
284299,413.8667520239206
284300,237.43965458886493
284301,1760.9393846710796
284302,1479.9040566776996
284303,914.5558819857984
284304,819.38346099263
284305,278.8697602532427
284306,2081.176462348359
284307,1765.6093712839609
284308,1077.7188692921584
284309,959.2279492797151
284310,720.2372300883104
284311,704.2399067601291
284312,599.212914804904
284313,399.151539075114
284314,339.9678162802066
284315,515.6106502085978
284316,1486.0334153440594
284317,1228.1111029315557
284318,755.4985644559557
284319,670.0179371024125
284320,305.62098669429224
284321,1736.4763581291777
284322,1439.8082968777169
284323,901.075547104918
284324,796.0066432767691
284325,109.30196730770719
284326,738.6869836125445
284327,618.1548374038018
284328,409.26862356174166
284329,350.0849007668343
284330,185.5365568613405
284331,1516.9962892359915
284332,1250.555129089129
284333,770.0387118122114
284334,687.3609026913111
284335,216.0076972772651
284336,1795.1315161901705
284337,1477.7023756913234
284338,916.5696973238132
284339,814.3036117283073
284340,74.43643123909737
284341,524.4893975527611
284342,440.8886620719307
284343,278.4438263950491
284344,230.12830874391088
284345,130.52404345725134
284346,1052.2446724490812
284347,879.823245887017
284348,542.0681716648412
284349,468.8888202404614
284350,158.15162627870822
284351,1257.6308640907823
284352,1049.5862675894352
284353,678.1370889854442
284354,585.3694610864608
284355,725.970847706405
284356,15.445693936429523
284357,11.56532459402346
284358,24.76685967747944
284359,-5.322516893769014
284360,16.764147089769033
284361,16.26307483888483
284362,20.48504219536059
284363,35.936169795962414
284364,-12.79297035566048
284365,0.4331750684197773
284366,37.6542255589707
284367,40.603333630236236
284368,55.747989369779326
284369,0.008063743754438437
284370,144.68323954922963
284371,1194.9025711516938
284372,1008.1301537802194
284373,632.6312704613251
284374,551.9446913242464
284375,317.7850032374273
284376,2445.1349786261662
284377,1975.1183310753793
284378,1269.8080513067712
284379,1108.5892717755885
284380,372.58754843956984
284381,2944.2803913857415
284382,2428.91413927442
284383,1513.8608392229328
284384,1329.5833541739603
284385,135.07143297885005
284386,968.6386243047848
284387,795.7102127873152
284388,510.7914474178187
284389,437.13301521891145
284390,282.3903000602073
284391,1924.5565273714835
284392,1633.5906178381058
284393,1009.7391923594689
284394,894.4899041343043
284395,299.64372740596525
284396,2286.3147023440765
284397,1909.637564306993
284398,1206.7015705716096
284399,1062.6281416196166
284400,756.2698136734305
284401,563.9678857094615
284402,490.5895939503067
284403,307.65982542892465
284404,244.1972695573307
284405,754.0023909028538
284406,1171.8309520206312
284407,983.5376766238198
284408,620.5191661553383
284409,543.3681930593816
284410,692.9984146295599
284411,1389.1063895139882
284412,1167.7607415474913
284413,720.6512209368592
284414,640.5241726975738
284415,89.78281876455094
284416,597.6903839130338
284417,500.39610012603305
284418,316.2877308917241
284419,252.82517502013022
284420,170.22371538789145
284421,1211.34055099775
284422,1001.5411210459004
284423,637.4041990627796
284424,560.2532259668229
284425,188.39971958912295
284426,1448.3241823351782
284427,1190.0999014613583
284428,736.6919922315872
284429,656.5649439923018
284430,42.0903787269443
284431,415.6099400639858
284432,351.1996486529957
284433,230.72751284273787
284434,181.08387838433254
284435,98.147365591464
284436,890.5875283560395
284437,734.1546279821646
284438,452.6316186889636
284439,387.9298195589483
284440,125.27469751209694
284441,1044.2594571794175
284442,849.0528855764953
284443,530.2263613331861
284444,462.54848705984034
284445,716.8397883282312
284446,13.438688667771011
284447,9.35612673051419
284448,19.063920876501232
284449,-17.00408431710013
284450,256.52999288429316
284451,17.22794326018874
284452,14.785317578317859
284453,24.833034713037627
284454,-23.025577549379914
284455,52.66078286394976
284456,31.55262166094042
284457,33.11055437359091
284458,41.2937243225327
284459,-4.101870453317185
284460,107.02400250913297
284461,991.3962486374907
284462,822.4505208623749
284463,524.9454630191955
284464,449.2280941022259
284465,246.594717971033
284466,1956.210872643576
284467,1626.0773557303776
284468,1042.7948624797777
284469,912.7181782756359
284470,310.7753186179838
284471,2341.3569352965255
284472,1927.3787431044761
284473,1210.964136127451
284474,1066.9953643379904
284475,101.75264780981205
284476,784.9024569755207
284477,633.2067264815423
284478,433.12018226450164
284479,363.7339454974516
284480,215.94853463840653
284481,1576.535928968694
284482,1307.3684973090756
284483,836.8100051653024
284484,736.5279916045603
284485,242.55149214672053
284486,1860.147325431837
284487,1560.8948368625076
284488,964.1051176822882
284489,849.9310165362275
284490,756.2698136734305
284491,563.9678857094615
284492,490.5895939503067
284493,307.65982542892465
284494,244.1972695573307
284495,754.0023909028538
284496,1171.8309520206312
284497,983.5376766238198
284498,620.5191661553383
284499,543.3681930593816
284500,700.9194370279531
284501,1389.1063895139882
284502,1167.7607415474913
284503,720.6512209368592
284504,640.5241726975738
284505,89.78281876455094
284506,597.6903839130338
284507,500.39610012603305
284508,316.2877308917241
284509,252.82517502013022
284510,170.22371538789145
284511,1211.34055099775
284512,1001.5411210459004
284513,637.4041990627796
284514,560.2532259668229
284515,188.39971958912295
284516,1448.3241823351782
284517,1190.0999014613583
284518,736.6919922315872
284519,656.5649439923018
284520,42.0903787269443
284521,415.6099400639858
284522,351.1996486529957
284523,230.72751284273787
284524,181.08387838433254
284525,98.147365591464
284526,890.5875283560395
284527,734.1546279821646
284528,452.6316186889636
284529,387.9298195589483
284530,125.27469751209694
284531,1044.2594571794175
284532,849.0528855764953
284533,530.2263613331861
284534,462.54848705984034
284535,716.8397883282312
284536,13.438688667771011
284537,9.35612673051419
284538,19.063920876501232
284539,-17.00408431710013
284540,256.52999288429316
284541,17.22794326018874
284542,14.785317578317859
284543,24.833034713037627
284544,-23.025577549379914
284545,52.66078286394976
284546,31.55262166094042
284547,33.11055437359091
284548,41.2937243225327
284549,-4.101870453317185
284550,107.02400250913297
284551,991.3962486374907
284552,822.4505208623749
284553,524.9454630191955
284554,449.2280941022259
284555,246.594717971033
284556,1956.210872643576
284557,1626.0773557303776
284558,1042.7948624797777
284559,912.7181782756359
284560,310.7753186179838
284561,2341.3569352965255
284562,1927.3787431044761
284563,1210.964136127451
284564,1066.9953643379904
284565,101.75264780981205
284566,784.9024569755207
284567,633.2067264815423
284568,433.12018226450164
284569,363.7339454974516
284570,215.94853463840653
284571,1576.535928968694
284572,1307.3684973090756
284573,836.8100051653024
284574,736.5279916045603
284575,242.55149214672053
284576,1860.147325431837
284577,1560.8948368625076
284578,964.1051176822882
284579,849.9310165362275
284580,756.8641836919994
284581,565.0748909706058
284582,485.51388430526816
284583,311.15886177770267
284584,239.79706545244767
284585,754.0082263564394
284586,1172.953245785173
284587,980.6727898793798
284588,624.033491007514
284589,538.9832774578963
284590,688.4299928949953
284591,1389.9542786948682
284592,1164.6214502193895
284593,723.891141205373
284594,635.8648525124265
284595,90.76800045236166
284596,599.7920239118008
284597,496.3150252186168
284598,320.78140197812485
284599,249.41960565286993
284600,171.22418557909995
284601,1213.4574794999146
284602,999.6708690390835
284603,641.9131586525782
284604,556.8629451029605
284605,189.12578519666948
284606,1450.166706253681
284607,1187.9552448708794
284608,740.9265472377238
284609,652.9002585447773
284610,43.07556041475501
284611,417.71158006275283
284612,347.11857374557985
284613,235.22118392913868
284614,177.67830901707225
284615,99.14783578267242
284616,892.7044568582043
284617,732.2843759753479
284618,457.1405782787621
284619,384.5395386950857
284620,126.00076311964345
284621,1046.1019810979203
284622,846.9082289860166
284623,534.4609163393227
284624,458.8838016123158
284625,710.6753881205531
284626,16.347288280008893
284627,2.7960023401139726
284628,23.066135740185864
284629,-20.901109907076588
284630,257.5304630755016
284631,19.344871762353527
284632,7.43352207784455
284633,29.341994302836106
284634,-26.415858413242514
284635,58.830344866525685
284636,33.39514557944325
284637,25.48435428945563
284638,45.52827932866922
284639,-7.766555900841751
284640,109.22480520944517
284641,997.6371231081429
284642,824.6610152820454
284643,530.7521798219823
284644,445.33152797887806
284645,247.59518816224153
284646,1958.3278011457408
284647,1624.16390418156
284648,1047.303822069576
284649,907.5238549392998
284650,310.82950494880436
284651,2342.5275799383026
284652,1924.5190076952706
284653,1214.5268118568613
284654,1060.854757141266
284655,103.9534505101242
284656,787.0533908076635
284657,628.6445818199088
284658,437.6631471842781
284659,358.5736274910934
284660,216.949004829615
284661,1578.6528574708586
284662,1302.7723473174638
284663,841.318964755101
284664,731.3336682682242
284665,242.60567847754103
284666,1861.3179700736139
284667,1555.352403010508
284668,967.6677934116988
284669,843.7904093395034
284670,756.8641836919994
284671,565.0748909706058
284672,485.51388430526816
284673,311.15886177770267
284674,239.79706545244767
284675,732.3233838186866
284676,1172.4682201369374
284677,980.1877642311441
284678,624.033491007514
284679,538.9832774578963
284680,688.4299928949953
284681,1389.9542786948682
284682,1164.6214502193895
284683,723.891141205373
284684,635.8648525124265
284685,90.03970510854246
284686,599.0637285679816
284687,495.58672987479764
284688,320.05310663430566
284689,248.69131030905072
284690,170.49589023528074
284691,1212.7291841560952
284692,998.9425736952643
284693,641.184863308759
284694,556.1346497591412
284695,188.39748985285027
284696,1449.4384109098617
284697,1187.22694952706
284698,740.1982518939045
284699,652.1719632009581
284700,42.347265070935805
284701,416.98328471893365
284702,346.39027840176067
284703,234.49288858531946
284704,176.95001367325304
284705,98.41954043885322
284706,891.976161514385
284707,731.5560806315286
284708,456.41228293494294
284709,383.8112433512665
284710,125.27246777582425
284711,1045.373685754101
284712,846.1799336421974
284713,533.7326209955035
284714,458.1555062684966
284715,709.9470927767338
284716,15.618992936189688
284717,2.067706996294768
284718,22.337840396366662
284719,-21.62940525089579
284720,247.80758029165185
284721,18.616576418534326
284722,6.705226734025345
284723,28.613698959016904
284724,-27.144153757061716
284725,58.10204952270648
284726,32.66685023562405
284727,24.75605894563643
284728,44.799983984850016
284729,-8.494851244660955
284730,108.49650986562597
284731,996.9088277643236
284732,823.9327199382261
284733,530.023884478163
284734,444.6032326350589
284735,246.86689281842231
284736,1957.5995058019214
284737,1623.4356088377406
284738,1046.5755267257566
284739,906.7955595954805
284740,310.1012096049852
284741,2341.7992845944837
284742,1923.7907123514512
284743,1213.798516513042
284744,1060.1264617974466
284745,103.225155166305
284746,786.3250954638443
284747,627.9162864760896
284748,436.9348518404589
284749,357.84533214727423
284750,216.2207094857958
284751,1577.9245621270393
284752,1302.0440519736444
284753,840.5906694112817
284754,730.605372924405
284755,241.87738313372182
284756,1860.5896747297945
284757,1554.6241076666886
284758,966.9394980678795
284759,843.0621139956842
284760,744.0197732163044
284761,597.9101239644725
284762,510.01727644928553
284763,330.44757880642754
284764,264.2780850138937
284765,664.0969126296314
284766,1221.111111764537
284767,1007.9796498271701
284768,657.6458410452894
284769,574.1173721374165
284770,601.7677180584819
284771,1442.9548038139756
284772,1194.1105085354923
284773,771.5836896125815
284774,665.9319992579132
284775,81.76384861414488
284776,630.3669465451513
284777,523.7518636922033
284778,338.7233118825316
284779,272.5538180899977
284780,169.7198287030937
284781,1260.458572547497
284782,1031.0147127451762
284783,674.7972133465344
284784,591.2687444386614
284785,197.53237028327558
284786,1511.3265311299008
284787,1230.7973596341792
284788,787.890800301113
284789,682.2391099464447
284790,45.3118251506286
284791,437.247487572203
284792,358.69202779523306
284793,246.35147738246548
284794,194.00090500311993
284795,103.46702952187913
284796,922.2662006190124
284797,755.5502307459701
284798,484.5558190369618
284799,413.47652409502996
284800,135.87239350352004
284801,1089.1957588891296
284802,881.0456570156081
284803,572.8870620764943
284804,479.6845456877659
284805,702.9032843886785
284806,9.911735367163146
284807,-4.418906051632827
284808,15.532865449262033
284809,-18.070174838686334
284810,102.91811467786543
284811,11.01803399440781
284812,4.938337291642019
284813,31.74882677470358
284814,-15.185357685327569
284815,26.104889746502447
284816,27.972177023420276
284817,14.53692864955836
284818,45.48979292066503
284819,-8.407785486755218
284820,116.49200250434387
284821,1032.038834970387
284822,845.3845206632536
284823,551.4200721396825
284824,466.08334866552985
284825,260.8194184681813
284826,2103.9484669405547
284827,1735.758771791213
284828,1100.2685690573605
284829,954.9952060534324
284830,319.85004716038543
284831,2469.750448261992
284832,2042.5780375175475
284833,1273.456023085334
284834,1110.62959627117
284835,113.41392362882561
284836,829.4215874551858
284837,660.8451311796126
284838,459.9594503710517
284839,381.65087383507216
284840,229.32814947485508
284841,1678.4104381746006
284842,1364.9924411680286
284843,890.8111401040783
284844,781.7948977408427
284845,263.9555409224223
284846,1965.4267625501752
284847,1634.520514271808
284848,1034.2445133220583
284849,901.9097719395478
284850,747.1728443831237
284851,636.2108352904011
284852,544.0967824560105
284853,354.0166583410084
284854,275.60079601514354
284855,580.6563410870232
284856,1322.4453586993648
284857,1115.4618656210325
284858,711.1432614115643
284859,597.7525842138663
284860,336.4896872873876
284861,1569.5027267379508
284862,1320.192529321378
284863,827.0856909401218
284864,697.0108849255248
284865,91.19390595221596
284866,666.6524551883425
284867,559.2874391041719
284868,360.48235306546235
284869,282.06649073959755
284870,184.78554961920344
284871,1357.0805587857233
284872,1134.0851068173738
284873,722.8812160051348
284874,611.1830209857837
284875,214.69999264283626
284876,1636.0301519214142
284877,1360.3994142647077
284878,839.7776483963319
284879,711.3953245600818
284880,58.68985733554369
284881,464.32587932177216
284882,396.12067590308055
284883,259.40530847499645
284884,194.80836756231975
284885,127.08913457011356
284886,974.0865877317719
284887,821.9323242688456
284888,510.92815864051767
284889,413.4728351854081
284890,157.2656609393796
284891,1141.1597629963576
284892,946.021393537995
284893,600.8360069529571
284894,486.6965546809479
284895,702.3679787540668
284896,17.63032868212906
284897,9.131007749162993
284898,18.698605439889754
284899,-5.249882689004813
284900,74.21260217224969
284901,13.48491990425127
284902,11.986315511375262
284903,25.5753271276643
284904,-9.930369766249145
284905,11.078058960821766
284906,33.697987782967125
284907,24.324424480943524
284908,39.97660379197195
284909,-2.4924870493305717
284910,139.98116302058278
284911,1088.3345100049364
284912,899.4397540169225
284913,572.1112123213852
284914,463.1820868168688
284915,278.99291153693235
284916,2238.1367120203818
284917,1812.6011266322048
284918,1177.2361409283317
284919,980.9856366116802
284920,367.58974351884103
284921,2619.5769692624276
284922,2149.396068090252
284923,1385.8420620132765
284924,1162.0797366627773
284925,131.18766957017186
284926,874.615010319719
284927,723.8124698104699
284928,479.83203097483846
284929,379.6419043221701
284930,243.7274160761988
284931,1762.0211101935713
284932,1484.1680591372435
284933,933.1299235497322
284934,776.9100902756167
284935,287.4008682932026
284936,2084.501534423477
284937,1769.9261223739768
284938,1093.1588585694628
284939,903.6617690524588
284940,716.1796162980398
284941,714.8924942399915
284942,610.9504216181864
284943,410.1924038741336
284944,334.9762953369446
284945,408.5526498493171
284946,1497.2640012326606
284947,1246.4762308175743
284948,771.1377343293664
284949,659.2700557541535
284950,301.5849603728285
284951,1748.9520064077292
284952,1456.0394916131916
284953,918.5377777770167
284954,787.0818227271982
284955,114.83232762768007
284956,744.4578356079776
284957,627.8463655639075
284958,416.85489222523745
284959,341.63878368804836
284960,193.73320578302233
284961,1522.7671412314255
284962,1262.917284372739
284963,780.5308033717513
284964,673.1584252075284
284965,225.55171631807994
284966,1807.0926240481697
284967,1494.0641889153446
284968,928.8848496820411
284969,801.9241950432125
284970,79.96679155907007
284971,530.2602495481942
284972,450.58019023203695
284973,286.0300950585449
284974,221.68219166512512
284975,138.7206923789332
284976,1058.0155244445152
284977,892.185401170626
284978,550.7665656260807
284979,454.68634275667927
284980,167.69564531952307
284981,1267.4153748070582
284982,1063.7714836717332
284983,688.6585437453717
284984,572.990044401366
284985,729.021448300088
284986,19.013936157002508
284987,15.170693664474966
284988,25.03292230745132
284989,4.190227828507455
284990,9.528607823457367
284991,19.83131705945781
284992,20.663973603883342
284993,29.18074222255694
284994,-1.2666061525910794
284995,9.997276116095726
284996,43.465814332169735
284997,40.83501366923109
284998,49.045310426845965
284999,11.587176577295944
285000,156.89976355668426
285001,1208.2789813855832
285002,1000.7187717584474
285003,635.0976917977757
285004,525.2286509489084
285005,330.00152724488186
285006,2458.511388860056
285007,1966.5938100421774
285008,1286.4560784389603
285009,1075.9312721907377
285010,387.04741899965046
285011,2959.900148172257
285012,2420.44236687169
285013,1525.6775768034456
285014,1282.13530781382
285015,141.5960460444027
285016,969.9572014054951
285017,797.065916737904
285018,515.4453568299708
285019,414.3153148329501
285020,288.9149131257599
285021,1925.8751044721944
285022,1638.0914718758688
285023,1024.2054452734426
285024,863.4236807330799
285025,308.4116870241439
285026,2289.876625997413
285027,1914.191166975228
285028,1218.0337711989546
285029,1018.4691087081491
285030,751.9518963368122
285031,573.0612869098129
285032,499.36557988164327
285033,311.36526415978506
285034,244.1175159278152
285035,740.2049800467616
285036,1182.9873575307138
285037,998.4562579796557
285038,636.0497832111698
285039,523.2287907619286
285040,526.721161634155
285041,1408.0066713122314
285042,1181.0304154010194
285043,738.0048987913788
285044,622.2078311988089
285045,93.81990153165559
285046,601.9020496289558
285047,507.1261074041932
285048,316.53857348706066
285049,249.29082525509077
285050,176.9270867567052
285051,1215.5522167136726
285052,1010.9417554475629
285053,647.7877378047402
285054,536.6592275338461
285055,196.4504610770697
285056,1456.5495067719428
285057,1201.3235966617096
285058,748.8985917722359
285059,634.794006358013
285060,46.127461494048916
285061,419.82160577990805
285062,357.9296559311556
285063,230.9783554380746
285064,177.54952861929286
285065,104.85073696027773
285066,894.7991940719614
285067,743.5552623838274
285068,458.89488347637865
285069,364.3358211259719
285070,133.3254390000437
285071,1052.484781616182
285072,860.2765807768462
285073,538.3126869192888
285074,440.777549425552
285075,719.5080370116846
285076,15.447744608832778
285077,9.999974919019376
285078,17.101151800084395
285079,-6.032611516122959
285080,123.75639033852067
285081,19.236999201250498
285082,12.002728104894267
285083,12.84883513884348
285084,-10.040485267609812
285085,35.419030275856144
285086,35.805024154628235
285087,30.380713530639433
285088,29.362273378810617
285089,8.935970458925027
285090,119.65217768857744
285091,1005.1184013167265
285092,813.982546683514
285093,521.072509049112
285094,423.1928078985236
285095,259.2228931504775
285096,1969.9330253228122
285097,1616.496242540087
285098,1065.54393787375
285099,876.0378505797775
285100,325.64684035005445
285101,2357.3224345283884
285102,1917.8503785446576
285103,1231.2638031027793
285104,1015.5249898668435
285105,108.68891204735458
285106,786.566776521578
285107,633.5058382750431
285108,431.4347163701191
285109,346.7996330617448
285110,222.88479887594914
285111,1578.2002485147516
285112,1310.81275918975
285113,848.8067578209885
285114,711.3451561535908
285115,251.7311029368892
285116,1864.0549915305207
285117,1564.3918473736542
285118,975.3496991843771
285119,811.6553715750151
285120,751.9518963368122
285121,573.0612869098129
285122,499.36557988164327
285123,311.36526415978506
285124,244.1175159278152
285125,740.2049800467616
285126,1182.9873575307138
285127,998.4562579796557
285128,636.0497832111698
285129,523.2287907619286
285130,534.6421840325482
285131,1408.0066713122314
285132,1181.0304154010194
285133,738.0048987913788
285134,622.2078311988089
285135,93.81990153165559
285136,601.9020496289558
285137,507.1261074041932
285138,316.53857348706066
285139,249.29082525509077
285140,176.9270867567052
285141,1215.5522167136726
285142,1010.9417554475629
285143,647.7877378047402
285144,536.6592275338461
285145,196.4504610770697
285146,1456.5495067719428
285147,1201.3235966617096
285148,748.8985917722359
285149,634.794006358013
285150,46.127461494048916
285151,419.82160577990805
285152,357.9296559311556
285153,230.9783554380746
285154,177.54952861929286
285155,104.85073696027773
285156,894.7991940719614
285157,743.5552623838274
285158,458.89488347637865
285159,364.3358211259719
285160,133.3254390000437
285161,1052.484781616182
285162,860.2765807768462
285163,538.3126869192888
285164,440.777549425552
285165,719.5080370116846
285166,15.447744608832778
285167,9.999974919019376
285168,17.101151800084395
285169,-6.032611516122959
285170,90.80753843096392
285171,19.236999201250498
285172,12.002728104894267
285173,12.84883513884348
285174,-10.040485267609812
285175,35.419030275856144
285176,35.805024154628235
285177,30.380713530639433
285178,29.362273378810617
285179,8.935970458925027
285180,119.65217768857744
285181,1005.1184013167265
285182,813.982546683514
285183,521.072509049112
285184,423.1928078985236
285185,259.2228931504775
285186,1969.9330253228122
285187,1616.496242540087
285188,1065.54393787375
285189,876.0378505797775
285190,325.64684035005445
285191,2357.3224345283884
285192,1917.8503785446576
285193,1231.2638031027793
285194,1015.5249898668435
285195,108.68891204735458
285196,786.566776521578
285197,633.5058382750431
285198,431.4347163701191
285199,346.7996330617448
285200,222.88479887594914
285201,1578.2002485147516
285202,1310.81275918975
285203,848.8067578209885
285204,711.3451561535908
285205,251.7311029368892
285206,1864.0549915305207
285207,1564.3918473736542
285208,975.3496991843771
285209,811.6553715750151
285210,751.6747579144683
285211,574.0394401407984
285212,502.6132486551541
285213,312.19976883650173
285214,244.9520206045318
285215,741.7756292356252
285216,1183.9655107616993
285217,1003.8994611503676
285218,636.8842878878862
285219,524.0632954386451
285220,521.5403475389417
285221,1408.984824543217
285222,1186.4736185717315
285223,738.8394034680952
285224,623.0423358755254
285225,92.93894004093063
285226,602.8802028599412
285227,510.37377617770386
285228,317.37307816377734
285229,250.12532993180739
285230,174.88902567138507
285231,1216.530369944658
285232,1016.384958618275
285233,648.6222424814569
285234,537.4937322105626
285235,195.5694995863448
285236,1457.5276600029283
285237,1206.7667998324218
285238,749.7330964489523
285239,635.6285110347295
285240,45.24650000332399
285241,420.7997590108936
285242,361.1773247046664
285243,231.81286011479122
285244,178.38403329600948
285245,102.81267587495758
285246,895.7773473029469
285247,748.9984655545394
285248,459.72938815309533
285249,365.1703258026886
285250,132.4444775093188
285251,1053.4629348471676
285252,865.7197839475582
285253,539.1471915960053
285254,441.6120541022687
285255,718.6270755209596
285256,16.42589783981827
285257,9.961634596074905
285258,17.935656476801032
285259,-5.19810683940632
285260,80.74602455519124
285261,20.215152432235993
285262,11.964387781949798
285263,13.683339815560123
285264,-9.20598059089317
285265,34.53806878513122
285266,36.78317738561374
285267,30.342373207694965
285268,30.19677805552726
285269,9.770475135641671
285270,120.4159351437768
285271,1007.7412734936362
285272,821.0272692581498
285273,523.5517326717528
285274,425.6720315211645
285275,258.82955101108155
285276,1972.5558974997223
285277,1623.5409651147231
285278,1068.0231614963914
285279,878.5170742024183
285280,326.4105978052537
285281,2359.9453067052978
285282,1924.8951011192937
285283,1233.7430267254206
285284,1018.004213489484
285285,109.22275853951913
285286,788.959737735453
285287,637.6379514438498
285288,433.6840290297252
285289,349.04894572135095
285290,222.26154577351852
285291,1580.5932097286268
285292,1314.9448723585572
285293,851.0560704805946
285294,713.5944688131968
285295,252.2649494290537
285296,1866.447952744396
285297,1568.5239605424613
285298,977.5990118439831
285299,813.9046842346212
285300,751.6747579144683
285301,574.0394401407984
285302,502.6132486551541
285303,312.19976883650173
285304,244.9520206045318
285305,738.186689924052
285306,1183.9655107616993
285307,1003.8994611503676
285308,636.8842878878862
285309,524.0632954386451
285310,521.5403475389417
285311,1408.984824543217
285312,1186.4736185717315
285313,738.8394034680952
285314,623.0423358755254
285315,92.93894004093063
285316,602.8802028599412
285317,510.37377617770386
285318,317.37307816377734
285319,250.12532993180739
285320,174.88902567138507
285321,1216.530369944658
285322,1016.384958618275
285323,648.6222424814569
285324,537.4937322105626
285325,195.5694995863448
285326,1457.5276600029283
285327,1206.7667998324218
285328,749.7330964489523
285329,635.6285110347295
285330,45.24650000332399
285331,420.7997590108936
285332,361.1773247046664
285333,231.81286011479122
285334,178.38403329600948
285335,102.81267587495758
285336,895.7773473029469
285337,748.9984655545394
285338,459.72938815309533
285339,365.1703258026886
285340,132.4444775093188
285341,1053.4629348471676
285342,865.7197839475582
285343,539.1471915960053
285344,441.6120541022687
285345,718.6270755209596
285346,16.42589783981827
285347,9.961634596074905
285348,17.935656476801032
285349,-5.19810683940632
285350,71.75143711516057
285351,20.215152432235993
285352,11.964387781949798
285353,13.683339815560123
285354,-9.20598059089317
285355,34.53806878513122
285356,36.78317738561374
285357,30.342373207694965
285358,30.19677805552726
285359,9.770475135641671
285360,120.4159351437768
285361,1007.7412734936362
285362,821.0272692581498
285363,523.5517326717528
285364,425.6720315211645
285365,258.82955101108155
285366,1972.5558974997223
285367,1623.5409651147231
285368,1068.0231614963914
285369,878.5170742024183
285370,326.4105978052537
285371,2359.9453067052978
285372,1924.8951011192937
285373,1233.7430267254206
285374,1018.004213489484
285375,109.22275853951913
285376,788.959737735453
285377,637.6379514438498
285378,433.6840290297252
285379,349.04894572135095
285380,222.26154577351852
285381,1580.5932097286268
285382,1314.9448723585572
285383,851.0560704805946
285384,713.5944688131968
285385,252.2649494290537
285386,1866.447952744396
285387,1568.5239605424613
285388,977.5990118439831
285389,813.9046842346212
285390,740.431375844452
285391,607.6804705678101
285392,527.9224382323159
285393,334.68786639734225
285394,260.63222574028794
285395,642.1770042071088
285396,1233.414199822444
285397,1032.4971441795387
285398,666.4691452071975
285399,564.6998639554159
285400,432.6910383808025
285401,1462.7911470954693
285402,1216.7684743209793
285403,782.5044591568395
285404,658.6119564582626
285405,86.26411195221183
285406,634.9892182702558
285407,539.3447074282534
285408,339.24266394411893
285409,265.18702328706456
285410,176.8710921394719
285411,1265.0655557692048
285412,1049.2628951013332
285413,678.207099800768
285414,578.1303007273334
285415,206.30540842244878
285416,1522.3981747978357
285417,1253.3196045144093
285418,793.3981521376967
285419,671.1981316174667
285420,49.81208848869547
285421,441.8697592973079
285422,374.2848715312837
285423,246.87082944405276
285424,186.63411020018663
285425,110.61829295825736
285426,926.8731838407191
285427,773.7984131021258
285428,486.1720078928958
285429,400.33808038370273
285430,144.64543164269324
285431,1098.0908054153413
285432,901.3913047541138
285433,576.6007163147776
285434,468.6435673587885
285435,711.6286587277691
285436,11.524437703936652
285437,4.280818981292257
285438,14.713397859253469
285439,-6.986651617841103
285440,44.97769291089418
285441,12.414193645704435
285442,9.99508197716144
285443,22.392910459653876
285444,-3.603173505353239
285445,12.680849419981774
285446,32.89430160655492
285447,20.929040344761816
285448,37.469243615299376
285449,4.509765702903162
285450,130.01245618817345
285451,1043.677078132845
285452,843.2848674163222
285453,546.8019885931268
285454,448.13626224603763
285455,274.5319908655647
285456,2118.7024422759496
285457,1735.6617117057906
285458,1110.1216347239824
285459,931.3957038418647
285460,337.76046376633275
285461,2488.702267805951
285462,2044.4882237185338
285463,1280.4322968562174
285464,1074.1945449402517
285465,121.01255540771837
285466,832.8620271599394
285467,671.3725935805178
285468,458.5626958201726
285469,368.63596832493164
285470,237.1188999673017
285471,1680.8766694137832
285472,1377.6908451905365
285473,898.2525205894492
285474,759.5572607498672
285475,275.9441356234328
285476,1972.0908379979217
285477,1649.2261645807257
285478,1040.5063391767383
285479,868.5338230942674
285480,746.1738022140773
285481,636.2756768705315
285482,544.1616240361408
285483,354.08149992113874
285484,275.6656375952739
285485,578.3530157225076
285486,1321.2059170840255
285487,1114.2224240056933
285488,709.9038197962253
285489,596.5131425985273
285490,335.49064511834126
285491,1569.567568318081
285492,1320.2573709015082
285493,827.1505325202521
285494,697.0757265056551
285495,90.19486378316954
285496,666.7172967684728
285497,559.3522806843022
285498,360.5471946455927
285499,282.1313323197279
285500,182.4822242546878
285501,1355.841117170384
285502,1132.8456652020345
285503,721.6417743897958
285504,609.9435793704448
285505,213.70095047378987
285506,1636.0949935015444
285507,1360.464255844838
285508,839.8424899764622
285509,711.4601661402121
285510,57.690815166497295
285511,464.3907209019025
285512,396.1855174832109
285513,259.4701500551268
285514,194.87320914245
285515,124.78580920559786
285516,972.847146116433
285517,820.6928826535067
285518,509.6887170251788
285519,412.2333935700692
285520,156.2666187703332
285521,1141.2246045764878
285522,946.0862351181253
285523,600.9008485330874
285524,486.76139626107823
285525,700.1771629328863
285526,16.503396610125158
285527,8.004075677159088
285528,17.571673367885843
285529,-6.376814761008724
285530,63.99833356061656
285531,12.357987832247359
285532,10.859383439371356
285533,24.448395055660384
285534,-11.057301838253053
285535,8.887243139641175
285536,32.57105571096323
285537,23.19749240893961
285538,38.84967171996805
285539,-3.61941912133448
285540,141.3399948701845
285541,1090.757225603715
285542,901.862469615701
285543,574.5339279201637
285544,465.6048024156474
285545,280.3517433865342
285546,2240.55942761916
285547,1815.0238422309833
285548,1179.6588565271102
285549,983.4083522104584
285550,368.9485753684429
285551,2621.999684861206
285552,2151.81878368903
285553,1388.264777612055
285554,1164.5024522615556
285555,132.31659045673882
285556,876.8078149554627
285557,726.0052744462137
285558,482.0248356105822
285559,381.83470895791385
285560,244.85633696276574
285561,1764.213914829315
285562,1486.3608637729872
285563,935.322728185476
285564,779.1028949113604
285565,288.5297891797697
285566,2086.6943390592205
285567,1772.1189270097204
285568,1095.3516632052065
285569,905.8545736882025
285570,714.7498648031154
285571,714.5266264942438
285572,610.5845538724386
285573,409.82653612838584
285574,334.6104275911968
285575,407.12289835439265
285576,1496.8981334869125
285577,1246.1103630718262
285578,770.7718665836186
285579,658.9041880084058
285580,300.15520887790404
285581,1748.586138661981
285582,1455.6736238674434
285583,918.1719100312689
285584,786.7159549814504
285585,113.40257613275548
285586,744.0919678622298
285587,627.4804978181597
285588,416.4890244794897
285589,341.2729159423006
285590,192.30345428809778
285591,1522.4012734856774
285592,1262.5514166269909
285593,780.1649356260035
285594,672.7925574617806
285595,224.1219648231554
285596,1806.7267563024216
285597,1493.6983211695965
285598,928.5189819362934
285599,801.5583272974648
285600,78.53704006414553
285601,529.8943818024464
285602,450.2143224862892
285603,285.6642273127971
285604,221.31632391937723
285605,137.29094088400862
285606,1057.649656698767
285607,891.8195334248783
285608,550.4006978803329
285609,454.3204750109315
285610,166.26589382459852
285611,1267.0495070613101
285612,1063.405615925985
285613,688.292675999624
285614,572.6241766556183
285615,726.2220316243543
285616,18.64806841125464
285617,14.80482591872711
285618,24.667054561703463
285619,3.824360082759595
285620,-2.830596324030906
285621,19.465449313709954
285622,20.298105858135482
285623,28.81487447680908
285624,-1.632473898338938
285625,7.197859440361859
285626,43.099946586421886
285627,40.46914592348325
285628,48.679442681098124
285629,11.221308831548086
285630,159.01965973254204
285631,1211.4627613106177
285632,1003.9025516834816
285633,638.2814717228104
285634,528.412430873943
285635,332.12142342073975
285636,2461.69516878509
285637,1969.7775899672122
285638,1289.6398583639948
285639,1079.115052115772
285640,389.16731517550835
285641,2963.0839280972914
285642,2423.6261467967242
285643,1528.8613567284801
285644,1285.3190877388543
285645,143.4860312572257
285646,972.911070367495
285647,800.0197856999039
285648,518.3992257919705
285649,417.26918379494987
285650,290.804898338583
285651,1928.828973434194
285652,1641.0453408378685
285653,1027.1593142354425
285654,866.3775496950798
285655,310.30167223696697
285656,2292.8304949594126
285657,1917.1450359372277
285658,1220.9876401609542
285659,1021.4229776701491
285660,751.6807204880107
285661,573.853994810188
285662,500.1582877820186
285663,312.15797206016026
285664,247.40855567105547
285665,739.9338041979602
285666,1183.780065431089
285667,999.2489658800307
285668,636.8424911115449
285669,526.519830505169
285670,526.4499857853534
285671,1408.7993792126067
285672,1181.8231233013946
285673,738.7976066917538
285674,625.4988709420493
285675,93.54872568285406
285676,602.6947575293309
285677,507.91881530456834
285678,317.33128138743587
285679,252.58186499833116
285680,176.65591090790366
285681,1216.3449246140478
285682,1011.7344633479382
285683,648.5804457051155
285684,539.9502672770865
285685,196.17928522826816
285686,1457.342214672318
285687,1202.116304562085
285688,749.691299672611
285689,638.0850461012534
285690,45.85628564524741
285691,420.61431368028326
285692,358.7223638315308
285693,231.77106333844972
285694,180.8405683625333
285695,104.5795611114762
285696,895.5919019723366
285697,744.3479702842026
285698,459.68759137675386
285699,367.6268608692124
285700,133.05426315124217
285701,1053.2774895165574
285702,861.0692886772214
285703,539.105394819664
285704,444.0685891687925
285705,717.8671959820738
285706,16.24045250920792
285707,10.792682819394523
285708,17.89385970045954
285709,-7.880947011270551
285710,108.93390383798271
285711,20.029707101625657
285712,12.79543600526942
285713,13.641543039218632
285714,-11.888820762757423
285715,24.85490229207246
285716,36.59773205500339
285717,31.173421431014585
285718,30.15498127918577
285719,7.087634963777426
285720,121.02572078570022
285721,1007.5558281630259
285722,816.4199735298134
285723,523.5099358954114
285724,431.20943574344585
285725,260.59643624760025
285726,1972.370452169112
285727,1618.9336693863868
285728,1067.98136472005
285729,884.0544784246996
285730,327.0203834471772
285731,2359.7598613746873
285732,1920.2878053909574
285733,1233.701229949079
285734,1023.5416177117654
285735,109.83254418144256
285736,788.7742924048428
285737,635.7133541583078
285738,433.6422322533837
285739,354.5863499436323
285740,224.02843101003708
285741,1580.4077643980165
285742,1313.020275073015
285743,851.0142737042532
285744,719.1318730354782
285745,252.87473507097715
285746,1866.2625074137857
285747,1566.599363256919
285748,977.5572150676418
285749,819.4420884569025
285750,742.903812562056
285751,571.0932613263011
285752,497.3975542981314
285753,307.6307808261525
285754,248.15432641978987
285755,731.1568962720055
285756,1181.019331947202
285757,996.4882323961438
285758,632.315299877537
285759,527.2656012539032
285760,524.846285948259
285761,1405.2908314191868
285762,1178.3145755079747
285763,733.522601148213
285764,625.4968273812505
285765,93.78833567224032
285766,601.9800026986205
285767,507.20406047385796
285768,314.8500688066047
285769,255.37361440024227
285770,176.89552089728994
285771,1215.6301697833376
285772,1011.0197085172282
285773,646.0992331242843
285774,542.7420166789974
285775,195.67108090812138
285776,1455.8796455320748
285777,1200.6537354218417
285778,746.4622727822468
285779,640.1289811936313
285780,46.0958956346337
285781,419.89955884957294
285782,358.0076090008205
285783,229.28985075761855
285784,183.63231776444437
285785,104.81917110086246
285786,894.8771471416262
285787,743.6332154534922
285788,457.2063787959227
285789,370.4186102711235
285790,132.5460588310954
285791,1051.8149203763141
285792,859.606719536978
285793,535.8763679292997
285794,446.11252426117056
285795,716.4182793532083
285796,15.525697678497604
285797,10.07792798868421
285798,15.412647119628394
285799,-5.089197609359483
285800,96.85356649012955
285801,19.314952270915338
285802,12.080681174559096
285803,11.160330458387481
285804,-9.097071360846341
285805,23.40598566320711
285806,35.88297722429308
285807,30.458666600304266
285808,27.67376869835463
285809,9.8793843656885
285810,121.16749631300684
285811,1006.8410733323157
285812,815.705218699103
285813,521.0287233145802
285814,434.00118514535694
285815,260.7382117749068
285816,1971.6556973384018
285817,1618.2189145556765
285818,1065.5001521392187
285819,886.8462278266105
285820,327.1621589744838
285821,2359.045106543977
285822,1919.573050560247
285823,1231.220017368248
285824,1026.3333671136763
285825,109.97431970874918
285826,788.0595375741324
285827,634.9985993275974
285828,431.1610196725526
285829,357.3780993455434
285830,224.17020653734372
285831,1579.6930095673063
285832,1312.3055202423047
285833,848.533061123422
285834,721.9236224373891
285835,253.01651059828384
285836,1865.5477525830754
285837,1565.8846084262088
285838,975.0760024868106
285839,822.2338378588134
285840,743.2212241325985
285841,570.8068498284625
285842,499.3806583428181
285843,307.20072077404507
285844,247.72426636768247
285845,730.8704847741669
285846,1180.7329204493635
285847,1000.6668708380317
285848,631.8852398254295
285849,526.8355412017958
285850,511.89025946086167
285851,1404.5556799346707
285852,1182.0444739631853
285853,732.643801109428
285854,624.6180273424656
285855,93.50192417440175
285856,601.693591200782
285857,509.18716451854465
285858,314.4200087544973
285859,254.94355434813488
285860,176.60910939945137
285861,1215.343758285499
285862,1015.1983469591162
285863,645.6691730721768
285864,542.3119566268899
285865,194.93592942360536
285866,1455.1444940475587
285867,1204.3836338770523
285868,745.5834727434618
285869,639.2501811548464
285870,45.809484136795135
285871,419.61314735173437
285872,359.99071304550716
285873,228.85979070551116
285874,183.20225771233697
285875,104.53275960302389
285876,894.5907356437876
285877,747.8118538953802
285878,456.7763187438153
285879,369.9885502190161
285880,131.81090734657937
285881,1051.079768891798
285882,863.3366179921885
285883,534.9975678905148
285884,445.2337242223857
285885,716.1318678553697
285886,15.239286180659043
285887,8.77502293691569
285888,14.982587067520981
285889,-5.519257661466897
285890,96.56715499229098
285891,19.028540773076777
285892,10.777776122790575
285893,10.730270406280068
285894,-9.527131412953754
285895,23.11957416536855
285896,35.596565726454514
285897,29.155761548535743
285898,27.243708646247214
285899,9.449324313581087
285900,120.88108481516826
285901,1006.5546618344771
285902,819.8406575989906
285903,520.5986632624728
285904,433.5711250932495
285905,260.45180027706823
285906,1971.3692858405632
285907,1622.354353455564
285908,1065.0700920871113
285909,886.416167774503
285910,326.87574747664524
285911,2358.7586950461387
285912,1923.7084894601346
285913,1230.7899573161405
285914,1025.903307061569
285915,109.6879082109106
285916,787.7731260762938
285917,636.4513397846906
285918,430.73095962044516
285919,356.94803929343595
285920,223.88379503950517
285921,1579.4065980694677
285922,1313.758260699398
285923,848.1030010713146
285924,721.4935623852816
285925,252.7300991004453
285926,1865.2613410852368
285927,1567.3373488833022
285928,974.6459424347031
285929,821.803777806706
285930,743.2212241325985
285931,570.8068498284625
285932,499.3806583428181
285933,307.20072077404507
285934,247.72426636768247
285935,727.2815454625937
285936,1178.8221864411812
285937,998.7561368298492
285938,631.8852398254295
285939,526.8355412017958
285940,511.3165015888561
285941,1403.9819220626653
285942,1181.4707160911798
285943,732.0700432374225
285944,624.0442694704601
285945,93.50192417440175
285946,601.693591200782
285947,509.18716451854465
285948,314.4200087544973
285949,254.94355434813488
285950,176.60910939945137
285951,1215.343758285499
285952,1015.1983469591162
285953,645.6691730721768
285954,542.3119566268899
285955,194.3621715515999
285956,1454.5707361755533
285957,1203.8098760050468
285958,745.0097148714564
285959,638.6764232828409
285960,45.809484136795135
285961,419.61314735173437
285962,359.99071304550716
285963,228.85979070551116
285964,183.20225771233697
285965,104.53275960302389
285966,894.5907356437876
285967,747.8118538953802
285968,456.7763187438153
285969,369.9885502190161
285970,131.23714947457393
285971,1050.5060110197926
285972,862.7628601201831
285973,534.4238100185094
285974,444.6599663503802
285975,716.1318678553697
285976,15.239286180659043
285977,8.77502293691569
285978,14.982587067520981
285979,-5.519257661466897
285980,87.57256755226032
285981,19.028540773076777
285982,10.777776122790575
285983,10.730270406280068
285984,-9.527131412953754
285985,23.11957416536855
285986,35.596565726454514
285987,29.155761548535743
285988,27.243708646247214
285989,9.449324313581087
285990,120.88108481516826
285991,1006.5546618344771
285992,819.8406575989906
285993,520.5986632624728
285994,433.5711250932495
285995,260.45180027706823
285996,1971.3692858405632
285997,1622.354353455564
285998,1065.0700920871113
285999,886.416167774503
286000,326.87574747664524
286001,2358.7586950461387
286002,1923.7084894601346
286003,1230.7899573161405
286004,1025.903307061569
286005,109.6879082109106
286006,787.7731260762938
286007,636.4513397846906
286008,430.73095962044516
286009,356.94803929343595
286010,223.88379503950517
286011,1579.4065980694677
286012,1313.758260699398
286013,848.1030010713146
286014,721.4935623852816
286015,252.7300991004453
286016,1865.2613410852368
286017,1567.3373488833022
286018,974.6459424347031
286019,821.803777806706
286020,728.5359805722961
286021,601.801249737722
286022,522.0432174022277
286023,327.042187817133
286024,260.75784098568624
286025,630.2816089349528
286026,1225.6242449841734
286027,1024.707189341268
286028,658.8234666269884
286029,564.8254792008142
286030,418.97258230995845
286031,1455.088865466693
286032,1209.066192692203
286033,773.0357197779424
286034,656.9145109049729
286035,83.38523459539675
286036,631.1559760933443
286037,535.5114652513419
286038,333.64296401708634
286039,267.3586171856395
286040,173.9922147826568
286041,1261.2323135922932
286042,1045.4296529244216
286043,672.6073998737356
286044,580.3018946259084
286045,201.60347026694555
286046,1514.5652746805129
286047,1245.4867043970864
286048,785.9753914119763
286049,671.5466647173537
286050,46.93321113188041
286051,438.0365171203961
286052,370.45162935437196
286053,241.27112951702023
286054,188.80570409876162
286055,107.73941560144233
286056,923.0399416638076
286057,769.9651709252142
286058,480.5723079658632
286059,402.5096742822777
286060,139.94349348719
286061,1092.4345024397417
286062,895.7350017785142
286063,569.1779555890572
286064,468.9921004586754
286065,709.275744838729
286066,9.182918296522033
286067,1.9392995738776388
286068,10.60542070171801
286069,-8.462710188157079
286070,41.92058655997421
286071,10.072674238289816
286072,7.653562569746819
286073,18.28493330211843
286074,-5.079232075669213
286075,5.896393676638799
286076,30.500033568668186
286077,18.534772306875077
286078,33.3085178272918
286079,2.9809585021150706
286080,127.29821673409951
286081,1040.1063083207541
286082,839.7140976042314
286083,546.0836450538901
286084,450.59743243480193
286085,271.8177514114906
286086,2115.131672463859
286087,1732.0909418936997
286088,1109.4032911847455
286089,933.8568740306291
286090,334.9934756817866
286091,2485.0787493633884
286092,2040.864705275973
286093,1279.6612046865084
286094,1076.602966498544
286095,119.7100569380419
286096,830.702998332246
286097,669.2135647528244
286098,454.99995334449534
286099,373.7661887026986
286100,235.8164014976251
286101,1678.7176405860898
286102,1375.531816362843
286103,894.6897781137721
286104,764.6874811276341
286105,274.5888885232841
286106,1969.8790605397562
286107,1647.0143871225603
286108,1036.8908480705882
286109,873.6112948415622
286110,734.6300826349847
286111,630.7481317335064
286112,538.6340788991157
286113,346.7874970339927
286114,276.14292853373536
286115,566.8092961434149
286116,1313.767637938818
286117,1106.7841448604859
286118,702.6098169090794
286119,596.9904335369888
286120,322.12386474056035
286121,1562.216962382368
286122,1312.9067649657952
286123,818.0334688344182
286124,695.7299566454285
286125,87.66766211941771
286126,663.2357302846244
286127,555.8707142004538
286128,355.29917041162327
286129,284.654601911366
286130,179.95502259093587
286131,1352.3595506865356
286132,1129.3640987181861
286133,716.3937501558266
286134,612.466848962083
286135,209.35068801134983
286136,1628.6137690772848
286137,1352.9830314205783
286138,832.7714049438049
286139,712.1603749331622
286140,55.163613502745456
286141,460.9091544180539
286142,392.7039509993623
286143,254.22212582115748
286144,197.3964787340882
286145,122.25860754184602
286146,969.3655796325846
286147,817.2113161696583
286148,504.4406927912094
286149,414.7566631617073
286150,151.91635630789315
286151,1135.9199772939514
286152,940.7816078355888
286153,593.8297635004301
286154,487.4616050540282
286155,698.1759247369093
286156,14.513552895773724
286157,6.014231962807658
286158,13.815371903413592
286159,-7.501197638261505
286160,61.29290290275988
286161,10.368144117895921
286162,8.869539725019921
286163,20.692093591188108
286164,-12.181684715505858
286165,2.45446308936139
286166,30.528463366139643
286167,21.154900064116056
286168,35.04062162502367
286169,-4.796550629059382
286170,138.9774311091737
286171,1087.5381314846873
286172,898.6433754966733
286173,574.1672600739902
286174,468.41764829747456
286175,277.9891796255234
286176,2237.3403335001326
286177,1811.8047481119556
286178,1179.2921886809365
286179,986.2211980922862
286180,366.5332629769599
286181,2618.727842111706
286182,2148.5469409395305
286183,1387.8453611354093
286184,1167.2625495129114
286185,131.3657676801254
286186,875.0004618208325
286187,724.1979213115834
286188,478.8137688279681
286189,387.316605028744
286190,243.9055141861522
286191,1762.4065616946848
286192,1484.553510638357
286193,932.1116614028621
286194,784.5847909821905
286195,287.5262177726841
286196,2084.8342372941183
286197,1770.2588252446183
286198,1092.0878477921203
286199,911.2837211285605
286200,701.8441960492739
286201,708.3961356206645
286202,601.7375910240929
286203,398.9378647459401
286204,335.6515688656676
286205,401.613701926491
286206,1488.856908605151
286207,1232.682039091795
286208,759.8831952011731
286209,659.9453292828765
286210,292.8229516513143
286211,1740.632586989714
286212,1442.3329730969067
286213,905.4601778501353
286214,785.9340354572331
286215,110.52540879672246
286216,740.0074556418272
286217,620.6795136229907
286218,407.64633175022055
286219,344.36003586994804
286220,189.42628695206477
286221,1518.3167612652749
286222,1253.0798053083188
286223,771.3222428967347
286224,675.879677389428
286225,219.42173668843427
286226,1798.6425861416078
286227,1480.2270519105132
286228,917.8532284083365
286229,802.8223864264241
286230,75.65987272811263
286231,525.8098695820438
286232,443.41333829112
286233,276.821534583528
286234,224.40344384702468
286235,134.4137735479756
286236,1053.5651444783646
286237,882.3479221062059
286238,541.5580051510641
286239,457.40759493857894
286240,161.5656656898774
286241,1261.1419340422196
286242,1052.110943808625
286243,677.6269224716671
286244,573.8882357845777
286245,726.5524619763047
286246,17.36724799974808
286247,10.807533532454153
286248,24.117983800542493
286249,4.575796580915177
286250,2.2655858514035954
286251,18.18462890220339
286252,19.727251133791302
286253,28.26580371564813
286254,-0.8810374001833589
286255,3.0967479380093295
286256,41.7663775444432
286257,39.84554256866694
286258,48.07762328946505
286259,11.919996699231556
286260,157.61909933864916
286261,1208.9526904944348
286262,998.6760088925324
286263,633.3779141852422
286264,536.7500833843018
286265,330.72086302684676
286266,2459.1850979689075
286267,1961.4058970890887
286268,1284.7363008264265
286269,1087.452704626131
286270,387.7140061511433
286271,2960.5211086506365
286272,2415.2017052881292
286273,1523.9050505604398
286274,1293.6039916187412
286275,143.49721184773023
286276,975.9922586396639
286277,796.2049838933522
286278,510.65126931796124
286279,428.2758864943111
286280,290.8160789290874
286281,1931.910161706363
286282,1634.0853889441432
286283,1019.4113577614339
286284,877.3842523944412
286285,310.2601041969993
286286,2295.8589346011095
286287,1910.1323354130304
286288,1213.1869350564734
286289,1032.3769317390386
286290,740.4076134348607
286291,569.526449172432
286292,493.1142701694959
286293,305.05256800078007
286294,245.5761135944175
286295,728.6606971448101
286296,1177.5417857851508
286297,987.6235871358227
286298,629.7370870521648
286299,524.687388428531
286300,513.3538179335154
286301,1402.6487727761628
286302,1170.2854177666811
286303,729.8691418336856
286304,621.8433680667232
286305,91.29213654504501
286306,600.4131905447515
286307,502.9207763452221
286308,312.2718559812323
286309,252.79540157486986
286310,174.3993217700945
286311,1214.0633576294686
286312,1004.0657972650894
286313,643.5210202989119
286314,540.1638038536252
286315,192.09963529177088
286316,1453.2375868890508
286317,1192.624577680548
286318,742.8088134677195
286319,636.475521879104
286320,43.59969650743828
286321,418.3327466957038
286322,353.724324872185
286323,226.7116379322462
286324,181.054104939072
286325,102.32297197366711
286326,893.3103349877572
286327,736.6793042013535
286328,454.6281659705503
286329,367.8403974457511
286330,128.9746132147449
286331,1049.1728617332901
286332,851.5775617956842
286333,532.2229086147725
286334,442.45906494664314
286335,718.8182045322479
286336,16.762577333524693
286337,8.598335668944891
286338,15.638126103152175
286339,-4.863718625835711
286340,85.50130632697393
286341,20.55183192594241
286342,14.027526516748566
286343,11.385809441911261
286344,-8.871592377322564
286345,21.374368987943832
286346,37.06710824884803
286347,32.35276331202161
286348,27.846499051406298
286349,10.052114718740155
286350,120.24573859003128
286351,1006.8487025826664
286352,812.9963759746876
286353,524.6438359164028
286354,429.9436484938154
286355,259.8164540519311
286356,1971.6633265887524
286357,1612.3649217440873
286358,1069.115264741041
286359,882.7886911750693
286360,326.187652621036
286361,2358.9999871638556
286362,1913.6663091181858
286363,1234.7823813395983
286364,1022.223081831663
286365,110.46430297017099
286366,793.6584259128349
286367,633.7014975875793
286368,431.9317333379345
286369,355.9896128830045
286370,224.66018979876546
286371,1585.2918979060087
286372,1307.863268415113
286373,849.3037747888043
286374,720.5351359748505
286375,253.45374522923333
286376,1871.0938922913058
286377,1561.389607968545
286378,975.7939675217207
286379,820.7926027658027
286380,740.4076134348607
286381,569.526449172432
286382,493.1142701694959
286383,305.05256800078007
286384,245.5761135944175
286385,728.6606971448101
286386,1177.5417857851508
286387,987.6235871358227
286388,629.7370870521648
286389,524.687388428531
286390,521.2748403319085
286391,1402.6487727761628
286392,1170.2854177666811
286393,729.8691418336856
286394,621.8433680667232
286395,91.29213654504501
286396,600.4131905447515
286397,502.9207763452221
286398,312.2718559812323
286399,252.79540157486986
286400,174.3993217700945
286401,1214.0633576294686
286402,1004.0657972650894
286403,643.5210202989119
286404,540.1638038536252
286405,192.09963529177088
286406,1453.2375868890508
286407,1192.624577680548
286408,742.8088134677195
286409,636.475521879104
286410,43.59969650743828
286411,418.3327466957038
286412,353.724324872185
286413,226.7116379322462
286414,181.054104939072
286415,102.32297197366711
286416,893.3103349877572
286417,736.6793042013535
286418,454.6281659705503
286419,367.8403974457511
286420,128.9746132147449
286421,1049.1728617332901
286422,851.5775617956842
286423,532.2229086147725
286424,442.45906494664314
286425,715.9819165229784
286426,16.762577333524693
286427,8.598335668944891
286428,15.638126103152175
286429,-4.863718625835711
286430,82.66501831770434
286431,20.55183192594241
286432,14.027526516748566
286433,11.385809441911261
286434,-8.871592377322564
286435,18.53808097867424
286436,37.06710824884803
286437,32.35276331202161
286438,27.846499051406298
286439,10.052114718740155
286440,120.24573859003128
286441,1006.8487025826664
286442,812.9963759746876
286443,524.6438359164028
286444,429.9436484938154
286445,259.8164540519311
286446,1971.6633265887524
286447,1612.3649217440873
286448,1069.115264741041
286449,882.7886911750693
286450,326.187652621036
286451,2358.9999871638556
286452,1913.6663091181858
286453,1234.7823813395983
286454,1022.223081831663
286455,110.46430297017099
286456,793.6584259128349
286457,633.7014975875793
286458,431.9317333379345
286459,355.9896128830045
286460,224.66018979876546
286461,1585.2918979060087
286462,1307.863268415113
286463,849.3037747888043
286464,720.5351359748505
286465,253.45374522923333
286466,1871.0938922913058
286467,1561.389607968545
286468,975.7939675217207
286469,820.7926027658027
286470,740.7250250054032
286471,569.2400376745934
286472,495.0973742141826
286473,304.62250794867265
286474,245.1460535423101
286475,726.663219802116
286476,1177.2553742873122
286477,991.8022255777107
286478,629.3070270000574
286479,524.2573283764235
286480,508.7675538311886
286481,1402.3623612783242
286482,1174.4640562085692
286483,729.4390817815781
286484,621.4133080146157
286485,91.00572504720644
286486,600.1267790469129
286487,504.9038803899088
286488,311.8417959291249
286489,252.36534152276246
286490,174.11291027225593
286491,1213.77694613163
286492,1008.2444357069774
286493,643.0909602468045
286494,539.7337438015177
286495,191.81322379393234
286496,1452.9511753912122
286497,1196.8032161224362
286498,742.378753415612
286499,636.0454618269965
286500,43.31328500959972
286501,418.04633519786523
286502,355.70742891687166
286503,226.2815778801388
286504,180.6240448869646
286505,102.03656047582854
286506,893.0239234899186
286507,740.8579426432415
286508,454.1981059184429
286509,367.41033739364366
286510,128.68820171690635
286511,1048.8864502354515
286512,855.7562002375722
286513,531.792848562665
286514,442.0290048945357
286515,715.6955050251398
286516,16.476165835686132
286517,7.295430617176368
286518,15.208066051044762
286519,-5.293778677943124
286520,82.37860681986577
286521,20.265420428103848
286522,12.724621464980045
286523,10.955749389803849
286524,-9.301652429429977
286525,18.25166948083568
286526,36.780696751009465
286527,31.04985826025308
286528,27.416438999298883
286529,9.622054666632742
286530,119.95932709219271
286531,1006.5622910848278
286532,817.1318148745751
286533,524.2137758642954
286534,429.51358844170795
286535,259.5300425540925
286536,1971.3769150909138
286537,1616.5003606439748
286538,1068.6852046889337
286539,882.3586311229618
286540,325.90124112319745
286541,2358.7135756660173
286542,1917.8017480180733
286543,1234.352321287491
286544,1021.7930217795555
286545,110.17789147233242
286546,793.3720144149963
286547,635.1542380446725
286548,431.50167328582705
286549,355.5595528308971
286550,224.37377830092692
286551,1585.00548640817
286552,1309.3160088722063
286553,848.8737147366968
286554,720.105075922743
286555,253.1673337313948
286556,1870.8074807934672
286557,1562.8423484256384
286558,975.3639074696132
286559,820.3625427136952
286560,740.7250250054032
286561,569.2400376745934
286562,495.0973742141826
286563,304.62250794867265
286564,245.1460535423101
286565,716.7155764540831
286566,1175.6552847812702
286567,990.2021360716687
286568,629.3070270000574
286569,524.2573283764235
286570,508.7675538311886
286571,1402.3623612783242
286572,1174.4640562085692
286573,729.4390817815781
286574,621.4133080146157
286575,91.00572504720644
286576,600.1267790469129
286577,504.9038803899088
286578,311.8417959291249
286579,252.36534152276246
286580,174.11291027225593
286581,1213.77694613163
286582,1008.2444357069774
286583,643.0909602468045
286584,539.7337438015177
286585,191.81322379393234
286586,1452.9511753912122
286587,1196.8032161224362
286588,742.378753415612
286589,636.0454618269965
286590,43.31328500959972
286591,418.04633519786523
286592,355.70742891687166
286593,226.2815778801388
286594,180.6240448869646
286595,102.03656047582854
286596,893.0239234899186
286597,740.8579426432415
286598,454.1981059184429
286599,367.41033739364366
286600,128.68820171690635
286601,1048.8864502354515
286602,855.7562002375722
286603,531.792848562665
286604,442.0290048945357
286605,715.6955050251398
286606,16.476165835686132
286607,7.295430617176368
286608,15.208066051044762
286609,-5.293778677943124
286610,73.38401937983511
286611,20.265420428103848
286612,12.724621464980045
286613,10.955749389803849
286614,-9.301652429429977
286615,18.25166948083568
286616,36.780696751009465
286617,31.04985826025308
286618,27.416438999298883
286619,9.622054666632742
286620,119.95932709219271
286621,1006.5622910848278
286622,817.1318148745751
286623,524.2137758642954
286624,429.51358844170795
286625,259.5300425540925
286626,1971.3769150909138
286627,1616.5003606439748
286628,1068.6852046889337
286629,882.3586311229618
286630,325.90124112319745
286631,2358.7135756660173
286632,1917.8017480180733
286633,1234.352321287491
286634,1021.7930217795555
286635,110.17789147233242
286636,793.3720144149963
286637,635.1542380446725
286638,431.50167328582705
286639,355.5595528308971
286640,224.37377830092692
286641,1585.00548640817
286642,1309.3160088722063
286643,848.8737147366968
286644,720.105075922743
286645,253.1673337313948
286646,1870.8074807934672
286647,1562.8423484256384
286648,975.3639074696132
286649,820.3625427136952
286650,727.8806145297082
286651,602.0752706684603
286652,519.6007663581997
286653,326.3048080763682
286654,260.0204612449214
286655,602.487580777413
286656,1223.8520059738623
286657,1017.5478512326872
286658,658.0860868862236
286659,564.0880994600494
286660,418.31721626737055
286661,1455.3628863974316
286662,1203.953114524672
286663,772.2983400371776
286664,656.177131164208
286665,82.72986855280887
286666,631.4299970240827
286667,533.0690142073139
286668,332.9055842763215
286669,266.6212374448747
286670,173.3368487400689
286671,1261.5063345230317
286672,1040.3165747568905
286673,671.8700201329708
286674,579.5645148851436
286675,200.94810422435765
286676,1514.8392956112514
286677,1240.3736262295554
286678,785.2380116712114
286679,670.8092849765889
286680,46.27784508929252
286681,438.3105380511346
286682,368.00917831034405
286683,240.5337497762554
286684,188.0683243579968
286685,107.08404955885445
286686,923.313962594546
286687,764.852092757683
286688,479.8349282250984
286689,401.77229454151285
286690,139.2881274446021
286691,1092.7085233704802
286692,890.6219236109829
286693,568.4405758482924
286694,468.2547207179106
286695,707.0960598262707
286696,10.768908266659569
286697,0.8088175692487769
286698,11.180010000352246
286699,-7.8881208895228445
286700,52.91065575820619
286701,11.658664208427352
286702,9.94951822704674
286703,18.859522600752666
286704,-4.504642777034981
286705,3.716708664180353
286706,32.08602353880573
286707,20.830727964175
286708,33.88310712592604
286709,3.555547800749304
286710,127.95481973091061
286711,1041.6922982908916
286712,838.5836155996026
286713,546.6582343525245
286714,451.1720217334361
286715,272.4743544083017
286716,2116.7176624339963
286717,1727.8153098018972
286718,1109.9778804833797
286719,934.4314633292635
286720,335.6500786785977
286721,2486.6647393335256
286722,2036.5890731841707
286723,1280.2357939851427
286724,1077.1775557971782
286725,120.36665993485305
286726,836.4685064063378
286727,668.0830827481956
286728,455.5745426431295
286729,374.3407780013328
286730,236.47300449443622
286731,1684.4831486601815
286732,1371.2561842710406
286733,895.2643674124065
286734,765.2620704262685
286735,275.2454915200952
286736,1975.644568613848
286737,1642.7387550307578
286738,1037.4654373692224
286739,874.1858841401965
286740,734.9613462654232
286741,630.8264152996718
286742,535.9958904905147
286743,343.87405784141254
286744,277.38800817246425
286745,541.0933799171892
286746,1311.7996615639338
286747,1099.429069387332
286748,699.6963777164995
286749,598.2355131757178
286750,322.45512837099886
286751,1562.2952459485332
286752,1307.597949433691
286753,815.1200296418382
286754,696.9750362841575
286755,87.9989257498562
286756,663.3140138507898
286757,553.2325257918528
286758,352.3857312190431
286759,285.8996815500949
286760,180.28628622137438
286761,1352.437834252701
286762,1124.0552831860819
286763,713.4803109632467
286764,613.7119286008119
286765,209.68195164178834
286766,1628.69205264345
286767,1347.674215888474
286768,829.8579657512249
286769,713.4054545718911
286770,55.49487713318396
286771,460.98743798421924
286772,390.06576259076127
286773,251.30868662857722
286774,198.6415583728171
286775,122.5898711722845
286776,969.44386319875
286777,811.902500637554
286778,501.5272535986293
286779,416.0017428004362
286780,152.24761993833167
286781,1135.9982608601167
286782,935.4727923034845
286783,590.9163243078501
286784,488.70668469275705
286785,695.98825395086
286786,14.909190054720757
286787,3.693397146988292
286788,16.709216462827065
286789,-5.938764406750985
286790,65.8970615628383
286791,10.76378127684296
286792,9.975142571129345
286793,23.585938150601578
286794,-10.619251483995312
286795,0.26679230331192144
286796,30.924100525086676
286797,22.260502910225473
286798,37.93446618443714
286799,-3.234117397548859
286800,139.62604833239382
286801,1087.9337686436343
286802,896.322540680854
286803,569.3169842386976
286804,473.6290687821079
286805,278.6377968487434
286806,2237.7359706590796
286807,1806.3387632089627
286808,1174.441912845644
286809,991.4326185769198
286810,367.18188020018
286811,2619.123479270653
286812,2143.0809560365374
286813,1382.995085300117
286814,1172.4739699975448
286815,132.01438490334553
286816,879.5756170837337
286817,721.877086495764
286818,473.9634929926754
286819,392.52802551337726
286820,244.55413140937233
286821,1766.981716957586
286822,1479.0875257353641
286823,927.2613855675695
286824,789.7962114668239
286825,288.1748349959042
286826,2089.4093925570196
286827,1764.7928403416254
286828,1087.2375719568279
286829,916.4951416131939
286830,702.4810698994131
286831,709.0330094708037
286832,598.490915559438
286833,399.9470724966278
286834,336.6130515138315
286835,376.2033959199658
286836,1487.4475225142403
286837,1227.3891036860903
286838,762.7174316650522
286839,659.2182940504262
286840,293.45982550145345
286841,1741.2694608398529
286842,1439.0862976322514
286843,908.2944143140145
286844,785.2070002247827
286845,111.1622826468616
286846,740.6443294919663
286847,617.4328381583358
286848,408.6555395009083
286849,345.32151851811193
286850,190.06316080220395
286851,1518.9536351154138
286852,1249.8331298436635
286853,774.1564793606138
286854,675.1526421569777
286855,220.05861053857345
286856,1799.2794599917468
286857,1476.980376445858
286858,920.6874648722156
286859,802.0953511939738
286860,76.29674657825176
286861,526.446743432183
286862,440.1666628264649
286863,277.8307423342157
286864,225.3649264951886
286865,135.0506473981148
286866,1054.2020183285035
286867,879.101246641551
286868,544.3922416149433
286869,456.68055970612846
286870,162.20253954001657
286871,1261.7788078923586
286872,1048.8642683439698
286873,680.4611589355462
286874,573.1612005521273
286875,723.4027878231373
286876,17.053861855850236
286877,10.494147388556309
286878,23.804597656644646
286879,4.2624104370173335
286880,-0.8840883017638411
286881,17.871242758305545
286882,19.41386498989345
286883,27.95241757175028
286884,-1.1944235440812032
286885,-0.05292621515810485
286886,41.45299140054536
286887,39.5321564247691
286888,47.76423714556721
286889,11.60661055533371
286890,157.30571319475135
286891,1208.639304350537
286892,998.3626227486345
286893,633.0645280413443
286894,536.4366972404039
286895,330.4074768829489
286896,2458.8717118250097
286897,1961.092510945191
286898,1284.4229146825287
286899,1087.1393184822332
286900,387.40062000724544
286901,2960.2077225067387
286902,2414.8883191442314
286903,1523.591664416542
286904,1293.2906054748435
286905,143.1838257038324
286906,975.678872495766
286907,795.8915977494543
286908,510.3378831740634
286909,427.9625003504133
286910,290.50269278518954
286911,1931.5967755624652
286912,1633.7720028002454
286913,1019.097971617536
286914,877.0708662505433
286915,309.94671805310145
286916,2295.5455484572117
286917,1909.8189492691326
286918,1212.8735489125756
286919,1032.0635455951408
286920,741.4915183190542
286921,570.1633230225711
286922,489.8675947048408
286923,306.0617757514678
286924,246.53759624258143
286925,713.9457129059822
286926,1176.6174253424758
286927,982.815677378354
286928,632.571323516044
286929,523.9603531960806
286930,500.5511899580726
286931,1403.2856466263017
286932,1167.0387423020259
286933,732.7033782975648
286934,621.1163328342728
286935,91.92901039518414
286936,601.0500643948907
286937,499.67410088056704
286938,313.28106373192
286939,253.75688422303378
286940,175.03619562023368
286941,1214.7002314796075
286942,1000.8191218004345
286943,646.3552567627911
286944,539.4367686211748
286945,192.73650914191006
286946,1453.8744607391898
286947,1189.3779022158928
286948,745.6430499315986
286949,635.7484866466536
286950,44.23657035757742
286951,418.96962054584293
286952,350.4776494075299
286953,227.72084568293397
286954,182.01558758723593
286955,102.95984582380623
286956,893.9472088378964
286957,733.4326287366986
286958,457.4624024344294
286959,367.1133622133006
286960,129.61148706488407
286961,1049.809735583429
286962,848.3308863310293
286963,535.0571450786516
286964,441.73202971419266
286965,715.6685303790805
286966,16.44919118962685
286967,8.284949525047047
286968,15.32473995925433
286969,-5.177104769733555
286970,82.3516321738065
286971,20.23844578204456
286972,13.714140372850721
286973,11.072423298013417
286974,-9.184978521220408
286975,18.224694834776393
286976,36.753722104950185
286977,32.03937716812377
286978,27.53311290750845
286979,9.73872857484231
286980,119.93235244613344
286981,1006.5353164387685
286982,812.6829898307897
286983,524.330449772505
286984,429.63026234991753
286985,259.50306790803324
286986,1971.3499404448546
286987,1612.0515356001895
286988,1068.8018785971433
286989,882.4753050311714
286990,325.8742664771382
286991,2358.686601019958
286992,1913.352922974288
286993,1234.4689951957005
286994,1021.9096956877656
286995,110.15091682627315
286996,793.345039768937
286997,633.3881114436814
286998,431.61834719403663
286999,355.67622673910665
287000,224.34680365486764
287001,1584.9785117621109
287002,1307.5498822712152
287003,848.9903886449064
287004,720.2217498309526
287005,253.14035908533552
287006,1870.780506147408
287007,1561.0762218246473
287008,975.4805813778228
287009,820.4792166219048
287010,741.4915183190542
287011,570.1633230225711
287012,489.8675947048408
287013,306.0617757514678
287014,246.53759624258143
287015,713.9457129059822
287016,1176.6174253424758
287017,982.815677378354
287018,632.571323516044
287019,523.9603531960806
287020,508.4722123564657
287021,1403.2856466263017
287022,1167.0387423020259
287023,732.7033782975648
287024,621.1163328342728
287025,91.92901039518414
287026,601.0500643948907
287027,499.67410088056704
287028,313.28106373192
287029,253.75688422303378
287030,175.03619562023368
287031,1214.7002314796075
287032,1000.8191218004345
287033,646.3552567627911
287034,539.4367686211748
287035,192.73650914191006
287036,1453.8744607391898
287037,1189.3779022158928
287038,745.6430499315986
287039,635.7484866466536
287040,44.23657035757742
287041,418.96962054584293
287042,350.4776494075299
287043,227.72084568293397
287044,182.01558758723593
287045,102.95984582380623
287046,893.9472088378964
287047,733.4326287366986
287048,457.4624024344294
287049,367.1133622133006
287050,129.61148706488407
287051,1049.809735583429
287052,848.3308863310293
287053,535.0571450786516
287054,441.73202971419266
287055,715.6685303790805
287056,16.44919118962685
287057,8.284949525047047
287058,15.32473995925433
287059,-5.177104769733555
287060,82.3516321738065
287061,20.23844578204456
287062,13.714140372850721
287063,11.072423298013417
287064,-9.184978521220408
287065,18.224694834776393
287066,36.753722104950185
287067,32.03937716812377
287068,27.53311290750845
287069,9.73872857484231
287070,119.93235244613344
287071,1006.5353164387685
287072,812.6829898307897
287073,524.330449772505
287074,429.63026234991753
287075,259.50306790803324
287076,1971.3499404448546
287077,1612.0515356001895
287078,1068.8018785971433
287079,882.4753050311714
287080,325.8742664771382
287081,2358.686601019958
287082,1913.352922974288
287083,1234.4689951957005
287084,1021.9096956877656
287085,110.15091682627315
287086,793.345039768937
287087,633.3881114436814
287088,431.61834719403663
287089,355.67622673910665
287090,224.34680365486764
287091,1584.9785117621109
287092,1307.5498822712152
287093,848.9903886449064
287094,720.2217498309526
287095,253.14035908533552
287096,1870.780506147408
287097,1561.0762218246473
287098,975.4805813778228
287099,820.4792166219048
287100,740.9705338022003
287101,569.0385154373363
287102,491.01230266213116
287103,307.0731675199837
287104,240.9572369845663
287105,712.8209053207472
287106,1175.4926177572402
287107,986.1559197328456
287108,635.6475076047186
287109,518.3799939380657
287110,495.12652976834926
287111,1402.160839041066
287112,1170.3789846565169
287113,735.7795623862396
287114,615.5359735762579
287115,90.80420280994879
287116,599.9252568096557
287117,500.81880883785726
287118,314.29245550043595
287119,248.17652496501864
287120,173.9113880349983
287121,1213.5754238943719
287122,1004.159364154926
287123,649.4314408514659
287124,533.8564093631599
287125,191.61170155667472
287126,1452.7496531539541
287127,1192.7181445703839
287128,748.7192340202735
287129,630.1681273886387
287130,43.11176277234212
287131,417.8448129606077
287132,351.62235736481995
287133,228.73223745144975
287134,176.4352283292208
287135,101.83503823857089
287136,892.8224012526614
287137,736.7728710911902
287138,460.53858652310396
287139,361.53300295528555
287140,128.48667947964876
287141,1048.6849279981934
287142,851.6711286855209
287143,538.1333291673263
287144,436.1516704561776
287145,717.6102317154607
287146,15.673561564392987
287147,6.492826345883229
287148,16.685309687771582
287149,-7.317419159785172
287150,100.12059798876456
287151,19.462816156810703
287152,11.922017193686907
287153,14.497785346689323
287154,-11.32529291127202
287155,20.166396171156347
287156,35.97809247971632
287157,30.24725398895994
287158,30.95847495618436
287159,7.598414184790696
287160,118.64802504382001
287161,1005.2509890364554
287162,815.8205128262026
287163,525.1823217239428
287164,420.9435110629739
287165,258.21874050571995
287166,1970.065613042541
287167,1615.1890585956019
287168,1071.7185428687394
287169,873.7885537442278
287170,324.5899390748249
287171,2357.402273617645
287172,1916.4904459697004
287173,1237.3856594672966
287174,1013.2229444008216
287175,108.86658942395971
287176,792.0607123666239
287177,633.8429359963001
287178,432.47021914547446
287179,346.98947545216305
287180,223.0624762525542
287181,1583.6941843597972
287182,1308.0047068238334
287183,851.907052916503
287184,711.534998544009
287185,251.85603168302214
287186,1869.4961787450943
287187,1561.5310463772655
287188,978.3972456494193
287189,811.7924653349612
287190,740.9705338022003
287191,569.0385154373363
287192,491.01230266213116
287193,307.0731675199837
287194,240.9572369845663
287195,691.1360627829944
287196,1175.0075921090045
287197,985.6708940846099
287198,635.6475076047186
287199,518.3799939380657
287200,495.12652976834926
287201,1402.160839041066
287202,1170.3789846565169
287203,735.7795623862396
287204,615.5359735762579
287205,90.80420280994879
287206,599.9252568096557
287207,500.81880883785726
287208,314.29245550043595
287209,248.17652496501864
287210,173.9113880349983
287211,1213.5754238943719
287212,1004.159364154926
287213,649.4314408514659
287214,533.8564093631599
287215,191.61170155667472
287216,1452.7496531539541
287217,1192.7181445703839
287218,748.7192340202735
287219,630.1681273886387
287220,43.11176277234212
287221,417.8448129606077
287222,351.62235736481995
287223,228.73223745144975
287224,176.4352283292208
287225,101.83503823857089
287226,892.8224012526614
287227,736.7728710911902
287228,460.53858652310396
287229,361.53300295528555
287230,128.48667947964876
287231,1048.6849279981934
287232,851.6711286855209
287233,538.1333291673263
287234,436.1516704561776
287235,717.6102317154607
287236,15.673561564392987
287237,6.492826345883229
287238,16.685309687771582
287239,-7.317419159785172
287240,91.1260105487339
287241,19.462816156810703
287242,11.922017193686907
287243,14.497785346689323
287244,-11.32529291127202
287245,20.166396171156347
287246,35.97809247971632
287247,30.24725398895994
287248,30.95847495618436
287249,7.598414184790696
287250,118.64802504382001
287251,1005.2509890364554
287252,815.8205128262026
287253,525.1823217239428
287254,420.9435110629739
287255,258.21874050571995
287256,1970.065613042541
287257,1615.1890585956019
287258,1071.7185428687394
287259,873.7885537442278
287260,324.5899390748249
287261,2357.402273617645
287262,1916.4904459697004
287263,1237.3856594672966
287264,1013.2229444008216
287265,108.86658942395971
287266,792.0607123666239
287267,633.8429359963001
287268,432.47021914547446
287269,346.98947545216305
287270,223.0624762525542
287271,1583.6941843597972
287272,1308.0047068238334
287273,851.907052916503
287274,711.534998544009
287275,251.85603168302214
287276,1869.4961787450943
287277,1561.5310463772655
287278,978.3972456494193
287279,811.7924653349612
287280,728.1261233265053
287281,601.873748431203
287282,515.5156948061484
287283,328.75546764767927
287284,255.83164468717766
287285,595.9769593399609
287286,1223.6504837366042
287287,1013.462779680635
287288,664.426567490885
287289,558.2107650216916
287290,404.67619220453133
287291,1455.1613641601734
287292,1199.8680429726196
287293,778.638820641839
287294,650.2997967258502
287295,82.52834631555122
287296,631.2284747868255
287297,528.9839426552626
287298,335.3562438476326
287299,262.43242088713095
287300,173.13532650281127
287301,1261.3048122857736
287302,1036.2315032048382
287303,678.2105007376322
287304,573.6871804467858
287305,200.74658198710003
287306,1514.6377733739932
287307,1236.288554677503
287308,791.5784922758728
287309,664.931950538231
287310,46.07632285203492
287311,438.1090158138771
287312,363.92410675829234
287313,242.98440934756636
287314,183.87950780025298
287315,106.8825273215968
287316,923.1124403572887
287317,760.7670212056316
287318,486.1754088297595
287319,395.89496010315474
287320,139.0866052073445
287321,1092.507001133222
287322,886.5368520589316
287323,574.7810564529537
287324,462.37738627955247
287325,709.0107865165916
287326,9.966303995366424
287327,0.0062132979556347835
287328,12.657253637079068
287329,-9.911761371364895
287330,60.69137153921098
287331,10.856059937134214
287332,9.146913955753599
287333,22.401558557638126
287334,-6.528283258877025
287335,5.6314353545010345
287336,31.28341926751258
287337,20.02812369288186
287338,37.425143082811516
287339,1.5319073189072556
287340,126.64351768253788
287341,1040.3809962425187
287342,837.2723135512301
287343,547.6267802121719
287344,442.6019443547021
287345,271.1630523599291
287346,2115.406360385624
287347,1726.5040077535243
287348,1113.0112186631854
287349,925.8613859505294
287350,334.33877663022514
287351,2485.353437285153
287352,2035.2777711357983
287353,1283.2691321649484
287354,1068.607478418444
287355,119.05535788648035
287356,835.1572043579654
287357,666.7717806998231
287358,456.5430885027769
287359,365.7707006225988
287360,235.16170244606352
287361,1683.1718466118086
287362,1369.9448822226677
287363,898.2977055922127
287364,756.6919930475344
287365,273.9341894717226
287366,1974.333266565475
287367,1641.427452982385
287368,1040.498775549029
287369,865.6158067614625
287370,734.5167079160484
287371,629.9347459162426
287372,524.1707759460185
287373,349.5725845108895
287374,268.5478182592253
287375,533.9078998369629
287376,1310.9232806839013
287377,1087.6192433462322
287378,709.3000139227244
287379,587.7220938852624
287380,316.74059809250133
287381,1561.1444604848389
287382,1295.5137188089293
287383,824.4492612644011
287384,686.1872124100402
287385,87.37359576023027
287386,662.6886838611642
287387,541.6737506411602
287388,358.35059728232363
287389,277.3258310306595
287390,179.6762447351462
287391,1351.827792766472
287392,1112.5117965387856
287393,723.3502865632752
287394,603.4648487041602
287395,208.79750557189823
287396,1627.8076065735593
287397,1335.8563246575159
287398,839.4535367675915
287399,702.8839700915775
287400,54.86954714355799
287401,460.36210799459354
287402,378.5069874400683
287403,257.2735526918576
287404,190.06770785338156
287405,121.97982968605632
287406,968.8338217125222
287407,800.3590139902591
287408,511.3972291986577
287409,405.7546629037842
287410,151.36317386844155
287411,1135.113814790226
287412,923.6549010725277
287413,600.5118953242167
287414,478.1852002124431
287415,691.3242064399412
287416,15.484353091147605
287417,-2.7813356628579022
287418,22.203825815424562
287419,-11.84427962638344
287420,74.26387354148997
287421,10.547273203196703
287422,2.7087386512100498
287423,31.652084549471606
287424,-16.01802197751391
287425,2.493210607617531
287426,30.433187867778464
287427,14.719694406644232
287428,45.72620799964518
287429,-8.90729247472941
287430,140.1011749907717
287431,1091.3325087613955
287432,892.6713849523431
287433,576.107397753318
287434,461.1775761322121
287435,277.9125909980178
287436,2237.0107648083545
287437,1798.5636615119631
287438,1181.9993614674338
287439,977.6833687140354
287440,365.5103904890664
287441,2617.45198955954
287442,2134.359570479151
287443,1389.6062500615187
287444,1157.778436274272
287445,132.48951156172342
287446,878.8844165629862
287447,714.1359901287435
287448,479.49015462428537
287449,378.81278098047113
287450,243.8289255586465
287451,1766.2565111068595
287452,1471.3124240383645
287453,934.8188341893604
287454,776.04696160394
287455,286.5033452847906
287456,2087.7379028459063
287457,1756.0714547842379
287458,1093.8487367182297
287459,901.799607889922
287460,702.0807870026188
287461,708.185695539955
287462,590.5937057823163
287463,405.3176207181366
287464,327.49260825514824
287465,369.0622712923199
287466,1486.6154970867883
287467,1219.5071824123652
287468,770.1680607101176
287469,650.1131392951409
287470,287.7896506755364
287471,1740.163030828739
287472,1430.9299717748645
287473,915.4706387754179
287474,775.8274408858355
287475,110.58130810981612
287476,740.0633549549212
287477,609.8019677750177
287478,414.2924271162206
287479,336.4674146532322
287480,189.4974747685562
287481,1518.3879490817653
287482,1242.217547963742
287483,781.8734477994828
287484,666.313826795496
287485,219.21851992126375
287486,1798.4393693744364
287487,1469.0903899822745
287488,928.1300287274227
287489,792.9821312488301
287490,75.71577204120624
287491,525.8657688951379
287492,432.5357924431466
287493,283.46762994952803
287494,216.51082263030875
287495,134.48496136446707
287496,1053.636332294855
287497,871.4856647616307
287498,552.1092100538123
287499,447.8417443446465
287500,161.36244892270688
287501,1260.9387172750482
287502,1040.9742818803863
287503,687.9037227907532
287504,564.0479806069836
287505,718.7387403122185
287506,17.629024892277073
287507,4.019414578710114
287508,29.29920700924215
287509,-1.6431047826151248
287510,7.482723676887828
287511,17.654734684659292
287512,12.147461069974169
287513,36.01856397062032
287514,-6.593194037599807
287515,2.1734920891475067
287516,40.962078743237136
287517,31.99134792118781
287518,55.55597896077525
287519,5.933435478153145
287520,157.78083985312924
287521,1212.0380444682983
287522,994.7114670201233
287523,639.8549415559646
287524,523.9852045905081
287525,329.6822710322233
287526,2458.1465059742845
287527,1953.3174092481916
287528,1291.9803633043184
287529,1073.3900686193483
287530,385.72913029613187
287531,2958.5362327956254
287532,2406.166933586845
287533,1530.2028291779438
287534,1278.5950717515707
287535,143.6589523622103
287536,974.9876719750184
287537,788.1505013824337
287538,515.8645448056734
287539,414.24725581750715
287540,289.7774869344639
287541,1930.8715697117386
287542,1625.9969011032458
287543,1026.6554202393268
287544,863.3216163876593
287545,308.2752283419879
287546,2293.8740587460984
287547,1901.0975637117451
287548,1219.4847136739775
287549,1017.3680118718687
287550,739.1408662573112
287551,598.1007408359853
287552,497.3975219685071
287553,311.19954137873935
287554,243.95179314676952
287555,673.0549908795351
287556,1204.917558743465
287557,996.4292855834606
287558,637.1883436255932
287559,524.3673511763521
287560,349.95777922271526
287561,1433.0461252384043
287562,1179.062357487883
287563,737.839176010333
287564,622.0421084177632
287565,121.33609857938565
287566,613.2885669901165
287567,502.4934394064925
287568,318.67626715747133
287569,251.4285189255014
287570,196.96855729754827
287571,1228.243017270303
287572,1007.6133706453314
287573,651.2297146706202
287574,540.101204399726
287575,215.18764842244354
287576,1467.9360241331037
287577,1196.6909286640089
287578,751.0362854426467
287579,636.9317000284237
287580,62.93431587851529
287581,431.2081231410689
287582,353.29698793345494
287583,233.11604910848524
287584,179.6872222897035
287585,122.9618745402133
287586,907.4899946285914
287587,740.2268775815959
287588,462.33686034225855
287589,367.7777979918518
287590,150.13229338450998
287591,1063.871298977343
287592,855.6439127791455
287593,540.4503805896995
287594,442.9152430959627
287595,725.2631801976487
287596,28.026035622127782
287597,11.15999843331225
287598,20.430619122629256
287599,-2.7031441935781007
287600,130.99064112064826
287601,31.815290214545502
287602,13.162751619187143
287603,16.178302461388334
287604,-6.711017945064954
287605,7.169931464072832
287606,48.383315167923236
287607,31.540737044932317
287608,32.691740701355485
287609,12.26543778146989
287610,145.70228303827872
287611,1020.7290128884002
287612,809.8084115544565
287613,524.4019763716569
287614,426.5222752210684
287615,293.797528393259
287616,1998.5980242505905
287617,1612.3221074110295
287618,1068.873405196295
287619,879.3673179023224
287620,360.12129830463283
287621,2383.397575632251
287622,1913.6762434156
287623,1234.5932704253241
287624,1018.8544571893884
287625,134.73901739705568
287626,802.6016874717121
287627,629.3317031459856
287628,434.7641836926639
287629,350.12910038428964
287630,249.68246890202738
287631,1594.235159464886
287632,1306.6386240606926
287633,852.1362251435335
287634,714.6746234761357
287635,282.42071109056485
287636,1886.2816187536216
287637,1560.2177122445967
287638,978.679166506922
287639,814.98483889756
287640,739.5715755831893
287641,598.5314501618634
287642,497.8282312943852
287643,311.6302507046175
287644,244.38250247264767
287645,672.181417009944
287646,1204.0439848738738
287647,995.5557117138694
287648,636.3147697560021
287649,523.493777306761
287650,350.3884885485934
287651,1433.4768345642826
287652,1179.4930668137613
287653,738.269885336211
287654,622.4728177436413
287655,121.76680790526378
287656,613.7192763159945
287657,502.9241487323706
287658,319.10697648334946
287659,251.85922825137956
287660,196.09498342795717
287661,1227.3694434007118
287662,1006.7397967757403
287663,650.356140801029
287664,539.2276305301349
287665,215.6183577483217
287666,1468.366733458982
287667,1197.1216379898872
287668,751.4669947685247
287669,637.3624093543018
287670,63.36502520439342
287671,431.638832466947
287672,353.72769725933307
287673,233.5467584343634
287674,180.11793161558165
287675,122.08830067062219
287676,906.6164207590002
287677,739.3533037120047
287678,461.46328647266745
287679,366.9042241222607
287680,150.56300271038813
287681,1064.3020083032213
287682,856.0746221050235
287683,540.8810899155776
287684,443.3459524218408
287685,724.5021158713926
287686,27.26497129587173
287687,10.398934107056203
287688,19.669554796373205
287689,-3.4642085198341506
287690,130.22957679439222
287691,31.05422588828945
287692,12.401687292931095
287693,15.417238135132289
287694,-7.472082271321003
287695,6.408867137816783
287696,47.62225084166719
287697,30.779672718676267
287698,31.930676375099427
287699,11.504373455213841
287700,144.94121871202267
287701,1019.9679485621441
287702,809.0473472282004
287703,523.6409120454008
287704,425.7612108948124
287705,293.03646406700295
287706,1997.8369599243345
287707,1611.5610430847735
287708,1068.112340870039
287709,878.6062535760663
287710,359.3602339783768
287711,2382.636511305995
287712,1912.915179089344
287713,1233.8322060990681
287714,1018.0933928631323
287715,133.97795307079963
287716,801.840623145456
287717,628.5706388197294
287718,434.0031193664079
287719,349.3680360580336
287720,248.92140457577133
287721,1593.47409513863
287722,1305.8775597344365
287723,851.3751608172773
287724,713.9135591498796
287725,281.65964676430883
287726,1885.5205544273656
287727,1559.4566479183406
287728,977.9181021806659
287729,814.2237745713039
287730,738.1894666926205
287731,597.1493412712946
287732,498.71563794634153
287733,310.1044932597797
287734,242.85674502780992
287735,670.7993081193752
287736,1202.6618759833048
287737,998.6386527630272
287738,634.7890123111644
287739,521.9680198619233
287740,349.00637965802446
287741,1432.0947256737136
287742,1182.576007862919
287743,736.7441278913733
287744,620.9470602988035
287745,120.38469901469483
287746,612.3371674254257
287747,503.81155538432705
287748,317.5812190385117
287749,250.3334708065418
287750,194.7128745373883
287751,1225.9873345101428
287752,1009.8227378248978
287753,648.8303833561913
287754,537.7018730852972
287755,214.2362488577528
287756,1466.984624568413
287757,1200.2045790390448
287758,749.941237323687
287759,635.8366519094641
287760,61.982916313824504
287761,430.2567235763781
287762,354.6151039112894
287763,232.02100098952565
287764,178.5921741707439
287765,120.70619178005326
287766,905.2343118684314
287767,742.4362447611625
287768,459.93752902782967
287769,365.3784666774229
287770,149.18089381981923
287771,1062.9198994126523
287772,859.1575631541813
287773,539.3553324707399
287774,441.82019497700304
287775,723.1200069808237
287776,25.882862405302813
287777,8.00033166255733
287778,18.143797351535426
287779,-4.989965964671918
287780,99.10304995923984
287781,29.672116997720533
287782,10.003084848432218
287783,13.891480690294525
287784,-8.99783971615877
287785,-3.073356263477287
287786,46.240141951098266
287787,28.381070274177386
287788,30.404918930261655
287789,9.97861601037607
287790,143.55910982145377
287791,1018.5858396715753
287792,812.0870887353576
287793,522.1151546005631
287794,424.2354534499746
287795,291.654355176434
287796,1996.4548510337654
287797,1614.6007845919305
287798,1066.586583425201
287799,877.0804961312285
287800,357.9781250878079
287801,2381.2544024154263
287802,1915.954920596501
287803,1232.3064486542303
287804,1016.5676354182945
287805,132.59584418023073
287806,800.4585142548872
287807,628.9276818840924
287808,432.4773619215701
287809,347.84227861319584
287810,247.53929568520243
287811,1592.091986248061
287812,1306.2346027987994
287813,849.8494033724396
287814,712.3878017050419
287815,280.2775378737399
287816,1884.1384455367966
287817,1559.8136909827035
287818,976.3923447358281
287819,812.6980171264662
287820,738.1894666926205
287821,597.1493412712946
287822,498.71563794634153
287823,310.1044932597797
287824,242.85674502780992
287825,667.210368807802
287826,1202.6618759833048
287827,998.6386527630272
287828,634.7890123111644
287829,521.9680198619233
287830,349.00637965802446
287831,1432.0947256737136
287832,1182.576007862919
287833,736.7441278913733
287834,620.9470602988035
287835,120.38469901469483
287836,612.3371674254257
287837,503.81155538432705
287838,317.5812190385117
287839,250.3334708065418
287840,194.7128745373883
287841,1225.9873345101428
287842,1009.8227378248978
287843,648.8303833561913
287844,537.7018730852972
287845,214.2362488577528
287846,1466.984624568413
287847,1200.2045790390448
287848,749.941237323687
287849,635.8366519094641
287850,61.982916313824504
287851,430.2567235763781
287852,354.6151039112894
287853,232.02100098952565
287854,178.5921741707439
287855,120.70619178005326
287856,905.2343118684314
287857,742.4362447611625
287858,459.93752902782967
287859,365.3784666774229
287860,149.18089381981923
287861,1062.9198994126523
287862,859.1575631541813
287863,539.3553324707399
287864,441.82019497700304
287865,723.1200069808237
287866,25.882862405302813
287867,8.00033166255733
287868,18.143797351535426
287869,-4.989965964671918
287870,75.09778426776931
287871,29.672116997720533
287872,10.003084848432218
287873,13.891480690294525
287874,-8.99783971615877
287875,-3.073356263477287
287876,46.240141951098266
287877,28.381070274177386
287878,30.404918930261655
287879,9.97861601037607
287880,143.55910982145377
287881,1018.5858396715753
287882,812.0870887353576
287883,522.1151546005631
287884,424.2354534499746
287885,291.654355176434
287886,1996.4548510337654
287887,1614.6007845919305
287888,1066.586583425201
287889,877.0804961312285
287890,357.9781250878079
287891,2381.2544024154263
287892,1915.954920596501
287893,1232.3064486542303
287894,1016.5676354182945
287895,132.59584418023073
287896,800.4585142548872
287897,628.9276818840924
287898,432.4773619215701
287899,347.84227861319584
287900,247.53929568520243
287901,1592.091986248061
287902,1306.2346027987994
287903,849.8494033724396
287904,712.3878017050419
287905,280.2775378737399
287906,1884.1384455367966
287907,1559.8136909827035
287908,976.3923447358281
287909,812.6980171264662
287910,738.0010705501412
287911,623.8408085602435
287912,524.8352705122454
287913,333.4030338093625
287914,259.3473931523082
287915,564.4552649092499
287916,1245.1610019059867
287917,1028.0467787809407
287918,665.1843126192178
287919,563.4150313674363
287920,295.7017110366397
287921,1478.9514850879032
287922,1213.681306600909
287923,781.2196265688599
287924,657.327123870283
287925,111.8659682204741
287926,645.2566258244826
287927,533.5929296236187
287928,340.26124780759557
287929,266.2056071505412
287930,188.0134215009955
287931,1275.3329633234318
287932,1043.5111172966986
287933,679.2256836642448
287934,579.1488845908102
287935,218.60483737856754
287936,1532.6655823520628
287937,1247.5678267097746
287938,794.4167360011735
287939,672.2167154809435
287940,64.70460209369409
287941,452.1371668515347
287942,368.53309372664904
287943,247.88941330752942
287944,187.6526940636633
287945,124.35370696866077
287946,937.1405913949459
287947,768.0466352974911
287948,487.19059175637244
287949,401.35666424717937
287950,159.53794524769182
287951,1108.3582129695683
287952,895.6395269494791
287953,577.6193001782544
287954,469.66215122226515
287955,711.6857513632615
287956,21.791845258163484
287957,3.129959036516973
287958,15.731981722730167
287959,-5.9680677543644105
287960,53.932170059156974
287961,22.681601199931265
287962,8.844222032386156
287963,23.411494323130565
287964,-2.584589641876545
287965,-10.550096404400634
287966,43.161709160781825
287967,19.778180399986528
287968,38.487827478776076
287969,5.528349566379857
287970,152.95644710627286
287971,1056.976806245451
287972,836.7998488281966
287973,547.8205724566036
287974,449.15484610951427
287975,304.843412082149
287976,2145.05655774466
287977,1729.1766931176649
287978,1111.140218587459
287979,932.4142877053415
287980,375.4177822781532
287981,2518.7555004395895
287982,2038.003205130408
287983,1281.450880719694
287984,1075.2131288037283
287985,143.95654632581773
287986,846.5860546510054
287987,664.8875749923922
287988,459.58127968364926
287989,369.6545521884083
287990,259.6533559671826
287991,1694.6006969048494
287992,1371.2058266024108
287993,899.271104452926
287994,760.575844613344
287995,305.3394773143395
287996,1993.818429730787
287997,1642.7411459926
287998,1041.5249230402148
287999,869.5524069577442
288000,731.5074171262789
288001,656.3948585280646
288002,541.4261320091334
288003,353.14834302622216
288004,274.7324807003573
288005,419.1089333213826
288006,1333.3043948606314
288007,1110.1237343001585
288008,708.9706629013089
288009,595.5799857036109
288010,276.06849038532175
288011,1589.6867499756147
288012,1317.5218788745012
288013,826.2173756253356
288014,696.1425696107386
288015,120.19336817359805
288016,680.9435479877993
288017,553.9521785727306
288018,361.9174542021325
288019,283.5015918762677
288020,193.97622930927454
288021,1366.4602004176743
288022,1127.445563090463
288023,723.0120339463358
288024,611.3138389269848
288025,225.3145139636783
288026,1650.3212447208714
288027,1355.0641537332665
288028,841.2127495330021
288029,712.8304256967521
288030,76.97997689366211
288031,478.616972121229
288032,390.7854153716394
288033,260.8404096116666
288034,196.24346869898986
288035,138.87289890906445
288036,983.466229363723
288037,815.2927805419351
288038,511.0589765817186
288039,413.603653126609
288040,174.16741153814587
288041,1155.4508557958147
288042,940.6861330065537
288043,602.2711080896273
288044,488.131655817618
288045,695.6281016028745
288046,30.729647829451768
288047,7.204891425446987
288048,18.941932924425714
288049,-5.006555204468842
288050,67.07569863985896
288051,22.977071079537378
288052,10.060199187659256
288053,25.818654612200262
288054,-9.68704228171317
288055,7.979795997886193
288056,46.79730693028987
288057,22.39830815722751
288058,40.219931276507936
288059,-2.249159564794601
288060,156.64715470730226
288061,1108.0157973814207
288062,895.7291267206385
288063,575.9041874767037
288064,466.9750619721871
288065,300.4353020061538
288066,2267.2652187809335
288067,1808.8904993359208
288068,1181.02911608365
288069,984.7786117669987
288070,398.9690627992817
288071,2656.011761159944
288072,2145.6854407939672
288073,1389.6350371685949
288074,1165.8727118180957
288075,147.62375029385657
288076,894.4906861116284
288077,719.8719315511512
288078,483.395095167122
288079,383.20496851445364
288080,257.1629303656818
288081,1778.2896180134444
288082,1480.2275208779247
288083,936.6929877420159
288084,780.4731544679004
288085,310.2882997896947
288086,2112.380774457186
288087,1765.985584114658
288088,1096.7219227617463
288089,907.2248332447425
288090,701.2967085929879
288091,735.0999298918588
288092,608.303183585513
288093,409.34750097355106
288094,334.13139243636203
288095,322.84921643755786
288096,1509.4507330036001
288097,1242.4657951063732
288098,770.2928314287839
288099,658.425152853571
288100,293.8266671145953
288101,1769.1594420595966
288102,1453.3922535805182
288103,917.6928748764342
288104,786.2369198266157
288105,144.65043323579945
288106,758.7723408216381
288107,622.53451744667
288108,418.31340577611127
288109,343.0972972389222
288110,206.20391164989522
288111,1533.4744784730494
288112,1257.6054362555012
288113,781.9893169226252
288114,674.6169387584023
288115,236.98488102565932
288116,1821.4071292618303
288117,1488.7523407981068
288118,930.3433632329151
288119,803.3827085940865
288120,99.07555450392586
288121,544.5747547618547
288122,445.26834211479945
288123,287.4886086094187
288124,223.14070521599885
288125,153.78448289468588
288126,1068.7228616861391
288127,886.8735530533885
288128,552.2250791769546
288129,456.1448563075531
288130,185.4160393050267
288131,1281.7298800207188
288132,1058.4596355544954
288133,690.1170572962457
288134,574.44855795224
288135,724.2919881877673
288136,33.32844137066302
288137,14.45976340709677
288138,26.491435858325094
288139,5.648741379381233
288140,25.53750602189715
288141,30.538654301081728
288142,19.95304334650514
288143,30.639255773430715
288144,0.19190739828270037
288145,8.90943019203166
288146,57.78031954583025
288147,40.1240834118529
288148,50.503823977719755
288149,13.045690128169726
288150,175.57617228227528
288151,1229.1754548284052
288152,998.223330528501
288153,640.1058530194321
288154,530.2368121705647
288155,354.61143434757014
288156,2488.8550816869456
288157,1964.0983688122312
288158,1291.4642396606164
288159,1080.9394334123938
288160,420.43715531896277
288161,2997.5501261361114
288162,2417.9469256417433
288163,1530.6857380251017
288164,1287.143469035476
288165,160.04254380695895
288166,991.0480632637424
288167,794.3405645449232
288168,520.2236070885924
288169,419.09356509157146
288170,305.51794404871004
288171,1943.3587983584052
288172,1635.3661196828878
288173,1028.983695532064
288174,868.2019309917015
288175,333.3095355595076
288176,2318.97105209746
288177,1911.465814782247
288178,1222.8120214575758
288179,1023.24735896677
288180,739.1306809101882
288181,599.1544392380389
288182,498.4512203705607
288183,312.253239780793
288184,245.0054915488231
288185,671.7405223369428
288186,1204.6669739500492
288187,996.1787007900449
288188,636.9377588321777
288189,524.1167663829365
288190,349.94759387559225
288191,1434.099823640458
288192,1180.1160558899367
288193,738.8928744123866
288194,623.0958068198167
288195,121.32591323226248
288196,614.34226539217
288197,503.5471378085461
288198,319.729965559525
288199,252.482217327555
288200,195.65408875495598
288201,1227.9924324768872
288202,1007.3627858519158
288203,650.9791298772046
288204,539.8506196063104
288205,215.17746307532047
288206,1468.9897225351574
288207,1197.7446270660625
288208,752.0899838447001
288209,637.9853984304773
288210,62.924130531392215
288211,432.26182154312255
288212,354.3506863355086
288213,234.16974751053883
288214,180.74092069175708
288215,121.64740599762096
288216,907.2394098351757
288217,739.9762927881802
288218,462.086275548843
288219,367.52721319843624
288220,150.1221080373869
288221,1064.9249973793967
288222,856.697611181199
288223,541.5040789917531
288224,443.96894149801636
288225,724.0612211983914
288226,27.887960372047186
288227,11.021923183231664
288228,20.292543872548663
288229,-2.8412194436586935
288230,77.01013313491512
288231,31.677214964464913
288232,13.024676369106556
288233,16.04022721130775
288234,-6.849093195145543
288235,-2.1321420459095863
288236,48.24523991784265
288237,31.402661794851728
288238,32.553665451274895
288239,12.127362531389299
288240,146.1450429849457
288241,1022.2356565842439
288242,811.3150552503001
288243,525.9086200675006
288244,428.0289189169122
288245,294.24028833992605
288246,2000.1046679464343
288247,1613.8287511068734
288248,1070.3800488921388
288249,880.873961598166
288250,360.5640582512999
288251,2384.9042193280943
288252,1915.182887111444
288253,1236.099914121168
288254,1020.3611008852316
288255,134.95186638068787
288256,803.878420204521
288257,630.6084358787945
288258,436.04091642547286
288259,351.4058331170986
288260,249.89531788565958
288261,1595.511892197695
288262,1307.9153567935016
288263,853.4129578763424
288264,715.9513562089446
288265,282.63356007419713
288266,1887.5583514864306
288267,1561.4944449774057
288268,979.9558992397309
288269,816.261571630369
288270,739.1306809101882
288271,599.1544392380389
288272,498.4512203705607
288273,312.253239780793
288274,245.0054915488231
288275,671.7405223369428
288276,1204.6669739500492
288277,996.1787007900449
288278,636.9377588321777
288279,524.1167663829365
288280,349.94759387559225
288281,1434.099823640458
288282,1180.1160558899367
288283,738.8928744123866
288284,623.0958068198167
288285,121.32591323226248
288286,614.34226539217
288287,503.5471378085461
288288,319.729965559525
288289,252.482217327555
288290,195.65408875495598
288291,1227.9924324768872
288292,1007.3627858519158
288293,650.9791298772046
288294,539.8506196063104
288295,215.17746307532047
288296,1468.9897225351574
288297,1197.7446270660625
288298,752.0899838447001
288299,637.9853984304773
288300,62.924130531392215
288301,432.26182154312255
288302,354.3506863355086
288303,234.16974751053883
288304,180.74092069175708
288305,121.64740599762096
288306,907.2394098351757
288307,739.9762927881802
288308,462.086275548843
288309,367.52721319843624
288310,150.1221080373869
288311,1064.9249973793967
288312,856.697611181199
288313,541.5040789917531
288314,443.96894149801636
288315,724.0612211983914
288316,27.887960372047186
288317,11.021923183231664
288318,20.292543872548663
288319,-2.8412194436586935
288320,77.01013313491512
288321,31.677214964464913
288322,13.024676369106556
288323,16.04022721130775
288324,-6.849093195145543
288325,-2.1321420459095863
288326,48.24523991784265
288327,31.402661794851728
288328,32.553665451274895
288329,12.127362531389299
288330,146.1450429849457
288331,1022.2356565842439
288332,811.3150552503001
288333,525.9086200675006
288334,428.0289189169122
288335,294.24028833992605
288336,2000.1046679464343
288337,1613.8287511068734
288338,1070.3800488921388
288339,880.873961598166
288340,360.5640582512999
288341,2384.9042193280943
288342,1915.182887111444
288343,1236.099914121168
288344,1020.3611008852316
288345,134.95186638068787
288346,803.878420204521
288347,630.6084358787945
288348,436.04091642547286
288349,351.4058331170986
288350,249.89531788565958
288351,1595.511892197695
288352,1307.9153567935016
288353,853.4129578763424
288354,715.9513562089446
288355,282.63356007419713
288356,1887.5583514864306
288357,1561.4944449774057
288358,979.9558992397309
288359,816.261571630369
288360,737.918290843819
288361,597.9420491716697
288362,499.5083458467168
288363,310.8972011601549
288364,246.1477847710503
288365,670.5281322705737
288366,1203.45458388368
288367,999.4313606634022
288368,635.5817202115396
288369,525.2590596051637
288370,348.735203809223
288371,1432.8874335740888
288372,1183.3687157632942
288373,737.5368357917486
288374,624.2381000420439
288375,120.11352316589331
288376,613.1298753258009
288377,504.6042632847022
288378,318.3739269388869
288379,253.6245105497822
288380,194.44169868858677
288381,1226.780042410518
288382,1010.6154457252732
288383,649.6230912565666
288384,540.9929128285376
288385,213.96507300895126
288386,1467.7773324687882
288387,1200.99728693942
288388,750.733945224062
288389,639.1276916527045
288390,61.711740465022984
288391,431.0494314767533
288392,355.4078118116646
288393,232.81370888990077
288394,181.88321391398435
288395,120.43501593125174
288396,906.0270197688066
288397,743.2289526615376
288398,460.7302369282049
288399,368.6695064206634
288400,148.9097179710177
288401,1063.7126073130275
288402,859.9502710545564
288403,540.148040371115
288404,445.11123472024354
288405,722.8488311320223
288406,26.675570305677958
288407,8.793039562932474
288408,18.93650525191058
288409,-6.838301459819508
288410,70.88322191777907
288411,30.464824898095692
288412,10.79579274880737
288413,14.684188590669674
288414,-10.846175211306377
288415,-12.26781906645164
288416,47.03284985147342
288417,29.173778174552538
288418,31.197626830636807
288419,8.130280515228465
288420,144.93265291857648
288421,1021.0232665178746
288422,814.524515581657
288423,524.5525814468625
288424,432.25208129489687
288425,293.0278982735568
288426,1998.8922778800652
288427,1617.0382114382303
288428,1069.0240102715009
288429,885.0971239761507
288430,359.35166818493065
288431,2383.691829261725
288432,1918.3923474428009
288433,1234.74387550053
288434,1024.5842632632161
288435,133.73947631431867
288436,802.6660301381519
288437,631.1351977673571
288438,434.68487780483474
288439,355.6289954950833
288440,248.68292781929037
288441,1594.2995021313259
288442,1308.4421186820643
288443,852.0569192557043
288444,720.1745185869293
288445,281.42117000782787
288446,1886.3459614200615
288447,1562.0212068659685
288448,978.5998606190929
288449,820.4847340083536
288450,737.0368783967681
288451,597.3077580597422
288452,498.8740547347893
288453,308.49645229810665
288454,249.0199978917441
288455,666.0577805119494
288456,1202.8202927717525
288457,998.7970695514748
288458,633.1809713494912
288459,528.1312727258575
288460,347.10597705263905
288461,1431.5053281526284
288462,1181.9866103418337
288463,734.3882726201672
288464,626.3624988532047
288465,119.15164700005955
288466,612.4151204950905
288467,503.8895084539918
288468,315.89271435805574
288469,256.4162599516933
288470,193.479822522753
288471,1226.0652875798078
288472,1009.9006908945631
288473,647.1418786757354
288474,543.7846622304485
288475,212.25538253358448
288476,1466.314763328545
288477,1199.5347177991769
288478,747.5049183336979
288479,641.1716267450823
288480,60.74986429918924
288481,430.33467664604296
288482,354.6930569809543
288483,230.3324963090696
288484,184.6749633158954
288485,119.47313976541798
288486,905.3122649380962
288487,742.5141978308272
288488,458.24902434737373
288489,371.4612558225745
288490,147.20002749565091
288491,1062.2500381727843
288492,858.487701914313
288493,536.9190134807508
288494,447.1551698126216
288495,721.8869549661885
288496,25.96081547496764
288497,8.078284732222162
288498,16.455292671079437
288499,-4.046552057908443
288500,60.92675831191468
288501,29.750070067385373
288502,10.081037918097051
288503,12.202976009838522
288504,-8.054425809395296
288505,-13.229695232285405
288506,46.3180950207631
288507,28.45902334384222
288508,28.716414249805666
288509,10.922029917139543
288510,143.97077675274275
288511,1020.3085116871645
288512,813.8097607509467
288513,522.0713688660313
288514,435.04383069680796
288515,292.06602210772303
288516,1998.177523049355
288517,1616.32345660752
288518,1066.5427976906697
288519,887.8888733780616
288520,358.3897920190969
288521,2382.977074431015
288522,1917.6775926120906
288523,1232.2626629196989
288524,1027.3760126651273
288525,132.77760014848494
288526,801.9512753074415
288527,630.4204429366467
288528,432.2036652240036
288529,358.4207448969944
288530,247.72105165345664
288531,1593.5847473006156
288532,1307.727363851354
288533,849.5757066748731
288534,722.9662679888402
288535,280.4592938419941
288536,1885.6312065893512
288537,1561.3064520352582
288538,976.1186480382617
288539,823.2764834102645
288540,737.091356554112
288541,622.382984926804
288542,523.3774468788059
288543,330.1787524258022
288544,263.8944055943554
288545,573.6138719802514
288546,1243.7031782725471
288547,1026.588955147501
288548,661.9600312356575
288549,567.9620438094834
288550,293.59544274440015
288551,1476.297107158253
288552,1211.026928671259
288553,776.7987908890891
288554,660.6775820161196
288555,110.87579050566204
288556,643.7183384722603
288557,532.0546422713963
288558,336.9565027052524
288559,270.67215587380554
288560,188.1803433807786
288561,1273.7946759712095
288562,1041.9728299444762
288563,675.9209385619016
288564,583.6154333140744
288565,216.4181053675449
288566,1529.93074070363
288567,1244.8329850613418
288568,789.9154366026198
288569,675.4867099079972
288570,63.71442437888206
288571,450.5988794993123
288572,366.9948063744267
288573,244.5846682051862
288574,192.1192427869276
288575,124.52062884844389
288576,935.6023040427235
288577,766.5083479452687
288578,483.88584665402925
288579,405.8232129704437
288580,157.3512132366692
288581,1105.6233713211354
288582,892.9046853010462
288583,573.1180007797008
288584,472.932145649319
288585,710.6955736484495
288586,20.25355790594109
288587,1.59167168429457
288588,12.427236620386926
288589,-6.640894269488168
288590,44.0275721157866
288591,21.14331384770886
288592,7.305934680163751
288593,20.106749220787336
288594,-3.257416157000299
288595,-11.540274119212732
288596,41.62342180855941
288597,18.23989304776412
288598,35.183082376432836
288599,4.8555230512561
288600,151.96626939146077
288601,1055.4385188932285
288602,835.2615614759742
288603,544.5158273542604
288604,456.7022639885361
288605,305.0103339619322
288606,2143.518270392438
288607,1727.6384057654425
288608,1107.8354734851157
288609,939.9617055843632
288610,374.4276045633412
288611,2517.2172130873673
288612,2036.464917778186
288613,1278.1461356173506
288614,1082.76054668275
288615,142.96636861100563
288616,845.047767298783
288617,663.3492876401698
288618,456.27653458130607
288619,377.2019700674301
288620,259.8202778469658
288621,1693.062409552627
288622,1369.6675392501884
288623,895.9663593505828
288624,768.1232624923656
288625,304.3492995995275
288626,1992.2801423785647
288627,1641.2028586403776
288628,1038.2201779378709
288629,877.0998248367658
288630,730.5977031302498
288631,654.9370348946251
288632,539.9683083756939
288633,349.92406164266185
288634,279.27949314240453
288635,428.2675403923841
288636,1329.9358372190095
288637,1106.7551766585366
288638,705.7463815177485
288639,600.1269981456579
288640,273.3884642210767
288641,1586.4586141739592
288642,1314.2937430728457
288643,821.2227820735594
288644,698.9192698845698
288645,119.203190458786
288646,679.405260635577
288647,552.4138912205083
288648,358.6127090997893
288649,287.96814059953203
288650,194.14315118905765
288651,1364.921913065452
288652,1125.9072757382407
288653,719.7072888439926
288654,615.7803876502489
288655,222.55402408065024
288656,1644.8360480587098
288657,1349.578957071105
288658,836.137692262443
288659,715.5266622518003
288660,75.98979917885005
288661,477.07868476900666
288662,389.247128019417
288663,257.53566450932334
288664,200.71001742225417
288665,139.03982078884755
288666,981.9279420115006
288667,813.7544931897128
288668,507.75423147937545
288669,418.07020184987334
288670,171.4069216551178
288671,1152.1422562753764
288672,937.3775334861155
288673,597.1960508190682
288674,490.8278923726663
288675,694.6379238880625
288676,29.19136047722936
288677,5.666604073224585
288678,15.637187822082508
288679,-5.679381719592607
288680,78.45380474819235
288681,21.43878372731498
288682,8.521911835436853
288683,22.513909509857022
288684,-10.359868796836933
288685,6.9896182830741
288686,45.25901957806745
288687,20.860020805005107
288688,36.915186174164695
288689,-2.921986079918363
288690,155.65697699249017
288691,1106.4775100291984
288692,894.1908393684162
288693,572.5994423743605
288694,474.52247985120874
288695,300.602223885937
288696,2265.7269314287114
288697,1807.3522119836985
288698,1177.7243709813067
288699,992.3260296460204
288700,397.9788850844697
288701,2654.473473807722
288702,2144.147153441745
288703,1386.3302920662516
288704,1173.4201296971173
288705,146.63357257904448
288706,892.952398759406
288707,718.3336441989288
288708,480.0903500647788
288709,390.7523863934755
288710,257.329852245465
288711,1776.751330661222
288712,1478.6892335257023
288713,933.3882426396727
288714,788.020572346922
288715,309.2981220748827
288716,2110.8424871049638
288717,1764.4472967624356
288718,1093.417177659403
288719,914.7722511237641
288720,697.2968087997358
288721,731.3471514337301
288722,604.5504051273844
288723,403.82826476530136
288724,336.38345005371986
288725,318.84931664430553
288726,1503.787220537289
288727,1236.802282640062
288728,764.7735952205344
288729,660.6772104709289
288730,288.0037065226549
288731,1763.5836028027798
288732,1447.8164143237013
288733,910.3505778694966
288734,786.6659166452855
288735,140.57006972376433
288736,754.9390986447265
288737,618.7012752697584
288738,412.7137058490787
288739,345.2688911374971
288740,202.1235481378601
288741,1529.6412362961378
288742,1253.7721940785896
288743,776.3896169955929
288744,676.7885326569773
288745,231.08145671493608
288746,1813.5742291445074
288747,1480.919440680784
288748,922.9206025071946
288749,803.7312416939734
288750,94.99519099189081
288751,540.7415125849432
288752,441.4350999378877
288753,281.8889086823861
288754,225.31229911457382
288755,149.7041193826508
288756,1064.8896195092275
288757,883.040310876477
288758,546.6253792499223
288759,458.316450206128
288760,179.51261499430345
288761,1276.0735770451192
288762,1052.8033325788958
288763,682.6942965705252
288764,574.7970910521269
288765,723.7957799425682
288766,30.986921963248374
288767,12.118243999682146
288768,22.383458700789628
288769,4.172682809065258
288770,18.566687058990897
288771,28.1971348936671
288772,17.611523939090514
288773,26.531278615895264
288774,-1.2841511720332777
288775,3.9816800925296203
288776,55.386051507943506
288777,37.729815373966154
288778,46.34309818971219
288779,11.516882927381642
288780,171.7582811350609
288781,1225.6046850163143
288782,994.65256071641
288783,639.3875094801954
288784,532.697982359329
288785,350.7935432003557
288786,2485.284311874855
288787,1960.5275990001398
288788,1290.7458961213795
288789,1083.400603601158
288790,416.56651554127626
288791,2993.9266076935487
288792,2414.3234071991806
288793,1529.9146458553928
288794,1289.5518905937683
288795,157.63639364414198
288796,988.889034436049
288797,792.1815357172297
288798,516.6608646129147
288799,424.22378546933845
288800,303.111793885893
288801,1941.1997695307118
288802,1633.2070908551943
288803,1025.4209530563876
288804,873.3321513694684
288805,330.8506367662185
288806,2316.7592746392947
288807,1909.2540373240815
288808,1219.1965303514264
288809,1028.3248307140655
288810,735.4824568099992
288811,595.7533364729733
288812,495.0501176054949
288813,307.0856792656065
288814,247.60922485924397
288815,668.0922982367538
288816,1199.3551371768012
288817,990.8668640167971
288818,631.7701983169914
288819,526.7204996933575
288820,344.476308976715
288821,1428.8756600767044
288822,1174.891892326183
288823,731.9022530985121
288824,623.8764793315497
288825,117.5972254132907
288826,610.8606989083216
288827,500.06557132469715
288828,314.48194132555557
288829,255.00548691919312
288830,191.92540093598404
288831,1224.5108659930388
288832,1003.8812193680677
288833,645.7311056432353
288834,542.3738891979485
288835,209.62571445766042
288836,1463.685095252621
288837,1192.4399997835262
288838,745.0188988120428
288839,638.6856072234274
288840,59.195442712420295
288841,428.78025505927394
288842,350.86911985166
288843,228.92172327656945
288844,183.26419028339527
288845,117.91871817864909
288846,903.7578433513273
288847,736.4947263043318
288848,456.83825131487356
288849,370.05048279007434
288850,144.57035941972686
288851,1059.6203700968604
288852,851.3929838986626
288853,534.4329939590958
288854,444.6691502909664
288855,723.9166886462555
288856,25.898116657695745
288857,9.032079468880227
288858,16.536242408076397
288859,-3.96560232091149
288860,30.493883280835448
288861,29.687371250113465
288862,11.034832654755123
288863,12.283925746835484
288864,-7.97347607239834
288865,-15.631503406521263
288866,46.20264757301909
288867,29.36006945002816
288868,28.744615356330513
288869,10.95023102366438
288870,142.6788275307945
288871,1019.0165624652162
288872,808.0959611312725
288873,525.541952221327
288874,430.84176479873963
288875,290.7740728857748
288876,1996.8855738274067
288877,1610.6096569878457
288878,1070.0133810459652
288879,883.6868074799935
288880,357.04509416667656
288881,2381.6323765785946
288882,1911.9110443619443
288883,1235.6804976445223
288884,1023.121198136587
288885,132.8973919109341
288886,802.0710670698908
288887,628.8010827441642
288888,432.82984964285873
288889,356.88772918792876
288890,247.8408434159058
288891,1593.7045390630649
288892,1306.1080036588714
288893,850.2018910937285
288894,721.4332522797747
288895,280.5263369739712
288896,1885.6982497213285
288897,1559.6343432123035
288898,976.6920838266449
288899,821.6907190707269
288900,734.8270907674113
288901,596.0273574037117
288902,492.60766656146706
288903,306.34829952484165
288904,246.87184511847914
288905,667.4369321941658
288906,1199.6291581075398
288907,985.7537858492658
288908,631.0328185762265
288909,525.9831199525927
288910,343.8209429341271
288911,1429.149681007443
288912,1169.778814158652
288913,731.1648733577473
288914,623.1390995907849
288915,116.94185937070282
288916,611.13471983906
288917,497.62312028066924
288918,313.74456158479074
288919,254.2681071784283
288920,191.27003489339614
288921,1224.7848869237773
288922,998.7681412005364
288923,644.9937259024705
288924,541.6365094571837
288925,208.97034841507252
288926,1463.9591161833596
288927,1187.3269216159952
288928,744.281519071278
288929,637.9482274826626
288930,58.540076669832395
288931,429.0542759900124
288932,348.4266688076321
288933,228.18434353580463
288934,182.52681054263044
288935,117.2633521360612
288936,904.0318642820657
288937,731.3816481368005
288938,456.10087157410874
288939,369.3131030493095
288940,143.91499337713896
288941,1059.8943910275989
288942,846.2799057311313
288943,533.695614218331
288944,443.9317705502016
288945,724.5732916430667
288946,27.484106627833285
288947,7.901597464251367
288948,17.110831706710627
288949,-3.3910130222772565
288950,35.08409588170876
288951,31.273361220251005
288952,13.330788312055043
288953,12.85851504546972
288954,-7.398886773764107
288955,-14.974900409710113
288956,47.78863754315663
288957,31.65602510732808
288958,29.31920465496475
288959,11.524820322298611
288960,143.33543052760564
288961,1020.6025524353538
288962,806.9654791266437
288963,526.1165415199614
288964,431.4163540973738
288965,291.4306758825859
288966,1998.4715637975441
288967,1606.3340248960433
288968,1070.5879703445994
288969,884.2613967786278
288970,357.70169716348767
288971,2383.218366548732
288972,1907.6354122701418
288973,1236.2550869431566
288974,1023.6957874352214
288975,133.55399490774522
288976,807.8365751439826
288977,627.6706007395354
288978,433.4044389414929
288979,357.46231848656294
288980,248.49744641271693
288981,1599.4700471371566
288982,1301.832371567069
288983,850.7764803923628
288984,722.007841578409
288985,281.1829399707823
288986,1891.4637577954202
288987,1555.358711120501
288988,977.2666731252792
288989,822.2653083693613
288990,734.5406792695727
288991,595.7409459058731
288992,494.59077060615374
288993,305.91823947273423
288994,246.44178506637175
288995,667.1505206963272
288996,1199.3427466097012
288997,989.9324242911538
288998,630.602758524119
288999,525.5530599004852
289000,343.53453143628855
289001,1428.8632695096044
289002,1173.9574526005401
289003,730.7348133056398
289004,622.7090395386774
289005,116.65544787286424
289006,610.8483083412215
289007,499.6062243253559
289008,313.3145015326833
289009,253.8380471263209
289010,190.98362339555757
289011,1224.4984754259388
289012,1002.9467796424244
289013,644.563665850363
289014,541.2064494050762
289015,208.68393691723398
289016,1463.672704685521
289017,1191.5055600578833
289018,743.8514590191705
289019,637.5181674305551
289020,58.25366517199383
289021,428.7678644921738
289022,350.4097728523188
289023,227.75428348369724
289024,182.09675049052305
289025,116.97694063822263
289026,903.7454527842272
289027,735.5602865786885
289028,455.6708115220013
289029,368.8830429972021
289030,143.6285818793004
289031,1059.6079795297603
289032,850.4585441730193
289033,533.2655541662235
289034,443.50171049809416
289035,724.2868801452281
289036,27.197695129994724
289037,6.598692412482845
289038,16.680771654603216
289039,-3.82107307438467
289040,34.797684383870205
289041,30.986949722412444
289042,12.02788326028652
289043,12.428454993362307
289044,-7.828946825871518
289045,-15.261311907548674
289046,47.50222604531807
289047,30.353120055559557
289048,28.889144602857336
289049,11.094760270191198
289050,143.0490190297671
289051,1020.3161409375152
289052,811.1009180265312
289053,525.6864814678539
289054,430.9862940452664
289055,291.1442643847473
289056,1998.1851522997056
289057,1610.4694637959308
289058,1070.157910292492
289059,883.8313367265204
289060,357.4152856656491
289061,2382.9319550508935
289062,1911.7708511700293
289063,1235.8250268910492
289064,1023.2657273831139
289065,133.26758340990668
289066,807.550163646144
289067,629.1233411966286
289068,432.9743788893855
289069,357.0322584344555
289070,248.21103491487838
289071,1599.183635639318
289072,1303.2851120241623
289073,850.3464203402553
289074,721.5777815263016
289075,280.8965284729437
289076,1891.1773462975816
289077,1556.8114515775944
289078,976.8366130731717
289079,821.8352483172538
289080,734.5406792695727
289081,595.7409459058731
289082,494.59077060615374
289083,305.91823947273423
289084,246.44178506637175
289085,663.561581384754
289086,1199.3427466097012
289087,989.9324242911538
289088,630.602758524119
289089,525.5530599004852
289090,343.53453143628855
289091,1428.8632695096044
289092,1173.9574526005401
289093,730.7348133056398
289094,622.7090395386774
289095,116.65544787286424
289096,610.8483083412215
289097,499.6062243253559
289098,313.3145015326833
289099,253.8380471263209
289100,190.98362339555757
289101,1224.4984754259388
289102,1002.9467796424244
289103,644.563665850363
289104,541.2064494050762
289105,208.68393691723398
289106,1463.672704685521
289107,1191.5055600578833
289108,743.8514590191705
289109,637.5181674305551
289110,58.25366517199383
289111,428.7678644921738
289112,350.4097728523188
289113,227.75428348369724
289114,182.09675049052305
289115,116.97694063822263
289116,903.7454527842272
289117,735.5602865786885
289118,455.6708115220013
289119,368.8830429972021
289120,143.6285818793004
289121,1059.6079795297603
289122,850.4585441730193
289123,533.2655541662235
289124,443.50171049809416
289125,724.2868801452281
289126,27.197695129994724
289127,6.598692412482845
289128,16.680771654603216
289129,-3.82107307438467
289130,25.80309694383953
289131,30.986949722412444
289132,12.02788326028652
289133,12.428454993362307
289134,-7.828946825871518
289135,-15.261311907548674
289136,47.50222604531807
289137,30.353120055559557
289138,28.889144602857336
289139,11.094760270191198
289140,143.0490190297671
289141,1020.3161409375152
289142,811.1009180265312
289143,525.6864814678539
289144,430.9862940452664
289145,291.1442643847473
289146,1998.1851522997056
289147,1610.4694637959308
289148,1070.157910292492
289149,883.8313367265204
289150,357.4152856656491
289151,2382.9319550508935
289152,1911.7708511700293
289153,1235.8250268910492
289154,1023.2657273831139
289155,133.26758340990668
289156,807.550163646144
289157,629.1233411966286
289158,432.9743788893855
289159,357.0322584344555
289160,248.21103491487838
289161,1599.183635639318
289162,1303.2851120241623
289163,850.3464203402553
289164,721.5777815263016
289165,280.8965284729437
289166,1891.1773462975816
289167,1556.8114515775944
289168,976.8366130731717
289169,821.8352483172538
289170,734.5951574269167
289171,620.8161727729351
289172,519.0941627501705
289173,327.6005396004298
289174,261.316192768983
289175,569.4066070082005
289176,1240.2256321104958
289177,1017.7243098871799
289178,659.3818184102853
289179,565.3838309841111
289180,290.47273711472707
289181,1474.1037885019066
289182,1203.4465109166429
289183,773.5940715612393
289184,657.4728626882697
289185,108.3795913784667
289186,642.1515263183912
289187,527.771358142761
289188,334.37828987987996
289189,268.0939430484331
289190,185.68414425358316
289191,1272.2278638173404
289192,1035.0189186923376
289193,673.3427257365294
289194,581.0372204887021
289195,213.2953997378719
289196,1525.5608249055601
289197,1235.0759701650024
289198,786.71071727477
289199,672.2819905801474
289200,61.21822525168665
289201,449.0320673454432
289202,362.7115222457912
289203,242.00645537981384
289204,189.54102996155524
289205,122.02442972124852
289206,934.0354918888545
289207,759.55443669313
289208,481.30763382865683
289209,403.2450001450713
289210,154.22850760699617
289211,1103.430052664789
289212,885.32426754643
289213,569.9132814518509
289214,469.727426321469
289215,713.0954988274891
289216,21.490437560968164
289217,0.11207936455525276
289218,12.6527156039107
289219,-6.415415285964391
289220,41.911456559259264
289221,22.380193502735946
289222,9.252780022353214
289223,20.332228204311118
289224,-3.031937173476525
289225,-13.571890794476015
289226,42.80755283311437
289227,20.133989759481477
289228,35.35581272948449
289229,5.02825340430776
289230,151.04451166848511
289231,1055.4461481435792
289232,832.5527187515587
289233,548.130939956083
289234,452.64472733699455
289235,304.0885762389565
289236,2143.5258996427888
289237,1721.7844129538532
289238,1111.450586086938
289239,935.904168932822
289240,373.4530982098934
289241,2517.172093707246
289242,2030.558176336127
289243,1281.708499588701
289244,1078.6502614007366
289245,143.45635187242738
289246,850.6466556374855
289247,662.0521859001517
289248,457.04724824668796
289249,375.81348360489125
289250,260.3102611083874
289251,1698.6612978913295
289252,1365.2252874229966
289253,896.737073015965
289254,766.734776029827
289255,304.7865342304771
289256,1997.8262820867951
289257,1636.7078581827138
289258,1038.9381429727807
289259,875.6585897437551
289260,728.4069043733613
289261,652.4932560734635
289262,534.8080575797659
289263,344.4885600627546
289264,278.0025103938063
289265,410.51589353533166
289266,1327.2551665703336
289267,1098.687406911591
289268,700.3108799378415
289269,598.8500153970598
289270,271.1449168337159
289271,1583.9620867223255
289272,1306.4101165229424
289273,815.7345318631802
289274,697.5895385054995
289275,117.01239170189739
289276,676.9614818144153
289277,547.2536404245802
289278,353.177207519882
289279,286.6911578509338
289280,191.95235243216902
289281,1362.4781342442902
289282,1118.0763978188095
289283,714.2717872640856
289284,614.5034049016508
289285,220.31047669328947
289286,1642.339520607076
289287,1341.6953305212016
289288,830.6494420520638
289289,714.19693087273
289290,73.79900042196152
289291,474.63490594784486
289292,384.08687722348884
289293,252.10016292941606
289294,199.43303467365592
289295,136.84902203195895
289296,979.4841631903389
289297,805.9236152702814
289298,502.31872989946817
289299,416.7932191012751
289300,169.16337426775704
289301,1149.6457288237427
289302,929.4939069362119
289303,591.707800608689
289304,489.49816099359595
289305,697.343249437409
289306,29.55127346496378
289307,3.3100450861926136
289308,18.49530821028336
289309,-4.152672659294685
289310,70.26516479740933
289311,21.798696715049402
289312,9.591790510333665
289313,25.37202989805788
289314,-8.83315973653901
289315,5.263401978117637
289316,45.566183935329754
289317,21.877150849429793
289318,39.72055793189344
289319,-1.4480256500925586
289320,155.04061963982133
289321,1105.6081726122563
289322,890.605029976708
289323,571.1030759861541
289324,475.41516052956416
289325,299.9858665332681
289326,2264.85759401177
289327,1800.6212525048165
289328,1176.2280045931002
289329,993.2187103243763
289330,397.30977910132873
289331,2653.551387760308
289332,2137.363445332391
289333,1384.781177047573
289334,1174.260061745001
289335,147.42895621077304
289336,897.6743204308159
289337,716.1595757916181
289338,475.7495847401317
289339,394.31411726083354
289340,258.1252358771937
289341,1781.4732523326318
289342,1473.370015031218
289343,929.047477315026
289344,791.5823032142804
289345,310.04075707613913
289346,2115.5116601459017
289347,1759.0753296374792
289348,1089.023663704284
289349,918.2812333606504
289350,696.9468431274547
289351,730.7442056971759
289352,601.2309874160637
289353,400.23359627000167
289354,336.9473003897292
289355,288.17257601486307
289356,1502.501212538213
289357,1230.1291755427164
289358,761.1789267252348
289359,661.2410608069382
289360,287.6537408503738
289361,1762.9806570662256
289362,1441.8263694888776
289363,906.755909374197
289364,787.2297669812948
289365,140.22010405148325
289366,754.3361529081723
289367,615.3818575584378
289368,409.119037353779
289369,345.8327414735065
289370,201.773582465579
289371,1529.0382905595836
289372,1247.7821492437658
289373,772.7949485002932
289374,677.3523829929866
289375,230.731491042655
289376,1812.9712834079533
289377,1474.9293958459602
289378,919.325934011895
289379,804.2950920299827
289380,94.64522531960975
289381,540.1385668483889
289382,438.1156822265671
289383,278.2942401870864
289384,225.8761494505831
289385,149.3541537103697
289386,1064.2866737726733
289387,877.050266041653
289388,543.0307107546226
289389,458.8803005421374
289390,179.16264932202236
289391,1275.470631308565
289392,1046.813287744072
289393,679.0996280752256
289394,575.3609413881362
289395,724.7577833096863
289396,31.695945266093258
289397,10.11079532776063
289398,25.590689404100946
289399,6.048502184473632
289400,23.46230003017107
289401,28.906158196511985
289402,19.030512929097778
289403,29.73850931920658
289404,0.5916682033750957
289405,4.943683459647584
289406,56.09507481078838
289407,39.14880436397341
289408,49.55032889302351
289409,13.392702302790012
289410,172.72028450217886
289411,1226.313708319159
289412,992.6451120444885
289413,634.8506197888007
289414,538.2227889878603
289415,351.75554656747363
289416,2485.9933351777
289417,1955.3750002410447
289418,1286.2090064299848
289419,1088.9254102296893
289420,417.5285189083942
289421,2994.6356309963935
289422,2409.1708084400852
289423,1525.3777561639981
289424,1295.0766972222996
289425,158.59839701125992
289426,993.7775758428481
289427,790.1740870453083
289428,512.1239749215197
289429,429.74859209786956
289430,304.0737972530109
289431,1946.0883109375109
289432,1628.0544920960992
289433,1020.8840633649925
289434,878.8569579979998
289435,331.8126401333364
289436,2321.647816046094
289437,1904.1014385649864
289438,1214.6596406600318
289439,1033.849637342597
289440,735.5083200701309
289441,596.7085867064313
289442,493.2888958641866
289443,307.0295288275612
289444,247.55307442119874
289445,611.3224200656585
289446,1200.112350795973
289447,986.2369785376994
289448,631.7140478789462
289449,526.6643492553123
289450,344.50217223684666
289451,1429.8309103101624
289452,1170.4600434613715
289453,731.846102660467
289454,623.8203288935046
289455,117.6230886734224
289456,611.8159491417797
289457,498.3043495833888
289458,314.4257908875103
289459,254.9493364811479
289460,191.95126419611574
289461,1225.4661162264968
289462,999.4493705032561
289463,645.6749552051901
289464,542.3177387599034
289465,209.65157771779212
289466,1464.640345486079
289467,1188.0081509187146
289468,744.9627483739977
289469,638.6294567853822
289470,59.22130597255197
289471,429.73550529273194
289472,349.10789811035164
289473,228.86557283852423
289474,183.20803984535004
289475,117.94458143878076
289476,904.7130935847854
289477,732.0628774395202
289478,456.7821008768283
289479,369.99433235202906
289480,144.59622267985856
289481,1060.5756203303183
289482,846.961135033851
289483,534.3768435210507
289484,444.6129998529211
289485,724.2599054991688
289486,27.170720483935437
289487,7.588211320353521
289488,16.797445562812783
289489,-3.704399166175101
289490,34.77070973781092
289491,30.959975076353157
289492,13.017402168157199
289493,12.545128901571875
289494,-7.712272917661951
289495,-15.288286553607962
289496,47.47525139925879
289497,31.342638963430236
289498,29.005818511066902
289499,11.211434178400767
289500,143.02204438370782
289501,1020.2891662914559
289502,806.6520929827458
289503,525.8031553760635
289504,431.10296795347597
289505,291.11728973868804
289506,1998.1581776536464
289507,1606.0206387521455
289508,1070.2745842007016
289509,883.9480106347299
289510,357.3883110195898
289511,2382.904980404834
289512,1907.322026126244
289513,1235.9417007992588
289514,1023.3824012913236
289515,133.2406087638474
289516,807.5231890000847
289517,627.3572145956375
289518,433.09105279759507
289519,357.1489323426651
289520,248.1840602688191
289521,1599.1566609932588
289522,1301.5189854231712
289523,850.4630942484649
289524,721.6944554345112
289525,280.86955382688444
289526,1891.1503716515224
289527,1555.0453249766033
289528,976.9532869813813
289529,821.9519222254634
289530,735.4639646175505
289531,596.6642312538509
289532,489.3609910968117
289533,307.3575072755294
289534,247.83332776664307
289535,611.2780646130781
289536,1200.0679953433926
289537,982.3090737703249
289538,633.8670550401057
289539,525.2560847201423
289540,344.45781678426624
289541,1429.786554857582
289542,1166.5321386939968
289543,733.9991098216265
289544,622.4120643583345
289545,117.57873322084197
289546,611.7715936891992
289547,494.37644481601416
289548,314.75376933547847
289549,255.22958982659222
289550,191.90690874353533
289551,1225.4217607739163
289552,995.5214657358815
289553,647.8279623663497
289554,540.9094742247333
289555,209.6072222652117
289556,1464.5959900334985
289557,1184.08024615134
289558,747.1157555351572
289559,637.2211922502122
289560,59.176950519971534
289561,429.6911498401515
289562,345.179993342977
289563,229.1935512864924
289564,183.48829319079437
289565,117.90022598620033
289566,904.6687381322049
289567,728.1349726721456
289568,458.93510803798785
289569,368.58606781685904
289570,144.55186722727814
289571,1060.5312648777378
289572,843.0332302664764
289573,536.5298506822102
289574,443.2047353177511
289575,724.2599054991688
289576,27.170720483935437
289577,7.588211320353521
289578,16.797445562812783
289579,-3.704399166175101
289580,34.77070973781092
289581,30.959975076353157
289582,13.017402168157199
289583,12.545128901571875
289584,-7.712272917661951
289585,-15.288286553607962
289586,47.47525139925879
289587,31.342638963430236
289588,29.005818511066902
289589,11.211434178400767
289590,143.02204438370782
289591,1020.2891662914559
289592,806.6520929827458
289593,525.8031553760635
289594,431.10296795347597
289595,291.11728973868804
289596,1998.1581776536464
289597,1606.0206387521455
289598,1070.2745842007016
289599,883.9480106347299
289600,357.3883110195898
289601,2382.904980404834
289602,1907.322026126244
289603,1235.9417007992588
289604,1023.3824012913236
289605,133.2406087638474
289606,807.5231890000847
289607,627.3572145956375
289608,433.09105279759507
289609,357.1489323426651
289610,248.1840602688191
289611,1599.1566609932588
289612,1301.5189854231712
289613,850.4630942484649
289614,721.6944554345112
289615,280.86955382688444
289616,1891.1503716515224
289617,1555.0453249766033
289618,976.9532869813813
289619,821.9519222254634
289620,735.6245841537662
289621,596.3778197560123
289622,491.34409514149837
289623,306.92744722342195
289624,247.40326771453567
289625,604.6825539150447
289626,1199.781583845554
289627,986.4877122122128
289628,633.4369949879982
289629,524.8260246680348
289630,339.60766047162366
289631,1429.5001433597433
289632,1170.7107771358849
289633,733.569049769519
289634,621.982004306227
289635,117.2923217230034
289636,611.4851821913606
289637,496.35954886070084
289638,314.32370928337104
289639,254.79952977448482
289640,191.62049724569675
289641,1225.1353492760777
289642,999.7001041777695
289643,647.3979023142422
289644,540.4794141726259
289645,209.32081076737316
289646,1464.30957853566
289647,1188.258884593228
289648,746.6856954830497
289649,636.7911321981047
289650,58.89053902213297
289651,429.40473834231295
289652,347.1630973876637
289653,228.76349123438501
289654,183.05823313868697
289655,117.61381448836175
289656,904.3823266343663
289657,732.3136111140336
289658,458.5050479858804
289659,368.1560077647516
289660,144.2654557294396
289661,1060.2448533798993
289662,847.2118687083644
289663,536.0997906301027
289664,442.7746752656437
289665,723.9734940013302
289666,26.884308986096876
289667,6.285306268584999
289668,16.367385510705372
289669,-4.1344592182825135
289670,34.48429823997236
289671,30.673563578514596
289672,11.714497116388676
289673,12.115068849464462
289674,-8.142332969769363
289675,-15.574698051446523
289676,47.188839901420224
289677,30.039733911661713
289678,28.575758458959488
289679,10.781374126293354
289680,142.73563288586928
289681,1020.0027547936173
289682,810.7875318826333
289683,525.373095323956
289684,430.67290790136855
289685,290.8308782408495
289686,1997.8717661558078
289687,1610.156077652033
289688,1069.8445241485942
289689,883.5179505826225
289690,357.10189952175125
289691,2382.6185689069957
289692,1911.4574650261316
289693,1235.5116407471514
289694,1022.9523412392161
289695,132.95419726600886
289696,807.2367775022461
289697,628.8099550527307
289698,432.66099274548765
289699,356.71887229055767
289700,247.89764877098057
289701,1598.8702494954202
289702,1302.9717258802646
289703,850.0330341963574
289704,721.2643953824037
289705,280.58314232904587
289706,1890.8639601536838
289707,1556.4980654336966
289708,976.5232269292738
289709,821.5218621733559
289710,735.6245841537662
289711,596.3778197560123
289712,491.34409514149837
289713,306.92744722342195
289714,247.40326771453567
289715,582.9977113772918
289716,1199.2965581973183
289717,986.0026865639771
289718,633.4369949879982
289719,524.8260246680348
289720,339.60766047162366
289721,1429.5001433597433
289722,1170.7107771358849
289723,733.569049769519
289724,621.982004306227
289725,117.2923217230034
289726,611.4851821913606
289727,496.35954886070084
289728,314.32370928337104
289729,254.79952977448482
289730,191.62049724569675
289731,1225.1353492760777
289732,999.7001041777695
289733,647.3979023142422
289734,540.4794141726259
289735,209.32081076737316
289736,1464.30957853566
289737,1188.258884593228
289738,746.6856954830497
289739,636.7911321981047
289740,58.89053902213297
289741,429.40473834231295
289742,347.1630973876637
289743,228.76349123438501
289744,183.05823313868697
289745,117.61381448836175
289746,904.3823266343663
289747,732.3136111140336
289748,458.5050479858804
289749,368.1560077647516
289750,144.2654557294396
289751,1060.2448533798993
289752,847.2118687083644
289753,536.0997906301027
289754,442.7746752656437
289755,723.9734940013302
289756,26.884308986096876
289757,6.285306268584999
289758,16.367385510705372
289759,-4.1344592182825135
289760,25.489710799941683
289761,30.673563578514596
289762,11.714497116388676
289763,12.115068849464462
289764,-8.142332969769363
289765,-15.574698051446523
289766,47.188839901420224
289767,30.039733911661713
289768,28.575758458959488
289769,10.781374126293354
289770,142.73563288586928
289771,1020.0027547936173
289772,810.7875318826333
289773,525.373095323956
289774,430.67290790136855
289775,290.8308782408495
289776,1997.8717661558078
289777,1610.156077652033
289778,1069.8445241485942
289779,883.5179505826225
289780,357.10189952175125
289781,2382.6185689069957
289782,1911.4574650261316
289783,1235.5116407471514
289784,1022.9523412392161
289785,132.95419726600886
289786,807.2367775022461
289787,628.8099550527307
289788,432.66099274548765
289789,356.71887229055767
289790,247.89764877098057
289791,1598.8702494954202
289792,1302.9717258802646
289793,850.0330341963574
289794,721.2643953824037
289795,280.58314232904587
289796,1890.8639601536838
289797,1556.4980654336966
289798,976.5232269292738
289799,821.5218621733559
289800,734.8406662237138
289801,620.6146505356778
289802,515.0090911981192
289803,330.05119917174085
289804,257.12737621123927
289805,506.99384818960596
289806,1239.3410476107158
289807,1012.9561760726057
289808,665.7222990149467
289809,559.5064965457533
289810,285.70747006266555
289811,1473.9022662646485
289812,1199.3614393645905
289813,779.9345521659006
289814,651.5955282499119
289815,108.17806914120905
289816,641.950004081134
289817,523.6862865907096
289818,336.828949451191
289819,263.9051264906894
289820,185.48262201632554
289821,1272.0263415800823
289822,1030.9338471402853
289823,679.6832063411907
289824,575.1598860503443
289825,213.09387750061427
289826,1525.359302668302
289827,1230.99089861295
289828,793.0511978794314
289829,666.4046561417896
289830,61.01670301442904
289831,448.8305451081857
289832,358.62645069373946
289833,244.4571149511248
289834,185.35221340381142
289835,121.82290748399087
289836,933.8339696515973
289837,755.4693651410787
289838,487.6481144333179
289839,397.3676657067132
289840,154.02698536973855
289841,1103.2285304275308
289842,881.2391959943786
289843,576.2537620565123
289844,463.8500918831109
289845,715.01022551781
289846,20.687833289675012
289847,-0.6905249067378901
289848,14.129959240637525
289849,-8.439055767806437
289850,49.69217234026408
289851,21.5775892314428
289852,8.450175751060073
289853,23.874264161196578
289854,-5.055577655318571
289855,-11.657164104155342
289856,42.00494856182123
289857,19.331385488188328
289858,38.89784868636997
289859,3.00461292246571
289860,149.7332096201124
289861,1054.1348460952063
289862,831.2414167031862
289863,549.0994858157304
289864,444.0746499582605
289865,302.7772741905839
289866,2142.2145975944163
289867,1720.4731109054803
289868,1114.4839242667438
289869,927.334091554088
289870,372.14179616152086
289871,2515.8607916588735
289872,2029.2468742877545
289873,1284.7418377685067
289874,1070.0801840220024
289875,142.14504982405467
289876,849.3353535891131
289877,660.7408838517792
289878,458.01579410633536
289879,367.2434062261572
289880,258.99895906001484
289881,1697.3499958429566
289882,1363.9139853746237
289883,899.7704111957712
289884,758.164698651093
289885,303.47523218210455
289886,1996.5149800384222
289887,1635.396556134341
289888,1041.9714811525873
289889,867.0885123650211
289890,728.6524131701584
289891,652.2917338362062
289892,530.7229860277146
289893,346.93921963406564
289894,273.81369383606255
289895,389.2393452408816
289896,1326.6074738980678
289897,1094.1561649245311
289898,706.6513605425029
289899,592.972680958702
289900,266.3796497816544
289901,1583.7605644850673
289902,1302.32504497089
289903,822.0750124678416
289904,691.7122040671417
289905,116.81086946463971
289906,676.759959577158
289907,543.1685688725289
289908,355.6278670911931
289909,282.50234129319006
289910,191.7508301949114
289911,1362.276612007032
289912,1113.9913262667571
289913,720.6122678687469
289914,608.626070463293
289915,220.10895445603185
289916,1642.137998369818
289917,1337.6102589691493
289918,836.9899226567252
289919,708.3195964343722
289920,73.59747818470387
289921,474.43338371058735
289922,380.0018056714371
289923,254.550822500727
289924,195.2442181159121
289925,136.64749979470133
289926,979.2826409530817
289927,801.8385437182301
289928,508.65921050412925
289929,410.915884662917
289930,168.96185203049941
289931,1149.4442065864846
289932,925.4088353841606
289933,598.0482812133504
289934,483.62082655523784
289935,699.2579761277299
289936,28.748669193670636
289937,2.5074408148994722
289938,19.97255184701017
289939,-6.176313141136733
289940,78.04588057841413
289941,20.996092443756257
289942,8.789186239040522
289943,28.914065854943345
289944,-10.856800218381066
289945,7.17812866843831
289946,44.76357966403661
289947,21.07454657813665
289948,43.262593888778916
289949,-3.4716661319345983
289950,153.72931759144862
289951,1104.2968705638834
289952,889.2937279283356
289953,572.0716218458015
289954,466.84508315083013
289955,298.67456448489554
289956,2263.5462919633974
289957,1799.3099504564436
289958,1179.261342772906
289959,984.6486329456421
289960,395.99847705295616
289961,2652.2400857119355
289962,2136.0521432840187
289963,1387.8145152273787
289964,1165.6899843662668
289965,146.11765416240033
289966,896.3630183824434
289967,714.8482737432456
289968,476.7181305997791
289969,385.7440398820995
289970,256.813933828821
289971,1780.1619502842589
289972,1472.058712982845
289973,932.0808154948321
289974,783.0122258355464
289975,308.72945502776656
289976,2114.2003580975293
289977,1757.7640275891063
289978,1092.0570018840897
289979,909.7111559819164
289980,697.1923519242519
289981,730.5426834599185
289982,597.1459158640124
289983,402.68425584131273
289984,332.7584838319855
289985,281.6619545774107
289986,1502.2996903009548
289987,1226.044103990664
289988,767.5194073298961
289989,655.3637263685804
289990,282.8884737983123
289991,1762.7791348289675
289992,1437.7412979368253
289993,913.0963899788584
289994,781.352432542937
289995,140.01858181422563
289996,754.134630670915
289997,611.2967860063865
289998,411.56969692509006
289999,341.64392491576274
290000,201.5720602283214
290001,1528.8367683223255
290002,1243.6970776917135
290003,779.1354291049546
290004,671.4750485546288
290005,230.52996880539737
290006,1812.7697611706951
290007,1470.844324293908
290008,925.6664146165564
290009,798.4177575916249
290010,94.4437030823521
290011,539.9370446111317
290012,434.0306106745154
290013,280.7448997583975
290014,221.6873328928393
290015,149.15263147311208
290016,1064.0851515354152
290017,872.9651944896017
290018,549.371191359284
290019,453.0029661037793
290020,178.96112708476474
290021,1275.269109071307
290022,1042.7282161920198
290023,685.440108679887
290024,569.4836069497784
290025,726.6725100000072
290026,30.893340994800113
290027,9.308191056467487
290028,27.06793304082776
290029,4.024861702631585
290030,31.24301581117588
290031,28.10355392521884
290032,18.227908657804637
290033,33.280545276092084
290034,-1.4319722784669506
290035,6.858410149968266
290036,55.29247053949524
290037,38.34620009268028
290038,53.09236484990898
290039,11.369061820947962
290040,171.40898245380615
290041,1225.0024062707862
290042,991.3338099961156
290043,635.8191656484481
290044,529.6527116091263
290045,350.44424451910106
290046,2484.6820331293275
290047,1954.0636981926718
290048,1289.2423446097905
290049,1080.3553328509552
290050,416.2172168600216
290051,2993.324328948021
290052,2407.859506391713
290053,1528.4110943438038
290054,1286.5066198435654
290055,157.2870949628872
290056,992.4662737944757
290057,788.8627849969358
290058,513.0925207811672
290059,421.17851471913553
290060,302.76249520463836
290061,1944.777008889138
290062,1626.7431900477263
290063,1023.9174015447986
290064,870.2868806192657
290065,330.50133808496383
290066,2320.3365139977213
290067,1902.7901365166135
290068,1217.6929788398375
290069,1025.2795599638623
290070,733.7619171733775
290071,594.5151527756236
290072,480.16201677231106
290073,312.2248644579757
290074,240.3477257545801
290075,602.8351754380536
290076,1197.934205368562
290077,973.125387949222
290078,640.8144930461087
290079,517.7857712114776
290080,337.48587741097043
290081,1427.3783602990895
290082,1157.0740482892313
290083,740.6721432439676
290084,614.6673462660078
290085,115.42965474261419
290086,609.6225152109719
290087,485.1774704915135
290088,319.6211265179248
290089,247.74398781452933
290090,189.77311876870527
290091,1223.2879707990858
290092,986.3377799147786
290093,654.7754003723527
290094,533.4391607160686
290095,207.1990277067197
290096,1462.1877954750062
290097,1174.6221557465744
290098,753.7887889574984
290099,629.4764741578855
290100,57.02787204174381
290101,427.54207136192395
290102,335.9810190184764
290103,234.06090846893858
290104,176.00269117873145
290105,115.7664360113703
290106,902.5349481573753
290107,718.951286851043
290108,465.88254604399054
290109,361.11575430819397
290110,142.14367266878614
290111,1058.1230703192455
290112,833.5751398617118
290113,543.2028841045512
290114,435.46001722542405
290115,715.7979425847309
290116,26.920030375050104
290117,0.28762536519515924
290118,22.264775278414422
290119,-7.49916173712048
290120,49.300881700837465
290121,29.91761385739474
290122,4.925145102925738
290123,20.583995663446018
290124,-11.000290762493481
290125,-11.416287257792064
290126,46.1584855966384
290127,22.975977314536827
290128,36.770280689279126
290129,7.649011749907291
290130,141.6259446294352
290131,1021.8166799965677
290132,801.1297108415845
290133,531.5209159863497
290134,419.71685468492893
290135,288.52085747531197
290136,1995.5617453902696
290137,1596.3743106424956
290138,1076.7593799181573
290139,871.2641401531947
290140,353.8455948958258
290141,2379.3622642810706
290142,1896.7294141562063
290143,1241.4802126563266
290144,1009.7522469494002
290145,131.84450900957484
290146,804.9607620666867
290147,617.7448918159665
290148,437.54506152487085
290149,344.4990671911077
290150,245.58762800544275
290151,1596.560228729882
290152,1291.8726573135214
290153,856.9478899659216
290154,709.0105849529759
290155,277.3268377031204
290156,1887.6076555277577
290157,1544.4527130065655
290158,982.49179883845
290159,808.3217678835401
290160,734.3851024979442
290161,595.1383381001904
290162,480.78520209687787
290163,312.8480497825425
290164,240.9709110791469
290165,603.4583607626204
290166,1198.5573906931288
290167,973.7485732737888
290168,641.4376783706755
290169,518.4089565360443
290170,338.10906273553724
290171,1428.0015456236563
290172,1157.697233613798
290173,741.2953285685344
290174,615.2905315905746
290175,116.05284006718097
290176,610.2457005355386
290177,485.8006558160803
290178,320.2443118424916
290179,248.36717313909614
290180,190.39630409327202
290181,1223.9111561236525
290182,986.9609652393453
290183,655.3985856969194
290184,534.0623460406354
290185,207.82221303128648
290186,1462.810980799573
290187,1175.2453410711412
290188,754.4119742820651
290189,630.0996594824522
290190,57.65105736631059
290191,428.16525668649075
290192,336.6042043430432
290193,234.68409379350535
290194,176.62587650329826
290195,116.38962133593708
290196,903.1581334819421
290197,719.5744721756098
290198,466.50573136855735
290199,361.7389396327608
290200,142.76685799335291
290201,1058.7462556438122
290202,834.1983251862786
290203,543.826069429118
290204,436.08320254999086
290205,718.6509393716345
290206,26.800964903746763
290207,0.16855989389182122
290208,22.145709807111082
290209,-7.618227208423817
290210,52.15387848774111
290211,29.7985483860914
290212,4.806079631622401
290213,20.464930192142678
290214,-11.119356233796818
290215,-8.563290470888411
290216,46.03942012533506
290217,22.856911843233483
290218,36.65121521797579
290219,7.529946278603952
290220,142.5522524254702
290221,1022.7429877926027
290222,802.0560186376194
290223,532.4472237823846
290224,420.6431624809639
290225,289.44716527134693
290226,1996.4880531863046
290227,1597.3006184385306
290228,1077.6856877141922
290229,872.1904479492297
290230,354.77190269186076
290231,2380.2885720771055
290232,1897.6557219522413
290233,1242.4065204523615
290234,1010.6785547454351
290235,132.77081680560977
290236,805.8870698627217
290237,618.6711996120015
290238,438.4713693209058
290239,345.4253749871427
290240,246.51393580147774
290241,1597.486536525917
290242,1292.7989651095563
290243,857.8741977619566
290244,709.9368927490109
290245,278.2531454991554
290246,1888.5339633237927
290247,1545.3790208026005
290248,983.418106634485
290249,809.2480756795751
290250,734.7772702229175
290251,595.5305058251636
290252,483.4468853643765
290253,312.29799544493073
290254,240.42085674153515
290255,603.8505284875937
290256,1198.949558418102
290257,978.6057909384887
290258,640.8876240330636
290259,517.8589021984325
290260,338.5012304605106
290261,1428.3937133486295
290262,1162.554451278498
290263,740.7452742309225
290264,614.7404772529627
290265,117.4396425297771
290266,611.6325029981348
290267,489.45697382120164
290268,320.68889224250256
290269,248.81175353910717
290270,191.78310655586822
290271,1225.2979585862486
290272,992.8128176416681
290273,655.8431660969304
290274,534.5069264406463
290275,209.20901549388267
290276,1464.197783262169
290277,1181.097193473464
290278,754.8565546820761
290279,630.5442398824632
290280,59.037859828906726
290281,429.55205914908686
290282,340.26052234816456
290283,235.1286741935164
290284,177.0704569033093
290285,117.77642379853322
290286,904.5449359445382
290287,725.4263245779325
290288,466.9503117685683
290289,362.18352003277175
290290,144.1536604559491
290291,1060.1330581064083
290292,840.0501775886013
290293,544.270649829129
290294,436.52778295000184
290295,720.0377418342307
290296,28.18776736634291
290297,0.5388688025580093
290298,22.590290207122074
290299,-7.173646808412821
290300,54.54889474588724
290301,32.19356464423753
290302,6.184602335838563
290303,21.917724387703647
290304,-9.666562038235845
290305,-7.176488008292258
290306,47.42622258793121
290307,23.22722075189967
290308,37.09579561798678
290309,7.974526678614947
290310,143.93905488806638
290311,1024.1297902551987
290312,807.8646714979417
290313,532.8918041823956
290314,421.0877428809749
290315,291.842181529493
290316,1998.8830694444505
290317,1604.1174850944026
290318,1079.1384819097532
290319,873.6432421447906
290320,356.15870515445687
290321,2381.6753745397014
290322,1903.4643748125634
290323,1242.8511008523726
290324,1011.1231351454461
290325,134.15761926820596
290326,807.2738723253178
290327,621.7971540295295
290328,438.9159497209168
290329,345.86995538715365
290330,248.9089520596239
290331,1599.881552784063
290332,1296.9331333226341
290333,859.3269919575175
290334,711.3896869445718
290335,279.6399479617515
290336,1889.9207657863888
290337,1548.5049752201285
290338,983.8626870344959
290339,809.6926560795861
290340,739.8201554835138
290341,613.0731615410087
290342,496.4027427050206
290343,310.2005148397627
290344,248.2329131476832
290345,629.3519473590948
290346,1217.4045976029302
290347,995.1446588716171
290348,631.7533204492603
290349,548.7760049412732
290350,315.30774165887635
290351,1448.0185459434279
290352,1180.2631126215979
290353,732.404152834
290354,646.4507621826842
290355,125.44022854112586
290356,631.8724293411362
290357,503.39141415111584
290358,319.58023318587243
290359,257.6126314937928
290360,204.97352040691248
290361,1255.8226670396473
290362,1019.7026672054803
290363,649.3901662400116
290364,566.4128507320246
290365,226.21200877502633
290366,1496.0131432980295
290367,1202.3574642288968
290368,749.196737012038
290369,663.2433463607223
290370,68.25328366080062
290371,441.1954802698546
290372,352.30277866996875
290373,232.11759256950887
290374,180.6438921415697
290375,133.54013423544018
290376,925.2585715179563
290377,747.8509637105725
290378,460.3885869425731
290379,388.8620016077253
290380,162.3714915576378
290381,1080.7788864969714
290382,856.8452379128606
290383,538.502107190014
290384,463.9994467118362
290385,729.367310159389
290386,36.79855493036847
290387,6.879780073370846
290388,19.43216258365288
290389,-10.702768806982965
290390,95.93232475818546
290391,40.58780952278621
290392,8.882533259245735
290393,20.66171253932746
290394,-16.26613543095018
290395,-3.2380237362620954
290396,54.848211649848636
290397,27.260518684990906
290398,37.1751507792946
290399,2.710320295584633
290400,149.80641300001903
290401,1033.6647287350854
290402,810.9665371461712
290403,523.4035198326804
290404,450.6573223773297
290405,321.4247977401969
290406,2035.0568794824735
290407,1613.034500022727
290408,1054.358911916694
290409,922.3054542623023
290410,372.7061589953647
290411,2405.2889353325477
290412,1920.2087974827834
290413,1214.9350698619337
290414,1075.2688775008135
290415,147.73258880957675
290416,824.5708718508627
290417,636.6965717456867
290418,442.65516860446826
290419,370.72665417359354
290420,269.43129616967514
290421,1622.9595996991634
290422,1309.1366870897082
290423,854.8191709415556
290424,749.9815107272186
290425,305.07253179095585
290426,1917.2064469863833
290427,1572.9570093197667
290428,976.2184050211541
290429,863.7680101000886
290430,741.8622145711619
290431,641.6418392587811
290432,524.3995856997478
290433,335.37626581816886
290434,273.5998243859304
290435,538.5343055469086
290436,1260.4766507589661
290437,1025.1257121228848
290438,665.1338406461613
290439,585.5704674949816
290440,284.67347722395965
290441,1496.7525157864409
290442,1213.2456217884114
290443,781.1691545958033
290444,684.6085302507654
290445,122.76306171387053
290446,666.6690981690165
290447,535.0499988192308
290448,344.13747238377965
290449,282.3610309515411
290450,201.86320892017943
290451,1305.7412230862903
290452,1053.9639739106353
290453,682.7706864369127
290454,603.207313285733
290455,240.17625546486298
290456,1567.3254057125591
290457,1252.0854946044997
290458,797.9617387738414
290459,701.4011144288035
290460,76.81653340763555
290461,464.95313397383455
290462,368.0979789141517
290463,249.8632153163361
290464,198.58067514823802
290465,140.77679097370736
290466,957.7377782778249
290467,774.0342814802552
290468,490.6268695599635
290469,420.18765022567715
290470,182.3242011545323
290471,1131.8485046847672
290472,895.6919844130313
290473,581.0555779818454
290474,493.61910745370005
290475,722.5828448566579
290476,33.39297455991832
290477,2.6948442240196697
290478,17.705783731536787
290479,-16.08695832387854
290480,66.48274882695341
290481,34.282730501686096
290482,8.40910721988885
290483,28.374605179863625
290484,-14.258973083871076
290485,-1.9606257373194669
290486,52.455215636221354
290487,19.343065587489228
290488,43.450938335509115
290489,-6.146033875614665
290490,162.20882165374508
290491,1071.0964131397263
290492,834.720015069775
290493,548.1496555194858
290494,474.55826284782916
290495,336.6707867929825
290496,2182.6993040241337
290497,1716.0919362072054
290498,1097.2412958798245
290499,971.9177113647321
290500,393.1508875546171
290501,2541.8307511874764
290502,2041.2977998474566
290503,1272.9674409002903
290504,1128.1928364145642
290505,162.32827328710547
290506,869.9690410407804
290507,671.927093647786
290508,469.02971516034717
290509,396.95302030142005
290510,283.832199561761
290511,1724.7389391497513
290512,1373.378539687119
290513,903.618139238844
290514,802.5836461881347
290515,333.3694535634973
290516,2026.1570599741733
290517,1655.1550931234626
290518,1040.7282505423427
290519,925.0364924839806
290520,734.7974197202182
290521,673.1001918338719
290522,539.8947498039056
290523,354.02587764229816
290524,287.88921454124915
290525,429.667944876961
290526,1347.5243463208803
290527,1106.1069702493721
290528,707.824493535522
290529,616.6397244384259
290530,271.4484994694519
290531,1606.392083281422
290532,1315.9904966692732
290533,825.0712062595488
290534,722.3282785984908
290535,129.99476427426407
290536,701.2603229396029
290537,554.3135503756125
290538,364.6979813855862
290539,298.56131828453726
290540,206.73031933572813
290541,1395.7727627878023
290542,1136.8027223116694
290543,725.4613393262734
290544,634.2765702291773
290545,245.7902346572434
290546,1683.8853706886373
290547,1358.486124235261
290548,843.6620549129398
290549,740.9191272518817
290550,87.99621081487324
290551,490.33724185079853
290552,389.2546031664117
290553,261.71851422774284
290554,206.07575239083423
290555,154.20028552138086
290556,1002.9677188538717
290557,820.184729331969
290558,513.3995569925796
290559,431.3389417123764
290560,195.85797005225598
290561,1177.8454501182832
290562,939.6428930773757
290563,604.6116885004881
290564,510.99291465632285
290565,705.4294977035406
290566,41.235079738476244
290567,5.674079220219334
290568,19.820037540501982
290569,-16.221143166713325
290570,79.53183728261088
290571,33.482502988561855
290572,8.529386982431594
290573,29.686068076202965
290574,-22.45712311643805
290575,15.473569272237022
290576,54.99511601299904
290577,20.86749595199985
290578,44.087344740510616
290579,-15.019240399519484
290580,164.80383186204412
290581,1121.0397068829657
290582,892.5535955694867
290583,575.1375731468556
290584,491.28278131777165
290585,331.16697932425694
290586,2303.8122676676767
290587,1794.710045032731
290588,1166.034495983285
290589,1023.1863380336596
290590,415.60647068301523
290591,2677.9913145151004
290592,2147.8843381182846
290593,1380.0558999564607
290594,1217.7567220362012
290595,164.89977986241396
290596,916.7779751086732
290597,725.8157528138148
290598,491.74783325108956
290599,409.40773923473506
290600,280.2460765675299
290601,1807.3321628656158
290602,1481.3045365699024
290603,939.9443251352037
290604,821.3852586499609
290605,337.22257864612214
290606,2143.623707307842
290607,1777.3038338527901
290608,1094.829552871144
290609,961.6132213782487
290610,703.3373584743116
290611,751.3511414575843
290612,606.3176796402034
290613,409.77091384954525
290614,343.5089843881242
290615,322.09055421349007
290616,1523.2165627237673
290617,1237.994909315505
290618,768.6925403229153
290619,675.7057496992564
290620,287.95732348610983
290621,1785.410653625322
290622,1451.4067496352084
290623,916.0925837705656
290624,808.6434869252382
290625,153.20247662385006
290626,778.6349940333599
290627,622.4417675094701
290628,420.6398112194832
290629,354.3778817580621
290630,216.55154936913812
290631,1562.3329191030957
290632,1266.5084737366258
290633,783.9845005624811
290634,693.8005281714652
290635,250.45712608925564
290636,1848.763010572161
290637,1491.7201895600197
290638,932.338546872771
290639,827.6922682600865
290640,108.84243571252148
290641,555.8409027513425
290642,443.28340816949
290643,287.91259148541315
290644,232.51886716776144
290645,166.7054171997916
290646,1087.770229436206
290647,891.3113801033406
290648,554.1115378477336
290649,473.4260231532387
290650,200.10312218916803
290651,1297.9162296857521
290652,1056.9622738852354
290653,692.0035159670247
290654,596.8556950508628
290655,732.8440315758179
290656,43.379751539605735
290657,12.474829461787351
290658,26.9154187343196
290659,-6.01996832294502
290660,35.58719235743836
290661,40.58996447002445
290662,17.968109401195722
290663,34.05254749735166
290664,-13.032295176523922
290665,15.153850753766978
290666,65.52400688845766
290667,38.13914946654348
290668,53.91711570164069
290669,-0.17851244663691634
290670,182.48349672440165
290671,1241.7452425898684
290672,994.5936776372677
290673,638.8851169495023
290674,554.0904097760673
290675,385.8458700999247
290676,2527.8572195750694
290677,1949.4637927689596
290678,1276.0154978201697
290679,1118.8930379389717
290680,438.7344212315429
290681,3021.9847684926485
290682,2419.6917012259787
290683,1520.6524790728859
290684,1338.5733575134998
290685,176.06922066290085
290686,1012.8812305207055
290687,799.830264067505
290688,528.1222234324781
290689,444.8422140717711
290690,329.10384868480946
290691,1974.856432211957
290692,1635.9890136347838
290693,1031.7809111851702
290694,908.6599134336802
290695,361.90367244478165
290696,2352.6690739494966
290697,1922.3299427802974
290698,1220.4655298268917
290699,1077.1816253601946
290700,737.3839433422501
290701,612.4960641214554
290702,493.5561297429421
290703,309.7670659744784
290704,247.79946428239882
290705,628.0630627019503
290706,1215.5232169879077
290707,988.7982283168681
290708,630.0155883885066
290709,547.0382728805196
290710,312.87152951761266
290711,1447.441448523875
290712,1175.2209652623183
290713,731.9707039687155
290714,646.0173133173998
290715,126.80037646876906
290716,635.0916919904898
290717,504.34116125794424
290718,322.94314438949505
290719,260.9755426974154
290720,206.3206050590121
290721,1260.1859660080524
290722,1019.6009162341594
290723,652.1649545617058
290724,569.1876390537187
290725,230.0204762171904
290726,1501.680725461904
290727,1203.5599964530447
290728,753.2758085292013
290729,667.3224178778856
290730,69.61343158844387
290731,444.4147429192084
290732,353.25252577679726
290733,235.4805037731314
290734,184.00680334519222
290735,134.88721888753975
290736,929.6218704863614
290737,747.7492127392511
290738,463.16337526426736
290739,391.63678992941954
290740,166.17995899980187
290741,1086.446468660846
290742,858.0477701370085
290743,542.5811787071774
290744,468.07851822899966
290745,727.640365328729
290746,36.93072482141894
290747,8.028443518351278
290748,19.707981028972196
290749,-10.426950361663641
290750,40.269731346454236
290751,40.71997941383668
290752,10.03119670422617
290753,20.937530984646784
290754,-15.990316985630859
290755,-13.065083077647202
290756,54.980381540899124
290757,28.409182129971338
290758,37.450969224613935
290759,2.9861387409039546
290760,149.7241871152833
290761,1035.4416175720603
290762,808.3215755854197
290763,525.324057223924
290764,452.5778597685733
290765,320.18547226086594
290766,2036.8337683194484
290767,1610.3895384619757
290768,1056.2794493079377
290769,924.2259916535459
290770,372.62393311062897
290771,2407.065824169522
290772,1917.5638359220322
290773,1216.8556072531774
290774,1077.1894148920571
290775,138.5310105110255
290776,817.2284082740218
290777,627.6149562139141
290778,435.45635358189634
290779,363.5278391510216
290780,259.0726182765287
290781,1615.6171361223226
290782,1300.0550715579354
290783,847.6203559189837
290784,742.7826957046467
290785,295.87095349240457
290786,1909.8639834095425
290787,1563.875393787994
290788,969.0195899985822
290789,856.5691950775167
290790,737.3839433422501
290791,612.4960641214554
290792,493.5561297429421
290793,309.7670659744784
290794,247.79946428239882
290795,628.0630627019503
290796,1215.5232169879077
290797,988.7982283168681
290798,630.0155883885066
290799,547.0382728805196
290800,312.87152951761266
290801,1447.441448523875
290802,1175.2209652623183
290803,731.9707039687155
290804,646.0173133173998
290805,126.80037646876906
290806,635.0916919904898
290807,504.34116125794424
290808,322.94314438949505
290809,260.9755426974154
290810,206.3206050590121
290811,1260.1859660080524
290812,1019.6009162341594
290813,652.1649545617058
290814,569.1876390537187
290815,230.0204762171904
290816,1501.680725461904
290817,1203.5599964530447
290818,753.2758085292013
290819,667.3224178778856
290820,69.61343158844387
290821,444.4147429192084
290822,353.25252577679726
290823,235.4805037731314
290824,184.00680334519222
290825,134.88721888753975
290826,929.6218704863614
290827,747.7492127392511
290828,463.16337526426736
290829,391.63678992941954
290830,166.17995899980187
290831,1086.446468660846
290832,858.0477701370085
290833,542.5811787071774
290834,468.07851822899966
290835,727.640365328729
290836,36.93072482141894
290837,8.028443518351278
290838,19.707981028972196
290839,-10.426950361663641
290840,40.269731346454236
290841,40.71997941383668
290842,10.03119670422617
290843,20.937530984646784
290844,-15.990316985630859
290845,-13.065083077647202
290846,54.980381540899124
290847,28.409182129971338
290848,37.450969224613935
290849,2.9861387409039546
290850,149.7241871152833
290851,1035.4416175720603
290852,808.3215755854197
290853,525.324057223924
290854,452.5778597685733
290855,320.18547226086594
290856,2036.8337683194484
290857,1610.3895384619757
290858,1056.2794493079377
290859,924.2259916535459
290860,372.62393311062897
290861,2407.065824169522
290862,1917.5638359220322
290863,1216.8556072531774
290864,1077.1894148920571
290865,138.5310105110255
290866,817.2284082740218
290867,627.6149562139141
290868,435.45635358189634
290869,363.5278391510216
290870,259.0726182765287
290871,1615.6171361223226
290872,1300.0550715579354
290873,847.6203559189837
290874,742.7826957046467
290875,295.87095349240457
290876,1909.8639834095425
290877,1563.875393787994
290878,969.0195899985822
290879,856.5691950775167
290880,738.346884557027
290881,612.6637743636986
290882,495.99335552771055
290883,309.79112766245277
290884,250.19175151302997
290885,626.5743932371388
290886,1215.690927230151
290887,993.4309884988378
290888,630.0396500764808
290889,549.4305601111506
290890,313.8344707323897
290891,1447.609158766118
290892,1179.853725444288
290893,731.9947656566898
290894,648.4096005480309
290895,127.76331768354598
290896,637.6417581645788
290897,509.1607429745585
290898,325.34956200931526
290899,265.7501858598923
290900,208.44064586838425
290901,1262.7360321821416
290902,1026.616032347975
290903,654.5713721815259
290904,573.9622822161956
290905,230.98341743196735
290906,1504.2307916359932
290907,1210.5751125668605
290908,755.6822261490214
290909,672.0970610403625
290910,70.57637280322082
290911,444.5824531614516
290912,355.68975156156574
290913,235.50456546110578
290914,186.39909057582332
290915,137.0072596969119
290916,929.7895807286046
290917,752.3819729212208
290918,463.18743695224174
290919,394.02907716005063
290920,167.14290021457882
290921,1086.6141789030892
290922,862.6805303189782
290923,542.6052403951517
290924,470.47080545963075
290925,728.6033065435059
290926,37.09843506366214
290927,7.179660206664516
290928,19.732042716946545
290929,-8.03466313103258
290930,42.38977215582639
290931,40.88768965607987
290932,9.182413392539408
290933,20.96159267262113
290934,-13.598029754999796
290935,-12.102141862870255
290936,55.14809178314231
290937,27.560398818284575
290938,37.47503091258827
290939,5.378425971535014
290940,150.68712833006026
290941,1035.6093278143032
290942,812.911136225389
290943,525.3481189118983
290944,454.9701469992044
290945,322.3055130702382
290946,2037.0014785616916
290947,1614.979099101945
290948,1056.3035109959121
290949,926.6182788841769
290950,373.58687432540603
290951,2407.2335344117655
290952,1922.1533965620015
290953,1216.8796689411517
290954,1079.5817021226883
290955,139.49395172580245
290956,817.396118516265
290957,629.521818411089
290958,435.4804152698707
290959,365.9201263816527
290960,261.1926590859009
290961,1615.7848463645657
290962,1301.9619337551105
290963,847.644417606958
290964,745.1749829352777
290965,296.8338947071816
290966,1910.0316936517856
290967,1565.782255985169
290968,969.0436516865565
290969,858.9614823081478
290970,738.346884557027
290971,612.6637743636986
290972,495.99335552771055
290973,309.79112766245277
290974,250.19175151302997
290975,626.5743932371388
290976,1215.690927230151
290977,993.4309884988378
290978,630.0396500764808
290979,549.4305601111506
290980,313.8344707323897
290981,1447.609158766118
290982,1179.853725444288
290983,731.9947656566898
290984,648.4096005480309
290985,127.76331768354598
290986,637.6417581645788
290987,509.1607429745585
290988,325.34956200931526
290989,265.7501858598923
290990,208.44064586838425
290991,1262.7360321821416
290992,1026.616032347975
290993,654.5713721815259
290994,573.9622822161956
290995,230.98341743196735
290996,1504.2307916359932
290997,1210.5751125668605
290998,755.6822261490214
290999,672.0970610403625
291000,70.57637280322082
291001,444.5824531614516
291002,355.68975156156574
291003,235.50456546110578
291004,186.39909057582332
291005,137.0072596969119
291006,929.7895807286046
291007,752.3819729212208
291008,463.18743695224174
291009,394.02907716005063
291010,167.14290021457882
291011,1086.6141789030892
291012,862.6805303189782
291013,542.6052403951517
291014,470.47080545963075
291015,728.6033065435059
291016,37.09843506366214
291017,7.179660206664516
291018,19.732042716946545
291019,-8.03466313103258
291020,42.38977215582639
291021,40.88768965607987
291022,9.182413392539408
291023,20.96159267262113
291024,-13.598029754999796
291025,-12.102141862870255
291026,55.14809178314231
291027,27.560398818284575
291028,37.47503091258827
291029,5.378425971535014
291030,150.68712833006026
291031,1035.6093278143032
291032,812.911136225389
291033,525.3481189118983
291034,454.9701469992044
291035,322.3055130702382
291036,2037.0014785616916
291037,1614.979099101945
291038,1056.3035109959121
291039,926.6182788841769
291040,373.58687432540603
291041,2407.2335344117655
291042,1922.1533965620015
291043,1216.8796689411517
291044,1079.5817021226883
291045,139.49395172580245
291046,817.396118516265
291047,629.521818411089
291048,435.4804152698707
291049,365.9201263816527
291050,261.1926590859009
291051,1615.7848463645657
291052,1301.9619337551105
291053,847.644417606958
291054,745.1749829352777
291055,296.8338947071816
291056,1910.0316936517856
291057,1565.782255985169
291058,969.0436516865565
291059,858.9614823081478
291060,736.8954927939646
291061,637.7390012307606
291062,520.4967476717272
291063,331.4734277901483
291064,274.62069714217114
291065,533.5675837697115
291066,1256.5738127309455
291067,1021.2228740948646
291068,661.2310026181407
291069,586.5913402512223
291070,279.70675544676243
291071,1492.8496777584203
291072,1209.3427837603908
291073,777.2663165677827
291074,685.6294030070061
291075,121.59270000558017
291076,668.9449761417486
291077,537.325876791963
291078,346.4133503565119
291079,289.56061970853466
291080,203.14116672640978
291081,1310.4654205735433
291082,1058.6881713978883
291083,685.7627247231857
291084,611.1230623562673
291085,241.45421327109335
291086,1572.049603199812
291087,1256.8096920917526
291088,800.9537770601144
291089,709.3168634993377
291090,75.64617169934517
291091,464.84665601472096
291092,367.99150095503813
291093,249.7567373572224
291094,203.39790797338557
291095,142.05474877993777
291096,960.079619833232
291097,776.3761230356623
291098,491.23655191439076
291099,425.7210433643657
291100,183.60215896076267
291101,1134.1903462401742
291102,898.0338259684384
291103,581.6652603362726
291104,499.1525005923886
291105,719.5171640421985
291106,31.39117749463557
291107,0.6930471587369207
291108,15.703986666254039
291109,-13.165044604900007
291110,38.937785696572575
291111,32.28093343640336
291112,6.407310154606106
291113,26.372808114580877
291114,-11.337059364892538
291115,-5.026306551778892
291116,50.45341857093861
291117,17.34126852220648
291118,41.44914127022638
291119,-3.2241201566361344
291120,160.78785978520986
291121,1070.739335020368
291122,834.3629369504165
291123,547.7925774001274
291124,479.124895512732
291125,335.24982492444735
291126,2182.342225904775
291127,1715.734858087847
291128,1096.884217760466
291129,976.4843440296349
291130,391.72992568608197
291131,2541.473673068118
291132,2040.9407217280975
291133,1272.6103627809318
291134,1132.7594690794672
291135,151.78795900475473
291136,860.4926105076065
291137,662.4506631146121
291138,459.5532846271732
291139,392.40030055250736
291140,273.29188527941034
291141,1715.2625086165772
291142,1363.9021091539448
291143,894.1417087056701
291144,798.0309264392221
291145,322.82913928114664
291146,2016.6806294409992
291147,1645.6786625902885
291148,1031.2518200091688
291149,920.483772735068
291150,730.0004167672206
291151,669.367072630051
291152,536.1616306000847
291153,350.2927584384773
291154,292.7123135622608
291155,424.87094192396336
291156,1343.7912271170596
291157,1102.3738510455514
291158,704.0913743317011
291159,621.4628234594375
291160,266.65149651645436
291161,1602.6589640776012
291162,1312.2573774654525
291163,821.3380870557279
291164,727.1513776195023
291165,128.99412139017338
291166,703.7059197365347
291167,556.7591471725443
291168,367.1435781825181
291169,309.5631333063017
291170,207.46154747151434
291171,1397.8398983906197
291172,1138.8698579144868
291173,728.6230964367461
291174,645.9945455644825
291175,247.23791128767346
291176,1688.77928700009
291177,1363.3800405467139
291178,846.8238120234124
291179,752.6371025871869
291180,86.9955679307826
291181,490.4004827158846
291182,389.31784403149777
291183,261.7817550928289
291184,214.69521148075273
291185,154.93151365716707
291186,1002.6524985248432
291187,819.8695090029405
291188,514.1789581712067
291189,440.6745611158359
291190,197.30564668268605
291191,1180.35701049789
291192,942.1544534569824
291193,605.3910896791149
291194,520.328534059783
291195,702.5335357132809
291196,39.4030014973932
291197,3.8420009791362766
291198,17.987959299418943
291199,-14.636378421351894
291200,79.82360673044889
291201,31.650424747478787
291202,6.697308741348552
291203,27.853989835119904
291204,-20.872358371076622
291205,12.577607281977276
291206,53.163037771915995
291207,19.0354177109168
291208,42.25526649942757
291209,-13.434475654158057
291210,163.5525888177086
291211,1120.8523475878071
291212,892.3662362743279
291213,574.9502138516968
291214,502.73250940320287
291215,329.9157362799215
291216,2303.624908372518
291217,1794.5226857375724
291218,1165.8471366881265
291219,1034.6360661190904
291220,414.35522763867976
291221,2677.8039552199416
291222,2147.696978823126
291223,1379.8685406613022
291224,1229.2064501216328
291225,154.5291844042629
291226,907.471263399699
291227,716.5090411048405
291228,482.44112154211524
291229,411.7381149063508
291230,269.8754811093789
291231,1798.0254511566416
291232,1471.9978248609282
291233,930.6376134262294
291234,823.7156343215765
291235,326.85198318797114
291236,2134.3169955988674
291237,1767.997122143816
291238,1085.5228411621697
291239,963.9435970498644
291240,697.6589430742631
291241,746.9837311418358
291242,601.950269324455
291243,403.6370457836761
291244,351.20429652982983
291245,316.41213881344163
291246,1518.849152408019
291247,1233.6274989997569
291248,762.558672257046
291249,683.4010618409618
291250,281.53109377652834
291251,1780.295429000041
291252,1446.2915250099272
291253,909.2109013951633
291254,815.5909847574105
291255,151.23995757392564
291256,780.3658359995813
291257,624.1726094756915
291258,420.60419543558396
291259,368.1714461817376
291260,215.6950678847112
291261,1560.5327958374132
291262,1264.7083504709433
291263,784.6650450921226
291264,708.3102529086813
291265,250.19511224431892
291266,1852.1943577433706
291267,1495.1515367312293
291268,932.2712770928794
291269,841.4541786877695
291270,106.87991666259708
291271,555.189388785718
291272,442.6318942038657
291273,285.4946197696681
291274,243.93007565959098
291275,165.8489357153647
291276,1083.5877502386775
291277,887.128900905812
291278,552.4097264455293
291279,485.55339195860927
291280,199.84110834423132
291281,1298.9652209251158
291282,1058.011265124599
291283,689.5538902552872
291284,608.2352495467
291285,728.9861934197244
291286,40.832918467812355
291287,9.92799638999398
291288,22.602127912405386
291289,-1.6434541756725218
291290,34.91708563944262
291291,38.0431313982311
291292,15.421276329402351
291293,29.739256675437456
291294,-8.655781029251445
291295,11.296012597673492
291296,62.977173816664305
291297,35.592316394750114
291298,49.6038248797265
291299,4.198001700635579
291300,180.2703775142324
291301,1240.8431284639996
291302,993.6915635113983
291303,636.2165450735123
291304,568.3318872634094
291305,383.63275088975547
291306,2526.9551054492003
291307,1948.5616786430908
291308,1273.34692594418
291309,1133.1345154263145
291310,436.5213020213737
291311,3021.0826543667795
291312,2418.7895871001097
291313,1517.983907196896
291314,1352.8148350008425
291315,164.73674903891606
291316,1002.8597639810208
291317,789.8087975278204
291318,516.3342991426722
291319,449.9643391452979
291320,317.7713770608247
291321,1964.8349656722726
291322,1625.9675470950992
291323,1019.9929868953648
291324,913.7820385072068
291325,350.5712008207969
291326,2342.647607409812
291327,1912.308476240613
291328,1208.6776055370863
291329,1082.3037504337217
291330,736.8259050392841
291331,611.3899161810791
291332,492.44998180256556
291333,306.89446028398123
291334,256.2005535578717
291335,625.0534137193958
291336,1214.4170690475314
291337,987.6920803764917
291338,627.1429826980095
291339,555.4393621559925
291340,311.11693691843624
291341,1445.138746287288
291342,1172.9182630257314
291343,727.901543982008
291344,653.2218482966623
291345,126.16187444702024
291346,636.2874362631765
291347,505.53690553063086
291348,322.37243091206085
291349,271.6785241859513
291350,205.4969206828351
291351,1255.4024255343143
291352,1014.8173757604209
291353,651.5942410842716
291354,579.8906205422546
291355,228.18541989923096
291356,1501.6799154383805
291357,1203.559186429521
291358,751.5085407555566
291359,676.8288450702111
291360,68.97492956669497
291361,443.22813126004917
291362,352.06591411763804
291363,232.52743436385134
291364,192.32742890188237
291365,134.0635345113628
291366,922.4559740807772
291367,740.5833163336669
291368,460.2103058549873
291369,399.9574154861097
291370,164.34490268184243
291371,1084.0633027054764
291372,855.6646041816388
291373,538.4315550016869
291374,475.20258948947935
291375,727.0018633069801
291376,35.744113162259715
291377,6.841831859192059
291378,16.754911619692148
291379,-7.245700043361568
291380,41.763955692528896
291381,39.53336775467747
291382,8.844585045066948
291383,17.98446157536672
291384,-12.809066667328809
291385,-10.422409717809
291386,53.79376988173989
291387,27.222570470812112
291388,34.49789981533387
291389,6.1673890592060285
291390,149.0856850935344
291391,1034.2550059129014
291392,807.1349639262605
291393,522.370987814644
291394,463.979354481021
291395,320.7040698337123
291396,2035.6471566602893
291397,1609.2029268028166
291398,1053.3263798986577
291399,935.6274863659934
291400,371.98543108888015
291401,2405.879212510363
291402,1916.3772242628731
291403,1213.9025378438973
291404,1088.590909604505
291405,137.8925084892766
291406,816.0417966148626
291407,626.4283445547549
291408,432.5032841726163
291409,374.9293338634693
291410,259.59121584937515
291411,1614.4305244631635
291412,1298.8684598987763
291413,844.6672865097037
291414,754.1841904170942
291415,295.23245147065575
291416,1908.6773717503834
291417,1562.6887821288349
291418,966.0665205893022
291419,867.9706897899642
291420,736.8259050392841
291421,611.3899161810791
291422,492.44998180256556
291423,306.89446028398123
291424,256.2005535578717
291425,625.0534137193958
291426,1214.4170690475314
291427,987.6920803764917
291428,627.1429826980095
291429,555.4393621559925
291430,310.54317904643074
291431,1444.5649884152826
291432,1172.344505153726
291433,727.3277861100025
291434,652.6480904246569
291435,126.16187444702024
291436,632.9551259236096
291437,502.20459519106396
291438,319.04012057249395
291439,268.3462138463844
291440,205.4969206828351
291441,1252.0701151947474
291442,1011.485065420854
291443,648.2619307447047
291444,576.5583102026877
291445,227.61166202722552
291446,1497.7738472268081
291447,1199.6531182179488
291448,747.6024725439843
291449,672.9227768586387
291450,68.97492956669497
291451,443.22813126004917
291452,352.06591411763804
291453,232.52743436385134
291454,192.32742890188237
291455,134.0635345113628
291456,922.4559740807772
291457,740.5833163336669
291458,460.2103058549873
291459,399.9574154861097
291460,163.77114480983698
291461,1083.489544833471
291462,855.0908463096333
291463,537.8577971296814
291464,474.62883161747385
291465,727.0018633069801
291466,35.744113162259715
291467,6.841831859192059
291468,16.754911619692148
291469,-7.245700043361568
291470,41.763955692528896
291471,39.53336775467747
291472,8.844585045066948
291473,17.98446157536672
291474,-12.809066667328809
291475,-10.422409717809
291476,53.79376988173989
291477,27.222570470812112
291478,34.49789981533387
291479,6.1673890592060285
291480,149.0856850935344
291481,1034.2550059129014
291482,807.1349639262605
291483,522.370987814644
291484,463.979354481021
291485,320.7040698337123
291486,2035.6471566602893
291487,1609.2029268028166
291488,1053.3263798986577
291489,935.6274863659934
291490,371.98543108888015
291491,2405.879212510363
291492,1916.3772242628731
291493,1213.9025378438973
291494,1088.590909604505
291495,137.8925084892766
291496,816.0417966148626
291497,626.4283445547549
291498,432.5032841726163
291499,374.9293338634693
291500,259.59121584937515
291501,1614.4305244631635
291502,1298.8684598987763
291503,844.6672865097037
291504,754.1841904170942
291505,295.23245147065575
291506,1908.6773717503834
291507,1562.6887821288349
291508,966.0665205893022
291509,867.9706897899642
291510,736.1617460362017
291511,610.7257571779968
291512,494.05533834200844
291513,304.4433579533167
291514,255.39274600052022
291515,624.3892547163135
291516,1213.7529100444488
291517,991.4929713131362
291518,621.0988255274467
291519,554.6315545986413
291520,309.8262714128761
291521,1443.848080781728
291522,1176.092647459898
291523,721.2308803089677
291524,651.7875342368335
291525,121.7013553750309
291526,628.4946068516203
291527,500.01359166159943
291528,312.7926581729225
291529,263.74204622012604
291530,198.58808209632494
291531,1245.1612766082371
291532,1009.0412767740708
291533,637.7052531916942
291534,571.2379822628887
291535,220.6500748102432
291536,1490.8122600098259
291537,1197.1565809406932
291538,736.9930463605017
291539,667.5497002883676
291540,64.5144104947056
291541,438.7676121880597
291542,349.8749105881738
291543,226.27997196427998
291544,187.7232612756241
291545,127.15469592485275
291546,915.5471354942672
291547,738.1395276868834
291548,449.6536283019767
291549,394.6370875463105
291550,156.80955759285467
291551,1076.5279576164887
291552,852.5943090323777
291553,527.2483709461989
291554,469.25575504720257
291555,728.0208186079958
291556,34.670635965936434
291557,4.751861108938819
291558,13.894491095786918
291559,-8.462825793953698
291560,25.097116047287116
291561,38.45989055835419
291562,6.754614294813717
291563,14.959509480054633
291564,-14.026192417920942
291565,-13.834996271096252
291566,52.66754405494449
291567,25.07985109008675
291568,31.420199089549655
291569,4.89751467814178
291570,147.80085748431551
291571,1032.9701783036828
291572,810.2719867147679
291573,516.5735638861026
291574,463.7786923556796
291575,319.41924222449336
291576,2034.3623290510704
291577,1612.3399495913238
291578,1039.5165664025478
291579,935.4268242406522
291580,370.6478548491891
291581,2404.541636270672
291582,1919.4614984209084
291583,1200.0399757173154
291584,1088.3374988486917
291585,136.6076808800577
291586,814.7569690056439
291587,626.8826689004679
291588,426.70586024407476
291589,374.7286717381279
291590,258.30638824015625
291591,1613.1456968539446
291592,1299.3227842444894
291593,830.8574730135936
291594,753.983528291753
291595,293.8948752309647
291596,1907.3397955106925
291597,1563.090357844076
291598,952.2039584627199
291599,867.7172790341509
291600,736.1617460362017
291601,610.7257571779968
291602,494.05533834200844
291603,304.4433579533167
291604,256.56057927319085
291605,624.3892547163135
291606,1213.7529100444488
291607,991.4929713131362
291608,621.0988255274467
291609,555.799387871312
291610,309.8262714128761
291611,1443.848080781728
291612,1176.092647459898
291613,721.2308803089677
291614,652.9553675095042
291615,121.7013553750309
291616,628.4946068516203
291617,500.01359166159943
291618,312.7926581729225
291619,264.9098794927968
291620,198.58808209632494
291621,1245.1612766082371
291622,1009.0412767740708
291623,637.7052531916942
291624,572.4058155355594
291625,220.6500748102432
291626,1490.8122600098259
291627,1197.1565809406932
291628,736.9930463605017
291629,668.7175335610383
291630,64.5144104947056
291631,438.7676121880597
291632,349.8749105881738
291633,226.27997196427998
291634,188.89109454829483
291635,127.15469592485275
291636,915.5471354942672
291637,738.1395276868834
291638,449.6536283019767
291639,395.80492081898126
291640,156.80955759285467
291641,1076.5279576164887
291642,852.5943090323777
291643,527.2483709461989
291644,470.4235883198733
291645,728.0208186079958
291646,34.670635965936434
291647,4.751861108938819
291648,13.894491095786918
291649,-7.294992521282971
291650,25.097116047287116
291651,38.45989055835419
291652,6.754614294813717
291653,14.959509480054633
291654,-12.858359145250217
291655,-13.834996271096252
291656,52.66754405494449
291657,25.07985109008675
291658,31.420199089549655
291659,6.065347950812505
291660,147.80085748431551
291661,1032.9701783036828
291662,810.2719867147679
291663,516.5735638861026
291664,464.94652562835034
291665,319.41924222449336
291666,2034.3623290510704
291667,1612.3399495913238
291668,1039.5165664025478
291669,936.5946575133229
291670,370.6478548491891
291671,2404.541636270672
291672,1919.4614984209084
291673,1200.0399757173154
291674,1089.5053321213622
291675,136.6076808800577
291676,814.7569690056439
291677,626.8826689004679
291678,426.70586024407476
291679,375.89650501079865
291680,258.30638824015625
291681,1613.1456968539446
291682,1299.3227842444894
291683,830.8574730135936
291684,755.1513615644237
291685,293.8948752309647
291686,1907.3397955106925
291687,1563.090357844076
291688,952.2039584627199
291689,868.8851123068216
291690,734.0549882305514
291691,636.0750049757971
291692,516.1162794419974
291693,325.38827834024744
291694,280.2521451615676
291695,530.7270792062981
291696,1254.9098164759819
291697,1014.1717787416308
291698,651.5527983283417
291699,592.2227882706188
291700,275.0431900846609
291701,1489.3626207047687
291702,1200.4686276084697
291703,765.7650514792957
291704,689.4377902277146
291705,114.87537165447712
291706,660.0718457595285
291707,525.7362744349765
291708,333.1190667793543
291709,287.9829336006744
291710,192.63323691176262
291711,1293.1646859303773
291712,1036.0003376564528
291713,668.1592259925892
291714,608.8292159348663
291715,230.4655046067813
291716,1556.72849536266
291717,1236.101485156331
291718,781.5272175308298
291719,705.1999562792487
291720,68.92884334824208
291721,459.3058359720675
291722,359.7342089376183
291723,239.79476411963176
291724,205.15253220509226
291725,131.54681896529075
291726,946.1111955296329
291727,757.0205996337936
291728,476.9653635233609
291729,426.7595072825315
291730,172.61345029645062
291731,1124.3781458843123
291732,882.8345265143066
291733,565.571011146555
291734,498.36790371186635
291735,719.5912791034996
291736,30.549368367047407
291737,-2.865233943617633
291738,10.441024343728634
291739,-11.850784696516163
291740,35.50350222774526
291741,31.439124308815177
291742,6.275466714180331
291743,20.94531422064863
291744,-10.02279945650869
291745,-9.383733344780854
291746,49.558860812878336
291747,17.156676451308588
291748,35.968898745821996
291749,-1.9626088787243934
291750,158.55819193627624
291751,1069.6861754798842
291752,830.5933054351666
291753,539.5926116729661
291754,489.6758634405121
291755,333.0201570755136
291756,2181.289066364291
291757,1708.8200764854234
291758,1080.671862465736
291759,987.0353119574154
291760,389.44750920667616
291761,2540.3677648971616
291762,2033.9731914952013
291763,1256.3452588557298
291764,1143.2576883767754
291765,149.5582911558211
291766,863.6189690710772
291767,658.6810315993622
291768,451.3533189000114
291769,402.95126848028747
291770,271.0622174304766
291771,1718.3888671800478
291772,1356.9873275515213
291773,877.92935341094
291774,808.5818943670024
291775,320.5467228017408
291776,2019.7542393739977
291777,1638.711132357393
291778,1014.9867160839667
291779,930.9819920323762
291780,728.3912911426448
291781,667.7520882763255
291782,531.8301742715928
291783,342.2762988025722
291784,296.9384627863909
291785,423.2618162993875
291786,1342.176242763334
291787,1095.3717675935561
291788,692.4818598558979
291789,625.6889726835675
291790,263.21931009319036
291791,1599.2209189251876
291792,1303.4322332147692
291793,807.9055117812367
291794,729.5544660449443
291795,123.50817197790772
291796,694.8818012555525
291797,545.2185567167958
291798,351.91798441935634
291799,306.5801484031751
291800,198.9014450903485
291801,1383.4149563573271
291802,1119.0578167829246
291803,709.0882875201454
291804,642.295400347815
291805,237.4805815621989
291806,1673.507191064176
291807,1342.72084551253
291808,825.4659423081237
291809,747.1148965718313
291810,81.50961851851699
291811,484.90867457446916
291812,381.10956391531596
291813,249.88847166923398
291814,215.04453691719294
291815,146.37141127600123
291816,991.5598668311173
291817,803.389778210945
291818,497.97645959417224
291819,440.3077262387353
291820,187.54831695721148
291821,1170.593822043266
291822,927.0041659040886
291823,587.365530303393
291824,518.1386383839944
291825,703.8390297134194
291826,38.61020427104304
291827,0.3327317780197275
291828,16.28361695010129
291829,-9.588042069846443
291830,70.23513523045784
291831,30.857627521128638
291832,6.61447720216078
291833,25.98511591439539
291834,-15.824022019571165
291835,9.451559427812803
291836,52.31749191509372
291837,18.899837541256904
291838,40.33364394823094
291839,-8.438887933124722
291840,162.55429990761246
291841,1119.8481999485614
291842,888.6456166603159
291843,562.5647477030371
291844,512.4462966330823
291845,328.91744736982525
291846,2302.620760733272
291847,1787.6569160363867
291848,1145.4492809718981
291849,1044.3498533489694
291850,413.30419009811146
291851,2676.7470589502236
291852,2140.7784604914677
291853,1359.4179363146018
291854,1238.8674887210398
291855,153.53089549416677
291856,910.6466338644076
291857,712.7884214908286
291858,470.05565539345514
291859,421.45190213622976
291860,268.87719219928266
291861,1801.20082162135
291862,1465.1320551597425
291863,910.239757710001
291864,833.4294215514558
291865,325.80094564740284
291866,2137.4396174331036
291867,1761.0786038121582
291868,1065.0722368154693
291869,973.6046356492715
291870,696.9312298967383
291871,746.0030379000378
291872,598.2531041078906
291873,398.0213350098193
291874,354.762603615776
291875,315.68442563591657
291876,1517.8684591662209
291877,1227.259706659689
291878,753.3499066432912
291879,686.9593689269082
291880,279.72813410984827
291881,1778.2394892690877
291882,1438.8484861807044
291883,898.9268892922535
291884,818.0740453542019
291885,146.71588432749368
291886,772.2564723493095
291887,613.3467738506533
291888,407.8598142532533
291889,364.60108285920995
291890,208.72267512375848
291891,1549.9751126726205
291892,1248.763568207881
291893,767.6114487563531
291894,704.023729272613
291895,242.14747299421114
291896,1838.3848309476996
291897,1475.9549108372887
291898,914.1424342679549
291899,836.0924085625462
291900,102.35584341616523
291901,550.4123354750132
291902,435.13836891839424
291903,276.08254892690434
291904,243.6920226766302
291905,158.87654295441197
291906,1076.3623774134517
291907,874.5164289823166
291908,538.6884404493267
291909,484.59917866210765
291910,191.79346909412354
291911,1290.664601610735
291912,1044.3235467119487
291913,674.7573577699296
291914,606.2057897610435
291915,731.2535635856967
291916,40.754876072172515
291917,7.133482019587745
291918,23.378998143918885
291919,2.8175037564319396
291920,23.432270463219584
291921,37.96508900259123
291922,16.05319962092489
291923,30.351595335544094
291924,-4.194823097146977
291925,9.131840909342758
291926,62.84638279055235
291927,36.17149105580054
291928,50.16341490936101
291929,8.606211002267926
291930,180.23396476997
291931,1240.5537356554642
291932,990.6856987280964
291933,626.3122915056838
291934,577.4582960738878
291935,383.596338145493
291936,2526.665712640665
291937,1942.410663772615
291938,1255.4302828087827
291939,1142.2609242367926
291940,436.43214064663914
291941,3020.7405129277718
291942,2412.585823599162
291943,1500.014515431027
291944,1361.8884951808486
291945,164.70033629465365
291946,1006.7498892764398
291947,786.8029327445188
291948,506.4300455748431
291949,459.09074795577584
291950,317.73496431656224
291951,1968.7250909676914
291952,1619.8165322246239
291953,1002.0763437599675
291954,922.9084473176853
291955,350.48203944606234
291956,2346.4849840747584
291957,1906.1047127396655
291958,1190.708213771217
291959,1091.3774106137278
291960,735.7927914914524
291961,611.2861896065738
291962,489.6297832532939
291963,304.1360382646593
291964,258.4576305670436
291965,616.2073549286007
291966,1214.3133424730258
291967,982.2012547037169
291968,618.0518960662549
291969,557.6964391651647
291970,309.4573168681268
291971,1444.408513210305
291972,1166.8009308504788
291973,718.1839508477759
291974,654.852418803357
291975,121.33240083028156
291976,629.0550392801973
291977,495.58803657288485
291978,312.48533848426507
291979,266.80693078664945
291980,198.2191275515756
291981,1245.7217090368142
291982,999.7495601646515
291983,634.6583237305024
291984,574.3028668294122
291985,220.28112026549385
291986,1491.372692438403
291987,1187.864864331274
291988,733.9461168993099
291989,670.6145848548911
291990,64.14545594995627
291991,439.3280446166367
291992,345.4493554994592
291993,225.97265227562255
291994,190.78814584214746
291995,126.78574138010343
291996,916.1075679228442
291997,728.8478110774641
291998,446.6066988407848
291999,397.7019721128339
292000,156.44060304810532
292001,1077.0883900450658
292002,843.3025924229585
292003,524.2014414850071
292004,472.320639613726
292005,728.9638331026456
292006,36.54303743391254
292007,4.924284156078485
292008,14.899140446528563
292009,-4.085972188031249
292010,29.973740145999
292011,40.33229202633029
292012,10.353475003882158
292013,13.22454905826178
292014,-9.649338811998485
292015,-12.891981776446542
292016,54.5399455229206
292017,28.67871179915519
292018,29.685238667756813
292019,9.27436828406423
292020,148.7438719789652
292021,1034.8425797716588
292022,805.0060658102516
292023,517.5782132368445
292024,468.155545961602
292025,320.36225671914303
292026,2036.2347305190465
292027,1603.928878599634
292028,1037.7816059807549
292029,939.8036778465748
292030,371.5908693438388
292031,2406.4140377386475
292032,1911.0504274292184
292033,1198.3050152955225
292034,1092.714352454614
292035,137.55069537470737
292036,820.8088885775743
292037,624.2994464387459
292038,427.71050959481636
292039,379.1055253440503
292040,259.24940273480604
292041,1619.197616425875
292042,1293.5944116955936
292043,829.122512591801
292044,758.3603818976757
292045,294.8378897256144
292046,1913.3917150826228
292047,1557.3619852951801
292048,950.4689980409273
292049,872.0941326400736
292050,735.7927914914524
292051,611.2861896065738
292052,489.6297832532939
292053,304.1360382646593
292054,258.4576305670436
292055,593.6511304996374
292056,1214.5614762937473
292057,982.4493885244384
292058,618.0518960662549
292059,557.6964391651647
292060,309.4573168681268
292061,1444.408513210305
292062,1166.8009308504788
292063,718.1839508477759
292064,654.852418803357
292065,121.33240083028156
292066,629.0550392801973
292067,495.58803657288485
292068,312.48533848426507
292069,266.80693078664945
292070,198.2191275515756
292071,1245.7217090368142
292072,999.7495601646515
292073,634.6583237305024
292074,574.3028668294122
292075,220.28112026549385
292076,1491.372692438403
292077,1187.864864331274
292078,733.9461168993099
292079,670.6145848548911
292080,64.14545594995627
292081,439.3280446166367
292082,345.4493554994592
292083,225.97265227562255
292084,190.78814584214746
292085,126.78574138010343
292086,916.1075679228442
292087,728.8478110774641
292088,446.6066988407848
292089,397.7019721128339
292090,156.44060304810532
292091,1077.0883900450658
292092,843.3025924229585
292093,524.2014414850071
292094,472.320639613726
292095,728.9638331026456
292096,36.54303743391254
292097,4.924284156078485
292098,14.899140446528563
292099,-4.085972188031249
292100,29.973740145999
292101,40.33229202633029
292102,10.353475003882158
292103,13.22454905826178
292104,-9.649338811998485
292105,-12.891981776446542
292106,54.5399455229206
292107,28.67871179915519
292108,29.685238667756813
292109,9.27436828406423
292110,148.7438719789652
292111,1034.8425797716588
292112,805.0060658102516
292113,517.5782132368445
292114,468.155545961602
292115,320.36225671914303
292116,2036.2347305190465
292117,1603.928878599634
292118,1037.7816059807549
292119,939.8036778465748
292120,371.5908693438388
292121,2406.4140377386475
292122,1911.0504274292184
292123,1198.3050152955225
292124,1092.714352454614
292125,137.55069537470737
292126,820.8088885775743
292127,624.2994464387459
292128,427.71050959481636
292129,379.1055253440503
292130,259.24940273480604
292131,1619.197616425875
292132,1293.5944116955936
292133,829.122512591801
292134,758.3603818976757
292135,294.8378897256144
292136,1913.3917150826228
292137,1557.3619852951801
292138,950.4689980409273
292139,872.0941326400736
292140,735.5063799936138
292141,610.9997781087352
292142,491.6128872979806
292143,303.7059782125519
292144,258.0275705149362
292145,533.3587518273276
292146,1214.4035421982771
292147,986.7565043686947
292148,617.6218360141474
292149,557.2663791130573
292150,309.1709053702882
292151,1444.1221017124665
292152,1170.979569292367
292153,717.7538907956684
292154,654.4223587512495
292155,121.04598933244299
292156,628.7686277823587
292157,497.57114061757153
292158,312.05527843215765
292159,266.376870734542
292160,197.93271605373704
292161,1245.4352975389756
292162,1003.9281986065395
292163,634.2282636783949
292164,573.8728067773047
292165,219.9947087676553
292166,1491.0862809405644
292167,1192.0435027731621
292168,733.5160568472024
292169,670.1845248027836
292170,63.859044452117715
292171,439.04163311879813
292172,347.4324595441459
292173,225.54259222351516
292174,190.35808579004006
292175,126.49932988226486
292176,915.8211564250056
292177,733.0264495193521
292178,446.1766387886774
292179,397.2719120607265
292180,156.15419155026677
292181,1076.8019785472272
292182,847.4812308648465
292183,523.7713814328996
292184,471.89057956161855
292185,728.677421604807
292186,36.25662593607397
292187,3.6213791043099635
292188,14.46908039442115
292189,-4.516032240138662
292190,29.687328648160438
292191,40.04588052849172
292192,9.050569952113637
292193,12.794489006154368
292194,-10.079398864105897
292195,-13.178393274285103
292196,54.25353402508203
292197,27.37580674738667
292198,29.2551786156494
292199,8.844308231956818
292200,148.45746048112665
292201,1034.5561682738203
292202,809.1415047101391
292203,517.148153184737
292204,467.7254859094946
292205,320.07584522130446
292206,2035.948319021208
292207,1608.0643174995214
292208,1037.3515459286475
292209,939.3736177944673
292210,371.3044578460002
292211,2406.127626240809
292212,1915.185866329106
292213,1197.8749552434151
292214,1092.2842924025067
292215,137.26428387686883
292216,820.5224770797357
292217,625.7521868958391
292218,427.28044954270894
292219,378.6754652919429
292220,258.96299123696747
292221,1618.9112049280363
292222,1295.047152152687
292223,828.6924525396935
292224,757.9303218455682
292225,294.5514782277758
292226,1913.1053035847842
292227,1558.8147257522735
292228,950.0389379888198
292229,871.6640725879661
292230,736.1876092963334
292231,611.6810074114549
292232,492.29411660070014
292233,304.3872075152714
292234,258.7087998176557
292235,512.3551385922945
292236,1214.5997458527609
292237,986.9527080231786
292238,618.3030653168671
292239,557.9476084157769
292240,309.85213467300775
292241,1444.803331015186
292242,1171.6607985950864
292243,718.4351200983881
292244,655.1035880539691
292245,121.72721863516254
292246,629.4498570850784
292247,498.2523699202911
292248,312.7365077348772
292249,267.05810003726157
292250,198.61394535645664
292251,1246.116526841695
292252,1004.6094279092591
292253,634.9094929811146
292254,574.5540360800244
292255,220.6759380703749
292256,1491.7675102432838
292257,1192.7247320758815
292258,734.1972861499221
292259,670.8657541055032
292260,64.54027375483727
292261,439.7228624215177
292262,348.11368884686544
292263,226.22382152623476
292264,191.03931509275967
292265,127.18055918498442
292266,916.5023857277253
292267,733.7076788220718
292268,446.85786809139694
292269,397.95314136344604
292270,156.83542085298637
292271,1077.4832078499467
292272,848.1624601675661
292273,524.4526107356193
292274,472.5718088643381
292275,728.3640354609091
292276,35.94323979217612
292277,3.3079929604121157
292278,14.155694250523306
292279,-4.829418384036506
292280,29.373942504262594
292281,39.73249438459388
292282,8.737183808215793
292283,12.481102862256524
292284,-10.392785008003742
292285,-13.49177941818295
292286,53.94014788118419
292287,27.062420603488825
292288,28.94179247175155
292289,8.530922088058972
292290,148.14407433722883
292291,1034.2427821299225
292292,808.8281185662412
292293,516.8347670408391
292294,467.41209976559674
292295,319.7624590774066
292296,2035.6349328773101
292297,1607.7509313556236
292298,1037.0381597847497
292299,939.0602316505694
292300,370.9910717021024
292301,2405.8142400969114
292302,1914.8724801852081
292303,1197.5615690995173
292304,1091.970906258609
292305,136.95089773297101
292306,820.2090909358378
292307,625.4388007519412
292308,426.9670633988111
292309,378.36207914804504
292310,258.6496050930696
292311,1618.5978187841386
292312,1294.7337660087892
292313,828.3790663957956
292314,757.6169357016703
292315,294.238092083878
292316,1912.7919174408864
292317,1558.5013396083757
292318,949.7255518449219
292319,871.3506864440682
292320,734.6918620806906
292321,636.7118788259363
292322,512.8696039773425
292323,325.413639063672
292324,287.3955359698732
292325,459.21334603514964
292326,1255.438275900975
292327,1010.8166888518296
292328,651.5781590517664
292329,599.3661790789245
292330,275.68006393480005
292331,1489.9994945549076
292332,1197.2219521438144
292333,765.7904122027204
292334,696.5811810360202
292335,115.51224550461625
292336,660.7087196096677
292337,522.4895989703216
292338,333.14442750277885
292339,295.12632440898
292340,193.2701107619018
292341,1293.8015597805163
292342,1032.7536621917975
292343,668.1845867160139
292344,615.9726067431719
292345,231.1023784569205
292346,1557.365369212799
292347,1232.8548096916757
292348,781.5525782542545
292349,712.3433470875543
292350,69.56571719838121
292351,459.9427098222066
292352,356.4875334729632
292353,239.8201248430564
292354,212.29592301339784
292355,132.1836928154299
292356,946.7480693797721
292357,753.7739241691387
292358,476.9907242467855
292359,433.9028980908371
292360,173.2503241465898
292361,1125.0150197344512
292362,879.5878510496517
292363,565.5963718699796
292364,505.51129452017193
292365,719.2778929596017
292366,30.23598222314956
292367,-3.178620087515477
292368,10.12763819983079
292369,-7.131883574564032
292370,41.56804084840995
292371,31.12573816491733
292372,5.962080570282484
292373,20.631928076750782
292374,-5.303898334556556
292375,-9.697119488678698
292376,49.24547466898049
292377,16.843290307410744
292378,35.65551260192415
292379,2.7562922432277306
292380,158.24480579237843
292381,1069.3727893359865
292382,830.2799192912687
292383,539.2792255290682
292384,494.3947645624642
292385,332.7067709316158
292386,2180.9756802203933
292387,1708.5066903415257
292388,1080.3584763218382
292389,991.7542130793674
292390,389.1341230627783
292391,2540.054378753264
292392,2033.6598053513035
292393,1256.031872711832
292394,1147.976589498728
292395,149.2449050119233
292396,863.3055829271793
292397,658.3676454554643
292398,451.03993275611356
292399,407.6701696022396
292400,270.74883128657876
292401,1718.07548103615
292402,1356.6739414076235
292403,877.6159672670422
292404,813.3007954889545
292405,320.233336657843
292406,2019.4408532301
292407,1638.397746213495
292408,1014.6733299400688
292409,935.7008931543282
292410,729.4751960268384
292411,668.3889621264647
292412,528.5834988069379
292413,342.3016595259968
292414,304.0818535946965
292415,372.7254121968808
292416,1342.704702188327
292417,1092.016677703755
292418,692.5072205793226
292419,632.8323634918731
292420,259.2924391285255
292421,1599.8577927753265
292422,1300.185557750114
292423,807.9308725046614
292424,736.69785685325
292425,124.14504582804686
292426,695.5186751056917
292427,541.9718812521409
292428,351.9433451427809
292429,313.72353921148067
292430,199.53831894048767
292431,1384.051830207466
292432,1115.8111413182694
292433,709.1136482435701
292434,649.4387911561206
292435,238.11745541233807
292436,1674.1440649143149
292437,1339.4741700478748
292438,825.4913030315483
292439,754.258287380137
292440,82.14649236865611
292441,485.5455484246083
292442,377.8628884506609
292443,249.9138323926586
292444,222.18792772549853
292445,147.0082851261404
292446,992.1967406812565
292447,800.1431027462901
292448,498.0018203175968
292449,447.4511170470409
292450,188.18519080735066
292451,1171.230695893405
292452,923.7574904394337
292453,587.3908910268177
292454,525.2820291923
292455,703.5256435695215
292456,38.29681812714518
292457,0.019345634121882574
292458,15.970230806203448
292459,-4.8691409478943175
292460,69.92174908656
292461,30.54424137723079
292462,6.301091058262934
292463,25.671729770497542
292464,-11.105120897619031
292465,9.138173283914956
292466,52.004105771195874
292467,18.58645139735906
292468,40.0202578043331
292469,-3.719986811172592
292470,162.24091376371464
292471,1119.5348138046636
292472,888.332230516418
292473,562.2513615591392
292474,517.1651977550349
292475,328.6040612259274
292476,2302.3073745893744
292477,1787.343529892489
292478,1145.1358948280003
292479,1049.068754470922
292480,412.9908039542136
292481,2676.433672806326
292482,2140.46507434757
292483,1359.104550170704
292484,1243.5863898429923
292485,153.21750935026895
292486,910.3332477205097
292487,712.4750353469307
292488,469.7422692495573
292489,426.1708032581819
292490,268.5638060553848
292491,1800.8874354774523
292492,1464.8186690158448
292493,909.9263715661031
292494,838.1483226734078
292495,325.487559503505
292496,2137.126231289206
292497,1760.7652176682604
292498,1064.7588506715715
292499,978.3235367712235
292500,698.0151347809318
292501,746.639911750177
292502,595.0064286432357
292503,398.0466957332439
292504,359.70162344157154
292505,254.1026748139347
292506,1518.396918591214
292507,1223.904616769888
292508,753.3752673667159
292509,691.8983887527037
292510,275.8012631451834
292511,1778.8763631192267
292512,1435.6018107160492
292513,898.9522500156781
292514,823.0130651799974
292515,147.35275817763286
292516,772.8933461994487
292517,610.1000983859984
292518,407.8851749766779
292519,369.5401026850055
292520,209.35954897389766
292521,1550.6119865227595
292522,1245.5168927432258
292523,767.6368094797778
292524,708.9627490984085
292525,242.78434684435032
292526,1839.0217047978385
292527,1472.7082353726335
292528,914.1677949913795
292529,841.0314283883417
292530,102.99271726630435
292531,551.0492093251523
292532,431.89169345373915
292533,276.1079096503289
292534,248.63104250242571
292535,159.51341680455116
292536,1076.9992512635906
292537,871.2697535176617
292538,538.7138011727513
292539,489.5381984879032
292540,192.43034294426272
292541,1291.301475460874
292542,1041.0768712472934
292543,674.7827184933543
292544,611.1448095868391
292545,730.9401774417988
292546,40.44148992827467
292547,6.8200958756899
292548,23.065612000021037
292549,5.332033895873993
292550,23.118884319321737
292551,37.65170285869338
292552,15.739813477027043
292553,30.038209191646246
292554,-1.6802929577049344
292555,8.818454765444912
292556,62.5329966466545
292557,35.85810491190269
292558,49.850028765463165
292559,11.120741141709981
292560,179.92057862607217
292561,1240.2403495115664
292562,990.3723125841985
292563,625.9989053617859
292564,579.9728262133298
292565,383.28295200159516
292566,2526.352326496767
292567,1942.0972776287172
292568,1255.116896664885
292569,1144.7754543762348
292570,436.1187545027413
292571,3020.427126783874
292572,2412.272437455264
292573,1499.701129287129
292574,1364.403025320291
292575,164.38695015075584
292576,1006.4365031325419
292577,786.4895466006209
292578,506.1166594309453
292579,461.6052780952179
292580,317.4215781726644
292581,1968.4117048237936
292582,1619.503146080726
292583,1001.7629576160696
292584,925.4229774571272
292585,350.1686533021645
292586,2346.1715979308606
292587,1905.7913265957677
292588,1190.3948276273193
292589,1093.89194075317
292590,736.0383002882495
292591,611.0846673693165
292592,485.54471170124214
292593,300.8529708304869
292594,260.8759565289455
292595,495.03960523365134
292596,1214.4884314588576
292597,978.4927943747554
292598,614.7688286320829
292599,560.1147651270669
292600,304.69204981606526
292601,1444.206990973047
292602,1162.7158592984265
292603,714.9008834136037
292604,657.2707447652591
292605,121.13087859302387
292606,628.8535170429401
292607,491.5029650208333
292608,309.2022710500927
292609,269.2252567485513
292610,198.017605314318
292611,1245.520186799556
292612,995.6644886126002
292613,631.3752562963303
292614,576.7211927913144
292615,220.07959802823623
292616,1491.1711702011448
292617,1183.7797927792217
292618,730.6630494651379
292619,673.0329108167932
292620,63.94393371269869
292621,439.1265223793792
292622,341.3642839474075
292623,222.68958484145006
292624,193.20647180404927
292625,126.58421914284578
292626,915.906045685587
292627,724.7627395254128
292628,443.32363140661244
292629,400.1202980747358
292630,156.2390808108477
292631,1076.8868678078077
292632,839.2175208709072
292633,520.9183740508349
292634,474.73896557562784
292635,730.8785597929665
292636,35.74043316261939
292637,4.121679884785343
292638,11.626504105035085
292639,-3.7429579524814667
292640,47.715731314897866
292641,39.529687755037145
292642,9.55087073258902
292643,9.951912716768316
292644,-9.306324576448707
292645,-10.977255086125858
292646,53.737341251627456
292647,27.87610752786205
292648,26.41260232626333
292649,9.617382519614013
292650,147.43256993059248
292651,1033.5312777232864
292652,803.6947637618791
292653,513.7968791182715
292654,467.9898624200723
292655,318.25784414414505
292656,2034.1303179440483
292657,1601.8244660246357
292658,1033.2071613355563
292659,938.8448837784198
292660,365.48882368775514
292661,2404.4973549265865
292662,1909.133744617157
292663,1193.9183004132606
292664,1091.9432881493956
292665,136.23939332633466
292666,819.4975865292018
292667,622.9881443903735
292668,423.9291754762435
292669,378.9398418025206
292670,257.1449901598079
292671,1617.0932038508768
292672,1291.4899991205955
292673,824.5480679466026
292674,757.4015878295206
292675,288.73584406953074
292676,1911.4750322705613
292677,1555.4453024831187
292678,946.0822831586661
292679,871.3230683348556
292680,736.0383002882495
292681,611.0846673693165
292682,485.54471170124214
292683,300.8529708304869
292684,260.8759565289455
292685,495.03960523365134
292686,1214.4884314588576
292687,978.4927943747554
292688,614.7688286320829
292689,560.1147651270669
292690,304.69204981606526
292691,1444.206990973047
292692,1162.7158592984265
292693,714.9008834136037
292694,657.2707447652591
292695,121.13087859302387
292696,628.8563013997605
292697,491.5057493776536
292698,309.205055406913
292699,269.22804110537163
292700,198.017605314318
292701,1245.5229711563763
292702,995.6672729694205
292703,631.3780406531507
292704,576.7239771481347
292705,220.07959802823623
292706,1491.173954557965
292707,1183.782577136042
292708,730.6658338219582
292709,673.0356951736136
292710,63.94393371269869
292711,439.1265223793792
292712,341.3642839474075
292713,222.68958484145006
292714,193.20647180404927
292715,126.58421914284578
292716,915.906045685587
292717,724.7627395254128
292718,443.32363140661244
292719,400.1202980747358
292720,156.2390808108477
292721,1076.8868678078077
292722,839.2175208709072
292723,520.9183740508349
292724,474.73896557562784
292725,730.8785597929665
292726,35.74043316261939
292727,4.121679884785343
292728,11.626504105035085
292729,-3.7429579524814667
292730,47.715731314897866
292731,39.529687755037145
292732,9.55087073258902
292733,9.951912716768316
292734,-9.306324576448707
292735,-10.977255086125858
292736,53.737341251627456
292737,27.87610752786205
292738,26.41260232626333
292739,9.617382519614013
292740,147.43256993059248
292741,1033.5312777232864
292742,803.6947637618791
292743,513.7968791182715
292744,467.9898624200723
292745,318.25784414414505
292746,2034.1303179440483
292747,1601.8244660246357
292748,1033.2071613355563
292749,938.8448837784198
292750,365.48882368775514
292751,2404.4973549265865
292752,1909.133744617157
292753,1193.9183004132606
292754,1091.9432881493956
292755,136.23939332633466
292756,819.4975865292018
292757,622.9881443903735
292758,423.9291754762435
292759,378.9398418025206
292760,257.1449901598079
292761,1617.0932038508768
292762,1291.4899991205955
292763,824.5480679466026
292764,757.4015878295206
292765,288.73584406953074
292766,1911.4750322705613
292767,1555.4453024831187
292768,946.0822831586661
292769,871.3230683348556
292770,735.7518887904109
292771,610.798255871478
292772,487.5278157459288
292773,300.4229107783795
292774,260.4458964768381
292775,494.7531937358128
292776,1214.202019961019
292777,982.6714328166433
292778,614.3387685799754
292779,559.6847050749594
292780,304.4056383182267
292781,1443.9205794752083
292782,1166.8944977403146
292783,714.4708233614962
292784,656.8406847131516
292785,120.8444670951853
292786,628.5698899019219
292787,493.4888534223403
292788,308.7749953548056
292789,268.7979810532642
292790,197.73119381647942
292791,1245.2365596585378
292792,999.8459114113085
292793,630.9479806010432
292794,576.2939170960273
292795,219.7931865303977
292796,1490.8875430601265
292797,1187.96121557793
292798,730.2357737698508
292799,672.6056351215061
292800,63.65752221486012
292801,438.8401108815406
292802,343.3473879920942
292803,222.25952478934266
292804,192.77641175194188
292805,126.29780764500721
292806,915.6196341877484
292807,728.9413779673008
292808,442.893571354505
292809,399.69023802262836
292810,155.95266931300915
292811,1076.600456309969
292812,843.3961593127951
292813,520.4883139987274
292814,474.3089055235204
292815,730.5921482951279
292816,35.454021664780825
292817,2.8187748330168203
292818,11.196444052927673
292819,-4.173018004588879
292820,47.42931981705931
292821,39.24327625719859
292822,8.2479656808205
292823,9.521852664660903
292824,-9.73638462855612
292825,-11.263666583964419
292826,53.45092975378889
292827,26.573202476093527
292828,25.982542274155914
292829,9.1873224675066
292830,147.14615843275394
292831,1033.2448662254478
292832,807.8302026617666
292833,513.366819066164
292834,467.5598023679649
292835,317.9714326463065
292836,2033.8439064462098
292837,1605.9599049245232
292838,1032.777101283449
292839,938.4148237263123
292840,365.2024121899166
292841,2404.210943428748
292842,1913.2691835170444
292843,1193.4882403611532
292844,1091.5132280972882
292845,135.95298182849612
292846,819.2111750313633
292847,624.4408848474667
292848,423.49911542413605
292849,378.5097817504132
292850,256.8585786619693
292851,1616.8067923530382
292852,1292.9427395776888
292853,824.1180078944951
292854,756.9715277774131
292855,288.44943257169217
292856,1911.1886207727227
292857,1556.898042940212
292858,945.6522231065586
292859,870.8930082827482
292860,735.7429709469586
292861,610.7893380280257
292862,480.46900205620335
292863,295.86426931542246
292864,264.76709819649096
292865,473.0747218580054
292866,1213.7233649727284
292867,975.1428819820799
292868,609.795415620416
292869,564.02119529801
292870,304.1376043945103
292871,1443.6525455514916
292872,1159.5765679703247
292873,709.6530658182749
292874,660.9027703525402
292875,121.10188864553659
292876,628.8273114522732
292877,486.6963791264184
292878,304.4826932856521
292879,273.38552216672065
292880,198.00390387022847
292881,1245.5092697122864
292882,993.0687256187842
292883,626.6709670352874
292884,580.8967467128814
292885,219.7914920004848
292886,1490.8858485302133
292887,1180.9096252017437
292888,725.6843556204328
292889,676.9340601546983
292890,63.914943765211405
292891,439.097532431892
292892,336.5549136961725
292893,217.96722272018914
292894,197.36395286539826
292895,126.57051769875623
292896,915.8923442414974
292897,722.1641921747769
292898,438.6165577887493
292899,404.29306763948256
292900,155.95097478309626
292901,1076.5987617800558
292902,836.3445689366092
292903,515.9368958493096
292904,478.6373305567126
292905,723.6999879499904
292906,36.51840282860295
292907,-3.1667398494340793
292908,6.412685761057998
292909,-0.07693311384862841
292910,47.70202987080832
292911,39.515986310947625
292912,1.4707798882964978
292913,5.244839098905066
292914,-5.133555011702034
292915,-5.821864718847894
292916,53.44923522387597
292917,19.52161209990758
292918,21.43112412473814
292919,13.515747500698742
292920,148.61920099560672
292921,1037.641522247684
292922,805.1769628377303
292923,510.38756271339645
292924,473.4603891978074
292925,318.2441427000556
292926,2034.1166164999584
292927,1599.1827191319987
292928,1028.5000877176926
292929,943.0176533431664
292930,364.1985300172888
292931,2403.2070612561206
292932,1905.2154054981431
292933,1187.93463456902
292934,1094.8394654877652
292935,137.4260243913489
292936,819.5178904150903
292937,617.6977043849207
292938,419.25610718835827
292939,383.1466166972453
292940,257.1312887157184
292941,1617.0795024067868
292942,1286.1655537851643
292943,819.8409943287393
292944,761.5743573942673
292945,287.4455503990644
292946,1910.1847386000945
292947,1548.8442649213107
292948,940.098617314426
292949,874.2192456732255
292950,734.2915791838963
292951,635.8645648950876
292952,504.972394200221
292953,317.546569443118
292954,292.0239601089723
292955,441.0268746880285
292956,1254.606250473523
292957,1002.9347675781048
292958,643.7263779346101
292959,604.0098917214215
292960,270.009889108883
292961,1488.8930645437938
292962,1189.0656262864275
292963,757.6642265019021
292964,700.9504890948552
292965,114.93127096757074
292966,660.130529429443
292967,514.8615129438239
292968,325.5464816328487
292969,300.02387229870294
292970,192.70442472825405
292971,1293.238658103688
292972,1025.1408646686962
292973,660.6019293494816
292974,620.8854431362929
292975,230.2622878396108
292976,1556.5280629523088
292977,1224.9676075849125
292978,773.6955163040602
292979,716.9817788970133
292980,68.98474266133576
292981,459.36173528516133
292982,348.8566630896449
292983,232.21939461630575
292984,217.19068654630038
292985,131.61800678178216
292986,946.1823833461248
292987,746.1583422892184
292988,469.4052825234328
292989,438.8129501271375
292990,172.4102335292801
292991,1124.174929117141
292992,871.6978645860694
292993,557.736525562965
292994,510.1469419728104
292995,714.6138454486829
292996,30.8111452595764
292997,-9.653352897361673
292998,2.3846297103654814
292999,-2.379398304376159
293000,49.93485282706162
293001,30.90923009127108
293002,-1.3043233496368096
293003,13.395664313399331
293004,-0.04466833825483426
293005,-7.470701184373093
293006,48.75456201167228
293007,9.302481803829506
293008,28.144844254910694
293009,7.741117655867494
293010,158.71993245075632
293011,1072.7715294537477
293012,826.6287635627579
293013,532.8320212016256
293014,500.44305399467487
293015,331.18845455426475
293016,2179.457363843043
293017,1699.9384781179008
293018,1071.8204042547811
293019,995.7116347719644
293020,382.34158137796476
293021,2537.447199912473
293022,2024.0027306642417
293023,1246.4049381813347
293024,1150.8451487278842
293025,149.72003167030118
293026,862.6143824064318
293027,650.6265490884438
293028,443.32897654566074
293029,412.45470715143983
293030,269.2305149092276
293031,1716.5571646587982
293032,1348.1057291839986
293033,869.0778951999858
293034,817.2582171815515
293035,313.4407949730294
293036,2016.833674389308
293037,1628.74067152643
293038,1005.0463954095728
293039,938.5694523834856
293040,729.576323194791
293041,688.4839548892174
293042,538.6753574898602
293043,330.6231592262667
293044,334.5027292026583
293045,380.4150896337127
293046,1365.9084767686738
293047,1107.8879453277746
293048,676.7482796039294
293049,679.9108184853012
293050,270.39668468549326
293051,1624.0947171827277
293052,1313.9780467803885
293053,791.8976515576475
293054,794.0823891597488
293055,126.64245387143599
293056,704.8399047590584
293057,553.0136943427842
293058,341.2147992507719
293059,345.09436922716344
293060,201.08584555064752
293061,1397.0601812250059
293062,1133.2107028965893
293063,694.3046616758979
293064,697.4672005572697
293065,245.0604835707352
293066,1692.2295455736025
293067,1358.8389328471433
293068,810.4080364922555
293069,812.5927740943569
293070,84.6439004120452
293071,493.91682367025425
293072,387.9547471335837
293073,238.23533209292836
293074,252.60880333346063
293075,148.55581173630026
293076,1004.2551372910747
293077,816.5927099168882
293078,482.242879342204
293079,494.52957204046965
293080,195.12821896574778
293081,1188.4368155871118
293082,942.2428922731209
293083,573.6048606636673
293084,584.9137520826623
293085,703.2689609528464
293086,46.006435210066265
293087,5.565996839525546
293088,8.334350800419378
293089,22.130838888200014
293090,80.1638877180946
293091,36.5272516713512
293092,6.694697812937165
293093,18.441163582611914
293094,29.52154833967215
293095,13.313032521543116
293096,64.1556958176418
293097,22.036709483559516
293098,35.846342947973696
293099,50.54369104233629
293100,163.52322079532698
293101,1127.2659246050782
293102,893.900375439315
293103,547.2377482115143
293104,549.0328929870697
293105,329.88636825753974
293106,2310.03848538979
293107,1796.0568249025598
293108,1123.430076039941
293109,1106.0836391946953
293110,414.7111478178536
293111,2686.170570738339
293112,2147.5430189165654
293113,1335.7633809415684
293114,1299.7523881086395
293115,154.66150346579684
293116,914.0465275008855
293117,718.2048673537433
293118,456.3312221646292
293119,458.94404996465954
293120,270.00780017091273
293121,1804.6007152578284
293122,1473.6936511098313
293123,893.9277291618923
293124,886.2748655698826
293125,327.36959045106056
293126,2142.84529820118
293127,1768.0048493211707
293128,1047.1248578262846
293129,1035.3950865113134
293130,699.1860431876466
293131,767.804685751692
293132,606.1680685649202
293133,380.89763150877246
293134,382.7557427053212
293135,287.5471986990158
293136,1541.3661912148536
293137,1239.5413824372004
293138,730.9820224681109
293139,730.3058042064504
293140,289.8654274788591
293141,1805.930574706111
293142,1451.4339756566958
293143,873.8374569916355
293144,874.000735813894
293145,150.91994745978417
293146,783.2843570915776
293147,622.211692715404
293148,391.6860651599275
293149,393.5441763564763
293150,210.67257362735046
293151,1571.717459699779
293152,1262.6819523648385
293153,748.9963372215368
293154,748.3201189598763
293155,252.6872937794554
293156,1868.2560967527963
293157,1494.112674082274
293158,892.8057746077009
293159,892.9690534299594
293160,106.55990654845557
293161,560.4902658095601
293162,443.05333337542413
293163,258.9588454258575
293164,271.6851617661755
293165,160.82644145800396
293166,1088.8231459167023
293167,887.4848587315527
293168,519.1233745067893
293169,527.9456139416513
293170,202.33328987936778
293171,1309.0776917502005
293172,1059.3547584074897
293173,652.4707437019546
293174,662.1324802207357
293175,728.9984233272969
293176,46.46603551336907
293177,10.681675583266848
293178,11.624150548055265
293179,23.773483735622086
293180,31.741584108917756
293181,43.67624844378778
293182,16.174955522675223
293183,24.49852157838374
293184,32.11445307204068
293185,13.198380043192131
293186,72.49983055213163
293187,36.345995588022994
293188,42.498399892470424
293189,55.54859308661917
293190,179.5178141598578
293191,1246.2863888141544
293192,994.2553860092693
293193,603.1340015736766
293194,603.2819914490182
293195,382.8801875353808
293196,2532.398365799356
293197,1949.1255011409621
293198,1219.3484090257946
293199,1210.2112903557293
293200,437.65887620494476
293201,3030.9446635587205
293202,2419.353409597981
293203,1458.0749913940056
293204,1430.6780739132075
293205,164.14587276845702
293206,1008.464711415091
293207,790.5343071096067
293208,484.8543219055329
293209,485.8199948053494
293210,317.1805007903656
293211,1970.439913106343
293212,1626.693056676886
293213,978.4167757571637
293214,978.9732303403339
293215,351.87046208828355
293216,2352.6713036856686
293217,1913.0339858223997
293218,1161.1909955143808
293219,1158.0752995515404
293220,733.270573704044
293221,621.860229191279
293222,489.1252509094054
293223,293.9709173908104
293224,290.5772287446646
293225,561.740907995348
293226,1226.5834662547095
293227,986.0634336803093
293228,601.026759199588
293229,599.3122168829615
293230,312.9274416208751
293231,1459.1244844396583
293232,1169.997028853942
293233,702.1888172049574
293234,698.0978606972251
293235,128.6258338948284
293236,630.7128060300631
293237,497.8909489112642
293238,303.27017201813726
293239,299.8764833719914
293240,198.73208385294046
293241,1249.7623139553834
293242,1007.105937795238
293243,618.5831412715565
293244,616.86859895493
293245,225.0481390910157
293246,1497.1723908329166
293247,1193.868407017005
293248,718.9009376642126
293249,714.8099811564803
293250,71.43888901450325
293251,440.03585695878184
293252,346.80231343011775
293253,215.80753140177393
293254,222.90774401976853
293255,127.29869768146827
293256,919.1982184336922
293257,735.2542343003289
293258,431.9081383303638
293259,439.317749830631
293260,161.20762187362718
293261,1084.1853246157218
293262,850.603371284832
293263,512.7800747822977
293264,517.8132720914591
293265,724.648501175191
293266,33.74342801742207
293267,2.7698203281014124
293268,1.9303277637836793
293269,4.216154219167897
293270,57.9728430050836
293271,35.80607582103915
293272,3.045966725175665
293273,2.3777004045167387
293274,4.343600953719984
293275,-16.056947231185003
293276,56.182309069955
293277,24.427854851974935
293278,21.89504134553799
293279,26.923620333531773
293280,145.96752969979806
293281,1031.4895275061158
293282,802.2981591332222
293283,497.90477683774515
293284,501.303496849805
293285,317.58591443997597
293286,2032.8816782535039
293287,1604.3661220097783
293288,1008.3033813310207
293289,980.369048882097
293290,369.25256389669937
293291,2405.066772604703
293292,1909.8523203982866
293293,1164.8095590716791
293294,1132.244034001283
293295,134.9360401794558
293296,813.4380052919929
293297,621.7532268456322
293298,408.9426246701602
293299,413.15902770669567
293300,256.6347475395543
293301,1611.8267331402938
293302,1294.1933421896538
293303,803.4844153386061
293304,799.8313044076407
293305,292.66127136239055
293306,1908.0266189286394
293307,1556.325565348164
293308,920.8136692136239
293309,912.5293656611852
293310,733.270573704044
293311,621.860229191279
293312,489.1252509094054
293313,293.9709173908104
293314,290.5772287446646
293315,561.740907995348
293316,1226.5834662547095
293317,986.0634336803093
293318,601.026759199588
293319,599.3122168829615
293320,312.9274416208751
293321,1459.1244844396583
293322,1169.997028853942
293323,702.1888172049574
293324,698.0978606972251
293325,128.6258338948284
293326,630.7128060300631
293327,497.8909489112642
293328,303.27017201813726
293329,299.8764833719914
293330,198.73208385294046
293331,1249.7623139553834
293332,1007.105937795238
293333,618.5831412715565
293334,616.86859895493
293335,225.0481390910157
293336,1497.1723908329166
293337,1193.868407017005
293338,718.9009376642126
293339,714.8099811564803
293340,71.43888901450325
293341,440.03585695878184
293342,346.80231343011775
293343,215.80753140177393
293344,222.90774401976853
293345,127.29869768146827
293346,919.1982184336922
293347,735.2542343003289
293348,431.9081383303638
293349,439.317749830631
293350,161.20762187362718
293351,1084.1853246157218
293352,850.603371284832
293353,512.7800747822977
293354,517.8132720914591
293355,724.648501175191
293356,33.74342801742207
293357,2.7698203281014124
293358,1.9303277637836793
293359,4.216154219167897
293360,42.96216475364374
293361,35.80607582103915
293362,3.045966725175665
293363,2.3777004045167387
293364,4.343600953719984
293365,-16.056947231185003
293366,56.182309069955
293367,24.427854851974935
293368,21.89504134553799
293369,26.923620333531773
293370,145.96752969979806
293371,1031.4895275061158
293372,802.2981591332222
293373,497.90477683774515
293374,501.303496849805
293375,317.58591443997597
293376,2032.8816782535039
293377,1604.3661220097783
293378,1008.3033813310207
293379,980.369048882097
293380,369.25256389669937
293381,2405.066772604703
293382,1909.8523203982866
293383,1164.8095590716791
293384,1132.244034001283
293385,134.9360401794558
293386,813.4380052919929
293387,621.7532268456322
293388,408.9426246701602
293389,413.15902770669567
293390,256.6347475395543
293391,1611.8267331402938
293392,1294.1933421896538
293393,803.4844153386061
293394,799.8313044076407
293395,292.66127136239055
293396,1908.0266189286394
293397,1556.325565348164
293398,920.8136692136239
293399,912.5293656611852
293400,732.6685148813795
293401,623.1172850903249
293402,492.6518223509766
293403,295.0843247355873
293404,291.69063608944145
293405,563.5904598522719
293406,1227.8405221537553
293407,991.7855395190818
293408,602.140166544365
293409,600.4256242277385
293410,312.3253827982103
293411,1460.381540338704
293412,1175.7191346927145
293413,703.3022245497344
293414,699.2112680420021
293415,131.82013514107066
293416,635.7662219980159
293417,505.2138804217426
293418,308.1799394318211
293419,304.78625078567524
293420,203.21760501910833
293421,1257.2640494378568
293422,1019.0727232174372
293423,624.2090689987813
293424,622.4945266821547
293425,230.69075985177875
293426,1504.67412631539
293427,1205.835192439205
293428,724.5268653914374
293429,720.435908883705
293430,74.63319026074547
293431,445.0892729267345
293432,354.1252449405957
293433,220.71729881545772
293434,227.81751143345232
293435,131.784218847636
293436,926.6999539161658
293437,747.221019722529
293438,437.53406605758846
293439,444.94367755785566
293440,166.8502426343902
293441,1091.6870600981952
293442,862.5701567070321
293443,518.4060025095225
293444,523.4391998186838
293445,726.7177289192455
293446,35.272685808097556
293447,3.282584564846938
293448,3.31593700019031
293449,5.6017634555745275
293450,35.85084011265026
293451,37.335333611714645
293452,3.558730961921185
293453,3.7633096409233673
293454,5.729210190126616
293455,-13.987719487130732
293456,57.711566860630484
293457,24.94061908872046
293458,23.280650581944624
293459,28.309229569938406
293460,148.80155070579985
293461,1033.7835785587392
293462,809.0140605835713
293463,500.0551793360993
293464,503.45389934815915
293465,319.2628358513824
293466,2035.1757293061269
293467,1611.0820234601274
293468,1010.4537838293744
293469,982.5194513804512
293470,372.086584902701
293471,2407.360823657326
293472,1916.5682218486356
293473,1166.9599615700333
293474,1134.394436499637
293475,136.86450971101502
293476,814.8265048701734
293477,624.8808783787445
293478,410.1874756940718
293479,414.40387873060723
293480,257.40611747651826
293481,1613.215232718474
293482,1297.320993722766
293483,804.7292663625177
293484,801.0761554315523
293485,294.5897408939496
293486,1909.4151185068197
293487,1559.4532168812761
293488,922.0585202375355
293489,913.7742166850968
293490,732.6685148813795
293491,623.1172850903249
293492,492.6518223509766
293493,295.0843247355873
293494,291.69063608944145
293495,563.5904598522719
293496,1227.8405221537553
293497,991.7855395190818
293498,602.140166544365
293499,600.4256242277385
293500,312.3253827982103
293501,1460.381540338704
293502,1175.7191346927145
293503,703.3022245497344
293504,699.2112680420021
293505,131.82013514107066
293506,635.7662219980159
293507,505.2138804217426
293508,308.1799394318211
293509,304.78625078567524
293510,203.21760501910833
293511,1257.2640494378568
293512,1019.0727232174372
293513,624.2090689987813
293514,622.4945266821547
293515,230.69075985177875
293516,1504.67412631539
293517,1205.835192439205
293518,724.5268653914374
293519,720.435908883705
293520,74.63319026074547
293521,445.0892729267345
293522,354.1252449405957
293523,220.71729881545772
293524,227.81751143345232
293525,131.784218847636
293526,926.6999539161658
293527,747.221019722529
293528,437.53406605758846
293529,444.94367755785566
293530,166.8502426343902
293531,1091.6870600981952
293532,862.5701567070321
293533,518.4060025095225
293534,523.4391998186838
293535,726.7177289192455
293536,35.272685808097556
293537,3.282584564846938
293538,3.31593700019031
293539,5.6017634555745275
293540,35.85084011265026
293541,37.335333611714645
293542,3.558730961921185
293543,3.7633096409233673
293544,5.729210190126616
293545,-13.987719487130732
293546,57.711566860630484
293547,24.94061908872046
293548,23.280650581944624
293549,28.309229569938406
293550,148.80155070579985
293551,1033.7835785587392
293552,809.0140605835713
293553,500.0551793360993
293554,503.45389934815915
293555,319.2628358513824
293556,2035.1757293061269
293557,1611.0820234601274
293558,1010.4537838293744
293559,982.5194513804512
293560,372.086584902701
293561,2407.360823657326
293562,1916.5682218486356
293563,1166.9599615700333
293564,1134.394436499637
293565,136.86450971101502
293566,814.8265048701734
293567,624.8808783787445
293568,410.1874756940718
293569,414.40387873060723
293570,257.40611747651826
293571,1613.215232718474
293572,1297.320993722766
293573,804.7292663625177
293574,801.0761554315523
293575,294.5897408939496
293576,1909.4151185068197
293577,1559.4532168812761
293578,922.0585202375355
293579,913.7742166850968
293580,732.4172233863359
293581,655.047958441504
293582,524.0106609791105
293583,316.41497570426156
293584,318.6107023487656
293585,452.369934111683
293586,1275.5788541386669
293587,1026.4328715992253
293588,637.1947718212239
293589,637.9987656051368
293590,279.39776778060184
293591,1512.4775058151233
293592,1212.0636394929343
293593,752.4370281960264
293594,746.8241280707725
293595,126.84961773112346
293596,676.3072423911486
293597,542.61681665511
293598,331.27443455184226
293599,333.4701611963463
293600,200.27532573974779
293601,1314.2312402452214
293602,1060.3826646833136
293603,661.646030207486
293604,662.4500239913989
293605,244.807378178473
293606,1584.1764625147214
293607,1263.7532965996097
293608,776.0440249695752
293609,770.4311248443213
293610,80.90308942488858
293611,472.2089222641209
293612,373.2824408181851
293613,234.6178215525529
293614,247.30744946119734
293615,139.18890779327575
293616,963.8454395049102
293617,778.0706163210876
293618,467.119857398691
293619,477.0480049994975
293620,186.9553238681423
293621,1148.564396138947
293622,907.2246210601589
293623,559.0026988295969
293624,562.5139525212367
293625,718.8316866859568
293626,36.420874723187985
293627,3.6514180010363546
293628,4.252023373861908
293629,14.333113714037392
293630,41.04489552650841
293631,35.584023876155115
293632,7.639074208104909
293633,15.161627068680332
293634,21.851912312564167
293635,-5.711783908020638
293636,59.872340132543805
293637,21.576935276759368
293638,33.2418629253799
293639,43.54911150656615
293640,160.10238242896816
293641,1076.3439688154658
293642,837.8962443592616
293643,526.7906706232061
293644,526.9019720668738
293645,334.5643475682056
293646,2187.946859699873
293647,1719.268165496692
293648,1061.1777159755416
293649,1041.4727340328366
293650,391.4297365313958
293651,2549.031345364341
293652,2042.7859300653943
293653,1235.215761924459
293654,1196.8462239940711
293655,150.358617257986
293656,865.3533799121776
293657,665.2401061329302
293658,439.24839263850566
293659,440.17737710664846
293660,271.8625435326416
293661,1720.123278021148
293662,1366.6915521722628
293663,863.2368318301517
293664,853.2254231406831
293665,321.7850857359335
293666,2023.4944373466958
293667,1646.7800065370582
293668,998.6588440621022
293669,984.5705276496722
293670,729.8450405157284
293671,689.8165559593315
293672,540.0079585599742
293673,331.95576029638056
293674,340.75904105703347
293675,379.3795237591807
293676,1365.9367946433183
293677,1107.916263202419
293678,676.7765974785742
293679,684.8628471442073
293680,270.66540200643044
293681,1625.4273182528416
293682,1315.3106478505024
293683,793.2302526277615
293684,800.3387010141241
293685,130.70753126128008
293686,712.3512218299252
293687,560.525011413651
293688,348.72611632163853
293689,357.5293970822914
293690,210.28632421583853
293691,1409.7068995712193
293692,1145.8574212428027
293693,701.2278558648363
293694,709.3141055304694
293695,251.57388047510005
293696,1702.18918215899
293697,1368.7985694325307
293698,818.6355138766631
293699,825.7439622630258
293700,88.70897780188928
293701,499.04578480927506
293702,393.0837082726045
293703,243.36429323194912
293704,262.66147525674256
293705,157.75629040149127
293706,1014.5194997054425
293707,826.8570723312561
293708,486.78371759929644
293709,503.9941210818234
293710,201.64161587011264
293711,1196.0140962406533
293712,949.8201729266626
293713,579.4499821162291
293714,595.6825843194854
293715,705.0171911883687
293716,46.419464519675664
293717,5.979026149134948
293718,8.747380110028777
293719,27.4675789820707
293720,73.88866516316396
293721,36.94028098096061
293722,7.107727122546569
293723,18.8541928922213
293724,34.85828843354284
293725,15.061262757065062
293726,64.56872512725118
293727,22.449738793168915
293728,36.259372257583095
293729,55.88043113620697
293730,166.0362442927964
293731,1128.443747176635
293732,895.078198010872
293733,548.4155707830713
293734,555.134426342888
293735,332.3993917550092
293736,2311.2163079613465
293737,1797.2346474741166
293738,1124.6078986114978
293739,1112.1851725505135
293740,417.2241713153231
293741,2687.3483933098955
293742,2148.720841488122
293743,1336.9412035131252
293744,1305.8539214644577
293745,156.26897548882368
293746,914.318798598
293747,718.4771384508578
293748,456.6034932617436
293749,464.14003184603524
293750,271.61527219393963
293751,1804.8729863549424
293752,1473.9659222069454
293753,894.2000002590067
293754,891.4708474512584
293755,328.97706247408746
293756,2143.117569298294
293757,1768.2771204182848
293758,1047.3971289233987
293759,1040.5910683926888
293760,699.024051182706
293761,768.706577495928
293762,607.0699603091562
293763,381.7995232530082
293764,388.58134523381824
293765,287.3852066940749
293766,1542.2680829590893
293767,1240.443274181436
293768,731.8839142123469
293769,736.1314067349476
293770,289.70343547391815
293771,1806.8324664503466
293772,1452.3358674009314
293773,874.7393487358714
293774,879.8263383423913
293775,154.55431552375012
293776,790.3649648365663
293777,629.2923004603927
293778,398.76667290491605
293779,405.54849488572614
293780,220.74662616213257
293781,1585.2377519155837
293782,1276.202244580643
293783,756.7931052800664
293784,761.0405978026671
293785,258.7699813579421
293786,1877.7850240123055
293787,1503.6416013417831
293788,900.6025426662304
293789,905.6895322727503
293790,110.19427461242152
293791,565.188517622703
293792,447.7515851885668
293793,263.65709723900017
293794,281.3071243635795
293795,170.90049399278607
293796,1099.961082200661
293797,898.6227950155117
293798,524.537786633473
293799,538.2837368525963
293800,208.4159774578545
293801,1316.2242630778637
293802,1066.501329735153
293803,657.8851558286383
293804,672.4706031316807
293805,731.5077178890753
293806,47.64012914923452
293807,11.855769219132302
293808,12.798244183920715
293809,29.871288155748832
293810,26.227425880243228
293811,44.85034207965322
293812,17.349049158540673
293813,25.67261521424919
293814,38.21225749216744
293815,15.707674604970112
293816,73.67392418799707
293817,37.52008922388845
293818,43.67249352833586
293819,61.6463975067459
293820,182.79190198358327
293821,1248.2252757119672
293822,996.1942729070822
293823,605.0728884714898
293824,610.1445891310926
293825,386.1542753591063
293826,2534.3372526971684
293827,1951.064388038775
293828,1221.2872959236074
293829,1217.0738880378035
293830,440.93296402867026
293831,3032.883550456533
293832,2421.292296495794
293833,1460.0138782918184
293834,1437.5406715952818
293835,166.51440911773992
293836,1009.4980468384615
293837,791.5676425329773
293838,485.88765732890334
293839,491.7770410129811
293840,319.54903713964853
293841,1971.4732485297131
293842,1627.7263921002561
293843,979.4501111805342
293844,984.9302765479657
293845,354.23899843756647
293846,2353.7046391090385
293847,1914.0673212457698
293848,1162.224330937751
293849,1164.032345759172
293850,734.2042790918335
293851,623.8578183282452
293852,491.1228400463716
293853,295.9685065277765
293854,297.9616278903648
293855,562.6746133831375
293856,1228.5810553916756
293857,988.0610228172756
293858,603.0243483365542
293859,615.0254454653407
293860,313.8611470086645
293861,1461.1220735766244
293862,1171.9946179909082
293863,704.1864063419237
293864,713.8110892796043
293865,133.3558993515247
293866,638.8891111677821
293867,506.0672540489835
293868,311.44647715585614
293869,313.4395985184444
293870,209.90183378045296
293871,1264.3783035639185
293872,1021.7219274037722
293873,627.4756067228163
293874,639.4767038516028
293875,232.22652406223278
293876,1507.7970154851562
293877,1204.4930316692446
293878,727.7934031154724
293879,737.418086053153
293880,76.16895447119956
293881,445.8298061646549
293882,352.5962626359908
293883,221.6014806076469
293884,234.08850323437557
293885,138.4684476089806
293886,931.4318521103814
293887,747.4878679770181
293888,438.4182478497777
293889,452.2101866773158
293890,168.38600684484425
293891,1092.4275933361155
293892,858.8456400052258
293893,519.2901843017117
293894,530.705708938144
293895,728.2534931296996
293896,36.01321904601787
293897,5.039611356697218
293898,4.2001187923794845
293899,11.87275525649777
293900,45.83364510269266
293901,38.07586684963496
293902,5.315757753771467
293903,4.647491433112541
293904,12.995719309586626
293905,-9.170779895089549
293906,58.4521000985508
293907,26.69764588057075
293908,24.16483237413379
293909,35.575738689398435
293910,150.3373149162539
293911,1034.5241117966593
293912,805.3327434237656
293913,500.93936112828845
293914,509.72489114908245
293915,321.9556996564318
293916,2035.9162625440472
293917,1607.4007063003216
293918,1011.3379656215636
293919,1004.6352024950224
293920,373.6223491131552
293921,2408.101356895246
293922,1912.8869046888299
293923,1167.8441433622224
293924,1156.5101876142082
293925,138.40027392146905
293926,815.5670381080937
293927,623.882259661733
293928,411.071657486261
293929,420.6748705315306
293930,260.0989812815677
293931,1613.9557659563943
293932,1296.3223750057543
293933,805.6134481547069
293934,818.3990027708086
293935,296.1255051044038
293936,1910.15565174474
293937,1558.4545981642646
293938,922.9427020297247
293939,931.0970640243531
293940,733.9571577567101
293941,623.8578183282452
293942,491.1228400463716
293943,295.9685065277765
293944,297.9616278903648
293945,562.4274920480141
293946,1228.5810553916756
293947,988.0610228172756
293948,603.0243483365542
293949,615.0254454653407
293950,313.61402567354105
293951,1461.1220735766244
293952,1171.9946179909082
293953,704.1864063419237
293954,713.8110892796043
293955,133.1087780164013
293956,638.8891111677821
293957,506.0672540489835
293958,311.44647715585614
293959,313.4395985184444
293960,209.65471244532952
293961,1264.3783035639185
293962,1021.7219274037722
293963,627.4756067228163
293964,639.4767038516028
293965,231.97940272710937
293966,1507.7970154851562
293967,1204.4930316692446
293968,727.7934031154724
293969,737.418086053153
293970,75.92183313607612
293971,445.8298061646549
293972,352.5962626359908
293973,221.6014806076469
293974,234.08850323437557
293975,138.2213262738572
293976,931.4318521103814
293977,747.4878679770181
293978,438.4182478497777
293979,452.2101866773158
293980,168.13888550972084
293981,1092.4275933361155
293982,858.8456400052258
293983,519.2901843017117
293984,530.705708938144
293985,728.0063717945761
293986,36.01321904601787
293987,5.039611356697218
293988,4.2001187923794845
293989,11.87275525649777
293990,45.58652376756922
293991,38.07586684963496
293992,5.315757753771467
293993,4.647491433112541
293994,12.995719309586626
293995,-9.417901230212983
293996,58.4521000985508
293997,26.69764588057075
293998,24.16483237413379
293999,35.575738689398435
294000,150.09019358113048
294001,1034.5241117966593
294002,805.3327434237656
294003,500.93936112828845
294004,509.72489114908245
294005,321.7085783213084
294006,2035.9162625440472
294007,1607.4007063003216
294008,1011.3379656215636
294009,1004.6352024950224
294010,373.3752277780318
294011,2408.101356895246
294012,1912.8869046888299
294013,1167.8441433622224
294014,1156.5101876142082
294015,138.15315258634564
294016,815.5670381080937
294017,623.882259661733
294018,411.071657486261
294019,420.6748705315306
294020,259.8518599464443
294021,1613.9557659563943
294022,1296.3223750057543
294023,805.6134481547069
294024,818.3990027708086
294025,295.8783837692804
294026,1910.15565174474
294027,1558.4545981642646
294028,922.9427020297247
294029,931.0970640243531
294030,733.6707462588715
294031,623.5714068304067
294032,493.1059440910583
294033,295.5384464756691
294034,297.5315678382574
294035,562.1410805501755
294036,1228.294643893837
294037,992.2396612591635
294038,602.5942882844467
294039,614.5953854132332
294040,313.3276141757025
294041,1460.8356620787858
294042,1176.1732564327963
294043,703.7563462898162
294044,713.3810292274968
294045,132.82236651856275
294046,638.6026996699435
294047,508.0503580936702
294048,311.0164171037487
294049,313.009538466337
294050,209.368300947491
294051,1264.09189206608
294052,1025.90056584566
294053,627.0455466707089
294054,639.0466437994953
294055,231.69299122927083
294056,1507.5106039873176
294057,1208.6716701111327
294058,727.3633430633649
294059,736.9880260010456
294060,75.63542163823755
294061,445.5433946668163
294062,354.5793666806775
294063,221.1714205555395
294064,233.65844318226817
294065,137.93491477601864
294066,931.1454406125429
294067,751.6665064189061
294068,437.98818779767026
294069,451.78012662520837
294070,167.8524740118823
294071,1092.141181838277
294072,863.0242784471138
294073,518.8601242496043
294074,530.2756488860365
294075,727.7199602967376
294076,35.72680754817931
294077,3.7367063049286955
294078,3.77005874027207
294079,11.442695204390358
294080,38.98579785796592
294081,37.789455351796406
294082,4.012852702002945
294083,4.217431381005127
294084,12.565659257479213
294085,-9.704312728051544
294086,58.16568860071224
294087,25.394740828802227
294088,23.734772322026377
294089,35.14567863729102
294090,149.80378208329194
294091,1034.2377002988208
294092,809.4681823236531
294093,500.50930107618103
294094,509.29483109697503
294095,321.4221668234698
294096,2035.6298510462086
294097,1611.5361452002091
294098,1010.9079055694561
294099,1004.205142442915
294100,373.0888162801932
294101,2407.814945397408
294102,1917.0223435887174
294103,1167.414083310115
294104,1156.0801275621009
294105,137.8667410885071
294106,815.2806266102551
294107,625.3350001188262
294108,410.6415974341536
294109,420.24481047942317
294110,259.5654484486057
294111,1613.6693544585557
294112,1297.7751154628477
294113,805.1833881025995
294114,817.9689427187011
294115,295.5919722714418
294116,1909.8692402469014
294117,1559.907338621358
294118,922.5126419776172
294119,930.6670039722457
294120,733.6707462588715
294121,623.5714068304067
294122,493.1059440910583
294123,295.5384464756691
294124,297.5315678382574
294125,562.1410805501755
294126,1228.294643893837
294127,992.2396612591635
294128,602.5942882844467
294129,614.5953854132332
294130,312.753856303697
294131,1460.2619042067804
294132,1175.5994985607908
294133,703.1825884178107
294134,712.8072713554914
294135,132.82236651856275
294136,635.2703893303766
294137,504.7180477541033
294138,307.6841067641818
294139,309.6772281267701
294140,207.68590062216214
294141,1256.2090151572554
294142,1018.0176889368358
294143,623.713236331142
294144,635.7143334599284
294145,231.1192333572654
294146,1503.6045357757453
294147,1204.7656018995604
294148,723.4572748517926
294149,733.0819577894732
294150,75.63542163823755
294151,445.5433946668163
294152,354.5793666806775
294153,221.1714205555395
294154,233.65844318226817
294155,136.25251445068977
294156,926.5948740432855
294157,747.1159398496487
294158,437.98818779767026
294159,451.78012662520837
294160,167.27871613987685
294161,1091.5674239662715
294162,862.4505205751084
294163,518.2863663775988
294164,529.701891014031
294165,727.7199602967376
294166,35.72680754817931
294167,3.7367063049286955
294168,3.77005874027207
294169,11.442695204390358
294170,38.98579785796592
294171,37.789455351796406
294172,4.012852702002945
294173,4.217431381005127
294174,12.565659257479213
294175,-9.704312728051544
294176,58.16568860071224
294177,25.394740828802227
294178,23.734772322026377
294179,35.14567863729102
294180,149.80378208329194
294181,1034.2377002988208
294182,809.4681823236531
294183,500.50930107618103
294184,509.29483109697503
294185,321.4221668234698
294186,2035.6298510462086
294187,1611.5361452002091
294188,1010.9079055694561
294189,1004.205142442915
294190,373.0888162801932
294191,2407.814945397408
294192,1917.0223435887174
294193,1167.414083310115
294194,1156.0801275621009
294195,137.8667410885071
294196,815.2806266102551
294197,625.3350001188262
294198,410.6415974341536
294199,420.24481047942317
294200,259.5654484486057
294201,1613.6693544585557
294202,1297.7751154628477
294203,805.1833881025995
294204,817.9689427187011
294205,295.5919722714418
294206,1909.8692402469014
294207,1559.907338621358
294208,922.5126419776172
294209,930.6670039722457
294210,731.7923545459687
294211,654.6702109362602
294212,523.6329134738668
294213,314.6525358417169
294214,321.92261568283215
294215,451.7450652713156
294216,1275.2011066334228
294217,1026.0551240939812
294218,635.4323319586794
294219,641.3106789392035
294220,278.14639243775684
294221,1511.4732518074018
294222,1211.0593854852127
294223,750.0480818310043
294224,749.5095349023617
294225,122.42838882184923
294226,668.8008244774311
294227,535.1103987413925
294228,322.38332428082373
294229,329.653404121939
294230,195.71474194691928
294231,1303.7173012040207
294232,1049.8687256421128
294233,652.0387596229268
294234,657.917106603451
294235,237.31132325220037
294236,1571.418621442282
294237,1250.9954555271704
294238,765.8102478825384
294239,765.2717009538958
294240,76.48186051561433
294241,468.03481468996995
294242,369.10833324403416
294243,229.05902162110124
294244,246.82300272635698
294245,134.62832400044726
294246,956.6638108032768
294247,770.8889876194542
294248,460.8448971536985
294249,475.84739795111625
294250,179.45926894186968
294251,1141.3154625477978
294252,899.9756874690099
294253,552.101232082127
294254,560.6868389703781
294255,714.9967144603123
294256,35.23210850775598
294257,2.462651785604357
294258,1.678564801129134
294259,16.834008337915897
294260,44.59549027086504
294261,34.39525766072313
294262,6.45030799267291
294263,12.588168495947562
294264,24.352806936442676
294265,-9.5995047641374
294266,58.630825286639684
294267,20.335420430855255
294268,30.615655722175003
294269,45.99725749997254
294270,158.0865993784833
294271,1076.9743917751937
294272,838.5266673189896
294273,523.3107482338927
294274,532.4498699040587
294275,332.5485645177207
294276,2188.577282659601
294277,1719.89858845642
294278,1057.697793586228
294279,1047.0206318700214
294280,389.3612048504388
294281,2549.609019693597
294282,2043.36360439465
294283,1231.6830909046735
294284,1202.341373200784
294285,148.34283420750114
294286,865.9838028719056
294287,665.8705290926582
294288,435.76847024919203
294289,445.7252749438331
294290,269.84676048215664
294291,1720.753700980876
294292,1367.3219751319907
294293,859.7569094408383
294294,858.773320977868
294295,319.7165540549765
294296,2024.0721116759516
294297,1647.357680866314
294298,995.1261730423166
294299,990.0656768563849
294300,729.2201716753613
294301,689.4388084540877
294302,539.6302110547305
294303,330.1933204338359
294304,342.6833024221662
294305,378.7546549188133
294306,1365.5590471380742
294307,1107.538515697175
294308,675.0141576160297
294309,686.7871085093402
294310,269.41402666358545
294311,1624.42306424512
294312,1314.3063938427808
294313,790.8413062627394
294314,801.6364558767795
294315,126.28630235200578
294316,704.8448039162076
294317,553.0185934999334
294318,339.83500605062
294319,352.32498803895027
294320,201.73437546671462
294321,1395.2015955737231
294322,1131.3521172453065
294323,691.6205852802772
294324,703.3935361735877
294325,244.07782554882743
294326,1689.4313410865507
294327,1356.0407283600914
294328,808.4017367896264
294329,819.1968864036664
294330,84.28774889261503
294331,494.87167723512414
294332,388.9096006984536
294333,237.80549330049746
294334,260.78937655296835
294335,149.20434165236736
294336,1003.3465060475137
294337,815.6840786733272
294338,480.50875735430395
294339,501.4058620645083
294340,194.14556094384002
294341,1188.7651626495042
294342,942.5712393355136
294343,572.5485153687592
294344,592.467818799693
294345,701.1822189627242
294346,45.23069830424366
294347,4.790259933702949
294348,6.1739215372960015
294349,28.58082163701536
294350,81.26487716606967
294351,35.75151476552861
294352,5.918960907114571
294353,16.280734319488545
294354,35.971531088487495
294355,11.173541900948294
294356,63.327210281347085
294357,21.208223947264802
294358,33.6331650543782
294359,56.94092516067952
294360,164.02046124231154
294361,1129.074170136363
294362,895.7086209706
294363,544.9356483937579
294364,559.2946722111391
294365,330.3836087045243
294366,2311.8467309210746
294367,1797.8650704338445
294368,1121.1279762221843
294369,1116.3454184187642
294370,415.1556396343661
294371,2687.9260676391514
294372,2149.298515817378
294373,1333.4085324933396
294374,1309.9614187022364
294375,154.25319243833883
294376,914.9492215577279
294377,719.1075614105857
294378,453.12357087243
294379,468.30027771428604
294380,269.59948914345466
294381,1805.5034093146703
294382,1474.5963451666732
294383,890.7200778696933
294384,895.6310933195094
294385,326.90853079313047
294386,2143.6952436275496
294387,1768.8547947475406
294388,1043.8644579036131
294389,1044.6985656304676
294390,697.0537856848407
294391,767.9128203065125
294392,603.5597311449743
294393,372.316208800396
294394,392.00790769090867
294395,285.4149411962094
294396,1541.4743257696734
294397,1234.2624178937506
294398,722.4005997597349
294399,739.5579691920382
294400,287.10666347357505
294401,1805.4122027584533
294402,1445.5285046107686
294403,864.6295277807818
294404,882.6263942970043
294405,148.78768995697777
294406,782.442537238677
294407,618.653400887737
294408,382.15468804383
294409,401.8463869343427
294410,210.8492807555106
294411,1570.3164382339157
294412,1255.8938318007056
294413,739.4649601054397
294414,756.622329537743
294415,249.9285297741714
294416,1864.6111732556944
294417,1485.0806514869025
294418,882.6478909891262
294419,900.6447575053486
294420,104.42764904564919
294421,560.5984003643806
294422,440.4449959554778
294423,250.3774227174809
294424,278.7025739944978
294425,161.0031485861641
294426,1088.37207885856
294427,881.6466925751414
294428,510.5419517984129
294429,534.9630261699741
294430,199.5745258740838
294431,1308.5593198025429
294432,1053.4492873615625
294433,643.2628144911009
294434,668.5233859465809
294435,726.6447025987143
294436,46.35270684241244
294437,7.851874937543826
294438,5.4347705159412545
294439,30.56943273816766
294440,26.600870323194286
294441,43.56291977283114
294442,16.77159253888097
294443,18.309141546269718
294444,38.91040207458629
294445,10.79191068413688
294446,72.3337532507029
294447,36.88988397375663
294448,36.256271229884284
294449,62.291793458692624
294450,179.74807586838196
294451,1248.757042580305
294452,994.0095678006535
294453,592.8998694024689
294454,617.3760940429029
294455,383.1104492439049
294456,2534.8690195655063
294457,1945.7345328451725
294458,1209.1142768545865
294459,1239.4860694875674
294460,437.8363892829968
294461,3033.3625686943988
294462,2415.9096926717193
294463,1447.7881105923254
294464,1459.9001044145737
294465,163.4705830025386
294466,1014.2093318107536
294467,789.3829374265488
294468,473.7146382598821
294469,497.6530361414724
294470,316.50521102444714
294471,1976.1845335020053
294472,1622.396536906654
294473,967.2770921115133
294474,990.8062716764574
294475,351.142423691893
294476,2358.3631754508583
294477,1908.6847174216957
294478,1149.998563238258
294479,1169.8555922571913
294480,732.2340135939683
294481,623.0640611388297
294482,487.6126108821897
294483,286.4851920751643
294484,300.2540147497493
294485,560.704347885272
294486,1227.7872982022598
294487,981.8801665295905
294488,593.5410338839422
294489,617.3178323247253
294490,311.2643750083214
294491,1459.7018098847311
294492,1165.1872552007453
294493,694.076585386834
294494,715.4769696365113
294495,127.58927378475232
294496,630.9666835698928
294497,495.4283544763274
294498,294.8344922947701
294499,308.60331496935504
294500,200.00448837383095
294501,1249.4569898822506
294502,1001.4135146238355
294503,610.1474615481897
294504,633.9242599889727
294505,223.3850724784621
294506,1496.7997618702684
294507,1188.1086789560873
294508,709.8387514383681
294509,731.2391356880454
294510,70.4023289044272
294511,441.2396889063322
294512,345.28967340290177
294513,208.3218060861277
294514,230.349777267588
294515,128.57110220235876
294516,919.8428487682809
294517,730.5117655366479
294518,424.4224130147177
294519,447.7553003969873
294520,159.54455526107355
294521,1084.7626500607946
294522,845.7935976316354
294523,504.6678429641737
294524,525.6243161553382
294525,723.3904778393386
294526,34.72579673919579
294527,1.0357170751087448
294528,-3.163354875599972
294529,11.43672424121068
294530,28.681590905328655
294531,36.78844454281287
294532,4.7383011341117784
294533,-2.7159822348669183
294534,12.559688294299537
294535,-14.086543815922788
294536,57.11192916125661
294537,26.067440630438927
294538,16.748610075682233
294539,35.08695904363921
294540,147.29348880105258
294541,1035.0558786649972
294542,803.1480383173371
294543,488.7663420592674
294544,515.8222204631869
294545,318.9118735412304
294546,2036.448029412385
294547,1602.0708511067196
294548,999.1649465525427
294549,1025.9132083470809
294550,370.52577436748174
294551,2408.580375133112
294552,1907.5043008647558
294553,1155.6183756627295
294554,1177.7354448357942
294555,135.35644780626774
294556,820.2783230803858
294557,621.6975545553045
294558,398.8986384172398
294559,425.4166900623159
294560,257.0551551663664
294561,1618.6670509286864
294562,1290.9925198121523
294563,793.440429085686
294564,823.1408223015943
294565,293.02893035873035
294566,1914.81418808656
294567,1553.0719943401905
294568,910.7169343302317
294569,935.7861349246667
294570,732.2340135939683
294571,623.0640611388297
294572,487.6126108821897
294573,286.4851920751643
294574,302.45838573225933
294575,560.704347885272
294576,1227.7872982022598
294577,981.8801665295905
294578,593.5410338839422
294579,619.5222033072354
294580,311.2643750083214
294581,1459.7018098847311
294582,1165.1872552007453
294583,694.076585386834
294584,717.6813406190214
294585,127.58927378475232
294586,630.9666835698928
294587,495.4283544763274
294588,294.8344922947701
294589,310.8076859518651
294590,200.00448837383095
294591,1249.4569898822506
294592,1001.4135146238355
294593,610.1474615481897
294594,636.1286309714828
294595,223.3850724784621
294596,1496.7997618702684
294597,1188.1086789560873
294598,709.8387514383681
294599,733.4435066705555
294600,70.4023289044272
294601,441.2396889063322
294602,345.28967340290177
294603,208.3218060861277
294604,232.55414825009805
294605,128.57110220235876
294606,919.8428487682809
294607,730.5117655366479
294608,424.4224130147177
294609,449.95967137949737
294610,159.54455526107355
294611,1084.7626500607946
294612,845.7935976316354
294613,504.6678429641737
294614,527.8286871378483
294615,723.3904778393386
294616,34.72579673919579
294617,1.0357170751087448
294618,-3.163354875599972
294619,13.641095223720765
294620,28.681590905328655
294621,36.78844454281287
294622,4.7383011341117784
294623,-2.7159822348669183
294624,14.76405927680961
294625,-14.086543815922788
294626,57.11192916125661
294627,26.067440630438927
294628,16.748610075682233
294629,37.291330026149325
294630,147.29348880105258
294631,1035.0558786649972
294632,803.1480383173371
294633,488.7663420592674
294634,518.0265914456969
294635,318.9118735412304
294636,2036.448029412385
294637,1602.0708511067196
294638,999.1649465525427
294639,1028.1175793295906
294640,370.52577436748174
294641,2408.580375133112
294642,1907.5043008647558
294643,1155.6183756627295
294644,1179.9398158183044
294645,135.35644780626774
294646,820.2783230803858
294647,621.6975545553045
294648,398.8986384172398
294649,427.621061044826
294650,257.0551551663664
294651,1618.6670509286864
294652,1290.9925198121523
294653,793.440429085686
294654,825.3451932841044
294655,293.02893035873035
294656,1914.81418808656
294657,1553.0719943401905
294658,910.7169343302317
294659,937.9905059071768
294660,731.9476020961297
294661,622.7776496409912
294662,489.5957149268764
294663,286.0551320230569
294664,302.0283256801519
294665,552.60499114447
294666,1227.5008867044212
294667,986.0588049714785
294668,593.1109738318347
294669,619.0921432551279
294670,310.9779635104828
294671,1459.4153983868925
294672,1169.3658936426334
294673,693.6465253347266
294674,717.2512805669139
294675,127.30286228691378
294676,630.6802720720542
294677,497.4114585210141
294678,294.40443224266266
294679,310.3776258997577
294680,199.71807687599244
294681,1249.170578384412
294682,1005.5921530657234
294683,609.7174014960822
294684,635.6985709193754
294685,223.09866098062355
294686,1496.5133503724298
294687,1192.2873173979754
294688,709.4086913862607
294689,733.013446618448
294690,70.11591740658862
294691,440.95327740849365
294692,347.27277744758845
294693,207.89174603402031
294694,232.12408819799066
294695,128.2846907045202
294696,919.5564372704423
294697,734.6904039785359
294698,423.99235296261025
294699,449.52961132738994
294700,159.258143763235
294701,1084.476238562956
294702,849.9722360735234
294703,504.2377829120663
294704,527.3986270857408
294705,723.1040663415
294706,34.43938524135723
294707,-0.2671879766597775
294708,-3.5934149277073866
294709,13.211035171613352
294710,28.395179407490094
294711,36.50203304497431
294712,3.4353960823432566
294713,-3.146042286974332
294714,14.333999224702197
294715,-14.372955313761349
294716,56.82551766341805
294717,24.764535578670404
294718,16.31855002357482
294719,36.86126997404191
294720,147.00707730321403
294721,1034.7694671671586
294722,807.2834772172246
294723,488.33628200716
294724,517.5965313935894
294725,318.62546204339185
294726,2036.1616179145465
294727,1606.206290006607
294728,998.7348865004352
294729,1027.6875192774833
294730,370.2393628696432
294731,2408.2939636352735
294732,1911.6397397646433
294733,1155.188315610622
294734,1179.509755766197
294735,135.0700363084292
294736,819.9919115825472
294737,623.1502950123977
294738,398.4685783651324
294739,427.19100099271856
294740,256.7687436685278
294741,1618.3806394308479
294742,1292.4452602692456
294743,793.0103690335785
294744,824.915133231997
294745,292.7425188608918
294746,1914.5277765887215
294747,1554.5247347972838
294748,910.2868742781242
294749,937.5604458550694
294750,731.9476020961297
294751,622.7776496409912
294752,489.5957149268764
294753,286.0551320230569
294754,302.0283256801519
294755,538.6549087921615
294756,1227.5008867044212
294757,986.0588049714785
294758,593.1109738318347
294759,619.0921432551279
294760,310.9779635104828
294761,1459.4153983868925
294762,1169.3658936426334
294763,693.6465253347266
294764,717.2512805669139
294765,127.30286228691378
294766,630.6802720720542
294767,497.4114585210141
294768,294.40443224266266
294769,310.3776258997577
294770,199.71807687599244
294771,1249.170578384412
294772,1005.5921530657234
294773,609.7174014960822
294774,635.6985709193754
294775,223.09866098062355
294776,1496.5133503724298
294777,1192.2873173979754
294778,709.4086913862607
294779,733.013446618448
294780,70.11591740658862
294781,440.95327740849365
294782,347.27277744758845
294783,207.89174603402031
294784,232.12408819799066
294785,128.2846907045202
294786,919.5564372704423
294787,734.6904039785359
294788,423.99235296261025
294789,449.52961132738994
294790,159.258143763235
294791,1084.476238562956
294792,849.9722360735234
294793,504.2377829120663
294794,527.3986270857408
294795,723.1040663415
294796,34.43938524135723
294797,-0.2671879766597775
294798,-3.5934149277073866
294799,13.211035171613352
294800,28.395179407490094
294801,36.50203304497431
294802,3.4353960823432566
294803,-3.146042286974332
294804,14.333999224702197
294805,-14.372955313761349
294806,56.82551766341805
294807,24.764535578670404
294808,16.31855002357482
294809,36.86126997404191
294810,147.00707730321403
294811,1034.7694671671586
294812,807.2834772172246
294813,488.33628200716
294814,517.5965313935894
294815,318.62546204339185
294816,2036.1616179145465
294817,1606.206290006607
294818,998.7348865004352
294819,1027.6875192774833
294820,370.2393628696432
294821,2408.2939636352735
294822,1911.6397397646433
294823,1155.188315610622
294824,1179.509755766197
294825,135.0700363084292
294826,819.9919115825472
294827,623.1502950123977
294828,398.4685783651324
294829,427.19100099271856
294830,256.7687436685278
294831,1618.3806394308479
294832,1292.4452602692456
294833,793.0103690335785
294834,824.915133231997
294835,292.7425188608918
294836,1914.5277765887215
294837,1554.5247347972838
294838,910.2868742781242
294839,937.5604458550694
294840,730.4469578884706
294841,654.2542012520885
294842,520.5004318149287
294843,306.93166125164936
294844,329.62503731331054
294845,402.22931033480927
294846,1274.785096949251
294847,1020.2520153115398
294848,627.7114573686118
294849,649.0131005696818
294850,276.80099578025875
294851,1511.05724212323
294852,1205.2562767027714
294853,742.3272072409368
294854,757.21195653284
294855,121.0829921643511
294856,668.3848147932594
294857,531.9779170824544
294858,314.6624496907562
294859,337.3558257524174
294860,194.36934528942118
294861,1303.301291519849
294862,1044.0656168596715
294863,644.3178850328593
294864,665.6195282339293
294865,235.9659265947023
294866,1571.0026117581103
294867,1245.192346744729
294868,758.0893732924709
294869,772.9741225843741
294870,75.13646385811622
294871,467.6188050057982
294872,365.97585158509605
294873,221.3381470310337
294874,252.29067159957017
294875,133.2829273429492
294876,956.247801119105
294877,765.0858788370127
294878,453.124022563631
294879,481.3150668243295
294880,178.1138722843716
294881,1140.899452863626
294882,894.1725786865685
294883,544.3803574920595
294884,566.1545078435913
294885,713.9686713955958
294886,35.133452416365905
294887,-0.35247628055211827
294888,-3.1114502941175566
294889,22.61903080391077
294890,43.97064747547297
294891,34.29660156933305
294892,7.061617588445214
294893,7.798153400700866
294894,30.13782940243755
294895,-10.627547828853867
294896,58.532169195249615
294897,20.946730026627552
294898,25.825640626928312
294899,51.782279965967426
294900,157.05855631376684
294901,1076.8757356838037
294902,835.7115392528331
294903,514.6176515541852
294904,541.7212494861385
294905,331.5205214530042
294906,2188.478626568211
294907,1713.93831030309
294908,1049.0046969065206
294909,1071.4726879900554
294910,388.3331617857223
294911,2549.510363602207
294912,2037.4033262413193
294913,1222.989994224966
294914,1226.793429320818
294915,147.31479114278469
294916,870.0646648844697
294917,663.0554010265017
294918,427.07537356948444
294919,453.6411447425943
294920,268.81871741744015
294921,1724.8345629934402
294922,1361.3616969786608
294923,851.0638127611307
294924,866.6891907766293
294925,318.68851099026
294926,2028.1529736885159
294927,1641.397402712984
294928,986.4330763626091
294929,997.9815466551462
294930,728.8855215842597
294931,690.0335453363125
294932,537.5084759621889
294933,326.49613688797496
294934,349.4373772472021
294935,357.53607481753994
294936,1366.1537840202989
294937,1102.74615348113
294938,671.3169740701688
294939,693.5411833343762
294940,269.0793765724838
294941,1625.0178011273447
294942,1309.514031626736
294943,787.1441227168785
294944,808.3905307018155
294945,125.95165226090417
294946,705.4395407984324
294947,550.8968584073918
294948,336.1378225047591
294949,359.07906286398617
294950,201.399725375613
294951,1395.7963324559478
294952,1126.5597550292616
294953,687.9234017344163
294954,710.1476109986237
294955,243.7431754577258
294956,1690.0260779687753
294957,1351.2483661440465
294958,804.7045532437655
294959,825.9509612287025
294960,83.95309880151336
294961,495.46641411734885
294962,386.7878656059119
294963,234.1083097546366
294964,267.54345137800425
294965,148.86969156126574
294966,1003.9412429297385
294967,810.8917164572823
294968,476.81157380844303
294969,508.1599368895442
294970,193.8109108527384
294971,1189.3598995317288
294972,937.7788771194687
294973,568.8513318228984
294974,599.221893624729
294975,701.1649224644042
294976,46.14278877925002
294977,2.985878433942914
294978,2.794091584216728
294979,35.652250054832905
294980,75.27285617251148
294981,36.66360524053496
294982,7.541017069283314
294983,12.900904366409275
294984,43.04295950630505
294985,11.156245402628269
294986,64.23930075635343
294987,22.83028010943354
294988,30.25333510129891
294989,64.01235357849707
294990,164.00316474399153
294991,1129.9862606113693
294992,893.90423947084
294993,541.5558184406786
294994,566.3661006289567
294995,330.36631220620427
294996,2312.7588213960803
294997,1792.915538846911
294998,1117.748146269105
294999,1123.4168468365822
295000,415.13834313604605
295001,2688.838158114157
295002,2144.3489842304434
295003,1330.0287025402604
295004,1317.0328471200544
295005,154.23589594001882
295006,920.0408301366886
295007,717.3031799108257
295008,449.74374091935067
295009,475.37170613210355
295010,269.5821926451346
295011,1810.595017893631
295012,1469.6468135797397
295013,887.3402479166141
295014,902.7025217373271
295015,326.89123429481043
295016,2148.7868522065096
295017,1763.905263160607
295018,1040.4846279505339
295019,1051.7699940482855
295020,697.5162331794304
295021,768.3752678011022
295022,604.022178639564
295023,375.7916007727958
295024,396.71138235218007
295025,264.9934586806273
295026,1541.9367732642631
295027,1234.7248653883403
295028,725.8759917321347
295029,744.2614438533097
295030,287.5691109681647
295031,1805.874650253043
295032,1445.9909521053582
295033,868.1049197531817
295034,887.3298689582758
295035,149.2501374515674
295036,782.9049847332667
295037,619.1158483823267
295038,385.6300800162298
295039,406.5498615956141
295040,211.31172825010023
295041,1570.7788857285054
295042,1256.3562792952953
295043,742.9403520778395
295044,761.3258041990146
295045,250.39097726876105
295046,1865.0736207502841
295047,1485.5430989814922
295048,886.123282961526
295049,905.3482321666202
295050,104.89009654023884
295051,561.0608478589703
295052,440.90744345006743
295053,253.85281468988074
295054,285.64080141303435
295055,161.46559608075373
295056,1088.8345263531496
295057,882.1091400697311
295058,514.0173437708131
295059,541.9012535885107
295060,200.03697336867344
295061,1309.0217672971326
295062,1053.9117348561522
295063,646.7382064635008
295064,675.4616133651175
295065,727.6554491651108
295066,47.36345340880887
295067,8.862621503940266
295068,6.844955658108672
295069,38.055959228511064
295070,27.611616889590728
295071,44.57366633922757
295072,17.782339105277412
295073,19.719326688437135
295074,46.39692856492965
295075,11.802657250533322
295076,73.34449981709935
295077,37.90063054015307
295078,37.666456372051705
295079,69.77831994903599
295080,180.7588224347784
295081,1249.7677891467015
295082,995.02031436705
295083,598.2131361290972
295084,621.3762634171613
295085,384.12119581030134
295086,2535.879766131902
295087,1946.7452794115688
295088,1214.4275435812146
295089,1228.3055623238722
295090,438.8471358493932
295091,3034.3733152607947
295092,2416.9204392381153
295093,1453.1013773189536
295094,1448.7195972508785
295095,164.48132956893505
295096,1015.2200783771501
295097,790.3936839929453
295098,479.0279049865104
295099,503.0087152990494
295100,317.5159575908436
295101,1977.1952800684016
295102,1623.4072834730505
295103,972.5903588381416
295104,996.1619508340344
295105,352.15317025828944
295106,2359.3739220172542
295107,1909.6954639880921
295108,1155.311829964886
295109,1175.2112714147686
295110,730.9625736582695
295111,623.5265086334194
295112,488.07505837677957
295113,289.9605840475641
295114,302.12957312768077
295115,488.46382042889417
295116,1228.2497456968495
295117,982.3426140241802
295118,597.016425856342
295119,619.193390702657
295120,310.66237583471576
295121,1460.1642573793208
295122,1165.649702695335
295123,697.5519773592339
295124,717.352528014443
295125,128.05172127934196
295126,631.4291310644825
295127,495.89080197091704
295128,298.3098842671699
295129,310.47887334728654
295130,200.4669358684206
295131,1249.9194373768403
295132,1001.8759621184252
295133,613.6228535205895
295134,635.7998183669044
295135,223.84751997305173
295136,1497.262209364858
295137,1188.571126450677
295138,713.314143410768
295139,733.1146940659771
295140,70.86477639901685
295141,441.70213640092186
295142,345.7521208974914
295143,211.79719805852756
295144,234.46008840278466
295145,129.03354969694843
295146,920.3052962628706
295147,730.9742130312376
295148,427.89780498711747
295149,451.86561153218395
295150,160.0070027556632
295151,1085.2250975553843
295152,846.2560451262251
295153,508.1432349365735
295154,529.734627290535
295155,724.4012244057351
295156,35.73654330559223
295157,2.0464636415051856
295158,-1.753169733432555
295159,16.095334448214157
295160,29.692337471725097
295161,37.79919110920932
295162,5.749047700508219
295163,-1.3057970926995008
295164,17.218298501302996
295165,-13.075797249526353
295166,58.122675727653046
295167,27.07818719683537
295168,18.158795217849633
295169,39.74556925064272
295170,148.30423536744902
295171,1036.0666252313936
295172,804.1587848837336
295173,494.0796087858957
295174,516.9944735541056
295175,319.92262010762687
295176,2037.4587759787814
295177,1603.081597673116
295178,1004.478213279171
295179,1011.9047849000453
295180,371.5365209338782
295181,2409.5911216995078
295182,1908.5150474311522
295183,1160.9316423893576
295184,1163.7270213887589
295185,136.3671943726642
295186,821.2890696467823
295187,622.708301121701
295188,404.2119051438681
295189,427.94445293655303
295190,258.0659017327628
295191,1619.6777974950828
295192,1292.0032663785487
295193,798.7536958123143
295194,825.6685851758315
295195,294.0396769251268
295196,1915.8249346529565
295197,1554.0827409065869
295198,916.0302010568599
295199,938.3138977989039
295200,732.8224023760893
295201,628.6809938137789
295202,493.22954355713904
295203,297.25858191678736
295204,304.00859989185716
295205,458.22871249265194
295206,1233.4042308772086
295207,987.4970992045393
295208,604.3144237255653
295209,621.0724174668334
295210,315.7929433889717
295211,1468.5894813961163
295212,1174.0749267121305
295213,708.1207140648934
295214,722.5022936150556
295215,133.55981092392335
295216,643.7937510636558
295217,508.2554219700909
295218,309.25614306315475
295219,316.00616103822455
295220,206.63215935847296
295221,1265.809357465413
295222,1017.7658822069973
295223,624.5691123165745
295224,641.3271060578426
295225,239.5311977471423
295226,1519.8024174935406
295227,1211.1113345793594
295228,734.4359903362622
295229,748.8175698864244
295230,73.18732488931983
295231,445.6565244546422
295232,349.70650895121173
295233,219.557915700234
295234,236.80183493944426
295235,132.01323203272227
295236,927.7849844059905
295237,738.4539011743575
295238,435.6585226288239
295239,454.2073580688435
295240,163.52096113462218
295241,1090.3708954977606
295242,851.4018430686015
295243,517.0953624669369
295244,533.2677837158507
295245,726.6324263873054
295246,39.5995848505799
295247,5.909505186492844
295248,5.916201399541231
295249,18.345734476141093
295250,31.92353945329536
295251,41.662232654196984
295252,9.612089245495875
295253,6.363574040274286
295254,19.468698529229943
295255,-10.84459526795607
295256,61.9857172726407
295257,30.941228741823014
295258,25.828166350823423
295259,41.99596927856963
295260,150.53543734901928
295261,1044.3918285053576
295262,812.483988157697
295263,501.74897991886957
295264,519.2448735820328
295265,322.15382208919715
295266,2045.7839792527448
295267,1611.4068009470793
295268,1012.1475844121444
295269,1014.1551849279721
295270,373.7677229154485
295271,2417.916324973472
295272,1916.8402507051155
295273,1168.6010135223314
295274,1165.9774214166857
295275,138.59839635423444
295276,829.6142729207457
295277,631.0335043956644
295278,411.88127627684185
295279,430.19485296447994
295280,260.297103714333
295281,1628.0030007690461
295282,1300.328469652512
295283,806.4230669452882
295284,827.9189852037584
295285,296.2708789066971
295286,1924.1501379269198
295287,1562.4079441805502
295288,923.6995721898338
295289,940.5642978268309
295290,749.3752481010895
295291,671.3722498576604
295292,524.3510661680184
295293,314.06857276291953
295294,349.05838983304494
295295,414.36750500570184
295296,1301.6409755224468
295297,1034.9310880841633
295298,628.4180500080759
295299,688.682447746592
295300,314.4803064616854
295301,1533.191125161219
295302,1221.5089155917549
295303,732.2243403474039
295304,790.1123238948142
295305,152.73899918938866
295306,689.1113496480024
295307,542.0032871214353
295308,332.31946226099603
295309,367.3092793311215
295310,253.9093086032164
295311,1363.3514258032237
295312,1099.3583774678684
295313,670.400355820206
295314,730.664753558722
295315,275.32608133525815
295316,1613.7093849512157
295317,1292.7038298402304
295318,780.2672338398936
295319,838.1552173873039
295320,90.96311753622969
295321,485.86351560288074
295322,382.0509784840007
295323,234.73904461840525
295324,269.739212432844
295325,165.69363948968976
295326,975.8635098101121
295327,782.2063661327306
295328,452.2707595980168
295329,486.58852054000494
295330,185.71910293496225
295331,1138.9645052574933
295332,895.1543080269746
295333,533.7075994361296
295334,565.6489461870111
295335,748.4987111425941
295336,70.22465712690858
295337,32.08069755591328
295338,18.210062250799094
295339,31.269493572043633
295340,-16.767069487816332
295341,69.29689558322848
295342,27.502984200013387
295343,19.158997192866035
295344,19.63922446936584
295345,0.8625399026583304
295346,83.44081375228672
295347,48.832123696340574
295348,38.62358950341523
295349,42.166495218705656
295350,169.24415780283866
295351,1091.4108173759826
295352,847.9137203525962
295353,514.6913470483811
295354,577.0115109819062
295355,353.1785472213684
295356,2136.3914480731496
295357,1691.5273808945058
295358,1028.0372931706702
295359,1139.3631786260257
295360,430.0469035947144
295361,2536.7999848906165
295362,2028.2612601391215
295363,1215.7911517674368
295364,1322.4858446013195
295365,156.20555652792248
295366,868.8052209027287
295367,662.678977867638
295368,423.7220831262219
295369,479.96721008775955
295370,300.144346474595
295371,1728.4546581882348
295372,1387.610539755927
295373,836.4915336993089
295374,904.1007078034218
295375,352.28358012910786
295376,2037.0625087493886
295377,1671.9014466855986
295378,975.9794713454882
295379,1038.957452828127
295380,753.8550880389054
295381,713.0362255934335
295382,566.0150419037915
295383,324.48299419833927
295384,414.9925935835459
295385,402.4061425844181
295386,1361.227266504674
295387,1094.5173790663905
295388,638.8324714434956
295389,754.6166514970928
295390,318.96014639950124
295391,1649.3478200682923
295392,1304.957701052888
295393,766.5012562617296
295394,879.909022124221
295395,157.21883912720452
295396,734.223783568423
295397,587.1157210418556
295398,346.1823418810632
295399,436.6919412662698
295400,263.0105985885559
295401,1431.007625017622
295402,1167.0145766822668
295403,684.2632354402731
295404,800.0474154938703
295405,279.805921273074
295406,1733.3145380429366
295407,1379.601073486011
295408,817.9926079388667
295409,931.4003738013581
295410,95.44295747404554
295411,527.5274913386544
295412,423.7149542197737
295413,245.15346605382513
295414,335.67341618334484
295415,170.57430265989657
295416,1035.8506240247295
295417,842.1934803473487
295418,462.68518103343655
295419,552.522724290507
295420,190.1989428727781
295421,1255.1212001645667
295422,978.6030934881078
295423,567.9845153504554
295424,655.445644416418
295425,744.2335463316393
295426,62.948329148986886
295427,24.804369577991515
295428,12.563372007081052
295429,81.14258564340686
295430,-26.64689330806875
295431,62.020567605306795
295432,20.226656222091655
295433,13.512306949147998
295434,69.51231654072906
295435,-3.402624908296418
295436,102.95014785138531
295437,35.63354834949878
295438,27.05465189077703
295439,86.11733992114867
295440,187.5129690806915
295441,1141.202779844911
295442,897.7056828215248
295443,531.5786328934706
295444,649.4185791420769
295445,371.89615664087256
295446,2282.078794957102
295447,1804.2395743909744
295448,1067.670803074847
295449,1234.5164708452837
295450,448.7645130142186
295451,2806.772091909407
295452,2192.1602967377344
295453,1306.611504773758
295454,1468.825979922722
295455,173.01747012118784
295456,913.2026631418274
295457,707.0764201067367
295458,439.15247128672394
295459,550.9173805633436
295460,316.95626006786034
295461,1772.8521004273334
295462,1432.0079819950256
295463,851.9219218598109
295464,975.0508782790049
295465,369.0954937223732
295466,2179.28027154472
295467,1741.0212924482341
295468,1016.1322630295277
295469,1134.6300268272469
295470,751.8701406598651
295471,859.9502393757865
295472,712.3572209630992
295473,361.50860495963263
295474,462.1896955613327
295475,360.38216776479044
295476,1602.1255740684753
295477,1322.3246867254238
295478,718.7888045767827
295479,853.7005794926035
295480,304.5573719735387
295481,1954.9523630634085
295482,1561.0307339232788
295483,887.1063402557309
295484,1048.5222389938167
295485,150.5146658332607
295486,887.3657884608838
295487,737.1196417745512
295488,382.58944086185767
295489,483.2705314635577
295490,264.6971976585225
295491,1678.7524354720306
295492,1399.1021377951868
295493,764.2195685735602
295494,899.131343489381
295495,322.7563051730053
295496,2072.075423668986
295497,1662.9976776246087
295498,938.597691932868
295499,1100.0135906709543
295500,99.97920075419201
295501,607.1385661997404
295502,495.3635756210632
295503,274.74894858353946
295504,375.4403899295526
295505,182.6078699548636
295506,1173.214093207188
295507,973.2610605396205
295508,537.1727002309689
295509,653.4711504684029
295510,239.13778967976734
295511,1482.8740467204304
295512,1160.3530189078201
295513,680.051492018239
295514,822.8540660779387
295515,707.5022673870991
295516,54.51771097002097
295517,15.594395920124558
295518,-2.6186849522832762
295519,78.33786849467742
295520,-48.62858462661602
295521,53.613812391572125
295522,17.65155399010019
295523,15.525148911304115
295524,100.19191407739213
295525,-27.253101422024976
295526,146.06521493720658
295527,39.44410890292006
295528,41.46007861216904
295529,162.66482484699145
295530,218.07286297637893
295531,1327.23012273684
295532,1070.054819232417
295533,590.3002797313119
295534,709.4348833373691
295535,416.6340087267472
295536,2772.7061769821958
295537,2225.6038084639667
295538,1205.567182548767
295539,1389.735329710138
295540,498.70110460656
295541,3473.650805499951
295542,2661.6091290583895
295543,1492.0927845234035
295544,1690.5173934285235
295545,203.3058306450971
295546,1083.8231916961158
295547,867.5293013732058
295548,497.7347345863115
295549,610.7943012203818
295550,363.78510829249876
295551,2073.2783307240156
295552,1694.896725438532
295553,963.4187703362057
295554,1094.0754616569263
295555,429.82036032746714
295556,2610.551158044116
295557,2051.919299165492
295558,1175.7749019303217
295559,1335.275703259513
295560,755.6174419555883
295561,929.4480893743554
295562,740.848928509606
295563,403.9099545601234
295564,501.4848683179506
295565,330.25568459535873
295566,1822.4886206014928
295567,1472.9167428147393
295568,826.1824699716614
295569,982.7852763586344
295570,311.1281005299394
295571,2179.126692596003
295572,1733.112002183307
295573,995.4369998413323
295574,1183.9830226804663
295575,165.0795749535481
295576,962.5265318042016
295577,771.9097579225354
295578,431.2891990638258
295579,528.8641128216532
295580,294.8399133154871
295581,1920.8337181979466
295582,1578.2376777446023
295583,888.1104187236265
295584,1044.7132251105988
295585,353.3714850231397
295586,2321.9045427359783
295587,1865.4206942200897
295588,1065.2238007490096
295589,1253.7698235881444
295590,105.43003860429049
295591,657.1442767381761
295592,516.0988485536666
295593,292.2903363709175
295594,389.8756008730578
295595,204.08685182778478
295596,1271.8591385087018
295597,1044.391284850428
295598,583.2894765347917
295599,714.5290535730819
295600,260.4526413190768
295601,1586.214049593173
295602,1229.009299447596
295603,726.6772868244265
295604,889.8600803148786
295605,672.6889928602677
295606,82.78964745048597
295607,13.960508237102355
295608,-7.826295730861686
295609,59.92076407534356
295610,-49.36348844251249
295611,62.59568535574044
295612,11.693929522842193
295613,7.912855784014628
295614,99.8673362505183
295615,-37.78082528713991
295616,162.3151685050359
295617,34.61623045396796
295618,32.89832440987976
295619,161.39078594511787
295620,246.75080810830772
295621,1462.613373946865
295622,1188.2854032177852
295623,652.0812333144945
295624,786.045948963923
295625,448.2861732488166
295626,2999.146698765689
295627,2367.860262674095
295628,1337.3191597862635
295629,1581.6016612077385
295630,565.3859949674876
295631,3689.0265405314944
295632,2832.1852466027194
295633,1669.2133559553438
295634,1927.7523191205676
295635,229.85617831285273
295636,1186.7912488640723
295637,952.5341296581695
295638,548.6879112385182
295639,663.3401623300103
295640,398.7140606718187
295641,2285.2008793640707
295642,1890.4628344901575
295643,1060.11083057273
295644,1224.9548490454947
295645,479.2618960253772
295646,2822.5564077506274
295647,2253.381049837244
295648,1297.3154138410216
295649,1491.0035423222573
295650,753.1009297865535
295651,1005.7040885155988
295652,808.2998377736892
295653,483.4397201135018
295654,545.0963722711988
295655,278.78099568755937
295656,2020.6265893201487
295657,1627.2504341966412
295658,923.1909402955039
295659,1042.0581867191552
295660,386.77791267941797
295661,2338.465209469954
295662,1854.2517178141572
295663,1081.1550652170472
295664,1233.7828264560517
295665,209.19506402944398
295666,1036.5460553072676
295667,839.705757375956
295668,509.6555611356317
295669,571.3122132933282
295670,333.6259992693908
295671,2112.6529820378373
295672,1724.87091257797
295673,980.0585528215688
295674,1098.9257992452217
295675,404.9855204382757
295676,2469.915484358384
295677,1978.859953302406
295678,1145.8815298988254
295679,1298.50929113783
295680,151.82246082500708
295681,720.9628472200003
295682,567.758281230727
295683,338.871791220916
295684,400.91309800255425
295685,241.52273626533236
295686,1362.8794540957506
295687,1121.7357406265137
295688,646.7167518479831
295689,740.5950728025817
295690,307.61083427775566
295691,1671.8368496133287
295692,1313.577005025454
295693,793.0934824933885
295694,920.7323182633385
295695,705.3194126360028
295696,100.54030103433493
295697,28.988307549095023
295698,3.7459868508218865
295699,35.949088936525065
295700,-85.88562020503899
295701,88.24398002716103
295702,39.67348513156441
295703,21.637252049902408
295704,76.23047643271471
295705,-15.517814403453823
295706,185.47189388244695
295707,59.51737198277809
295708,39.30997714985501
295709,132.2584809645911
295710,325.7384385784047
295711,1607.9089360622527
295712,1320.1102997022292
295713,772.3520492149861
295714,870.7728071439124
295715,621.2890646571443
295716,3303.7882926448083
295717,2603.2106523820494
295718,1559.984330702771
295719,1761.5255256421872
295720,715.1307444324187
295721,3976.7952769858316
295722,3095.733274006747
295723,1827.7277275914935
295724,2043.9301414516087
295725,258.0219859083457
295726,1273.837035025609
295727,1015.9594790610323
295728,597.2739747050178
295729,676.3822680760082
295730,477.0840157751069
295731,2487.599931578491
295732,2080.022094423118
295733,1177.1786570846
295734,1316.335190912257
295735,541.7479710937898
295736,2962.846117952542
295737,2370.8904035360442
295738,1379.8806942773824
295739,1548.286095290461
295740,747.7784768464215
295741,800.2248957058487
295742,645.070649700759
295743,350.5023116241851
295744,437.2621132630278
295745,422.08115173721285
295746,1564.7097927562158
295747,1266.098731061696
295748,717.8745998106165
295749,850.2647943903694
295750,326.55003331028144
295751,1889.7830915658976
295752,1488.7090028300377
295753,862.4839072514774
295754,996.8357489239604
295755,151.14222793472086
295756,821.412453680838
295757,666.1713288388231
295758,372.20165930690905
295759,458.9614609457517
295760,266.244405382251
295761,1634.490151269164
295762,1338.5959286775724
295763,763.305363807394
295764,895.6955583871469
295765,287.3958081838541
295766,1973.749809540542
295767,1563.3523752631606
295768,913.9752589286145
295769,1048.327100601097
295770,89.36634628156197
295771,595.1236446593753
295772,479.47083340749464
295773,261.7816692725138
295774,348.5518216556696
295775,173.80810945359173
295776,1178.1984843808293
295777,952.640166447212
295778,514.9755770829292
295779,621.4191348661535
295780,197.78882978355813
295781,1438.129017584283
295782,1101.2197293698148
295783,637.215434022573
295784,745.6206388985273
295785,698.0257227995342
295786,57.390729016664096
295787,3.9978536041271107
295788,-8.983033739479207
295789,43.7115109378826
295790,-73.7657120149428
295791,63.16701875461534
295792,7.528800168101179
295793,2.4779247378650404
295794,65.39898293944405
295795,-54.46894354632952
295796,137.70413042603224
295797,21.358565634078566
295798,19.21371585884768
295799,89.53551378305308
295800,209.3186567844836
295801,1280.7523889141175
295802,1029.141752818006
295803,577.6496162303677
295804,709.676053619854
295805,411.14596518673034
295806,2574.7195720871464
295807,2052.9195407711445
295808,1183.558411138062
295809,1405.433416223606
295810,491.72382562266495
295811,3273.289381093192
295812,2468.5869790691618
295813,1455.0164016290132
295814,1676.5982753769201
295815,185.04821733779616
295816,1021.0740566127195
295817,802.7904923391881
295818,470.99463057327085
295819,583.7086034048215
295820,361.3823984915924
295821,1919.0018593481866
295822,1561.5577882037178
295823,931.9146075058175
295824,1084.145874132059
295825,411.14395405261877
295826,2436.267283385078
295827,1892.2306324521082
295828,1122.5550553114988
295829,1274.4931906001034
295830,747.421877337777
295831,701.0102325184888
295832,630.8971448662223
295833,298.41705319226526
295834,397.4085557951363
295835,482.62314549769604
295836,1376.6889710514106
295837,1210.2940329550538
295838,616.5324565099136
295839,772.8067264857075
295840,301.55714062768743
295841,1618.042981494623
295842,1411.1559569473172
295843,738.236049929295
295844,901.433412283304
295845,138.08814279390927
295846,720.8933610737321
295847,644.7770084748015
295848,320.82207180610806
295849,420.3339992604076
295850,224.3239065279964
295851,1428.548553430457
295852,1259.7572299596727
295853,660.6802662768024
295854,811.3110127344788
295855,279.43060868526896
295856,1685.806507400945
295857,1462.9128433238384
295858,781.5395980834704
295859,939.093436919362
295860,81.06455103780993
295861,519.8893551236725
295862,474.8258717013857
295863,247.92741648487822
295864,306.27417205764465
295865,137.98799691081285
295866,1055.469314519961
295867,933.8718579890091
295868,470.2137686896843
295869,565.5576575732681
295870,200.53859992550855
295871,1229.4155659763994
295872,1063.3669485320465
295873,569.3800499717662
295874,671.6470312335641
295875,683.4403666159965
295876,42.40241156641072
295877,48.552515893075736
295878,3.1577693157372018
295879,17.836268635739945
295880,-34.54033316261121
295881,64.83784367116372
295882,75.75135077007039
295883,10.770388535553181
295884,39.20597133840433
295885,-81.82128857569066
295886,81.11432586980284
295887,90.8145953885132
295888,38.40184534021486
295889,53.429027948090635
295890,219.0105871893224
295891,1157.850719825132
295892,1031.512412459853
295893,561.2011255013806
295894,673.371957843527
295895,424.17761941750695
295896,2386.3552864421995
295897,2143.8636411064895
295898,1129.7229662580694
295899,1387.0431886652464
295900,516.4252164668795
295901,2794.2957819940557
295902,2450.3157674719764
295903,1314.1922134597808
295904,1601.882843116221
295905,160.51745407688014
295906,895.264094999698
295907,777.684034874788
295908,421.0978871290946
295909,540.989690294341
295910,299.4441254596935
295911,1774.3530114675782
295912,1561.938628610121
295913,826.3898388575711
295914,1009.1872860338972
295915,365.68326229019175
295916,2092.3280237493864
295917,1844.6147880075025
295918,972.4572208504412
295919,1185.6250752760307
295920,745.5423889866436
295921,672.6850951094059
295922,599.887605403713
295923,283.7936533308426
295924,365.88120426230273
295925,467.5515825843212
295926,1311.9709976551496
295927,1160.5068131498085
295928,591.9099132787237
295929,725.7505812657716
295930,282.6088668434041
295931,1549.448297227453
295932,1357.492026271163
295933,709.7367958271963
295934,850.5005561924594
295935,132.82957496156362
295936,692.5682236646493
295937,613.7674690122922
295938,306.1986719446853
295939,388.80664772757405
295940,214.25725172112723
295941,1359.0224930596723
295942,1205.1619231799039
295943,631.249636071089
295944,759.4467805400194
295945,265.4872430074911
295946,1612.4037361592514
295947,1404.4408256731606
295948,748.2322570068482
295949,883.3524938539938
295950,75.80598320546419
295951,486.20491328055783
295952,438.45702780484504
295953,227.94471218942368
295954,274.7468205248111
295955,132.72942907846726
295956,996.2458037142737
295957,878.7253337497315
295958,440.2319210244631
295959,518.5015123533325
295960,191.40332122225405
295961,1166.3153442998048
295962,1004.34371342186
295963,535.5214914356357
295964,620.7141751427197
295965,696.5026306209293
295966,27.038801560575187
295967,30.504503833813683
295968,1.495896857561335
295969,4.629748940184972
295970,-21.478069157678195
295971,44.38738568868202
295972,59.377879353997656
295973,-0.8906272923893401
295974,10.470657955747548
295975,-68.7590245707576
295976,60.663867887321146
295977,74.44112397244034
295978,26.740829512272292
295979,24.693714565433798
295980,192.72497927031174
295981,1102.2903154271112
295982,972.5673617767943
295983,520.3955313746961
295984,617.1975764184004
295985,384.24067130904723
295986,2185.9077168155686
295987,1958.137288616994
295988,989.987604504588
295989,1252.903602927251
295990,463.91508236789986
295991,2581.2750263769044
295992,2252.0162289919576
295993,1161.883665715779
295994,1455.1700713877055
295995,156.1089100747925
295996,863.9972764402114
295997,743.0325700302636
295998,404.5858788409456
295999,509.1088947077489
296000,293.92517944539884
296001,1706.719391811367
296002,1509.0262260910424
296003,796.9856011829287
296004,958.8846107434773
296005,347.5911302853769
296006,2012.1212181026572
296007,1779.1291994979038
296008,930.4797971852785
296009,1122.7492139950912
296010,743.2524698005627
296011,666.9989251627914
296012,594.2014354570982
296013,276.4191555545734
296014,351.8673992828656
296015,471.3689061529726
296016,1296.7208190665135
296017,1145.8418608731583
296018,575.5566331724193
296019,712.5333117676169
296020,269.32747178607
296021,1534.1981186388168
296022,1342.8270739945128
296023,693.3835157208919
296024,837.2832866943046
296025,127.93187277623969
296026,673.2854510091377
296027,599.1992169018873
296028,296.8422247942712
296029,372.810893373992
296030,226.45826816178888
296031,1324.8103426126186
296032,1176.2495195899428
296033,607.549037441119
296034,744.2475616677197
296035,260.58954082216695
296036,1578.1915857121976
296037,1375.5284220831995
296038,724.5316583768782
296039,868.153274981694
296040,70.90828102014038
296041,482.4807826204066
296042,434.7328971446938
296043,224.2205815292725
296044,264.3833826614919
296045,144.93044551912908
296046,986.3519790571459
296047,869.4167354045894
296048,430.92332267932085
296049,508.9346099712946
296050,186.50561903693017
296051,1156.4215196426765
296052,995.0351150767182
296053,526.2128930904936
296054,611.1472727606827
296055,704.8939197664246
296056,36.60366223124267
296057,40.06936450448114
296058,11.060757528228795
296059,7.555302407684452
296060,4.011938613802103
296061,47.782552362372535
296062,63.35827233967416
296063,3.089765693287154
296064,14.192746904528894
296065,-60.36773542526277
296066,64.05903456101167
296067,78.42151695811687
296068,30.721222497948805
296069,28.415803514215085
296070,174.7866935534554
296071,1084.2516144318943
296072,954.5286607815776
296073,502.3568303794787
296074,592.5195682200159
296075,370.44895705007116
296076,2152.1252091479028
296077,1924.9400072613141
296078,956.7903231489083
296079,1229.0221302101481
296080,445.9767966510436
296081,2547.492518709238
296082,2218.818947636277
296083,1128.686384360099
296084,1431.2885986706026
296085,151.79714129208264
296086,858.1491060048661
296087,737.1843995949183
296088,398.73770840560024
296089,496.6214170692356
296090,293.75998212056925
296091,1692.7522088744288
296092,1495.6442694660902
296093,783.6036445579768
296094,947.1936685862461
296095,343.27936150266714
296096,1998.154035165719
296097,1765.7472428729516
296098,917.0978405603266
296099,1111.0582718378596
296100,747.5876392067328
296101,710.0778785526936
296102,636.4435840374452
296103,315.43851728110695
296104,364.12712041564737
296105,380.9523321101316
296106,1349.5051468619763
296107,1185.270218677343
296108,631.5785937267352
296109,751.7398354321841
296110,243.67558827056388
296111,1600.240471559606
296112,1392.8529961525924
296113,735.0962389838546
296114,907.4094585078692
296115,127.28284618099624
296116,722.823522332516
296117,640.7748347654687
296118,335.2430747403059
296119,384.4521027262748
296120,226.9805737092843
296121,1384.6723001220566
296122,1215.6298584578608
296123,663.5709979954349
296124,783.4540853322869
296125,275.9477843406687
296126,1657.5088229907058
296127,1431.7035799487564
296128,766.244381639841
296129,938.2794467952587
296130,81.49967099898734
296131,520.4837419100068
296132,464.77340297449666
296133,255.8098150242269
296134,269.2129755626946
296135,155.7997192916246
296136,1028.2784903699305
296137,905.0473577271891
296138,481.4764692978802
296139,542.672319700106
296140,207.85232546248972
296141,1215.000015784573
296142,1044.657261456997
296143,559.3875090272396
296144,668.9603931193532
296145,708.3908001984473
296146,48.351051359437115
296147,51.037398153774554
296148,31.67843624835199
296149,-9.354651230471116
296150,14.05199375817238
296151,61.43983854204094
296152,82.84721150108567
296153,31.755895984098775
296154,9.788452703826787
296155,-28.040329158259276
296156,79.07796505955805
296157,87.91599037278901
296158,45.313146197650596
296159,8.35840504588681
296160,185.13348730320996
296161,1148.1241196795017
296162,1004.7229595481488
296163,542.0992826332691
296164,607.5254978935624
296165,374.01704597353444
296166,2298.5406173969313
296167,2037.3296173251833
296168,1031.254875795571
296169,1274.853684089105
296170,446.3695886263615
296171,2674.7334754236713
296172,2343.508897517239
296173,1197.486513536212
296174,1487.9919737562313
296175,172.86934600276533
296176,938.5202311748768
296177,807.3878774771106
296178,449.33772145384245
296179,509.45114997173556
296180,314.9375993525565
296181,1826.7215419752597
296182,1592.076115713744
296183,863.8247754912112
296184,991.5134783953145
296185,376.8119414675963
296186,2138.053779762985
296187,1887.3191379228958
296188,1002.7746283437056
296189,1171.6045479652553
296190,740.1801365509724
296191,742.8590254608442
296192,652.8318166263483
296193,334.2969236948203
296194,392.1007549088571
296195,275.3318468349259
296196,1438.8981733121182
296197,1264.1239177181192
296198,663.0767934622784
296199,806.5994982454961
296200,237.737740270509
296201,1708.1822058171904
296202,1493.470311947743
296203,780.6566997662022
296204,953.6668232968779
296205,132.61085222380467
296206,758.7375414361621
296207,660.9314548065955
296208,356.0123783316965
296209,414.3366343971618
296210,224.69925514111338
296211,1475.0791391625678
296212,1296.3410477731836
296213,695.0691977309781
296214,838.3137481455989
296215,275.08280618892485
296216,1772.3709547293872
296217,1535.9766504938063
296218,813.6031068975415
296219,986.3350760596202
296220,89.85399372633889
296221,546.2689859577295
296222,485.9014375492012
296223,266.9522503629166
296224,289.4706389808808
296225,165.72838751981675
296226,1077.5373329492163
296227,952.7238491574292
296228,496.7103062409166
296229,581.2676197209114
296230,218.56073968032723
296231,1262.9527306449304
296232,1090.1342136998687
296233,588.2556313287218
296234,698.5254194274971
296235,690.8332650034898
296236,57.33661656170595
296237,54.730367325370445
296238,34.16473092943861
296239,2.988364086277744
296240,40.69900872933363
296241,65.41083688510534
296242,85.23585869510661
296243,26.613412835696685
296244,28.74892518935964
296245,-20.785087015217417
296246,84.31595871612869
296247,91.70878816877784
296248,39.49560655791069
296249,26.643821040081846
296250,187.85447256744186
296251,1196.5966437417987
296252,1060.656044518603
296253,567.1889982294638
296254,643.9222447033959
296255,365.13173777707095
296256,2421.810577192009
296257,2115.6018638775313
296258,1091.3238869509942
296259,1360.4759614564398
296260,468.95114681069265
296261,2810.9779023264346
296262,2449.749573514891
296263,1295.8507836443457
296264,1611.909510076276
296265,176.377767716505
296266,984.6693356443247
296267,860.1869811963797
296268,470.9685775959082
296269,542.3890373274398
296270,308.78091571308556
296271,1912.282701925158
296272,1700.467190405851
296273,892.2377125220315
296274,1045.4796816380458
296275,381.6019816886523
296276,2256.4152307542918
296277,2009.9329564615468
296278,1048.9626818069678
296279,1243.345867640429
296280,717.4704746898669
296281,817.9123108643166
296282,716.0570822424064
296283,380.5230798238752
296284,457.51437957913123
296285,192.91965080145488
296286,1611.392725494765
296287,1392.814192564012
296288,714.1721466443348
296289,880.1579877295959
296290,248.94855692556214
296291,1891.9869317400533
296292,1625.6889006934382
296293,857.7167711818938
296294,1061.4877068154417
296295,159.01565737580862
296296,839.3093053323372
296297,732.2567647428713
296298,402.4353280874013
296299,479.9470526940858
296300,237.71757797694133
296301,1646.1556482148171
296302,1429.2438920005577
296303,746.6224835944919
296304,912.330170311156
296305,288.2372196310735
296306,1947.0553765575855
296307,1672.4078086209827
296308,891.1211109946904
296309,1094.6138922596417
296310,113.10667836575213
296311,614.1791066000383
296312,542.3367022940447
296313,283.5926927891257
296314,324.829744992358
296315,180.63997893999252
296316,1164.7463032733156
296317,1026.2569596705662
296318,530.2791801633426
296319,637.448954912153
296320,230.5027807667228
296321,1390.7203991618826
296322,1209.8600542494942
296323,664.3157393725426
296324,798.2118705209832
296325,716.8382319519189
296326,58.07172143898721
296327,60.12155064309025
296328,36.695534674566865
296329,1.1361880100175497
296330,-46.36851525234073
296331,71.66466829464942
296332,93.82095104195238
296333,30.208271361182454
296334,29.877054311373154
296335,-21.95709432326917
296336,93.43528266773907
296337,107.57087475947321
296338,46.665963412153225
296339,32.36133027170155
296340,202.7094524284692
296341,1314.477494447371
296342,1159.871441585054
296343,618.0955845657915
296344,728.219706403807
296345,418.6703869452416
296346,2628.2447283785777
296347,2260.529024310731
296348,1182.9870153190927
296349,1483.0253933400063
296350,483.74737021096786
296351,3130.1690700424033
296352,2711.8654640785085
296353,1399.05166530866
296354,1739.515940471861
296355,186.09644052186485
296356,1079.3218230612308
296357,932.7507244549431
296358,496.84338684045247
296359,598.5381274572668
296360,353.2787090937759
296361,2075.446992534907
296362,1859.9427717544477
296363,973.3851312512784
296364,1154.3968094039594
296365,400.82268017281916
296366,2460.0002020814536
296367,2158.6497530948636
296368,1146.2594672364166
296369,1362.7453952438732
296370,742.8607962189667
296371,666.0197874734895
296372,592.0063902709272
296373,275.4267255050759
296374,355.7775125519841
296375,465.6868081383302
296376,1285.0641363225002
296377,1132.969270632276
296378,569.9889422963824
296379,711.8681642101959
296380,264.2201458530478
296381,1522.4010443699162
296382,1329.8140922287432
296383,687.6754333199677
296384,836.4777476119964
296385,127.5401991946436
296386,672.3063133198357
296387,597.0041717157163
296388,295.8497947447737
296389,376.72100664311046
296390,221.4913337536537
296391,1313.1536598686052
296392,1163.3769293490604
296393,601.9813465650822
296394,743.5824141102987
296395,255.48221488914453
296396,1566.3945114432968
296397,1362.5154403174297
296398,718.8235759759541
296399,867.3477358993858
296400,69.59494927624344
296401,480.579986768804
296402,431.61619379622215
296403,222.30649331747384
296404,267.3718377683095
296405,143.61711377523196
296406,978.3488989773707
296407,860.1977478279452
296408,429.00923446752245
296409,511.9230650781122
296410,185.0518957681459
296411,1148.2780480380143
296412,985.6757359751867
296413,524.1584133538078
296414,613.9953363426126
296415,706.1619738085737
296416,37.284252165686354
296417,39.53404694205572
296418,11.728055102476635
296419,9.636829930178235
296420,19.452754170158162
296421,53.272537998940095
296422,67.63235047937258
296423,3.757063267534992
296424,16.274274427022664
296425,-42.359578588673415
296426,66.9985815089846
296427,80.14515640922063
296428,28.83808138360197
296429,27.946892348114226
296430,169.5095300521943
296431,1078.3869868229274
296432,948.1483699073527
296433,495.4258376866388
296434,577.9889992430485
296435,355.24931471671215
296436,2102.1221852900117
296437,1877.6134704941605
296438,949.8593304560679
296439,1214.4915612331808
296440,428.22671562908994
296441,2494.9390561627524
296442,2168.941972180528
296443,1119.204952978664
296444,1414.2075910050405
296445,151.50304846802118
296446,857.2675490730988
296447,735.7871793978933
296448,396.7897863899598
296449,486.2709335494974
296450,293.46588929650784
296451,1689.0876896128116
296452,1491.4640869392151
296453,781.6557225423362
296454,936.8431850665077
296455,340.43482999001117
296456,1991.939077215507
296457,1759.0166216574817
296458,912.5994798560914
296459,1098.1573496295262
296460,743.9648446580777
296461,659.3568644972602
296462,585.343467294698
296463,268.76380252884667
296464,355.4683430740422
296465,466.7908565774412
296466,1275.3390680439404
296467,1123.2442023537162
296468,560.2638740178226
296469,711.558994732254
296470,265.32419429215895
296471,1512.6759760913565
296472,1320.0890239501834
296473,677.9503650414078
296474,836.1685781340544
296475,128.64424763375467
296476,665.6433903436065
296477,590.3412487394871
296478,289.18687176854445
296479,376.41183716516855
296480,222.59538219276476
296481,1303.4285915900455
296482,1153.6518610705007
296483,592.2562782865223
296484,743.2732446323568
296485,256.58626332825554
296486,1556.669443164737
296487,1352.79037203887
296488,709.0985076973942
296489,867.0385664214439
296490,70.69899771535448
296491,479.27636822660656
296492,430.3125752540247
296493,221.00287477527633
296494,267.0626682903676
296495,144.72116221434294
296496,973.9831351328426
296497,855.8319839834171
296498,424.64347062299436
296499,511.6138956001702
296500,186.15594420725694
296501,1143.912284193486
296502,981.3099721306586
296503,519.7926495092796
296504,613.6861668646707
296505,707.2660222476848
296506,39.479110122668715
296507,41.728904899038085
296508,13.922913059458999
296509,9.327660452236278
296510,20.556802609269187
296511,52.405250653591835
296512,66.76506313402433
296513,2.8897759221867343
296514,15.965104949080708
296515,-41.255530149562375
296516,66.1312941636363
296517,79.27786906387237
296518,27.970794038253704
296519,27.637722870172258
296520,164.3883322000089
296521,1060.3956892917477
296522,930.157072376173
296523,477.43454015545893
296524,560.5835859252727
296525,344.2426364579909
296526,2066.2292125111244
296527,1841.7204977152742
296528,913.9663576771815
296529,1191.2006675088694
296530,417.2200373703687
296531,2459.046083383865
296532,2133.0489994016416
296533,1069.4160578044991
296534,1390.916697280729
296535,145.33876531857442
296536,838.5164084019698
296537,717.0360387267642
296538,378.0386457188305
296539,467.8224349344602
296540,281.4161257405252
296541,1661.388923232816
296542,1463.7653205592196
296543,753.9569561623406
296544,912.5092060449347
296545,328.38506643402854
296546,1964.2403108355115
296547,1731.3178552774862
296548,871.0047910808174
296549,1073.8233706079532
296550,745.4150986573281
296551,648.1037532844252
296552,572.8034051540219
296553,267.63734427515425
296554,354.3230094301905
296555,468.24111057669177
296556,1264.085956831106
296557,1110.7041402130403
296558,559.13741576413
296559,710.4136610884021
296560,266.7744482914094
296561,1501.4228648785218
296562,1307.5489618095073
296563,676.8239067877153
296564,835.0232444902026
296565,130.0945016330052
296566,654.3902791307714
296567,577.801186598811
296568,288.06041351485203
296569,375.26650352131685
296570,224.04563619201525
296571,1292.175480377211
296572,1141.1117989298248
296573,591.1298200328297
296574,742.1279109885049
296575,258.0365173275061
296576,1545.4163319519027
296577,1340.2503098981942
296578,707.9720494437016
296579,865.8932327775921
296580,72.14925171460509
296581,468.02325701377157
296582,417.7725131133484
296583,219.8764165215839
296584,265.9173346465159
296585,146.17141621359346
296586,962.7300239200075
296587,843.291921842741
296588,423.51701236930194
296589,510.4685619563186
296590,187.60619820650746
296591,1132.6591729806516
296592,968.7699099899822
296593,518.666191255587
296594,612.5408332208189
296595,708.7162762469352
296596,28.22599890983374
296597,29.188842758361826
296598,14.856377971779242
296599,8.182326808384554
296600,22.00705660851972
296601,41.15213944075687
296602,54.225000993348104
296603,3.8232408345069784
296604,14.81977130522898
296605,-39.80527615031183
296606,54.878182950801275
296607,66.73780692319617
296608,28.904258950573947
296609,26.49238922632053
296610,162.32629275361782
296611,1045.6302846332717
296612,913.404472558244
296613,477.0307664152329
296614,562.1364427429942
296615,342.18059701159973
296616,2051.463807852646
296617,1824.9678978973457
296618,913.5625839369553
296619,1175.8132167968477
296620,398.160604389625
296621,2427.2832851910352
296622,2099.299006049359
296623,1063.0539123093668
296624,1369.5708748138006
296625,143.27672587218333
296626,823.7510037434931
296627,700.283438908835
296628,377.63487197860445
296629,469.3752917521817
296630,279.35408629413405
296631,1646.62351857434
296632,1447.012720741291
296633,753.5531824221144
296634,905.8175109981407
296635,309.32563345328487
296636,1932.4775126426832
296637,1697.5678619252053
296638,864.6426455856845
296639,1061.173303806253
296640,744.4841092738944
296641,644.1698896082085
296642,568.869541477805
296643,259.8891391649411
296644,350.6064036773948
296645,467.31012119325806
296646,1254.622442837554
296647,1101.2406262194884
296648,545.8595603365819
296649,706.6970553356065
296650,265.8434589079757
296651,1491.95935088497
296652,1298.0854478159556
296653,663.5460513601672
296654,831.306638737407
296655,129.16351224957154
296656,650.4564154545546
296657,573.8673229225941
296658,280.3122084046389
296659,371.54989776852113
296660,223.1146468085816
296661,1282.711966383659
296662,1131.6482849362728
296663,577.8519646052816
296664,738.4113052357093
296665,257.10552794407243
296666,1535.9528179583506
296667,1330.786795904642
296668,694.6941940161536
296669,862.1766270247964
296670,71.21826233117135
296671,464.0893933375548
296672,413.8386494371316
296673,212.12821141137093
296674,262.2007288937202
296675,145.2404268301598
296676,953.2665099264557
296677,833.828407849189
296678,410.23915694175383
296679,506.751956203523
296680,186.6752088230738
296681,1123.1956589870995
296682,959.3063959964304
296683,505.38833582803886
296684,608.8242274680233
296685,713.3904948018934
296686,29.89734317200883
296687,30.86018702053693
296688,12.713380799958149
296689,10.070928993980734
296690,26.681275163477963
296691,37.29383338559687
296692,50.366694938188104
296693,-3.8494066546492256
296694,16.70837349082517
296695,-35.13105759535359
296696,51.01987689564127
296697,62.87950086803619
296698,21.23161146141775
296699,28.38099141191674
296700,159.31366266128353
296701,1039.6147802481541
296702,907.3889681731266
296703,467.2041195151639
296704,556.3413952003425
296705,324.99414709852067
296706,2025.7448333294521
296707,1799.2489233741483
296708,898.2062867195514
296709,1170.018169254196
296710,380.97415447654595
296711,2401.564310667838
296712,2073.5800315261627
296713,1047.6976150919627
296714,1363.775827271149
296715,140.26409577984904
296716,817.7354993583758
296717,694.2679345237177
296718,367.80822507853543
296719,463.58024420952995
296720,267.73267834374906
296721,1624.9081432960247
296722,1425.2973454629757
296723,738.1968852047105
296724,900.0224634554892
296725,297.7042255028999
296726,1910.7621373643678
296727,1675.85248664689
296728,849.2863483682804
296729,1055.3782562636013
296730,741.7894732630253
296731,664.3911592073742
296732,588.2540062674158
296733,273.93092844520095
296734,354.8442863641488
296735,386.9007330428469
296736,1290.6513710704528
296737,1123.9135844611092
296738,576.9039484446242
296739,737.8817405541461
296740,236.48097273226082
296741,1534.5953053906126
296742,1324.7049715588885
296743,673.6302033242736
296744,886.7599732523611
296745,121.43747623489348
296746,677.1368029871967
296747,592.5852569954392
296748,293.73548590439987
296749,375.1692686747762
296750,216.5599429366423
296751,1325.8185243305331
296752,1154.2732242416268
296753,608.896352713324
296754,769.5959904542489
296755,258.73576319055667
296756,1591.8636568217123
296757,1363.5555553550525
296758,704.7783459802599
296759,917.6299615397505
296760,74.73264289058368
296761,479.2346688364184
296762,421.02147147619826
296763,218.73987246005157
296764,259.00848334889525
296765,149.03269118322083
296766,978.4376216766772
296767,852.7036306092247
296768,435.8147311140394
296769,532.4678274863061
296770,194.29390697661586
296771,1158.3677567138493
296772,985.5221439615622
296773,506.9343804659279
296774,651.9645105280832
296775,702.3512946233818
296776,19.07115824857656
296777,19.254646618203616
296778,8.637596812916978
296779,-11.83076383367476
296780,33.68603537415247
296781,23.568149811514612
296782,42.47266434584907
296783,0.12326092899801468
296784,7.312340100623139
296785,-8.40628754227897
296786,41.20627632903182
296787,47.541443217552356
296788,13.680511142549838
296789,5.882292442683176
296790,163.30415659659707
296791,1070.2185791047777
296792,924.3145605487142
296793,466.0701740735357
296794,577.0364485333865
296795,331.49972304601556
296796,2165.242168788181
296797,1904.7204606477192
296798,930.4772381358835
296799,1221.53884679265
296800,386.85487216449013
296801,2524.4376332805687
296802,2193.902347305421
296803,1076.85458172634
296804,1428.7187647048697
296805,146.4478655389653
296806,856.3057830002774
296807,722.6705708778009
296808,381.0081486937333
296809,474.3699508543725
296810,275.0584514997661
296811,1719.8595971985962
296812,1482.7113125123701
296813,781.0179267049006
296814,942.3022470069001
296815,319.93540008045335
296816,2014.1944414519699
296817,1760.9569411871696
296818,900.1134854072097
296819,1116.4349448219346
296820,737.158867505049
296821,694.9337520057429
296822,604.906543171247
296823,290.9504749430807
296824,378.05144639238034
296825,309.10336933704303
296826,1380.8264709812693
296827,1206.0522153872703
296828,609.9987458845073
296829,790.7895858504369
296830,225.68294418918953
296831,1638.0977786531698
296832,1423.3858847837225
296833,715.5659273552596
296834,925.8441860686471
296835,131.10336788825455
296836,710.8122679810609
296837,613.0061813514943
296838,312.66592957995687
296839,400.28732588068505
296840,223.76679318946407
296841,1417.007436831719
296842,1238.2693454423347
296843,641.9911501532071
296844,822.5038357505397
296845,261.5625970202031
296846,1702.2865275653671
296847,1465.8922233297862
296848,748.5123344865989
296849,958.5124388313894
296850,88.3465093907888
296851,503.7030169366603
296852,443.3354685281318
296853,228.96510604520859
296854,275.42133046440404
296855,164.79592556816746
296856,1024.824935052398
296857,900.0114512606119
296858,448.9915630971775
296859,565.4577073258522
296860,205.04053051160554
296861,1198.2276079149417
296862,1025.409090969879
296863,528.5241633518109
296864,670.7027821992664
296865,689.3109793483263
296866,25.997503650412373
296867,23.391254414076855
296868,9.46436588751925
296869,-3.3325648196030944
296870,80.35680882658492
296871,23.153354213780762
296872,42.978376023782204
296873,-8.590491916537117
296874,19.89545152061332
296875,3.3661745206647917
296876,42.83041692908741
296877,50.22324638173655
296878,5.063642689960062
296879,18.562288255618746
296880,170.21583385664655
296881,1116.305355442557
296882,980.3647562193612
296883,489.1738361391616
296884,609.5883790405429
296885,330.218133373346
296886,2284.5717476026593
296887,1981.5551846441804
296888,987.4203925543726
296889,1301.5557039787252
296890,413.6271223446386
296891,2656.7416792027325
296892,2298.705500747184
296893,1172.0929950975392
296894,1547.0308808436548
296895,153.3360391660242
296896,899.2581996627098
296897,774.7758452147649
296898,399.8420112227319
296899,502.65208182490136
296900,275.69454630159095
296901,1800.6694360853965
296902,1588.8539245660893
296903,805.4940669162884
296904,989.8520899858737
296905,328.10519221482855
296906,2127.804571380176
296907,1881.3222970874328
296908,942.3647420510395
296909,1181.7599042333504
296910,711.1054568727444
296911,766.6432886380164
296912,664.788060016106
296913,337.1766310721356
296914,443.4650710626545
296915,223.34742453237297
296916,1549.9772743927172
296917,1331.3987414619642
296918,661.0940990665638
296919,864.3480753345367
296920,227.9649437079976
296921,1812.9736874397881
296922,1546.6756563931726
296923,787.0409304059052
296924,1028.0800012221653
296925,154.1644242690595
296926,788.0402831060369
296927,680.9877425165708
296928,359.08887933566166
296929,465.89774417760907
296930,233.44136725409302
296931,1584.7401971127692
296932,1367.8284408985098
296933,693.5444360167209
296934,896.5202579160969
296935,263.111529912455
296936,1863.1888717019451
296937,1588.5413037653423
296938,820.4452702187018
296939,1061.2061866663653
296940,108.25544525900303
296941,568.2693888077696
296942,496.42698450177613
296943,245.60554847141717
296944,310.78043647588123
296945,176.36376821714418
296946,1108.6901566052993
296947,970.2008130025496
296948,482.56043701960306
296949,621.6390425170938
296950,205.37709104810423
296951,1314.3897958819973
296952,1133.529450969609
296953,598.9992030305857
296954,764.8041649277066
296955,715.3159462967554
296956,26.732608527693635
296957,28.782437731796655
296958,11.995169632647531
296959,-5.184740895863279
296960,-18.804227188481864
296961,30.179126507608217
296962,52.335409254911184
296963,-4.223692506768172
296964,21.79552152691003
296965,2.1941672126130363
296966,51.94974088069781
296967,66.08533297243194
296968,12.233999544202598
296969,24.279797487238408
296970,185.0708137176739
296971,1234.1862061481293
296972,1079.5801532858122
296973,540.0804224754896
296974,693.8858407409541
296975,383.75678254151666
296976,2507.4764579025546
296977,2139.760753834708
296978,1079.0835209224715
296979,1424.1051358622917
296980,428.4233457449139
296981,2992.4034060320278
296982,2574.099800068133
296983,1289.189799157132
296984,1674.6373112392398
296985,163.054711971384
296986,993.9106870796151
296987,847.3395884733281
296988,425.7168204672762
296989,558.8011719547284
296990,320.1923396822813
296991,1963.8337266951482
296992,1748.329505914686
296993,886.6414856455351
296994,1098.7692177517874
296995,347.3258906989954
296996,2331.389542707338
296997,2030.0390937207521
296998,1053.5574498757667
296999,1301.1594318367945
297000,745.9263317541853
297001,614.2832496900364
297002,540.2698524874744
297003,235.7832754834507
297004,347.0269972021553
297005,546.1557534222958
297006,1218.439988427153
297007,1066.3451227369287
297008,519.1956787249122
297009,702.5557710603562
297010,290.60388583328387
297011,1438.39830614289
297012,1245.811354001717
297013,619.5035794168185
297014,809.7867641304776
297015,118.61340319243318
297016,612.4887529176723
297017,537.186611313553
297018,248.12532210443806
297019,359.8894686745713
297020,202.27246344125763
297021,1235.9348609902127
297022,1086.1581304706679
297023,540.5934320105667
297024,723.6753699774138
297025,218.88475424506944
297026,1471.7971222332255
297027,1267.9180511073585
297028,640.0570710897597
297029,830.0621014348219
297030,62.92628847592473
297031,428.3798660025639
297032,379.41607302998204
297033,182.1994603130622
297034,252.79843500166197
297035,128.48920778920234
297036,910.5803688593764
297037,792.4292177099511
297038,377.071588673405
297039,496.1069852715934
297040,152.54539945043715
297041,1063.1309275883407
297042,900.5286155255135
297043,454.84217722801094
297044,580.8006662044152
297045,719.6630978874191
297046,23.333231324013482
297047,25.94456350544462
297048,6.13439467891144
297049,21.82711663022421
297050,41.421231421641295
297051,29.95778065331827
297052,44.679130538812586
297053,-13.196473790147985
297054,27.692620242785406
297055,-12.980542333375048
297056,47.08501507789188
297057,60.59312738318986
297058,15.285735240448185
297059,42.76642907840622
297060,156.861442416533
297061,1026.687836093311
297062,899.395539667517
297063,441.20078496409303
297064,577.2766537274763
297065,321.2128576958661
297066,2010.800308475419
297067,1797.691904006813
297068,868.1892313391215
297069,1198.4799930874708
297070,379.82211510413737
297071,2389.2490358440514
297072,2074.652262189073
297073,1020.3098097417784
297074,1394.86690113467
297075,137.81187553509852
297076,804.8085552035332
297077,686.2745060181081
297078,353.8133339269639
297079,484.5155027366636
297080,263.1246363702179
297081,1608.7887865368045
297082,1422.5654941904536
297083,719.0134413185932
297084,923.3735751887897
297085,295.72543355961443
297086,1897.2720306353938
297087,1675.749885404614
297088,832.7321545124091
297089,1081.3586180271473
297090,745.9263317541853
297091,614.2832496900364
297092,540.2698524874744
297093,235.7832754834507
297094,347.0269972021553
297095,546.1557534222958
297096,1218.439988427153
297097,1066.3451227369287
297098,519.1956787249122
297099,702.5557710603562
297100,290.60388583328387
297101,1438.39830614289
297102,1245.811354001717
297103,619.5035794168185
297104,809.7867641304776
297105,118.61340319243318
297106,612.4887529176723
297107,537.186611313553
297108,248.12532210443806
297109,359.8894686745713
297110,202.27246344125763
297111,1235.9348609902127
297112,1086.1581304706679
297113,540.5934320105667
297114,723.6753699774138
297115,218.88475424506944
297116,1471.7971222332255
297117,1267.9180511073585
297118,640.0570710897597
297119,830.0621014348219
297120,62.92628847592473
297121,428.3798660025639
297122,379.41607302998204
297123,182.1994603130622
297124,252.79843500166197
297125,128.48920778920234
297126,910.5803688593764
297127,792.4292177099511
297128,377.071588673405
297129,496.1069852715934
297130,152.54539945043715
297131,1063.1309275883407
297132,900.5286155255135
297133,454.84217722801094
297134,580.8006662044152
297135,719.6630978874191
297136,23.333231324013482
297137,25.94456350544462
297138,6.13439467891144
297139,21.82711663022421
297140,41.421231421641295
297141,29.95778065331827
297142,44.679130538812586
297143,-13.196473790147985
297144,27.692620242785406
297145,-12.980542333375048
297146,47.08501507789188
297147,60.59312738318986
297148,15.285735240448185
297149,42.76642907840622
297150,156.861442416533
297151,1026.687836093311
297152,899.395539667517
297153,441.20078496409303
297154,577.2766537274763
297155,321.2128576958661
297156,2010.800308475419
297157,1797.691904006813
297158,868.1892313391215
297159,1198.4799930874708
297160,379.82211510413737
297161,2389.2490358440514
297162,2074.652262189073
297163,1020.3098097417784
297164,1394.86690113467
297165,137.81187553509852
297166,804.8085552035332
297167,686.2745060181081
297168,353.8133339269639
297169,484.5155027366636
297170,263.1246363702179
297171,1608.7887865368045
297172,1422.5654941904536
297173,719.0134413185932
297174,923.3735751887897
297175,295.72543355961443
297176,1897.2720306353938
297177,1675.749885404614
297178,832.7321545124091
297179,1081.3586180271473
297180,746.0043318839122
297181,614.5100613363609
297182,539.2097132059575
297183,235.6397629341604
297184,346.883484652865
297185,546.2337535520227
297186,1218.6668000734774
297187,1065.2849834554117
297188,519.052166175622
297189,702.4122585110659
297190,290.6818859630107
297191,1438.6251177892145
297192,1244.7512147202
297193,619.3600668675283
297194,809.6432515811874
297195,118.69140332216
297196,612.7155645639967
297197,536.1264720320362
297198,247.98180955514775
297199,359.74595612528094
297200,202.35046357098452
297201,1236.161672636537
297202,1085.097991189151
297203,540.4499194612765
297204,723.5318574281235
297205,218.9627543747963
297206,1472.02393387955
297207,1266.8579118258415
297208,639.9135585404695
297209,829.9185888855317
297210,63.00428860565159
297211,428.60667764888825
297212,378.3559337484651
297213,182.05594776377188
297214,252.65492245237166
297215,128.56720791892917
297216,910.8071805057009
297217,791.3690784284342
297218,376.9280761241147
297219,495.96347272230304
297220,152.623399580164
297221,1063.3577392346651
297222,899.4684762439966
297223,454.6986646787206
297224,580.657153655125
297225,720.0584516099276
297226,23.87739656311947
297227,25.20177781670932
297228,6.30823572240275
297229,22.000957673715522
297230,59.46420406213521
297231,30.501945892424256
297232,43.93634485007729
297233,-13.022632746656674
297234,27.866461286276717
297235,-12.585188610866558
297236,47.62918031699787
297237,59.85034169445456
297238,15.459576283939494
297239,42.94027012189753
297240,157.25679613904148
297241,1027.2320013324172
297242,897.9525097471706
297243,442.4276987312617
297244,578.5035674946452
297245,321.60821141837454
297246,2011.344473714525
297247,1796.2488740864667
297248,869.4161451062904
297249,1199.7069068546398
297250,380.2174688266458
297251,2389.793201083157
297252,2073.2092322687267
297253,1021.5367235089474
297254,1396.0938149018389
297255,138.207229257607
297256,805.3527204426392
297257,684.8314760977617
297258,355.0402476941326
297259,485.7424165038323
297260,263.51999009272635
297261,1609.3329517759107
297262,1421.1224642701072
297263,720.2403550857621
297264,924.6004889559586
297265,296.1207872821229
297266,1897.8161958745
297267,1674.3068554842675
297268,833.959068279578
297269,1082.5855317943162
297270,746.0043318839122
297271,614.5100613363609
297272,539.2097132059575
297273,235.6397629341604
297274,346.883484652865
297275,546.2337535520227
297276,1218.6668000734774
297277,1065.2849834554117
297278,516.8690159650158
297279,702.4122585110659
297280,290.6818859630107
297281,1438.6251177892145
297282,1244.7512147202
297283,617.1769166569221
297284,809.6432515811874
297285,118.69140332216
297286,612.7155645639967
297287,536.1264720320362
297288,247.98180955514775
297289,359.74595612528094
297290,202.35046357098452
297291,1236.161672636537
297292,1085.097991189151
297293,538.2667692506703
297294,723.5318574281235
297295,218.9627543747963
297296,1472.02393387955
297297,1266.8579118258415
297298,637.7304083298633
297299,829.9185888855317
297300,63.00428860565159
297301,428.60667764888825
297302,378.3559337484651
297303,182.05594776377188
297304,252.65492245237166
297305,128.56720791892917
297306,910.8071805057009
297307,791.3690784284342
297308,374.74492591350844
297309,495.96347272230304
297310,152.623399580164
297311,1063.3577392346651
297312,899.4684762439966
297313,452.51551446811436
297314,580.657153655125
297315,720.0584516099276
297316,23.87739656311947
297317,25.20177781670932
297318,6.30823572240275
297319,22.000957673715522
297320,59.46420406213521
297321,30.501945892424256
297322,43.93634485007729
297323,-15.205782957262915
297324,27.866461286276717
297325,-12.585188610866558
297326,47.62918031699787
297327,59.85034169445456
297328,13.276426073333251
297329,42.94027012189753
297330,157.25679613904148
297331,1027.2320013324172
297332,897.9525097471706
297333,442.4276987312617
297334,578.5035674946452
297335,321.60821141837454
297336,2011.344473714525
297337,1796.2488740864667
297338,867.2329948956842
297339,1199.7069068546398
297340,380.2174688266458
297341,2389.793201083157
297342,2073.2092322687267
297343,1019.3535732983411
297344,1396.0938149018389
297345,138.207229257607
297346,805.3527204426392
297347,684.8314760977617
297348,355.0402476941326
297349,485.7424165038323
297350,263.51999009272635
297351,1609.3329517759107
297352,1421.1224642701072
297353,718.0572048751559
297354,924.6004889559586
297355,296.1207872821229
297356,1897.8161958745
297357,1674.3068554842675
297358,831.7759180689718
297359,1082.5855317943162
297360,744.5177166006124
297361,646.4936333538568
297362,570.3564804138982
297363,261.44385463275034
297364,353.74783525397703
297365,503.6472055026524
297366,1266.458030724706
297367,1099.7202441153624
297368,557.2533021898465
297369,736.2234116439637
297370,259.34860928292204
297371,1499.814765090657
297372,1289.924431258933
297373,643.3923571152869
297374,874.5144443879698
297375,112.22059203744695
297376,651.1582545149687
297377,566.6067085232112
297378,273.16738947323887
297379,365.99179494589407
297380,197.05098442901004
297381,1291.030533001741
297382,1119.4852329128348
297383,578.651055475501
297384,757.3430105610213
297385,225.96294131506363
297386,1541.6352049833365
297387,1313.3271035166765
297388,663.9458487882281
297389,894.789781692314
297390,67.77389389502869
297391,455.51425556608166
297392,397.3010582058615
297393,200.42991123078235
297394,252.08914482190454
297395,133.61469700195494
297396,947.7405946742523
297397,822.0066036067998
297398,409.6603982025823
297399,524.3058119194449
297400,165.61204942748918
297401,1114.406866343563
297402,941.5612535912765
297403,470.1928476002619
297404,633.2152950070131
297405,718.0176570915901
297406,24.813514058016974
297407,25.358539832705812
297408,13.994754153691376
297409,2.725732760418075
297410,51.22191475798208
297411,28.538564736671816
297412,47.80461667606808
297413,-1.8932172568273558
297414,21.096895810432763
297415,0.3578862126681033
297416,49.57788216871824
297417,56.274586462300555
297418,15.065223871253657
297419,23.068039067022
297420,167.0573339874438
297421,1069.5981026073707
297422,926.6404045410881
297423,458.76768818341645
297424,601.8250887420473
297425,334.5525232725837
297426,2163.921315126496
297427,1914.7999173132791
297428,915.8726804391696
297429,1253.8540523074519
297430,392.53692242130427
297431,2525.7460296491295
297432,2206.611054001227
297433,1064.879274059872
297434,1463.6632202499177
297435,150.20104292981196
297436,855.6853065028707
297437,724.9964148701747
297438,377.6313157973467
297439,499.15859106303293
297440,275.6192162862356
297441,1712.9012261481007
297442,1487.15325178912
297443,765.778057144993
297444,967.4378110048998
297445,323.12541489716887
297446,2009.8653204317204
297447,1768.0281304941657
297448,887.5028658775482
297449,1144.1997588501795
297450,738.9484687684002
297451,676.0975840779895
297452,586.0703752434936
297453,277.5247590563942
297454,376.0163532079727
297455,404.64779982537226
297456,1355.6944885612866
297457,1180.9202329672876
297458,589.4094575554938
297459,788.1926148660186
297460,252.8332731213162
297461,1607.59993073468
297462,1392.8880368652326
297463,689.6107735277386
297464,917.8813495857214
297465,120.94784161657196
297466,683.895077434597
297467,586.0889908050304
297468,291.15919107456
297469,390.171210077567
297470,203.31919260759594
297471,1381.280803428691
297472,1202.5427120393067
297473,610.8072108411483
297474,809.3122137830762
297475,233.07246752617564
297476,1656.3407681084566
297477,1419.9464638728757
297478,711.9625296760327
297479,939.9549513654185
297480,80.44911832099798
297481,479.04396159208767
297482,418.6764131835592
297483,209.71650274170347
297484,267.56334986317773
297485,148.43928931266566
297486,993.1892659757367
297487,868.3757821839512
297488,421.89858811148457
297489,556.3570496847551
297490,180.64136534394447
297491,1158.549409926121
297492,985.7308929810584
297493,496.0653228676104
297494,656.2362590596618
297495,704.0386997422987
297496,30.80121738561689
297497,28.55650555434316
297498,13.882881154057747
297499,10.285289700253855
297500,78.48260933822348
297501,27.95706794898528
297502,48.14362716404851
297503,-10.773671292315182
297504,33.513306040470276
297505,11.191706201375977
297506,50.26338069453793
297507,58.01774755224888
297508,5.509713344427991
297509,34.809392805721714
297510,173.03036917325736
297511,1114.746236870914
297512,981.7519581374992
297513,480.93270817480646
297514,633.4383771749679
297515,332.3322915256783
297516,2282.3122518667387
297517,1990.6959992355044
297518,971.8771927834229
297519,1334.6966740120354
297520,418.3705305272169
297521,2657.1114334970575
297522,2310.4755653687544
297523,1159.179045356835
297524,1582.801100907211
297525,156.150574482635
297526,897.6990810910672
297527,776.1630471329029
297528,395.52653625210945
297529,526.5020799593265
297530,275.3166690138246
297531,1792.772422960665
297532,1592.3572217686033
297533,789.3155552821449
297534,1014.0490119096376
297535,330.3565649573082
297536,2122.536808285691
297537,1887.454844320193
297538,928.815480447142
297539,1208.5860761873594
297540,712.8950581360956
297541,747.807120710263
297542,645.9518920883526
297543,323.7509151854491
297544,441.42997787824686
297545,295.6869636124178
297546,1524.8452919727345
297547,1306.2667590419815
297548,640.5048107375502
297549,861.7511043501185
297550,260.7003410051705
297551,1788.060907886344
297552,1521.7628768397287
297553,766.6708449434302
297554,1025.7022331042847
297555,144.00889799737695
297556,761.123092559573
297557,654.070551970107
297558,337.5821408302648
297559,455.78162837449105
297560,212.9937666722249
297561,1549.0135637097412
297562,1332.1018074954818
297563,662.3604967046621
297564,883.3286359486334
297565,242.88313219712538
297566,1827.6814411654557
297567,1553.033873228853
297568,789.4805337731816
297569,1048.2337675654396
297570,100.35805418921221
297571,543.6103334631974
297572,471.7679291572035
297573,226.35694516791204
297574,302.92245587465493
297575,160.0071319616424
297576,1077.0544875286375
297577,938.5651439258888
297578,455.4674620339101
297579,612.5383848759967
297580,189.23965765914105
297581,1282.9733296718741
297582,1102.1129847594857
297583,572.1254309114319
297584,755.922710153148
297585,730.0436666907278
297586,31.53632226289815
297587,33.94768887206299
297588,16.413684899186034
297589,8.43311362399367
297590,-23.536646518909087
297591,34.982840242812756
297592,57.50066039517749
297593,-6.406871882546248
297594,35.413376046767006
297595,10.019698893324232
297596,59.382704646148326
297597,73.87983414294419
297598,12.680070198670528
297599,40.52690203734138
297600,187.8853490342847
297601,1232.6270875764862
297602,1080.9673552039496
297603,531.8392945111349
297604,717.735838875379
297605,385.8709406938489
297606,2505.216962166634
297607,2148.9015684260326
297608,1063.5403211515213
297609,1457.2461058956019
297610,433.16675392749215
297611,2992.773160326353
297612,2585.8698646897033
297613,1276.275849416428
297614,1710.407531302796
297615,165.8692472879948
297616,992.3515685079725
297617,848.7267903914661
297618,421.40134549665373
297619,582.6511700891533
297620,319.8144623945149
297621,1955.9367135704167
297622,1751.8328031172
297623,870.4629740113917
297624,1122.9661396755503
297625,349.57726344147505
297626,2326.121779612853
297627,2036.1716409535122
297628,1040.0081882718687
297629,1327.9856037908035
297630,745.6942907887252
297631,614.2000202411739
297632,540.1866230386119
297633,235.700046034588
297634,348.1561391822826
297635,569.1286038651203
297636,1218.3567589782901
297637,1066.261893288066
297638,514.506894763902
297639,703.6849130404836
297640,290.37184486782365
297641,1438.3150766940273
297642,1245.7281245528543
297643,614.8147954558083
297644,810.9159061106051
297645,118.38136222697297
297646,612.4055234688097
297647,537.1033818646905
297648,248.04209265557537
297649,361.01861065469853
297650,202.04042247579747
297651,1235.85163154135
297652,1086.074901021805
297653,535.9046480495565
297654,724.8045119575412
297655,218.65271327960926
297656,1471.7138927843628
297657,1267.8348216584957
297658,635.3682871287494
297659,831.1912434149493
297660,62.69424751046455
297661,428.2966365537012
297662,379.33284358111933
297663,182.1162308641995
297664,253.9275769817893
297665,128.25716682374212
297666,910.4971394105139
297667,792.3459882610886
297668,372.3828047123946
297669,497.23612725172063
297670,152.31335848497696
297671,1063.047698139478
297672,900.445386076651
297673,450.1533932670005
297674,581.9298081845426
297675,719.7484105147406
297676,23.567355467932426
297677,26.178687649363564
297678,6.368518822830384
297679,23.273612203133133
297680,41.50654404896275
297681,30.191904797237214
297682,44.91325468273155
297683,-17.567904158376805
297684,29.13911581569433
297685,-10.86962385500379
297686,47.31913922181083
297687,60.827251527108814
297688,10.914304872219375
297689,44.212924651315134
297690,156.94675504385444
297691,1026.92196023723
297692,899.6296638114361
297693,435.1380981839657
297694,577.681775444302
297695,321.2981703231875
297696,2011.0344326193378
297697,1803.9869999152486
297698,857.5209900468467
297699,1210.0632636206426
297700,379.90742773145877
297701,2389.48315998797
297702,2074.886386332992
297703,1009.6415684495037
297704,1406.4501716678417
297705,137.89718816241995
297706,805.0426793474522
297707,686.5086301620272
297708,351.67630014056925
297709,484.9206244534892
297710,263.2099489975393
297711,1605.877428732012
297712,1419.654136385661
297713,710.2019236032232
297714,927.5384661471363
297715,295.81074618693583
297716,1894.3606728306013
297717,1672.8385275998214
297718,823.9206367970392
297719,1085.5235089854934
297720,746.1179958598249
297721,614.6237253122736
297722,540.6103281097115
297723,236.1237511056878
297724,349.9216017474351
297725,569.55230893622
297726,1218.7804640493898
297727,1066.6855983591656
297728,513.2145117459429
297729,705.4503756056359
297730,290.7955499389234
297731,1438.738781765127
297732,1246.151829623954
297733,613.5224124378492
297734,812.6813686757574
297735,118.80506729807273
297736,612.8292285399094
297737,537.5270869357902
297738,248.46579772667516
297739,362.78407321985105
297740,202.46412754689726
297741,1236.2753366124496
297742,1086.4986060929048
297743,534.6122650315974
297744,726.5699745226935
297745,219.07641835070905
297746,1472.1375978554624
297747,1268.2585267295954
297748,634.0759041107904
297749,832.9567059801017
297750,63.1179525815643
297751,428.72034162480094
297752,379.75654865221907
297753,182.5399359352993
297754,255.6930395469418
297755,128.6808718948419
297756,910.9208444816136
297757,792.7696933321882
297758,371.0904216944356
297759,499.00158981687315
297760,152.73706355607675
297761,1063.4714032105776
297762,900.8690911477506
297763,448.8610102490415
297764,583.6952707496949
297765,719.3734285275652
297766,23.991060539032183
297767,26.60239272046332
297768,6.79222389393014
297769,25.039074768285644
297770,40.79344506611177
297771,30.61560986833697
297772,45.336959753831295
297773,-18.860287176335802
297774,30.904578380846846
297775,-5.0364348333507305
297776,47.74284429291058
297777,61.25095659820856
297778,9.621921854260373
297779,45.97838721646764
297780,157.37046011495423
297781,1027.3456653083297
297782,900.0533688825358
297783,435.56180325506546
297784,579.4472380094544
297785,321.7218753942872
297786,2011.4581376904375
297787,1804.4107049863483
297788,856.2286070288876
297789,1213.3802664084494
297790,380.3311328025585
297791,2389.90686505907
297792,2075.3100914040915
297793,1008.3491854315446
297794,1409.7671744556485
297795,138.32089323351974
297796,805.4663844185519
297797,686.9323352331269
297798,352.100005211669
297799,486.68608701864173
297800,263.63365406863903
297801,1606.3011338031117
297802,1420.0778414567608
297803,708.9095405852642
297804,929.3039287122887
297805,296.23445125803556
297806,1894.784377901701
297807,1673.262232670921
297808,822.6282537790801
297809,1087.288971550646
297810,746.6468504861733
297811,615.152579938622
297812,539.8522318082187
297813,235.48405164150145
297814,350.4721009254856
297815,570.0811635625685
297816,1219.3093186757385
297817,1065.9275020576729
297818,512.5748122817565
297819,707.8948616038593
297820,291.3244045652719
297821,1439.2676363914757
297822,1245.3937333224612
297823,612.8827129736628
297824,815.1258546739808
297825,119.33392192442125
297826,613.3580831662579
297827,536.7689906342973
297828,247.8260982624888
297829,363.3345723979016
297830,202.99298217324576
297831,1236.8041912387982
297832,1085.740509791412
297833,533.972565567411
297834,729.0144605209169
297835,219.60527297705758
297836,1472.6664524818111
297837,1267.5004304281026
297838,633.436204646604
297839,835.4011919783251
297840,63.64680720791282
297841,429.24919625114944
297842,378.99845235072627
297843,181.90023647111295
297844,256.24353872499233
297845,129.20972652119045
297846,911.449699107962
297847,792.0115970306954
297848,370.4507222302492
297849,501.4460758150966
297850,153.26591818242528
297851,1064.0002578369263
297852,900.1109948462578
297853,448.2213107848551
297854,586.1397567479183
297855,719.6834696227522
297856,24.301101634219226
297857,25.625482887809078
297858,6.731940793502505
297859,24.97879166785801
297860,58.751105079284244
297861,30.925650963524014
297862,44.36004992117704
297863,-18.920570276763435
297864,30.844295280419214
297865,-4.726393738163689
297866,48.05288538809762
297867,60.27404676555431
297868,9.56163875383274
297869,45.91810411604
297870,157.68050121014127
297871,1027.655706403517
297872,898.3762148182702
297873,436.55459287831525
297874,580.4400276327042
297875,322.03191648947427
297876,2011.7681787856247
297877,1802.733550922083
297878,857.2213966521374
297879,1214.3730560316994
297880,380.64117389774555
297881,2390.216906154257
297882,2073.632937339826
297883,1009.3419750547944
297884,1410.7599640788985
297885,138.6309343287068
297886,805.7764255137389
297887,685.2551811688613
297888,353.0927948349188
297889,487.6788766418915
297890,263.9436951638261
297891,1606.611174898299
297892,1418.4006873924955
297893,709.902330208514
297894,930.2967183355385
297895,296.5444923532226
297896,1895.0944189968882
297897,1671.5850786066558
297898,823.6210434023299
297899,1088.281761173896
297900,746.6468504861733
297901,615.152579938622
297902,539.8522318082187
297903,235.48405164150145
297904,350.4721009254856
297905,570.0811635625685
297906,1219.3093186757385
297907,1065.9275020576729
297908,512.5748122817565
297909,707.8948616038593
297910,291.3244045652719
297911,1439.2676363914757
297912,1245.3937333224612
297913,612.8827129736628
297914,815.1258546739808
297915,119.33392192442125
297916,613.3580831662579
297917,536.7689906342973
297918,247.8260982624888
297919,363.3345723979016
297920,202.99298217324576
297921,1236.8041912387982
297922,1085.740509791412
297923,533.972565567411
297924,729.0144605209169
297925,219.60527297705758
297926,1472.6664524818111
297927,1267.5004304281026
297928,633.436204646604
297929,835.4011919783251
297930,63.64680720791282
297931,429.24919625114944
297932,378.99845235072627
297933,181.90023647111295
297934,256.24353872499233
297935,129.20972652119045
297936,911.449699107962
297937,792.0115970306954
297938,370.4507222302492
297939,501.4460758150966
297940,153.26591818242528
297941,1064.0002578369263
297942,900.1109948462578
297943,448.2213107848551
297944,586.1397567479183
297945,719.6834696227522
297946,24.301101634219226
297947,25.625482887809078
297948,6.731940793502505
297949,24.97879166785801
297950,58.751105079284244
297951,30.925650963524014
297952,44.36004992117704
297953,-18.920570276763435
297954,30.844295280419214
297955,-4.726393738163689
297956,48.05288538809762
297957,60.27404676555431
297958,9.56163875383274
297959,45.91810411604
297960,157.68050121014127
297961,1027.655706403517
297962,898.3762148182702
297963,436.55459287831525
297964,580.4400276327042
297965,322.03191648947427
297966,2011.7681787856247
297967,1802.733550922083
297968,857.2213966521374
297969,1214.3730560316994
297970,380.64117389774555
297971,2390.216906154257
297972,2073.632937339826
297973,1009.3419750547944
297974,1410.7599640788985
297975,138.6309343287068
297976,805.7764255137389
297977,685.2551811688613
297978,353.0927948349188
297979,487.6788766418915
297980,263.9436951638261
297981,1606.611174898299
297982,1418.4006873924955
297983,709.902330208514
297984,930.2967183355385
297985,296.5444923532226
297986,1895.0944189968882
297987,1671.5850786066558
297988,823.6210434023299
297989,1088.281761173896
297990,745.1602352028735
297991,647.1361519561179
297992,570.9989990161594
297993,261.2881433400913
297994,355.9946940325449
297995,504.28972410491366
297996,1267.1005493269672
297997,1100.3627627176236
297998,555.3815028081287
297999,740.3642572427044
298000,259.99112788518323
298001,1500.457283692918
298002,1290.5669498611942
298003,641.5205577335691
298004,878.6552899867105
298005,112.86311063970818
298006,651.8007731172298
298007,567.2492271254723
298008,273.01167818057985
298009,368.2386537244619
298010,197.69350303127135
298011,1291.6730516040022
298012,1120.127751515096
298013,576.7792560937833
298014,761.483856159762
298015,226.6054599173249
298016,1542.2777235855976
298017,1313.9696221189377
298018,662.0740494065103
298019,898.9306272910547
298020,68.41641249728995
298021,456.15677416834285
298022,397.9435768081227
298023,200.27419993812342
298024,254.33600360047248
298025,134.25721560421619
298026,948.3831132765134
298027,822.6491222090609
298028,407.78859882086454
298029,528.4466575181856
298030,166.25456802975046
298031,1115.0493849458242
298032,942.2037721935376
298033,468.32104821854415
298034,637.3561406057538
298035,717.6426751044147
298036,25.23721912911673
298037,25.78224490380557
298038,14.418459224791132
298039,4.361809260507808
298040,50.50881577513111
298041,28.962269807771573
298042,48.228321747167826
298043,-3.1856002747863617
298044,22.7329723105225
298045,6.191075234321166
298046,50.001587239817994
298047,56.6982915334003
298048,13.772840853294655
298049,24.704115567111735
298050,167.4810390585436
298051,1070.0218076784704
298052,927.0641096121877
298053,459.1913932545162
298054,602.4197913860537
298055,334.97622834368343
298056,2164.345020197596
298057,1921.2845941488954
298058,914.5802974212105
298059,1267.1784439904586
298060,392.960627492404
298061,2526.1697347202294
298062,2207.034759072327
298063,1063.5868910419128
298064,1476.9876119329244
298065,150.62474800091175
298066,856.1090115739704
298067,725.4201199412744
298068,378.05502086844643
298069,499.75329370703935
298070,276.04292135733533
298071,1713.3249312192004
298072,1487.5769568602198
298073,764.4856741270339
298074,973.8612123072548
298075,323.5491199682686
298076,2010.28902550282
298077,1768.4518355652654
298078,886.2104828595891
298079,1150.6231601525344
298080,740.7894711549585
298081,677.9385864645477
298082,587.9113776300519
298083,278.56753154803226
298084,382.97837816766946
298085,422.6118136813782
298086,1357.5354909478447
298087,1182.7612353538457
298088,588.7361419580732
298089,797.0486266458884
298090,259.02843174889813
298091,1609.440933121238
298092,1394.7290392517907
298093,688.937457930318
298094,926.7373613655911
298095,122.78884400313025
298096,685.7360798211554
298097,587.9299931915888
298098,292.20196356619806
298099,397.1332350372638
298100,205.1601949941542
298101,1383.121805815249
298102,1204.3837144258648
298103,610.1338952437277
298104,818.168225562946
298105,234.91346991273392
298106,1658.1817704950147
298107,1421.7874662594338
298108,711.2892140786121
298109,948.8109631452883
298110,82.29012070755618
298111,480.88496397864594
298112,420.51741557011746
298113,210.75927523334153
298114,274.5253748228745
298115,150.28029169922394
298116,995.030268362295
298117,870.2167845705095
298118,421.2252725140639
298119,565.2130614646248
298120,182.48236773050274
298121,1160.390412312679
298122,987.5718953676168
298123,495.3920072701897
298124,665.0922708395316
298125,708.049228427411
298126,32.09441510911518
298127,29.849703277841446
298128,15.176078877556026
298129,16.307541249573905
298130,90.80229201804244
298131,29.250265672483565
298132,49.43682488754679
298133,-11.196561657875657
298134,39.53555758979032
298135,15.20223488648808
298136,51.55657841803621
298137,59.31094527574716
298138,5.086822978867515
298139,40.83164435504176
298140,172.74679517951134
298141,1114.4626628771678
298142,981.4683841437533
298143,480.6491341810605
298144,636.8424831509604
298145,332.0487175319323
298146,2282.028677872993
298147,1996.4733970062748
298148,969.8775307006182
298149,1349.0660624342836
298150,418.0869565334709
298151,2656.8278595033116
298152,2310.1919913750085
298153,1157.1793832740302
298154,1597.1704893294593
298155,155.86700048888898
298156,897.4155070973213
298157,775.879473139157
298158,395.2429622583635
298159,529.9061859353191
298160,275.03309502007863
298161,1792.4888489669188
298162,1592.0736477748571
298163,787.3158931993403
298164,1023.2818165439788
298165,330.07299096356223
298166,2122.2532342919453
298167,1887.1712703264468
298168,926.8158183643374
298169,1217.8188808217
298170,714.7360605226539
298171,749.6481230968212
298172,647.7928944749109
298173,324.00321901605986
298174,449.2476814481955
298175,313.6509774684237
298176,1526.6862943592926
298177,1308.1077614285396
298178,639.0410264791022
298179,871.4627947402402
298180,266.8954996327524
298181,1789.9019102729021
298182,1523.6038792262868
298183,765.2070606849823
298184,1035.4139234944057
298185,145.84990038393522
298186,762.9640949461314
298187,655.9115543566653
298188,337.83444466087553
298189,463.5993319444397
298190,214.83476905878317
298191,1550.8545660962993
298192,1333.94280988204
298193,660.8967124462141
298194,893.0403263387551
298195,244.72413458368365
298196,1829.5224435520138
298197,1554.8748756154112
298198,788.0167495147336
298199,1057.9454579555606
298200,102.19905657577041
298201,545.4513358497558
298202,473.6089315437618
298203,226.60924899852276
298204,310.7401594446036
298205,161.84813434820066
298206,1078.8954899151956
298207,940.4061463124472
298208,454.0036777754621
298209,622.2500752661184
298210,191.08066004569932
298211,1284.8143320584322
298212,1103.9539871460438
298213,570.6616466529839
298214,765.6344005432697
298215,734.0541953758401
298216,32.829519986396434
298217,35.240886595561264
298218,16.916413961656968
298219,15.311043783565621
298220,-11.216963839090095
298221,36.27603796631104
298222,58.79385811867576
298223,-7.620230909134067
298224,42.29130620633894
298225,14.03022757843633
298226,60.67590236964661
298227,75.17303186644247
298228,11.466711172082695
298229,47.40483219691333
298230,187.60177504053868
298231,1232.3435135827401
298232,1080.6837812102035
298233,533.1568971558643
298234,724.3872687611263
298235,385.58736670010296
298236,2504.933388172888
298237,2148.6179944322867
298238,1063.1418357071916
298239,1474.8628182276045
298240,432.8831799337462
298241,2992.489586332607
298242,2585.5862906959574
298243,1275.8773639720982
298244,1728.0242436347987
298245,165.58567329424878
298246,992.0679945142266
298247,848.4432163977202
298248,420.33341978865894
298249,586.9170716221763
298250,319.53088840076896
298251,1955.6531395766706
298252,1751.5492291234539
298253,867.6789602143381
298254,1133.0607398669213
298255,349.2936894477291
298256,2325.838205619107
298257,2035.888066959766
298258,1037.2241744748148
298259,1338.0802039821745
298260,747.5352931752835
298261,616.0410226277323
298262,542.0276254251702
298263,235.95234986519873
298264,356.10322881729405
298265,573.8772461882864
298266,1220.1977613648482
298267,1068.102895674624
298268,513.043110505454
298269,713.525989495668
298270,295.12048719098965
298271,1440.1560790805854
298272,1247.5691269394124
298273,613.3510111973603
298274,820.7569825657895
298275,120.22236461353121
298276,614.2465258553681
298277,538.9443842512488
298278,248.2943964861861
298279,368.96570028971
298280,203.88142486235574
298281,1237.692633927908
298282,1087.9159034083632
298283,534.4408637911085
298284,734.6455884127256
298285,220.49371566616753
298286,1473.5548951709209
298287,1269.6758240450538
298288,633.9045028703015
298289,841.0323198701337
298290,64.53524989702278
298291,430.1376389402595
298292,381.1738459676776
298293,182.36853469481022
298294,261.8746666168009
298295,130.09816921030034
298296,912.3381417970722
298297,794.1869906476469
298298,370.9190204539466
298299,507.07720370690504
298300,154.15436087153523
298301,1064.888700526036
298302,902.2863884632093
298303,448.6896090085525
298304,591.770884639727
298305,722.9602521415778
298306,24.86055319143071
298307,27.47188537286185
298308,6.871247885301307
298309,30.280928427767865
298310,69.32525746524865
298311,31.48510252073549
298312,46.20645240622983
298313,-18.78126318496463
298314,36.146432040329096
298315,-1.449611219338386
298316,48.61233694530911
298317,62.120449250607095
298318,9.700945845631542
298319,51.22024087594986
298320,156.66318105010842
298321,1026.6383862434839
298322,916.7615484579243
298323,436.45570082869506
298324,585.5039652511953
298325,321.01459632944153
298326,2010.7508586255917
298327,1832.679240607545
298328,857.1225046025173
298329,1219.4369936501896
298330,379.6238537377128
298331,2389.199585994224
298332,2103.578627025288
298333,1009.2430830051742
298334,1415.8239016973887
298335,137.61361416867393
298336,804.7591053537063
298337,693.427050162403
298338,350.60837443257446
298339,490.35728590765825
298340,262.92637500379334
298341,1605.593854738266
298342,1423.258322179781
298343,707.4179098061696
298344,932.9751276013053
298345,295.52717219318987
298346,1894.0770988368552
298347,1676.4427133939414
298348,821.1366229999855
298349,1090.960170439662
298350,750.9840003303575
298351,619.4897297828062
298352,545.4763325802442
298353,239.40105702027276
298354,359.55193597236814
298355,578.7405277488648
298356,1225.0610429254266
298357,1072.9661772352024
298358,517.9063920660324
298359,718.3892710562463
298360,299.7093641679062
298361,1444.744956057502
298362,1252.1580039163289
298363,617.9398881742767
298364,825.3458595427059
298365,131.82082244955123
298366,633.0220801326147
298367,557.7199385284955
298368,259.8928543222064
298369,380.56415812573005
298370,216.8944571038801
298371,1257.882762610659
298372,1108.1060320911142
298373,547.4538960326329
298374,747.65862065425
298375,233.23234332402996
298376,1493.47061927001
298377,1289.591548144143
298378,646.6431305281639
298379,853.7709475279961
298380,66.25200233688982
298381,431.8543913801265
298382,382.89059840754464
298383,184.08528713467723
298384,263.59141905666763
298385,133.22949605567177
298386,915.4694686424436
298387,797.3183174930183
298388,374.05034729931805
298389,510.2085305522765
298390,157.01128313324466
298391,1067.7456227877453
298392,905.1433107249187
298393,451.546531270262
298394,594.6278069014364
298395,717.527422685956
298396,27.384265244768546
298397,29.995597426199694
298398,8.09654410245219
298399,31.50622464491875
298400,72.45658431062007
298401,34.61642936610693
298402,49.33777925160122
298403,-15.649936339593253
298404,39.277758885700486
298405,-2.633886659841175
298406,51.46925920701853
298407,64.97737151231652
298408,12.557868107340978
298409,54.07716313765928
298410,172.91384509362163
298411,1045.8126637463808
298412,935.9358259608214
298413,452.8037895760929
298414,601.852053998593
298415,350.3517015065071
298416,2040.0879638026568
298417,1873.3694650767043
298418,886.4596097795827
298419,1259.6603395042075
298420,408.0146750543904
298421,2417.590407310902
298422,2143.322567634059
298423,1037.6339043218509
298424,1455.1009636910187
298425,140.49339042219637
298426,806.472554428103
298427,695.1404992367997
298428,352.3218235069712
298429,492.070734982055
298430,268.4018487909484
298431,1611.0693285254206
298432,1440.08691525903
298433,712.8933835933245
298434,938.4506013884602
298435,300.056362119957
298436,1898.606288763622
298437,1692.3250226128025
298438,825.6658129267524
298439,1095.4893603664289
298440,751.1740471400401
298441,619.6797765924888
298442,544.3794284620855
298443,239.22077963434077
298444,359.3716585864362
298445,578.9305745585474
298446,1225.2510897351094
298447,1071.8692731170438
298448,517.7261146801003
298449,718.2089936703143
298450,299.8994109775889
298451,1444.9350028671847
298452,1251.0610997981703
298453,617.7596107883446
298454,825.1655821567738
298455,133.0055039968567
298456,634.2067616799202
298457,557.6176691479596
298458,260.7072116738972
298459,381.3785154774208
298460,218.07913865118556
298461,1259.0674441579647
298462,1108.0037627105785
298463,548.2682533843237
298464,748.4729780059407
298465,234.41702487133543
298466,1494.6553008173157
298467,1289.4892787636072
298468,647.4574878798546
298469,854.5853048796869
298470,67.43668388419525
298471,433.03907292743196
298472,382.7883290270088
298473,184.89964448636803
298474,264.4057764083584
298475,134.41417760297725
298476,916.6541501897491
298477,797.2160481124824
298478,374.8647046510088
298479,511.0228879039673
298480,158.19596468055013
298481,1068.930304335051
298482,905.0410413443828
298483,452.36088862195277
298484,595.4421642531272
298485,718.7121042332615
298486,28.568946792073994
298487,29.893328045663857
298488,8.910901454142966
298489,32.32058199660952
298490,91.2888847759109
298491,35.801110913412366
298492,49.23550987106537
298493,-14.835578987902478
298494,40.09211623739125
298495,-1.4492051125357264
298496,52.653940754323976
298497,64.87510213178068
298498,13.372225459031753
298499,54.89152048935004
298500,174.0985266409271
298501,1046.9973452936865
298502,929.5767110289639
298503,454.6712196514611
298504,603.7194840739612
298505,351.53638305381253
298506,2041.2726453499624
298507,1867.0103501448468
298508,888.327039854951
298509,1261.527769579576
298510,409.19935660169585
298511,2418.775088858207
298512,2136.9634527022013
298513,1039.5013343972194
298514,1456.9683937663872
298515,141.67807196950184
298516,807.6572359754084
298517,688.7813843049422
298518,354.1892535823394
298519,493.9381650574232
298520,269.58653033825385
298521,1612.2540100727263
298522,1433.7278003271726
298523,714.7608136686928
298524,940.3180314638284
298525,301.24104366726243
298526,1899.7909703109276
298527,1685.965907680945
298528,827.5332430021207
298529,1097.3567904417973
298530,751.1740471400401
298531,619.6797765924888
298532,544.3794284620855
298533,239.22077963434077
298534,359.3716585864362
298535,578.9305745585474
298536,1225.2510897351094
298537,1071.8692731170438
298538,517.7261146801003
298539,718.2089936703143
298540,299.8994109775889
298541,1444.9350028671847
298542,1251.0610997981703
298543,617.7596107883446
298544,825.1655821567738
298545,132.2772086530375
298546,633.478466336101
298547,556.8893738041404
298548,259.978916330078
298549,380.65022013360164
298550,217.35084330736635
298551,1258.3391488141453
298552,1107.2754673667591
298553,547.5399580405044
298554,747.7446826621215
298555,233.68872952751622
298556,1493.9270054734964
298557,1288.7609834197879
298558,646.7291925360354
298559,853.8570095358676
298560,66.70838854037605
298561,432.3107775836128
298562,382.0600336831896
298563,184.17134914254882
298564,263.6774810645392
298565,133.68588225915803
298566,915.9258548459298
298567,796.4877527686632
298568,374.13640930718964
298569,510.2945925601481
298570,157.46766933673092
298571,1068.2020089912317
298572,904.3127460005636
298573,451.6325932781336
298574,594.713868909308
298575,717.9838088894422
298576,27.840651448254793
298577,29.165032701844655
298578,8.18260611032376
298579,31.592286652790314
298580,91.56880322764168
298581,36.08102936514314
298582,49.51542832279614
298583,-14.555660536171706
298584,40.37203468912202
298585,-2.177500456354931
298586,51.92564541050477
298587,64.14680678796148
298588,12.643930115212548
298589,54.16322514553084
298590,173.3702312971079
298591,1046.2690499498672
298592,928.8484156851447
298593,453.94292430764193
298594,602.991188730142
298595,351.8163015055433
298596,2041.552563801693
298597,1867.2902685965773
298598,888.6069583066817
298599,1261.8076880313065
298600,408.47106125787667
298601,2418.046793514388
298602,2136.2351573583824
298603,1038.7730390534
298604,1456.2400984225678
298605,140.94977662568263
298606,806.9289406315892
298607,688.053088961123
298608,353.4609582385202
298609,493.209869713604
298610,269.86644878998464
298611,1612.5339285244568
298612,1434.0077187789032
298613,715.0407321204235
298614,940.5979499155592
298615,300.51274832344325
298616,1899.0626749671083
298617,1685.2376123371257
298618,826.8049476583014
298619,1096.628495097978
298620,746.7887548641191
298621,643.5582747954649
298622,580.4945874525953
298623,255.08918171491385
298624,382.52689384350253
298625,512.0545985369496
298626,1259.4576519753546
298627,1104.4870338250246
298628,540.991390119961
298629,785.6881462384587
298630,275.00755730056557
298631,1482.850630766272
298632,1284.7274653935617
298633,618.6171941971452
298634,929.0612263694387
298635,117.4283520542458
298636,657.9511553419097
298637,586.4730749472412
298638,266.0285875157123
298639,393.9867244957296
298640,202.25874444580919
298641,1293.7584136377225
298642,1133.9802820078298
298643,561.6050143659256
298644,806.0236161158264
298645,229.94429616959854
298646,1545.3132775987765
298647,1331.7524407507192
298648,638.3865568303964
298649,948.5524346340931
298650,73.22550018054817
298651,462.55100266174355
298652,417.41127089861243
298653,193.5349555419767
298654,274.9193830283549
298655,139.06630328747462
298656,950.7123215789537
298657,836.7454989705151
298658,397.65799791076904
298659,567.8217261308647
298660,169.8372505507447
298661,1116.1521880860003
298662,958.0538399523165
298663,449.67719646019253
298664,681.8132566054069
298665,714.452643155838
298666,35.169503496389574
298667,41.38747152590556
298668,12.350148971931747
298669,9.716319338655094
298670,41.111023582506895
298671,35.6014748683674
298672,61.94599005870748
298673,6.3623878449165145
298674,33.01306902534137
298675,-9.143210016638543
298676,50.195470671998564
298677,66.95073437611352
298678,12.265325072242195
298679,24.023989112297325
298680,187.72495966357093
298681,1079.1840380061337
298682,964.4148057251834
298683,461.8047773926512
298684,661.6922692019971
298685,355.0121524216154
298686,2170.8680816677706
298687,1931.4776298501647
298688,913.3558544746373
298689,1338.9678222832322
298690,408.0492466806211
298691,2527.7454913006886
298692,2221.3215578079853
298693,1038.7056647847771
298694,1573.7319179455399
298695,143.77196153804397
298696,865.04845215295
298697,738.4902987289305
298698,355.33458456726385
298699,527.2813326565073
298700,272.58620642974273
298701,1727.3389386846156
298702,1497.1155156633492
298703,752.3927431799754
298704,1030.1756842546774
298705,315.1451001509611
298706,2019.3557280785199
298707,1776.0231856382684
298708,844.3554019257291
298709,1225.7871931435598
298710,742.4750953743688
298711,674.0391921868902
298712,600.8250785048733
298713,264.0310253649328
298714,405.83866630790567
298715,433.01319238660307
298716,1349.5710764792277
298717,1190.3036188996323
298718,566.0084847119832
298719,841.9487051070802
298720,276.7388132930598
298721,1591.5127630775876
298722,1392.3076672225438
298723,657.6965498359721
298724,976.7194872137569
298725,125.85020126306419
298726,691.5649449288308
298727,610.5719534517432
298728,276.88132834340865
298729,419.20939413781
298730,208.22155225408824
298731,1384.885650731965
298732,1221.6543573569843
298733,586.6221089579478
298734,862.2841749844479
298735,236.74842201040374
298736,1660.8958073911892
298737,1442.988397329601
298738,679.2641769445762
298739,998.0089599537641
298740,85.59532423621063
298741,486.9576753550422
298742,443.40322209899267
298743,195.68248627927298
298744,291.4368425800354
298745,153.58549522787854
298746,997.0379595477308
298747,887.7312737703492
298748,402.75712704604643
298749,604.1643195427415
298750,184.56116609689317
298751,1161.1716983358508
298752,1006.8400755647812
298753,468.4106109539161
298754,709.1255763046222
298755,700.1682854362398
298756,42.03417349128215
298757,49.20203347022547
298758,5.099215198673186
298759,18.319130788898377
298760,79.1206028811056
298761,35.896944747973514
298762,66.90159676937047
298763,-9.657126964196276
298764,44.143862181932725
298765,11.17934989469204
298766,51.7579358651109
298767,73.31049168874438
298768,-4.4292462282084015
298769,34.479725777550904
298770,193.39259447907767
298771,1125.2091389369696
298772,1024.1429555442771
298773,476.8307366104164
298774,694.348812145325
298775,352.48652030440314
298776,2290.1359850753056
298777,2011.9903079950725
298778,962.221306045265
298779,1424.9623090834345
298780,433.5774544162269
298781,2659.987861815909
298782,2329.802665398195
298783,1125.8663753081157
298784,1698.0216636984521
298785,149.41609272056013
298786,907.9391934084391
298787,794.2735272143414
298788,366.09074424840173
298789,555.6680760632076
298790,271.9782587870249
298791,1808.0871021644725
298792,1606.936081865515
298793,768.7911805435022
298794,1083.7031568477787
298795,322.07084984079364
298796,2132.904182599783
298797,1900.0664956869782
298798,878.5289557216978
298799,1297.0897821691028
298800,710.9652151659213
298801,734.054567788942
298802,649.0124343195106
298803,301.4843796539047
298804,456.4344078378415
298805,317.3710415023617
298806,1507.0277188604534
298807,1303.955983944104
298808,613.1308306029982
298809,893.9413693350236
298810,279.1494116007709
298811,1760.2795791990295
298812,1509.4883461668178
298813,730.7836139606221
298814,1062.9745454761637
298815,143.45478806772618
298816,750.7040420009272
298817,660.4645965639402
298818,314.53147625903046
298819,470.0019292943957
298820,212.43965674257413
298821,1534.5294929601353
298822,1333.1245347602794
298823,634.2023875304202
298824,914.7347718938487
298825,241.1026171052104
298826,1814.1475623953083
298827,1557.9868886326983
298828,752.8091737506836
298829,1084.7219508976286
298830,100.04779052828184
298831,533.4351291732722
298832,478.4058200197573
298833,203.55012686539857
298834,311.97806545117425
298835,159.69686830071225
298836,1062.814263047752
298837,939.8317174594073
298838,427.553199128389
298839,638.7798294778268
298840,187.70298883594668
298841,1267.506700028724
298842,1105.1332492903282
298843,535.6979171576544
298844,787.246202141952
298845,721.1890607029402
298846,25.152638210097972
298847,36.97657662947984
298848,-1.1427828962815094
298849,9.79795569986508
298850,9.922621572755467
298851,24.53413599905234
298852,57.870048957750846
298853,-14.835070278793479
298854,40.68511007548289
298855,5.023150904911501
298856,43.26061965825589
298857,71.55593812097436
298858,-6.031691214048856
298859,35.6103537807072
298860,172.75846019002955
298861,1204.7682319594128
298862,1085.0365949275995
298863,489.20928650325385
298864,727.4372020530224
298865,370.5360553224984
298866,2474.718937692072
298867,2131.874119502471
298868,1015.3563979698735
298869,1493.5890639130055
298870,412.88456366642674
298871,2957.3278309620755
298872,2566.875207036015
298873,1209.5684753502844
298874,1771.2286975844747
298875,155.91237511187762
298876,986.7368419345655
298877,850.9824315821257
298878,384.9545529205495
298879,599.1244644989923
298880,313.25366175367293
298881,1955.396553883445
298882,1750.5568243233324
298883,842.9275987003526
298884,1176.17433600724
298885,338.0691579109182
298886,2320.634315036166
298887,2032.9284534295182
298888,987.8439954000958
298889,1399.566641710529
298890,739.8008779489146
298891,589.9384975546594
298892,528.9985659491864
298893,222.071361320468
298894,362.84037832303676
298895,607.5161807623928
298896,1190.0302161008153
298897,1049.7025188696048
298898,494.4451403908184
298899,733.6741264906548
298900,309.86391007827433
298901,1409.065561400225
298902,1228.2457777180657
298903,586.2397902344694
298904,845.9871669477502
298905,116.02849420883557
298906,597.8722601676283
298907,535.643584160598
298908,233.62927890176542
298909,374.91872075576276
298910,199.68755445765996
298911,1217.253348049208
298912,1079.2437859886768
298913,515.0587646367834
298914,754.0095963680225
298915,212.39677668555575
298916,1449.2125407163044
298917,1260.08073420904
298918,606.0091528677207
298919,865.4783752124046
298920,60.585225761047546
298921,414.0072195212404
298922,378.1168921457475
298923,167.94726337911018
298924,262.66299573946816
298925,126.14814507432519
298926,892.1427021870928
298927,785.7587194966814
298928,356.5805621173836
298929,521.2765203188177
298930,146.30126815964405
298931,1040.79019234014
298932,892.9351448959166
298933,425.8378998237334
298934,611.0522486386126
298935,716.5743259756027
298936,14.35707466511489
298937,22.641349101373176
298938,-1.9634539021804822
298939,18.3625369852733
298940,34.2258973133108
298941,17.688544687742667
298942,39.48835782418084
298943,-15.999666599884174
298944,26.469159234690704
298945,-14.675953904538908
298946,28.370457483900985
298947,51.937129199731714
298948,1.4270385299566923
298949,30.58274490067817
298950,141.12739194286166
298951,981.6091376644107
298952,878.1476116521244
298953,403.1710169188672
298954,593.1167572160472
298955,305.2708106950994
298956,1963.0824411890314
298957,1755.3472873442097
298958,819.9999936079814
298959,1236.8822180920563
298960,358.9327632136558
298961,2336.583863667948
298962,2030.340436796346
298963,948.4637887000766
298964,1458.2240538590972
298965,127.85409891802355
298966,792.3800479504415
298967,677.976736973693
298968,327.248379360645
298969,500.2695491098632
298970,256.56293128841855
298971,1598.2893642214362
298972,1407.5906232127995
298973,694.685420088364
298974,968.9893558016496
298975,284.21642358809993
298976,1881.82530343031
298977,1658.8078056968334
298978,778.6419832953787
298979,1145.8239596836088
298980,736.9569569301867
298981,590.2876410172706
298982,526.8448509870873
298983,222.02081058913055
298984,365.717442140844
298985,584.3273455579555
298986,1190.334377751555
298987,1047.503822095634
298988,493.9786367658956
298989,736.7560380870931
298990,314.9410114579397
298991,1409.3697230509647
298992,1226.047080944095
298993,585.7732866095465
298994,849.0690785441885
298995,113.96870222979756
298996,599.0055326699294
298997,534.2739982381888
298998,234.3628572101179
298999,378.57991361326
299000,197.05274009472112
299001,1218.3416387396376
299002,1077.829218254396
299003,515.3763900515504
299004,757.8756370041507
299005,210.3369847065177
299006,1450.300831406734
299007,1258.6661664747592
299008,606.3267782824877
299009,869.3444158485328
299010,58.28158751328897
299011,414.8966457548211
299012,376.5034599546179
299013,168.43699541874207
299014,266.0803423282448
299015,123.26948444266579
299016,892.9871466088011
299017,784.1003054936793
299018,356.6543412634302
299019,524.8987146862253
299020,143.9976299118854
299021,1041.6346367618492
299022,891.2767308929145
299023,425.91167896978
299024,614.6744430060202
299025,715.0130115807957
299026,15.988824751647243
299027,21.770240763195122
299028,-0.7313980095968362
299029,21.779883574049833
299030,29.251556390527302
299031,19.275312962402847
299032,38.57226767413063
299033,-15.183563600886025
299034,30.09135360209848
299035,-16.237268299345804
299036,29.957225758561208
299037,51.02103904968152
299038,2.243141528954849
299039,34.20493926808596
299040,141.38472432114145
299041,985.0595345240295
299042,879.0951500870331
299043,406.2217195845377
299044,598.0262226538259
299045,302.6898454567301
299046,1964.8698181449395
299047,1754.6318058754073
299048,820.4419763768998
299049,1239.8037643053
299050,359.76482450326307
299051,2338.371240623856
299052,2029.6249553275436
299053,948.905771468995
299054,1461.145600072341
299055,128.08924144501395
299056,795.808254958771
299057,678.9020855573123
299058,330.2768921750259
299059,505.15682469635254
299060,253.9597761987594
299061,1600.3272912077316
299062,1407.1256917743844
299063,695.3779528876698
299064,972.1614520452805
299065,285.02629502641764
299066,1883.8632304166053
299067,1658.3428742584183
299068,779.3345160946845
299069,1148.99605592724
299070,737.8708210937548
299071,590.5976821124576
299072,525.867941154433
299073,221.96052748870292
299074,365.6571590404164
299075,584.6373866531425
299076,1190.6444188467422
299077,1046.5269122629797
299078,493.918353665468
299079,736.6957549866654
299080,303.03017755024536
299081,1409.679764146152
299082,1225.0701711114407
299083,585.7130035091188
299084,849.0087954437608
299085,114.27874332498459
299086,599.3155737651164
299087,533.2970884055345
299088,234.30257410969028
299089,378.51963051283235
299090,197.36278118990816
299091,1218.6516798348248
299092,1076.8523084217418
299093,515.3161069511227
299094,757.815353903723
299095,210.64702580170476
299096,1450.6108725019212
299097,1257.689256642105
299098,606.26649518206
299099,869.2841327481051
299100,58.59162860847601
299101,415.20668685000817
299102,375.5265501219636
299103,168.37671231831445
299104,266.02005922781717
299105,123.57952553785282
299106,893.2971877039881
299107,783.123395661025
299108,356.59405816300256
299109,524.8384315857976
299110,144.30767100707246
299111,1041.9446778570364
299112,890.2998210602602
299113,425.85139586935236
299114,614.6141599055925
299115,715.3230526759827
299116,16.298865846834282
299117,20.79333093054088
299118,-0.7916811100244703
299119,21.7196004736222
299120,29.561597485714344
299121,19.58535405758989
299122,37.59535784147637
299123,-15.243846701313657
299124,30.031070501670847
299125,-15.92722720415876
299126,30.26726685374825
299127,50.04412921702727
299128,2.182858428527215
299129,34.14465616765832
299130,141.6947654163285
299131,985.3695756192164
299132,881.7756913945931
299133,407.2145092077875
299134,599.0190122770757
299135,302.99988655191714
299136,1964.2345229208445
299137,1759.5591612196806
299138,821.4347660001496
299139,1240.79655392855
299140,360.0748655984501
299141,2337.735945399761
299142,2034.552310671817
299143,949.8985610922448
299144,1462.138389695591
299145,131.84817314960458
299146,806.1615705478489
299147,687.2682059869376
299148,336.3371090813258
299149,511.21704160265244
299150,260.25012267180773
299151,1613.2120215652676
299152,1418.023226972468
299153,703.9695845624275
299154,980.7530837200381
299155,291.3166414994659
299156,1896.7479607741413
299157,1669.2404094565018
299158,787.9261477694422
299159,1157.5876876019981
299160,739.7638931010285
299161,591.1276460960962
299162,526.3979051380716
299163,222.4904914723415
299164,366.187123024055
299165,592.2053384395998
299166,1191.2193646422527
299167,1047.1018580584903
299168,494.86427054269205
299169,737.0208711916728
299170,304.92324955751934
299171,1410.2547099416624
299172,1225.6451169069512
299173,586.6589203863429
299174,849.3339116487682
299175,116.1718153322584
299176,599.845537748755
299177,533.8270523891731
299178,234.83253809332885
299179,379.04959449647095
299180,199.8308755810828
299181,1219.2266256303353
299182,1077.4272542172523
299183,516.2620238283467
299184,758.1404701087304
299185,212.54009780897857
299186,1451.1858182974318
299187,1258.2642024376155
299188,607.212412059284
299189,869.6092489531125
299190,60.48470061574983
299191,415.73665083364676
299192,376.0565141056022
299193,168.906676301953
299194,266.55002321145577
299195,126.04761992902745
299196,893.8721334994989
299197,783.6983414565358
299198,357.53997504022664
299199,525.163547790805
299200,146.20074301434627
299201,1042.519623652547
299202,890.874766855771
299203,426.79731274657644
299204,614.9392761105998
299205,717.2161246832565
299206,16.828829830472827
299207,21.323294914179424
299208,-0.26171712638592554
299209,22.249564457260746
299210,34.867696020964786
299211,20.160299853100607
299212,38.170303636987086
299213,-14.297929824089625
299214,30.356186706678155
299215,-14.03415519688494
299216,30.842212649258958
299217,50.61907501253797
299218,3.12877530575125
299219,34.46977237266565
299220,143.5878374236023
299221,985.8995396028554
299222,882.3056553782317
299223,407.7444731914261
299224,599.5489762607143
299225,308.30598508716764
299226,1967.0022357195217
299227,1762.3268740183578
299228,824.5734498805401
299229,1243.3144371367239
299230,361.96793760572405
299231,2340.503658198438
299232,2037.320023470494
299233,953.0372449726353
299234,1464.6562729037648
299235,133.7412451568784
299236,806.6915345314875
299237,687.7981699705762
299238,336.8670730649644
299239,511.74700558629104
299240,265.5562212070582
299241,1615.7069944822679
299242,1420.5181998894682
299243,706.8355285611411
299244,982.9982270465351
299245,293.20971350673983
299246,1899.2429336911416
299247,1671.735382373502
299248,790.7920917681558
299249,1159.832830928495
299250,738.2772778177288
299251,623.1112181135921
299252,557.5446723460122
299253,244.21935677392403
299254,376.5596122211291
299255,488.87308708403333
299256,1239.0105952934814
299257,1081.537118718441
299258,530.1215651789717
299259,779.7208646160854
299260,266.49608025417507
299261,1462.4035740843988
299262,1261.777550286978
299263,607.747369256156
299264,923.0939447470654
299265,109.70100404754514
299266,638.2882276997269
299267,564.3072888803481
299268,255.94289161441245
299269,388.80357191304614
299270,194.53139643910833
299271,1274.0954859955393
299272,1111.8144959409362
299273,551.5193184646262
299274,800.840463533143
299275,222.21694816289772
299276,1525.6503499565933
299277,1309.5866546838256
299278,628.3008609290972
299279,943.3692820514096
299280,65.25430590512687
299281,442.64422875084017
299282,395.00163856299866
299283,183.20541337195635
299284,269.49238417695085
299285,131.09510901205326
299286,930.8055476680503
299287,814.3358666349013
299288,387.328455740749
299289,562.3947272794607
299290,161.86605627532327
299291,1096.2454141750966
299292,935.6442076167027
299293,439.3476542901725
299294,676.3862577540028
299295,708.983666620301
299296,17.764947325370333
299297,21.48005693017591
299298,4.52282454179585
299299,4.289320487250895
299300,40.318407371071515
299301,18.196918697348174
299302,42.038575462977846
299303,-1.4649365852194052
299304,27.586070173937124
299305,-4.8180462592459925
299306,32.79091450097934
299307,47.043319780383946
299308,4.438000642106306
299309,18.596990260893108
299310,153.38837527200462
299311,1032.9118739790854
299312,915.6397832734248
299313,425.10984510648626
299314,627.6590849079113
299315,321.2502969413768
299316,2124.225310232768
299317,1885.524150346446
299318,876.6609221884725
299319,1304.934637989146
299320,374.2873912003825
299321,2481.102719865686
299322,2175.3680783042673
299323,1002.0107324986119
299324,1539.6987336514537
299325,145.73505882908336
299326,861.6703536929946
299327,732.6093418442648
299328,356.5578706373511
299329,530.3633814987031
299330,277.6554474005674
299331,1727.0669839044451
299332,1494.3407024584683
299333,756.1474440185204
299334,1035.7891478653316
299335,320.2143411217858
299336,2019.0837732983493
299337,1773.2483724333874
299338,848.1101027642742
299339,1231.400656754213
299340,733.1120673810635
299341,652.3857723366998
299342,572.9291706745827
299343,252.0950252706783
299344,400.18325936353165
299345,408.98012998677183
299346,1327.917656629037
299347,1162.4077110693413
299348,554.072484617729
299349,837.388491285034
299350,267.37578529975434
299351,1569.859343227397
299352,1364.4117593922529
299353,645.7605497417178
299354,974.4330519064731
299355,117.27130230944852
299356,670.6956541183304
299357,583.4601746611424
299358,265.7294572888444
299359,414.33811623312596
299360,199.64265330047246
299361,1364.0163599214643
299362,1194.5425785663833
299363,575.4702379033835
299364,858.5080902020916
299365,228.16952305678797
299366,1640.0265165806886
299367,1415.876618539
299368,668.1123058900118
299369,996.5066536861702
299370,76.77257901387442
299371,465.8445382758212
299372,416.04759703967136
299373,184.28676895598784
299374,286.32171840663074
299375,144.7627500055422
299376,975.9248224685098
299377,860.3756487110278
299378,391.3614097227616
299379,600.549540310732
299380,175.7384208745568
299381,1140.0585612566297
299382,979.4844505054598
299383,457.01489363063126
299384,705.5107970726127
299385,693.8477579537879
299386,23.423254151945326
299387,24.348626150788334
299388,-1.7343612187148352
299389,13.204006615493546
299390,72.80007539865368
299391,17.286025408636707
299392,42.048189449933375
299393,-16.49070338158429
299394,37.94608533624662
299395,4.858822412240121
299396,33.147016525774106
299397,48.45708436930735
299398,-11.262822645596414
299399,28.281948931864775
299400,157.47094966100704
299401,1072.3508691607385
299402,965.0421977879461
299403,438.73924096077565
299404,660.6275025292387
299405,317.13960439766015
299406,2236.90710789112
299407,1955.7110931867812
299408,924.1298103956242
299409,1393.7810179362177
299410,397.5044626550667
299411,2606.032908777307
299412,2272.7973747354877
299413,1088.7197607435667
299414,1667.785253636327
299415,149.7941295850952
299416,897.9749891993013
299417,778.0668350251032
299418,365.91746695501314
299419,559.0619995834029
299420,275.4624393313452
299421,1801.2290416351193
299422,1593.8355333560614
299423,771.1493180185713
299424,1092.1685136053013
299425,324.8289545306967
299426,2125.320046216014
299427,1886.2398713231078
299428,881.8319742818585
299429,1306.5000200117172
299430,707.431120809057
299431,730.8625300519293
299432,639.5779086023975
299433,295.35158192044963
299434,461.8842907069793
299435,299.16691273897175
299436,1503.835681123441
299437,1294.5214582269912
299438,606.9980328695431
299439,902.5626036464622
299440,275.6153172439067
299441,1757.087541462017
299442,1500.053820449705
299443,724.650816227167
299444,1073.8695583023643
299445,140.70482275055164
299446,748.2961333036044
299447,651.814199886517
299448,309.18280756526536
299449,476.2359412032235
299450,209.6896914253996
299451,1532.1215842628128
299452,1324.4741380828566
299453,628.8537188366549
299454,924.1401352449772
299455,238.35265178803587
299456,1811.739653697986
299457,1549.3364919552755
299458,747.4605050569184
299459,1096.4010927635193
299460,97.05397894238679
299461,530.7833742072288
299462,469.5115770736138
299463,197.95761190291265
299464,317.96823109128144
299465,156.7030567148171
299466,1060.1625080817091
299467,930.9374745132635
299468,421.96068416590333
299469,648.346498379302
299470,184.70917725005154
299471,1264.854945062681
299472,1096.2390063441849
299473,530.1054021951685
299474,796.8128710434273
299475,720.6974668569293
299476,25.00310098393899
299477,30.58455142322051
299478,-2.173156952870383
299479,15.788121339972065
299480,9.431027726744734
299481,24.384598772893334
299482,51.47802375149155
299483,-15.865444335382332
299484,47.6687813632817
299485,4.53155705890075
299486,43.11108243209691
299487,65.1639129147151
299488,-7.0620652706376905
299489,42.59402506850601
299490,172.80690502285844
299491,1190.7126953671348
299492,1064.738570355221
299493,486.67622781781967
299494,734.5764168538549
299495,370.1039851411366
299496,2459.237549766321
299497,2113.3423939526147
299498,1012.8233392844388
299499,1505.3444555026808
299500,411.72641763064775
299501,2941.120367181908
299502,2547.6174056317423
299503,1207.980297749942
299504,1783.9289702592419
299505,159.9937778912791
299506,993.1084521170307
299507,851.1115537844905
299508,388.8226767202736
299509,611.8618765650127
299510,334.91160482811455
299511,1993.5016629187726
299512,1782.4194453785597
299513,864.8527778093076
299514,1211.5849801713343
299515,359.0010251309426
299516,2358.013348217077
299517,2064.064998630329
299518,1010.7140555941422
299519,1435.922166959715
299520,739.1699089311497
299521,590.893793248327
299522,527.4510032181437
299523,222.13042612027033
299524,367.6916498888575
299525,598.0520143853861
299526,1190.9855117944837
299527,1048.1549561385627
299528,494.5042051906205
299529,741.1219400625348
299530,315.4761305626148
299531,1409.2730427843605
299532,1225.9504006774907
299533,585.5510407247383
299534,857.0899818499976
299535,116.13445022836518
299536,599.6116849009858
299537,534.8801504692452
299538,234.4724727412577
299539,380.5541213612735
299540,199.7935104771896
299541,1218.9927727825664
299542,1078.4803522973248
299543,515.9019584762751
299544,762.2415389795924
299545,211.75491839555232
299546,1450.2041511401299
299547,1258.569486208155
299548,606.1045323976795
299549,877.3653191543418
299550,60.447335511856636
299551,415.5027979858778
299552,377.1096121856745
299553,168.54661094988182
299554,268.0545500762583
299555,126.01025482513428
299556,893.6382806517297
299557,784.7514395366079
299558,357.1799096881555
299559,529.6697684807344
299560,145.41556360092002
299561,1041.537956495245
299562,891.18005062631
299563,425.6894330849722
299564,620.8267196161343
299565,717.178759579363
299566,16.594976982703823
299567,22.37639299425172
299568,1.4381406875555398
299569,21.73472747090469
299570,34.83033091707162
299571,19.92644700533161
299572,39.22340171705939
299573,-12.598072010148146
299574,29.48273857295853
299575,-14.071520300778152
299576,30.60835980148996
299577,51.67217309261028
299578,4.828633119692729
299579,33.59632423894603
299580,142.4531963862314
299581,984.5684108216084
299582,878.604026384612
299583,406.00094690546644
299584,601.7817051666822
299585,306.1161001242784
299586,1964.6158630127568
299587,1757.5700010992198
299588,822.8299235945802
299589,1248.8112260364792
299590,359.05197678841756
299591,2337.3912096372555
299592,2031.8370746969392
299593,952.2385997717669
299594,1471.097942888612
299595,132.60660411950744
299596,837.8239069974666
299597,713.784642779516
299598,335.1235467790048
299599,513.9797344922588
299600,270.3823498160069
299601,1666.9570951523888
299602,1466.62240090255
299603,712.108015847019
299604,995.5110295181281
299605,297.30976626127114
299606,1949.7669585068456
299607,1717.113507532167
299608,797.0094601391252
299609,1173.2905144851798
299610,739.1699089311497
299611,590.893793248327
299612,527.4510032181437
299613,222.13042612027033
299614,367.6916498888575
299615,618.3154142826262
299616,1190.9855117944837
299617,1048.1549561385627
299618,494.5042051906205
299619,741.1219400625348
299620,322.9484129743306
299621,1408.824302797683
299622,1225.5016606908132
299623,585.1023007380609
299624,856.6412418633201
299625,116.13445022836518
299626,599.6116849009858
299627,534.8801504692452
299628,234.4724727412577
299629,380.5541213612735
299630,199.7935104771896
299631,1218.9927727825664
299632,1078.4803522973248
299633,515.9019584762751
299634,762.2415389795924
299635,211.30617840887484
299636,1449.7554111534523
299637,1258.1207462214775
299638,605.655792411002
299639,876.9165791676644
299640,60.447335511856636
299641,415.5027979858778
299642,377.1096121856745
299643,168.54661094988182
299644,268.0545500762583
299645,126.01025482513428
299646,893.6382806517297
299647,784.7514395366079
299648,357.1799096881555
299649,529.6697684807344
299650,144.96682361424254
299651,1041.0892165085675
299652,890.7313106396326
299653,425.2406930982948
299654,620.3779796294568
299655,717.178759579363
299656,16.594976982703823
299657,22.37639299425172
299658,1.4381406875555398
299659,21.73472747090469
299660,44.737938087935376
299661,19.154506121048403
299662,38.45146083277618
299663,-13.370012894431351
299664,28.71079768867532
299665,-14.071520300778152
299666,30.60835980148996
299667,51.67217309261028
299668,4.828633119692729
299669,33.59632423894603
299670,142.4531963862314
299671,984.5684108216084
299672,878.604026384612
299673,406.00094690546644
299674,601.7817051666822
299675,306.1161001242784
299676,1964.6158630127568
299677,1757.5700010992198
299678,822.8299235945802
299679,1248.8112260364792
299680,359.05197678841756
299681,2337.3912096372555
299682,2031.8370746969392
299683,952.2385997717669
299684,1471.097942888612
299685,132.60660411950744
299686,837.8239069974666
299687,713.784642779516
299688,335.1235467790048
299689,513.9797344922588
299690,270.3823498160069
299691,1666.9570951523888
299692,1466.62240090255
299693,712.108015847019
299694,995.5110295181281
299695,297.30976626127114
299696,1949.7669585068456
299697,1717.113507532167
299698,797.0094601391252
299699,1173.2905144851798
299700,740.0837730947178
299701,591.203834343514
299702,526.4740933854894
299703,222.0701430198427
299704,367.6313667884299
299705,618.6254553778132
299706,1191.295552889671
299707,1047.1780463059085
299708,494.44392209019287
299709,741.0616569621071
299710,310.46382119463084
299711,1408.5605860208648
299712,1223.9509929861536
299713,584.4682597656277
299714,856.007200890887
299715,116.44449132355221
299716,599.9217259961728
299717,533.9032406365909
299718,234.41218964083006
299719,380.49383826084585
299720,200.10355157237666
299721,1219.3028138777536
299722,1077.5034424646706
299723,515.8416753758474
299724,762.1812558791647
299725,211.04246163205644
299726,1449.491694376634
299727,1256.5700785168178
299728,605.0217514385689
299729,876.2825381952313
299730,60.757376607043675
299731,415.81283908106485
299732,376.13270235302025
299733,168.4863278494542
299734,267.99426697583067
299735,126.32029592032131
299736,893.9483217469167
299737,783.7745297039536
299738,357.11962658772785
299739,529.6094853803068
299740,144.70310683742414
299741,1040.8254997317492
299742,889.1806429349729
299743,424.6066521258617
299744,619.7439386570237
299745,717.48880067455
299746,16.905018077890865
299747,21.399483161597477
299748,1.3778575871279057
299749,21.674444370477058
299750,45.04797918312242
299751,19.464547216235445
299752,37.474551000121934
299753,-13.430295994858984
299754,28.650514588247688
299755,-13.76147920559111
299756,30.918400896677003
299757,50.69526325995603
299758,4.768350019265094
299759,33.53604113851839
299760,142.76323748141846
299761,984.8784519167954
299762,881.284567692172
299763,406.9937365287162
299764,602.774494789932
299765,306.4261412194654
299766,1964.925904107944
299767,1760.2505424067801
299768,823.82271321783
299769,1249.8040156597292
299770,359.3620178836046
299771,2337.7012507324425
299772,2034.5176160044996
299773,953.2313893950167
299774,1472.090732511862
299775,132.91664521469448
299776,838.1339480926536
299777,712.1074887152505
299778,336.1163364022546
299779,514.9725241155086
299780,270.69239091119397
299781,1667.267136247576
299782,1464.9452468382847
299783,713.1008054702688
299784,996.5038191413779
299785,297.6198073564582
299786,1950.0769996020329
299787,1715.4363534679017
299788,798.002249762375
299789,1174.2833041084298
299790,740.0977558294235
299791,591.2178170782197
299792,526.488076120195
299793,222.08412575454818
299794,367.6453495231353
299795,618.6394381125189
299796,1191.3095356243764
299797,1047.192029040614
299798,492.4617646947294
299799,741.0756396968128
299800,311.0129077311232
299801,1409.1096725573573
299802,1224.500079522646
299803,583.0212061719515
299804,856.5562874273796
299805,116.45847405825766
299806,599.9357087308784
299807,533.9172233712966
299808,234.42617237553554
299809,380.50782099555124
299810,200.1175343070821
299811,1219.316796612459
299812,1077.517425199376
299813,513.8595179803841
299814,762.1952386138704
299815,211.59154816854888
299816,1450.0407809131266
299817,1257.1191650533103
299818,603.5746978448926
299819,876.8316247317239
299820,60.77135934174916
299821,415.82682181577024
299822,376.14668508772564
299823,168.50031058415968
299824,268.00824971053606
299825,126.3342786550269
299826,893.9623044816224
299827,783.7885124386593
299828,355.13746919226446
299829,529.6234681150124
299830,145.25219337391658
299831,1041.3745862682417
299832,889.7297294714655
299833,423.1595985321853
299834,620.2930251935163
299835,720.7522938858588
299836,18.410723582093425
299837,22.90518866580003
299838,2.883563091330463
299839,23.180149874679618
299840,43.05636198228413
299841,20.970252720437998
299842,38.98025650432447
299843,-13.920730620825246
299844,30.156220092450233
299845,-15.21799260464248
299846,32.95921020266655
299847,52.73607256594556
299848,4.8130191950858086
299849,35.576850444507926
299850,143.29503879805827
299851,985.4102532334355
299852,881.8163690088121
299853,407.52553784535604
299854,603.3062961065721
299855,306.9579425361052
299856,1965.4577054245838
299857,1760.78234372342
299858,822.3583744043012
299859,1250.335816976369
299860,360.4289230020314
299861,2338.7681558508702
299862,2035.5845211229264
299863,952.3021543832748
299864,1473.1576376302887
299865,133.44844653133435
299866,838.6657494092937
299867,712.6392900318906
299868,336.64813771889436
299869,515.5043254321484
299870,271.22419222783384
299871,1667.7989375642157
299872,1465.4770481549244
299873,711.63646665674
299874,997.035620458018
299875,298.686712474885
299876,1951.1439047204597
299877,1716.5032585863285
299878,797.0730147506331
299879,1175.3502092268566
299880,738.6111405461237
299881,623.2013890957156
299882,557.6348433281357
299883,243.81299105613078
299884,378.0178387202094
299885,515.307186756952
299886,1239.100766275605
299887,1081.6272897005647
299888,527.7190593310094
299889,783.7756331212254
299890,272.58573842777906
299891,1461.2585367000936
299892,1260.632512902673
299893,604.1096550417647
299894,930.3163205256768
299895,109.98766277354454
299896,638.3783986818504
299897,564.3974598624716
299898,255.53652589661914
299899,390.26179841212644
299900,194.8180551651077
299901,1274.185656977663
299902,1111.90466692306
299903,549.1168126166639
299904,804.895232038283
299905,218.5917351088162
299906,1519.652052016913
299907,1303.5883567441454
299908,624.6631467147058
299909,950.5916578300211
299910,65.54096463112622
299911,442.73439973296365
299912,395.0918095451221
299913,182.79904765416302
299914,270.95061067603115
299915,131.38176773805264
299916,930.8957186501738
299917,814.4260376170248
299918,384.92594989278683
299919,566.8546476036681
299920,158.24084322124176
299921,1092.4237133771396
299922,931.8225068187453
299923,435.7099400757814
299924,681.7400068369193
299925,712.5198358229034
299926,19.346841076990927
299927,23.061950681796514
299928,7.668104759512249
299929,5.219905904669758
299930,50.692978194919704
299931,19.006871564685557
299932,42.84852833031526
299933,-1.0877373819550238
299934,27.38610355970921
299935,-6.001883667003534
299936,34.907912054386934
299937,49.160317333791525
299938,6.122244531440862
299939,19.704068332735385
299940,153.0955766464606
299941,1027.7763545083897
299942,910.5042638027296
299943,424.8909097604162
299944,631.416404753769
299945,319.90225439031434
299946,2118.0345468365545
299947,1879.3333869502324
299948,874.4458467122336
299949,1311.9560178287911
299950,372.74837659668987
299951,2474.720984416843
299952,2168.986342855424
299953,1001.2756419092518
299954,1548.2000983779776
299955,145.44226020353932
299956,888.9983354695252
299957,752.8042288043036
299958,356.338935291281
299959,534.1207013445609
299960,291.8330453902782
299961,1783.0223208540526
299962,1543.1629445915842
299963,769.4580090830547
299964,1058.33616824575
299965,334.2009670588664
299966,2074.848138195327
299967,1821.8796425138735
299968,862.900652715687
299969,1255.42766202151
299970,735.4929102623838
299971,650.6575398573189
299972,573.5519424139351
299973,254.58244240162512
299974,402.2909504110906
299975,418.7587986281447
299976,1326.1894241496561
299977,1163.0304828086937
299978,554.563761618507
299979,837.749430080166
299980,268.5214198146456
299981,1566.8959023815871
299982,1363.7993227651764
299983,645.0166183760667
299984,975.6878194603141
299985,117.64030535644596
299986,668.9674216389493
299987,584.0829464004948
299988,268.21687441979094
299989,416.4458072806849
299990,200.01165634746997
299991,1362.2881274420834
299992,1195.1653503057357
299993,575.9615149041615
299994,858.8690289972236
299995,224.62665432370463
299996,1632.2098151795037
299997,1410.4109213565484
299998,667.3683745243608
299999,997.7614212400113
300000,77.14158206087197
300001,464.1163057964401
300002,416.67036877902365
300003,186.7741860869344
300004,288.4294094541897
300005,145.1317530525397
300006,974.1965899891287
300007,860.9984204503802
300008,391.85268672353936
300009,600.910479105864
300010,172.19555214147346
300011,1134.418456997168
300012,976.1953504647313
300013,456.2709622649801
300014,706.7655646264537
300015,697.7836250701702
300016,23.50409803484293
300017,26.780474252419392
300018,2.5621322745104536
300019,15.101410174172697
300020,86.43256397834737
300021,16.5949284072511
300022,43.708096667281225
300023,-14.96229090281103
300024,42.12446111941389
300025,4.07468291826237
300026,33.76296421045871
300027,51.42403627272539
300028,-8.42736548075297
300029,33.76736940110223
300030,158.31135842883216
300031,1071.094042402185
300032,966.1363752481263
300033,442.06183026643816
300034,665.3516405163568
300035,316.9247692399669
300036,2234.595037207049
300037,1955.7500267214432
300038,925.4562595711182
300039,1393.3561802702977
300040,397.8247312991605
300041,2604.2559418950227
300042,2273.371412071937
300043,1090.581313720848
300044,1667.8955197721941
300045,150.63453835292037
300046,910.3624019879505
300047,785.6721572159942
300048,369.24005626067566
300049,563.7861375705211
300050,290.7732447144252
300051,1842.2438095968457
300052,1630.0682107200296
300053,788.0014077348384
300054,1107.2693164801544
300055,340.67486371556373
300056,2166.869917979527
300057,1923.007652488863
300058,899.2191677999126
300059,1322.1359266883574
300060,704.0120401516624
300061,728.289555617836
300062,639.3559383870377
300063,300.80859853068
300064,461.6594937811094
300065,303.1456578416295
300066,1501.2627066893476
300067,1294.2994880116312
300068,608.2757591389985
300069,899.8670129432477
300070,270.96102822008294
300071,1753.2793586614948
300072,1498.596641867916
300073,724.6933341301934
300074,1072.067796357859
300075,140.22908384283673
300076,745.723158869511
300077,651.5922296711572
300078,314.63982417549573
300079,476.0111442773536
300080,209.21395251768467
300081,1529.5486098287195
300082,1324.2521678674966
300083,630.1314451061104
300084,921.4445445417626
300085,233.96504110024011
300086,1803.0782103420886
300087,1543.0260528181116
300088,747.5030229599448
300089,1094.5993308190139
300090,96.57824003467195
300091,528.2103997731355
300092,469.2896068582537
300093,203.41462851314304
300094,317.74343416541154
300095,156.22731780710217
300096,1057.5895336476158
300097,930.7155042979036
300098,423.2384104353587
300099,645.6509076760875
300100,180.32156656225578
300101,1258.370098848507
300102,1092.1051643487442
300103,530.1479200981951
300104,795.0111090989218
300105,723.7885920185993
300106,24.239202912124203
300107,32.171657570139196
300108,5.092936019638734
300109,15.3530369252224
300110,7.267042476267656
300111,23.620700701078547
300112,53.06512989841022
300113,-12.778641703648299
300114,49.56256853238566
300115,2.9026756102106113
300116,42.88228816206911
300117,67.2861228634207
300118,-3.4401588371166776
300119,45.022916039396954
300120,173.1663382898595
300121,1188.9748931077575
300122,1065.3517723145771
300123,492.9684166027659
300124,736.9680668675443
300125,370.46341840813756
300126,2457.499747506944
300127,2113.955595911971
300128,1014.9362377286104
300129,1501.8630883384144
300130,412.62095469943574
300131,2939.917668724318
300132,2548.765711392886
300133,1210.6282999959008
300134,1780.9827068967625
300135,160.35321115828017
300136,973.3778582011977
300137,843.7516668292243
300138,395.11486550521994
300139,614.2535265787021
300140,321.7955760643187
300141,1960.2956069721427
300142,1761.5840963924963
300143,853.4902142226822
300144,1194.6281509762712
300145,346.4201001689338
300146,2325.342396072234
300147,2043.7647534460523
300148,999.8865958093038
300149,1419.500441566439
300150,741.6349092143278
300151,588.7599760205032
300152,527.6681902090534
300153,221.6645533458308
300154,367.2257771144179
300155,620.7804145658042
300156,1188.8516945666597
300157,1048.372143129472
300158,487.4366377738646
300159,740.6560672880956
300160,317.45373678889655
300161,1406.6518314996406
300162,1225.6801936115041
300163,577.9960792510866
300164,856.1367150186625
300165,115.07382596684702
300166,597.477867673162
300167,535.0973374601549
300168,234.00659996681816
300169,380.08824858683386
300170,198.7328862156715
300171,1216.8589555547424
300172,1078.697539288234
300173,508.83439105951913
300174,761.7756662051532
300175,210.20690007713824
300176,1447.58293985541
300177,1258.2992791421684
300178,598.5495709240278
300179,876.4120523230067
300180,59.386711250338536
300181,413.3689807580536
300182,377.3267991765838
300183,168.0807381754423
300184,267.5886773018187
300185,124.94963056361627
300186,891.5044634239059
300187,784.9686265275176
300188,350.11234227139937
300189,529.2038957062953
300190,143.86754528250594
300191,1038.916745210525
300192,890.9098435603238
300193,418.13447161132024
300194,619.8734527847992
300195,719.6849993872299
300196,16.27023611715846
300197,24.4026563474398
300198,2.78134427539473
300199,23.077931058743882
300200,41.989067483655134
300201,18.829765255503034
300202,40.47772418596425
300203,-18.628503948908744
300204,30.0540012765145
300205,-16.285287103271493
300206,30.818722737731584
300207,54.23354024758534
300208,0.10524586700233142
300209,35.474631628572205
300210,142.22774429942925
300211,983.2697657685006
300212,879.6563855502377
300213,403.0415114870465
300214,602.151004566959
300215,305.8906480374761
300216,1963.3172179596488
300217,1758.6223602648452
300218,813.2687935338441
300219,1249.1805254367557
300220,359.36162850340236
300221,2336.627668385935
300222,2033.4245376643516
300223,943.2125735128177
300224,1472.0023460906755
300225,132.38115203270533
300226,786.0689690406774
300227,681.5335065997854
300228,333.12168824896764
300229,514.3490338925354
300230,260.2993590427007
300231,1586.480735284749
300232,1405.6498428119685
300233,691.5779945713338
300234,983.953860815073
300235,287.76187928975185
300236,1869.825702440993
300237,1656.6760532433725
300238,777.0145426652268
300239,1162.2684495839112
300240,741.6349092143278
300241,588.7599760205032
300242,527.6681902090534
300243,221.6645533458308
300244,367.2257771144179
300245,620.7804145658042
300246,1188.8516945666597
300247,1048.372143129472
300248,487.4366377738646
300249,740.6560672880956
300250,325.3747591872898
300251,1406.6518314996406
300252,1225.6801936115041
300253,577.9960792510866
300254,856.1367150186625
300255,115.07382596684702
300256,597.477867673162
300257,535.0973374601549
300258,234.00659996681816
300259,380.08824858683386
300260,198.7328862156715
300261,1216.8589555547424
300262,1078.697539288234
300263,508.83439105951913
300264,761.7756662051532
300265,210.20690007713824
300266,1447.58293985541
300267,1258.2992791421684
300268,598.5495709240278
300269,876.4120523230067
300270,59.386711250338536
300271,413.3689807580536
300272,377.3267991765838
300273,168.0807381754423
300274,267.5886773018187
300275,124.94963056361627
300276,891.5044634239059
300277,784.9686265275176
300278,350.11234227139937
300279,529.2038957062953
300280,143.86754528250594
300281,1038.916745210525
300282,890.9098435603238
300283,418.13447161132024
300284,619.8734527847992
300285,719.6849993872299
300286,16.27023611715846
300287,24.4026563474398
300288,2.78134427539473
300289,23.077931058743882
300290,41.989067483655134
300291,18.829765255503034
300292,40.47772418596425
300293,-18.628503948908744
300294,30.0540012765145
300295,-16.285287103271493
300296,30.818722737731584
300297,54.23354024758534
300298,0.10524586700233142
300299,35.474631628572205
300300,142.22774429942925
300301,983.2697657685006
300302,879.6563855502377
300303,403.0415114870465
300304,605.7169275348641
300305,305.8906480374761
300306,1963.3172179596488
300307,1758.6223602648452
300308,813.2687935338441
300309,1259.9758321788916
300310,359.36162850340236
300311,2336.627668385935
300312,2033.4245376643516
300313,943.2125735128177
300314,1482.7976528328113
300315,132.38115203270533
300316,786.0689690406774
300317,681.5335065997854
300318,333.12168824896764
300319,514.3490338925354
300320,260.2993590427007
300321,1586.480735284749
300322,1405.6498428119685
300323,691.5779945713338
300324,983.953860815073
300325,287.76187928975185
300326,1869.825702440993
300327,1656.6760532433725
300328,777.0145426652268
300329,1162.2684495839112
300330,742.5487733778958
300331,589.0700171156902
300332,526.691280376399
300333,221.60427024540317
300334,367.16549401399027
300335,621.0904556609912
300336,1189.161735661847
300337,1047.3952332968179
300338,487.376354673437
300339,740.595784187668
300340,313.46392527959546
300341,1406.9618725948278
300342,1224.70328377885
300343,577.9357961506589
300344,856.0764319182348
300345,115.38386706203406
300346,597.787908768349
300347,534.1204276275006
300348,233.94631686639053
300349,380.02796548640623
300350,199.04292731085854
300351,1217.1689966499296
300352,1077.72062945558
300353,508.7741079590915
300354,761.7153831047256
300355,210.5169411723253
300356,1447.8929809505971
300357,1257.3223693095142
300358,598.4892878236001
300359,876.351769222579
300360,59.696752345525574
300361,413.67902185324067
300362,376.34988934392953
300363,168.02045507501467
300364,267.52839420139105
300365,125.2596716588033
300366,891.8145045190929
300367,783.9917166948633
300368,350.05205917097175
300369,529.1436126058676
300370,144.177586377693
300371,1039.2267863057123
300372,889.9329337276695
300373,418.0741885108926
300374,619.8131696843715
300375,719.9950404824169
300376,16.580277212345504
300377,23.42574651478556
300378,2.7210611749670965
300379,23.01764795831625
300380,42.29910857884218
300381,19.139806350690076
300382,39.500814353310005
300383,-18.688787049336376
300384,29.99371817608687
300385,-13.94964015703464
300386,31.128763832918626
300387,53.25663041493109
300388,0.04496276657469743
300389,35.414348528144565
300390,142.5377853946163
300391,983.5798068636876
300392,882.3369268577977
300393,404.03430111029627
300394,606.7097171581139
300395,306.2006891326632
300396,1963.627259054836
300397,1761.3029015724055
300398,814.2615831570939
300399,1260.9686218021416
300400,359.6716695985894
300401,2336.937709481122
300402,2036.105078971912
300403,944.2053631360675
300404,1483.7904424560613
300405,132.69119312789238
300406,786.3790101358644
300407,679.8563525355198
300408,334.11447787221744
300409,515.3418235157852
300410,260.60940013788775
300411,1586.7907763799362
300412,1403.9726887477032
300413,692.5707841945836
300414,984.9466504383228
300415,288.0719203849389
300416,1870.1357435361801
300417,1654.9988991791072
300418,778.0073322884766
300419,1163.2612392071612
300420,742.5487733778958
300421,589.0700171156902
300422,526.691280376399
300423,221.60427024540317
300424,367.16549401399027
300425,621.0904556609912
300426,1189.161735661847
300427,1047.3952332968179
300428,487.376354673437
300429,740.595784187668
300430,313.46392527959546
300431,1406.9618725948278
300432,1224.70328377885
300433,577.9357961506589
300434,856.0764319182348
300435,115.38386706203406
300436,597.787908768349
300437,534.1204276275006
300438,233.94631686639053
300439,380.02796548640623
300440,199.04292731085854
300441,1217.1689966499296
300442,1077.72062945558
300443,508.7741079590915
300444,761.7153831047256
300445,210.5169411723253
300446,1447.8929809505971
300447,1257.3223693095142
300448,598.4892878236001
300449,876.351769222579
300450,59.696752345525574
300451,413.67902185324067
300452,376.34988934392953
300453,168.02045507501467
300454,267.52839420139105
300455,125.2596716588033
300456,891.8145045190929
300457,783.9917166948633
300458,350.05205917097175
300459,529.1436126058676
300460,144.177586377693
300461,1039.2267863057123
300462,889.9329337276695
300463,418.0741885108926
300464,619.8131696843715
300465,719.9950404824169
300466,16.580277212345504
300467,23.42574651478556
300468,2.7210611749670965
300469,23.01764795831625
300470,42.29910857884218
300471,19.139806350690076
300472,39.500814353310005
300473,-18.688787049336376
300474,29.99371817608687
300475,-13.94964015703464
300476,31.128763832918626
300477,53.25663041493109
300478,0.04496276657469743
300479,35.414348528144565
300480,142.5377853946163
300481,983.5798068636876
300482,882.3369268577977
300483,404.03430111029627
300484,606.7097171581139
300485,306.2006891326632
300486,1963.627259054836
300487,1767.363873336922
300488,814.2615831570939
300489,1260.9686218021416
300490,359.6716695985894
300491,2336.937709481122
300492,2036.105078971912
300493,944.2053631360675
300494,1483.7904424560613
300495,132.69119312789238
300496,786.3790101358644
300497,679.8563525355198
300498,334.11447787221744
300499,515.3418235157852
300500,260.60940013788775
300501,1586.7907763799362
300502,1403.9726887477032
300503,692.5707841945836
300504,984.9466504383228
300505,288.0719203849389
300506,1870.1357435361801
300507,1654.9988991791072
300508,778.0073322884766
300509,1163.2612392071612
300510,741.4858631656957
300511,621.4772942042858
300512,558.2617526554394
300513,243.75684061808556
300514,380.44613752819464
300515,548.6288286511802
300516,1237.3766713841753
300517,1082.2541990278683
300518,521.3412662917577
300519,786.2039319292107
300520,275.46046104735103
300521,1459.5344418086638
300522,1261.2594222299765
300523,597.731862002513
300524,932.7446193336622
300525,109.3367608484207
300526,636.6543037904206
300527,565.0243691897753
300528,255.48037545857392
300529,392.6900972201117
300530,194.16715323998386
300531,1272.4615620862332
300532,1112.5315762503635
300533,542.7390195774123
300534,807.3235308462683
300535,217.9408331836924
300536,1517.9279571254833
300537,1304.215266071449
300538,618.2853536754542
300539,953.0199566380064
300540,64.89006270600238
300541,441.0103048415338
300542,395.7187188724257
300543,182.7428972161178
300544,273.3789094840164
300545,130.73086581292884
300546,929.171623758744
300547,815.0529469443285
300548,378.5481568535351
300549,569.2829464116535
300550,157.58994129611796
300551,1090.6996184857098
300552,932.449416146049
300553,429.33214703652965
300554,684.1683056449046
300555,711.3876004322861
300556,17.940099778342763
300557,24.0062136018818
300558,7.929307914248638
300559,7.965558305436678
300560,58.458770415255046
300561,17.600130266037393
300562,43.79279125040054
300563,-7.148176828425157
300564,30.13175596047612
300565,-0.9259480487924425
300566,33.50117075573878
300567,50.10458025387681
300568,0.06180508497074168
300569,22.449720733502303
300570,152.7620283141184
300571,1026.3696132097416
300572,911.4485267228149
300573,421.82337809645617
300574,637.7279801224411
300575,319.56870605797207
300576,2116.627805537906
300577,1886.3386216348342
300578,865.0566724470672
300579,1334.0233306183234
300580,372.4148282643476
300581,2473.3142431181946
300582,2169.9306057755093
300583,991.8864676440854
300584,1570.2674111675099
300585,145.10871187119713
300586,837.1353012671956
300587,720.4449963790325
300588,354.2289805157038
300589,536.8663537453278
300590,273.1323314024964
300591,1693.9282377719373
300592,1473.5726632865271
300593,740.5903166340037
300594,1040.6457255742494
300595,315.5002530710846
300596,1985.7540551132117
300597,1752.2893612088164
300598,834.032960266636
300599,1237.7372193500096
300600,736.135428864645
300601,651.30005845958
300602,574.1944610161962
300603,254.426731108966
300604,403.3254377606685
300605,449.8482365050618
300606,1326.8319427519173
300607,1163.6730014109548
300608,548.0864077246415
300609,840.6779042499168
300610,269.1639384169068
300611,1567.5384209838483
300612,1364.4418413674375
300613,638.5392644822012
300614,978.6162936300649
300615,118.28282395870721
300616,669.6099402412104
300617,584.725465002756
300618,268.0611631271319
300619,417.4802946302628
300620,200.65417494973124
300621,1362.9306460443445
300622,1195.8078689079969
300623,569.484161010296
300624,861.7975031669744
300625,225.2691729259659
300626,1632.8523337817649
300627,1411.0534399588096
300628,660.8910206304953
300629,1000.689895409762
300630,77.7841006631332
300631,464.7588243987013
300632,417.31288738128484
300633,186.61847479427547
300634,289.46389680376757
300635,145.77427165480097
300636,974.8391085913898
300637,861.6409390526413
300638,385.3753328296739
300639,603.8389532756148
300640,172.83807074373473
300641,1135.0609755994292
300642,976.8378690669924
300643,449.7936083711146
300644,709.6940387962045
300645,698.2073301412698
300646,23.927803105942687
300647,27.20417932351915
300648,2.9858373456102107
300649,15.525115245272456
300650,86.85626904944714
300651,17.018633478350857
300652,44.131801738380986
300653,-20.8602284329178
300654,42.54816619051365
300655,4.498387989362126
300656,34.186669281558466
300657,51.84774134382515
300658,-14.325303010859725
300659,34.19107447220198
300660,158.73506349993195
300661,1071.5177474732848
300662,966.560080319226
300663,439.1568005188415
300664,669.3412685553616
300665,317.34847431106664
300666,2235.0187422781487
300667,1962.2347035570594
300668,916.229587222315
300669,1413.1015457301626
300670,398.2484363702602
300671,2604.6796469661226
300672,2273.795117143037
300673,1081.3546413720446
300674,1687.640885232059
300675,151.05824342402016
300676,879.1490758553921
300677,771.6116286417607
300678,367.29260340146186
300679,564.2098426416208
300680,277.7214877547281
300681,1778.6911382091444
300682,1583.668336890653
300683,764.1879208267934
300684,1092.1486301036293
300685,327.6231067558667
300686,2103.317246591826
300687,1876.6077786594865
300688,875.4056808918676
300689,1307.0152403118323
300690,704.6545587539235
300691,728.9320742200971
300692,639.9984569892988
300693,300.652887238021
300694,462.6939811306873
300695,334.2350957185467
300696,1501.9052252916088
300697,1294.9420066138923
300698,603.9815554557392
300699,902.7954871129984
300700,271.60354682234413
300701,1753.921877263756
300702,1499.2391604701772
300703,720.3991304469341
300704,1074.9962705276098
300705,140.871602445098
300706,746.3656774717722
300707,652.2347482734183
300708,314.4841128828367
300709,477.0456316269315
300710,209.85647111994595
300711,1530.1911284309806
300712,1324.8946864697577
300713,625.8372414228511
300714,924.3730187115134
300715,234.6075597025014
300716,1803.7207289443497
300717,1543.6685714203727
300718,743.2088192766855
300719,1097.5278049887647
300720,97.22075863693318
300721,528.8529183753966
300722,469.9321254605149
300723,203.2589172204841
300724,318.77792151498943
300725,156.86983640936344
300726,1058.232052249877
300727,931.3580229001648
300728,418.94420675209943
300729,648.5793818458383
300730,180.96408516451706
300731,1259.0126174507682
300732,1092.7476829510053
300733,525.8537164149358
300734,797.9395832686725
300735,724.212297089699
300736,24.66290798322396
300737,32.59536264123895
300738,5.516641090738491
300739,15.776741996322158
300740,7.690747547367413
300741,24.044405772178305
300742,53.488834969509966
300743,-16.4934290231488
300744,49.98627360348541
300745,3.3263806813103685
300746,43.30599323316886
300747,67.70982793452046
300748,-7.154946156617182
300749,45.4466211104967
300750,173.5900433609593
300751,1189.3985981788571
300752,1065.7754773856768
300753,490.06338685516926
300754,740.957694906549
300755,370.8871234792373
300756,2457.923452578044
300757,2114.379300983071
300758,1007.8927155904134
300759,1521.6084537982792
300760,413.0446597705355
300761,2940.341373795418
300762,2549.1894164639857
300763,1203.5847778577038
300764,1800.7280723566273
300765,160.77691622937996
300766,973.8015632722974
300767,844.175371900324
300768,393.16741264600614
300769,614.6772316498018
300770,322.21928113541844
300771,1941.8554288188961
300772,1743.1439182392498
300773,845.3353395560403
300774,1192.9829266305428
300775,346.84380524003353
300776,2306.902217918988
300777,2025.3245752928058
300778,991.7317211426619
300779,1417.8552172207105
300780,742.2774278165889
300781,589.4024946227644
300782,528.3107088113145
300783,221.50884205317186
300784,369.60202195804857
300785,621.4229331680654
300786,1189.4942131689209
300787,1049.0146617317332
300788,485.56483839214684
300789,744.9262989518991
300790,318.09625539115774
300791,1407.2943501019017
300792,1226.3227122137653
300793,576.1242798693688
300794,860.4069466824659
300795,115.71634456910822
300796,598.1203862754231
300797,535.739856062416
300798,233.85088867415922
300799,382.46449343046453
300800,199.37540481793275
300801,1217.5014741570035
300802,1079.3400578904952
300803,506.96259167780136
300804,766.0458978689567
300805,210.84941867939952
300806,1448.225458457671
300807,1258.9417977444296
300808,596.67777154231
300809,880.6822839868101
300810,60.02922985259977
300811,414.0114993603148
300812,377.969317778845
300813,167.92502688278336
300814,269.96492214544935
300815,125.5921491658775
300816,892.146982026167
300817,785.6111451297787
300818,348.2405428896816
300819,533.4741273700987
300820,144.51006388476722
300821,1039.5592638127862
300822,891.5523621625849
300823,416.26267222960246
300824,624.1436844486026
300825,719.3100174000546
300826,16.69394118825822
300827,24.82636141853956
300828,3.2050493464944863
300829,24.843393623896393
300830,58.97709930767306
300831,19.25347032660279
300832,40.90142925706401
300833,-19.920886966867748
300834,31.819463841667016
300835,-8.426492230568618
300836,31.242427808831337
300837,54.6572453186851
300838,-1.1871371509566682
300839,37.24009419372471
300840,142.65144937052904
300841,983.6934708396003
300842,885.6366919410477
300843,403.4652165581462
300844,607.4823901000165
300845,306.31435310857586
300846,1963.7409230307485
300847,1770.663638420172
300848,811.976410515885
300849,1270.2676483906735
300850,359.7853335745021
300851,2337.051373457035
300852,2039.404844055162
300853,941.9201904948586
300854,1493.0894690445932
300855,132.80485710380512
300856,786.4926741117771
300857,687.5138129905954
300858,333.5453933200674
300859,516.114496457688
300860,260.72306411380043
300861,1586.9044403558487
300862,1411.6301492027787
300863,690.2856115533747
300864,985.7193233802253
300865,288.1855843608516
300866,1870.2494075120926
300867,1662.6563596341828
300868,775.7221596472677
300869,1164.0339121490638
300870,743.4759116008861
300871,590.6009784070617
300872,529.5091925956117
300873,222.70732583746886
300874,374.31718813917746
300875,625.5290568889703
300876,1190.301664430453
300877,1050.2131455160302
300878,486.7633221764439
300879,749.6414651330281
300880,330.1234015104558
300881,1408.1018013634339
300882,1227.5211959980622
300883,577.322763653666
300884,865.1221128635949
300885,116.91482835340521
300886,599.3188700597203
300887,536.9383398467132
300888,235.04937245845622
300889,387.1796596115934
300890,200.57388860222977
300891,1218.3089254185356
300892,1080.5385416747922
300893,508.16107546209844
300894,770.7610640500857
300895,212.04790246369652
300896,1449.0329097192032
300897,1260.1402815287265
300898,597.8762553266072
300899,885.3974501679392
300900,61.22771363689679
300901,415.2099831446119
300902,379.16780156314206
300903,169.12351066708035
300904,274.68008832657824
300905,126.79063295017447
300906,892.9544332876994
300907,786.8096289140759
300908,349.4390266739787
300909,538.1892935512277
300910,145.70854766906422
300911,1040.3667150743183
300912,892.7508459468821
300913,417.46115601389954
300914,628.8588506297316
300915,722.8968410140671
300916,17.563433840656742
300917,25.695854070938086
300918,4.074541998893011
300919,29.22956867312671
300920,76.29381498746268
300921,19.731930456236483
300922,41.770921909462544
300923,-19.051394314469206
300924,36.205638890897355
300925,-4.839668616556277
300926,31.720887938465037
300927,55.52673797108362
300928,-0.31764449855814353
300929,41.62626924295503
300930,141.94417030568323
300931,982.9861917747545
300932,884.9294128762022
300933,402.7579374933005
300934,610.2917934320027
300935,305.60707404373017
300936,1962.6426114431379
300937,1769.9563593553262
300938,811.2691314510395
300939,1273.0770517226592
300940,359.0780545096564
300941,2335.9530618694243
300942,2038.697564990316
300943,941.212911430013
300944,1495.898872376579
300945,131.27150711293456
300946,786.3380291510418
300947,687.3591680298601
300948,330.3935066555503
300949,516.4792921900029
300950,259.1897141229299
300951,1586.3587628723485
300952,1411.4755042420434
300953,687.1337248888577
300954,986.0841191125402
300955,286.6522343699811
300956,1869.7037300285924
300957,1662.5017146734474
300958,772.5702729827508
300959,1164.398707881378
300960,744.3897757644542
300961,592.2022767786351
300962,528.5322827629574
300963,221.85657407601389
300964,375.11258364900175
300965,625.8390979841573
300966,1191.9029628020267
300967,1049.236235683376
300968,485.912570414989
300969,750.4368606428524
300970,318.21256760276145
300971,1409.7030997350075
300972,1226.544286165408
300973,576.472011892211
300974,865.9175083734192
300975,117.22486944859224
300976,600.9201684312937
300977,535.9614300140589
300978,234.19862069700125
300979,387.9750551214177
300980,200.88392969741682
300981,1219.9102237901093
300982,1079.561631842138
300983,507.3103237006435
300984,771.55645955991
300985,212.35794355888356
300986,1450.6342080907768
300987,1259.1633716960723
300988,597.0255035651521
300989,886.1928456777634
300990,61.537754732083826
300991,416.8112815161853
300992,378.1908917304878
300993,168.27275890562538
300994,275.47548383640253
300995,127.1006740453615
300996,894.5557316592729
300997,785.8327190814216
300998,348.58827491252373
300999,538.984689061052
301000,146.01858876425126
301001,1041.968013445892
301002,891.7739361142278
301003,416.6104042524446
301004,629.6542461395559
301005,723.2068821092541
301006,15.876721914478551
301007,24.718944238283843
301008,3.223790237438025
301009,30.024964182950974
301010,87.81895280199691
301011,18.04521853005829
301012,40.794012076808286
301013,-19.902146075924193
301014,37.001034400721615
301015,-4.529627521369235
301016,30.034176012286842
301017,54.54982813842937
301018,-1.1683962600131301
301019,42.42166475277929
301020,142.25421140087028
301021,1006.095609891811
301022,882.0533528640518
301023,405.3519037550256
301024,614.5319069650071
301025,305.9171151389172
301026,1985.7520295601948
301027,1767.080299343176
301028,813.8630977127646
301029,1277.3171652556637
301030,359.38809560484344
301031,2359.062479986481
301032,2035.8215049781659
301033,943.8068776917381
301034,1500.1389859095834
301035,131.5815482081216
301036,795.5727188954934
301037,680.1254126458842
301038,330.6019445645513
301039,518.3338773702831
301040,259.49975521811695
301041,1595.5934526168003
301042,1404.2417488580675
301043,687.3421627978586
301044,987.9387042928204
301045,286.96227546516815
301046,1878.9384197730442
301047,1655.2679592894715
301048,772.7787108917516
301049,1166.2532930616583
301050,744.3897757644542
301051,591.5452679182448
301052,528.5322827629574
301053,221.85657407601389
301054,375.11258364900175
301055,625.8390979841573
301056,1191.2459539416363
301057,1049.236235683376
301058,485.912570414989
301059,750.4368606428524
301060,318.21256760276145
301061,1409.0460908746172
301062,1226.544286165408
301063,576.472011892211
301064,865.9175083734192
301065,117.22486944859224
301066,600.2631595709034
301067,535.9614300140589
301068,234.19862069700125
301069,387.9750551214177
301070,200.88392969741682
301071,1219.253214929719
301072,1079.561631842138
301073,507.3103237006435
301074,771.55645955991
301075,212.35794355888356
301076,1449.9771992303865
301077,1259.1633716960723
301078,597.0255035651521
301079,886.1928456777634
301080,61.537754732083826
301081,416.15427265579495
301082,378.1908917304878
301083,168.27275890562538
301084,275.47548383640253
301085,127.1006740453615
301086,893.8987227988825
301087,785.8327190814216
301088,348.58827491252373
301089,538.984689061052
301090,146.01858876425126
301091,1041.3110045855017
301092,891.7739361142278
301093,416.6104042524446
301094,629.6542461395559
301095,723.2068821092541
301096,11.468737414639712
301097,24.718944238283843
301098,3.223790237438025
301099,30.024964182950974
301100,87.81895280199691
301101,13.637234030219451
301102,40.794012076808286
301103,-19.902146075924193
301104,37.001034400721615
301105,-4.529627521369235
301106,25.626191512448
301107,54.54982813842937
301108,-1.1683962600131301
301109,42.42166475277929
301110,142.25421140087028
301111,1009.2600782502884
301112,898.7333129002897
301113,405.3519037550256
301114,614.5319069650071
301115,305.9171151389172
301116,1988.9164979186721
301117,1795.3206154252218
301118,813.8630977127646
301119,1277.3171652556637
301120,359.38809560484344
301121,2362.226948344958
301122,2064.0618210602115
301123,943.8068776917381
301124,1500.1389859095834
301125,130.48588012961534
301126,794.4604844309562
301127,679.1174192121754
301128,327.948558456431
301129,518.065351507756
301130,260.64484739711963
301131,1596.7219784097722
301132,1403.7179995052259
301133,688.4872549768613
301134,989.0837964718231
301135,288.10736764417084
301136,1880.066945566016
301137,1654.7442099366299
301138,773.9238030707544
301139,1167.3983852406611
301140,752.133334231191
301141,633.1821915238415
301142,570.118504180972
301143,247.13781467555248
301144,399.3427610717108
301145,592.7839184901367
301146,1249.0815687037311
301147,1094.1109505534012
301148,518.6450217770953
301149,828.2409322223192
301150,316.19356470468153
301151,1472.4745474946485
301152,1274.3513821219383
301153,596.2708258542795
301154,964.8817516861172
301155,111.72777134151454
301156,652.501970030026
301157,581.0238896353575
301158,258.0772204763509
301159,410.80259172393784
301160,193.13492411205323
301161,1288.3092283258388
301162,1128.5310966959462
301163,539.2586460230599
301164,848.5764020996869
301165,219.31657847029263
301166,1539.8640922868929
301167,1326.3032554388355
301168,616.0401884875307
301169,984.3729599507716
301170,65.03367858873494
301171,457.1018173498596
301172,411.96208558672845
301173,185.58358850261538
301174,291.7352502565632
301175,129.94248295371864
301176,945.26313626707
301177,831.2963136586313
301178,375.3116295679032
301179,604.674369372831
301180,160.7169597134173
301181,1110.7030027741166
301182,952.6046546404327
301183,427.3308281173267
301184,711.9336391801912
301185,710.975809874268
301186,34.07369146973248
301187,40.29165949924847
301188,13.634340041854804
301189,6.234450781452935
301190,46.26837321097613
301191,34.50566284171031
301192,60.85017803205038
301193,10.482001915344291
301194,41.52190734821248
301195,0.5239487122453428
301196,49.09965864534147
301197,65.85492234945643
301198,18.71800564058719
301199,25.800566767986478
301200,183.12738101500122
301201,1077.4488726663833
301202,961.8617235220476
301203,447.9237979356444
301204,682.537330555926
301205,351.67250076998545
301206,2169.13291632802
301207,1925.610313440773
301208,876.5715221204977
301209,1413.9831919805338
301210,401.77855777367023
301211,2526.010325960938
301212,2215.4542413985937
301213,997.3973630907094
301214,1660.6175517323838
301215,139.31017968215917
301216,852.3733542843418
301217,721.5261338273086
301218,336.67379998709333
301219,542.0946740892276
301220,259.0103596465453
301221,1700.5120332785275
301222,1467.90359817109
301223,700.009113228058
301224,1064.2608990503538
301225,298.63821611244276
301226,1992.5288226724317
301227,1746.811268146009
301228,791.9717719738118
301229,1272.021665243729
301230,749.7497764760043
301231,662.129073519626
301232,590.44899523325
301233,256.07965832557124
301234,426.3222626613749
301235,520.1705961925547
301236,1339.1949932076043
301237,1179.9275356280089
301238,543.6621163691175
301239,883.2683865043642
301240,299.4307107755571
301241,1579.6026444103234
301242,1381.9315839509204
301243,635.3501814931063
301244,1011.306907943859
301245,116.0101988655356
301246,684.5817242213061
301247,605.1227681398594
301248,268.92996130404714
301249,439.6929904912792
301250,199.09773192033228
301251,1379.4364654200813
301252,1216.2051720451007
301253,564.2757406150821
301254,903.6038563817319
301255,227.0637962146969
301256,1653.9125866836648
301257,1437.5392120177173
301258,656.9178086017105
301259,1032.5963806838663
301260,73.26408095959997
301261,479.97445464751735
301262,437.9540367871087
301263,187.73111923991166
301264,311.9204389335046
301265,144.46167489412258
301266,991.588774235847
301267,882.2820884584654
301268,380.4107587031806
301269,639.7838581981314
301270,172.68982253412045
301271,1154.1884776283264
301272,1001.3908902528974
301273,446.06424261105025
301274,738.0128542928301
301275,701.5558710854883
301276,39.40432606898417
301277,48.10622144356838
301278,6.383406268596246
301279,10.81193531516193
301280,84.47182168559549
301281,34.80113272131643
301282,65.80578474271339
301283,-5.537512893768467
301284,43.72653987643211
301285,2.666227249271341
301286,49.128088442812924
301287,72.21467966208728
301288,2.023434340136586
301289,27.330142804868284
301290,186.10953505883046
301291,1121.9399382015783
301292,1021.5898733411414
301293,462.9497571534095
301294,720.0695254954821
301295,349.1468686527732
301296,2288.400819735555
301297,2006.122991585681
301298,925.4369736911253
301299,1499.9524970651269
301300,424.62128473759856
301301,2656.7186610805174
301302,2323.9353489888035
301303,1084.5580736140487
301304,1784.8821157696868
301305,142.26883009299786
301306,893.73006014419
301307,777.3093623127195
301308,347.4299596682312
301309,573.7327171515287
301310,258.40241200382746
301311,1781.2601967583844
301312,1577.7241643732557
301313,716.4075505915848
301314,1116.1388375872177
301315,302.8784850305978
301316,2104.5432417980533
301317,1870.854578194719
301318,826.1453257697805
301319,1341.6747202130352
301320,718.2398962675568
301321,722.1444491216778
301322,638.6363510478873
301323,293.5330126145432
301324,476.91800419131073
301325,394.8362420676881
301326,1496.65163558883
301327,1293.5799006724806
301328,590.7844622601325
301329,935.2610507323077
301330,301.8413090832682
301331,1748.3694605317653
301332,1499.1122628951944
301333,708.4372456177564
301334,1097.561966206266
301335,133.61478567019748
301336,743.7208212934025
301337,655.0154112520564
301338,306.580109219669
301339,490.4855256478649
301340,203.31583640881817
301341,1529.0803076482516
301342,1327.6753494483958
301343,611.8560191875545
301344,956.0544532911327
301345,231.41799130950358
301346,1807.164341687784
301347,1552.5377033208147
301348,730.4628054078179
301349,1119.309371627731
301350,87.71654725167117
301351,526.4519084657476
301352,472.9566347078733
301353,195.59875982603725
301354,332.4616618046435
301355,150.5730479669563
301356,1057.3650777358685
301357,934.3825321475235
301358,405.20683078552315
301359,674.3993681332166
301360,175.83164527317396
301361,1260.5234793211996
301362,1099.6840639784446
301363,513.3515488147887
301364,816.1334801301599
301365,722.5766463521887
301366,22.522790787799995
301367,35.880764602822744
301368,0.1414081736415469
301369,2.290760226128659
301370,15.273840377245362
301371,23.43832397239525
301372,56.774236931093746
301373,-10.715456208365692
301374,40.26778776998228
301375,-3.489971740509197
301376,40.63077223595791
301377,70.46012609431729
301378,0.42098935429613615
301379,28.46077080802459
301380,165.47540076978234
301381,1201.4990312240216
301382,1082.4835127244637
301383,475.3283070462472
301384,753.1579154031795
301385,367.19640367086845
301386,2472.9837723523215
301387,2126.0068030930793
301388,978.5720656157334
301389,1568.5792518946976
301390,403.9283939877984
301391,2954.058630226684
301392,2561.0078906266235
301393,1168.2601736562174
301394,1870.7807789826625
301395,148.76511248431532
301396,972.5277086703164
301397,834.0182666805039
301398,366.29376834037896
301399,617.1891055873134
301400,299.6778149704755
301401,1928.5696484773568
301402,1721.344906831073
301403,790.5439687484353
301404,1208.6100167466795
301405,318.87679310072235
301406,2292.2733742344362
301407,2003.7165359372589
301408,935.4603654481784
301409,1444.1515797544616
301410,750.5681660477351
301411,580.7107152021081
301412,519.770783596635
301413,217.77047692765612
301414,378.63528109554915
301415,651.2798317086002
301416,1180.8024337482639
301417,1040.4747365170533
301418,473.96000552709944
301419,775.2059480188194
301420,376.59594641322525
301421,1399.8377790476736
301422,1219.0179953655143
301423,565.7546553707506
301424,880.7867278087328
301425,113.28125962486055
301426,593.5713757748165
301427,531.3426997677863
301428,229.32839450895355
301429,390.71362352827515
301430,191.71203504297603
301431,1212.9524636563963
301432,1074.9429015958651
301433,494.57362977306445
301434,795.5414178961871
301435,204.72240511500613
301436,1444.9116563234927
301437,1255.7798498162283
301438,585.5240180040018
301439,900.2779360733872
301440,55.346750297990575
301441,409.7063351284284
301442,373.8160077529355
301443,163.64637898629832
301444,278.45789851198055
301445,118.17262565964121
301446,887.841817794281
301447,781.4578351038696
301448,336.09542725366464
301449,557.1081991050881
301450,140.13432345107296
301451,1036.4893079473284
301452,888.6342605031048
301453,405.35276496001444
301454,640.151666757701
301455,711.297250051272
301456,12.649669670597158
301457,20.933944106855442
301458,-4.10661884142956
301459,14.40855534700265
301460,16.179729561811154
301461,15.981139693224936
301462,37.78095282966311
301463,-17.09665770603105
301464,34.50588447649335
301465,-5.150951982270184
301466,26.66305248938326
301467,50.22972420521398
301468,2.663113921726991
301469,31.887209475298828
301470,138.31121587354747
301471,979.8503296942314
301472,875.5708868185598
301473,392.593876858062
301474,614.1778532247454
301475,301.90751641304064
301476,1961.3236332188521
301477,1749.4563283043892
301478,792.9539586470535
301479,1312.113622444127
301480,354.4434768859604
301481,2334.825055697769
301482,2024.4494777565255
301483,916.893784399221
301484,1530.1661539037714
301485,125.1973622718232
301486,779.7049500818333
301487,661.0125720720712
301488,311.915076807105
301489,514.7944110176768
301490,242.98708450522102
301491,1571.462458815348
301492,1378.3787057205402
301493,652.0637301600872
301494,1002.7860910724178
301495,269.51458475926586
301496,1854.9983980242218
301497,1629.595888204574
301498,736.0202933671019
301499,1176.6103838619317
301500,748.8089494264664
301501,582.1445630621785
301502,518.7017730319951
301503,218.80463059377786
301504,380.3861904229884
301505,629.1757009016221
301506,1182.1912997964625
301507,1039.3607441405416
301508,474.57820629963584
301509,777.1617051248897
301510,382.7577521903498
301511,1401.2266450958723
301512,1217.9040029890025
301513,566.3728561432869
301514,882.7424849148032
301515,112.30617204328173
301516,595.7893526745768
301517,531.0578182428362
301518,231.14667721476522
301519,393.2486618954044
301520,190.16192507749636
301521,1215.125458744285
301522,1074.6130382590434
301523,495.9759595852908
301524,798.2813040419474
301525,203.74731753342726
301526,1447.0846514113814
301527,1255.4499864794066
301528,586.926347816228
301529,903.0178222191474
301530,54.127816447691174
301531,411.6804657594683
301532,373.28727995926505
301533,165.22081542338938
301534,280.7490906103892
301535,116.37866942544098
301536,889.7709666134485
301537,780.8841254983267
301538,337.2539107971704
301539,559.6042389821278
301540,138.9153896007735
301541,1038.4184567664965
301542,888.0605508975619
301543,406.5112485035202
301544,642.6477066347406
301545,710.0783162009726
301546,14.623800301636999
301547,20.40521631318488
301548,-2.5321824043384247
301549,16.699747445411212
301550,11.547769183535141
301551,17.910288512392604
301552,37.207243224120376
301553,-15.938174162525408
301554,37.00192435353314
301555,-6.3698858325695875
301556,28.592201308550948
301557,49.656014599671266
301558,3.8215974652326348
301559,34.383249352338616
301560,138.96233177199656
301561,983.6945100740194
301562,876.9122087736376
301563,398.175248239725
301564,617.3489710071306
301565,299.72033469484063
301566,1963.5047936949293
301567,1749.134630355756
301568,795.9266101319643
301569,1313.2968210019774
301570,355.669321695737
301571,2337.006216173846
301572,2024.1277798078922
301573,919.8664358841318
301574,1531.3493524616217
301575,125.82628831898285
301576,783.5269406103321
301577,662.3317041758596
301578,317.47425833747843
301579,517.9433389487725
301580,240.77771293573133
301581,1573.8941693218126
301582,1378.3075578022942
301583,655.2869316753854
301584,1004.2198396606551
301585,270.71823971775285
301586,1857.4301085306863
301587,1629.524740286328
301588,739.2434948824001
301589,1178.0441324501694
301590,749.7228135900344
301591,582.4546041573655
301592,517.7248631993408
301593,218.74434749335023
301594,380.3259073225608
301595,629.4857419968091
301596,1182.5013408916498
301597,1038.3838343078874
301598,474.5179231992082
301599,777.1014220244621
301600,370.84691828265545
301601,1401.5366861910595
301602,1216.9270931563483
301603,566.3125730428592
301604,882.6822018143755
301605,112.61621313846877
301606,596.0993937697638
301607,530.0809084101819
301608,231.0863941143376
301609,393.18837879497676
301610,190.4719661726834
301611,1215.4354998394722
301612,1073.6361284263892
301613,495.9156764848632
301614,798.2210209415197
301615,204.0573586286143
301616,1447.3946925065686
301617,1254.4730766467524
301618,586.8660647158003
301619,902.9575391187198
301620,54.43785754287821
301621,411.99050685465534
301622,372.3103701266108
301623,165.16053232296176
301624,280.6888075099616
301625,116.688710520628
301626,890.0810077086355
301627,779.9072156656724
301628,337.1936276967428
301629,559.5439558817001
301630,139.22543069596054
301631,1038.7284978616838
301632,887.0836410649076
301633,406.4509654030926
301634,642.587423534313
301635,710.3883572961596
301636,14.933841396824041
301637,19.428306480530637
301638,-2.5924655047660585
301639,16.63946434498358
301640,11.857810278722184
301641,18.220329607579647
301642,36.23033339146612
301643,-15.998457262953043
301644,36.9416412531055
301645,-6.059844737382546
301646,28.90224240373799
301647,48.679104767017016
301648,3.761314364805001
301649,34.32296625191098
301650,139.2723728671836
301651,984.0045511692064
301652,879.5927500811977
301653,399.1680378629748
301654,618.3417606303803
301655,300.0303757900277
301656,1962.8694984708343
301657,1754.0619857000293
301658,796.919399755214
301659,1314.2896106252274
301660,355.97936279092403
301661,2336.370920949751
301662,2029.0551351521656
301663,920.8592255073816
301664,1532.3421420848717
301665,126.13632941416988
301666,783.8369817055191
301667,660.6545501115941
301668,318.4670479607282
301669,518.9361285720223
301670,241.08775403091838
301671,1574.2042104169998
301672,1376.630403738029
301673,656.2797212986352
301674,1005.2126292839049
301675,271.0282808129399
301676,1857.7401496258735
301677,1627.8475862220628
301678,740.2362845056499
301679,1179.0369220734194
301680,751.6158855973082
301681,582.984568141004
301682,518.2548271829794
301683,219.2743114769888
301684,380.8558713061994
301685,637.0536937832665
301686,1183.0762866871603
301687,1038.9587801033979
301688,475.4638400764323
301689,777.4265382294694
301690,372.73999028992944
301691,1402.11163198657
301692,1217.5020389518588
301693,567.2584899200832
301694,883.0073180193829
301695,114.5092851457426
301696,596.6293577534024
301697,530.6108723938205
301698,231.61635809797616
301699,393.71834277861535
301700,192.940060563858
301701,1216.0104456349827
301702,1074.2110742218997
301703,496.86159336208726
301704,798.546137146527
301705,205.95043063588813
301706,1447.9696383020791
301707,1255.048022442263
301708,587.8119815930244
301709,903.2826553237271
301710,56.330929550152035
301711,412.52047083829393
301712,372.8403341102494
301713,165.69049630660032
301714,281.2187714936002
301715,119.15680491180267
301716,890.6559535041463
301717,780.4821614611832
301718,338.1395445739669
301719,559.8690720867074
301720,141.11850270323436
301721,1039.3034436571943
301722,887.6585868604184
301723,407.3968822803167
301724,642.9125397393203
301725,712.2814293034334
301726,15.463805380462587
301727,19.958270464169182
301728,-2.0625015211275137
301729,17.169428328622136
301730,8.169321373941944
301731,18.795275403090365
301732,36.80527918697683
301733,-15.052540385729008
301734,37.26675745811282
301735,-4.166772730108725
301736,29.477188199248694
301737,49.254050562527716
301738,4.7072312420290325
301739,34.64808245691831
301740,141.16544487445742
301741,984.5345151528453
301742,880.1227140648363
301743,399.6980018466134
301744,618.871724614019
301745,305.3364743252782
301746,1965.6372112695115
301747,1756.8296984987064
301748,800.0580836356046
301749,1316.8074938334012
301750,357.87243479819796
301751,2339.138633748428
301752,2031.8228479508427
301753,923.9979093877721
301754,1534.8600252930455
301755,128.02940142144365
301756,784.3669456891577
301757,661.1845140952327
301758,318.9970119443668
301759,519.4660925556609
301760,246.3938525661688
301761,1576.699183334
301762,1379.1253766550292
301763,659.1456652973488
301764,1007.4577726104019
301765,272.9213528202138
301766,1860.2351225428738
301767,1630.342559139063
301768,743.1022285043636
301769,1181.2820653999163
301770,745.8548625013318
301771,614.9681401585
301772,549.4015943909201
301773,238.5009950510939
301774,391.42269710856993
301775,571.8354123537517
301776,1230.867517338389
301777,1073.3940407633486
301778,510.00820215263695
301779,820.3208682591785
301780,309.9150929748223
301781,1454.2604961293064
301782,1253.6344723318857
301783,587.6340062298215
301784,956.9616877229765
301785,106.23342865134505
301786,635.0720477043743
301787,561.0911088849955
301788,250.2245298915823
301789,403.6666568004869
301790,187.64058142188358
301791,1270.8793060001867
301792,1108.5983159455836
301793,531.4059554382916
301794,841.4404671762361
301795,213.82223578012298
301796,1522.4341699612407
301797,1306.370474688473
301798,608.1874979027626
301799,977.2370250273208
301800,59.29548962984483
301801,439.42804875548734
301802,391.78545856764583
301803,177.48705164912622
301804,284.3554690643917
301805,124.2042939948284
301806,927.5893676726977
301807,811.1196866395487
301808,367.2150927144143
301809,597.2945881806596
301810,154.97877075452706
301811,1093.029234179744
301812,932.4280276213501
301813,419.2342912638378
301814,704.5538579880198
301815,705.237620915378
301816,16.399922875360083
301817,20.115032480165667
301818,5.537803188365747
301819,-1.145330410718705
301820,40.53018425208607
301821,16.83189424733794
301822,40.67355101296759
301823,2.3854650618552293
301824,34.142126156040845
301825,-5.2142402466447955
301826,31.42589005096908
301827,45.67829533037369
301828,10.621468787098133
301829,18.420785575814836
301830,149.16093751317544
301831,1031.5468495290752
301832,913.4568419600294
301833,413.7358917350432
301834,645.9391707560472
301835,318.28078617948734
301836,2122.860285782758
301837,1880.0269748267947
301838,842.3836159198964
301839,1377.3850321806544
301840,368.3868431831721
301841,2479.737695415676
301842,2169.870902784616
301843,963.2094568901082
301844,1624.019391932505
301845,138.2181698839643
301846,839.3457648506648
301847,705.9956859689213
301848,335.360327490123
301849,538.3709479929797
301850,258.49307875967804
301851,1688.0591727561773
301852,1452.9478792240293
301853,698.6956407310877
301854,1060.5371729541057
301855,298.1209352255755
301856,1980.0759621500815
301857,1731.8555491989484
301858,790.6582994768414
301859,1268.2979391474805
301860,742.6197537992301
301861,642.7086589859667
301862,564.7860927194905
301863,246.37666354784807
301864,418.71407337623344
301865,498.37053910925476
301866,1319.7745786739447
301867,1154.264633114249
301868,533.9591215913944
301869,876.7553903415507
301870,292.30068809878276
301871,1560.1822298766638
301872,1356.2686814371605
301873,625.6471867153832
301874,1007.0676902958078
301875,109.66430522845103
301876,665.9454387273369
301877,580.2439946657898
301878,260.01109556601403
301879,432.8689302458277
301880,192.75183828324768
301881,1360.8001799261117
301882,1191.3263985710307
301883,555.3568748770489
301884,897.8749892586083
301885,220.7179025776123
301886,1635.2763011896952
301887,1412.6604385436474
301888,647.9989428636773
301889,1029.1412920755051
301890,66.67434105379492
301891,461.0943228848275
301892,412.8314170443185
301893,178.5684072331577
301894,304.85253241933253
301895,137.8719349883174
301896,972.7086424731572
301897,857.1594687156752
301898,371.2480466964269
301899,634.2162966253545
301900,166.10008262831525
301901,1135.3083458656363
301902,976.2682705101072
301903,436.90153060429657
301904,732.4452927200532
301905,694.9661311796834
301906,20.524194306294195
301907,22.98360170077809
301908,-0.719382572144931
301909,3.7440288009896903
301910,77.88208177979044
301911,15.921000958626468
301912,40.68316499992312
301913,-12.640301734509661
301914,35.57598068997858
301915,-3.923512656533733
301916,30.247956680122954
301917,47.0920599192971
301918,-5.07935450060459
301919,19.179583618414753
301920,150.55803113050032
301921,1069.4518093150875
301922,962.8592564745506
301923,427.36528758933247
301924,683.7832403736028
301925,314.1700936357707
301926,2235.54208344111
301927,1950.2139176671299
301928,889.8525041270482
301929,1466.2062304121168
301930,388.9184338661788
301931,2603.133848931656
301932,2267.3001992158365
301933,1049.9184851350633
301934,1752.080730201769
301935,139.59175986829862
301936,874.1163649613305
301937,751.4531791497596
301938,344.71992380778505
301939,570.3208657332802
301940,256.3000706904558
301941,1762.2212304868515
301942,1552.4427101216224
301943,713.6975147311385
301944,1115.2670046378385
301945,300.05006786280893
301946,2084.7781996721046
301947,1844.8470480886688
301948,824.3801709944257
301949,1341.7477683487482
301950,716.9388072272236
301951,721.1854167011962
301952,631.4348306473054
301953,289.6332201976193
301954,480.4151047196811
301955,378.86511862082926
301956,1495.6926031683486
301957,1286.3783802718988
301958,586.8846698432085
301959,937.3925426821988
301960,300.5402200429351
301961,1747.4104281112839
301962,1491.9107424946126
301963,704.5374532008324
301964,1101.9672366709192
301965,133.0978256695541
301966,743.5459179126109
301967,648.5980198911644
301968,303.46444584243505
301969,494.76675521592523
301970,202.7988764081748
301971,1528.9054042674602
301972,1321.257958087504
301973,608.7403558103204
301974,958.9700742807138
301975,230.9010313088602
301976,1806.9894383069925
301977,1546.120311959923
301978,727.3471420305838
301979,1124.4987711320741
301980,86.95574098230729
301981,526.0331588162353
301982,466.295397078261
301983,192.2392501800825
301984,336.49904510398324
301985,149.81224169759233
301986,1056.9463280863565
301987,927.7212945179109
301988,401.84732113956863
301989,677.4762946731445
301990,175.07083900381
301991,1260.1047296716877
301992,1093.0228263488323
301993,509.9920391688336
301994,819.2104066700878
301995,721.8158400828248
301996,22.104041138287858
301997,29.219526973210268
301998,-1.1581783063004816
301999,6.3281435254681995
302000,14.513034107881461
302001,23.01957432288309
302002,50.11299930148128
302003,-12.015042688307704
302004,46.55699481897858
302005,-4.250778009873105
302006,40.21202258644577
302007,63.79888846470486
302008,-0.878597125645876
302009,34.7499778570209
302010,165.89398649235176
302011,1187.8136355214838
302012,1062.5556290418256
302013,475.3022744463765
302014,757.732154698219
302015,367.13447437924714
302016,2457.872525316311
302017,2107.8452184329635
302018,978.5460330158625
302019,1571.3964659745388
302020,403.1403888417599
302021,2938.221307336257
302022,2542.120230112091
302023,1169.1790221414387
302024,1874.5428741475955
302025,149.79140817448254
302026,969.2498278790599
302027,824.497897909147
302028,367.6251335730455
302029,623.1207427148901
302030,300.22359564645194
302031,1924.8112526719092
302032,1711.344023045525
302033,791.8753339811016
302034,1212.7846286590575
302035,318.6964979222816
302036,2287.788902574572
302037,1992.989576297294
302038,937.7366117659362
302039,1449.2710727519313
302040,751.0219014274294
302041,582.7507152932349
302042,519.3079252630515
302043,218.91424612491764
302044,382.3603981710019
302045,642.9003697290527
302046,1182.8424338393913
302047,1040.0118781834703
302048,475.1037747243608
302049,776.9906470795514
302050,383.2928712950249
302051,1401.1299648292681
302052,1217.8073227223983
302053,566.1506102584787
302054,886.2264281998322
302055,114.47192004184943
302056,596.3955049056332
302057,531.6639704738926
302058,231.256292745905
302059,395.2228696434179
302060,192.9026954599648
302061,1215.7765927872138
302062,1075.2641723019722
302063,496.50152801001553
302064,798.110245996609
302065,205.16525122246188
302066,1446.9879711447772
302067,1255.3533062128024
302068,586.7041019314198
302069,906.5017655041764
302070,56.29356444625884
302071,412.286617990525
302072,373.8934321903217
302073,165.33043095452913
302074,282.7232983584027
302075,119.1194398079095
302076,890.4221006563771
302077,781.5352595412553
302078,337.7794792218957
302079,559.8383327558569
302080,140.3333232898081
302081,1038.3217764998924
302082,887.9638706309574
302083,406.28900261871246
302084,644.2630232240747
302085,712.2440641995399
302086,15.22995253269358
302087,21.011368544241478
302088,-0.3626437071860494
302089,16.654591342266066
302090,17.12654371007944
302091,18.561422555321368
302092,37.85837726704915
302093,-13.352682571787538
302094,37.65162742635813
302095,-4.204137834001928
302096,29.243335351479697
302097,50.307148642600026
302098,6.407089055970512
302099,35.03295242516361
302100,140.0308038370865
302101,983.2033863715983
302102,876.4210850712166
302103,397.95447556065386
302104,621.1044535199868
302105,303.1465893623889
302106,1963.2508385627466
302107,1752.0728255795684
302108,798.3145573496447
302109,1315.9310807291154
302110,354.9564739808915
302111,2336.0261851872456
302112,2026.3398991772879
302113,923.1992641869036
302114,1534.9284932738515
302115,126.89476038407278
302116,790.1689117244027
302117,661.8405804734385
302118,317.2534856584072
302119,521.6988214616289
302120,244.20396760327958
302121,1581.4459054437268
302122,1378.7261991077169
302123,657.402139011389
302124,1006.5813595061159
302125,270.00539200290734
302126,1864.2557687981837
302127,1629.2173057373338
302128,742.3035833034951
302129,1181.3505333807218
302130,751.0219014274294
302131,582.7507152932349
302132,519.3079252630515
302133,218.91424612491764
302134,382.3603981710019
302135,663.1637696262928
302136,1182.8424338393913
302137,1040.0118781834703
302138,475.1037747243608
302139,776.9906470795514
302140,390.7651537067407
302141,1400.6812248425906
302142,1217.3585827357208
302143,565.7018702718012
302144,885.7776882131548
302145,114.47192004184943
302146,596.3955049056332
302147,531.6639704738926
302148,231.256292745905
302149,395.2228696434179
302150,192.9026954599648
302151,1215.7765927872138
302152,1075.2641723019722
302153,496.50152801001553
302154,798.110245996609
302155,204.7165112357844
302156,1446.5392311580997
302157,1254.9045662261249
302158,586.2553619447424
302159,906.053025517499
302160,56.29356444625884
302161,412.286617990525
302162,373.8934321903217
302163,165.33043095452913
302164,282.7232983584027
302165,119.1194398079095
302166,890.4221006563771
302167,781.5352595412553
302168,337.7794792218957
302169,559.8383327558569
302170,139.88458330313063
302171,1037.8730365132149
302172,887.51513064428
302173,405.84026263203504
302174,643.8142832373973
302175,712.2440641995399
302176,15.22995253269358
302177,21.011368544241478
302178,-0.3626437071860494
302179,16.654591342266066
302180,27.034150880943233
302181,17.78948167103816
302182,37.08643638276594
302183,-14.124623456070724
302184,36.87968654207492
302185,-4.204137834001928
302186,29.243335351479697
302187,50.307148642600026
302188,6.407089055970512
302189,35.03295242516361
302190,140.0308038370865
302191,983.2033863715983
302192,876.4210850712166
302193,397.95447556065386
302194,621.1044535199868
302195,303.1465893623889
302196,1963.2508385627466
302197,1752.0728255795684
302198,798.3145573496447
302199,1315.9310807291154
302200,354.9564739808915
302201,2336.0261851872456
302202,2026.3398991772879
302203,923.1992641869036
302204,1534.9284932738515
302205,126.89476038407278
302206,790.1689117244027
302207,661.8405804734385
302208,317.2534856584072
302209,521.6988214616289
302210,244.20396760327958
302211,1581.4459054437268
302212,1378.7261991077169
302213,657.402139011389
302214,1006.5813595061159
302215,270.00539200290734
302216,1864.2557687981837
302217,1629.2173057373338
302218,742.3035833034951
302219,1181.3505333807218
302220,751.9357655909974
302221,583.0607563884219
302222,518.3310154303972
302223,218.85396302449
302224,382.3001150705743
302225,663.4738107214798
302226,1183.1524749345785
302227,1039.0349683508161
302228,475.04349162393316
302229,776.9303639791237
302230,378.28056192704094
302231,1400.4175080657724
302232,1215.8079150310612
302233,565.0678292993681
302234,885.1436472407216
302235,114.78196113703646
302236,596.7055460008202
302237,530.6870606412383
302238,231.19600964547737
302239,395.16258654299025
302240,193.21273655515185
302241,1216.086633882401
302242,1074.287262469318
302243,496.4412449095879
302244,798.0499628961813
302245,204.452794458966
302246,1446.2755143812815
302247,1253.3538985214652
302248,585.6213209723093
302249,905.4189845450659
302250,56.60360554144588
302251,412.596659085712
302252,372.9165223576674
302253,165.2701478541015
302254,282.6630152579751
302255,119.42948090309653
302256,890.7321417515641
302257,780.558349708601
302258,337.7191961214681
302259,559.7780496554292
302260,139.62086652631223
302261,1037.6093197363966
302262,885.9644629396203
302263,405.2062216596019
302264,643.1802422649641
302265,712.5541052947269
302266,15.539993627880623
302267,20.034458711587234
302268,-0.42292680761368334
302269,16.594308241838434
302270,27.344191976130276
302271,18.099522766225203
302272,36.10952655011168
302273,-14.184906556498357
302274,36.81940344164728
302275,-3.894096738814888
302276,29.55337644666674
302277,49.330238809945776
302278,6.3468059555428775
302279,34.97266932473597
302280,140.34084493227354
302281,983.5134274667853
302282,879.1016263787766
302283,398.94726518390365
302284,622.0972431432366
302285,303.45663045757595
302286,1963.5608796579338
302287,1754.7533668871288
302288,799.3073469728945
302289,1316.9238703523654
302290,355.2665150760785
302291,2336.3362262824326
302292,2029.0204404848482
302293,924.1920538101534
302294,1535.9212828971015
302295,127.20480147925981
302296,790.4789528195897
302297,660.163426409173
302298,318.246275281657
302299,522.6916110848787
302300,244.51400869846663
302301,1581.755946538914
302302,1377.0490450434515
302303,658.3949286346387
302304,1007.5741491293657
302305,270.3154330980944
302306,1864.565809893371
302307,1627.5401516730685
302308,743.2963729267449
302309,1182.3433230039718
302310,751.9497483257031
302311,583.0747391231275
302312,518.3449981651029
302313,218.8679457591955
302314,382.3140978052797
302315,663.4877934561855
302316,1183.166457669284
302317,1039.0489510855216
302318,475.05747435863873
302319,776.9443467138294
302320,378.8296484635333
302321,1400.9665946022649
302322,1216.3570015675537
302323,565.6169158358607
302324,885.6927337772142
302325,114.79594387174191
302326,596.7195287355258
302327,530.701043375944
302328,231.20999238018285
302329,395.17656927769565
302330,193.22671928985736
302331,1216.1006166171064
302332,1074.3012452040234
302333,496.4552276442935
302334,798.063945630887
302335,205.00188099545844
302336,1446.824600917774
302337,1253.9029850579577
302338,586.1704075088019
302339,905.9680710815585
302340,56.617588276151366
302341,412.6106418204174
302342,372.9305050923728
302343,165.284130588807
302344,282.67699799268047
302345,119.44346363780213
302346,890.7461244862698
302347,780.5723324433067
302348,337.7331788561735
302349,559.7920323901349
302350,140.16995306280467
302351,1038.1584062728891
302352,886.5135494761129
302353,405.75530819609435
302354,643.7293288014567
302355,715.8175985060357
302356,17.04569913208318
302357,21.540164215789787
302358,1.0827786965888746
302359,18.100013746041004
302360,16.357987335261303
302361,19.605228270427755
302362,37.615232054314234
302363,-12.679201052295818
302364,38.325108945849834
302365,-5.350610137866277
302366,31.594185752656287
302367,51.37104811593531
302368,8.387615261532407
302369,37.01347863072549
302370,140.87264624891338
302371,984.0452287834254
302372,879.6334276954167
302373,399.47906650054335
302374,622.6290444598767
302375,303.9884317742157
302376,1964.0926809745736
302377,1755.2851682037685
302378,799.8391482895346
302379,1317.4556716690051
302380,356.3334201945053
302381,2337.4031314008603
302382,2030.087345603275
302383,925.2589589285805
302384,1536.9881880155283
302385,127.73660279589961
302386,791.0107541362298
302387,660.6952277258131
302388,318.77807659829676
302389,523.2234124015187
302390,245.04581001510647
302391,1582.2877478555538
302392,1377.5808463600913
302393,658.9267299512788
302394,1008.1059504460057
302395,271.3823382165212
302396,1865.6327150117977
302397,1628.6070567914953
302398,744.3632780451719
302399,1183.4102281223986
302400,746.1887252297267
302401,615.0583111406235
302402,549.4917653730436
302403,238.09462933330065
302404,392.88092360765023
302405,598.2695120266707
302406,1230.9576883205127
302407,1073.4842117454723
302408,509.6018364348436
302409,819.8386767435385
302410,316.0047511484262
302411,1453.1154587450012
302412,1252.4894349475805
302413,585.992432145599
302414,959.6471034808079
302415,106.52008737734445
302416,635.1622186864978
302417,561.181279867119
302418,249.818164173789
302419,405.1248832995672
302420,187.92724014788288
302421,1270.9694769823104
302422,1108.6884869277073
302423,530.9995897204982
302424,840.9582756605961
302425,210.19702272604147
302426,1516.4358720215605
302427,1300.3721767487928
302428,606.5459238185401
302429,979.9224407851522
302430,59.58214835584415
302431,439.5182197376108
302432,391.87562954976926
302433,177.08068593133288
302434,285.813695563472
302435,124.49095272082786
302436,927.6795386548212
302437,811.2098576216722
302438,366.8087269966209
302439,597.217548484087
302440,151.35355770044555
302441,1089.207533381787
302442,928.6063268233927
302443,417.5927171796155
302444,705.3706470501562
302445,708.7737901179803
302446,17.981816626980685
302447,21.69692623178627
302448,8.683083406082144
302449,-0.2147449932998374
302450,50.90475507593425
302451,17.641847114675315
302452,41.483503880304994
302453,4.758804395288425
302454,35.20047764377787
302455,-6.398077654402344
302456,33.54288760437667
302457,47.79529288378127
302458,14.3018528066015
302459,20.786181749622024
302460,148.8681388876314
302461,1026.4113300583795
302462,908.3213224893342
302463,413.51695638897314
302464,649.696490601905
302465,316.9327436284249
302466,2116.6695223865445
302467,1873.836211430581
302468,842.1646805738264
302469,1378.0332100162584
302470,366.8478285794795
302471,2473.355959966833
302472,2163.489167335773
302473,964.4705064309169
302474,1626.1475546549873
302475,137.92537125842026
302476,841.3433401964613
302477,700.8601664982261
302478,335.14139214405293
302479,542.1282678388375
302480,257.1450362086156
302481,1689.0015041764552
302482,1446.7571158278156
302483,698.4767053850176
302484,1061.1853507897097
302485,296.5819206218829
302486,1980.8273215177296
302487,1725.473813750105
302488,791.9193490176499
302489,1270.4261018699633
302490,745.0005966805504
302491,640.9804265065858
302492,565.4088644588429
302493,248.86408067879452
302494,420.8217644237924
302495,508.1492077506275
302496,1318.0463461945637
302497,1154.8874048536013
302498,536.4465387223413
302499,872.5793691159026
302500,293.446322613674
302501,1557.218789030854
302502,1355.656244810084
302503,626.899395479901
302504,1003.7854978288688
302505,110.03330827544852
302506,664.2172062479558
302507,580.8667664051422
302508,262.49851269696063
302509,434.97662129338664
302510,193.12084133024518
302511,1359.0719474467307
302512,1191.9491703103831
302513,557.8442920079958
302514,893.6989680329602
302515,217.17503384452897
302516,1627.4595997885103
302517,1407.1947413611958
302518,649.2511516281951
302519,1025.8590996085663
302520,67.04334410079247
302521,459.36609040544636
302522,413.4541887836708
302523,181.05582436410427
302524,306.9602234668915
302525,138.2409380353149
302526,970.9804099937761
302527,857.7822404550276
302528,373.73546382737345
302529,630.0402753997065
302530,162.5572138952319
302531,1129.6682416061747
302532,972.9791704693787
302533,438.1537393688142
302534,729.1631002531142
302535,698.9019982960657
302536,20.6050381891918
302537,25.41544980240915
302538,3.5771109210803522
302539,5.6414323596688485
302540,91.51457035948411
302541,15.229903957240863
302542,42.34307221727097
302543,-9.115749125567566
302544,41.01267457511078
302545,-4.70765215051148
302546,30.863904364807546
302547,50.059011822715135
302548,-0.24775720559234624
302549,25.923322189617114
302550,151.39843989832548
302551,1068.1949825565341
302552,963.9534339347309
302553,430.687876894995
302554,688.507378360721
302555,313.95525847807744
302556,2233.230012757039
302557,1950.2528512017918
302558,893.175093432711
302559,1459.4081907421555
302560,389.2387025102726
302561,2601.3568820493715
302562,2267.8742365522858
302563,1053.7761782425132
302564,1745.8177943335947
302565,140.43216863612378
302566,879.9926330192691
302567,752.5473566099399
302568,348.04251311344757
302569,575.0450037203984
302570,256.08523553276257
302571,1767.0422546192717
302572,1552.4816436562844
302573,717.0201040368013
302574,1108.4689649678771
302575,300.37033650690273
302576,2090.134327606312
302577,1845.4210854251178
302578,828.2378641018755
302579,1335.484832480574
302580,713.519726569829
302581,718.6124422671029
302582,631.2128604319455
302583,295.0902368078497
302584,480.1903077938112
302585,382.843863723487
302586,1493.1196287342552
302587,1286.1564100565388
302588,592.341686453439
302589,934.6969519789843
302590,295.88593101911135
302591,1743.6022453107616
302592,1490.4535639128237
302593,708.7592614446339
302594,1100.1654747264138
302595,132.6220867618392
302596,740.9729434785175
302597,648.3760496758046
302598,308.9214624526654
302599,494.54195829005533
302600,202.3231375004599
302601,1526.3324298333669
302602,1321.035987872144
302603,614.1973724205509
302604,956.2744835774993
302605,226.51342062106445
302606,1798.3279949510952
302607,1539.809872822759
302608,731.5689502743853
302609,1122.6970091875687
302610,86.48000207459245
302611,523.460184382142
302612,466.0734268629009
302613,197.6962667903129
302614,336.27424817811334
302615,149.3365027898774
302616,1054.3733536522632
302617,927.499324302551
302618,407.304337749799
302619,674.78070396993
302620,170.68322831601424
302621,1253.6198834575137
302622,1088.8889843533916
302623,514.2138474126356
302624,817.4086447255822
302625,724.9069652444948
302626,21.340143066473072
302627,30.806633120128943
302628,6.1079146662086305
302629,5.893059110718558
302630,12.349048857404393
302631,22.255676251068305
302632,51.70010544839995
302633,-4.748949715798605
302634,48.45078198808254
302635,-5.879659458563236
302636,39.98322831641797
302637,65.92109841341046
302638,6.9225996486502055
302639,37.178868827911835
302640,166.25341975935282
302641,1186.0758332621065
302642,1063.1688310011816
302643,481.59446323132295
302644,760.1238047119084
302645,367.4939076462481
302646,2456.134723056934
302647,2108.45842039232
302648,984.8382218008097
302649,1567.9150988102724
302650,404.0349259105479
302651,2937.018608878667
302652,2543.2685358732347
302653,1176.0063147281724
302654,1871.5966107851161
302655,150.1508414414836
302656,965.5044929150201
302657,825.1110998685032
302658,373.91732235799185
302659,625.5123927285795
302660,300.5830289134529
302661,1921.0659177078694
302662,1711.9572250048811
302663,798.1675227660481
302664,1209.303261494791
302665,319.5910349910696
302666,2284.5786714123196
302667,1994.137882058437
302668,944.5639043526697
302669,1446.324809389452
302670,753.4869017106074
302671,580.6168980654111
302672,519.5251122539612
302673,218.4483733504781
302674,381.8945253965623
302675,665.6287699094709
302676,1180.7086166115673
302677,1040.2290651743797
302678,474.63790194992134
302679,776.5247743051123
302680,385.27047752130665
302681,1398.5087535445482
302682,1217.5371156564117
302683,565.1973434271436
302684,885.2731613684971
302685,113.41129578033127
302686,594.2616876778094
302687,531.8811574648023
302688,230.79041997146547
302689,394.75699686897826
302690,191.8420711984467
302691,1213.6427755593897
302692,1075.4813592928815
302693,496.0356552355761
302694,797.6443732221699
302695,203.6172329040478
302696,1444.3667598600573
302697,1255.0830991468158
302698,585.7508351000847
302699,905.5484986728413
302700,55.23294018474074
302701,410.1528007627008
302702,374.11061918123096
302703,164.8645581800896
302704,282.2574255839631
302705,118.05881554639149
302706,888.2882834285533
302707,781.752446532165
302708,337.3136064474561
302709,559.3724599814177
302710,138.78530497139403
302711,1035.7005652151724
302712,887.6936635649712
302713,405.33573578737696
302714,643.3097563927396
302715,714.7503040074068
302716,14.905211667148215
302717,23.03763189742956
302718,0.9805598806531418
302719,17.997794930105268
302720,24.285280276662956
302721,17.46474080549279
302722,39.11269973595401
302723,-12.781419868231554
302724,38.222890129914106
302725,-6.417904636495286
302726,29.453698287721323
302727,52.868515797575085
302728,8.285396445596673
302729,36.911259814789766
302730,139.80535175028436
302731,981.9047413184906
302732,877.4734442368423
302733,398.32377496093017
302734,621.4737529202637
302735,302.92113727558666
302736,1961.9521935096386
302737,1753.1251847451938
302738,798.6838567499216
302739,1316.300380129392
302740,355.26612569587627
302741,2335.262643935925
302742,2027.9273621447003
302743,924.1036673889674
302744,1535.832896475915
302745,126.66930829727063
302746,779.7296391501408
302747,662.8929396390643
302748,317.6227850586836
302749,522.0681208619056
302750,243.97851551647744
302751,1571.0066328694647
302752,1379.7785582733422
302753,657.7714384116658
302754,1006.9506589063927
302755,270.31504371789214
302756,1854.3516000257086
302757,1630.8047687047463
302758,743.2079865055589
302759,1182.2549365827854
302760,753.4869017106074
302761,580.6168980654111
302762,519.5251122539612
302763,218.4483733504781
302764,381.8945253965623
302765,665.6287699094709
302766,1180.7086166115673
302767,1040.2290651743797
302768,474.63790194992134
302769,776.5247743051123
302770,393.1914999196999
302771,1398.5087535445482
302772,1217.5371156564117
302773,565.1973434271436
302774,885.2731613684971
302775,113.41129578033127
302776,594.2616876778094
302777,531.8811574648023
302778,230.79041997146547
302779,394.75699686897826
302780,191.8420711984467
302781,1213.6427755593897
302782,1075.4813592928815
302783,496.0356552355761
302784,797.6443732221699
302785,203.6172329040478
302786,1444.3667598600573
302787,1255.0830991468158
302788,585.7508351000847
302789,905.5484986728413
302790,55.23294018474074
302791,410.1528007627008
302792,374.11061918123096
302793,164.8645581800896
302794,282.2574255839631
302795,118.05881554639149
302796,888.2882834285533
302797,781.752446532165
302798,337.3136064474561
302799,559.3724599814177
302800,138.78530497139403
302801,1035.7005652151724
302802,887.6936635649712
302803,405.33573578737696
302804,643.3097563927396
302805,714.7503040074068
302806,14.905211667148215
302807,23.03763189742956
302808,0.9805598806531418
302809,17.997794930105268
302810,24.285280276662956
302811,17.46474080549279
302812,39.11269973595401
302813,-12.781419868231554
302814,38.222890129914106
302815,-6.417904636495286
302816,29.453698287721323
302817,52.868515797575085
302818,8.285396445596673
302819,36.911259814789766
302820,139.80535175028436
302821,981.9047413184906
302822,877.4734442368423
302823,398.32377496093017
302824,625.0396758881687
302825,302.92113727558666
302826,1961.9521935096386
302827,1753.1251847451938
302828,798.6838567499216
302829,1319.866303097297
302830,355.26612569587627
302831,2335.262643935925
302832,2027.9273621447003
302833,924.1036673889674
302834,1539.3988194438202
302835,126.66930829727063
302836,779.7296391501408
302837,662.8929396390643
302838,317.6227850586836
302839,522.0681208619056
302840,243.97851551647744
302841,1571.0066328694647
302842,1379.7785582733422
302843,657.7714384116658
302844,1006.9506589063927
302845,270.31504371789214
302846,1854.3516000257086
302847,1630.8047687047463
302848,743.2079865055589
302849,1182.2549365827854
302850,754.4007658741755
302851,580.9269391605981
302852,518.5482024213069
302853,218.38809025005048
302854,381.8342422961347
302855,665.9388110046579
302856,1181.0186577067545
302857,1039.2521553417255
302858,474.5776188494937
302859,776.4644912046846
302860,381.28066601200555
302861,1398.8187946397354
302862,1216.5602058237575
302863,565.1370603267159
302864,885.2128782680694
302865,113.7213368755183
302866,594.5717287729964
302867,530.904247632148
302868,230.73013687103784
302869,394.69671376855064
302870,192.15211229363373
302871,1213.952816654577
302872,1074.5044494602273
302873,495.97537213514846
302874,797.5840901217422
302875,203.92727399923484
302876,1444.6768009552445
302877,1254.1061893141616
302878,585.690551999657
302879,905.4882155724137
302880,55.54298127992778
302881,410.46284185788784
302882,373.1337093485767
302883,164.80427507966198
302884,282.19714248353546
302885,118.36885664157852
302886,888.5983245237403
302887,780.7755366995107
302888,337.25332334702847
302889,559.31217688099
302890,139.09534606658107
302891,1036.0106063103597
302892,886.7167537323169
302893,405.27545268694934
302894,643.2494732923119
302895,715.0603451025938
302896,15.215252762335258
302897,22.060722064775316
302898,0.9202767802255077
302899,17.937511829677636
302900,24.595321371849998
302901,17.774781900679834
302902,38.13578990329977
302903,-12.841702968659186
302904,38.162607029486466
302905,-4.082257690258416
302906,29.763739382908366
302907,51.891605964920835
302908,8.22511334516904
302909,36.850976714362126
302910,140.1153928454714
302911,982.2147824136775
302912,880.1539855444023
302913,399.31656458417996
302914,626.0324655114185
302915,303.2311783707737
302916,1962.2622346048258
302917,1755.8057260527542
302918,799.6766463731714
302919,1320.859092720547
302920,355.5761667910633
302921,2335.572685031112
302922,2030.6079034522606
302923,925.0964570122172
302924,1540.3916090670702
302925,126.97934939245766
302926,780.0396802453278
302927,661.2157855747987
302928,318.61557468193337
302929,523.0609104851554
302930,244.2885566116645
302931,1571.316673964652
302932,1378.101404209077
302933,658.7642280349156
302934,1007.9434485296425
302935,270.6250848130792
302936,1854.6616411208959
302937,1629.127614640481
302938,744.2007761288087
302939,1183.2477262060354
302940,754.4007658741755
302941,580.9269391605981
302942,518.5482024213069
302943,218.38809025005048
302944,381.8342422961347
302945,665.9388110046579
302946,1181.0186577067545
302947,1039.2521553417255
302948,474.5776188494937
302949,776.4644912046846
302950,381.28066601200555
302951,1398.8187946397354
302952,1216.5602058237575
302953,565.1370603267159
302954,885.2128782680694
302955,113.7213368755183
302956,594.5717287729964
302957,530.904247632148
302958,230.73013687103784
302959,394.69671376855064
302960,192.15211229363373
302961,1213.952816654577
302962,1074.5044494602273
302963,495.97537213514846
302964,797.5840901217422
302965,203.92727399923484
302966,1444.6768009552445
302967,1254.1061893141616
302968,585.690551999657
302969,905.4882155724137
302970,55.54298127992778
302971,410.46284185788784
302972,373.1337093485767
302973,164.80427507966198
302974,282.19714248353546
302975,118.36885664157852
302976,888.5983245237403
302977,780.7755366995107
302978,337.25332334702847
302979,559.31217688099
302980,139.09534606658107
302981,1036.0106063103597
302982,886.7167537323169
302983,405.27545268694934
302984,643.2494732923119
302985,715.0603451025938
302986,15.215252762335258
302987,22.060722064775316
302988,0.9202767802255077
302989,17.937511829677636
302990,15.600733931819336
302991,17.774781900679834
302992,38.13578990329977
302993,-12.841702968659186
302994,38.162607029486466
302995,-4.082257690258416
302996,29.763739382908366
302997,51.891605964920835
302998,8.22511334516904
302999,36.850976714362126
303000,140.1153928454714
303001,982.2147824136775
303002,880.1539855444023
303003,399.31656458417996
303004,626.0324655114185
303005,303.2311783707737
303006,1962.2622346048258
303007,1761.8666978172707
303008,799.6766463731714
303009,1320.859092720547
303010,355.5761667910633
303011,2335.572685031112
303012,2030.6079034522606
303013,925.0964570122172
303014,1540.3916090670702
303015,126.97934939245766
303016,780.0396802453278
303017,661.2157855747987
303018,318.61557468193337
303019,523.0609104851554
303020,244.2885566116645
303021,1571.316673964652
303022,1378.101404209077
303023,658.7642280349156
303024,1007.9434485296425
303025,270.6250848130792
303026,1854.6616411208959
303027,1629.127614640481
303028,744.2007761288087
303029,1183.2477262060354
303030,749.0634478492988
303031,613.3342162491937
303032,550.1186747003472
303033,238.03847889525542
303034,395.3092224156355
303035,631.5911539208986
303036,1229.233593429083
303037,1074.1111210727759
303038,509.54568599679845
303039,822.2669755515238
303040,318.87947376799815
303041,1451.3913638535714
303042,1253.116344274884
303043,585.9362817075538
303044,962.0754022887933
303045,105.8691854522206
303046,633.438123795068
303047,561.8081891944227
303048,249.76201373574378
303049,407.55318210755246
303050,187.2763382227591
303051,1269.2453820908806
303052,1109.315396255011
303053,530.943439282453
303054,843.3865744685814
303055,209.54612080091766
303056,1514.7117771301307
303057,1300.9990860760963
303058,606.489773380495
303059,982.3507395931375
303060,58.931246430720314
303061,437.794124846181
303062,392.5025388770729
303063,177.02453549328766
303064,288.2419943714572
303065,123.84005079570402
303066,925.9554437633914
303067,811.8367669489759
303068,366.75257655857564
303069,599.6458472920724
303070,150.70265577532174
303071,1087.4834384903572
303072,929.2332361506964
303073,417.5365667415702
303074,707.7989458581416
303075,707.9872992480222
303076,16.575075328332517
303077,22.641189151871558
303078,8.944286560818533
303079,2.530907407467085
303080,83.82716452107198
303081,16.23510581602715
303082,42.42776680039027
303083,5.020007550024816
303084,37.9461300445448
303085,2.386863062999791
303086,32.136146305728516
303087,48.73955580386656
303088,14.563055961337888
303089,23.53183415038895
303090,148.5345905552892
303091,1025.0045887597314
303092,909.2655854094195
303093,413.7781595437095
303094,656.008065970577
303095,316.5991952960826
303096,2115.262781087896
303097,1880.8414461151829
303098,842.4258837285629
303099,1384.3447853849307
303100,366.5142802471372
303101,2471.9492186681846
303102,2164.433430255858
303103,964.7317095856533
303104,1632.4591300236596
303105,137.59182292607807
303106,830.7959713766589
303107,701.8044294183114
303108,335.40259529878927
303109,544.8739202396044
303110,256.8114878762733
303111,1678.454135356653
303112,1447.701378747901
303113,698.737908539754
303114,1063.9310031904768
303115,296.2483722895406
303116,1970.2799526979275
303117,1726.4180766701902
303118,792.1805521723863
303119,1273.1717542707304
303120,745.6431152828116
303121,641.6229451088469
303122,566.051383061104
303123,248.7083693861356
303124,421.8562517733703
303125,539.2386456275449
303126,1318.6888647968249
303127,1155.5299234558624
303128,536.2908274296823
303129,875.5078432856534
303130,294.0888412159352
303131,1557.861307633115
303132,1356.2987634123451
303133,626.743684187242
303134,1006.7139719986195
303135,110.67582687770975
303136,664.8597248502169
303137,581.5092850074034
303138,262.3428014043016
303139,436.01110864296453
303140,193.76335993250646
303141,1359.7144660489919
303142,1192.5916889126443
303143,557.6885807153368
303144,896.627442202711
303145,217.81755244679024
303146,1628.1021183907715
303147,1407.837259963457
303148,649.0954403355361
303149,1028.787573778317
303150,67.6858627030537
303151,460.00860900770755
303152,414.096707385932
303153,180.90011307144533
303154,307.99471081646936
303155,138.8834566375762
303156,971.6229285960372
303157,858.4247590572887
303158,373.57975253471443
303159,632.9687495694573
303160,163.1997324974932
303161,1130.3107602084358
303162,973.6216890716398
303163,437.99802807615515
303164,732.0915744228649
303165,699.6714478878245
303166,21.028743260291556
303167,25.839154873508907
303168,4.000815992180111
303169,6.065137430768606
303170,101.30800088597714
303171,15.65360902834062
303172,42.76677728837073
303173,-8.69204405446781
303174,41.436379646210526
303175,-0.574941980220686
303176,31.2876094359073
303177,50.482716893814896
303178,0.17594786550741032
303179,26.34702726071687
303180,151.82214496942527
303181,1068.6186876276338
303182,964.3771390058306
303183,431.1115819660947
303184,692.4970063997257
303185,314.3789635491772
303186,2233.6537178281387
303187,1956.737528037408
303188,893.5987985038107
303189,1463.3978187811604
303190,389.66240758137235
303191,2601.7805871204714
303192,2268.2979416233857
303193,1054.1998833136129
303194,1749.8074223725996
303195,140.85587370722357
303196,871.2757105692145
303197,752.9710616810396
303198,348.4662181845473
303199,575.4687087914981
303200,256.5089406038623
303201,1758.3253321692173
303202,1552.905348727384
303203,717.443809107901
303204,1108.8926700389768
303205,300.79404157800246
303206,2081.4174051562577
303207,1845.8447904962175
303208,828.6615691729752
303209,1335.9085375516736
303210,714.1622451720901
303211,719.254960869364
303212,631.8553790342066
303213,294.93452551519067
303214,481.2247951433891
303215,413.9333016004042
303216,1493.7621473365164
303217,1286.7989286588
303218,592.18597516078
303219,937.6254261487351
303220,296.52844962137254
303221,1744.2447639130228
303222,1491.0960825150848
303223,708.6035501519749
303224,1103.0939488961646
303225,133.26460536410048
303226,741.6154620807787
303227,649.0185682780657
303228,308.7657511600064
303229,495.5764456396332
303230,202.96565610272117
303231,1526.974948435628
303232,1321.6785064744051
303233,614.0416611278919
303234,959.20295774725
303235,227.15593922332573
303236,1798.9705135533563
303237,1540.45239142502
303238,731.4132389817263
303239,1125.6254833573196
303240,87.12252067685368
303241,524.1027029844031
303242,466.71594546516206
303243,197.54055549765397
303244,337.3087355276912
303245,149.97902139213866
303246,1055.0158722545243
303247,928.1418429048122
303248,407.14862645714
303249,677.7091781396807
303250,171.3257469182755
303251,1254.2624020597748
303252,1089.5315029556527
303253,514.0581361199766
303254,820.337118895333
303255,725.6764148362536
303256,21.76384813757283
303257,31.2303381912287
303258,6.531619737308388
303259,6.316764181818313
303260,22.142479383897424
303261,22.679381322168062
303262,52.12381051949971
303263,-4.3252446446988495
303264,48.874487059182286
303265,-1.746949288272443
303266,40.406933387517725
303267,66.34480348451022
303268,7.346304719749961
303269,37.60257389901158
303270,166.6771248304526
303271,1186.4995383332061
303272,1063.5925360722813
303273,482.0181683024227
303274,764.1134327509131
303275,367.9176127173478
303276,2456.558428128034
303277,2108.88212546342
303278,985.2619268719094
303279,1571.9047268492773
303280,404.4586309816476
303281,2937.4423139497667
303282,2543.6922409443346
303283,1176.430019799272
303284,1875.586238824121
303285,150.5745465125834
303286,965.9281979861198
303287,825.5348049396029
303288,374.3410274290916
303289,625.9360977996791
303290,301.0067339845526
303291,1921.489622778969
303292,1712.3809300759808
303293,798.5912278371478
303294,1209.7269665658907
303295,320.0147400621693
303296,2285.0023764834195
303297,1994.5615871295367
303298,944.9876094237694
303299,1446.7485144605516
303300,754.1294203128685
303301,581.2594166676722
303302,520.1676308562223
303303,218.29266205781917
303304,382.9863824612895
303305,666.271288511732
303306,1181.3511352138285
303307,1040.8715837766408
303308,474.4821906572623
303309,779.5106181900123
303310,385.91299612356784
303311,1399.1512721468093
303312,1218.1796342586729
303313,565.0416321344845
303314,888.2590052533972
303315,114.0538143825925
303316,594.9042062800705
303317,532.5236760670634
303318,230.63470867880653
303319,395.84885393370547
303320,192.484589800708
303321,1214.2852941616509
303322,1076.1238778951426
303323,495.87994394291707
303324,800.6302171070699
303325,204.25975150630907
303326,1445.0092784623184
303327,1255.725617749077
303328,585.5951238074257
303329,908.5343425577414
303330,55.875458787001975
303331,410.795319364962
303332,374.75313778349215
303333,164.70884688743067
303334,283.3492826486903
303335,118.70133414865272
303336,888.9308020308144
303337,782.3949651344261
303338,337.1578951547971
303339,562.3583038663178
303340,139.4278235736553
303341,1036.3430838174336
303342,888.3361821672323
303343,405.18002449471794
303344,646.2956002776397
303345,714.7210665408905
303346,15.328916738247969
303347,23.461336968529316
303348,1.4042649517528984
303349,20.360684276377768
303350,66.42992932548329
303351,17.88844587659255
303352,39.53640480705377
303353,-12.357714797131798
303354,40.5857794761866
303355,5.149895335398649
303356,29.877403358821084
303357,53.292220868674846
303358,8.709101516696428
303359,39.27414916106226
303360,140.22905682138415
303361,982.3284463895902
303362,883.4537506276523
303363,398.7474800320299
303364,626.2873209806347
303365,303.3448423466864
303366,1962.3758985807383
303367,1765.1664629005206
303368,799.1075618210212
303369,1321.113948189763
303370,355.689830766976
303371,2335.686349007025
303372,2033.9076685355105
303373,924.5273724600671
303374,1540.6464645362862
303375,127.09301336837038
303376,780.1533442212404
303377,668.8732460298743
303378,318.0464901297833
303379,523.0232521183524
303380,244.40222058757723
303381,1571.4303379405644
303382,1385.7588646641525
303383,658.1951434827655
303384,1007.9057901628395
303385,270.73874878899187
303386,1854.7753050968083
303387,1636.7850750955565
303388,743.6316915766586
303389,1183.2100678392321
303390,755.3279040971657
303391,582.4579004519695
303392,521.3661146405195
303393,219.49114584211617
303394,387.7015486424184
303395,678.0042974598757
303396,1184.6780546359787
303397,1042.0700675609378
303398,475.6806744415594
303399,784.2257843711413
303400,405.5670274701046
303401,1402.4781915689596
303402,1219.3781180429698
303403,566.2401159187817
303404,892.9741714345262
303405,115.2522981668895
303406,596.1026900643677
303407,533.7221598513606
303408,231.83319246310353
303409,400.56402011483436
303410,193.68307358500496
303411,1217.6122135838011
303412,1077.3223616794396
303413,497.0784277272141
303414,805.345383288199
303415,205.45823529060607
303416,1448.3361978844687
303417,1256.924101533374
303418,586.7936075917229
303419,913.2495087388704
303420,57.07394257129899
303421,411.99380314925907
303422,375.95162156778923
303423,165.90733067172766
303424,288.0644488298192
303425,119.89981793294969
303426,892.2577214529648
303427,783.5934489187233
303428,338.35637893909416
303429,567.0734700474468
303430,140.6263073579523
303431,1039.6700032395838
303432,889.5346659515295
303433,406.378508279015
303434,651.0107664587687
303435,718.3078901549031
303436,16.198409390646493
303437,24.330829620927844
303438,2.273757604151422
303439,24.746859325608092
303440,78.03938060184802
303441,20.886374166844238
303442,40.40589745945229
303443,-11.488222144733282
303444,44.97195452541693
303445,8.736718949410989
303446,32.875331649072805
303447,54.16171352107337
303448,9.578594169094956
303449,43.660324210292586
303450,139.52177775653834
303451,981.6211673247444
303452,882.7464715628067
303453,398.0402009671842
303454,629.096724312621
303455,302.6375632818407
303456,1979.5894780673566
303457,1764.4591838356748
303458,798.4002827561757
303459,1323.9233515217486
303460,354.9825517021303
303461,2352.8999284936435
303462,2033.2003894706647
303463,923.8200933952215
303464,1543.4558678682718
303465,126.38573430352464
303466,779.4460651563949
303467,668.1659669650287
303468,317.3392110649376
303469,525.8326554503386
303470,243.69494152273143
303471,1588.6439174271827
303472,1385.0515855993067
303473,657.4878644179199
303474,1010.7151934948257
303475,270.0314697241462
303476,1871.9888845834266
303477,1636.0777960307107
303478,742.924412511813
303479,1186.0194711712181
303480,756.2417682607338
303481,584.0591988235429
303482,520.3892048078652
303483,218.6403940806612
303484,389.48806458303847
303485,678.3143385550627
303486,1186.2793530075523
303487,1041.0931577282836
303488,474.82992268010446
303489,786.0123003117614
303490,393.6561935624103
303491,1404.0794899405332
303492,1218.4012082103156
303493,565.3893641573267
303494,894.7606873751462
303495,115.56233926207653
303496,597.7039884359411
303497,532.7452500187063
303498,230.98244070164856
303499,402.3505360554544
303500,193.993114680192
303501,1219.2135119553748
303502,1076.3454518467854
303503,496.22767596575915
303504,807.131899228819
303505,205.76827638579311
303506,1449.9374962560423
303507,1255.9471917007197
303508,585.9428558302678
303509,915.0360246794904
303510,57.38398366648603
303511,413.5951015208325
303512,374.974711735135
303513,165.0565789102727
303514,289.85096477043925
303515,120.20985902813672
303516,893.8590198245382
303517,782.616539086069
303518,337.5056271776392
303519,568.8599859880668
303520,140.93634845313935
303521,1041.2713016111575
303522,888.5577561188752
303523,405.5277565175601
303524,652.7972823993887
303525,718.6179312500901
303526,14.511697464468298
303527,23.3539197882736
303528,1.4230058426964363
303529,26.533375266228123
303530,89.56451841638226
303531,19.199662240666044
303532,39.42898762679803
303533,-12.338973906188265
303534,46.758470466036954
303535,9.046760044598031
303536,31.1886197228946
303537,53.184803688419116
303538,8.72784240763997
303539,45.446840150912614
303540,139.8318188517254
303541,1004.7305854418009
303542,879.8704115506564
303543,400.6341672289093
303544,645.4046704642335
303545,302.94760437702774
303546,2002.6988961844136
303547,1761.5831238235246
303548,800.9942490179008
303549,1340.2312976733613
303550,355.29259279731735
303551,2376.0093466107
303552,2030.3243294585145
303553,926.4140596569466
303554,1559.7638140198844
303555,126.69577539871167
303556,788.6807549008464
303557,660.9322115810528
303558,317.5476489739386
303559,539.7550732492269
303560,244.00498261791847
303561,1597.8786071716345
303562,1377.8178302153308
303563,657.6963023269208
303564,1024.6376112937146
303565,270.3415108193332
303566,1881.2235743278784
303567,1628.8440406467348
303568,743.1328504208138
303569,1199.9418889701067
303570,756.2417682607338
303571,586.4163742568911
303572,520.3892048078652
303573,218.6403940806612
303574,389.48806458303847
303575,678.3143385550627
303576,1188.6365284409005
303577,1041.0931577282836
303578,474.82992268010446
303579,786.0123003117614
303580,393.6561935624103
303581,1406.4366653738814
303582,1218.4012082103156
303583,565.3893641573267
303584,894.7606873751462
303585,115.56233926207653
303586,600.0611638692893
303587,532.7452500187063
303588,230.98244070164856
303589,402.3505360554544
303590,193.993114680192
303591,1221.570687388723
303592,1076.3454518467854
303593,496.22767596575915
303594,807.131899228819
303595,205.76827638579311
303596,1452.2946716893905
303597,1255.9471917007197
303598,585.9428558302678
303599,915.0360246794904
303600,57.38398366648603
303601,415.95227695418066
303602,374.974711735135
303603,165.0565789102727
303604,289.85096477043925
303605,120.20985902813672
303606,896.2161952578864
303607,782.616539086069
303608,337.5056271776392
303609,568.8599859880668
303610,140.93634845313935
303611,1043.6284770445056
303612,888.5577561188752
303613,405.5277565175601
303614,652.7972823993887
303615,718.6179312500901
303616,13.117897258367972
303617,23.3539197882736
303618,1.4230058426964363
303619,26.533375266228123
303620,80.5699309763516
303621,17.805862034565717
303622,39.42898762679803
303623,-12.338973906188265
303624,46.758470466036954
303625,9.046760044598031
303626,29.794819516794266
303627,53.184803688419116
303628,8.72784240763997
303629,45.446840150912614
303630,139.8318188517254
303631,1023.1749752260649
303632,897.3682884502796
303633,400.6341672289093
303634,645.4046704642335
303635,302.94760437702774
303636,2021.1432859686772
303637,1793.9555909752116
303638,800.9942490179008
303639,1340.2312976733613
303640,355.29259279731735
303641,2394.453736394964
303642,2062.6967966102015
303643,926.4140596569466
303644,1559.7638140198844
303645,126.69577539871167
303646,804.1652651621577
303647,663.3955211188495
303648,317.5476489739386
303649,539.7550732492269
303650,244.00498261791847
303651,1613.3631174329457
303652,1380.2811397531275
303653,657.6963023269208
303654,1024.6376112937146
303655,270.3415108193332
303656,1896.7080845891896
303657,1631.3073501845315
303658,743.1328504208138
303659,1199.9418889701067
303660,755.6889085147895
303661,623.6081096244191
303662,556.744135365838
303663,243.0752410047986
303664,407.6901332663226
303665,663.38108568858
303666,1243.0504968476657
303667,1082.1511561437708
303668,515.9970225118462
303669,837.9564476278881
303670,338.6261457235939
303671,1464.9338626884924
303672,1260.8819747622172
303673,592.1132136389396
303674,977.4904697814956
303675,121.59402364800681
303676,652.8113947005891
303677,577.5330273902091
303678,263.89815337558275
303679,429.0334704885351
303680,204.41575082404975
303681,1292.1616630397589
303682,1126.4548088563013
303683,546.4941533277964
303684,868.1754240752414
303685,226.4111288185464
303686,1537.353653495347
303687,1317.8640940937248
303688,621.7660828421764
303689,1006.8651846161355
303690,63.71849459782089
303691,446.2298057230162
303692,397.28978704417364
303693,180.22308510444068
303694,298.7846927237542
303695,130.04187336830893
303696,937.9341346835843
303697,818.038589521581
303698,371.3657005752333
303699,613.4971068700467
303700,156.63007376426475
303701,1099.187724826888
303702,935.1606541396395
303703,421.8752861745659
303704,721.3758008524538
303705,707.794491818188
303706,18.230925218378417
303707,27.68759226938302
303708,11.901805181115694
303709,11.642376126671047
303710,90.2598656666892
303711,20.627006135959757
303712,48.08178470993529
303713,9.883556798542463
303714,48.96362939196925
303715,10.483807350496667
303716,36.25364204199916
303717,54.119169129749615
303718,19.15220062619359
303719,34.27492891415144
303720,171.15054414831818
303721,1091.7879226182774
303722,952.3030293614557
303723,438.0927144790985
303724,697.5532831926853
303725,339.24980065213833
303726,2197.0780118015496
303727,1947.2176379150192
303728,866.6776657230939
303729,1425.8272296661796
303730,388.218601742805
303731,2552.81816552145
303732,2229.8633381953077
303733,988.0372077197962
303734,1672.9952904445208
303735,145.54840924712477
303736,861.9953894291559
303737,711.0579980980293
303738,341.4085027264616
303739,568.110489953996
303740,264.8027259603468
303741,1728.7753909027658
303742,1469.5090456618648
303743,705.9447949095786
303744,1088.36855184702
303745,303.29332651322613
303746,2019.6549243836523
303747,1747.2794597237662
303748,798.4411546818229
303749,1296.6630190668855
303750,752.0497624171409
303751,651.6780249529108
303752,572.4580301954334
303753,254.32454785943793
303754,433.62638034557926
303755,562.329785584152
303756,1332.2869546842462
303757,1171.0014922735058
303758,543.3215803084885
303759,888.6925462633666
303760,305.1367213604567
303761,1571.1849929368746
303762,1371.4959276463267
303763,633.5000324823862
303764,1019.6242703926707
303765,126.18185154233457
303766,684.0141822245765
303767,597.0153096720284
303768,277.05835740789934
303769,456.8806147454691
303770,210.68395900263565
303771,1382.4119334667087
303772,1217.162635260583
303773,573.8187111244387
303774,918.9115227107199
303775,234.46374693325748
303776,1650.5251812248264
303777,1432.133801727734
303778,664.951166160976
303779,1050.7972497026635
303780,72.25429733899271
303781,468.22547635338134
303782,418.6651420218713
303783,184.67807904635708
303784,317.92662689028816
303785,144.86646567901963
303786,983.3828059850687
303787,872.0581153765422
303788,378.77229291513083
303789,644.3152400487804
303790,168.9083369552747
303791,1141.796233013805
303792,986.9806408072313
303793,442.9161638729096
303794,743.1636603185261
303795,699.4786404579903
303796,22.68459315033745
303797,30.885557991020363
303798,6.958334612477265
303799,15.176606149972569
303800,107.74070203159432
303801,20.04550934827322
303802,56.07114247572551
303803,-3.8284948059501724
303804,52.45387899363499
303805,7.522002307276184
303806,35.40510517217796
303807,63.512677497507745
303808,4.765092530363114
303809,37.090122024479406
303810,174.43809856245423
303811,1135.4020214861798
303812,1007.4145829578669
303813,455.42613690148386
303814,734.042223621834
303815,337.0295689052329
303816,2315.468948541792
303817,2030.7640671150543
303818,917.8505804983417
303819,1504.8802630624098
303820,411.36672907704013
303821,2682.6495339737367
303822,2341.378196840645
303823,1077.505381447755
303824,1790.3435827934609
303825,148.81246002827027
303826,902.4751286217115
303827,762.2246303607575
303828,354.47212561221966
303829,598.7052785058896
303830,264.5001786879358
303831,1808.64658771533
303832,1582.363362919158
303833,724.6506954777255
303834,1133.33021869552
303835,307.838995801688
303836,2130.7923768419832
303837,1874.3565208276034
303838,834.9221716824118
303839,1359.3998023478287
303840,720.5688923064195
303841,729.310040713428
303842,638.262026168536
303843,300.55070398849284
303844,492.9949237155981
303845,437.02444155701164
303846,1507.3602372239377
303847,1302.2704974764433
303848,599.2167280395863
303849,950.8101291264483
303850,307.57632976589395
303851,1757.5684492167823
303852,1506.2932467490664
303853,715.3598984471192
303854,1116.0042472902155
303855,148.7706300287253
303856,760.7699194551383
303857,664.5245929426907
303858,323.4813071636041
303859,516.4459517421377
303860,219.88625517285035
303861,1549.6724158533448
303862,1346.249452822344
303863,630.1717915369939
303864,981.4870382552589
303865,243.80213370979297
303866,1821.3935763874113
303867,1564.748933189297
303868,747.2689648071663
303869,1147.635159281666
303870,91.6909553127927
303871,532.319570330077
303872,471.28438010110136
303873,201.31852147256572
303874,347.24065160151
303875,155.96203043358216
303876,1066.7757496435554
303877,941.7751992240657
303878,412.3411668375564
303879,689.0556686190039
303880,177.03435137605703
303881,1265.747874865144
303882,1102.890454691244
303883,518.9762719167309
303884,831.4092047909942
303885,725.4836074064194
303886,23.419698027618697
303887,36.276741308740164
303888,9.489138357605537
303889,15.428232901022282
303890,29.58339432506455
303891,28.079495437650653
303892,66.4363895024045
303893,1.5465183993687703
303894,60.900200202156725
303895,6.349994999224429
303896,44.52442912378836
303897,79.37476408820307
303898,11.93544938460566
303899,48.345668662774095
303900,189.29307842348157
303901,1253.2828721917522
303902,1106.6299800243169
303903,506.33272323781165
303904,805.6586499730214
303905,391.57643186895353
303906,2539.3818726372374
303907,2177.8519536445065
303908,1010.5219226619896
303909,1614.395384926076
303910,426.1629524773154
303911,3018.311260803032
303912,2610.707571469483
303913,1199.7355179334143
303914,1916.1223992449823
303915,158.5311328336301
303916,997.1276160386168
303917,834.7883736193207
303918,380.34693485676394
303919,649.1726675140707
303920,310.0061858641761
303921,1972.8190921206317
303922,1739.5498137123957
303923,806.8063280025224
303924,1235.1727290179838
303925,327.05969428585485
303926,2334.377348169145
303927,2019.7759731100139
303928,951.248211933206
303929,1470.2397792567067
303930,757.5416020671091
303931,582.0343033506366
303932,516.0559343198972
303933,211.61525841491454
303934,399.39131547821376
303935,742.3108651360844
303936,1195.760515483225
303937,1023.5022627695814
303938,473.45126693206925
303939,803.3197122130961
303940,465.6373002268595
303941,1411.3501898687848
303942,1206.039564585457
303943,565.5503119567235
303944,915.1804228789016
303945,111.899059819505
303946,622.8059723579531
303947,544.511354469707
303948,241.68664059733777
303949,426.26131338377445
303950,201.75741659765265
303951,1250.7457638060737
303952,1068.3763274408304
303953,512.57835577916
303954,838.4468375632983
303955,217.24430093291966
303956,1488.7127956237348
303957,1257.4548146268871
303958,604.8365097490789
303959,949.4632866163905
303960,52.979214057509836
303961,423.6575390664742
303962,373.29844039576733
303963,162.31840301559336
303964,297.17451445290294
303965,120.893994321239
303966,910.3517252988671
303967,772.83617918598
303968,340.41393120067136
303969,583.1825448576226
303970,145.33220637590762
303971,1065.0070546024797
303972,888.2541435509082
303973,410.9790346460027
303974,672.5059433861276
303975,717.1242732875367
303976,21.15285979670409
303977,23.95193218848103
303978,-3.8436226868732857
303979,22.218363395366275
303980,31.548567671255423
303981,33.04303338587242
303982,34.05560437110654
303983,-11.187181633763185
303984,49.67342233646909
303985,4.413487785152693
303986,49.73278533259506
303987,54.74591471235057
303988,9.880355732976312
303989,53.33467821116664
303990,148.41582606187828
303991,1041.1453490733759
303992,917.2720873510543
303993,414.9468601086711
303994,679.5601125076677
303995,305.77326424432783
303996,2028.7504799403005
303997,1774.5327530010306
303998,814.7316186082668
303999,1378.6318083315543
304000,366.049334572903
304001,2435.6815174065305
304002,2080.735244972981
304003,948.135760102087
304004,1611.1208206697622
304005,117.46017429845755
304006,803.3286238055778
304007,672.2239586674968
304008,312.8998557362864
304009,541.2110576800486
304010,238.84150993624337
304011,1607.2838825498704
304012,1374.577266865959
304013,657.8220972133878
304014,1035.6875757528092
304015,270.6531630426813
304016,1899.6352994984647
304017,1636.8436269048423
304018,745.8940647485401
304019,1218.5994380073714
304020,755.3711175100041
304021,579.8638187935315
304022,513.8854497627922
304023,209.44477385780948
304024,397.22083092110876
304025,732.3228783868909
304026,1185.7725287340313
304027,1013.5142760203879
304028,463.4632801828757
304029,793.3317254639026
304030,463.5703358760592
304031,1401.3622031195912
304032,1196.0515778362633
304033,555.56232520753
304034,905.1924361297081
304035,112.15174864328726
304036,623.0586611817354
304037,544.7640432934893
304038,241.93932942112002
304039,426.51400220755676
304040,194.63361187111977
304041,1243.6219590795408
304042,1061.2525227142976
304043,505.45455105262715
304044,831.3230328367655
304045,210.12049620638675
304046,1481.588990897202
304047,1250.3310099003543
304048,597.7127050225461
304049,942.3394818898577
304050,53.23190288129209
304051,423.9102278902565
304052,373.55112921954964
304053,162.5710918393756
304054,297.42720327668525
304055,113.77018959470611
304056,903.2279205723343
304057,765.7123744594471
304058,333.29012647413845
304059,576.0587401310897
304060,138.2084016493747
304061,1057.8832498759468
304062,881.1303388243754
304063,403.85522991946976
304064,665.3821386595947
304065,717.3769621113189
304066,21.405548620486353
304067,24.204621012263296
304068,-3.5909338630910232
304069,22.47105221914854
304070,24.42476294472253
304071,25.919228659339524
304072,26.93179964457365
304073,-18.310986360296077
304074,42.54961760993619
304075,-2.7103169413801997
304076,42.60898060606216
304077,47.62210998581767
304078,2.756551006443419
304079,46.210873484633744
304080,148.66851488566053
304081,1041.3980378971582
304082,917.5247761748366
304083,415.1995489324534
304084,679.8128013314499
304085,298.6494595177949
304086,2021.6266752137676
304087,1767.4089482744978
304088,807.6078138817339
304089,1371.5080036050215
304090,358.92552984637007
304091,2428.5577126799976
304092,2073.611440246448
304093,941.0119553755542
304094,1603.9970159432294
304095,114.94628042397126
304096,800.8147299310914
304097,669.7100647930105
304098,310.3859618618001
304099,538.6971638055622
304100,228.51011386966854
304101,1596.9524864832956
304102,1364.2458707993842
304103,647.490701146813
304104,1025.3561796862343
304105,260.32176697610646
304106,1889.30390343189
304107,1626.5122308382674
304108,735.5626686819653
304109,1208.2680419407966
304110,757.3805989834366
304111,583.5115933412208
304112,515.5783537121658
304113,210.790684368793
304114,398.5667414320923
304115,733.7285367919424
304116,1189.4203032817204
304117,1015.2071799697615
304118,464.8091906938592
304119,794.6776359748861
304120,452.7551192782292
304121,1405.0099776672803
304122,1197.7444817856367
304123,556.9082357185135
304124,906.5383466406917
304125,102.22373266581097
304126,615.3727613468969
304127,535.1232728603353
304128,231.95156554957586
304129,416.52623833601257
304130,184.70559589364345
304131,1235.9360592447024
304132,1051.6117522811435
304133,495.46678718108296
304134,821.3352689652214
304135,200.19248022891043
304136,1473.9030910623635
304137,1240.6902394672002
304138,587.724941151002
304139,932.3517180183136
304140,52.91196499295624
304141,425.8324061445584
304142,373.51843687553594
304143,162.1914060569719
304144,297.0475174942815
304145,113.45025170637028
304146,905.1500988266363
304147,765.6796821154336
304148,332.9104406917347
304149,575.6790543486861
304150,137.88846376103885
304151,1059.8054281302489
304152,881.0976464803618
304153,403.47554413706604
304154,665.0024528771911
304155,717.0570242229832
304156,23.327726874788244
304157,24.171928668249652
304158,-3.9706196454947174
304159,22.09136643674485
304160,24.104825056386694
304161,27.841406913641414
304162,26.89910730056001
304163,-18.690672142699768
304164,42.16993182753248
304165,-3.030254829716043
304166,44.53115886036404
304167,47.58941764180402
304168,2.376865224039725
304169,45.83118770223004
304170,134.1847580134909
304171,1032.6435274384014
304172,907.6859602188148
304173,401.7091168898933
304174,666.32236928889
304175,284.16570264562523
304176,2012.8721647550108
304177,1757.570132318476
304178,794.117381839174
304179,1358.0175715624616
304180,344.4417729742004
304181,2419.8032022212406
304182,2063.772624290426
304183,927.5215233329942
304184,1590.5065839006695
304185,113.24675137384533
304186,804.8444472943784
304187,668.2977812872068
304188,309.67975764128374
304189,537.990959585046
304190,226.81058481954258
304191,1600.9822038465825
304192,1362.8335872935804
304193,646.7844969262967
304194,1024.6499754657184
304195,258.62223792598047
304196,1893.3336207951768
304197,1625.0999473324637
304198,734.856464461449
304199,1207.5618377202804
304200,757.3805989834366
304201,583.5115933412208
304202,515.5783537121658
304203,210.790684368793
304204,398.5667414320923
304205,733.7285367919424
304206,1189.4203032817204
304207,1015.2071799697615
304208,464.8091906938592
304209,794.6776359748861
304210,452.7551192782292
304211,1405.0099776672803
304212,1197.7444817856367
304213,556.9082357185135
304214,906.5383466406917
304215,102.22373266581097
304216,615.3727613468969
304217,535.1232728603353
304218,231.95156554957586
304219,416.52623833601257
304220,184.70559589364345
304221,1235.9360592447024
304222,1051.6117522811435
304223,495.46678718108296
304224,821.3352689652214
304225,200.19248022891043
304226,1473.9030910623635
304227,1240.6902394672002
304228,587.724941151002
304229,932.3517180183136
304230,52.91196499295624
304231,425.8324061445584
304232,373.51843687553594
304233,162.1914060569719
304234,297.0475174942815
304235,113.45025170637028
304236,905.1500988266363
304237,765.6796821154336
304238,332.9104406917347
304239,575.6790543486861
304240,137.88846376103885
304241,1059.8054281302489
304242,881.0976464803618
304243,403.47554413706604
304244,665.0024528771911
304245,717.0570242229832
304246,23.327726874788244
304247,24.171928668249652
304248,-3.9706196454947174
304249,22.09136643674485
304250,15.110237616356024
304251,27.841406913641414
304252,26.89910730056001
304253,-18.690672142699768
304254,42.16993182753248
304255,-3.030254829716043
304256,44.53115886036404
304257,47.58941764180402
304258,2.376865224039725
304259,45.83118770223004
304260,134.1847580134909
304261,1032.6435274384014
304262,907.6859602188148
304263,401.7091168898933
304264,666.32236928889
304265,284.16570264562523
304266,2012.8721647550108
304267,1757.570132318476
304268,794.117381839174
304269,1358.0175715624616
304270,344.4417729742004
304271,2419.8032022212406
304272,2063.772624290426
304273,927.5215233329942
304274,1590.5065839006695
304275,113.24675137384533
304276,804.8444472943784
304277,668.2977812872068
304278,309.67975764128374
304279,537.990959585046
304280,226.81058481954258
304281,1600.9822038465825
304282,1362.8335872935804
304283,646.7844969262967
304284,1024.6499754657184
304285,258.62223792598047
304286,1893.3336207951768
304287,1625.0999473324637
304288,734.856464461449
304289,1207.5618377202804
304290,746.9131275372043
304291,630.9478003942274
304292,554.6827199153224
304293,236.84187932166438
304294,415.08613561747774
304295,596.3594388118106
304296,1256.57355522572
304297,1061.5094258821875
304298,505.10853471387605
304299,843.0758056248725
304300,360.7341190036489
304301,1476.5208631027874
304302,1245.7439004181392
304303,583.0387339720642
304304,985.9965559645626
304305,93.87001049732312
304306,656.9829335449261
304307,570.3681621845693
304308,254.1913025597915
304309,432.95598370703334
304310,182.83563766169178
304311,1301.0074090816122
304312,1097.798654062535
304313,535.698806006332
304314,873.387922548731
304315,212.06882866706883
304316,1558.570112193231
304317,1303.8123517711178
304318,613.7881142097846
304319,1015.4644112757078
304320,55.10565422138318
304321,456.6010816703344
304322,396.324658941515
304323,176.71597139163077
304324,305.7620911897457
304325,116.71083891245613
304326,952.9796178284181
304327,807.2133121270296
304328,366.77009035675
304329,621.3593387719623
304330,150.53685231929228
304331,1124.4273234860295
304332,936.763192074524
304333,420.097054645155
304334,734.8985394552145
304335,709.2423449836618
304336,28.124941978268343
304337,28.189788292828727
304338,6.357695056131541
304339,9.354483822076732
304340,23.373263617864854
304341,33.11447896379077
304342,38.003832332452575
304343,-0.12821679787655804
304344,43.64041722745593
304345,-9.250905589935044
304346,53.716313917986184
304347,51.250115615551785
304348,9.415552666347779
304349,34.19900752312199
304350,143.27942954969157
304351,1089.5737455466735
304352,950.9379718460505
304353,426.66868808973936
304354,704.0343536142791
304355,294.3393013554471
304356,2191.7217594479503
304357,1902.3939288262593
304358,846.9160496847056
304359,1429.4119030151166
304360,364.18170422196374
304361,2590.6119935473816
304362,2232.030408783094
304363,983.0082126082885
304364,1696.2847498572487
304365,127.27909158082772
304366,868.9625873515831
304367,722.2482740565931
304368,336.1861916621113
304369,566.7617903693807
304370,239.32449935741698
304371,1733.6311592538832
304372,1457.945055847704
304373,696.4700537267038
304374,1088.208614720252
304375,293.45154141540195
304376,2040.265432599226
304377,1753.7039095891905
304378,798.3501230123132
304379,1310.8589565903933
304380,744.5295697820176
304381,659.8946823900119
304382,571.2735814122104
304383,245.78372297168343
304384,442.06563720714183
304385,582.7713168346938
304386,1346.686979729593
304387,1143.5863814014053
304388,530.1256293058988
304389,898.1032599069175
304390,326.5942356201732
304391,1583.6489600184623
304392,1349.5844726917314
304393,622.1180896108908
304394,1032.421712222304
304395,98.15243802134395
304396,689.0626877362063
304397,590.7274111336812
304398,265.04404338748793
304399,461.8463824743747
304400,188.79844546997083
304401,1392.1346461758546
304402,1181.7330998562995
304403,560.7159005983542
304404,928.415376830776
304405,219.8160464114731
304406,1672.6186065900029
304407,1411.3086787946097
304408,654.6657343239641
304409,1063.6878320088026
304410,63.33605659224824
304411,479.47371896799217
304412,418.57698058650533
304413,178.86350212892705
304414,325.94727986668715
304415,131.2300308528599
304416,999.3052557971952
304417,854.4594573714736
304418,371.8692194920274
304419,656.4688275972626
304420,162.50971513999542
304421,1167.9127983402393
304422,981.8097981315987
304423,438.8304691388786
304424,760.9777545678534
304425,701.6371650153945
304426,33.45557657752004
304427,32.26472068175876
304428,-0.8932387171270145
304429,13.931968355785733
304430,56.39443886364887
304431,33.40994884339689
304432,39.219809487725655
304433,-16.1477316069893
304434,45.84504975567556
304435,-17.462361241579508
304436,53.744743715457645
304437,53.870243372792764
304438,-7.279018634102802
304439,35.72858356000381
304440,152.11843037269563
304441,1129.4829434744515
304442,1002.3446245023373
304443,441.69464730750457
304444,741.5665485538352
304445,297.6705160174096
304446,2306.4077952480684
304447,1974.5851098083601
304448,895.7815012553333
304449,1515.3812080997097
304450,392.88127796506683
304451,2716.738461059544
304452,2332.190019210497
304453,1070.1689231316273
304454,1820.5493138945517
304455,136.09458877084117
304456,909.5751800710774
304457,773.54775984626
304458,346.9423513432492
304459,598.3998334316818
304460,244.5733984938738
304461,1813.635209593386
304462,1563.2818793541257
304463,712.8684910902306
304464,1140.0865532571158
304465,303.54865711273175
304466,2151.5357385844923
304467,1873.2634769421563
304468,832.523676808282
304469,1380.5120115596994
304470,721.3065201864207
304471,738.4623462633482
304472,638.0132254981321
304473,292.9455272135576
304474,502.3698286899798
304475,434.9055091461472
304476,1518.7865241248444
304477,1271.8816484599026
304478,588.0259545847698
304479,960.2531028505002
304480,315.8946971843187
304481,1767.0586781539298
304482,1481.408053650031
304483,705.9831331233969
304484,1128.833949200351
304485,124.04385543885672
304486,761.8942417104295
304487,654.312511148005
304488,307.5428098868544
304489,517.4875362147053
304490,201.8784029552084
304491,1551.95521970181
304492,1299.4197182953005
304493,610.6476975803628
304494,982.5966914774963
304495,232.45707211913066
304496,1836.047092891907
304497,1532.523611133413
304498,730.5622495396077
304499,1152.131540689987
304500,86.07535349717028
304501,543.3715710324109
304502,470.99997675345867
304503,195.30770264285886
304504,355.0650626656323
304505,146.20325692244526
304506,1075.0259416769843
304507,916.5042834402989
304508,402.74475132796806
304509,696.542996613729
304510,173.9383684918998
304511,1284.1921824128801
304512,1090.0473542369139
304513,512.1972350962147
304514,844.5570394865643
304515,730.9447708949456
304516,33.99443954252451
304517,37.45966208720174
304518,1.4413231157244637
304519,13.987353194558624
304520,-1.1036853038738814
304521,35.65117410157178
304522,43.7922956832021
304523,-11.586563540659728
304524,51.50460835793584
304525,-15.331729618509192
304526,58.85146151569869
304527,65.71972381211876
304528,0.8576477609835702
304529,45.97752227187024
304530,170.27604916484503
304531,1242.9808158930357
304532,1097.1770432818003
304533,488.2182553568438
304534,808.7999966180342
304535,357.924830644679
304536,2519.9581486771654
304537,2123.4363221280882
304538,983.0691884448463
304539,1617.5397575219692
304540,413.64070925444645
304541,3033.010028288601
304542,2588.1941589312078
304543,1188.0236184387013
304544,1939.9797717002157
304545,149.11590050732306
304546,1003.3676448843183
304547,845.2514805011589
304548,371.95713798412913
304549,648.0071998361985
304550,295.7868573336629
304551,1970.9680990156633
304552,1716.926059515248
304553,793.1634243242161
304554,1238.0954468214964
304555,326.07199452802075
304556,2349.28930872418
304557,2016.148872388001
304558,947.9972315638149
304559,1488.5265855060445
304560,760.6956464650887
304561,587.2689292796168
304562,521.2905602488775
304563,216.8498843438947
304564,400.3876585440782
304565,722.9773729354497
304566,1193.1776392201166
304567,1020.9193865064731
304568,470.868390668961
304569,796.4985530868719
304570,460.9738424327507
304571,1408.7673136056765
304572,1203.4566883223486
304573,562.9674356936152
304574,908.3592637526774
304575,103.68779851229098
304576,609.4801491679767
304577,532.7827018657324
304578,229.95798799336308
304579,414.0161870449752
304580,185.72865309835
304581,1229.602438424009
304582,1048.8301726447676
304583,493.03220098309697
304584,818.3842090324106
304585,201.215537433617
304586,1467.5694702416702
304587,1237.9086598308243
304588,585.2903549530158
304589,929.4006580855028
304590,53.683025662260825
304591,424.36135067122535
304592,374.00225200051847
304593,163.02221462034427
304594,297.36185232282935
304595,113.78030373390149
304596,903.2380347115296
304597,765.7224885986425
304598,333.3002406133339
304599,575.5523805354604
304600,138.21851578857
304601,1057.8933640151424
304602,881.1404529635707
304603,403.86534405866524
304604,664.8757790639654
304605,717.8280848922876
304606,21.85667140145508
304607,24.65574379323202
304608,-3.139811082122295
304609,22.4057012652926
304610,24.434877083917893
304611,25.92934279853488
304612,26.941913783769003
304613,-18.300872221100732
304614,42.04325801430687
304615,-2.70020280218485
304616,42.61909474525751
304617,47.632224125013025
304618,2.766665145638768
304619,45.70451388900443
304620,136.82586843154397
304621,1029.5553914430418
304622,905.68212972072
304623,405.4937876741602
304624,666.4635570777369
304625,286.3499475497851
304626,2016.5212866234924
304627,1762.3035596842233
304628,797.4610439816672
304629,1357.7177507095353
304630,352.4280240900784
304631,2429.2543303014404
304632,2074.30805786789
304633,936.6671916872056
304634,1596.0087692594611
304635,118.63225463887751
304636,804.5007041459977
304637,673.3960390079168
304638,316.20882127252963
304639,540.8765402208721
304640,232.1802312124547
304641,1607.8167272038172
304642,1375.1101115199058
304643,653.3135605575425
304644,1027.5355561015444
304645,269.79389053061084
304646,1905.9701503641295
304647,1643.178477770507
304648,747.1875343044129
304649,1216.2494245678245
304650,759.8440955181737
304651,586.916346542918
304652,520.9379775121787
304653,215.7837091906299
304654,400.6995332220776
304655,722.1258219885348
304656,1192.825056483418
304657,1020.566803769774
304658,469.8022155156962
304659,797.905620887199
304660,468.04331388422895
304661,1408.4147308689778
304662,1203.10410558565
304663,561.9012605403503
304664,912.0401100677669
304665,102.83624756537608
304666,609.127566431278
304667,532.4301191290336
304668,228.89181284009828
304669,414.3280617229746
304670,184.87710215143508
304671,1229.2498556873104
304672,1048.477589908069
304673,491.9660258298322
304674,819.7912768327377
304675,200.36398648670203
304676,1467.2168875049715
304677,1237.5560770941256
304678,584.2241797997509
304679,933.0815044005923
304680,52.83147471534588
304681,424.0087679345266
304682,373.6496692638197
304683,161.95603946707948
304684,297.67372700082876
304685,112.92875278698656
304686,902.8854519748309
304687,765.3699058619437
304688,332.23406546006913
304689,577.364600154855
304690,137.36696484165503
304691,1057.5407812784438
304692,880.787870226872
304693,402.79916890540045
304694,666.68799868336
304695,716.0617322059426
304696,21.504088664756324
304697,24.30316105653327
304698,-2.1460630693744176
304699,22.71757594329199
304700,29.21404896782707
304701,25.57676006183615
304702,26.589331047070253
304703,-17.307124208352857
304704,41.27248002002497
304705,3.6153037630261915
304706,42.26651200855876
304707,47.27964138831429
304708,3.7604131583866454
304709,44.93373589472253
304710,135.2408080050396
304711,1028.4692992267537
304712,904.5960375044319
304713,404.0972243106844
304714,666.7754317557363
304715,284.7648871232807
304716,2015.435194407204
304717,1761.2174674679352
304718,796.0644806181913
304719,1360.5696438564046
304720,342.38013480187476
304721,2419.705409223453
304722,2064.7591367899026
304723,928.4787564015392
304724,1592.0687904841402
304725,117.04719421237318
304726,803.4146119297096
304727,672.3099467916287
304728,314.8122579090538
304729,541.1884148988715
304730,230.5951707859503
304731,1606.7306349875291
304732,1374.0240193036177
304733,651.9169971940665
304734,1030.3874492484138
304735,259.7460012424072
304736,1896.4212292861425
304737,1633.62955669252
304738,738.9990990187465
304739,1212.3094457925035
304740,760.1488767022853
304741,588.8594208012862
304742,520.9261811722314
304743,211.6105779782964
304744,402.9717380950788
304745,721.8267801042653
304746,1194.7681307417863
304747,1020.5550074298269
304748,465.6290843033628
304749,796.3649072643378
304750,455.52339699707807
304751,1410.3578051273462
304752,1203.0923092457026
304753,557.7281293280168
304754,910.4993964449058
304755,102.53720568110667
304756,611.0706406896462
304757,532.4183227890863
304758,224.71868162776477
304759,416.6002665959758
304760,184.57806026716563
304761,1231.1929299456788
304762,1048.4657935681216
304763,487.79289461749863
304764,818.2505632098765
304765,200.06494460243258
304766,1469.1599617633399
304767,1237.5442807541783
304768,580.0510485874174
304769,931.5407907777311
304770,52.53243283107642
304771,425.95184219289484
304772,373.6378729238724
304773,157.782908254746
304774,299.94593187383
304775,112.62971090271711
304776,904.8285262331991
304777,765.3581095219964
304778,328.0609342477356
304779,575.8238865319938
304780,137.06792295738558
304781,1059.4838555368121
304782,880.7760738869247
304783,398.6260376930669
304784,665.1472850604988
304785,715.1966627650487
304786,23.447162923124587
304787,24.291364716585996
304788,-6.319194281707948
304789,24.98978081629317
304790,36.013971117924044
304791,27.519834320204406
304792,26.577534707122975
304793,-21.480255420686387
304794,45.527044519908785
304795,10.41522591312317
304796,44.20958626692702
304797,47.267845048367015
304798,-0.41271805394685895
304799,49.188300394606344
304800,134.57799966688182
304801,1033.5357373020086
304802,908.578170082422
304803,400.97716582202827
304804,670.1007093524149
304805,284.26182034715043
304806,2008.3309127248253
304807,1753.0288802882906
304808,792.9444221295353
304809,1358.2457609739597
304810,341.87706802574445
304811,2412.6011275410738
304812,2056.57054961026
304813,925.3586979128831
304814,1589.7449076016953
304815,116.3843858742154
304816,808.4810500049648
304817,671.9343839977932
304818,311.6921994203977
304819,544.5136924955501
304820,230.09210400982008
304821,1599.6263533051495
304822,1361.4777367521474
304823,648.7969387054105
304824,1028.0635663659693
304825,259.2429344662769
304826,1889.3169476037629
304827,1621.0832741410497
304828,735.8790405300905
304829,1209.9855629100587
304830,759.9375598736069
304831,585.2757409998824
304832,517.3425013708274
304833,218.45083796578683
304834,387.44491434632727
304835,727.4523003228708
304836,1191.1844509403825
304837,1016.9713276284233
304838,472.4693442908531
304839,781.6153908744004
304840,461.55526967050463
304841,1406.0263110164094
304842,1198.7608151347658
304843,563.8205750059742
304844,897.1311028705733
304845,102.27868485003268
304846,607.4869608882423
304847,528.8346429876824
304848,231.5589416152552
304849,401.07344284722427
304850,184.31953943609162
304851,1227.609250144275
304852,1044.8821137667178
304853,494.63315460498904
304854,803.5010468199391
304855,199.0586094618255
304856,1464.828467652403
304857,1233.2127866432415
304858,586.1434942653748
304859,918.1724972033986
304860,52.273912000002426
304861,422.36816239149096
304862,370.0541931224685
304863,164.62316824223637
304864,287.5639599805661
304865,112.3711900716431
304866,901.2448464317952
304867,761.7744297205925
304868,334.90119423522606
304869,564.219221997544
304870,136.0615878167785
304871,1055.1523614258754
304872,876.4445797759877
304873,404.7184833710243
304874,654.9238433416539
304875,714.9381419339746
304876,19.86348312172069
304877,20.707684915182114
304878,0.521065705782464
304879,17.783388250339634
304880,26.760862846819368
304881,23.936154518800503
304882,22.993854905719093
304883,-14.639995433195962
304884,38.320651953955235
304885,10.156705082049191
304886,40.625906465523116
304887,43.684165246963104
304888,6.427541933543547
304889,41.981907828652794
304890,134.31947883580781
304891,1016.0113680608911
304892,891.0538008413047
304893,407.8174258095187
304894,647.9572992686635
304895,284.00329951607637
304896,1990.806543483708
304897,1735.5045110471733
304898,799.7846821170257
304899,1336.102350890208
304900,341.61854719467044
304901,2395.0767582999565
304902,2039.0461803691448
304903,932.1989579003734
304904,1567.6014975179437
304905,116.12586504314139
304906,796.8298926419019
304907,660.2832266347303
304908,318.53245940788815
304909,531.7203439311573
304910,229.83358317874604
304911,1587.9751959420864
304912,1349.8265793890844
304913,655.6371986929009
304914,1015.2702178015758
304915,258.9844136352029
304916,1877.6657902406998
304917,1609.4321167779867
304918,742.7193005175808
304919,1197.1922143456661
304920,747.0931493979119
304921,624.7543490576733
304922,548.4892685787681
304923,237.6775215398919
304924,401.3780800160622
304925,621.8189637345889
304926,1246.4707176319064
304927,1051.406588288374
304928,507.0137063670577
304929,827.8760607714738
304930,366.7085903797841
304931,1465.2214712127634
304932,1234.4445085281152
304933,583.747351329035
304934,974.0030724548539
304935,94.00282835563516
304936,645.9296508392142
304937,559.3148794788574
304938,250.16711340886135
304939,414.3880967364602
304940,183.54347790390457
304941,1282.478110509479
304942,1079.2693554904017
304943,529.1775166811937
304944,849.7617167170125
304945,211.0050922291703
304946,1538.8442593248872
304947,1284.086498902774
304948,606.0702705884356
304949,995.0444667876792
304950,55.23847207969522
304951,449.27574030868436
304952,388.99931757986496
304953,176.41972358476227
304954,294.066997418722
304955,117.41867915466895
304956,938.1782606003466
304957,792.411954898958
304958,363.9767423756735
304959,605.0110779588605
304960,149.47311588139374
304961,1108.4294119617475
304962,920.765280550242
304963,416.107152367868
304964,719.4827614710402
304965,707.579556825088
304966,20.79960061661819
304967,20.86444693117861
304968,8.121370415275736
304969,2.834969378363158
304970,57.69773227322469
304971,21.20083247876485
304972,26.09018584742665
304973,2.026069130105066
304974,37.79041963496445
304975,11.103359185357386
304976,42.57460831724349
304977,40.10841001480911
304978,12.341779478612622
304979,29.12095081491372
304980,142.31497147452583
304981,1068.3153525888683
304982,929.6795788882456
304983,421.85531569794847
304984,678.3910852780562
304985,296.94761137028553
304986,2153.321268148701
304987,1863.9934375270093
304988,842.1102144013175
304989,1400.0462291048261
304990,354.9141588471264
304991,2543.748673386434
304992,2185.1670886221464
304993,971.4105054027098
304994,1660.1272040247675
304995,126.31463350566202
304996,848.4698272657697
304997,701.7555139707797
304998,334.8957749536443
304999,553.9915392358405
305000,241.93280937225546
305001,1695.9963008266243
305002,1420.310197420445
305003,695.1871741266397
305004,1071.7159580126445
305005,284.1839960405646
305006,1994.1677453102682
305007,1707.6062223002327
305008,790.2753714900588
305009,1287.5744279605951
305010,743.1486029299564
305011,653.7012310534577
305012,565.0801300756561
305013,246.61936518991084
305014,428.3575816057263
305015,606.9829872684879
305016,1336.5841421357795
305017,1133.4835438075918
305018,532.0308009590802
305019,882.9035150535188
305020,323.4429565998962
305021,1571.7758102564328
305022,1337.711322929702
305023,622.2529490958563
305024,1019.8544708405901
305025,98.28525587965606
305026,678.0094050304943
305027,579.6741284279693
305028,261.0198542365579
305029,443.2784955038016
305030,189.50628571218363
305031,1373.6053476037214
305032,1163.2038012841663
305033,554.1946112732159
305034,904.7891709990575
305035,215.5018886879173
305036,1647.4657352942786
305037,1386.1558074988855
305038,646.3741328306097
305039,1042.694129648768
305040,63.46887445056029
305041,472.14837760634214
305042,411.2516392248553
305043,178.56725432205855
305044,314.25218609566343
305045,131.93787109507272
305046,984.5038985691236
305047,839.6581001434021
305048,369.0758715109509
305049,640.1205667841608
305050,158.1955574164396
305051,1148.6644655303
305052,962.5614653216593
305053,434.2668089895861
305054,744.9882187116737
305055,699.9743768568208
305056,26.13023521586987
305057,24.9393793201086
305058,0.8704366420171783
305059,7.412453912072167
305060,90.71890751900867
305061,21.496302358370965
305062,27.30616300269975
305063,-13.993445679007689
305064,39.99505216318407
305065,2.8919035337129264
305066,42.603038114714955
305067,42.728537772050075
305068,-4.352791821837955
305069,30.650526851795533
305070,151.1539722975299
305071,1108.2245505166463
305072,981.0862315445324
305073,436.88127491571356
305074,715.9232802176123
305075,300.27882603224805
305076,2268.0073039488193
305077,1936.1846185091101
305078,890.9756659719452
305079,1486.0155341894192
305080,383.61373259022946
305081,2669.8751408985963
305082,2285.3266990495495
305083,1058.571215926049
305084,1784.3917680620705
305085,135.13013069567543
305086,889.082419985264
305087,753.0549997604465
305088,345.6519346347822
305089,585.6295822981416
305090,247.18170850871218
305091,1776.000351166127
305092,1525.6470209268668
305093,711.5856114901665
305094,1123.593896549508
305095,294.2811117378944
305096,2105.438051295536
305097,1827.1657896531985
305098,824.4489252860275
305099,1357.2274829299013
305100,716.3352044079242
305101,729.8924816678108
305102,629.4433609025947
305103,293.75513863353297
305104,482.3566191296765
305105,437.33201912770306
305106,1510.2166595293068
305107,1263.311783864365
305108,588.8355660047453
305109,939.6515920705322
305110,311.02347276878993
305111,1758.5889049213602
305112,1472.9382804174613
305113,706.8928359063405
305114,1107.6502132205153
305115,120.58632437073312
305116,753.3243771148921
305117,645.7426465524676
305118,308.35242130682974
305119,497.4743266544017
305120,198.42087188708476
305121,1543.3853551062723
305122,1290.849853699763
305123,611.4573090003382
305124,961.9951806975282
305125,225.70679788937164
305126,1818.4765631056832
305127,1514.9530813471893
305128,730.468581764573
305129,1130.9478047101513
305130,82.61782242904675
305131,534.8017064368735
305132,462.4301121579211
305133,196.11731406283425
305134,338.1967049608167
305135,142.74572585432165
305136,1066.4560770814467
305137,907.9344188447615
305138,403.5543627479434
305139,679.4914895083159
305140,167.1880942621408
305141,1268.7982497683797
305142,1074.6534215924135
305143,512.1035673211802
305144,824.6495286665221
305145,728.5191984174899
305146,26.91629771648403
305147,30.381520261161295
305148,5.802580471209583
305149,9.089134425901522
305150,10.398496291163687
305151,28.57303227553132
305152,36.71415385716166
305153,-7.225306185174602
305154,48.85821333893547
305155,5.4139832581334595
305156,49.39622722256332
305157,56.26448951898341
305158,6.0859380896744115
305159,40.11639858131866
305160,161.99321682655793
305161,1215.129189676636
305162,1069.3254170654006
305163,484.9694532299228
305164,764.3511258520779
305165,349.8017398684194
305166,2479.9358027031326
305167,2083.4139761540555
305168,979.8203863179247
305169,1571.3338615408134
305170,398.20902203672006
305171,2982.1477609857748
305172,2537.3318916283815
305173,1178.849977362795
305174,1883.7672751253183
305175,145.8906385086887
305176,982.2615161880999
305177,824.1453518049404
305178,373.7659061968605
305179,628.86238607763
305180,292.721336897056
305181,1937.6912505618093
305182,1683.649211061394
305183,794.9721925369475
305184,1217.193607847729
305185,315.6978776499471
305186,2305.1725389415337
305187,1972.0321026053532
305188,943.8811608275616
305189,1457.6181459385357
305190,757.6369950924241
305191,580.1838279935922
305192,514.2054589628528
305193,218.01117145693328
305194,380.7261246768381
305195,727.0034130990532
305196,1186.0925379340918
305197,1013.8342852204477
305198,472.0296777819996
305199,774.8966012049116
305200,465.0062862346919
305201,1401.7823036826196
305202,1196.4716783992917
305203,564.2288141696221
305204,886.1750866708503
305205,100.58194313723072
305206,602.3950478819521
305207,525.6976005797078
305208,231.11927510640166
305209,394.3546531777351
305210,182.62279772328955
305211,1222.5173371379842
305212,1041.7450713587427
305213,494.1934880961356
305214,796.7822571504503
305215,197.49360231057298
305216,1456.3369643203343
305217,1226.6761539094884
305218,585.5483628710443
305219,907.2164810036757
305220,50.57717028720042
305221,417.2762493852005
305222,366.91715071449363
305223,164.18350173338283
305224,280.8451703110769
305225,110.67444835884113
305226,896.152933425505
305227,758.6373873126179
305228,334.4615277263724
305229,557.5004323280551
305230,134.49658066552598
305231,1046.6608580938066
305232,869.9079470422353
305233,404.1233519766935
305234,643.9678271419309
305235,715.7541881078951
305236,16.2632928849274
305237,19.062365276704362
305238,1.5731219664259926
305239,17.859158189698668
305240,46.19634154288245
305241,19.564023397724004
305242,20.576594382958135
305243,-14.35988005683564
305244,37.624481009031086
305245,18.39718576752102
305246,34.64862376163491
305247,39.66175314139044
305248,8.34663116739278
305249,38.84294909646065
305250,128.89471178632004
305251,997.8968783844066
305252,874.023616662086
305253,402.596661240302
305254,622.3663620048437
305255,278.5785324665887
305256,1972.692053807224
305257,1718.4743268679542
305258,794.5639175478092
305259,1310.5114136263876
305260,337.34801256541516
305261,2374.5851761563786
305262,2019.6389037228307
305263,927.8452263043627
305264,1538.795831582572
305265,115.75866833330646
305266,788.2182232969313
305267,657.1135581588504
305268,318.36926517832416
305269,522.0834021553668
305270,229.46638646891103
305271,1579.3635265971154
305272,1346.656910913204
305273,655.4740044633372
305274,1005.6332760257852
305275,259.77144934560033
305276,1866.6770284286338
305277,1603.8853558350113
305278,743.4231392612228
305279,1184.3405438983234
305280,758.3331000096858
305281,576.2811153998522
305282,512.6537505878463
305283,215.77640331657787
305284,382.1671056226946
305285,727.699518016315
305286,1182.1898253403517
305287,1012.2825768454411
305288,469.7949096416442
305289,776.3375821507681
305290,473.62341355034687
305291,1397.8795910888796
305292,1194.919970024285
305293,561.9940460292667
305294,887.6160676167068
305295,97.75242350979669
305296,598.4923352882121
305297,524.1458922047012
305298,228.88450696604625
305299,395.7956341235916
305300,179.79327809585558
305301,1218.6146245442442
305302,1040.193362983736
305303,491.95871995578017
305304,798.2232380963068
305305,194.664082683139
305306,1452.4342517265943
305307,1225.1244455344818
305308,583.3135947306889
305309,908.6574619495321
305310,47.74765065976641
305311,413.37353679146054
305312,365.3654423394871
305313,161.9487335930274
305314,282.2861512569334
305315,107.8449287314071
305316,892.250220831765
305317,757.0856789376113
305318,332.226759586017
305319,558.9414132739116
305320,131.667061038092
305321,1042.7581455000666
305322,868.3562386672287
305323,401.8885838363381
305324,645.4088080877874
305325,714.7119518281092
305326,14.147863638835613
305327,19.29794024934602
305328,1.1256371737187567
305329,19.61749272833679
305330,45.15410526309664
305331,17.448594151632214
305332,20.812169355599792
305333,-14.807364849542882
305334,39.382815547669225
305335,17.354949487735187
305336,32.53319451554313
305337,39.897328114032106
305338,7.899146374685549
305339,40.60128363509878
305340,119.83998544040223
305341,983.2516273205595
305342,861.7293698169724
305343,389.6193546298394
305344,624.1246965434818
305345,269.52380612067077
305346,1958.0468027433772
305347,1706.1800800228407
305348,781.5866109373467
305349,1312.2697481650257
305350,328.29328621949725
305351,2359.939925092531
305352,2007.3446568777172
305353,914.8679196939001
305354,1540.55416612121
305355,113.19119876037323
305356,784.5775607576921
305357,655.8238998383447
305358,316.3965470924695
305359,523.8417366940049
305360,226.8989168959778
305361,1575.7228640578762
305362,1345.3672525926982
305363,653.5012863774826
305364,1007.3916105644233
305365,257.2039797726671
305366,1863.0363658893946
305367,1602.5956975145054
305368,741.4504211753682
305369,1186.0988784369615
305370,758.9363878717071
305371,578.5226963361301
305372,512.9404609258087
305373,215.71612021615024
305374,382.10682252226695
305375,727.6989828099552
305376,1184.4314062766298
305377,1012.5692871834035
305378,469.7346265412166
305379,776.2772990503404
305380,461.4020033411057
305381,1400.1211720251576
305382,1195.2066803622474
305383,561.933762928839
305384,887.5557845162791
305385,97.7518883034369
305386,600.73391622449
305387,524.4326025426636
305388,228.82422386561862
305389,395.73535102316396
305390,179.79274288949577
305391,1220.8562054805222
305392,1040.4800733216985
305393,491.89843685535254
305394,798.1629549958791
305395,194.6635474767792
305396,1454.6758326628724
305397,1225.4111558724442
305398,583.2533116302612
305399,908.5971788491045
305400,47.74711545340662
305401,415.6151177277385
305402,365.6521526774495
305403,161.8884504925998
305404,282.2258681565058
305405,107.84439352504731
305406,894.4918017680429
305407,757.3723892755737
305408,332.1664764855894
305409,558.8811301734839
305410,131.6665258317322
305411,1044.9997264363446
305412,868.6429490051911
305413,401.8283007359105
305414,645.3485249873597
305415,714.7114166217494
305416,16.389444575113558
305417,19.584650587308438
305418,1.0653540732911226
305419,19.557209627909156
305420,45.153570056736854
305421,19.690175087910163
305422,21.09887969356221
305423,-14.867647949970515
305424,39.322532447241585
305425,17.3544142813754
305426,34.77477545182107
305427,40.18403845199452
305428,7.838863274257915
305429,40.54100053467114
305430,119.83945023404245
305431,988.9803385276125
305432,866.3737755267604
305433,390.6121442530892
305434,625.1174861667316
305435,269.52327091431096
305436,1963.7755139504302
305437,1710.8244857326288
305438,782.5794005605965
305439,1313.2625377882757
305440,328.29275101313743
305441,2365.6686362995843
305442,2011.9890625875053
305443,915.8607093171499
305444,1541.54695574446
305445,113.19066355401344
305446,790.3062719647452
305447,656.1106101763071
305448,317.3893367157193
305449,524.8345263172547
305450,226.89838168961802
305451,1581.4515752649293
305452,1345.6539629306606
305453,654.4940760007324
305454,1008.3844001876731
305455,257.20344456630727
305456,1868.7650770964476
305457,1602.8824078524678
305458,742.443210798618
305459,1187.0916680602115
305460,758.9363878717071
305461,578.5226963361301
305462,512.9404609258087
305463,215.71612021615024
305464,382.10682252226695
305465,727.6989828099552
305466,1184.4314062766298
305467,1012.5692871834035
305468,469.7346265412166
305469,776.2772990503404
305470,461.4020033411057
305471,1400.1211720251576
305472,1195.2066803622474
305473,561.933762928839
305474,887.5557845162791
305475,97.7518883034369
305476,600.73391622449
305477,524.4326025426636
305478,228.82422386561862
305479,395.73535102316396
305480,179.79274288949577
305481,1220.8562054805222
305482,1040.4800733216985
305483,491.89843685535254
305484,798.1629549958791
305485,194.6635474767792
305486,1454.6758326628724
305487,1225.4111558724442
305488,583.2533116302612
305489,908.5971788491045
305490,47.74711545340662
305491,415.6151177277385
305492,365.6521526774495
305493,161.8884504925998
305494,282.2258681565058
305495,107.84439352504731
305496,894.4918017680429
305497,757.3723892755737
305498,332.1664764855894
305499,558.8811301734839
305500,131.6665258317322
305501,1044.9997264363446
305502,868.6429490051911
305503,401.8283007359105
305504,645.3485249873597
305505,714.7114166217494
305506,16.389444575113558
305507,19.584650587308438
305508,1.0653540732911226
305509,19.557209627909156
305510,36.1589826167062
305511,19.690175087910163
305512,21.09887969356221
305513,-14.867647949970515
305514,39.322532447241585
305515,17.3544142813754
305516,34.77477545182107
305517,40.18403845199452
305518,7.838863274257915
305519,40.54100053467114
305520,119.83945023404245
305521,995.071270202761
305522,872.4647072019087
305523,396.70307592823747
305524,631.20841784188
305525,269.52327091431096
305526,1969.8664456255785
305527,1716.915417407777
305528,788.6703322357448
305529,1319.353469463424
305530,328.29275101313743
305531,2371.7595679747324
305532,2018.0799942626536
305533,921.9516409922983
305534,1547.6378874196084
305535,113.19066355401344
305536,790.3062719647452
305537,656.1106101763071
305538,317.3893367157193
305539,524.8345263172547
305540,226.89838168961802
305541,1581.4515752649293
305542,1345.6539629306606
305543,654.4940760007324
305544,1008.3844001876731
305545,257.20344456630727
305546,1868.7650770964476
305547,1602.8824078524678
305548,742.443210798618
305549,1187.0916680602115
305550,746.0919773960121
305551,618.001304393921
305552,544.0872281337494
305553,234.9428037902553
305554,396.0399881920019
305555,649.5536451624895
305556,1239.7176729681537
305557,1047.0045478433547
305558,504.2789886174212
305559,822.5379689474138
305560,367.00406403706256
305561,1459.7650722081892
305562,1231.3391137422743
305563,582.3092792385772
305564,964.8764940872371
305565,89.47603180903937
305566,639.176606175462
305567,554.9128390338386
305568,247.43239565922477
305569,409.0500049123999
305570,179.01668135730873
305571,1275.7250658457262
305572,1074.8673150453824
305573,526.4427989315573
305574,844.4236248929525
305575,204.38210681714963
305576,1524.287103766659
305577,1271.8803475632792
305578,603.6288279399995
305579,985.9178884200625
305580,50.71167553309942
305581,442.5226956449319
305582,384.59727713484597
305583,173.68500583512568
305584,288.7289055946617
305585,112.89188260807317
305586,931.4252159365943
305587,788.0099144539392
305588,361.2420246260368
305589,599.6729861348005
305590,142.85013046937308
305591,1096.0488535452425
305592,910.7357263524709
305593,413.6657097194316
305594,710.3561831034235
305595,707.6676082336941
305596,17.325562070011056
305597,19.741412603304934
305598,8.665658782784389
305599,4.608790755932707
305600,60.46896410838795
305601,17.726793932157715
305602,24.967151519552967
305603,2.5703574976137094
305604,39.564241012534
305605,12.345643014195572
305606,36.72347730354144
305607,36.6082832198405
305608,13.753100819326997
305609,27.680043520932035
305610,127.83494287276044
305611,1047.3752547307388
305612,911.0904852488496
305613,410.74096581666714
305614,665.2081268191777
305615,282.4675827685201
305616,2132.381170290572
305617,1845.404343887613
305618,830.9958645200367
305619,1386.8632706459468
305620,341.58836266559337
305621,2520.4314830612097
305622,2164.200902515656
305623,961.1631884946347
305624,1643.7295168943374
305625,123.379432016534
305626,841.946206588613
305627,697.5828975123565
305628,333.7526522614755
305629,547.1057216219378
305630,238.9976078831274
305631,1689.4726801494671
305632,1416.1375809620213
305633,694.0440514344712
305634,1064.8301403987416
305635,282.40302697166896
305636,1985.267032166016
305637,1701.0565133747139
305638,789.999281771096
305639,1277.4738816751405
305640,742.4528312983634
305641,646.0712197224128
305642,559.8011229633447
305643,246.19211064489434
305644,421.97623527125853
305645,635.0230690666954
305646,1328.9541308047342
305647,1128.2045366952798
305648,531.6035464140641
305649,873.2740675828923
305650,324.617588499487
305651,1566.0162024565714
305652,1334.3027193485739
305653,623.6960980820242
305654,1007.0102946984123
305655,94.0638597033671
305656,670.3793936994495
305657,574.3951213156579
305658,260.59259969154147
305659,436.89714916933383
305660,185.28488953589462
305661,1365.975336272676
305662,1157.9247941718543
305663,553.7673567281997
305664,895.159723528431
305665,212.43472493186073
305666,1637.4586314961382
305667,1378.4997079194784
305668,646.8139112587993
305669,1029.8499535065912
305670,59.24747827427133
305671,464.518366275297
305672,405.97263211254364
305673,178.13999977704208
305674,307.87083976119567
305675,127.71647491878369
305676,976.8738872380787
305677,834.3790930310906
305678,368.64861696593437
305679,630.4911193135342
305680,155.12839366038304
305681,1138.6573617321596
305682,954.9053657422529
305683,434.7065874177753
305684,732.1440425694958
305685,700.3678286357336
305686,21.779230001970085
305687,22.939378324942265
305688,3.722188214145965
305689,8.14302077923423
305690,87.41761495991616
305691,17.145297144471183
305692,25.306162007533416
305693,-11.14169410687891
305694,43.054490614199736
305695,4.439587732857935
305696,35.87494043372025
305697,38.351444309788825
305698,-0.6340072765034641
305699,30.495236631259964
305700,136.97934406607132
305701,1086.4074859912241
305702,961.6201712378438
305703,428.0743882390525
305704,701.6970672483263
305705,286.1041978007894
305706,2246.1902394233975
305707,1916.7185582024213
305708,882.1687792952845
305709,1465.916304042177
305710,370.59333677900327
305711,2645.6809839060797
305712,2263.4835462757665
305713,1050.6313622225937
305714,1761.077809243277
305715,132.50032957685423
305716,881.6818326408146
305717,748.0054166347306
305718,346.8162751472335
305719,577.7005101738315
305720,244.55190738989097
305721,1768.5997638216772
305722,1520.5974378011504
305723,712.7499520026181
305724,1109.7918072472416
305725,292.8055430393056
305726,2095.660371483992
305727,1819.739114060387
305728,826.4802987716848
305729,1340.2106649560837
305730,712.3815281114902
305731,725.1128024067781
305732,627.0146858602955
305733,293.8278336977977
305734,482.75434556512556
305735,470.16356021633686
305736,1505.436980268274
305737,1260.8831088220657
305738,588.90826106901
305739,936.8012173698221
305740,307.069796472356
305741,1753.8092256603275
305742,1470.509605375162
305743,706.9655309706052
305744,1104.7998385198052
305745,118.0622051136059
305746,748.5446978538594
305747,643.3139715101684
305748,308.4251163710945
305749,497.87205308985074
305750,195.89675262995758
305751,1538.6056758452396
305752,1288.4211786574635
305753,611.530004064603
305754,959.1448059968181
305755,223.18267863224446
305756,1813.6968838446505
305757,1512.52440630489
305758,730.5412768288377
305759,1128.0974300094413
305760,80.09370317191954
305761,530.0220271758408
305762,460.0014371156219
305763,196.19000912709896
305764,338.59443139626575
305765,140.22160659719447
305766,1061.676397820414
305767,905.5057438024622
305768,403.62705781220814
305769,676.6411148076058
305770,164.6639750050136
305771,1264.018570507347
305772,1072.224746550114
305773,512.1762623854449
305774,821.799153965812
305775,727.7823625080109
305776,23.923901803099586
305777,29.740128566510297
305778,7.662558883122486
305779,9.804214454132163
305780,9.661660381684694
305781,25.58063636214687
305782,36.07276216251067
305783,-5.3653277732617175
305784,51.90216495101973
305785,4.677147348654441
305786,46.40383130917888
305787,55.62309782433241
305788,7.94591650158731
305789,43.16035019340292
305790,153.2438908509469
305791,1205.6979036206449
305792,1062.2451352281428
305793,480.3905414992285
305794,774.7230605233619
305795,341.05241389280826
305796,2470.504516647141
305797,2076.3336943167974
305798,975.2414745872309
305799,1575.832779034142
305800,389.45969606110896
305801,2972.716474929783
305802,2530.2516097911234
305803,1174.2710656321012
305804,1888.266192618647
305805,143.6285693060623
305806,977.743886981568
305807,821.978726817142
305808,374.100651315626
305809,629.5774661058607
305810,290.45926769442957
305811,1933.1736213552774
305812,1681.4825860735955
305813,795.3069376557131
305814,1212.0356706980037
305815,313.43580844732065
305816,2300.654909735002
305817,1969.8654776175547
305818,944.2159059463272
305819,1452.4602087888104
305820,760.5117177119961
305821,578.4597331021624
305822,514.8323682901565
305823,217.95502101888806
305824,380.6699742387928
305825,735.1249515707493
305826,1184.368443042662
305827,1014.4611945477513
305828,471.97352734395434
305829,774.8404507668664
305830,467.8810088542639
305831,1400.0582087911898
305832,1197.0985877265953
305833,564.1726637315769
305834,886.1189362328051
305835,99.93104121210688
305836,600.6709529905223
305837,526.3245099070115
305838,231.06312466835644
305839,394.2985027396898
305840,181.97189579816578
305841,1220.7932422465544
305842,1042.3719806860463
305843,494.1373376580903
305844,796.7261067124051
305845,196.84270038544918
305846,1454.6128694289046
305847,1227.303063236792
305848,585.4922124329992
305849,907.1603305656305
305850,49.926268362076584
305851,415.5521544937707
305852,367.54406004179725
305853,164.1273512953376
305854,280.78901987303163
305855,110.02354643371729
305856,894.4288385340752
305857,759.2642966399216
305858,334.40537728832714
305859,557.44428189001
305860,133.84567874040218
305861,1044.9367632023768
305862,870.5348563695389
305863,404.06720153864825
305864,643.9116767038857
305865,714.9676972379369
305866,14.856551586279238
305867,20.00662819678965
305868,1.834325121162382
305869,18.120361344435057
305870,87.58373718826083
305871,18.15728209907584
305872,21.52085730304342
305873,-14.098676902099244
305874,37.88568416376748
305875,29.207732335972963
305876,33.24188246298675
305877,40.60601606147573
305878,8.60783432212917
305879,39.10415225119704
305880,128.56116345397785
305881,1002.5810687609069
305882,881.0588112573197
305883,408.94879607018663
305884,632.2844198026336
305885,278.2449841342464
305886,1977.3762441837243
305887,1731.5704932277044
305888,800.916052377694
305889,1320.4294714241776
305890,337.0144642330729
305891,2379.2693665328784
305892,2026.6740983180644
305893,934.1973611342474
305894,1548.713889380362
305895,115.42512000096424
305896,786.8114819982832
305897,658.0578210789357
305898,318.6304683330605
305899,522.3446053101032
305900,229.13283813656884
305901,1577.9567852984674
305902,1347.6011738332893
305903,655.7352076180737
305904,1005.8944791805217
305905,259.43790101325806
305906,1865.2702871299857
305907,1604.8296187550966
305908,743.6843424159592
305909,1184.6017470530599
305910,760.7305312431575
305911,578.6785466333239
305912,515.051181821318
305913,217.37560465512934
305914,381.28075651727096
305915,735.3437651019108
305916,1184.5872565738234
305917,1014.6800080789128
305918,471.3941109801956
305919,777.3452198655175
305920,476.0208447838186
305921,1400.2770223223513
305922,1197.3174012577567
305923,563.5932473678182
305924,888.6237053314562
305925,100.14985474326835
305926,600.8897665216838
305927,526.5433234381729
305928,230.4837083045977
305929,394.90928501816796
305930,182.19070932932723
305931,1221.012055777716
305932,1042.5907942172078
305933,493.55792129433155
305934,799.2308758110562
305935,197.06151391661066
305936,1454.831682960066
305937,1227.5218767679535
305938,584.9127960692405
305939,909.6650996642816
305940,50.145081893238064
305941,415.77096802493213
305942,367.7628735729587
305943,163.54793493157888
305944,281.3998021515098
305945,110.24235996487876
305946,894.6476520652367
305947,759.483110171083
305948,333.8259609245684
305949,559.949050988661
305950,134.06449227156367
305951,1045.1555767335383
305952,870.7536699007004
305953,403.4877851748895
305954,646.4164458025368
305955,714.9676972379369
305956,14.856551586279238
305957,20.00662819678965
305958,1.834325121162382
305959,18.120361344435057
305960,87.58373718826083
305961,18.15728209907584
305962,21.52085730304342
305963,-14.098676902099244
305964,37.88568416376748
305965,29.207732335972963
305966,33.24188246298675
305967,40.60601606147573
305968,8.60783432212917
305969,39.10415225119704
305970,128.56116345397785
305971,1002.5810687609069
305972,881.0588112573197
305973,408.94879607018663
305974,632.2844198026336
305975,278.2449841342464
305976,1977.3762441837243
305977,1731.5704932277044
305978,800.916052377694
305979,1320.4294714241776
305980,337.0144642330729
305981,2379.2693665328784
305982,2026.6740983180644
305983,934.1973611342474
305984,1548.713889380362
305985,115.42512000096424
305986,786.8114819982832
305987,658.0578210789357
305988,318.6304683330605
305989,522.3446053101032
305990,229.13283813656884
305991,1577.9567852984674
305992,1347.6011738332893
305993,655.7352076180737
305994,1005.8944791805217
305995,259.43790101325806
305996,1865.2702871299857
305997,1604.8296187550966
305998,743.6843424159592
305999,1184.6017470530599
306000,761.3338191051788
306001,580.9201275696018
306002,515.3378921592804
306003,217.3153215547017
306004,381.22047341684333
306005,735.343229895551
306006,1186.8288375101015
306007,1014.9667184168752
306008,471.33382787976797
306009,777.2849367650898
306010,463.7994345745774
306011,1402.5186032586294
306012,1197.6041115957191
306013,563.5329642673905
306014,888.5634222310285
306015,100.14931953690856
306016,603.1313474579617
306017,526.8300337761353
306018,230.4234252041701
306019,394.84900191774034
306020,182.19017412296748
306021,1223.253636713994
306022,1042.8775045551702
306023,493.4976381939039
306024,799.1705927106285
306025,197.06097871025088
306026,1457.073263896344
306027,1227.8085871059159
306028,584.8525129688128
306029,909.6048165638539
306030,50.14454668687828
306031,418.0125489612101
306032,368.0495839109211
306033,163.48765183115125
306034,281.33951905108216
306035,110.24182475851897
306036,896.8892330015146
306037,759.7698205090454
306038,333.76567782414077
306039,559.8887678882334
306040,134.06395706520388
306041,1047.3971576698164
306042,871.0403802386628
306043,403.42750207446187
306044,646.3561627021091
306045,714.9671620315771
306046,17.098132522557183
306047,20.293338534752063
306048,1.774042020734748
306049,18.060078244007425
306050,87.58320198190104
306051,20.398863035353788
306052,21.807567641005836
306053,-14.158960002526877
306054,37.82540106333984
306055,29.207197129613178
306056,35.48346339926469
306057,40.89272639943814
306058,8.547551221701537
306059,39.0438691507694
306060,128.56062824761807
306061,1008.3097799679599
306062,885.7032169671077
306063,409.9415856934364
306064,633.2772094258834
306065,278.2444489278866
306066,1983.1049553907774
306067,1736.2148989374925
306068,801.9088420009438
306069,1321.4222610474276
306070,337.0139290267131
306071,2384.9980777399314
306072,2031.3185040278524
306073,935.1901507574972
306074,1549.706679003612
306075,115.42458479460446
306076,792.5401932053362
306077,658.3445314168981
306078,319.6232579563103
306079,523.337394933353
306080,229.13230293020905
306081,1583.6854965055204
306082,1347.8878841712517
306083,656.7279972413235
306084,1006.8872688037715
306085,259.43736580689824
306086,1870.9989983370388
306087,1605.116329093059
306088,744.677132039209
306089,1185.5945366763099
306090,761.3338191051788
306091,580.9201275696018
306092,515.3378921592804
306093,217.3153215547017
306094,381.27784313199265
306095,735.343229895551
306096,1186.8288375101015
306097,1014.9667184168752
306098,471.33382787976797
306099,777.3423064802391
306100,463.7994345745774
306101,1402.5186032586294
306102,1197.6041115957191
306103,563.5329642673905
306104,888.6207919461779
306105,100.14931953690856
306106,603.1313474579617
306107,526.8300337761353
306108,230.4234252041701
306109,394.90637163288966
306110,182.19017412296748
306111,1223.253636713994
306112,1042.8775045551702
306113,493.4976381939039
306114,799.2279624257778
306115,197.06097871025088
306116,1457.073263896344
306117,1227.8085871059159
306118,584.8525129688128
306119,909.6621862790032
306120,50.14454668687828
306121,418.0125489612101
306122,368.0495839109211
306123,163.48765183115125
306124,281.3968887662315
306125,110.24182475851897
306126,896.8892330015146
306127,759.7698205090454
306128,333.76567782414077
306129,559.9461376033827
306130,134.06395706520388
306131,1047.3971576698164
306132,871.0403802386628
306133,403.42750207446187
306134,646.4135324172585
306135,714.9671620315771
306136,17.098132522557183
306137,20.293338534752063
306138,1.774042020734748
306139,19.999262519180167
306140,78.58861454187038
306141,20.398863035353788
306142,21.807567641005836
306143,-14.158960002526877
306144,39.76458533851259
306145,29.207197129613178
306146,35.48346339926469
306147,40.89272639943814
306148,8.547551221701537
306149,40.983053425942146
306150,128.56062824761807
306151,997.3250631864753
306152,874.7185001856232
306153,398.956868911952
306154,623.1164326657652
306155,278.2444489278866
306156,1972.1202386092928
306157,1725.230182156008
306158,790.9241252194593
306159,1311.2614842873093
306160,337.0139290267131
306161,2374.0133609584473
306162,2020.3337872463678
306163,924.2054339760127
306164,1539.5459022434936
306165,115.42458479460446
306166,792.5401932053362
306167,658.3445314168981
306168,319.6232579563103
306169,523.8688211187001
306170,229.13230293020905
306171,1583.6854965055204
306172,1347.8878841712517
306173,656.7279972413235
306174,1007.4186949891185
306175,259.43736580689824
306176,1870.9989983370388
306177,1605.116329093059
306178,744.677132039209
306179,1186.125962861657
306180,750.8030424077307
306181,622.7123694056395
306182,548.7982931454679
306183,238.85563890705342
306184,399.86880526770716
306185,684.972488567874
306186,1244.428737979872
306187,1051.715612855073
306188,508.1918237342198
306189,828.2607728432922
306190,383.69617051704313
306191,1464.4761372199075
306192,1236.0501787539927
306193,586.2221143553757
306194,970.5992979831155
306195,94.18709682075766
306196,643.8876711871806
306197,559.6239040455572
306198,251.34523077602287
306199,412.8788219881052
306200,183.72774636902707
306201,1280.4361308574446
306202,1079.5783800571007
306203,530.3556340483557
306204,850.1464287888309
306205,209.09317182886795
306206,1528.9981687783772
306207,1276.5914125749975
306208,607.5416630567979
306209,991.6406923159409
306210,55.42274054481775
306211,447.23376065665025
306212,389.3083421465643
306213,177.59784095192379
306214,292.55772267036696
306215,117.60294761979146
306216,936.1362809483129
306217,792.7209794656578
306218,365.15485974283496
306219,605.3957900306789
306220,147.5611954810914
306221,1100.7599185569609
306222,915.4467913641895
306223,417.57854483622975
306224,716.078986999302
306225,712.625327251484
306226,20.018892663802866
306227,22.434743197096743
306228,11.358989376576194
306229,7.497834421261288
306230,98.3413710349097
306231,20.420124525949525
306232,27.660482113344777
306233,5.263688091405517
306234,42.453284677862584
306235,26.874793619345553
306236,39.41680789733325
306237,39.30161381363231
306238,16.44643141311881
306239,30.569087186260628
306240,136.96399181543993
306241,1050.0369186435569
306242,913.7521491616682
306243,413.4026297294856
306244,655.5356819857777
306245,291.59663171119973
306246,2135.0428342033906
306247,1854.1269795649478
306248,833.6575284328552
306249,1377.1908258125466
306250,350.717411608273
306251,2523.0931469740285
306252,2166.8625664284746
306253,963.8248524074532
306254,1634.0570720609367
306255,126.0212241862288
306256,844.5879987583081
306257,700.2246896820516
306258,336.3944444311704
306259,548.4179935700224
306260,241.63940005282228
306261,1692.1144723191621
306262,1418.7793731317163
306263,696.6858436041663
306264,1066.1424123468255
306265,285.0448191413639
306266,1987.908824335711
306267,1703.6983055444089
306268,792.6410739407911
306269,1278.786153623225
306270,747.163896310082
306271,650.7822847341313
306272,564.5121879750633
306273,250.10494576169262
306274,425.8050523469638
306275,663.0534164504546
306276,1333.6651958164525
306277,1132.9156017069981
306278,535.5163815308625
306279,878.9968714787707
306280,332.8297166995549
306281,1570.7272674682897
306282,1339.0137843602922
306283,627.6089331988226
306284,1012.7330985942907
306285,98.77492471508542
306286,675.090458711168
306287,579.1061863273765
306288,264.5054348083396
306289,440.7259662450391
306290,189.99595454761294
306291,1370.6864012843944
306292,1162.6358591835726
306293,557.6801918449981
306294,900.8825274243094
306295,217.14578994357905
306296,1642.1696965078565
306297,1383.2107729311967
306298,650.7267463755977
306299,1035.5727574024688
306300,63.95854328598964
306301,469.22943128701536
306302,410.683697124262
306303,182.05283489384018
306304,311.69965683690094
306305,132.42753993050204
306306,981.5849522497973
306307,839.0901580428092
306308,372.5614520827325
306309,636.2139232094127
306310,159.83945867210136
306311,1143.368426743878
306312,959.6164307539715
306313,438.61942253457346
306314,737.8668464653742
306315,706.1242347117986
306316,24.472560595761895
306317,25.632708918734075
306318,6.415518807937774
306319,11.032064444562822
306320,110.6399341709795
306321,19.838627738262993
306322,27.999492601325226
306323,-8.448363513087104
306324,45.94353427952832
306325,13.559254387454603
306326,38.568271027512054
306327,41.04477490358063
306328,2.0593233172883454
306329,33.38428029658856
306330,146.1083930087508
306331,1100.7297587859318
306332,964.2818351506623
306333,430.736052151871
306334,692.0246224149264
306335,295.233246743469
306336,2260.5125122181057
306337,1925.441193879756
306338,884.830443208103
306339,1456.2438592087763
306340,379.7223857216829
306341,2660.003256700788
306342,2266.145210188585
306343,1053.2930261354118
306344,1751.4053644098767
306345,135.1421217465491
306346,884.3236248105097
306347,750.6472088044258
306348,349.45806731692846
306349,579.0127821219161
306350,247.193699559586
306351,1771.2415559913723
306352,1523.2392299708454
306353,715.3917441723132
306354,1111.1040791953255
306355,295.4473352090005
306356,2098.302163653687
306357,1822.380906230082
306358,829.12209094138
306359,1341.522936904168
306360,717.0925931232088
306361,729.8238674184965
306362,631.725750872014
306363,297.74066881459584
306364,486.58316264083084
306365,490.14454364482873
306366,1510.1480452799924
306367,1265.594173833784
306368,592.8210961858084
306369,942.5240212657005
306370,315.28192467242394
306371,1758.5202906720458
306372,1475.2206703868803
306373,710.8783660874036
306374,1110.5226424156833
306375,122.77327012532422
306376,753.2557628655779
306377,648.0250365218869
306378,312.3379514878926
306379,501.700870165556
306380,200.6078176416759
306381,1543.316740856958
306382,1293.132243669182
306383,615.4428391814014
306384,964.8676098926966
306385,227.89374364396278
306386,1818.4079488563689
306387,1517.2354713166083
306388,734.4541119456361
306389,1133.8202339053194
306390,84.80476818363783
306391,534.7330921875594
306392,464.71250212734026
306393,200.10284424389707
306394,342.423248471971
306395,144.93267160891278
306396,1066.3874628321323
306397,910.2168088141808
306398,407.53989292900627
306399,682.3639187034843
306400,169.37504001673193
306401,1268.7296355190654
306402,1076.9358115618325
306403,516.0890975022434
306404,827.5219578616905
306405,733.5387685840759
306406,26.6172323968914
306407,32.4334591603021
306408,10.355889476914296
306409,12.693258119460745
306410,32.88397959274808
306411,28.27396695593868
306412,38.766092756302484
306413,-2.6719971794699107
306414,54.791208616348314
306415,13.796814003251106
306416,49.09716190297068
306417,58.316428418124225
306418,10.63924709537912
306419,46.049393858731506
306420,162.3729397936264
306421,1220.0201764153526
306422,1069.7279018566749
306423,483.052205412047
306424,765.050615689962
306425,350.1814628354879
306426,2484.826789441849
306427,2092.626126505283
306428,977.9031385000495
306429,1566.1603342007413
306430,398.5887450037886
306431,2987.0387477244913
306432,2546.544041979609
306433,1176.9327295449193
306434,1878.5937477852463
306435,146.27036147575717
306436,980.3856791512632
306437,824.6205189868372
306438,376.74244348532096
306439,630.8897380539453
306440,293.1010598641245
306441,1935.8154135249724
306442,1680.8270338923817
306443,797.9487298254082
306444,1213.347942646088
306445,316.0776006170156
306446,2303.296701904697
306447,1969.2099254363409
306448,946.8576981160223
306449,1453.7724807368947
306450,763.874412979534
306451,581.8224283697002
306452,518.1950635576944
306453,220.51948639150552
306454,386.8835403716788
306455,750.4367464076381
306456,1189.145712715704
306457,1019.2384642207934
306458,475.9525671220765
306459,784.3625781254298
306460,482.9183991074905
306461,1404.56107388057
306462,1201.6014528159753
306463,567.8772989260369
306464,895.3666590077065
306465,103.2937364796445
306466,611.2107446992869
306467,536.8643016157761
306468,233.62759004097393
306469,400.5120688725758
306470,186.74916547120782
306471,1232.747608360823
306472,1054.326346800315
306473,498.11637743621253
306474,806.2482340709685
306475,201.34556547482927
306476,1466.2928309595113
306477,1238.9830247673988
306478,589.1968476274592
306479,916.4080533405319
306480,53.28896362961431
306481,418.9148497613085
306482,370.9067553093351
306483,166.6918166679551
306484,287.00258600591764
306485,114.80081610675931
306486,899.2061082071175
306487,764.0415663129638
306488,338.3844170664492
306489,566.9664092485733
306490,138.3485438297823
306491,1049.439628291757
306492,875.0377214589192
306493,407.77183673310833
306494,653.1593994787871
306495,722.4068210485246
306496,19.22065260009795
306497,24.370729210608364
306498,4.900010298794146
306499,25.526763200121707
306500,133.20532160734717
306501,23.12899790492811
306502,26.49257310889568
306503,-9.126961096247014
306504,47.198116647674624
306505,56.240359648615005
306506,37.939193685177045
306507,45.303327283666036
306508,13.305145544319485
306509,48.142180151442204
306510,144.93422353100166
306511,1022.5536343977201
306512,898.5495660997829
306513,414.4345640696108
306514,640.9956602263061
306515,307.70448534482273
306516,2007.5116374947052
306517,1774.0986659963994
306518,819.3908368067857
306519,1342.1297282775167
306520,365.5276815832613
306521,2408.4584759834725
306522,2068.2559872263682
306523,951.7258617029512
306524,1569.4678623733134
306525,119.69836244305266
306526,789.9183972612461
306527,661.1647363418987
306528,321.7373835960234
306529,528.3844791612954
306530,236.0017781122898
306531,1584.825725274188
306532,1354.47011380901
306533,662.6041475937949
306534,1015.6963777444721
306535,265.3605571285913
306536,1871.1929432453185
306537,1610.7522748704293
306538,749.6069985312924
306539,1193.4573617566216
306540,767.393512447785
306541,585.3415278379514
306542,521.7141630259455
306543,224.03858585975667
306544,390.40263983993
306545,753.9558458758892
306546,1192.664812183955
306547,1022.7575636890442
306548,479.4716665903277
306549,787.8816775936808
306550,494.3585209741349
306551,1408.080173348821
306552,1205.1205522842265
306553,571.396398394288
306554,898.8857584759576
306555,114.9625866288415
306556,622.879594848484
306557,548.5331517649731
306558,245.296440190171
306559,412.1809190217729
306560,198.41801562040493
306561,1244.4164585100202
306562,1065.995196949512
306563,509.78522758540964
306564,817.9170842201655
306565,213.01441562402638
306566,1477.9616811087085
306567,1250.651874916596
306568,600.8656977766562
306569,928.0769034897289
306570,55.07610838265842
306571,420.70199451435263
306572,372.6939000623792
306573,168.47896142099918
306574,288.78973075896175
306575,116.58796085980343
306576,900.9932529601616
306577,765.8287110660079
306578,340.1715618194933
306579,568.7535540016174
306580,140.1356885828264
306581,1051.226773044801
306582,876.8248662119634
306583,409.55898148615245
306584,654.9465442318312
306585,715.137481661584
306586,20.265546557271943
306587,25.415623167782353
306588,5.944904255968139
306589,26.5716571572957
306590,125.93598222040663
306591,24.173891862102103
306592,27.537467066069677
306593,-8.082067139073013
306594,48.24301060484862
306595,48.97102026167436
306596,38.98408764235104
306597,46.34822124084003
306598,14.350039501493482
306599,49.18707410861621
306600,168.33636604804377
306601,1045.9557769147623
306602,921.9517086168249
306603,437.8367065866529
306604,664.3978027433482
306605,331.1066278618648
306606,2030.913780011747
306607,1797.5008085134414
306608,842.7929793238278
306609,1365.5318707945587
306610,388.9298241003034
306611,2431.8606185005146
306612,2091.658129743411
306613,975.1280042199933
306614,1592.8700048903554
306615,125.80897706288265
306616,796.0290118810763
306617,667.2753509617288
306618,327.8479982158536
306619,534.4950937811255
306620,242.11239273211996
306621,1590.9363398940181
306622,1360.58072842884
306623,668.714762213625
306624,1021.8069923643022
306625,271.4711717484215
306626,1877.3035578651486
306627,1616.8628894902595
306628,755.7176131511226
306629,1199.5679763764517
306630,752.8007633958044
306631,571.9124336295623
306632,511.8415404563659
306633,206.96081660474331
306634,392.09320814990457
306635,743.8530902928943
306636,1181.318684120574
306637,1011.1989688304243
306638,477.48070274689917
306639,779.3333274748678
306640,653.7594179620305
306641,1396.908358506134
306642,1193.7362706462993
306643,569.579747771553
306644,891.1940381406733
306645,90.40133635915286
306646,607.8758572237695
306647,527.6263687372078
306648,224.3616069181986
306649,406.29261418649725
306650,174.61112630607644
306651,1227.726748596264
306652,1043.4024416327052
306653,503.93719972502146
306654,801.7898609561021
306655,190.0980106413434
306656,1465.6937804139252
306657,1232.4809288187619
306658,596.1953536949404
306659,912.8063100091942
306660,47.96035549538805
306661,424.0074463992581
306662,371.69347713023564
306663,161.02927011080496
306664,296.42132263873367
306665,107.78623568349056
306666,902.6127325560244
306667,763.1423158448217
306668,342.8704045650783
306669,571.4412183754284
306670,132.2244477381591
306671,1057.268061859637
306672,878.56028020975
306673,413.4355080104096
306674,660.7646169039334
306675,719.9141739349349
306676,19.053859224629868
306677,19.898061018091276
306678,-13.028478380999157
306679,19.016263676338937
306680,157.07697119730216
306681,23.41106959010145
306682,22.468769977020028
306683,-30.187170124210827
306684,40.27240684469378
306685,10.555443432114005
306686,39.544884684894186
306687,42.60314346633417
306688,-9.675569609401213
306689,43.37772586746145
306690,106.61261203659913
306691,1017.7862592195485
306692,883.1597743143777
306693,384.0810769344043
306694,630.4107105160543
306695,253.05498674912607
306696,1994.4763266165508
306697,1732.3315398887275
306698,796.7869738394594
306699,1312.4150329257018
306700,316.1572204719971
306701,2404.2335274770758
306702,2038.534031860679
306703,930.1911153332796
306704,1544.9040452639097
306705,92.38348066298994
306706,791.7495378403236
306707,655.202871833152
306708,303.4829941361769
306709,524.335987978105
306710,205.675916225149
306711,1587.6158965089896
306712,1349.4672799559876
306713,656.9594556516171
306714,1001.7451326366258
306715,237.48756933158683
306716,1879.967313457584
306717,1611.7336399948708
306718,745.0314231867694
306719,1184.656994891189
306720,752.8007633958044
306721,571.9124336295623
306722,511.8415404563659
306723,206.96081660474331
306724,392.09320814990457
306725,743.8530902928943
306726,1181.318684120574
306727,1011.1989688304243
306728,477.48070274689917
306729,779.3333274748678
306730,653.7594179620305
306731,1396.908358506134
306732,1193.7362706462993
306733,569.579747771553
306734,891.1940381406733
306735,90.40133635915286
306736,607.8758572237695
306737,527.6263687372078
306738,224.3616069181986
306739,406.29261418649725
306740,174.61112630607644
306741,1227.726748596264
306742,1043.4024416327052
306743,503.93719972502146
306744,801.7898609561021
306745,190.0980106413434
306746,1465.6937804139252
306747,1232.4809288187619
306748,596.1953536949404
306749,912.8063100091942
306750,47.96035549538805
306751,424.0074463992581
306752,371.69347713023564
306753,161.02927011080496
306754,296.42132263873367
306755,107.78623568349056
306756,902.6127325560244
306757,763.1423158448217
306758,342.8704045650783
306759,571.4412183754284
306760,132.2244477381591
306761,1057.268061859637
306762,878.56028020975
306763,413.4355080104096
306764,660.7646169039334
306765,719.9141739349349
306766,19.053859224629868
306767,19.898061018091276
306768,-13.028478380999157
306769,19.016263676338937
306770,137.95678520121868
306771,23.41106959010145
306772,22.468769977020028
306773,-30.187170124210827
306774,40.27240684469378
306775,0.4298448760611978
306776,39.544884684894186
306777,42.60314346633417
306778,-9.675569609401213
306779,43.37772586746145
306780,106.61261203659913
306781,1017.7862592195485
306782,883.1597743143777
306783,384.0810769344043
306784,630.4107105160543
306785,253.05498674912607
306786,1994.4763266165508
306787,1732.3315398887275
306788,796.7869738394594
306789,1312.4150329257018
306790,316.1572204719971
306791,2404.2335274770758
306792,2038.534031860679
306793,930.1911153332796
306794,1544.9040452639097
306795,92.38348066298994
306796,791.7495378403236
306797,655.202871833152
306798,303.4829941361769
306799,524.335987978105
306800,205.675916225149
306801,1587.6158965089896
306802,1349.4672799559876
306803,656.9594556516171
306804,1001.7451326366258
306805,237.48756933158683
306806,1879.967313457584
306807,1611.7336399948708
306808,745.0314231867694
306809,1184.656994891189
306810,744.8782059531544
306811,617.4459823368478
306812,549.0432483138013
306813,233.73032392908988
306814,411.13680892755264
306815,672.8128076693541
306816,1242.6598914615922
306817,1051.6891701398688
306818,518.6336559013184
306819,830.7044324798546
306820,544.4393460544848
306821,1462.6071993386597
306822,1235.9236446758205
306823,596.5638551595059
306824,973.6251828195448
306825,87.38281979026156
306826,653.933910592787
306827,565.7219686464284
306828,252.0730252305973
306829,426.27812595219734
306830,179.09240469939547
306831,1294.570879941418
306832,1086.801617898395
306833,548.0471467719528
306834,856.1179598536008
306835,207.75057332087172
306836,1552.1335830530368
306837,1292.815315606978
306838,626.1364549754053
306839,998.1944485805776
306840,53.909351382328474
306841,456.2574836162384
306842,395.981060887419
306843,179.656167853865
306844,307.3223138350953
306845,115.81816057376412
306846,949.2485135862677
306847,800.5188714469353
306848,379.23863355799364
306849,618.0275992189119
306850,149.06915159669947
306851,1120.6962192438784
306852,930.0687513944298
306853,432.56559784639865
306854,731.5667999021641
306855,715.8548013541273
306856,25.332436019314322
306857,25.397282333874706
306858,-3.9157760397606793
306859,8.465798562568285
306860,43.35056373344231
306861,25.426819460131554
306862,33.076072226758676
306863,-10.774428592947558
306864,46.30864029215291
306865,-7.793333062724606
306866,45.47271756239709
306867,45.766418657928014
306868,-1.7865959806531249
306869,36.31129373588909
306870,126.23360956037638
306871,1078.7821219733762
306872,930.4774305871696
306873,414.3249916463529
306874,673.8835193614646
306875,277.6248034883944
306876,2169.5519980455124
306877,1870.908915718375
306878,864.0045765636168
306879,1390.7945051002978
306880,341.07833700951227
306881,2572.5735463254414
306882,2194.743389463493
306883,994.2947332754818
306884,1651.8653457307114
306885,113.36462407678218
306886,859.8787554456417
306887,713.1644421506517
306888,335.2192045716642
306889,558.813076185018
306890,228.56751736992993
306891,1715.9953529130964
306892,1437.836752092759
306893,720.5683715914337
306894,1071.7933368738848
306895,273.4795266882201
306896,2023.9347770446402
306897,1727.7935996225276
306898,816.646434665325
306899,1288.6416725323081
306900,747.1404865590638
306901,648.5260054163782
306902,567.7672508944352
306903,242.34236844391867
306904,437.78651138202656
306905,684.8226354656999
306906,1334.9064570492112
306907,1135.8992667428324
306908,543.3209513581504
306909,885.4020876267094
306910,423.9038896031253
306911,1571.8684373380804
306912,1341.8973580331585
306913,635.3134116631425
306914,1019.7205399420955
306915,94.23320684449575
306916,691.0445645332165
306917,591.1121173446898
306918,265.493725588507
306919,457.73648424975204
306920,187.62317203788783
306921,1390.7290167848098
306922,1175.766963441309
306923,575.6322008941884
306924,913.7133736658592
306925,218.0657505954893
306926,1671.212977198958
306927,1405.342542379619
306928,669.5820346197983
306929,1048.9858288438857
306930,61.85495744962577
306931,481.3082648292645
306932,420.41152644777765
306933,181.51890228759356
306934,327.222706208469
306935,130.05255621060016
306936,997.7522954704131
306937,849.9431606067477
306938,384.0529663897033
306939,652.8522917406444
306940,160.75721811383488
306941,1166.3598380134565
306942,977.2935013668728
306943,451.01421603655444
306944,757.3612187112352
306945,710.5776684199968
306946,32.62988154458696
306947,31.43902564882568
306948,-11.66283910593437
306949,12.54715380336215
306950,47.7588341518132
306951,27.689100265758622
306952,36.25886030805274
306953,-27.29007269497546
306954,48.0171435274574
306955,-28.540767320959567
306956,47.4679582858895
306957,50.35335734118995
306958,-18.977296574018826
306959,37.344740479855766
306960,145.411936304929
306961,1134.1954427779967
306962,997.3882061202987
306963,436.8500632335965
306964,718.914826670499
306965,291.2953440719055
306966,2299.742156722473
306967,1958.6042195773184
306968,920.3691405037227
306969,1484.2629225543692
306970,380.1172366741639
306971,2714.204136714446
306972,2310.407122767738
306973,1088.9545561682985
306974,1783.6290221374927
306975,132.51944718834406
306976,915.9954710419782
306977,779.9680508171608
306978,353.47447662228046
306979,597.9502316167974
306980,244.15574242793514
306981,1811.5035261294418
306982,1558.6776984760234
306983,744.4659213244388
306984,1131.170387780227
306985,293.9159683070985
306986,2150.70920590675
306987,1862.857289852336
306988,858.3191008307721
306989,1365.7938398710928
306990,719.1480617128153
306991,730.915430910421
306992,638.3286566010636
306993,294.08181261388324
306994,498.4648146831084
306995,511.08156037694215
306996,1518.6465355796881
306997,1275.8350679365553
306998,598.721586339398
306999,949.8136550666255
307000,325.34170760518805
307001,1766.9186896087735
307002,1485.3614731266837
307003,716.678764878025
307004,1118.3945014164767
307005,117.10019139244282
307006,771.5276856164731
307007,663.9459550540487
307008,317.9971080902921
307009,522.9005350109459
307010,196.52865188575808
307011,1573.1531891526415
307012,1317.654351308188
307013,635.6245428712263
307014,986.4384572298569
307015,227.68234343358114
307016,1857.2450623427385
307017,1550.7582441463005
307018,755.5390948304712
307019,1155.9733064423476
307020,81.66744936845973
307021,549.2770735943928
307022,476.9054793154405
307023,202.03405950223492
307024,359.89497197329894
307025,140.94893252629575
307026,1092.4959697837542
307027,931.0109751091251
307028,423.9936552747698
307029,705.5018156194096
307030,169.2590664796511
307031,1301.66221051965
307032,1104.5540459057397
307033,533.4461390430166
307034,853.515858492245
307035,736.9584693134598
307036,37.239701210301064
307037,40.704923754978296
307038,-5.257320572373318
307039,16.15702160801997
307040,-29.442447307254245
307041,41.078073850898335
307042,51.97909483049398
307043,-21.538987686107472
307044,53.06901605316851
307045,-39.06202553978265
307046,64.27836126502524
307047,73.90652295941061
307048,-9.094776384464165
307049,47.54192996710292
307050,163.83733311162467
307051,1266.4467079787814
307052,1110.9740176819619
307053,504.26394926095924
307054,803.3950697173019
307055,344.97552678564796
307056,2575.354639533954
307057,2152.8731059522815
307058,1038.075289054253
307059,1621.2882724266744
307060,406.93059531768796
307061,3098.3398395376053
307062,2617.630942755401
307063,1243.0297190481072
307064,1943.728286604921
307065,147.73475479375546
307066,1022.7015637383928
307067,864.5853993552333
307068,393.53977634215727
307069,658.9646281048913
307070,290.7212872085805
307071,2031.4160600964392
307072,1758.257067854716
307073,855.6968310817757
307074,1260.0638030770117
307075,324.41945093091493
307076,2416.8444268028748
307077,2057.4798807274674
307078,1010.5306383213746
307079,1510.4949417615599
307080,756.1287572596018
307081,581.638304819024
307082,522.3966244124618
307083,215.39995378029295
307084,396.2940624623384
307085,750.7375199352604
307086,1191.8226338619186
307087,1022.5321313384022
307088,484.8503104874948
307089,785.8705232281287
307090,661.9910874986971
307091,1407.4123082474784
307092,1205.0694331542782
307093,576.9493555121488
307094,897.7312338939342
307095,97.53476752653005
307096,621.0298839663548
307097,543.206778832429
307098,237.82607023287346
307099,419.2406037663475
307100,181.16953508955268
307101,1249.5853910617989
307102,1064.724131012932
307103,521.2953343378658
307104,822.0373927099027
307105,197.23144180872043
307106,1487.55242287946
307107,1253.8026181989887
307108,613.5534883077847
307109,933.0538417629949
307110,49.27512153355025
307111,431.39251106488865
307112,379.9077545625003
307113,167.12760076252354
307114,302.0031795556276
307115,108.52597933775198
307116,918.7024129446052
307117,777.0978725620928
307118,352.862406514966
307119,584.3226174662726
307120,133.53921377632128
307121,1073.3577422482176
307122,892.515836927021
307123,423.4275099602973
307124,673.6460159947776
307125,722.8022628167838
307126,26.227590900913018
307127,27.901005461008552
307128,-7.141480718627929
307129,24.386787603885505
307130,128.881360915217
307131,29.90652952609687
307132,32.553342077614886
307133,-24.06615279099934
307134,43.97502048660101
307135,-6.203687531541933
307136,46.040344620889584
307137,52.68771556692902
307138,-3.5545522761897175
307139,47.08033950936868
307140,127.54693882625352
307141,1057.6340716312438
307142,919.4791041208817
307143,418.1838975159057
307144,660.8700481021361
307145,270.56043013868396
307146,2087.496769583768
307147,1802.7065475094498
307148,841.8220860363175
307149,1361.2776835393722
307150,342.8776966012496
307151,2510.163133653934
307152,2114.7110456931164
307153,981.0282337418558
307154,1599.568702089298
307155,114.41089537323975
307156,828.4474111025287
307157,692.7299578619912
307158,334.4358755681878
307159,551.6453864146964
307160,224.27444753530216
307161,1674.9983570616084
307162,1418.5620005339329
307163,705.2019087603467
307164,1049.3153302821906
307165,265.3011333814348
307166,1980.2589372198397
307167,1686.630366784534
307168,799.0758825072171
307169,1238.0291987484716
307170,758.0218292668756
307171,581.1643860079951
307172,521.9227056014328
307173,214.9260349692638
307174,395.8201436513093
307175,749.6779792323465
307176,1190.570636499006
307177,1021.2801339754897
307178,485.4459211114198
307179,783.0602629762726
307180,671.8051819043641
307181,1406.160310884566
307182,1203.8174357913656
307183,577.5449661360738
307184,894.9209736420781
307185,99.42783953380385
307186,615.696133786168
307187,537.8730286522423
307188,232.49232005268672
307189,413.9068535861608
307190,183.63762948072727
307191,1239.9069327205666
307192,1055.0456726716998
307193,513.4644839834707
307194,810.8006714797268
307195,199.12451381599425
307196,1477.8739645382277
307197,1244.1241598577565
307198,605.7226379533898
307199,921.817120532819
307200,51.16819354082407
307201,429.7867022287637
307202,378.3019457263754
307203,165.5217919263985
307204,300.39737071950265
307205,110.99407372892662
307206,912.7518959474347
307207,771.1473555649223
307208,348.75949750463286
307209,576.8138375801584
307210,135.4322857835951
307211,1067.407225251047
307212,886.5653199298506
307213,419.3246009499642
307214,666.1372361086634
307215,724.6953348240576
307216,24.621782064787975
307217,26.29519662488351
307218,-8.74728955475297
307219,22.780978767760462
307220,134.1874594504674
307221,27.615664156255143
307222,30.262476707773175
307223,-24.50941017400373
307224,45.43369306007624
307225,-4.310615524268117
307226,43.74947925104788
307227,50.39685019708732
307228,-3.997809659194105
307229,48.5390120828439
307230,129.44001083352728
307231,1053.4495472733197
307232,915.2945797629577
307233,413.9993731579818
307234,656.6855237442121
307235,275.86652867393445
307236,2041.1869497140556
307237,1773.0411829668835
307238,828.1018411869977
307239,1340.08641727782
307240,344.7707686085236
307241,2463.8533137842182
307242,2085.0456811505505
307243,967.3079888925361
307244,1578.3774358277458
307245,116.30396738051357
307246,823.7835126303447
307247,688.0660593898073
307248,329.7719770960039
307249,546.9814879425124
307250,229.58054607055257
307251,1630.6972063427447
307252,1390.9053051422188
307253,684.6450097354051
307254,1025.7872037249947
307255,267.1942053887088
307256,1935.957786500976
307257,1658.97367139282
307258,778.5189834822755
307259,1214.5010721912747
307260,758.6251171288968
307261,582.2803091125916
307262,522.2094159393952
307263,214.86575186883618
307264,395.7598605508817
307265,749.6774440259867
307266,1191.6865596036027
307267,1021.5668443134521
307268,485.3856380109922
307269,780.944996781506
307270,659.5837716951229
307271,1407.2762339891626
307272,1204.104146129328
307273,577.4846830356461
307274,892.8057074473115
307275,99.42730432744406
307276,616.8120568907646
307277,538.1597389902047
307278,232.4320369522591
307279,413.8465704857332
307280,183.6370942743675
307281,1241.0228558251633
307282,1055.3323830096622
307283,513.404200883043
307284,808.6854052849602
307285,199.12397860963446
307286,1478.9898876428244
307287,1244.4108701957189
307288,605.6623548529622
307289,919.7018543380524
307290,51.167658334464285
307291,430.9026253333602
307292,378.5886560643378
307293,165.46150882597087
307294,300.337087619075
307295,110.99353852256684
307296,913.8678190520312
307297,771.4340659028848
307298,348.69921440420524
307299,574.6985713853918
307300,135.4317505772353
307301,1068.5231483556438
307302,886.852030267813
307303,419.26431784953655
307304,664.0219699138968
307305,724.6947996176978
307306,25.73770516938452
307307,26.581906962845927
307308,-8.807572655180602
307309,22.72069566733283
307310,134.18692424410762
307311,28.731587260851686
307312,30.549187045735593
307313,-24.569693274431362
307314,43.31842686530962
307315,-4.3111507306279035
307316,44.86540235564442
307317,50.68356053504973
307318,-4.058092759621738
307319,46.42374588807727
307320,129.4394756271675
307321,1054.5654703779164
307322,919.9389854727457
307323,414.99216278123157
307324,657.6783133674619
307325,275.86599346757464
307326,2042.3028728186523
307327,1777.6855886766716
307328,829.0946308102475
307329,1339.024223806731
307330,344.7702334021638
307331,2464.969236888815
307332,2089.6900868603384
307333,968.3007785157859
307334,1577.3152423566569
307335,116.30343217415378
307336,824.8994357349412
307337,688.3527697277697
307338,330.7647667192537
307339,547.9742775657622
307340,229.5800108641928
307341,1631.8131294473415
307342,1391.1920154801812
307343,685.6377993586549
307344,1024.7250102539058
307345,267.19367018234897
307346,1937.0737096055727
307347,1659.2603817307825
307348,779.5117731055253
307349,1213.4388787201858
307350,759.7319199085647
307351,582.0859636826729
307352,522.0150705094765
307353,215.75793044215413
307354,394.35994193995003
307355,750.7842468056546
307356,1191.492214173684
307357,1021.3724988835336
307358,486.2778165843101
307359,779.5450781705744
307360,660.6905744747907
307361,1407.081888559244
307362,1203.9098006994093
307363,578.376861608964
307364,891.4057888363799
307365,97.30086154924702
307366,612.1595300268913
307367,533.5072121263314
307368,228.8660340916225
307369,407.98847044084704
307370,181.51065149617048
307371,1232.0104213993855
307372,1049.2832850218283
307373,508.4416268984455
307374,801.4307341161131
307375,196.99753583143743
307376,1469.9774532170466
307377,1238.361772207885
307378,600.6997808683645
307379,912.4471831692052
307380,49.04121555626726
307381,426.25009846948694
307382,373.9361292004645
307383,161.89550596533428
307384,294.47898757418886
307385,108.86709574436982
307386,904.8553846262532
307387,765.3849679150505
307388,343.73664041960774
307389,567.4439002165446
307390,133.30530779903827
307391,1059.510713929866
307392,880.8029322799788
307393,414.30174386493906
307394,656.7672987450496
307395,723.1350261093216
307396,23.745419199716693
307397,24.58962099317811
307398,-7.65341145559908
307399,19.522836516652056
307400,152.35818013417688
307401,28.102629565188288
307402,27.160329952106856
307403,-24.81210319881076
307404,38.72399659066791
307405,20.358681180879287
307406,44.236444659981004
307407,47.294703441421
307408,-4.300502684001136
307409,41.82931561343557
307410,122.56299342280816
307411,1039.620833799453
307412,904.9943488942822
307413,407.07924176381096
307414,647.8036833760027
307415,268.98951126321515
307416,2023.4891677020696
307417,1761.3443809742473
307418,819.7851386688659
307419,1327.753022691311
307420,329.4309223361051
307421,2430.585545912614
307422,2064.8860502962148
307423,952.1994144522138
307424,1559.2521693190465
307425,109.42694996979445
307426,809.9547991564777
307427,673.4081331493062
307428,322.8518457018331
307429,538.099647574303
307430,222.70352865983338
307431,1612.999424330759
307432,1374.850807777757
307433,676.3283072172733
307434,1013.453809138485
307435,251.85435911629014
307436,1902.6900186293724
307437,1634.4563451666593
307438,763.4104090419532
307439,1195.3758056825754
307440,746.58900275496
307441,621.266065062554
307442,552.8633310395074
307443,236.76262787061503
307444,407.65324929839176
307445,674.5236044711596
307446,1246.4799741872982
307447,1055.5092528655748
307448,521.6659598428436
307449,821.3529712604923
307450,546.1501428562902
307451,1466.4272820643657
307452,1239.7437274015265
307453,599.596159101031
307454,964.2737216001824
307455,88.7264983769399
307456,650.3037132999535
307457,563.6889419395967
307458,249.2522197395846
307459,420.6632660187898
307460,180.43608328607374
307461,1286.5807750866798
307462,1083.3720200676025
307463,543.8297701569792
307464,843.238627206031
307465,209.09425190755002
307466,1544.1434781982985
307467,1289.3857177761854
307468,621.9190783604316
307469,985.3151159330077
307470,51.707268958050385
307471,452.85916970877065
307472,392.58274697995125
307473,175.47007516221612
307474,300.34216670105155
307475,113.61607814948603
307476,941.4902921168949
307477,795.7239864155064
307478,373.655969742384
307479,603.7829793707057
307480,146.8670691724213
307481,1112.937997774506
307482,925.2738663630008
307483,426.982934030789
307484,717.3221800539579
307485,715.2266834867322
307486,24.383030016704506
307487,24.447876331264897
307488,-3.5930376605388243
307489,3.934559333382417
307490,72.77916444415999
307491,25.84074173152614
307492,30.730095100187942
307493,-11.848261337686626
307494,40.30820647154978
307495,15.951524791302566
307496,45.88663983379169
307497,43.42044153135729
307498,-2.860428725392187
307499,30.310859915285942
307500,129.89621292972808
307501,1091.262545195632
307502,942.9578538094253
307503,423.62975885176974
307504,677.5976110741021
307505,281.43129154765376
307506,2173.17089947763
307507,1877.0003145646506
307508,871.9127726450723
307509,1385.4078821155117
307510,342.2240024187905
307511,2566.4244681096593
307512,2198.173965659788
307513,1001.2130636464649
307514,1645.4888570354535
307515,118.95344530051705
307516,860.9324606485477
307517,714.2181473535577
307518,341.72778844711837
307519,559.730984567693
307520,234.30022328357225
307521,1708.1875363258641
307522,1432.501432919685
307523,725.6803843429267
307524,1063.6105305591364
307525,276.55140995188145
307526,2006.358980809508
307527,1719.7974577994726
307528,820.7685817063457
307529,1279.4690005070875
307530,749.5110185444448
307531,646.6292672569344
307532,565.8705127349915
307533,252.5447315081247
307534,420.4522100868168
307535,687.1931674510809
307536,1333.0097188897676
307537,1134.0025285833888
307538,553.5233144223562
307539,862.1998847412982
307540,425.5266072789733
307541,1569.2238848691038
307542,1339.252805564182
307543,644.7679604178151
307544,995.770522747152
307545,93.33886194934603
307546,678.7997876898297
307547,580.4645110873047
307548,266.94522055477165
307549,435.3731239848921
307550,186.72882714273808
307551,1374.1243323795184
307552,1163.7227860599633
307553,575.6871247364918
307554,884.0855406868369
307555,216.4235913908065
307556,1653.8604784841336
307557,1392.5505506887405
307558,668.8891441525685
307559,1018.6101815553302
307560,60.26760737730071
307561,472.14812720502454
307562,411.2513888235377
307563,184.4578658870028
307564,306.34681457675396
307565,128.46520613827502
307566,984.232250284268
307567,839.3864518585465
307568,385.59535886515187
307569,624.7119273947669
307570,158.42205373197666
307571,1152.091978517779
307572,965.9889783091385
307573,451.80879420247
307574,728.4730400558246
307575,707.2136150619316
307576,26.12998481455229
307577,24.93912891879102
307578,-4.003711446306964
307579,1.526446244321251
307580,89.7736507756127
307581,22.552531809728364
307582,28.362392454057147
307583,-21.027516159309
307584,35.52724137699923
307585,7.790306446149437
307586,42.331389829859255
307587,42.456889487194374
307588,-12.714740038352343
307589,24.854838329397584
307590,142.33176130927214
307591,1113.6473738822926
307592,976.8401372245947
307593,445.49597805702535
307594,692.7393805206608
307595,288.3590537661563
307596,2270.332566036631
307597,1931.6671263056342
307598,927.6184842031904
307599,1448.9867617071072
307600,374.52012371843364
307601,2675.0265663807045
307602,2280.8092068460737
307603,1095.2140341572945
307604,1747.362995579759
307605,131.36549004707044
307606,889.8938960049791
307607,753.8664757801616
307608,359.3242081157467
307609,576.7546624354218
307610,243.14566997656902
307611,1776.540429302304
307612,1526.1870990630437
307613,748.9190816939438
307614,1100.8741039014278
307615,290.2450732057513
307616,2105.9781294317127
307617,1827.7058677893754
307618,861.7823954898048
307619,1334.5076902818214
307620,721.8276901771693
307621,724.8802168806468
307622,632.2934425712893
307623,300.1456998077585
307624,481.23032038068385
307625,523.3285078777278
307626,1508.7019352926545
307627,1265.8904676495217
307628,605.855002968227
307629,924.3749177331727
307630,326.82478177333155
307631,1755.7775350255295
307632,1474.2203185434396
307633,722.6156272106437
307634,1091.7592097868126
307635,116.54657429893201
307636,756.1744587835867
307637,648.5927282211622
307638,314.74298248105526
307639,496.348027905409
307640,196.55005717614807
307641,1545.964038891429
307642,1293.4285374849196
307643,628.47674596382
307644,946.7185063601687
307645,225.9321720438598
307646,1828.8593577853155
307647,1525.3358760268216
307648,747.1947436268545
307649,1115.0568012764486
307650,81.11383227494893
307651,537.6517881055681
307652,465.28019382661597
307653,202.50787523705966
307654,337.07040621182404
307655,140.97033781668577
307656,1069.0347608666034
307657,910.5131026299181
307658,420.57379971142564
307659,669.5098060937831
307660,167.50889508992975
307661,1277.0044473062887
307662,1082.8596191303225
307663,528.8297291834617
307664,816.327294670408
307665,731.3517904761171
307666,28.274656615681785
307667,31.739879160359052
307668,-0.0633407773304459
307669,3.1876399192191958
307670,24.004079147121686
307671,29.659993291190947
307672,37.80111487282127
307673,-16.579027561904876
307674,41.694921182550715
307675,1.2966248393681843
307676,52.860280705317884
307677,59.728543001737975
307678,-4.134816260261586
307679,36.16783509648512
307680,158.59630809414773
307681,1232.9377915117134
307682,1077.4651012148938
307683,497.8121313172012
307684,765.7653737956964
307685,343.3072698581752
307686,2494.646843260374
307687,2091.28226242001
307688,1020.6911794951376
307689,1557.5511199040172
307690,393.38648300053933
307691,3002.062057404408
307692,2547.5772703614307
307693,1218.853737566802
307694,1873.1992621600732
307695,142.4937297762785
307696,985.9559503457325
307697,827.839785962573
307698,386.6085842841392
307699,628.631618367451
307700,289.05303028110774
307701,1941.114286835904
307702,1687.0722473354888
307703,831.4760673470388
307704,1201.7658505571349
307705,310.87533861376636
307706,2310.9726676827227
307707,1977.832231346543
307708,979.5180026644472
307709,1445.4051173194928
307710,759.1600614170189
307711,577.0878540987626
307712,517.8461736922004
307713,221.81551666723132
307714,382.57217221256747
307715,752.0640658714741
307716,1186.4941045897738
307717,1017.2036020662583
307718,492.33540280938666
307719,763.9443899473295
307720,663.2520794878982
307721,1400.3134668071177
307722,1197.9705917139174
307723,582.6641356658251
307724,874.0347884449191
307725,97.3328261260824
307726,607.1614204429811
307727,529.3383153090554
307728,234.9236203166997
307729,396.20070071346447
307730,181.54261607300586
307731,1227.0123118154752
307732,1045.1143882045524
307733,514.4992131235231
307734,785.8300458928682
307735,195.25918824005683
307736,1463.2090314649204
307737,1232.4225632223931
307738,604.9870549252257
307739,895.0761827777444
307740,49.07318013310265
307741,421.25198888557685
307742,369.7672323831885
307743,167.95309219041147
307744,282.6912178468063
307745,108.8990603212052
307746,899.8572750423431
307747,761.2160710977745
307748,349.79422664468495
307749,551.8432119932997
307750,131.56696020765767
307751,1052.7422921777397
307752,874.8637232944868
307753,418.5890179218003
307754,639.3962983535888
307755,720.5088414097648
307756,18.747309615806568
307757,20.420724175902116
307758,-1.5958252305218834
307759,14.930009967738323
307760,219.81774606538957
307761,23.10451998127815
307762,22.991433134830864
307763,-18.7545169737336
307764,36.11352966863683
307765,37.468220277932616
307766,39.238335076070875
307767,43.12580662414499
307768,1.7570835410760428
307769,39.21884869140449
307770,122.65758950183974
307771,1020.3182683219404
307772,882.163300811579
307773,412.0837552652107
307774,626.7529562331842
307775,269.2438489042743
307776,1992.0158824669238
307777,1726.3426131339093
307778,824.7896521702656
307779,1301.0531350693684
307780,329.6852599771642
307781,2399.112260677468
307782,2029.8842824558808
307783,957.2039279536134
307784,1532.552281697104
307785,109.52154604882604
307786,796.5254455570205
307787,660.807992316483
307788,327.8563592032329
307789,524.8249807299097
307790,222.9578663008925
307791,1587.3993509736665
307792,1350.0799471872988
307793,681.332820718673
307794,994.5299818149682
307795,252.1086967573492
307796,1877.08994527228
307797,1609.6854845762011
307798,768.4149225433529
307799,1176.451978359058
307800,757.4630348991749
307801,574.2377724300679
307802,514.9960920235058
307803,221.31581745926772
307804,375.79334984396826
307805,750.36703935363
307806,1183.6440229210789
307807,1014.3535203975631
307808,491.8357036014232
307809,757.1655675787305
307810,671.3464788996314
307811,1399.3337886696067
307812,1196.9909135764065
307813,584.0348399890457
307814,864.0412374047688
307815,95.63579960823833
307816,604.3113387742865
307817,526.4882336403607
307818,234.4239211087361
307819,389.42187834486526
307820,179.84558955516158
307821,1224.1622301467803
307822,1042.2643065358575
307823,513.9995139155594
307824,779.0512235242692
307825,194.716394142445
307826,1457.9818573291304
307827,1227.1953890866032
307828,605.354388690468
307829,885.0826317375942
307830,47.37615361525843
307831,418.40190721688197
307832,366.91715071449363
307833,167.45339298244787
307834,275.9123954782071
307835,107.20203380336102
307836,897.0071933736484
307837,758.3659894290798
307838,349.2945274367213
307839,545.0643896247008
307840,131.02416611004585
307841,1047.5151180419498
307842,869.6365491586972
307843,418.9563516870424
307844,629.4027473134386
307845,721.6393794994742
307846,17.388950716608804
307847,19.062365276704362
307848,-0.6038016689884212
307849,14.945747207987319
307850,214.3953199750279
307851,21.746161082080384
307852,21.63307423563311
307853,-17.762493412200122
307854,36.129266908885825
307855,39.75299078787421
307856,35.50288370977818
307857,39.39035525785231
307858,3.6161400758152262
307859,36.01985726010226
307860,121.47838156592985
307861,1012.1785841724472
307862,874.023616662086
307863,412.10187463918146
307864,615.6523124071308
307865,268.0646409683643
307866,1983.8761983174306
307867,1718.202928984416
307868,824.8077715442366
307869,1289.9524912433146
307870,329.66028446148675
307871,2388.5954840608806
307872,2019.3675058392926
307873,958.0890803007901
307874,1518.236909199499
307875,108.34233811291625
307876,792.8310113993879
307877,657.1135581588504
307878,327.8744785772036
307879,515.3693525576539
307880,221.77865836498262
307881,1583.7049168160336
307882,1346.3855130296658
307883,681.350940092644
307884,985.0743536427124
307885,252.0837212416717
307886,1871.018418647552
307887,1603.6139579514731
307888,769.3000748905296
307889,1163.7816215152507
307890,758.0663227611961
307891,575.3536955346644
307892,515.2828023614682
307893,221.2555343588401
307894,375.73306674354063
307895,750.3665041472702
307896,1184.7599460256756
307897,1014.6402307355255
307898,491.77542050099555
307899,757.1052844783028
307900,659.1250686903902
307901,1400.4497117742035
307902,1197.2776239143689
307903,583.974556888618
307904,863.9809543043411
307905,95.63526440187854
307906,605.427261878883
307907,526.7749439783231
307908,234.36363800830847
307909,389.36159524443764
307910,179.84505434880182
307911,1225.278153251377
307912,1042.55101687382
307913,513.9392308151317
307914,778.9909404238415
307915,194.71585893608523
307916,1459.0977804337272
307917,1227.4820994245656
307918,605.2941055900403
307919,885.0223486371665
307920,47.375618408898646
307921,419.51783032147847
307922,367.20386105245603
307923,167.39310988202024
307924,275.85211237777946
307925,107.20149859700123
307926,898.1231164782449
307927,758.6526997670422
307928,349.23424433629367
307929,545.0041065242731
307930,131.02363090368607
307931,1048.6310411465465
307932,869.9232594966596
307933,418.8960685866148
307934,629.3424642130109
307935,721.6388442931144
307936,18.504873821205347
307937,19.349075614666777
307938,-0.6640847694160552
307939,14.885464107559686
307940,214.3947847686681
307941,22.862084186676928
307942,21.919784573595525
307943,-17.822776512627755
307944,36.068983808458185
307945,39.752455581514425
307946,36.61880681437472
307947,39.677065595814724
307948,3.5558569753875924
307949,35.959574159674624
307950,121.47784635957007
307951,1013.2945072770437
307952,878.668022371874
307953,413.09466426243125
307954,616.6451020303806
307955,268.0641057620045
307956,1984.9921214220274
307957,1722.8473346942042
307958,825.8005611674864
307959,1290.9452808665646
307960,329.65974925512694
307961,2389.7114071654773
307962,2024.0119115490807
307963,959.0818699240399
307964,1519.229698822749
307965,108.34180290655647
307966,793.9469345039844
307967,657.4002684968128
307968,328.8672682004534
307969,516.3621421809037
307970,221.77812315862283
307971,1584.8208399206303
307972,1346.6722233676282
307973,682.3437297158938
307974,986.0671432659622
307975,252.0831860353119
307976,1872.1343417521487
307977,1603.9006682894355
307978,770.2928645137794
307979,1164.7744111385007
307980,760.2598160780485
307981,572.948371340515
307982,515.2284823860522
307983,220.51815461807527
307984,374.9956870027758
307985,752.5599974641226
307986,1182.3546218315264
307987,1014.5859107601095
307988,491.03804076023073
307989,756.367904737538
307990,661.3185620072426
307991,1398.0443875800543
307992,1197.223303938953
307993,583.2371771478532
307994,863.2435745635763
307995,94.30313317403514
307996,603.0219376847335
307997,526.7206240029071
307998,233.62625826754365
307999,388.6242155036728
308000,178.5129231209584
308001,1222.8728290572278
308002,1042.496696898404
308003,513.2018510743669
308004,778.2535606830767
308005,193.38372770824182
308006,1456.692456239578
308007,1227.4277794491497
308008,604.5567258492755
308009,884.2849688964017
308010,46.04348718105524
308011,417.1125061273291
308012,367.1495410770401
308013,166.65573014125542
308014,275.11473263701464
308015,105.86936736915783
308016,895.7177922840955
308017,758.5983797916263
308018,348.49686459552885
308019,544.2667267835083
308020,129.69149967584266
308021,1046.2257169523973
308022,869.8689395212436
308023,418.15868884584995
308024,628.6050844722461
308025,719.4459890848485
308026,16.292170000084646
308027,19.487376012279526
308028,-1.2088441371522036
308029,14.340704739823536
308030,195.77532272614968
308031,19.19208546657252
308032,20.60079007222457
308033,-19.824830779347607
308034,34.06692954173833
308035,37.55960037324852
308036,34.406102993254024
308037,39.81536599342747
308038,3.0110976076514433
308039,35.414814791938475
308040,119.28499115130411
308041,1011.081803455923
308042,878.8063227694868
308043,412.54990489469503
308044,616.1003426626445
308045,264.4139556547548
308046,1981.3221227019233
308047,1721.5283401928334
308048,823.7985069007666
308049,1288.943226599845
308050,327.46689404686094
308051,2387.4987033443567
308052,2024.1502119466936
308053,958.5371105563038
308054,1518.6849394550131
308055,106.14894769829054
308056,791.7342306828637
308057,657.5385688944256
308058,328.3225088327172
308059,515.8173828131676
308060,218.12797305137323
308061,1581.1508412005262
308062,1345.3532288662575
308063,680.341675449174
308064,984.0650889992423
308065,249.89033082704603
308066,1869.9216379310283
308067,1604.0389686870485
308068,769.7481051460433
308069,1164.2296517707648
308070,747.4154056023535
308071,612.4269793983059
308072,546.3752495939929
308073,242.36580890937722
308074,385.9565063877887
308075,676.5978618075374
308076,1237.6408885230503
308077,1049.0211714200602
308078,527.2691408816057
308079,799.6562283498894
308080,547.0766370666516
308081,1457.6882877630858
308082,1233.35573731898
308083,605.2994315027613
308084,937.5919378498123
308085,86.02727667963758
308086,641.4646276357055
308087,557.2008604940821
308088,254.85540077834668
308089,398.9665231081867
308090,177.73686158877135
308091,1277.7416894224318
308092,1076.883938622088
308093,549.4329511957413
308094,821.5418842954281
308095,203.10228704861225
308096,1526.3037273433645
308097,1273.8969711399848
308098,626.6189802041836
308099,958.6333321826377
308100,49.008047260748036
308101,444.0200840445225
308102,386.09466553443656
308103,181.0732562009781
308104,278.6454237904485
308105,110.9168564521837
308106,932.6512064526469
308107,789.2359049699918
308108,379.259150781146
308109,582.0862364601028
308110,140.87510431348355
308111,1097.2748440612952
308112,911.9617168685235
308113,431.6828358745408
308114,690.6403963035879
308115,712.4021806967932
308116,17.228287494982144
308117,19.64413802827602
308118,3.69448652074892
308119,-3.5800604168749057
308120,70.89863012761313
308121,17.228704310820074
308122,24.469061898215326
308123,-6.018032055382613
308124,31.33629182230874
308125,26.351986627215048
308126,36.354804844974396
308127,36.239610761273454
308128,5.294128429101289
308129,19.581511493477397
308130,127.28048379002206
308131,1063.385787983901
308132,917.4321008164277
308133,429.9433788454947
308134,643.5617823873151
308135,277.35826750896393
308136,2143.8368473669157
308137,1850.0172666726694
308138,876.7690977398139
308139,1349.9147585297408
308140,340.7625056993169
308141,2536.170618430834
308142,2170.2711201996963
308143,1008.3937166133958
308144,1608.2382996771148
308145,116.33771616081106
308146,843.3741653067315
308147,699.0108562304749
308148,348.0414084408433
308149,535.1162318331287
308150,230.22719924488254
308151,1689.171946085064
308152,1415.8368468976182
308153,730.5367094376682
308154,1037.5384829255888
308155,275.0899132324078
308156,1986.4235930005966
308157,1702.2130742092945
308158,827.9492346732767
308159,1251.6395191009717
308160,750.31288571376
308161,640.4968947267977
308162,562.0891444235882
308163,253.61511576401645
308164,411.89275346704534
308165,687.995034620396
308166,1326.8773463596308
308167,1130.2211602719854
308168,554.5936986782481
308169,850.3923269853678
308170,427.1763801207894
308171,1563.939418011468
308172,1336.3193429252794
308173,646.6862503462081
308174,979.7257384609875
308175,90.61510457396527
308176,672.667415159693
308177,576.6831427759014
308178,268.0156048106633
308179,426.81366736512064
308180,184.00506976735724
308181,1367.9919598493816
308182,1159.9414177485598
308183,576.7575089923837
308184,872.2779829309065
308185,211.15490516332335
308186,1639.4752550728438
308187,1380.516331496184
308188,669.8040635229833
308189,1002.5653972691657
308190,57.543850001919964
308191,466.0157546748876
308192,407.4700205121342
308193,185.5282501428945
308194,297.7873579569825
308195,125.74144876289414
308196,978.0998777541313
308197,835.6050835471432
308198,386.66574312104353
308199,612.9043696388366
308200,153.1533675044935
308201,1139.8833522482123
308202,956.1313562583055
308203,452.7237135728845
308204,712.4282557696602
308205,706.1419215928507
308206,21.892429147267194
308207,23.052577470239374
308208,-1.038510327563493
308209,0.1646433267526426
308210,83.84539566562385
308211,16.85768124345956
308212,25.018546106521796
308213,-19.519609939549216
308214,35.03701514430051
308215,14.143047488619962
308216,35.71674169547922
308217,38.1932455715478
308218,-8.882505946403137
308219,22.607178324131347
308220,139.26509853540315
308221,1111.3886887539709
308222,976.9324563150062
308223,456.24747077746446
308224,689.0213923260482
308225,283.8350960933035
308226,2266.6165860093256
308227,1930.302150497062
308228,936.9126820246461
308229,1437.9384614355552
308230,372.607693364797
308231,2670.3907887852884
308232,2278.524433469391
308233,1106.8325598509396
308234,1734.557261535639
308235,128.29882727320145
308236,885.9895291933691
308237,752.3131131872851
308238,363.9847691610375
308239,568.5907582194584
308240,238.62171230371638
308241,1771.1787675917103
308242,1523.1764415711834
308243,752.1223478402511
308244,1085.379887608525
308245,288.33264285211465
308246,2099.6966701530087
308247,1823.7754127294038
308248,867.3099895083016
308249,1317.256040216351
308250,717.6743757624819
308251,718.74784435051
308252,628.512074259886
308253,301.21608406365016
308254,472.67086376091237
308255,517.4641276181845
308256,1502.5695627625178
308257,1262.1090993381183
308258,606.9253872241189
308259,912.5673599772423
308260,323.9681130178225
308261,1750.9418081545712
308262,1471.7355958912146
308263,724.9826571257141
308264,1076.1631654873254
308265,113.82281692355114
308266,750.04208625345
308267,644.811359909759
308268,315.81336673694693
308269,487.78857128563754
308270,193.82629980076723
308271,1539.8316663612923
308272,1289.6471691735162
308273,629.5471302197119
308274,934.9109486042383
308275,221.11222580305412
308276,1814.9228743607032
308277,1513.7503968209426
308278,748.5584029839466
308279,1099.4607569769614
308280,78.39007489956819
308281,531.5194155754314
308282,461.4988255152125
308283,203.57825949295136
308284,328.51094959205255
308285,138.24658044130493
308286,1062.9023883364666
308287,906.7317343185148
308288,421.6441839673173
308289,657.7022483378528
308290,162.68894884912407
308291,1265.2445610233997
308292,1073.4507370661668
308293,530.1933885405539
308294,800.731250370921
308295,731.4010230807484
308296,24.843250301277568
308297,30.65947706468828
308298,3.7080096942939047
308299,2.6319863545314446
308300,11.525623076443711
308301,26.228586976786726
308302,36.720712777150524
308303,-12.80767709028054
308304,43.46813920171657
308305,2.500089864231567
308306,47.05178192381873
308307,56.271048438972265
308308,0.5035671845684978
308309,34.72632444409976
308310,187.9345132617065
308311,1263.0839743248193
308312,1109.9622882467331
308313,540.9684919790684
308314,798.0181765104165
308315,372.64547502573384
308316,2524.7930260734806
308317,2123.77944945185
308318,1063.8475401570054
308319,1583.9309054407815
308320,423.87892058833046
308321,3029.8311477504194
308322,2577.697364926176
308323,1262.8771312018748
308324,1896.3643190252865
308325,140.0214778691734
308326,982.6459944008864
308327,826.8808342364604
308328,391.8635561961939
308329,621.0621250182514
308330,286.58077837400253
308331,1937.8043308910578
308332,1686.1132956093759
308333,836.7310392590937
308334,1188.3233400299794
308335,309.5573191268936
308336,2305.2856192707827
308337,1974.496187153335
308338,985.6400075497078
308339,1428.747878120786
308340,759.6565282160273
308341,571.8324482359185
308342,514.9417720480898
308343,220.5784377185029
308344,375.05597010320344
308345,750.8494668256269
308346,1181.2386987269297
308347,1014.2992004221471
308348,493.0288585145799
308349,756.4281878379657
308350,665.6189498180905
308351,1396.9284644754575
308352,1196.9365936009906
308353,585.2279949022025
308354,863.303857664004
308355,94.30366838039492
308356,601.906014580137
308357,526.4339136649447
308358,233.68654136797127
308359,388.68449860410044
308360,178.5134583273182
308361,1221.756905952631
308362,1042.2099865604416
308363,515.1926688287165
308364,778.3138437835044
308365,193.3842629146016
308366,1455.5765331349812
308367,1227.1410691111873
308368,606.5475436036247
308369,884.3452519968293
308370,46.044022387415026
308371,415.9965830227326
308372,366.8628307390777
308373,166.71601324168304
308374,275.17501573744227
308375,105.86990257551761
308376,894.601869179499
308377,758.3116694536639
308378,350.487682349878
308379,544.327009883936
308380,129.69203488220245
308381,1045.1097938478006
308382,869.5822291832812
308383,420.1495066001991
308384,628.6653675726737
308385,726.0937586534856
308386,16.147632769213658
308387,20.172051548042667
308388,-0.17717516299901245
308389,15.372373713976716
308390,212.87497463380106
308391,20.50484313468524
308392,22.742760506971415
308393,-15.405332252289174
308394,36.55589341487523
308395,46.2329757929354
308396,34.26156576238304
308397,40.50004152919062
308398,5.973301235726174
308399,36.44648376609168
308400,169.37961788700093
308401,1065.0975592023613
308402,929.293595910733
308403,466.68879412247946
308404,673.8051548583339
308405,315.9658772894354
308406,2036.7951733473446
308407,1773.4729082330634
308408,881.3252256814562
308409,1348.1053336945183
308410,377.56152078255786
308411,2441.514459090794
308412,2074.637485087938
308413,1014.6065344380097
308414,1576.3897516507027
308415,108.28561585571676
308416,791.7010961758823
308417,658.3346471540783
308418,328.4125078070827
308419,515.9073817875329
308420,221.72193610778314
308421,1582.5750015925282
308422,1347.6066020248938
308423,683.8195039764446
308424,985.6123828725914
308425,252.02699898447236
308426,1869.8885034240466
308427,1604.8350469467011
308428,771.7686387743302
308429,1164.3196507451298
308430,759.6565282160273
308431,571.8324482359185
308432,514.9417720480898
308433,220.5784377185029
308434,375.05597010320344
308435,757.8073485226065
308436,1181.2386987269297
308437,1014.2992004221471
308438,493.0288585145799
308439,756.4281878379657
308440,673.5399722164838
308441,1396.9284644754575
308442,1196.9365936009906
308443,585.2279949022025
308444,863.303857664004
308445,94.30366838039492
308446,601.906014580137
308447,526.4339136649447
308448,233.68654136797127
308449,388.68449860410044
308450,178.5134583273182
308451,1221.756905952631
308452,1042.2099865604416
308453,515.1926688287165
308454,778.3138437835044
308455,193.3842629146016
308456,1455.5765331349812
308457,1227.1410691111873
308458,606.5475436036247
308459,884.3452519968293
308460,46.044022387415026
308461,415.9965830227326
308462,366.8628307390777
308463,166.71601324168304
308464,275.17501573744227
308465,105.86990257551761
308466,894.601869179499
308467,758.3116694536639
308468,350.487682349878
308469,544.327009883936
308470,129.69203488220245
308471,1045.1097938478006
308472,869.5822291832812
308473,420.1495066001991
308474,628.6653675726737
308475,726.0937586534856
308476,16.147632769213658
308477,20.172051548042667
308478,-0.17717516299901245
308479,15.372373713976716
308480,212.87497463380106
308481,20.50484313468524
308482,22.742760506971415
308483,-15.405332252289174
308484,36.55589341487523
308485,46.2329757929354
308486,34.26156576238304
308487,40.50004152919062
308488,5.973301235726174
308489,36.44648376609168
308490,169.37961788700093
308491,1065.0975592023613
308492,929.293595910733
308493,466.68879412247946
308494,673.8051548583339
308495,315.9658772894354
308496,2036.7951733473446
308497,1779.53387999758
308498,881.3252256814562
308499,1348.1053336945183
308500,377.56152078255786
308501,2441.514459090794
308502,2074.637485087938
308503,1014.6065344380097
308504,1576.3897516507027
308505,108.28561585571676
308506,791.7010961758823
308507,658.3346471540783
308508,328.4125078070827
308509,515.9073817875329
308510,221.72193610778314
308511,1582.5750015925282
308512,1347.6066020248938
308513,683.8195039764446
308514,985.6123828725914
308515,252.02699898447236
308516,1869.8885034240466
308517,1604.8350469467011
308518,771.7686387743302
308519,1164.3196507451298
308520,760.9410453807682
308521,573.6296006432347
308522,515.9097116887718
308523,221.19938392079487
308524,375.67691630549535
308525,758.4880426189663
308526,1183.0358511342458
308527,1015.2671400628292
308528,493.6498047168718
308529,757.0491340402576
308530,661.9997913099622
308531,1398.7256168827737
308532,1197.9045332416724
308533,585.8489411044944
308534,863.924803866296
308535,94.9843624767547
308536,603.7031669874532
308537,527.4018533056268
308538,234.30748757026325
308539,389.30544480639236
308540,179.194152423678
308541,1223.5540583599472
308542,1043.1779262011235
308543,515.8136150310085
308544,778.9347899857963
308545,194.06495701096142
308546,1457.3736855422974
308547,1228.1090087518692
308548,607.1684898059167
308549,884.9661981991213
308550,46.72471648377481
308551,417.7937354300486
308552,367.83077037975966
308553,167.33695944397502
308554,275.7959619397342
308555,106.55059667187739
308556,896.3990215868151
308557,759.2796090943459
308558,351.10862855216993
308559,544.9479560862279
308560,130.37272897856226
308561,1046.9069462551167
308562,870.5501688239633
308563,420.77045280249104
308564,629.2863137749657
308565,720.8523534231563
308566,17.098132522557183
308567,20.293338534752063
308568,-0.4028816146796648
308569,15.146667262296075
308570,234.02056414939912
308571,21.455342888028763
308572,22.86404749368081
308573,-15.631038703969825
308574,36.33018696319458
308575,50.56300214996637
308576,35.212065515726565
308577,40.62132851590001
308578,5.747594784045522
308579,36.220777314411016
308580,121.1442980272278
308581,1017.9786976535444
308582,885.7032169671077
308583,419.44679909231587
308584,626.5631598281705
308585,267.7305574296622
308586,1989.6763117985276
308587,1735.9435010539544
308588,834.0832306512928
308589,1300.8633386643546
308590,329.32620092278466
308591,2394.395597541977
308592,2031.0471061443143
308593,967.3645394078462
308594,1529.147756620539
308595,108.00825457421425
308596,792.5401932053362
308597,658.3445314168981
308598,329.12847135518973
308599,516.6233453356401
308600,221.44457482628064
308601,1583.4140986219822
308602,1347.6164862877135
308603,684.5354675245518
308604,986.3283464206986
308605,251.74963770296975
308606,1870.7276004535006
308607,1604.8449312095208
308608,772.4846023224374
308609,1165.0356142932371
308610,761.1598589119296
308611,573.8484141743961
308612,516.1285252199333
308613,220.61996755703615
308614,374.27118735737383
308615,758.7068561501278
308616,1183.2546646654073
308617,1015.4859535939906
308618,493.07038835311306
308619,755.643405092136
308620,662.2186048411237
308621,1398.9444304139352
308622,1198.1233467728339
308623,585.2695247407357
308624,862.5190749181744
308625,95.20317600791617
308626,603.9219805186146
308627,527.6206668367882
308628,233.72807120650452
308629,387.89971585827084
308630,179.4129659548395
308631,1223.7728718911087
308632,1043.396739732285
308633,515.2341986672498
308634,777.5290610376748
308635,194.2837705421229
308636,1457.5924990734588
308637,1228.3278222830306
308638,606.589073442158
308639,883.5604692509997
308640,46.94353001493629
308641,418.0125489612101
308642,368.0495839109211
308643,166.7575430802163
308644,274.39023299161266
308645,106.76941020303886
308646,896.6178351179766
308647,759.4984226255074
308648,350.5292121884112
308649,543.5422271381063
308650,130.59154250972375
308651,1047.1257597862782
308652,870.7689823551248
308653,420.1910364387323
308654,627.8805848268441
308655,720.8523534231563
308656,17.098132522557183
308657,20.293338534752063
308658,-0.4028816146796648
308659,15.146667262296075
308660,225.02597670936845
308661,21.455342888028763
308662,22.86404749368081
308663,-15.631038703969825
308664,36.33018696319458
308665,50.56300214996637
308666,35.212065515726565
308667,40.62132851590001
308668,5.747594784045522
308669,36.220777314411016
308670,121.1442980272278
308671,1007.4723654933664
308672,885.7032169671077
308673,419.44679909231587
308674,626.5631598281705
308675,267.7305574296622
308676,1979.16997963835
308677,1735.9435010539544
308678,834.0832306512928
308679,1300.8633386643546
308680,329.32620092278466
308681,2383.8892653817993
308682,2031.0471061443143
308683,967.3645394078462
308684,1529.147756620539
308685,108.00825457421425
308686,792.5401932053362
308687,658.3445314168981
308688,329.12847135518973
308689,516.6233453356401
308690,221.44457482628064
308691,1583.4140986219822
308692,1347.6164862877135
308693,684.5354675245518
308694,986.3283464206986
308695,251.74963770296975
308696,1870.7276004535006
308697,1604.8449312095208
308698,772.4846023224374
308699,1165.0356142932371
308700,748.3154484362346
308701,613.327022232187
308702,547.275292427874
308703,242.4676218483381
308704,385.2320067423867
308705,682.7447204935426
308706,1238.5409313569312
308707,1049.9212142539411
308708,527.3709538205667
308709,798.9317287044875
308710,547.9766799005328
308711,1458.5883305969667
308712,1234.2557801528608
308713,605.4012444417223
308714,936.8674382044104
308715,86.92731951351861
308716,642.3646704695866
308717,558.1009033279632
308718,254.95721371730755
308719,398.24202346278474
308720,178.63690442265246
308721,1278.6417322563127
308722,1077.7839814559688
308723,549.5347641347023
308724,820.8173846500262
308725,204.00232988249334
308726,1527.2037701772454
308727,1274.7970139738657
308728,626.7207931431445
308729,957.9088325372358
308730,49.90809009462909
308731,444.9201268784035
308732,386.99470836831756
308733,181.17506913993898
308734,277.9209241450465
308735,111.81689928606473
308736,933.551249286528
308737,790.1359478038729
308738,379.3609637201068
308739,581.3617368147009
308740,141.77514714736463
308741,1098.174886895176
308742,912.8617597024046
308743,431.7846488135016
308744,689.9158966581859
308745,713.8085450351009
308746,18.03425001745468
308747,20.45010055074856
308748,4.50044904322146
308749,-2.7740978944023666
308750,104.82279432169821
308751,19.491961732276316
308752,26.732319319671568
308753,-3.754774633926368
308754,33.599549243765
308755,37.329782552883096
308756,37.16076736744694
308757,37.045573283745995
308758,6.1000909515738275
308759,20.387474015949934
308760,129.1397906659458
308761,1059.7763500213441
308762,924.3289950140486
308763,436.84027304311553
308764,654.0245995528411
308765,280.6748692838714
308766,2141.684704303342
308767,1864.4324275337904
308768,885.1232868364185
308769,1361.8348705942503
308770,342.6218125752406
308771,2532.5611804682767
308772,2177.1680143973167
308773,1015.2906108110167
308774,1618.7011168426407
308775,118.19702303673476
308776,844.180127829204
308777,699.8168187529475
308778,348.8473709633159
308779,535.9221943556013
308780,233.54380101978995
308781,1691.43520350652
308782,1418.1001043190743
308783,732.7999668591244
308784,1039.8017403470449
308785,276.94922010833153
308786,1987.229555523069
308787,1703.0190367317668
308788,828.7551971957492
308789,1252.445481623444
308790,751.2129285476411
308791,641.3969375606788
308792,562.9891872574693
308793,253.71692870297724
308794,411.16825382164336
308795,695.2333755646888
308796,1327.7773891935117
308797,1131.1212031058662
308798,554.695511617209
308799,849.6678273399659
308800,428.0764229546704
308801,1564.8394608453489
308802,1337.2193857591603
308803,646.7880632851691
308804,979.0012388155856
308805,91.5151474078463
308806,673.5674579935741
308807,577.5831856097825
308808,268.1174177496241
308809,426.08916771971866
308810,184.90511260123833
308811,1368.8920026832625
308812,1160.8414605824407
308813,576.8593219313447
308814,871.5534832855046
308815,212.05494799720444
308816,1640.3752979067247
308817,1381.4163743300649
308818,669.9058764619442
308819,1001.8408976237638
308820,58.443892835801
308821,466.9157975087686
308822,408.37006334601523
308823,185.63006308185538
308824,297.0628583115805
308825,126.64149159677521
308826,978.9999205880124
308827,836.5051263810243
308828,386.7675560600043
308829,612.1798699934346
308830,154.0534103383746
308831,1140.7833950820932
308832,957.0313990921866
308833,452.8255265118453
308834,711.7037561242582
308835,708.3469729894335
308836,22.48791794941371
308837,23.64806627238589
308838,-0.44302152541697554
308839,0.7601321288991598
308840,96.53172289592455
308841,18.91046494458978
308842,27.071329807652017
308843,-17.466826238418996
308844,37.08979884543072
308845,19.71135946373471
308846,36.31223049762574
308847,38.78873437369432
308848,-8.287017144256618
308849,23.202667126277863
308850,141.12440541132688
308851,1087.8238645003448
308852,963.8739642215583
308853,443.18897868401643
308854,679.5288232005053
308855,287.15169786821093
308856,2244.5090566546837
308857,1924.761925067114
308858,925.3114848301818
308859,1429.9031872089956
308860,374.4670002407207
308861,2646.8259645316625
308862,2265.465941375943
308863,1093.7740677574911
308864,1725.0646924100959
308865,130.15813414912517
308866,883.9157538814056
308867,750.2393378753217
308868,361.9109938490739
308869,566.5169829074949
308870,241.9383140786238
308871,1770.5622871787302
308872,1522.5599611582034
308873,751.5058674272714
308874,1084.763407195545
308875,290.19194972803837
308876,2097.622894841045
308877,1821.70163741744
308878,865.2362141963381
308879,1315.1822649043872
308880,719.6547886147366
308881,720.7282572027648
308882,630.4924871121408
308883,303.8328411827208
308884,470.08062956137576
308885,540.7092759585462
308886,1504.5499756147717
308887,1264.0895121903723
308888,609.5421443431899
308889,909.9771257777059
308890,327.39504217449274
308891,1752.922221006825
308892,1473.7160087434686
308893,727.5994142447851
308894,1073.5729312877886
308895,115.8032297758055
308896,752.0224991057047
308897,646.7917727620137
308898,318.4301238560176
308899,485.19833708610093
308900,195.8067126530216
308901,1541.8120792135462
308902,1291.6275820257702
308903,632.1638873387828
308904,932.3207144047019
308905,223.0926386553085
308906,1816.9032872129571
308907,1515.7308096731965
308908,751.1751601030176
308909,1096.8705227774246
308910,80.37048775182252
308911,533.4998284276861
308912,463.4792383674669
308913,206.195016612022
308914,325.92071539251594
308915,140.2269932935593
308916,1064.8828011887206
308917,908.7121471707695
308918,424.26094108638796
308919,655.1120141383163
308920,164.66936170137845
308921,1267.2249738756536
308922,1075.4311499184207
308923,532.8101456596248
308924,798.1410161713845
308925,736.2686349725393
308926,25.383968637018068
308927,31.200195400428775
308928,5.683302191770845
308929,0.22660011776389144
308930,41.66378491945868
308931,26.769305312527223
308932,37.26143111289103
308933,-10.832384592803612
308934,41.06275296494901
308935,10.730962334554109
308936,47.59250025955923
308937,56.81176677471277
308938,2.478859682045438
308939,32.32093820733221
308940,156.56355936543295
308941,1206.2888892989959
308942,1063.6735353810873
308943,496.11431327515965
308944,747.2797127630021
308945,341.2745211294605
308946,2467.997941047658
308947,2077.490696586205
308948,1018.9933614530953
308949,1533.1924416933664
308950,392.50796669205704
308951,2973.036062724597
308952,2531.408612060531
308953,1218.0229524979654
308954,1845.6258552778713
308955,140.46098104756373
308956,979.1524153913899
308957,823.3872552269639
308958,389.8045513484335
308959,613.1188351269853
308960,287.020281552393
308961,1934.3107518815607
308962,1682.6197165998788
308963,834.6720344113336
308964,1180.380050138713
308965,309.99682230528407
308966,2301.792040261286
308967,1971.002608143838
308968,983.5810027019477
308969,1420.8045882295196
308970,761.636941068282
308971,573.8128610881732
308972,516.9221849003445
308973,223.19519483757352
308974,369.8692145110005
308975,759.7877613748612
308976,1183.2191115791836
308977,1016.2796132744012
308978,495.6456156336507
308979,751.2414322457629
308980,667.5993626703453
308981,1398.9088773277115
308982,1198.9170064532445
308983,587.8447520212734
308984,858.1171020718012
308985,96.28408123264916
308986,603.8864274323918
308987,528.4143265171995
308988,236.3032984870419
308989,383.4977430118975
308990,180.49387117957255
308991,1223.737318804885
308992,1044.1903994126956
308993,517.8094259477875
308994,773.1270881913016
308995,195.36467576685598
308996,1457.5569459872352
308997,1229.1214819634413
308998,609.1643007226957
308999,879.1584964046266
309000,48.02443523966943
309001,417.976995874987
309002,368.8432435913321
309003,169.33277036075367
309004,269.98826014523934
309005,107.85031542777195
309006,896.5822820317537
309007,760.2920823059186
309008,353.10443946894867
309009,539.1402542917332
309010,131.67244773445682
309011,1047.0902067000545
309012,871.562642035536
309013,422.7662637192698
309014,623.478611980471
309015,724.3215984776051
309016,16.73358830443549
309017,20.758007083264502
309018,1.8433545339592676
309019,12.297517844047581
309020,279.6943698614044
309021,21.09079866990707
309022,23.328716042193243
309023,-13.38480255533088
309024,33.48103754494609
309025,54.03224720441484
309026,34.847521297604885
309027,41.08599706441246
309028,7.993830932684449
309029,33.37162789616255
309030,120.31944040281807
309031,994.5463327765157
309032,869.248701645066
309033,408.07847401854866
309034,605.6271797029716
309035,266.9056998052527
309036,1966.243946921499
309037,1719.488985731912
309038,822.7149055775257
309039,1279.9273585391552
309040,328.5013432983751
309041,2370.9632326649494
309042,2014.5925908222719
309043,955.9962143340791
309044,1508.2117764953396
309045,107.18339694980455
309046,790.5988772699706
309047,657.2324282481666
309048,328.74486306290703
309049,506.37956815590616
309050,220.6197172018709
309051,1581.4727826866158
309052,1346.5043831189814
309053,684.1518592322692
309054,976.084569240965
309055,250.92478007856016
309056,1868.7862845181342
309057,1603.7328280407887
309058,772.1009940301548
309059,1154.791837113503
309060,761.636941068282
309061,573.8128610881732
309062,516.9221849003445
309063,223.19519483757352
309064,369.8692145110005
309065,759.7877613748612
309066,1183.2191115791836
309067,1016.2796132744012
309068,495.6456156336507
309069,751.2414322457629
309070,675.5203850687385
309071,1398.9088773277115
309072,1198.9170064532445
309073,587.8447520212734
309074,858.1171020718012
309075,96.28408123264916
309076,603.8864274323918
309077,528.4143265171995
309078,236.3032984870419
309079,383.4977430118975
309080,180.49387117957255
309081,1223.737318804885
309082,1044.1903994126956
309083,517.8094259477875
309084,773.1270881913016
309085,195.36467576685598
309086,1457.5569459872352
309087,1229.1214819634413
309088,609.1643007226957
309089,879.1584964046266
309090,48.02443523966943
309091,417.976995874987
309092,368.8432435913321
309093,169.33277036075367
309094,269.98826014523934
309095,107.85031542777195
309096,896.5822820317537
309097,760.2920823059186
309098,353.10443946894867
309099,539.1402542917332
309100,131.67244773445682
309101,1047.0902067000545
309102,871.562642035536
309103,422.7662637192698
309104,623.478611980471
309105,724.3215984776051
309106,16.73358830443549
309107,20.758007083264502
309108,1.8433545339592676
309109,12.297517844047581
309110,279.6943698614044
309111,21.09079866990707
309112,23.328716042193243
309113,-13.38480255533088
309114,33.48103754494609
309115,54.03224720441484
309116,34.847521297604885
309117,41.08599706441246
309118,7.993830932684449
309119,33.37162789616255
309120,120.31944040281807
309121,994.5463327765157
309122,878.4274997326057
309123,408.07847401854866
309124,605.6271797029716
309125,266.9056998052527
309126,1966.243946921499
309127,1743.5423740715157
309128,822.7149055775257
309129,1279.9273585391552
309130,328.5013432983751
309131,2370.9632326649494
309132,2038.6459791618756
309133,955.9962143340791
309134,1508.2117764953396
309135,107.18339694980455
309136,790.5988772699706
309137,657.2324282481666
309138,328.74486306290703
309139,506.37956815590616
309140,220.6197172018709
309141,1581.4727826866158
309142,1346.5043831189814
309143,684.1518592322692
309144,976.084569240965
309145,250.92478007856016
309146,1868.7862845181342
309147,1603.7328280407887
309148,772.1009940301548
309149,1154.791837113503
309150,758.5374008194605
309151,571.225956081927
309152,510.1500815485816
309153,227.0640081380313
309154,365.83878735779723
309155,756.0996865610564
309156,1180.647495076335
309157,1009.5227984260365
309158,499.5297174375064
309159,747.2262935959574
309160,659.3370306683902
309161,1396.062856241201
309162,1191.885787021217
309163,591.4544492414669
309164,853.8275588383337
309165,93.57535265306943
309166,609.471253604995
309167,529.813954344286
309168,241.16674652512248
309169,380.46195059631697
309170,177.80043110339057
309171,1229.337433480886
309172,1045.6053157431795
309173,522.6881624892659
309174,770.1065842791189
309175,192.39683110701202
309176,1462.8826560795742
309177,1230.2619937102634
309178,613.768632680512
309179,875.8635879087819
309180,45.31570666008964
309181,416.3847256063635
309182,363.065774977192
309183,174.19621839883425
309184,266.9524677296588
309185,105.15687535158987
309186,895.005300266528
309187,754.5299021951763
309188,357.983176010427
309189,536.1197503795505
309190,128.70460307461286
309191,1045.2388203511669
309192,865.5260573411317
309193,427.3705956770861
309194,620.1837034846263
309195,714.4632880025365
309196,15.948277649282865
309197,15.787498082595212
309198,6.215346349323684
309199,8.7702692057509
309200,277.00092978522224
309201,19.513816904681356
309202,17.56653593145088
309203,-8.506066013852642
309204,30.46053363276322
309205,62.36815432929407
309206,32.9961349487172
309207,35.04941237000812
309208,12.598162890500767
309209,30.076719400317717
309210,118.82633283573979
309211,997.0932969797773
309212,876.7892655903511
309213,415.30804049669274
309214,603.153463254981
309215,264.2122597290706
309216,1964.6669651562731
309217,1737.780193960773
309218,828.6467148426815
309219,1276.155884878176
309220,324.8616193618051
309221,2368.439967039336
309222,2031.937515190745
309223,960.981739738847
309224,1503.4940189739725
309225,105.6902893827262
309226,789.0559008347228
309227,651.5042534674022
309228,334.7106776580407
309229,502.64209982490524
309230,217.9262771256889
309231,1579.89580092139
309232,1340.7422030082387
309233,690.083668497425
309234,972.3130955799862
309235,247.2850561419902
309236,1866.2630188925204
309237,1597.024364069658
309238,777.0865194349226
309239,1150.074079592136
309240,758.5374008194605
309241,571.225956081927
309242,510.1500815485816
309243,227.0640081380313
309244,365.83878735779723
309245,756.0996865610564
309246,1180.647495076335
309247,1009.5227984260365
309248,499.5297174375064
309249,747.2262935959574
309250,659.3370306683902
309251,1396.062856241201
309252,1191.885787021217
309253,591.4544492414669
309254,853.8275588383337
309255,92.84705730925023
309256,608.7429582611758
309257,529.0856590004668
309258,240.43845118130326
309259,379.7336552524978
309260,177.07213575957135
309261,1228.6091381370666
309262,1044.8770203993602
309263,521.9598671454467
309264,769.3782889352997
309265,191.6685357631928
309266,1462.1543607357548
309267,1229.533698366444
309268,613.0403373366928
309269,875.1352925649627
309270,44.58741131627043
309271,415.6564302625443
309272,362.3374796333728
309273,173.46792305501504
309274,266.2241723858396
309275,104.42858000777068
309276,894.2770049227088
309277,753.8016068513571
309278,357.2548806666078
309279,535.3914550357313
309280,127.97630773079365
309281,1044.5105250073475
309282,864.7977619973125
309283,426.6423003332669
309284,619.4554081408071
309285,713.7349926587173
309286,15.21998230546366
309287,15.059202738776007
309288,5.487051005504479
309289,8.041973861931695
309290,267.27804700137244
309291,18.785521560862154
309292,16.838240587631677
309293,-9.234361357671848
309294,29.732238288944018
309295,61.639858985474866
309296,32.26783960489799
309297,34.321117026188915
309298,11.869867546681562
309299,29.348424056498516
309300,118.09803749192059
309301,996.365001635958
309302,876.0609702465318
309303,414.57974515287356
309304,602.4251679111618
309305,263.4839643852514
309306,1963.9386698124538
309307,1737.0518986169536
309308,827.9184194988622
309309,1275.4275895343567
309310,324.1333240179859
309311,2367.711671695517
309312,2031.2092198469256
309313,960.2534443950277
309314,1502.7657236301532
309315,104.96199403890701
309316,788.3276054909036
309317,650.775958123583
309318,333.9823823142215
309319,501.91380448108606
309320,217.1979817818697
309321,1579.1675055775706
309322,1340.0139076644193
309323,689.3553731536058
309324,971.584800236167
309325,246.55676079817098
309326,1865.534723548701
309327,1596.2960687258387
309328,776.3582240911034
309329,1149.3457842483167
309330,745.6929903437655
309331,610.704564139718
309332,541.2968487565223
309333,248.9116624293332
309334,377.9144150445985
309335,693.352922437311
309336,1235.9337617678589
309337,1043.9580590859862
309338,533.8302829049599
309339,791.6294255100971
309340,546.541622032215
309341,1455.7067564242325
309342,1228.018220401244
309343,611.5861689424535
309344,929.2907304263581
309345,84.57120081485269
309346,640.008551770921
309347,552.3887990504152
309348,261.66759369210644
309349,391.1907711588001
309350,176.2960742273843
309351,1276.3009020610439
309352,1072.0871656818174
309353,556.2604326128991
309354,813.7814208494394
309355,201.38709510356324
309356,1524.5885353983147
309357,1268.8257936160524
309358,633.1720570376793
309359,950.598464152987
309360,47.55197139596323
309361,442.5640081797377
309362,381.28260409076927
309363,187.88544911473772
309364,270.86967184106186
309365,109.47606909079659
309366,931.2104190912602
309367,784.4391320297226
309368,386.0866321983034
309369,574.3257730141141
309370,139.15991236843453
309371,1095.5596521162454
309372,906.8905393445923
309373,438.2359127080362
309374,682.6055282739372
309375,706.6911842706619
309376,16.15609980036116
309377,15.2159647547725
309378,10.390381663405597
309379,-10.64579755300175
309380,122.12508676818561
309381,17.830354200659684
309382,21.71472620917242
309383,3.650116507921599
309384,27.242808106829415
309385,37.10288760366834
309386,34.216541456618366
309387,30.745361794034874
309388,12.222363714209862
309389,12.748114499802455
309390,126.09353013063856
309391,1048.6689861639356
309392,914.6867482934728
309393,431.9732191036732
309394,632.0882645528802
309395,277.43649003501054
309396,2127.461608272998
309397,1866.5490388923395
309398,879.966689479538
309399,1339.6089921768503
309400,337.42893567044183
309401,2516.3835867819944
309402,2177.33012809993
309403,1008.1795157981978
309404,1594.5207407693028
309405,115.1507625014276
309406,839.9675401147714
309407,692.2482454596324
309408,353.7012819223477
309409,523.7068242541146
309410,230.30542177092897
309411,1688.1968242576584
309412,1411.50573949133
309413,738.6280862837284
309414,1028.5605787111294
309415,271.75634320353277
309416,1982.0366786182694
309417,1694.4701742480847
309418,832.6288189644152
309419,1239.2498223315908
309420,756.3265793314638
309421,629.421510949917
309422,542.0697425312595
309423,271.51960535181337
309424,395.08322783828555
309425,714.4880878921249
309426,1315.2764943746852
309427,1109.676290171592
309428,595.8279615125018
309429,807.4310975152669
309430,467.36665135409044
309431,1554.7295825982642
309432,1318.165489396628
309433,692.8235378365173
309434,921.7237481821691
309435,88.83387815075476
309436,670.682964324924
309437,565.3685796836729
309438,286.7030903008723
309439,406.5449036590533
309440,179.4031592549402
309441,1365.4395532415585
309442,1148.0588988832774
309443,617.976188509024
309444,825.8575153834978
309445,210.613060628856
309446,1640.9067832685407
309447,1372.6177474344215
309448,715.925767695679
309449,941.1041689130395
309450,56.45562875588481
309451,462.6103238880099
309452,396.33164805379874
309453,204.3919262669966
309454,283.10332249691385
309455,121.83254342765248
309456,974.1264911941997
309457,823.8987553157539
309458,428.0606132715766
309459,572.0686303374266
309460,153.30452814720158
309461,1137.7173033500767
309462,946.2323656887129
309463,499.02160837947287
309464,656.5517556595328
309465,701.543331932474
309466,14.722999596232532
309467,8.150206247746988
309468,-20.626109956197908
309469,23.89424080066786
309470,82.08940667700585
309471,10.577590818354757
309472,11.00551400995924
309473,-27.82726743443143
309474,39.23198308568188
309475,0.5775513485688886
309476,28.600060774916667
309477,23.343622979527495
309478,-15.514745852429522
309479,51.19461763814652
309480,121.7845993357818
309481,1060.7904744203283
309482,903.0400155363146
309483,467.6071693162146
309484,609.6740955226362
309485,260.7963478521313
309486,2210.592676435773
309487,1842.3307694411924
309488,958.0066518455385
309489,1347.711212862637
309490,347.202581911886
309491,2589.842335755665
309492,2161.4077136893757
309493,1147.652004252051
309494,1586.9875882126175
309495,115.34505798849234
309496,866.9181667518225
309497,718.0421538270539
309498,379.478096948625
309499,520.3966912678991
309500,224.1248616839588
309501,1750.5643238151147
309502,1478.2983714667514
309503,773.3622454704216
309504,1021.8478560594777
309505,265.60771597880876
309506,2070.854150122867
309507,1764.0564347034847
309508,912.7333745466735
309509,1205.0845728701588
309510,731.2941855727867
309511,707.8758486353913
309512,608.6960604293193
309513,325.3060557702121
309514,454.19930242548236
309515,557.6786258081677
309516,1491.1720988393342
309517,1241.767617299487
309518,654.3451321771375
309519,872.7653385046855
309520,323.5117788263157
309521,1741.9353608031295
309522,1453.7851304243252
309523,777.305426734788
309524,1021.3203832060527
309525,112.2449785621029
309526,748.261023480443
309527,633.7001848792925
309528,340.6863343459209
309529,465.8577718729
309530,189.42777735011225
309531,1537.4826478152313
309532,1277.9680383699958
309533,676.9512918551171
309534,891.6496890543738
309535,220.77376933034884
309536,1816.5577906181622
309537,1506.0552008209422
309538,800.8655892754072
309539,1041.1587366183799
309540,77.5052417152951
309541,528.3173728503156
309542,450.5638411186391
309543,228.62741773581848
309544,312.1648784253137
309545,134.54106316782534
309546,1059.1323898382964
309547,895.2287941488875
309548,469.2245362366153
309549,620.025717033987
309550,163.04349755359422
309551,1263.2819001870262
309552,1063.7551345583356
309553,582.6767654659075
309554,748.0139582583378
309555,729.1612538665132
309556,17.07105945912413
309557,15.154344551077063
309558,-10.50025716845648
309559,24.578619305572012
309560,-7.924238092830571
309561,17.888440361579416
309562,20.647624490485445
309563,-17.193296718262392
309564,40.4140315253261
309565,-18.8321843857306
309566,39.3323397121374
309567,40.818664555833195
309568,-0.7493399555738279
309569,57.52198303932679
309570,138.96569262798076
309571,1180.9974385570727
309572,1004.5815260339372
309573,525.4068450632357
309574,682.4411909782377
309575,312.0674563161783
309576,2431.2298460315446
309577,2000.260834327463
309578,1055.1350698465842
309579,1461.8112722311005
309580,366.92275014879294
309581,2930.428007421592
309582,2441.7259578469566
309583,1270.01843417904
309584,1704.2898357373872
309585,126.51449878897907
309586,963.0214221638547
309587,792.0566650807441
309588,412.7445671740204
309589,565.5139867230745
309590,270.073423059776
309591,1915.1793824199938
309592,1639.2247208104754
309593,861.9013251805194
309594,1123.2023410070647
309595,287.379599036006
309596,2276.990306023059
309597,1915.3244159098347
309598,1029.6942798089544
309599,1313.638847521819
309600,764.7579112825878
309601,568.807784255808
309602,502.973089952531
309603,234.23589453179503
309604,350.1378500334448
309605,772.908148347639
309606,1177.6885665387535
309607,1001.8050501185244
309608,525.6039721138561
309609,708.0837586389359
309610,721.3289213631068
309611,1395.7693488590232
309612,1186.8334598691085
309613,622.7061331575329
309614,822.0698189804323
309615,95.11215372762958
309616,607.9722835421383
309617,523.1700703694864
309618,248.1269940836754
309619,360.3071404570342
309620,176.50125958534645
309621,1227.2552191415775
309622,1038.3781874919287
309623,547.7521991103783
309624,726.5101765071669
309625,196.01580906052467
309626,1463.4658628956695
309627,1225.7002866144162
309628,644.0100985413418
309629,839.6519752359499
309630,47.54551291182529
309631,420.64187203262463
309632,363.775178077512
309633,181.33265659128
309634,252.38238583637482
309635,104.55070901072106
309636,898.6792024163376
309637,754.6560610190447
309638,383.2234032654319
309639,498.1080708535955
309640,133.01658620530094
309641,1051.5781436563796
309642,868.317637320404
309643,457.7882521718086
309644,589.5568190577931
309645,719.4549364597625
309646,16.268010861549367
309647,12.559487968920624
309648,-15.802824067607412
309649,17.915584964373025
309650,215.4311795592808
309651,20.057265453967073
309652,14.56224115479552
309653,-22.163279684597985
309654,23.713313970099204
309655,40.91403387527023
309656,34.43469248519088
309657,32.940226580540724
309658,2.34806629125687
309659,42.44400017266572
309660,109.35650204508724
309661,984.3587954624725
309662,829.618301097621
309663,430.27471458972093
309664,542.0688966792858
309665,248.9272175069874
309666,1949.1734194685584
309667,1658.2613782437893
309668,851.3537670170331
309669,1201.4360738215155
309670,313.1605667844102
309671,2334.37223075198
309672,1941.8975170384963
309673,1005.8178452527907
309674,1394.3349670479508
309675,101.5803184407736
309676,786.487492617824
309677,637.9214466773354
309678,344.9231460352195
309679,468.0922824191841
309680,212.01626245880792
309681,1574.3610218004371
309682,1315.1289959049664
309683,702.7850616333585
309684,918.406268982308
309685,238.67196859759395
309686,1858.0251668940523
309687,1568.7080840888705
309688,816.3749787384293
309689,1070.4310010780553
309690,764.7579112825878
309691,568.807784255808
309692,502.973089952531
309693,234.23589453179503
309694,350.1378500334448
309695,772.908148347639
309696,1177.6885665387535
309697,1001.8050501185244
309698,525.6039721138561
309699,708.0837586389359
309700,729.2499437615
309701,1395.7693488590232
309702,1186.8334598691085
309703,622.7061331575329
309704,822.0698189804323
309705,95.11215372762958
309706,607.9722835421383
309707,523.1700703694864
309708,248.1269940836754
309709,360.3071404570342
309710,176.50125958534645
309711,1227.2552191415775
309712,1038.3781874919287
309713,547.7521991103783
309714,726.5101765071669
309715,196.01580906052467
309716,1463.4658628956695
309717,1225.7002866144162
309718,644.0100985413418
309719,839.6519752359499
309720,47.54551291182529
309721,420.64187203262463
309722,363.775178077512
309723,181.33265659128
309724,252.38238583637482
309725,104.55070901072106
309726,898.6792024163376
309727,754.6560610190447
309728,383.2234032654319
309729,498.1080708535955
309730,133.01658620530094
309731,1051.5781436563796
309732,868.317637320404
309733,457.7882521718086
309734,589.5568190577931
309735,719.4549364597625
309736,16.268010861549367
309737,12.559487968920624
309738,-15.802824067607412
309739,17.915584964373025
309740,215.4311795592808
309741,20.057265453967073
309742,14.56224115479552
309743,-22.163279684597985
309744,23.713313970099204
309745,40.91403387527023
309746,34.43469248519088
309747,32.940226580540724
309748,2.34806629125687
309749,42.44400017266572
309750,109.35650204508724
309751,984.3587954624725
309752,829.618301097621
309753,430.27471458972093
309754,542.0688966792858
309755,248.9272175069874
309756,1949.1734194685584
309757,1658.2613782437893
309758,851.3537670170331
309759,1201.4360738215155
309760,313.1605667844102
309761,2334.37223075198
309762,1941.8975170384963
309763,1005.8178452527907
309764,1394.3349670479508
309765,101.5803184407736
309766,786.487492617824
309767,637.9214466773354
309768,344.9231460352195
309769,468.0922824191841
309770,212.01626245880792
309771,1574.3610218004371
309772,1315.1289959049664
309773,702.7850616333585
309774,918.406268982308
309775,238.67196859759395
309776,1858.0251668940523
309777,1568.7080840888705
309778,816.3749787384293
309779,1070.4310010780553
309780,765.6892837944962
309781,570.846450411255
309782,504.18254334134406
309783,235.09835448221818
309784,341.6963183973951
309785,776.188310501354
309786,1177.8250429160232
309787,1001.1123137291596
309788,524.3853526890954
309789,700.9670185034832
309790,717.356618202146
309791,1395.905825236293
309792,1186.1407234797439
309793,621.4875137327722
309794,814.9530788449796
309795,95.40807184849105
309796,608.645153155652
309797,524.6108978023678
309798,249.22082807816687
309799,358.19635514570086
309800,176.22215532230703
309801,1228.531163655899
309802,1040.4220898256176
309803,549.2702184086713
309804,729.2030359956769
309805,196.3117271813861
309806,1464.741807409991
309807,1227.7441889481051
309808,645.5281178396348
309809,842.3448347244599
309810,47.148425855511334
309811,424.39938086528525
309812,366.70347414353853
309813,183.91395921891632
309814,251.75906915818626
309815,103.57859957050628
309816,903.0397861498052
309817,758.1874319858782
309818,386.22889119686994
309819,502.2883989752505
309820,132.61949914898693
309821,1055.9387273898478
309822,871.8490082872374
309823,460.79374010324665
309824,593.7371471794479
309825,719.0578494034485
309826,20.02551969420989
309827,15.487784034947023
309828,-13.221521439971063
309829,24.79749572991534
309830,203.59761318453764
309831,24.417849187434875
309832,18.093612121629192
309833,-19.157791753160083
309834,30.09106870322436
309835,40.516946818956285
309836,38.795276218658685
309837,36.471597547374394
309838,5.353554222694765
309839,48.82175490579088
309840,111.19099008851076
309841,993.3161113077163
309842,837.7464041762307
309843,442.0580305969802
309844,541.1746940247596
309845,247.34867902243425
309846,1958.7338102146102
309847,1666.9925562232067
309848,863.5612683280937
309849,1209.4106665032846
309850,314.9950548278337
309851,2343.9326214980306
309852,1950.6286950179137
309853,1018.0253465638511
309854,1402.30955972972
309855,104.50789440479245
309856,788.225117264334
309857,638.8298585572113
309858,349.48677084374464
309859,468.3461634294776
309860,211.5308118948501
309861,1576.7017213477548
309862,1316.6404826856497
309863,707.7728717456853
309864,923.0291514489188
309865,241.5995445616127
309866,1860.36586644137
309867,1570.2195708695538
309868,821.362788850756
309869,1075.0538835446666
309870,765.6892837944962
309871,570.846450411255
309872,504.18254334134406
309873,235.09835448221818
309874,341.6963183973951
309875,776.188310501354
309876,1177.8250429160232
309877,1001.1123137291596
309878,524.3853526890954
309879,700.9670185034832
309880,717.356618202146
309881,1395.905825236293
309882,1186.1407234797439
309883,621.4875137327722
309884,814.9530788449796
309885,95.40807184849105
309886,608.645153155652
309887,524.6108978023678
309888,249.22082807816687
309889,358.19635514570086
309890,176.22215532230703
309891,1228.531163655899
309892,1040.4220898256176
309893,549.2702184086713
309894,729.2030359956769
309895,196.3117271813861
309896,1464.741807409991
309897,1227.7441889481051
309898,645.5281178396348
309899,842.3448347244599
309900,47.148425855511334
309901,424.39938086528525
309902,366.70347414353853
309903,183.91395921891632
309904,251.75906915818626
309905,103.57859957050628
309906,903.0397861498052
309907,758.1874319858782
309908,386.22889119686994
309909,502.2883989752505
309910,132.61949914898693
309911,1055.9387273898478
309912,871.8490082872374
309913,460.79374010324665
309914,593.7371471794479
309915,719.0578494034485
309916,20.02551969420989
309917,15.487784034947023
309918,-13.221521439971063
309919,24.79749572991534
309920,194.60302574450697
309921,24.417849187434875
309922,18.093612121629192
309923,-19.157791753160083
309924,30.09106870322436
309925,40.516946818956285
309926,38.795276218658685
309927,36.471597547374394
309928,5.353554222694765
309929,48.82175490579088
309930,111.19099008851076
309931,993.3161113077163
309932,837.7464041762307
309933,442.0580305969802
309934,541.1746940247596
309935,247.34867902243425
309936,1958.7338102146102
309937,1666.9925562232067
309938,863.5612683280937
309939,1209.4106665032846
309940,314.9950548278337
309941,2343.9326214980306
309942,1950.6286950179137
309943,1018.0253465638511
309944,1402.30955972972
309945,104.50789440479245
309946,788.225117264334
309947,638.8298585572113
309948,349.48677084374464
309949,468.3461634294776
309950,211.5308118948501
309951,1576.7017213477548
309952,1316.6404826856497
309953,707.7728717456853
309954,923.0291514489188
309955,241.5995445616127
309956,1860.36586644137
309957,1570.2195708695538
309958,821.362788850756
309959,1075.0538835446666
309960,755.0896210191381
309961,607.4123542354961
309962,532.4166063157351
309963,264.18595999503145
309964,368.08806181725936
309965,707.2539743024482
309966,1232.100795152175
309967,1034.537059933737
309968,572.4190652137169
309969,752.9807729545362
309970,632.9390910659699
309971,1454.5392109639522
309972,1221.2626424043985
309973,655.3523804909278
309974,875.8757216457417
309975,89.37696305443059
309976,639.6510781650188
309977,547.6543693519377
309978,273.1658611024263
309979,377.0679629246542
309980,178.2658638743578
309981,1275.3601841786904
309982,1066.7694917068889
309983,590.2746055462522
309984,770.8363132870716
309985,207.6913553121484
309986,1527.906156903143
309987,1267.7664590283057
309988,672.3636592107498
309989,892.8870003655637
309990,52.35773363554112
309991,443.87019384087347
309992,378.2118336593298
309993,201.04737579209535
309994,263.8190604860595
309995,111.44585873777001
309996,931.9333604759441
309997,780.7851173218313
309998,421.7644643986943
309999,538.4528623308898
310000,145.4641725770197
310001,1098.364335746388
310002,905.3182668821597
310003,479.09117414814455
310004,631.9662613656575
310005,714.25878871573
310006,13.524872247502174
310007,8.207781109338274
310008,-14.572195920544353
310009,20.029854334981575
310010,71.77977598239278
310011,14.414628189269957
310012,13.922044105207465
310013,-13.004772362923633
310014,38.33324277816129
310015,8.114162644070543
310016,32.70413822796655
310017,24.856002472807813
310018,-0.017194289583920025
310019,50.970933821963754
310020,121.43123042756577
310021,1027.6527286360995
310022,858.4048150235772
310023,464.49489413338966
310024,577.8885545367193
310025,265.950765104957
310026,2102.6780927792033
310027,1776.9110406026407
310028,921.0548843098502
310029,1268.081355884359
310030,326.98864008357106
310031,2470.487320387051
310032,2068.0195554055213
310033,1072.404977763653
310034,1469.0624722816297
310035,116.94141056765004
310036,834.118597312978
310037,674.5556913180368
310038,377.83943797246445
310039,494.8621634172161
310040,229.28781231667298
310041,1678.3732967562614
310042,1380.7745712409792
310043,766.0813088118723
310044,976.6662268869084
310045,265.9224500506502
310046,1967.3968674182458
310047,1652.3098906311684
310048,887.6773214556821
310049,1142.1278272651475
310050,760.8320473887635
310051,636.0075605382173
310052,548.6557921195599
310053,278.10565494011354
310054,389.20435748052233
310055,718.9935559494246
310056,1321.8625439629848
310057,1116.2623397598916
310058,602.4140111008022
310059,799.4972440631649
310060,471.87211941139
310061,1561.3156321865638
310062,1324.7515389849275
310063,699.4095874248177
310064,913.7898947300671
310065,93.30771488538832
310066,671.3791566632358
310067,567.6619426079865
310068,288.99645322518563
310069,400.0951557655944
310070,183.8769959895737
310071,1366.1357455798695
310072,1150.3522618075901
310073,620.2695514333376
310074,817.3527843957003
310075,215.0868973634895
310076,1641.6029756068517
310077,1374.9111103587343
310078,718.2191306199926
310079,932.599437925242
310080,60.236460313342945
310081,466.3911554454681
310082,400.11247961125696
310083,208.17275782445466
310084,278.14104323659984
310085,125.61337498511058
310086,977.9073227516581
310087,827.6795868732122
310088,431.8414448290348
310089,565.0513679827739
310090,157.08535970465965
310091,1141.4981349075344
310092,950.0131972461712
310093,502.8024399369311
310094,649.53449330488
310095,705.3241634899323
310096,18.503831153690662
310097,11.931037805205106
310098,-16.845278398739783
310099,26.437188984084706
310100,67.72118688795865
310101,14.35842237581288
310102,14.786345567417374
310103,-24.0464358769733
310104,39.71994817475975
310105,-5.767215650025796
310106,32.38089233237483
310107,27.12445453698562
310108,-11.733914294971404
310109,51.682582727224386
310110,132.75876910957675
310111,1074.7328761069693
310112,916.982417222956
310113,484.49870464621773
310114,608.349620678907
310115,271.7705176259265
310116,2224.535078122414
310117,1856.2731711278334
310118,974.8981871755417
310119,1344.3317549245685
310120,358.1767516856812
310121,2603.784737442306
310122,2175.3501153760167
310123,1164.543539582054
310124,1583.608130274549
310125,128.24544561667042
310126,878.0643851085013
310127,729.1883721837327
310128,393.5734489486655
310129,521.0534300227771
310130,237.02524931213705
310131,1761.7105421717931
310132,1489.4445898234299
310133,787.4575974704622
310134,1020.4496117200168
310135,278.50810360698705
310136,2082.000368479545
310137,1775.2026530601631
310138,926.8287265467142
310139,1203.6863285306977
310140,734.8542359458258
310141,713.5164805394312
310142,614.3366923333592
310143,331.68871729675016
310144,448.11704400595704
310145,561.2386761812065
310146,1496.812730743373
310147,1247.4082492035259
310148,660.727793703676
310149,864.6280969908215
310150,327.07182919935457
310151,1747.5759927071683
310152,1459.425762328364
310153,783.6880882613265
310154,1013.1831416921888
310155,115.77339761247572
310156,748.0117981344943
310157,635.0481301193455
310158,342.7763092084721
310159,459.204635917679
310160,192.95619640048508
310161,1537.2334224692815
310162,1279.3159836100479
310163,679.0412667176687
310164,882.9415700048143
310165,224.30218838072167
310166,1816.3085652722125
310167,1507.4031460609942
310168,802.9555641379587
310169,1032.4506175688202
310170,80.34065558849258
310171,531.1527867235134
310172,453.3992549918366
310173,232.20486123151449
310174,306.9992111032376
310175,137.37647704102278
310176,1061.9678037114934
310177,898.0642080220853
310178,472.8019797323114
310179,612.8050666175723
310180,165.87891142679163
310181,1266.1173140602232
310182,1066.5905484315326
310183,586.2542089616038
310184,740.793307841923
310185,731.9822583192824
310186,19.90647333232157
310187,17.98975842427453
310188,-6.922813672760423
310189,26.91817942722679
310190,2.0449630186153316
310191,20.723854234776866
310192,23.483038363682898
310193,-13.615853222566349
310194,40.6986085526419
310195,0.6968041974697258
310196,42.167753585334864
310197,43.65407842903067
310198,2.8281035401222248
310199,57.80656006664259
310200,149.69640434943568
310201,1194.6963821913735
310202,1018.2804696682379
310203,542.7969519633974
310204,681.615287704667
310205,322.7981680376334
310206,2444.928789665845
310207,2013.959777961764
310208,1076.626820002438
310209,1458.9303858631904
310210,377.653461870248
310211,2944.1269510558927
310212,2455.424901481257
310213,1287.4085410792015
310214,1701.408949369477
310215,138.6728567946587
310216,973.425610898035
310217,802.4608538149243
310218,426.83991917406087
310219,566.1707254779525
310220,282.23178106545566
310221,1925.5835711541736
310222,1649.6289095446552
310223,880.0983204362524
310224,1121.8040966676035
310225,299.5379570416857
310226,2287.3944947572386
310227,1925.7286046440145
310228,1043.789631808995
310229,1312.2406031823577
310230,765.9385316393405
310231,572.0689861435612
310232,506.23429184028436
310233,237.6946758571158
310234,343.2345766729928
310235,774.0887687043917
310236,1180.9497684265068
310237,1005.0662520062774
310238,529.0627534391768
310239,695.3125836882824
310240,722.5095417198593
310241,1399.0305507467765
310242,1190.0946617568618
310243,626.1649144828536
310244,809.2986440297788
310245,96.2611427617164
310246,605.343628179903
310247,522.138585593253
310248,247.2930887450093
310249,352.8329895608865
310250,177.6502486194332
310251,1224.6265637793422
310252,1037.346702715695
310253,546.9182937717122
310254,713.1681240208178
310255,197.16479809461143
310256,1460.8372075334341
310257,1224.6688018381826
310258,643.1761932026757
310259,826.3099227496008
310260,48.00149676873668
310261,421.0978558895361
310262,364.2311619344235
310263,181.98621988575874
310264,246.39570357337183
310265,105.00669286763248
310266,899.1351862732489
310267,755.112044875956
310268,383.87696655991084
310269,486.2534870003914
310270,133.47257006221227
310271,1052.034127513291
310272,868.7736211773152
310273,458.44181546628755
310274,577.7022352045888
310275,722.8580926335057
310276,16.723994718460727
310277,13.015471825831986
310278,-15.149260773128624
310279,19.434130145100976
310280,257.52940412318014
310281,20.513249310878454
310282,15.018225011706878
310283,-21.509716390119202
310284,25.159235683370802
310285,61.02517417944505
310286,34.890676342102246
310287,33.39621043745207
310288,3.00162958573566
310289,43.889921885937326
310290,112.04406100173608
310291,990.0145863319672
310292,835.2740919671159
310293,439.0772185401452
310294,534.7582557162677
310295,251.61477646363622
310296,1954.8292103380534
310297,1663.9171691132842
310298,864.2579142231494
310299,1186.421289285035
310300,315.8481257410591
310301,2340.0280216214746
310302,1947.5533079079912
310303,1014.6203492032141
310304,1379.3201825114704
310305,105.36096531801778
310306,788.5139702235685
310307,639.9479242830799
310308,350.0963367218933
310309,461.92972512098584
310310,215.79690933605195
310311,1576.3874994061816
310312,1317.1554735107109
310313,712.0598955757246
310314,904.5395681106471
310315,242.45261547483798
310316,1860.0516444997968
310317,1570.734561694615
310318,821.548169425103
310319,1056.5643002063944
310320,758.4908596630675
310321,569.3082526596743
310322,503.4735583563973
310323,238.1115590922554
310324,337.50716438728995
310325,766.6410967281187
310326,1178.1890349426199
310327,1002.30551852239
310328,529.4796366743162
310329,689.5851714025795
310330,722.2350778324467
310331,1395.5220029533566
310332,1186.586113963442
310333,625.8339834084601
310334,802.8234174345428
310335,95.97652033293852
310336,604.6288733491926
310337,521.4238307625426
310338,249.7559506333256
310339,349.1515559283603
310340,177.36562619065526
310341,1223.911808948632
310342,1036.6319478849848
310343,549.3811556600283
310344,709.4866903882915
310345,196.13236135630046
310346,1459.374638393191
310347,1223.2062326979394
310348,644.8912407814588
310349,821.8806748075415
310350,47.71687433995878
310351,420.3831010588258
310352,363.51640710371316
310353,184.44908177407495
310354,242.7142699408456
310355,104.72207043885456
310356,898.4204314425385
310357,754.3972900452457
310358,386.3398284482271
310359,482.5720533678652
310360,132.4401333239013
310361,1050.5715583730478
310362,867.3110520370718
310363,460.15686304507074
310364,573.2729872625295
310365,720.7961252057912
310366,16.009239887750407
310367,12.300716995121666
310368,-12.686398884812416
310369,15.752696512574762
310370,275.10888057231006
310371,19.798494480168134
310372,14.303470180996559
310373,-19.046854501802983
310374,21.477802050844595
310375,64.7637368660306
310376,34.17592151139193
310377,32.68145560674175
310378,5.464491474051876
310379,40.20848825341113
310380,112.1858365290427
310381,989.2998315012569
310382,834.5593371364055
310383,441.54008042846147
310384,531.0768220837415
310385,251.75655199094274
310386,1954.114455507343
310387,1663.202414282574
310388,866.7207761114656
310389,1182.7398556525088
310390,315.9899012683657
310391,2339.3132667907644
310392,1946.838553077281
310393,1017.0832110915311
310394,1375.6387488789442
310395,105.5027408453244
310396,787.7992153928582
310397,639.2331694523696
310398,352.55919861020953
310399,458.24829148845964
310400,215.93868486335853
310401,1575.6727445754714
310402,1316.4407186800006
310403,714.5227574640408
310404,900.8581344781209
310405,242.59439100214482
310406,1859.3368896690865
310407,1570.0198068639047
310408,824.011031313419
310409,1052.8828665738681
310410,759.0941475250887
310411,570.4241757642708
310412,503.7602686943597
310413,238.05127599182777
310414,337.4468812868623
310415,766.6405615217589
310416,1179.3049580472166
310417,1002.5922288603524
310418,529.4193535738885
310419,689.5248883021518
310420,709.5649276365281
310421,1396.1891860712758
310422,1186.4240843147268
310423,625.324960321355
310424,802.3143943474377
310425,95.97598512657873
310426,605.7447964537891
310427,521.710541100505
310428,249.69566753289797
310429,349.0912728279327
310430,177.3650909842955
310431,1225.0277320532286
310432,1036.9186582229472
310433,549.3208725596006
310434,709.4264072878639
310435,195.6830861632632
310436,1460.0418215111101
310437,1223.0442030492243
310438,644.3822176943537
310439,821.3716517204364
310440,47.71633913359899
310441,421.4990241634223
310442,363.80311744167557
310443,184.38879867364733
310444,242.65398684041799
310445,104.72153523249477
310446,899.536354547135
310447,754.6840003832081
310448,386.27954534779946
310449,482.51177026743756
310450,131.99085813086404
310451,1051.238741490967
310452,867.1490223883568
310453,459.6478399579657
310454,572.7639641754243
310455,720.7955899994314
310456,17.12516299234695
310457,12.587427333084083
310458,-12.746681985240048
310459,15.692413412147129
310460,275.10834536595024
310461,20.914417584764678
310462,14.590180518958975
310463,-19.107137602230615
310464,21.417518950416962
310465,64.76320165967081
310466,35.29184461598847
310467,32.96816594470416
310468,5.4042083736242414
310469,40.14820515298349
310470,112.18530132268292
310471,990.4157546058534
310472,834.8460474743679
310473,442.53287005171126
310474,532.0696117069913
310475,251.75601678458295
310476,1955.2303786119398
310477,1663.4891246205364
310478,867.7135657347154
310479,1183.7326452757588
310480,315.9893660620059
310481,2340.429189895361
310482,1947.1252634152434
310483,1018.0760007147809
310484,1376.6315385021942
310485,105.50220563896461
310486,788.9151384974547
310487,639.519879790332
310488,353.5519882334593
310489,459.24108111170943
310490,215.93814965699875
310491,1576.788667680068
310492,1316.727429017963
310493,715.5155470872905
310494,901.8509241013707
310495,242.59385579578503
310496,1860.4528127736833
310497,1570.306517201867
310498,825.0038209366688
310499,1053.8756561971181
310500,759.0941475250887
310501,570.4241757642708
310502,503.7602686943597
310503,238.05127599182777
310504,337.4468812868623
310505,766.6405615217589
310506,1179.3049580472166
310507,1002.5922288603524
310508,529.4193535738885
310509,689.5248883021518
310510,708.9911697645226
310511,1395.6154281992704
310512,1185.8503264427213
310513,624.7512024493495
310514,801.7406364754322
310515,95.97598512657873
310516,605.7447964537891
310517,521.710541100505
310518,249.69566753289797
310519,349.0912728279327
310520,177.3650909842955
310521,1225.0277320532286
310522,1036.9186582229472
310523,549.3208725596006
310524,709.4264072878639
310525,195.10932829125775
310526,1459.4680636391047
310527,1222.4704451772188
310528,643.8084598223483
310529,820.7978938484309
310530,47.71633913359899
310531,421.4990241634223
310532,363.80311744167557
310533,184.38879867364733
310534,242.65398684041799
310535,104.72153523249477
310536,899.536354547135
310537,754.6840003832081
310538,386.27954534779946
310539,482.51177026743756
310540,131.4171002588586
310541,1050.6649836189615
310542,866.5752645163514
310543,459.0740820859602
310544,572.1902063034189
310545,720.7955899994314
310546,17.12516299234695
310547,12.587427333084083
310548,-12.746681985240048
310549,15.692413412147129
310550,266.11375792591946
310551,20.914417584764678
310552,14.590180518958975
310553,-19.107137602230615
310554,21.417518950416962
310555,64.76320165967081
310556,35.29184461598847
310557,32.96816594470416
310558,5.4042083736242414
310559,40.14820515298349
310560,112.18530132268292
310561,990.4157546058534
310562,834.8460474743679
310563,442.53287005171126
310564,532.0696117069913
310565,251.75601678458295
310566,1955.2303786119398
310567,1663.4891246205364
310568,867.7135657347154
310569,1183.7326452757588
310570,315.9893660620059
310571,2340.429189895361
310572,1947.1252634152434
310573,1018.0760007147809
310574,1376.6315385021942
310575,105.50220563896461
310576,788.9151384974547
310577,639.519879790332
310578,353.5519882334593
310579,459.24108111170943
310580,215.93814965699875
310581,1576.788667680068
310582,1316.727429017963
310583,715.5155470872905
310584,901.8509241013707
310585,242.59385579578503
310586,1860.4528127736833
310587,1570.306517201867
310588,825.0038209366688
310589,1053.8756561971181
310590,744.4089039647863
310591,601.4185756735302
310592,526.4228277537692
310593,261.56737758965943
310594,355.10619243215444
310595,696.5732572480963
310596,1226.1070165902088
310597,1028.543281371771
310598,569.8004828083448
310599,734.1310019792301
310600,620.4353132129297
310601,1446.7223716032981
310602,1213.4458030437445
310603,650.9107372868677
310604,855.2028898717475
310605,85.85929554757377
310606,635.7032782562296
310607,543.7065694431485
310608,272.5932573502309
310609,366.1320721927259
310610,174.74819636750092
310611,1271.412384269901
310612,1062.8216917980994
310613,589.7020017940569
310614,754.0325209649421
310615,202.3506270066034
310616,1519.9586990539424
310617,1259.819001179105
310618,669.9679946598665
310619,874.2601472447462
310620,48.84006612868426
310621,439.92239393208405
310622,374.26403375054036
310623,200.4747720399
310624,252.8831697541313
310625,107.92819123091319
310626,927.985560567155
310627,776.8373174130421
310628,421.1918606464989
310629,521.6490700087604
310630,140.12344427147468
310631,1092.5934750389106
310632,899.5474061746825
310633,476.6955095972611
310634,613.33940824484
310635,714.738513134322
310636,11.068795108209944
310637,5.7517039700460355
310638,-13.653076903242617
310639,10.585686372550441
310640,101.9222461127884
310641,11.958551049977716
310642,11.465966965915221
310643,-12.08565334562192
310644,28.81645134827375
310645,31.049652676921774
310646,30.195312458202118
310647,22.347176703043456
310648,0.8491760972456815
310649,41.40139376160415
310650,118.85777945872778
310651,1024.2227473092444
310652,854.9748336967224
310653,464.44010896312864
310654,567.4704823867255
310655,263.3773141361188
310656,2099.248111452349
310657,1773.4810592757856
310658,925.1017423952817
310659,1249.9591401609025
310660,324.36244048426084
310661,2467.0045904297244
310662,2064.5368254481946
310663,1072.29744396292
310664,1450.887507927701
310665,114.36795959881208
310666,830.6886159861232
310667,671.125709991182
310668,377.7846528022034
310669,484.4440912672222
310670,226.71436134783494
310671,1674.9433154294063
310672,1377.344589914124
310673,770.1281668973037
310674,958.5440111634522
310675,263.29625045134
310676,1963.9141374609187
310677,1648.8271606738413
310678,887.5697876549491
310679,1123.952862911219
310680,750.5030060274748
310681,630.3654576693147
310682,543.0136892506572
310683,275.8387482278047
310684,379.73509214807103
310685,708.6645145881358
310686,1316.220441094082
310687,1110.6202368909887
310688,600.1471043884933
310689,786.2150602348513
310690,459.7200172514132
310691,1553.850468518973
310692,1317.2863753173367
310693,695.3196199138207
310694,898.6846501030655
310695,90.14172307159474
310696,667.7830324475098
310697,564.0658183922604
310698,288.7755251660534
310699,392.67186908631976
310700,180.71100417577998
310701,1362.5396213641434
310702,1146.756137591864
310703,620.0486233742054
310704,806.1165792205634
310705,210.09784475100767
310706,1634.0071934507143
310707,1367.315328202597
310708,716.1751417621723
310709,919.540171951417
310710,57.070468499549314
310711,462.7950312297418
310712,396.5163553955307
310713,207.9518297653225
310714,270.7177565573252
310715,122.44738317131697
310716,974.311198535932
310717,824.0834626574862
310718,431.62051676990257
310719,553.815162807637
310720,152.09630709217782
310721,1136.0789498931204
310722,944.5940122317571
310723,500.7584510791106
310724,636.4752273310551
310725,706.1555636015875
310726,16.399429707461614
310727,9.826636358976051
310728,-15.574483688374887
310729,20.505625074307172
310730,98.21533271141747
310731,12.254020929583818
310732,12.68194412118832
310733,-22.77564116660841
310734,35.77074389186485
310735,17.519950075888666
310736,30.223742255673628
310737,24.967304460284442
310738,-10.515868215078617
310739,47.680629813857394
310740,130.53699383380194
310741,1071.6545704731775
310742,913.9041115891644
310743,484.79559516901975
310744,601.4441525815668
310745,269.5487423501516
310746,2221.4567724886224
310747,1853.1948654940416
310748,979.2967209540365
310749,1331.7771263481045
310750,355.90222777943416
310751,2600.6536831780422
310752,2172.219061111753
310753,1164.7876814743843
310754,1571.000753067613
310755,126.02367034089568
310756,874.9860794747096
310757,726.110066549941
310758,393.8703394714676
310759,514.1479619254366
310760,234.8034740363621
310761,1758.6322365380013
310762,1486.366284189638
310763,791.8561312489568
310764,1007.8949831435532
310765,276.23357970074
310766,2078.8693142152815
310767,1772.0715987958993
310768,927.0728684390443
310769,1191.0789513237617
310770,722.8109363101923
310771,705.3341164315849
310772,608.5053324442464
310773,330.9918940482966
310774,436.86714442233347
310775,549.1953765455731
310776,1488.630366635527
310777,1241.5768893144132
310778,660.0309704552224
310779,846.3171777751766
310780,313.20546876503295
310781,1737.5705678006343
310782,1451.7713416405634
310783,781.1682042141849
310784,993.0491616778557
310785,112.32270456364398
310786,741.8754126798246
310787,631.2627488834094
310788,344.1254646131952
310789,450.0007149872321
310790,189.50550335165337
310791,1531.0970370146122
310792,1275.5306023741118
310793,680.3904221223918
310794,866.676629442346
310795,219.02843453320185
310796,1806.1725218771319
310797,1499.618106884647
310798,802.4816587439939
310799,1014.3626162076647
310800,76.88996253966097
310801,525.0164012688438
310802,449.6138737559004
310803,233.55401663623763
310804,297.79529017279066
310805,133.92578399219107
310806,1055.831418256824
310807,894.2788267861491
310808,474.1511351370345
310809,596.540126055104
310810,160.6051575792718
310811,1258.1578678068659
310812,1060.9821063969086
310813,585.7803035676388
310814,722.7053064807667
310815,730.8937539184668
310816,16.573779686548125
310817,17.008068997234545
310818,-2.7699664591411497
310819,20.517950305676013
310820,5.4404842853409425
310821,17.391160589003427
310822,22.501348936642913
310823,-9.463006008947065
310824,38.60961064182736
310825,5.356081280481845
310826,38.78231130908931
310827,42.61964037151856
310828,6.9282021232693785
310829,55.66481352535594
310830,148.5018968780219
310831,1190.3897843580373
310832,1016.3248760536353
310833,545.9758949894541
310834,674.2411543955537
310835,321.60366056621945
310836,2440.6221918325095
310837,2012.0041843471613
310838,1079.8057630284948
310839,1440.0340748969975
310840,376.406205768362
310841,2939.767604592085
310842,2453.416559236183
310843,1290.5347354747862
310844,1670.4271331419407
310845,137.47834932324494
310846,969.119013064699
310847,800.5052602003218
310848,430.0188622001173
310849,558.7965921688392
310850,281.0372735940417
310851,1921.2769733208374
310852,1647.6733159300525
310853,883.2772634623092
310854,1102.9077857014106
310855,298.29070093979965
310856,2283.0351482934307
310857,1923.7202623989397
310858,1046.9158262045796
310859,1281.2587869548213
310860,758.8435198953124
310861,565.0620953809173
310862,501.5784052963738
310863,235.53334626688303
310864,332.55308560998105
310865,766.9937569603636
310866,1173.942877663863
310867,1000.4103654623665
310868,526.901423848944
310869,684.6310926252709
310870,713.5914691771434
310871,1390.2005991854448
310872,1183.6157144142635
310873,622.1805240939328
310874,796.7940921680791
310875,92.80355602048773
310876,600.3827160704358
310877,519.5286777025192
310878,247.17773780795324
310879,344.19747715105143
310880,174.19266187820435
310881,1219.6656516698752
310882,1034.7367948249614
310883,546.802942834656
310884,704.5326116109829
310885,191.88415055469446
310886,1454.0532346252792
310887,1220.235833148761
310888,641.2377814669316
310889,815.8513495410779
310890,44.54391002750785
310891,416.1369437800688
310892,361.62125404368965
310893,181.8708689487026
310894,237.7601911635368
310895,101.54910612640369
310896,894.1742741637817
310897,752.5021369852223
310898,383.76161562285466
310899,477.6179745905563
310900,128.1919225222953
310901,1045.250154605136
310902,864.3406524878934
310903,456.5034037305433
310904,567.2436619960658
310905,721.762694540293
310906,14.566774417889627
310907,13.209255743994342
310908,-12.460919901288642
310909,13.602309544162095
310910,263.5477612315024
310911,18.35602901030735
310912,15.212008929869235
310913,-18.82137551827921
310914,19.327415082431937
310915,65.67755757006
310916,32.68070741105904
310917,33.537245725142284
310918,5.6372218271035335
310919,38.00535265452634
310920,110.84265983792525
310921,986.8834618438336
310922,834.4939716977157
310923,440.7916552244224
310924,527.9525309277665
310925,250.41337529982508
310926,1951.6980858499196
310927,1663.1370488438838
310928,865.972350907427
310929,1179.6155644965334
310930,314.59397594677597
310931,2336.844148502869
310932,1946.7204390081188
310933,1016.2820372570202
310934,1360.4289524616252
310935,104.15956415420692
310936,785.3828457354349
310937,639.1678040136798
310938,351.8107734061705
310939,455.1240003324841
310940,214.59550817224098
310941,1573.2563749180479
310942,1316.3753532413104
310943,713.7743322600021
310944,897.7338433221458
310945,241.19846568055502
310946,1856.867771381191
310947,1569.9016927947425
310948,823.2098574789082
310949,1037.673070156549
310950,758.8435198953124
310951,565.0620953809173
310952,501.5784052963738
310953,235.53334626688303
310954,330.45106888584127
310955,766.9937569603636
310956,1173.942877663863
310957,1000.4103654623665
310958,528.8319585028655
310959,682.5290759011311
310960,721.5124915755366
310961,1390.2005991854448
310962,1183.6157144142635
310963,624.1110587478544
310964,794.6920754439394
310965,92.80355602048773
310966,600.3827160704358
310967,519.5286777025192
310968,247.17773780795324
310969,342.09546042691164
310970,174.19266187820435
310971,1219.6656516698752
310972,1034.7367948249614
310973,548.7334774885776
310974,702.4305948868432
310975,191.88415055469446
310976,1454.0532346252792
310977,1220.235833148761
310978,643.1683161208531
310979,813.7493328169381
310980,44.54391002750785
310981,416.1369437800688
310982,361.62125404368965
310983,181.8708689487026
310984,235.65817443939702
310985,101.54910612640369
310986,894.1742741637817
310987,752.5021369852223
310988,385.6921502767762
310989,475.5159578664165
310990,128.1919225222953
310991,1045.250154605136
310992,864.3406524878934
310993,458.43393838446485
310994,565.1416452719261
310995,721.762694540293
310996,14.566774417889627
310997,13.209255743994342
310998,-12.460919901288642
310999,11.500292820022315
311000,263.5477612315024
311001,18.35602901030735
311002,15.212008929869235
311003,-16.89084086435767
311004,17.22539835829214
311005,65.67755757006
311006,32.68070741105904
311007,33.537245725142284
311008,7.567756481025072
311009,35.903335930386554
311010,110.84265983792525
311011,986.8834618438336
311012,834.4939716977157
311013,440.7916552244224
311014,525.8505142036267
311015,250.41337529982508
311016,1951.6980858499196
311017,1663.1370488438838
311018,867.9028855613485
311019,1168.889040601398
311020,314.59397594677597
311021,2336.844148502869
311022,1946.7204390081188
311023,1018.2125719109414
311024,1358.3269357374852
311025,104.15956415420692
311026,785.3828457354349
311027,639.1678040136798
311028,351.8107734061705
311029,453.0219836083443
311030,214.59550817224098
311031,1573.2563749180479
311032,1316.3753532413104
311033,715.7048669139236
311034,887.0073194270107
311035,241.19846568055502
311036,1856.867771381191
311037,1569.9016927947425
311038,825.1403921328298
311039,1035.5710534324091
311040,759.4468077573337
311041,566.1780184855138
311042,501.8651156343362
311043,235.4730631664554
311044,330.39078578541364
311045,765.2821559091483
311046,1175.0588007684598
311047,1000.6970758003289
311048,528.7716754024378
311049,682.4687928007035
311050,709.2910813662954
311051,1391.3165222900416
311052,1183.902424752226
311053,624.0507756474267
311054,794.6317923435117
311055,92.80302081412795
311056,601.4986391750323
311057,519.8153880404816
311058,247.1174547075256
311059,342.035177326484
311060,174.19212667184453
311061,1220.781574774472
311062,1035.0235051629238
311063,548.6731943881499
311064,702.3703117864155
311065,191.88361534833467
311066,1455.169157729876
311067,1220.5225434867234
311068,643.1080330204254
311069,813.6890497165105
311070,44.54337482114806
311071,417.2528668846653
311072,361.90796438165205
311073,181.81058584827497
311074,235.5978913389694
311075,101.5485709200439
311076,895.2901972683782
311077,752.7888473231847
311078,385.6318671763486
311079,475.4556747659889
311080,128.19138731593551
311081,1046.3660777097327
311082,864.6273628258558
311083,458.3736552840372
311084,565.0813621714984
311085,721.7621593339331
311086,15.682697522486173
311087,13.495966081956759
311088,-12.521203001716275
311089,11.440009719594682
311090,263.5472260251426
311091,19.471952114903893
311092,15.498719267831651
311093,-16.951123964785303
311094,17.165115257864507
311095,65.67702236370022
311096,33.79663051565558
311097,33.823956063104696
311098,7.507473380597438
311099,35.843052829958914
311100,110.84212463156547
311101,987.9993849484301
311102,834.7806820356781
311103,441.7844448476722
311104,526.8433038268765
311105,250.4128400934653
311106,1952.8140089545163
311107,1663.4237591818462
311108,868.8956751845983
311109,1169.881830224648
311110,314.59344074041616
311111,2337.9600716074656
311112,1947.0071493460812
311113,1019.2053615341912
311114,1359.3197253607352
311115,104.15902894784713
311116,786.4987688400314
311117,639.4545143516422
311118,352.8035630294203
311119,454.0147732315941
311120,214.5949729658812
311121,1574.3722980226446
311122,1316.6620635792729
311123,716.6976565371734
311124,888.0001090502604
311125,241.19793047419523
311126,1857.9836944857877
311127,1570.188403132705
311128,826.1331817560796
311129,1036.5638430556592
311130,759.4468077573337
311131,566.1780184855138
311132,501.8651156343362
311133,235.4730631664554
311134,330.39078578541364
311135,765.2821559091483
311136,1175.0588007684598
311137,1000.6970758003289
311138,528.7716754024378
311139,682.4687928007035
311140,709.2910813662954
311141,1391.3165222900416
311142,1183.902424752226
311143,624.0507756474267
311144,794.6317923435117
311145,92.80302081412795
311146,601.4986391750323
311147,519.8153880404816
311148,247.1174547075256
311149,342.035177326484
311150,174.19212667184453
311151,1220.781574774472
311152,1035.0235051629238
311153,548.6731943881499
311154,702.3703117864155
311155,191.88361534833467
311156,1455.169157729876
311157,1220.5225434867234
311158,643.1080330204254
311159,813.6890497165105
311160,44.54337482114806
311161,417.2528668846653
311162,361.90796438165205
311163,181.81058584827497
311164,235.5978913389694
311165,101.5485709200439
311166,895.2901972683782
311167,752.7888473231847
311168,385.6318671763486
311169,475.4556747659889
311170,128.19138731593551
311171,1046.3660777097327
311172,864.6273628258558
311173,458.3736552840372
311174,565.0813621714984
311175,721.7621593339331
311176,15.682697522486173
311177,13.495966081956759
311178,-12.521203001716275
311179,11.440009719594682
311180,254.55263858511202
311181,19.471952114903893
311182,15.498719267831651
311183,-16.951123964785303
311184,17.165115257864507
311185,65.67702236370022
311186,33.79663051565558
311187,33.823956063104696
311188,7.507473380597438
311189,35.843052829958914
311190,110.84212463156547
311191,987.9993849484301
311192,834.7806820356781
311193,441.7844448476722
311194,526.8433038268765
311195,250.4128400934653
311196,1952.8140089545163
311197,1663.4237591818462
311198,868.8956751845983
311199,1169.881830224648
311200,314.59344074041616
311201,2337.9600716074656
311202,1947.0071493460812
311203,1019.2053615341912
311204,1359.3197253607352
311205,104.15902894784713
311206,786.4987688400314
311207,639.4545143516422
311208,352.8035630294203
311209,454.0147732315941
311210,214.5949729658812
311211,1574.3722980226446
311212,1316.6620635792729
311213,716.6976565371734
311214,888.0001090502604
311215,241.19793047419523
311216,1857.9836944857877
311217,1570.188403132705
311218,826.1331817560796
311219,1036.5638430556592
311220,746.6023972816387
311221,599.0132514793808
311222,526.3685077783532
311223,260.8299978488946
311224,344.2415769751986
311225,704.0135664170728
311226,1223.7016923960596
311227,1028.488961396355
311228,569.06310306758
311229,723.2663865222743
311230,622.6288065297822
311231,1444.317047409149
311232,1213.3914830683286
311233,650.1733575461029
311234,844.3382744147917
311235,84.52716431973036
311236,633.2979540620802
311237,543.6522494677325
311238,271.85587760946606
311239,355.26745673577005
311240,173.4160651396575
311241,1269.0070600757517
311242,1062.7673718226836
311243,588.964622053292
311244,743.1679055079863
311245,201.01849577875998
311246,1517.5533748597932
311247,1259.7646812036892
311248,669.2306149191016
311249,863.3955317877904
311250,47.50793490084086
311251,437.51706973793466
311252,374.20971377512444
311253,199.73739229913517
311254,242.01855429717546
311255,106.59606000306978
311256,925.5802363730055
311257,776.7829974376261
311258,420.4544809057341
311259,510.7844545518038
311260,138.79131304363128
311261,1090.1881508447614
311262,899.4930861992665
311263,475.95812985649627
311264,602.4747927878842
311265,714.7183509458778
311266,9.975439953459624
311267,7.009353034029166
311268,-13.078487604608386
311269,1.0330399549936637
311270,105.16350403573412
311271,10.8651958952274
311272,12.723616029898352
311273,-11.511064046987688
311274,19.263804930716994
311275,31.029490488477414
311276,29.1019573034518
311277,23.60482576702659
311278,1.4237653958799152
311279,31.848747344047325
311280,118.83761727028336
311281,1023.1293921544941
311282,856.2324827607056
311283,465.0146982617628
311284,557.9178359691689
311285,263.35715194767437
311286,2098.1547562975984
311287,1774.7387083397687
311288,925.676331693916
311289,1231.7819865723502
311290,324.3422782958164
311291,2465.911235274974
311292,2065.7944745121777
311293,1072.8720332615542
311294,1429.3021048792727
311295,114.3477974103677
311296,829.5952608313729
311297,672.3833590551652
311298,378.3592421008376
311299,474.89144484966533
311300,226.69419915939056
311301,1673.849960274656
311302,1378.6022389781072
311303,770.702756195938
311304,940.3668575749001
311305,263.27608826289554
311306,1962.8207823061684
311307,1650.0848097378243
311308,888.1443769535834
311309,1102.3674598627906
311310,753.6831290173537
311311,627.7643961105922
311312,542.7636319106682
311313,278.09006099437954
311314,368.5084514834273
311315,718.1829356884264
311316,1313.6193795353595
311317,1110.3701795509996
311318,602.3984171550683
311319,771.7403184340486
311320,462.90014024129204
311321,1551.2494069602506
311322,1317.0363179773476
311323,697.5709326803957
311324,884.2099083022628
311325,89.79622151677769
311326,665.1819708887873
311327,563.8157610522715
311328,291.02683793262827
311329,381.445228421676
311330,180.36550262096299
311331,1359.938559805421
311332,1146.506080251875
311333,622.2999361407803
311334,791.6418374197607
311335,209.75234319619068
311336,1631.406131891992
311337,1367.0652708626078
311338,718.4264545287473
311339,905.0654301506144
311340,56.72496694473231
311341,460.1939696710193
311342,396.26629805554165
311343,210.20314253189738
311344,259.4911158926814
311345,122.10188161649994
311346,971.7101369772096
311347,823.8334053174972
311348,433.87182953647743
311349,539.3404210068343
311350,151.75080553736083
311351,1133.477888334398
311352,944.3439548917681
311353,503.0097638456855
311354,622.0004855302524
311355,706.1274156395522
311356,14.115721741520785
311357,9.893932611768678
311358,-13.005817329018365
311359,9.596338002445089
311360,95.07068009620963
311361,9.970312963643002
311362,12.749240373980946
311363,-20.206974807251886
311364,27.190328403856338
311365,17.49180211385327
311366,27.940034289732786
311367,25.034600713077072
311368,-7.947201855722092
311369,39.100214325848896
311370,130.50884587176657
311371,1069.3708625072368
311372,913.971407841957
311373,487.36426152837623
311374,590.5348655097048
311375,269.5205943881161
311376,2219.1730645226817
311377,1853.2621617468342
311378,981.8653873133931
311379,1306.3703149272912
311380,355.8740798173987
311381,2598.3699752121015
311382,2172.286357364546
311383,1167.356347833741
311384,1542.1856921869237
311385,125.9955223788602
311386,872.7023715087688
311387,726.1773628027337
311388,396.4390058308241
311389,503.2386748535739
311390,234.7753260743267
311391,1756.3485285720606
311392,1486.4335804424306
311393,794.4247976083134
311394,982.4881717227399
311395,276.20543173870453
311396,2076.585606249341
311397,1772.138895048692
311398,929.6415347984009
311399,1162.2638904430723
311400,723.7037892616369
311401,705.7093320647255
311402,608.880548077387
311403,331.36710968143706
311404,427.1151243392829
311405,556.4265276074292
311406,1489.0055822686672
311407,1241.9521049475534
311408,660.4061860883629
311409,836.5651576921261
311410,314.0983217164773
311411,1737.9457834337745
311412,1452.1465572737036
311413,781.5434198473255
311414,983.2971415948053
311415,111.85334202212951
311416,744.6800800281945
311417,634.0674162317792
311418,346.93013196156494
311419,442.67814661941077
311420,189.03614081013896
311421,1533.9017043629817
311422,1278.3352697224814
311423,683.1950894707617
311424,859.3540610745249
311425,218.55907199168743
311426,1808.9771892255014
311427,1502.4227742330165
311428,805.2863260923638
311429,1007.0400478398436
311430,77.00400110286881
311431,525.1304398320517
311432,449.7279123191082
311433,233.66805519944552
311434,287.78209301980746
311435,134.03982255539896
311436,1055.9454568200317
311437,894.3928653493571
311438,474.2651737002423
311439,586.526928902121
311440,160.7191961424797
311441,1258.2719063700736
311442,1061.0961449601164
311443,585.8943421308468
311444,712.6921093277837
311445,730.5803677745689
311446,16.260393542650277
311447,16.6946828533367
311448,-3.0833526030389926
311449,10.077328445587165
311450,5.127098141443098
311451,17.07777444510558
311452,22.187962792745065
311453,-9.77639215284491
311454,28.168988781738484
311455,5.042695136583999
311456,38.468925165191465
311457,42.30625422762071
311458,6.614815979371534
311459,45.2241916652671
311460,148.1885107341241
311461,1190.0763982141395
311462,1016.0114899097374
311463,545.6625088455562
311464,663.8005325354649
311465,321.2902744223216
311466,2440.3088056886118
311467,2011.6907982032635
311468,1079.492376884597
311469,1420.9689458659132
311470,376.09281962446414
311471,2939.454218448187
311472,2453.103173092285
311473,1290.2213493308884
311474,1659.9865112818518
311475,137.16496317934713
311476,968.805626920801
311477,800.1918740564239
311478,429.7054760562195
311479,548.3559703087503
311480,280.7238874501439
311481,1920.9635871769397
311482,1647.3599297861547
311483,882.9638773184113
311484,1083.8426566703263
311485,297.9773147959018
311486,2282.721762149533
311487,1923.4068762550419
311488,1046.6024400606818
311489,1270.8181650947324
311490,766.4123935320594
311491,565.4373110140579
311492,501.9536209295142
311493,235.9085619000235
311494,330.8262845189817
311495,778.8383411363892
311496,1174.3180932970033
311497,1000.785581095507
311498,529.2071741360061
311499,682.9042915342717
311500,721.9345918864358
311501,1390.575814818585
311502,1183.9909300474037
311503,624.4862743809949
311504,795.06729107708
311505,92.33419347897328
311506,608.4600705696653
311507,527.6060322017487
311508,255.25509230718268
311509,350.17281492614103
311510,173.7232993366899
311511,1227.7430061691045
311512,1042.8141493241908
311513,556.8108319878071
311514,710.5079493860727
311515,191.41478801318004
311516,1462.1305891245086
311517,1228.3131876479904
311518,651.2456706200826
311519,821.8266873161676
311520,44.6579485907157
311521,416.25098234327663
311522,361.7352926068975
311523,181.98490751191048
311524,235.7722130026049
311525,101.66314468961153
311526,894.2883127269896
311527,752.6161755484302
311528,385.80618883998403
311529,475.6299964296243
311530,128.30596108550318
311531,1045.3641931683437
311532,864.4546910511013
311533,458.5479769476727
311534,565.255683835134
311535,721.449308396395
311536,14.25338827399178
311537,12.895869600096498
311538,-12.774306045186487
311539,11.18690667612447
311540,279.23109134077725
311541,18.0426428664095
311542,14.89862278597139
311543,-17.20422700825552
311544,16.91201221439429
311545,65.36417142616217
311546,32.367321267161195
311547,33.22385958124445
311548,7.254370337127228
311549,35.58994978648871
311550,110.52927369402741
311551,986.5700756999357
311552,834.1805855538178
311553,440.47826908052457
311554,525.5371280597288
311555,250.09998915592726
311556,1951.3846997060218
311557,1662.823662699986
311558,867.5894994174506
311559,1168.5756544575001
311560,314.2805898028781
311561,2336.530762358971
311562,1946.407052864221
311563,1017.8991857670435
311564,1358.0135495935874
311565,103.84617801030907
311566,785.069459591537
311567,638.8544178697819
311568,351.49738726227264
311569,452.7085974644465
311570,214.28212202834317
311571,1572.94298877415
311572,1316.0619670974127
311573,715.3914807700257
311574,886.6939332831128
311575,240.8850795366572
311576,1856.5543852372932
311577,1569.5883066508447
311578,824.8270059889319
311579,1035.2576672885114
311580,766.4123935320594
311581,565.4373110140579
311582,501.9536209295142
311583,235.9085619000235
311584,329.7114762171933
311585,778.8383411363892
311586,1174.3180932970033
311587,1000.785581095507
311588,529.2071741360061
311589,681.7894832324833
311590,729.855614284829
311591,1390.575814818585
311592,1183.9909300474037
311593,624.4862743809949
311594,793.9524827752916
311595,92.33419347897328
311596,608.4600705696653
311597,527.6060322017487
311598,255.25509230718268
311599,349.05800662435263
311600,173.7232993366899
311601,1227.7430061691045
311602,1042.8141493241908
311603,556.8108319878071
311604,709.3931410842844
311605,191.41478801318004
311606,1462.1305891245086
311607,1228.3131876479904
311608,651.2456706200826
311609,820.7118790143793
311610,44.6579485907157
311611,416.25098234327663
311612,361.7352926068975
311613,181.98490751191048
311614,234.65740470081653
311615,101.66314468961153
311616,894.2883127269896
311617,752.6161755484302
311618,385.80618883998403
311619,474.5151881278359
311620,128.30596108550318
311621,1045.3641931683437
311622,864.4546910511013
311623,458.5479769476727
311624,564.1408755333457
311625,721.449308396395
311626,14.25338827399178
311627,12.895869600096498
311628,-12.774306045186487
311629,11.95391293435947
311630,279.23109134077725
311631,18.0426428664095
311632,14.89862278597139
311633,-17.20422700825552
311634,17.679018472629302
311635,65.36417142616217
311636,32.367321267161195
311637,33.22385958124445
311638,7.254370337127228
311639,36.35695604472371
311640,110.52927369402741
311641,986.5700756999357
311642,834.1805855538178
311643,440.47826908052457
311644,523.3354711426811
311645,250.09998915592726
311646,1951.3846997060218
311647,1662.823662699986
311648,867.5894994174506
311649,1166.3739975404521
311650,314.2805898028781
311651,2336.530762358971
311652,1946.407052864221
311653,1017.8991857670435
311654,1355.8118926765394
311655,103.84617801030907
311656,785.069459591537
311657,638.8544178697819
311658,351.49738726227264
311659,450.2144267113794
311660,214.28212202834317
311661,1572.94298877415
311662,1316.0619670974127
311663,715.3914807700257
311664,884.1997625300457
311665,240.8850795366572
311666,1856.5543852372932
311667,1569.5883066508447
311668,824.8270059889319
311669,1032.7634965354441
311670,776.3692493838377
311671,566.3324008337433
311672,502.0194979825656
311673,237.06201967642102
311674,326.4842552593464
311675,788.1913739197864
311676,1175.2131831166885
311677,1000.8514581485584
311678,530.3606319124037
311679,678.5622622746365
311680,726.9877720653449
311681,1391.4709046382702
311682,1184.0568071004545
311683,625.6397321573926
311684,790.7252618174448
311685,88.78757113596467
311686,632.4675365148643
311687,550.7842853803136
311688,279.52092620909366
311689,368.94316179201905
311690,170.17667699368135
311691,1251.7504721143032
311692,1065.992402502755
311693,581.0766658897182
311694,729.278296251951
311695,187.86816567017146
311696,1486.1380550697072
311697,1251.4914408265547
311698,675.5115045219937
311699,840.597034182046
311700,44.179804332076905
311701,416.8892963955942
311702,361.54439389258096
311703,182.88158952094025
311704,231.1734079756018
311705,101.18500043097268
311706,894.9266267793074
311707,752.4252768341139
311708,386.70287084901395
311709,471.03119140262135
311710,127.82781682686431
311711,1046.0025072206613
311712,864.2637923367851
311713,459.4446589567026
311714,560.6568788081312
311715,724.9193871510441
311716,16.122594377983102
311717,13.935862937453695
311718,-10.646731984482896
311719,9.700808260818567
311720,308.9090144998103
311721,19.91184897040083
311722,15.938616123328586
311723,-15.076652947551906
311724,15.425913799088402
311725,68.83425018081097
311726,34.23652737115252
311727,34.26385291860165
311728,9.381944397830825
311729,34.10385137118282
311730,109.70334565689814
311731,986.8606059737631
311732,833.641903061011
311733,442.08024003474145
311734,519.053157053392
311735,249.2740611187982
311736,1951.6752299798488
311737,1662.2849802071787
311738,869.1914703716676
311739,1162.0916834511631
311740,313.45466176574894
311741,2336.8212926327988
311742,1945.8683703714137
311743,1019.5011567212605
311744,1351.5295785872504
311745,103.0202499731798
311746,785.3599898653644
311747,638.3157353769751
311748,353.0993582164895
311749,445.93211262209036
311750,213.45619399121387
311751,1573.233519047977
311752,1315.5232846046054
311753,716.9934517242427
311754,879.9174484407567
311755,240.05915149952796
311756,1856.8449155111202
311757,1569.0496241580374
311758,826.4289769431489
311759,1028.4811824461553
311760,776.3692493838377
311761,566.3324008337433
311762,502.0194979825656
311763,237.06201967642102
311764,326.4842552593464
311765,788.1913739197864
311766,1175.2131831166885
311767,1000.8514581485584
311768,530.3606319124037
311769,678.5622622746365
311770,726.9877720653449
311771,1391.4709046382702
311772,1184.0568071004545
311773,625.6397321573926
311774,790.7252618174448
311775,88.78757113596467
311776,632.4675365148643
311777,550.7842853803136
311778,279.52092620909366
311779,368.94316179201905
311780,170.17667699368135
311781,1251.7504721143032
311782,1065.992402502755
311783,581.0766658897182
311784,729.278296251951
311785,187.86816567017146
311786,1486.1380550697072
311787,1251.4914408265547
311788,675.5115045219937
311789,840.597034182046
311790,44.179804332076905
311791,416.8892963955942
311792,361.54439389258096
311793,182.88158952094025
311794,231.1734079756018
311795,101.18500043097268
311796,894.9266267793074
311797,752.4252768341139
311798,386.70287084901395
311799,471.03119140262135
311800,127.82781682686431
311801,1046.0025072206613
311802,864.2637923367851
311803,459.4446589567026
311804,560.6568788081312
311805,724.9193871510441
311806,16.122594377983102
311807,13.935862937453695
311808,-10.646731984482896
311809,9.700808260818567
311810,299.91442705977965
311811,19.91184897040083
311812,15.938616123328586
311813,-15.076652947551906
311814,15.425913799088402
311815,68.83425018081097
311816,34.23652737115252
311817,34.26385291860165
311818,9.381944397830825
311819,34.10385137118282
311820,109.70334565689814
311821,971.3949195313053
311822,833.641903061011
311823,442.08024003474145
311824,519.053157053392
311825,249.2740611187982
311826,1936.209543537391
311827,1662.2849802071787
311828,869.1914703716676
311829,1162.0916834511631
311830,313.45466176574894
311831,2321.3556061903405
311832,1945.8683703714137
311833,1019.5011567212605
311834,1351.5295785872504
311835,103.0202499731798
311836,785.3599898653644
311837,638.3157353769751
311838,353.0993582164895
311839,445.93211262209036
311840,213.45619399121387
311841,1573.233519047977
311842,1315.5232846046054
311843,716.9934517242427
311844,879.9174484407567
311845,240.05915149952796
311846,1856.8449155111202
311847,1569.0496241580374
311848,826.4289769431489
311849,1028.4811824461553
311850,757.2958492568946
311851,599.1676338276103
311852,526.5228901265828
311853,262.4189543588603
311854,341.44985475091977
311855,713.7359130794832
311856,1223.8560747442882
311857,1028.6433437445837
311858,570.6520595775459
311859,720.4746642979957
311860,634.0965075775835
311861,1444.4714297573776
311862,1213.5458654165573
311863,651.7623140560688
311864,841.5465521905131
311865,80.5117146415671
311866,658.9941642510526
311867,569.3484596567049
311868,298.98666196017433
311869,378.0175623522338
311870,169.4006154614943
311871,1294.7032702647232
311872,1088.463582011655
311873,616.0954064040008
311874,765.9180111244506
311875,197.00304610059678
311876,1543.2495850487646
311877,1285.4608913926606
311878,696.3613992698104
311879,886.1456374042547
311880,47.1443644117697
311881,437.15349924886357
311882,373.84614328605335
311883,200.80839597180045
311884,238.70887923559624
311885,106.23248951399856
311886,925.2166658839348
311887,776.4194269485554
311888,421.52548457839947
311889,507.47477949022465
311890,138.4277425545601
311891,1089.82458035569
311892,899.1295157101957
311893,477.02913352916164
311894,599.1651177263053
311895,717.8755787629888
311896,10.41533680895656
311897,7.449249889526101
311898,-11.204016587375007
311899,-1.4731677620174486
311900,140.56401712250772
311901,11.305092750724336
311902,13.163512885395289
311903,-9.636593029754309
311904,16.75759721370587
311905,34.18671830558815
311906,29.54185415894877
311907,24.04472262252352
311908,3.2982364131132957
311909,29.342539627036206
311910,117.69883829561606
311911,1006.5249267373689
311912,855.0937037860385
311913,465.31049344883206
311914,552.3293461127322
311915,262.2183729730072
311916,2081.5502908804733
311917,1773.5999293651012
311918,925.9721268809853
311919,1226.1934967159134
311920,323.2034993211492
311921,2449.306769857849
311922,2064.655695537511
311923,1073.1678284486231
311924,1423.713615022836
311925,113.20901843570037
311926,828.4564818567059
311927,671.2445800804982
311928,378.65503728790685
311929,469.30295499322864
311930,225.55542018472323
311931,1672.7111812999885
311932,1377.4634600034396
311933,770.9985513830073
311934,934.7783677184634
311935,262.1373092882283
311936,1961.682003331501
311937,1648.9460307631568
311938,888.4401721406527
311939,1096.7789700063538
311940,763.6864338464377
311941,627.2286313126497
311942,535.1779712664528
311943,282.9268846025111
311944,361.06535590365326
311945,727.2304237080626
311946,1313.0989032408138
311947,1102.7998074101808
311948,607.2505292665977
311949,764.3125113576725
311950,473.41857806265693
311951,1550.454526082043
311952,1309.191541252867
311953,702.1486402082631
311954,876.5076966422247
311955,85.3569640862461
311956,679.5134770025976
311957,571.0973713198088
311958,310.7309324525123
311959,388.86940375365447
311960,175.94153369382923
311961,1374.2853544226277
311962,1153.8029790228086
311963,642.0193191640625
311964,799.0813012551373
311965,205.05396968539497
311966,1645.4785219255368
311967,1374.0877650498796
311968,737.8714329683675
311969,912.230489402329
311970,55.93758870329277
311971,459.40659142958003
311972,388.4290239678293
311973,214.78835269653206
311974,251.79640686941073
311975,121.32979187845817
311976,970.9380472391682
311977,816.0114197331828
311978,438.47232820451
311979,531.6610004869615
311980,150.70431121565716
311981,1132.4313940126938
311982,936.2475647237918
311983,507.3358579300561
311984,614.0466604267176
311985,702.7058692554235
311986,15.93338590473771
311987,4.661700928712566
311988,-7.113980595914308
311989,3.2082555476435703
311990,115.06057312745745
311991,10.996306016786829
311992,6.725337580851731
311993,-13.808393348033961
311994,21.308990675168676
311995,20.960721544948957
311996,28.691622759214667
311997,18.73629333628591
311998,-1.8230249801661411
311999,32.94447201349923
312000,131.15649560384983
312001,1057.4764392562456
312002,910.4927751871516
312003,493.48192437041837
312004,581.0649603821064
312005,268.9679116110959
312006,2203.154695303204
312007,1845.65958312354
312008,986.6852929424471
312009,1295.6026525867037
312010,354.3751131799905
312011,2581.4053221322356
312012,2163.737494880865
312013,1171.229969602406
312014,1530.4717459859482
312015,126.64317211094344
312016,872.1836940617267
312017,718.6087895094186
312018,401.2929167898559
312019,492.5050178429651
312020,234.22264329730632
312021,1755.7958457950394
312022,1478.8310018191364
312023,799.2447032373674
312024,971.7205093821533
312025,274.7064651012963
312026,2075.086639611933
312027,1763.5900325650098
312028,933.5151565670669
312029,1150.549944242097
312030,733.495470441996
312031,705.479580936362
312032,601.6009011027506
312033,336.5099469591477
312034,419.97804242908796
312035,565.2623919783404
312036,1488.7911196437008
312037,1234.6877464763138
312038,665.5643118694715
312039,829.4433642853292
312040,324.4051358891174
312041,1737.4569162251462
312042,1444.6077942188022
312043,786.427141044772
312044,975.9009436043464
312045,108.56467643583206
312046,756.8881480963546
312047,639.2255884536663
312048,364.5107884357988
312049,447.97888390573905
312050,185.76276372723922
312051,1546.1250609345384
312052,1283.508730447765
312053,700.7910344483936
312054,864.6700868642513
312055,215.01129032512574
312056,1820.9261412133962
312057,1507.3218303746382
312058,822.6078664863337
312059,1012.081669045908
312060,76.783813600941
312061,524.9102523301243
312062,442.4578289709076
312063,238.8204561035919
312064,280.6545747360484
312065,133.83492355686892
312066,1055.7405578215012
312067,887.1380705045544
312068,479.4328631077866
312069,579.4146991217599
312070,160.23989256028773
312071,1257.7926027878812
312072,1053.5669455316508
312073,590.7876269547293
312074,705.3054749637606
312075,727.1588213904403
312076,18.078057705867195
312077,11.462451170280588
312078,2.808484130065068
312079,3.689245990785645
312080,25.11699117269092
312081,18.103767498249407
312082,16.164059999615862
312083,-3.377810693626993
312084,22.287651053050812
312085,8.51161456767968
312086,39.220513634673324
312087,36.007946850829526
312088,12.738992854927497
312089,39.068449352917455
312090,148.83616046620736
312091,1178.1819749631484
312092,1012.5328572549313
312093,551.7801716875985
312094,654.3306274078665
312095,320.7375916453014
312096,2424.290436469134
312097,1998.0232948878584
312098,1084.31228251365
312099,1410.2012835253256
312100,374.5938529870559
312101,2922.489565368321
312102,2438.489385916493
312103,1294.0949710995535
312104,1648.2725650808763
312105,137.8126129114304
312106,968.2869494737589
312107,792.6233007631088
312108,434.5593870152513
312109,537.6223132981416
312110,280.1712046731236
312111,1920.4109043999185
312112,1636.4600068119516
312113,887.7837829474653
312114,1073.0749943297387
312115,296.4783481584936
312116,2281.2227955121252
312117,1911.560669420451
312118,1050.476061829347
312119,1259.104218893757
312120,766.7670396739388
312121,576.9392664149574
312122,509.4081784049562
312123,275.8567996625869
312124,314.2718924947273
312125,780.2985060263836
312126,1188.2743010271242
312127,1008.4988565029691
312128,575.2227849805357
312129,633.2254873541019
312130,719.2052342883926
312131,1403.900831018173
312132,1191.0730139243326
312133,677.1779005607448
312134,731.9587582670139
312135,95.23618242846892
312136,601.4644005606793
312137,510.01732052283234
312138,280.57011200518446
312139,318.98520483732483
312140,175.67707905180964
312141,1215.1145676453964
312142,1013.8329685662022
312143,588.1932247677751
312144,646.1959271413413
312145,195.67614405172927
312146,1453.9212597815126
312147,1204.2148097803492
312148,689.3040787352708
312149,744.0849364415399
312150,48.11697788639147
312151,421.737569425355
312152,363.1744817635181
312153,196.90196352487428
312154,242.3030553386789
312155,104.17396475091115
312156,896.7151577174083
312157,748.8000882161898
312158,406.7906179349139
312159,468.4520147546599
312160,133.12435747023235
312161,1052.210147339475
312162,865.5214066092086
312163,486.2084213778227
312164,544.647973530273
312165,724.5227365707682
312166,17.363708254279725
312167,15.244800751381916
312168,-10.51718559422602
312169,7.836254466677224
312170,253.63891463400577
312171,21.15296284669743
312172,17.247553937256818
312173,-8.879733475328917
312174,13.63398347240341
312175,68.49034823100742
312176,35.53038987792124
312177,35.62553936300201
312178,7.633704764638261
312179,32.36466967496989
312180,108.68402666793976
312181,986.654551998171
312182,828.0653290713944
312183,464.9941991504766
312184,526.8353173901528
312185,248.25474212983983
312186,1951.469176004257
312187,1644.3249729075435
312188,964.8191806006859
312189,1024.9630570936445
312190,312.4880914072628
312191,2336.667987287679
312192,1940.3445450122697
312193,1128.2777209239334
312194,1192.2790622111863
312195,102.25303179854579
312196,785.4060367040964
312197,635.673960644477
312198,376.26541814654894
312199,434.43933631814843
312200,216.44891862714053
312201,1577.03950869727
312202,1312.9808815591844
312203,761.9308230369746
312204,841.8710379553398
312205,243.1046247659263
312206,1860.7036537908853
312207,1566.5599697430885
312208,884.5152022295359
312209,968.3128819421937
312210,766.7670396739388
312211,576.9392664149574
312212,509.4081784049562
312213,275.8567996625869
312214,314.2718924947273
312215,780.2985060263836
312216,1188.2743010271242
312217,1008.4988565029691
312218,575.2227849805357
312219,633.2254873541019
312220,727.1262566867858
312221,1403.900831018173
312222,1191.0730139243326
312223,677.1779005607448
312224,731.9587582670139
312225,95.23618242846892
312226,601.4644005606793
312227,510.01732052283234
312228,280.57011200518446
312229,318.98520483732483
312230,175.67707905180964
312231,1215.1145676453964
312232,1013.8329685662022
312233,588.1932247677751
312234,646.1959271413413
312235,195.67614405172927
312236,1453.9212597815126
312237,1204.2148097803492
312238,689.3040787352708
312239,744.0849364415399
312240,48.11697788639147
312241,421.737569425355
312242,363.1744817635181
312243,196.90196352487428
312244,242.3030553386789
312245,104.17396475091115
312246,896.7151577174083
312247,748.8000882161898
312248,406.7906179349139
312249,468.4520147546599
312250,133.12435747023235
312251,1052.210147339475
312252,865.5214066092086
312253,486.2084213778227
312254,544.647973530273
312255,724.5227365707682
312256,17.363708254279725
312257,15.244800751381916
312258,-10.51718559422602
312259,7.836254466677224
312260,235.70074097788896
312261,21.15296284669743
312262,17.247553937256818
312263,-8.879733475328917
312264,13.63398347240341
312265,68.49034823100742
312266,35.53038987792124
312267,35.62553936300201
312268,7.633704764638261
312269,32.36466967496989
312270,108.68402666793976
312271,986.654551998171
312272,828.0653290713944
312273,464.9941991504766
312274,526.8353173901528
312275,248.25474212983983
312276,1951.469176004257
312277,1644.3249729075435
312278,964.8191806006859
312279,1024.9630570936445
312280,312.4880914072628
312281,2336.667987287679
312282,1940.3445450122697
312283,1128.2777209239334
312284,1192.2790622111863
312285,102.25303179854579
312286,785.4060367040964
312287,635.673960644477
312288,376.26541814654894
312289,434.43933631814843
312290,216.44891862714053
312291,1577.03950869727
312292,1312.9808815591844
312293,761.9308230369746
312294,841.8710379553398
312295,243.1046247659263
312296,1860.7036537908853
312297,1566.5599697430885
312298,884.5152022295359
312299,968.3128819421937
312300,766.2746301432298
312301,576.9594921268236
312302,510.2955850569125
312303,274.33104221774914
312304,312.7461350498895
312305,779.2022734272936
312306,1188.2945267389905
312307,1011.5817975521269
312308,573.697027535698
312309,631.6997299092642
312310,713.8091490848144
312311,1403.9210567300393
312312,1194.1559549734902
312313,675.652143115907
312314,730.4330008221762
312315,94.13994982937878
312316,601.4846262725456
312317,510.9047271747888
312318,279.0443545603467
312319,317.45944739248705
312320,174.58084645271953
312321,1215.1347933572627
312322,1016.9159096153597
312323,586.6674673229373
312324,644.6701696965035
312325,194.57991145263912
312326,1453.9414854933789
312327,1207.2977508295069
312328,687.778321290433
312329,742.5591789967021
312330,47.020745287301324
312331,421.75779513722114
312332,364.0618884154744
312333,195.37620608003652
312334,240.77729789384114
312335,103.07773215182101
312336,896.7353834292745
312337,751.8830292653475
312338,405.2648604900761
312339,466.9262573098221
312340,132.0281248711422
312341,1052.2303730513413
312342,868.6043476583664
312343,484.6826639329849
312344,543.1222160854353
312345,723.4265039716781
312346,17.38393396614591
312347,12.846198306883041
312348,-12.042943039063788
312349,6.310497021839465
312350,234.6045083787988
312351,21.173188558563616
312352,14.848951492757937
312353,-10.405490920166685
312354,12.108226027565642
312355,67.39411563191727
312356,35.55061558978742
312357,33.226936918503135
312358,6.107947319800489
312359,30.838912230132127
312360,107.58779406884962
312361,986.6747777100372
312362,831.1050705785517
312363,463.46844170563884
312364,525.3095599453151
312365,247.15850953074982
312366,1951.4894017161232
312367,1647.3647144147005
312368,963.2934231558481
312369,1023.4372996488063
312370,311.3918588081726
312371,2336.688212999545
312372,1943.3842865194267
312373,1126.7519634790956
312374,1190.7533047663485
312375,101.15679919945565
312376,785.4262624159627
312377,636.03100370884
312378,374.73966070171116
312379,432.91357887331066
312380,215.35268602805039
312381,1577.0597344091364
312382,1313.3379246235472
312383,760.4050655921369
312384,840.3452805105021
312385,242.00839216683622
312386,1860.7238795027515
312387,1566.9170128074513
312388,882.9894447846982
312389,966.787124497356
312390,766.2746301432298
312391,577.7803323846736
312392,511.1164253147624
312393,272.6746641545241
312394,316.03917599582803
312395,775.6133341157204
312396,1189.8478014608345
312397,1013.135072273971
312398,572.040649472473
312399,634.9927708552028
312400,713.8091490848144
312401,1408.9170414489945
312402,1199.1519396924455
312403,673.995765052682
312404,733.7260417681148
312405,94.13994982937878
312406,609.456851935069
312407,518.8769528373124
312408,279.25659096414694
312409,322.62110280545085
312410,174.58084645271953
312411,1223.8394534837803
312412,1025.6205697418777
312413,586.8797037267376
312414,649.8318251094674
312415,194.57991145263912
312416,1466.0888556170078
312417,1219.4451209531358
312418,687.9905576942333
312419,747.720834409666
312420,47.020745287301324
312421,421.75779513722114
312422,364.0618884154744
312423,195.37620608003652
312424,240.77729789384114
312425,103.07773215182101
312426,896.7353834292745
312427,751.8830292653475
312428,405.2648604900761
312429,466.9262573098221
312430,132.0281248711422
312431,1052.2303730513413
312432,868.6043476583664
312433,484.6826639329849
312434,543.1222160854353
312435,718.2679775220928
312436,17.38393396614591
312437,12.846198306883041
312438,-12.042943039063788
312439,6.310497021839465
312440,220.4513944891828
312441,21.173188558563616
312442,14.848951492757937
312443,-10.405490920166685
312444,12.108226027565642
312445,62.235589182331935
312446,35.55061558978742
312447,33.226936918503135
312448,6.107947319800489
312449,30.838912230132127
312450,107.58779406884962
312451,986.6747777100372
312452,831.1050705785517
312453,463.46844170563884
312454,525.3095599453151
312455,247.15850953074982
312456,1951.4894017161232
312457,1647.3647144147005
312458,963.2934231558481
312459,1023.4372996488063
312460,311.3918588081726
312461,2336.688212999545
312462,1943.3842865194267
312463,1126.7519634790956
312464,1190.7533047663485
312465,101.15679919945565
312466,785.4262624159627
312467,636.03100370884
312468,374.73966070171116
312469,432.91357887331066
312470,215.35268602805039
312471,1577.0597344091364
312472,1313.3379246235472
312473,760.4050655921369
312474,840.3452805105021
312475,242.00839216683622
312476,1860.7238795027515
312477,1566.9170128074513
312478,882.9894447846982
312479,966.787124497356
312480,754.525784961546
312481,617.5465210927467
312482,542.5507731729858
312483,307.4790609167332
312484,343.4128930506776
312485,698.915109184245
312486,1265.632233023455
312487,1068.0684978050172
312488,642.5689471288462
312489,700.3986147349262
312490,628.2424395423125
312491,1485.6163965060114
312492,1252.3398279464577
312493,748.5175982602948
312494,808.0407739975474
312495,86.9596586289926
312496,635.8789127358035
312497,542.1609294782816
312498,301.63036305521535
312499,342.76476994565184
312500,174.3253278306429
312501,1265.8191019534086
312502,1051.9429688700175
312503,624.5167215263166
312504,691.165031521564
312505,204.81035717707564
312506,1520.9611230598855
312507,1255.9996782830935
312508,729.6211110450519
312509,797.9629291714717
312510,49.94042921010312
312511,442.1922478074825
312512,376.5338876259388
312513,208.65064941621986
312514,260.8866693556173
312515,107.5053226940551
312516,927.0595240695494
312517,775.9112809154366
312518,435.1453520500939
312519,509.5679705588174
312520,142.58317444194694
312521,1096.086547722018
312522,903.5041725674246
312523,515.4873976537823
312524,587.828580165002
312525,711.1792929771464
312526,11.846926214111235
312527,6.529835075947336
312528,-12.116271863745304
312529,24.319985816836677
312530,80.4890150234348
312531,12.600533874534777
312532,12.107949790472293
312533,-4.7712342788496125
312534,42.11921822759922
312535,27.54318115021821
312536,30.89004391323135
312537,23.04190815807264
312538,0.21843605860239504
312539,54.756909271401696
312540,119.53815842029195
312541,1025.9747826027085
312542,856.7268689901862
312543,487.31950664038186
312544,545.4424652548362
312545,260.6446665697065
312546,2100.863998464468
312547,1762.7135129778865
312548,1020.4051321311281
312549,1083.2646245000326
312550,325.0955680762971
312551,2468.6732260723156
312552,2066.205461090786
312553,1180.749687672421
312554,1258.6628527884097
312555,115.04833856037622
312556,832.440651279587
312557,672.8777452846458
312558,400.6640504794569
312559,459.60469211838523
312560,227.74165659198297
312561,1680.3191452520869
312562,1379.0598486133206
312563,814.489116902539
312564,902.8954721184626
312565,267.7893208539366
312566,1969.3427159140713
312567,1650.5951680035098
312568,945.0795916338393
312569,1042.7741843878073
312570,760.6198870242346
312571,646.4934030885312
312572,559.1416346698738
312573,330.5261753168863
312574,356.31063687645417
312575,711.0063665242845
312576,1355.7456575273281
312577,1150.145453324235
312578,681.6913124710024
312579,740.7515171004075
312580,471.6599590468609
312581,1592.7444934216862
312582,1356.18040022005
312583,788.8513623768358
312584,855.0441677673097
312585,91.24208615301347
312586,667.9586669270836
312587,562.5201784273935
312588,326.5883746330457
312589,357.57341094910566
312590,180.28813563892194
312591,1356.946339047651
312592,1135.877414663782
312593,663.6390868684729
312594,731.5179338870452
312595,212.55757492147993
312596,1635.0096174566575
312597,1363.4960053065854
312598,771.7531396369458
312599,846.7645874165869
312600,58.17083158096813
312601,465.06488510514026
312602,398.78620927092913
312603,224.90345090365028
312604,266.9901002686713
312605,122.02451463445885
312606,973.3851620383265
312607,823.1574261598806
312608,454.3497519355053
312609,530.0029074675552
312610,154.55603726265008
312611,1139.5720225762277
312612,948.5507786244992
312613,535.4752206252205
312614,614.4860327896614
312615,702.5963434444118
312616,17.177560813362902
312617,10.604767464877353
312618,-0.11458531954427302
312619,35.3203621712768
312620,76.78210162206383
312621,12.89600375414089
312622,13.323926945745377
312623,-1.5381287705027786
312624,50.15394842387364
312625,14.013478549185063
312626,30.91847371070281
312627,25.662035915313634
312628,2.7764850756114137
312629,62.11658297633828
312630,131.21737279536612
312631,1073.4066057666416
312632,915.6561468826281
312633,516.4507366082819
312634,562.1003877083197
312635,266.8160947837392
312636,2223.0726595007413
312637,1842.4273191961424
312638,1083.37585445189
312639,1147.7668629458767
312640,356.63535537147044
312641,2602.3223188206334
312642,2173.8876967543442
312643,1282.0156689458931
312644,1361.4603501869635
312645,126.70404930245978
312646,876.7381147681734
312647,727.8621018434048
312648,425.5254809107289
312649,471.99281503524116
312650,235.8307692805102
312651,1764.0080663606818
312652,1488.0815428888345
312653,844.9928250161998
312654,934.9306963572055
312655,280.7266501033366
312656,2084.2978926684327
312657,1773.8396061255678
312658,993.3584161799421
312659,1092.584525058992
312660,738.289160713537
312661,714.6101858549929
312662,615.4303976489209
312663,373.975070816272
312664,403.44068783204324
312665,559.0694185987982
312666,1500.360688388156
312667,1250.9562068483087
312668,711.0120549590856
312669,773.4834590374925
312670,323.11028164112577
312671,1748.6696980227302
312672,1460.519467643926
312673,844.136823098554
312674,915.0252927703116
312675,116.34287050987332
312676,747.0112840542316
312677,632.326341594642
312678,382.04617664972307
312679,411.5117936654943
312680,192.57746006350655
312681,1525.3205896776794
312682,1267.3972604034734
312683,726.3090418948076
312684,788.7804459732145
312685,224.87166127811926
312686,1807.4554745722696
312687,1498.544164946079
312688,860.3878128969155
312689,931.2762825686731
312690,80.91012848589018
312691,532.2464920390751
312692,454.4929603073984
312693,250.61350034410125
312694,290.6771706996132
312695,136.99774070404422
312696,1060.001766935396
312697,896.0981712459874
312698,499.20852658078536
312699,569.430332579409
312700,166.44838432418922
312701,1267.211019375785
312702,1067.6842537470945
312703,622.8252293918957
312704,697.6891568551922
312705,731.9039493239628
312706,21.00017864788337
312707,19.083463739836308
312708,11.485825439826069
312709,30.63025517872294
312710,1.9967658817685612
312711,21.81755955033865
312712,24.576743679244682
312713,12.790693625907833
312714,48.11413611107179
312715,6.419025316450122
312716,43.26145890089664
312717,44.74778374459245
312718,21.236742652708696
312719,65.49267067650487
312720,150.79010966499746
312721,1195.7900875069354
312722,1019.3741749837998
312723,576.4269299588518
312724,630.1949572983838
312725,323.8918733531952
312726,2446.022494981407
312727,2002.6700499673066
312728,1184.901083765098
312729,1249.9740698251026
312730,378.7471671858098
312731,2945.2206563714544
312732,2456.518606796819
312733,1408.7789101850442
312734,1488.777492638175
312735,139.7665621102205
312736,974.5193162135967
312737,803.554559130486
312738,460.46989716951526
312739,511.93901305472065
312740,287.0854291915778
312741,1930.437219280296
312742,1650.8219865472936
312743,937.4301444683013
312744,1028.393551125374
312745,304.3916051678078
312746,2292.2481428833603
312747,1926.9216816466528
312748,1114.2175611842272
312749,1214.3411290253869
312750,768.3083038894304
312751,573.1095224439696
312752,505.57843443396837
312753,276.88895666775613
312754,305.6062529744182
312755,781.8397702418752
312756,1184.444557056136
312757,1004.6691125319811
312758,576.2549419857048
312759,622.504864739454
312760,720.7464985038841
312761,1400.0710870471848
312762,1187.2432699533445
312763,678.2100575659139
312764,721.2381356523659
312765,96.77744664396049
312766,604.7860419943651
312767,513.3389619565182
312768,283.47088347737895
312769,312.18817978404104
312770,177.21834326730112
312771,1218.436209079082
312772,1017.154609999888
312773,591.0939962399694
312774,637.3439189937186
312775,197.21740826722075
312776,1457.2429012151981
312777,1207.5364512140347
312778,692.2048502074651
312779,735.2329282939172
312780,48.51780065098076
312781,422.13839218994445
312782,363.57530452810755
312783,197.3027862894635
312784,237.12169564508645
312785,104.57478751550045
312786,897.1159804819976
312787,749.2009109807791
312788,407.19144069950335
312789,461.2156719667286
312790,133.5251802348216
312791,1052.6109701040643
312792,865.9222293737979
312793,486.60924414241214
312794,537.4116307423417
312795,719.7650328857721
312796,17.76453101886901
312797,15.645623515971208
312798,-10.11636282963673
312799,10.160122216815674
312800,240.85775815855712
312801,21.553785611286724
312802,17.648376701846107
312803,-8.478910710739623
312804,13.902868128202872
312805,63.73264454601139
312806,35.93121264251053
312807,36.026362127591305
312808,8.034527529227551
312809,32.63355433076937
312810,113.08459730214435
312811,991.0551226323755
312812,832.465899705599
312813,470.6681965503955
312814,516.9527865471193
312815,252.6553127640445
312816,1955.8697466384617
312817,1648.7255435417483
312818,970.4931780006046
312819,1013.0255431562722
312820,316.88866204146746
312821,2341.068557921883
312822,1944.7451156464745
312823,1133.9517183238527
312824,1180.341548273814
312825,106.40150161842605
312826,789.5545065239768
312827,639.8224304643574
312828,381.6873147321435
312829,429.0821015893607
312830,220.5973884470207
312831,1581.1879785171504
312832,1317.1293513790647
312833,767.3527196225692
312834,834.4588201322131
312835,247.25309458580654
312836,1864.8521236107656
312837,1570.7084395629688
312838,889.9370988151305
312839,960.900664119067
312840,767.5662742669318
312841,572.3674928214709
312842,504.8364048114698
312843,276.88895666775613
312844,305.6062529744182
312845,781.0977406193766
312846,1183.7025274336374
312847,1003.9270829094825
312848,576.2549419857048
312849,622.504864739454
312850,727.9254912797787
312851,1399.3290574246862
312852,1186.5012403308458
312853,678.2100575659139
312854,721.2381356523659
312855,96.03541702146191
312856,604.0440123718665
312857,512.5969323340197
312858,283.47088347737895
312859,312.18817978404104
312860,176.47631364480253
312861,1217.6941794565832
312862,1016.4125803773893
312863,591.0939962399694
312864,637.3439189937186
312865,196.47537864472216
312866,1456.5008715926995
312867,1206.794421591536
312868,692.2048502074651
312869,735.2329282939172
312870,47.77577102848217
312871,421.3963625674458
312872,362.8332749056089
312873,197.3027862894635
312874,237.12169564508645
312875,103.83275789300185
312876,896.373950859499
312877,748.4588813582806
312878,407.19144069950335
312879,461.2156719667286
312880,132.783150612323
312881,1051.8689404815657
312882,865.1801997512994
312883,486.60924414241214
312884,537.4116307423417
312885,722.5435485125664
312886,17.022501396370405
312887,14.903593893472609
312888,-10.11636282963673
312889,10.160122216815674
312890,228.1941115478273
312891,20.81175598878814
312892,16.906347079347498
312893,-8.478910710739623
312894,13.902868128202872
312895,66.51116017280565
312896,35.18918302001193
312897,35.28433250509271
312898,8.034527529227551
312899,32.63355433076937
312900,112.34256767964575
312901,990.3130930098769
312902,831.7238700831005
312903,470.6681965503955
312904,516.9527865471193
312905,251.91328314154592
312906,1955.127717015963
312907,1647.9835139192496
312908,974.594821256297
312909,1013.0255431562722
312910,316.1466324189688
312911,2340.3265282993843
312912,1944.0030860239758
312913,1133.9517183238527
312914,1180.341548273814
312915,105.65947199592745
312916,788.8124769014782
312917,639.0804008418588
312918,381.6873147321435
312919,429.0821015893607
312920,219.85535882452203
312921,1580.4459488946518
312922,1316.387321756566
312923,771.4543628782616
312924,834.4588201322131
312925,246.51106496330792
312926,1864.110093988267
312927,1569.9664099404702
312928,889.9370988151305
312929,960.900664119067
312930,767.8710554510434
312931,573.1849092481577
312932,506.52100217824676
312933,275.61593975280783
312934,303.2751729601699
312935,780.7986987351071
312936,1184.5199438603245
312937,1007.8072146734607
312938,574.9819250707565
312939,616.3608662293433
312940,715.4055743926277
312941,1400.1464738513732
312942,1190.3813720948242
312943,676.9370406509655
312944,715.0941371422552
312945,95.73637513719244
312946,604.8614287985533
312947,514.2815297007967
312948,282.19786656243065
312949,309.85709976979274
312950,176.17727176053307
312951,1218.5115958832703
312952,1020.2927121413676
312953,589.8209793250211
312954,631.1999204836079
312955,196.1763367604527
312956,1457.3182880193865
312957,1210.6745533555145
312958,690.9318332925168
312959,729.0889297838065
312960,47.47672914421271
312961,422.2137789941326
312962,364.5178722723859
312963,196.02976937451527
312964,234.79061563083823
312965,103.53371600873243
312966,897.1913672861858
312967,752.3390131222588
312968,405.91842378455505
312969,455.071673456618
312970,132.48410872805354
312971,1052.6863569082527
312972,869.0603315152777
312973,485.33622722746384
312974,531.267632232231
312975,722.2445066282969
312976,17.83991782305727
312977,13.302182163794402
312978,-11.389379744585003
312979,7.829042202567408
312980,255.4095952951423
312981,21.629172415474997
312982,15.304935349669295
312983,-9.751927625687904
312984,13.554147740837246
312985,66.21211828853619
312986,36.006599446698786
312987,33.68292077541448
312988,6.761510614279276
312989,32.28483394340374
312990,112.0435257953763
312991,991.1305094365637
312992,835.5608023050783
312993,469.3951796354472
312994,514.6217065328709
312995,251.61424125727643
312996,1955.94513344265
312997,1651.8204461412274
312998,973.3218043413489
312999,1005.0453026629
313000,315.8475905346993
313001,2341.1439447260714
313002,1947.8400182459536
313003,1132.6787014089045
313004,1172.361307780442
313005,105.36043011165799
313006,789.629893328165
313007,640.2346346210423
313008,380.4142978171952
313009,426.7510215751124
313010,219.55631694025257
313011,1581.2633653213388
313012,1317.5415555357497
313013,770.1813459633132
313014,826.4785796388412
313015,246.21202307903843
313016,1864.927510414954
313017,1571.1206437196538
313018,888.6640819001822
313019,952.9204236256951
313020,759.0941475250887
313021,570.4241757642708
313022,503.7602686943597
313023,276.03282298794744
313024,297.5477606744671
313025,768.4328514975792
313026,1181.7592103764375
313027,1005.0464811895733
313028,575.398808305896
313029,610.6334539436403
313030,705.8808521571402
313031,1396.6379260579533
313032,1186.8728243014043
313033,676.6061095765718
313034,708.6189105470193
313035,95.97598512657873
313036,604.146673967843
313037,513.5667748700863
313038,284.6607284507469
313039,306.17566613726655
313040,176.41688174991936
313041,1217.79684105256
313042,1019.5779573106573
313043,592.2838412133373
313044,627.5184868510817
313045,195.66813244030593
313046,1455.8557188791433
313047,1209.2119842152713
313048,692.6468808712998
313049,724.6596818417472
313050,47.71633913359899
313051,421.4990241634223
313052,363.80311744167557
313053,198.49263126283148
313054,231.109181998312
313055,103.77332599811868
313056,896.4766124554754
313057,751.6242582915485
313058,408.3812856728713
313059,451.3902398240918
313060,131.97590440790677
313061,1051.2237877680095
313062,867.5977623750342
313063,487.051274806247
313064,526.8383842901717
313065,720.7955899994314
313066,17.12516299234695
313067,12.587427333084083
313068,-8.92651785626878
313069,4.147608570041198
313070,266.11375792591946
313071,20.914417584764678
313072,14.590180518958975
313073,-7.289065737371682
313074,9.872714108311035
313075,64.76320165967081
313076,35.29184461598847
313077,32.96816594470416
313078,9.224372502595498
313079,28.603400310877507
313080,112.18530132268292
313081,990.4157546058534
313082,834.8460474743679
313083,471.85804152376346
313084,510.9402729003442
313085,251.75601678458295
313086,1955.2303786119398
313087,1651.1056913105172
313088,975.7846662296649
313089,1001.3638690303734
313090,315.9893660620059
313091,2340.429189895361
313092,1947.1252634152434
313093,1135.1415632972207
313094,1168.6798741479158
313095,105.50220563896461
313096,788.9151384974547
313097,639.519879790332
313098,382.8771597055114
313099,423.0695879425862
313100,219.69809246755915
313101,1580.5486104906286
313102,1316.8268007050394
313103,772.6442078516294
313104,822.797146006315
313105,246.35379860634507
313106,1864.2127555842437
313107,1570.4058888889435
313108,891.1269437884982
313109,949.2389899931688
313110,746.2497370493937
313111,603.2594087581375
313112,528.2636608383766
313113,296.567144738718
313114,322.13768989292953
313115,700.2063803085241
313116,1230.4021020040373
313117,1032.8383667855994
313118,612.7981576932909
313119,650.990765853656
313120,618.7698373339496
313121,1449.1897111903832
313122,1215.9131426308295
313123,717.5502545285291
313124,757.4363708200666
313125,87.70012863218123
313126,635.4498919450127
313127,541.7319086874908
313128,304.57653842101854
313129,330.14708357523006
313130,175.6408202177323
313131,1265.5262294439617
313132,1051.6500963605706
313133,629.6831906007322
313134,667.8757987610973
313135,204.35427288405376
313136,1519.4716962542282
313137,1254.5102514774362
313138,733.591025823257
313139,773.4771421147946
313140,50.68089921329179
313141,441.76322701669164
313142,376.10486683514796
313143,211.59682478202296
313144,248.26898298519558
313145,108.82081508114459
313146,926.7666515601028
313147,775.61840840599
313148,440.3118211245098
313149,486.27873779835085
313150,142.12709014892505
313151,1094.5971209163606
313152,902.0147457617675
313153,519.4573124319876
313154,563.3427931083248
313155,713.751781611376
313156,11.417905423320398
313157,6.100814285156492
313158,-9.170096497942193
313159,11.702299446414841
313160,107.48847876991331
313161,12.307661365088167
313162,11.815077281025676
313163,0.39523479556620505
313164,29.93306442213816
313165,30.115669784448038
313166,30.59717140378473
313167,22.749035648626023
313168,5.384905133018213
313169,42.57075546594067
313170,120.18079396140092
313171,1025.5457618119176
313172,856.2978481993954
313173,490.26568200618493
313174,532.8247788844143
313175,264.70032863879203
313176,2100.5711259550217
313177,1762.4206404684396
313178,1029.673244461236
313179,1054.0739992198532
313180,325.73820361740616
313181,2468.3803535628695
313182,2065.9125885813396
313183,1185.9161567468368
313184,1229.4722275082304
313185,115.69097410148518
313186,832.0116304887962
313187,672.448724493855
313188,403.61022584526006
313189,446.98700574796345
313190,231.79731866106854
313191,1680.02627274264
313192,1378.7669761038737
313193,823.757229232647
313194,878.2046407182609
313195,268.43195639504563
313196,1969.0498434046244
313197,1650.302295494063
313198,950.2460607082551
313199,1018.0833529876052
313200,752.3438391120823
313201,632.206290753922
313202,544.8545223352646
313203,319.6142591388711
313204,335.0354337187061
313205,712.2976376485636
313206,1318.604792499728
313207,1113.004588296635
313208,651.9205230354472
313209,691.3436682191372
313210,461.61359896649293
313211,1555.7440502340526
313212,1319.1799570324163
313213,757.3102607730647
313214,803.8660067178234
313215,91.9825561562021
313216,667.5296461362929
313217,562.0911576366027
313218,329.5345499988489
313219,344.9557245786839
313220,181.6036280260114
313221,1356.6534665382042
313222,1135.5845421543352
313223,668.8055559428885
313224,708.2287011265785
313225,211.5277327564526
313226,1630.7698356372714
313227,1359.2562234871993
313228,775.1492965431455
313229,821.7050424879043
313230,58.91130158415678
313231,464.6358643143494
313232,398.3571884801383
313233,227.84962626945338
313234,254.3724138982496
313235,123.34000702154827
313236,973.0922895288799
313237,822.864553650434
313238,459.5162210099212
313239,506.7136747070871
313240,153.52619509762275
313241,1137.508837898565
313242,946.4875939468367
313243,538.8713775314203
313244,589.4264878609788
313245,705.1688320786415
313246,16.748540022572076
313247,10.17574667408651
313248,2.8315900462588317
313249,22.702675800854923
313250,103.78156536854236
313251,12.60313124469428
313252,13.031054436298774
313253,3.6283403039130326
313254,37.967794618412626
313255,16.585967183414912
313256,30.6256012012562
313257,25.369163405867017
313258,7.94295415002722
313259,49.93042917087726
313260,131.86000833647512
313261,1072.9775849758507
313262,915.2271260918374
313263,519.396911974085
313264,549.4827013378978
313265,270.87175685282483
313266,2222.779786991295
313267,1842.1344466866956
313268,1092.6439667819982
313269,1118.5762376656974
313270,357.27799091257947
313271,2602.0294463111873
313272,2173.594824244898
313273,1287.182138020309
313274,1332.2697249067842
313275,127.34668484356877
313276,876.3090939773826
313277,727.433081052614
313278,428.4716562765321
313279,459.3751286648194
313280,239.88643134959574
313281,1763.715193851235
313282,1487.7886703793877
313283,854.2609373463079
313284,910.2398649570038
313285,281.36928564444565
313286,2084.0050201589866
313287,1773.546733616121
313288,998.5248852543579
313289,1067.8936936587895
313290,725.2672242070357
313291,708.616407293027
313292,609.436619086955
313293,371.3564884109
313294,390.4588184469383
313295,553.4439544182369
313296,1492.4561758180075
313297,1243.0516942781603
313298,708.3934725537135
313299,754.6336880621864
313300,315.66175666187627
313301,1740.8528586620762
313302,1452.702628283272
313303,839.695179894494
313304,894.3524609963174
313305,113.3494354211806
313306,743.0634841454424
313307,628.3785416858528
313308,381.4735728975277
313309,400.575902933566
313310,189.58402497481384
313311,1521.37278976889
313312,1263.449460494684
313313,725.7364381426122
313314,771.976653651085
313315,220.05516539073844
313316,1799.508016723069
313317,1490.5967070968784
313318,857.9921483460322
313319,912.6494294478556
313320,77.91669339719755
313321,528.2986921302859
313322,450.54516039860897
313323,250.04089659190583
313324,279.74127996768493
313325,134.00430561535154
313326,1056.0539670266066
313327,892.1503713371982
313328,498.6359228285899
313329,552.6265402572795
313330,161.6318884368084
313331,1261.4401586683077
313332,1061.9133930396172
313333,620.4295648410124
313334,679.0623037343747
313335,730.6085157366042
313336,18.544101508591098
313337,16.627386600544053
313338,12.40494445712778
313339,21.186087216291774
313340,11.129970598716643
313341,19.3614824110464
313342,22.120666539952435
313343,13.70981264320955
313344,38.597344681184296
313345,5.070843098619394
313346,40.752633131132285
313347,42.23895797482809
313348,22.103113039538297
313349,55.923130616145286
313350,148.21665869615947
313351,1192.3601061800803
313352,1015.9441936569447
313353,576.3721447885908
313354,619.77688514839
313355,321.3184223843571
313356,2442.5925136545525
313357,1999.2400686404512
313358,1188.9479418505293
313359,1231.851854101646
313360,376.1209675864996
313361,2941.7379264141277
313362,2453.035876839492
313363,1408.671376384311
313364,1470.6025282842465
313365,137.1931111413825
313366,971.0893348867419
313367,800.1245778036313
313368,460.41511199925424
313369,501.52094090472673
313370,284.5119782227397
313371,1927.0072379534408
313372,1647.3920052204385
313373,941.4770025537327
313374,1010.2713354019176
313375,301.7654055684976
313376,2288.7654129260336
313377,1923.4389516893257
313378,1114.110027383494
313379,1196.1661646714583
313380,756.65002657846
313381,567.4674195750667
313382,499.9363315650654
313383,274.62204995544727
313384,296.1369876419669
313385,770.1814929309048
313386,1176.891720179051
313387,997.1162756548953
313388,573.988035273396
313389,609.2226809111404
313390,707.2651603942257
313391,1392.605923379594
313392,1179.7781062857537
313393,674.1200900549169
313394,706.1328910253643
313395,94.13568724833114
313396,601.189917778639
313397,509.742837740792
313398,283.2499554182467
313399,304.7648931047664
313400,174.57658387167163
313401,1214.8400848633557
313402,1013.5584857841618
313403,590.8730681808373
313404,626.1077138185817
313405,192.7525880729031
313406,1451.823716200784
313407,1202.1172661996206
313408,690.1608613496448
313409,722.1736623200923
313410,45.876041255351254
313411,418.5422679742182
313412,359.9791803123813
313413,197.08185823033133
313414,229.69840896581186
313415,101.933028119871
313416,893.5198562662715
313417,745.6047867650531
313418,406.9705126403711
313419,449.9794667915916
313420,129.06036004050395
313421,1047.1917850896502
313422,860.5030443593838
313423,484.56525528459184
313424,524.3523647685167
313425,721.7828567287372
313426,15.660129572639946
313427,13.54122206974215
313428,-8.84556811927183
313429,4.228558307038154
313430,269.54264791518506
313431,19.449384165057666
313432,15.543975255617045
313433,-7.208116000374716
313434,9.95366384530799
313435,65.69771975850438
313436,33.77406256580935
313437,33.869212050890084
313438,9.25257360912034
313439,28.631601417402354
313440,110.86282202636963
313441,987.9768169985839
313442,829.3875940718074
313443,470.96508707319765
313444,510.04731844977886
313445,250.43353748826945
313446,1952.7914410046699
313447,1645.6472379079564
313448,974.8917117790994
313449,1000.470914579808
313450,314.6141381352204
313451,2337.9375036576193
313452,1941.6140613822106
313453,1134.1958602161828
313454,1167.734171066878
313455,104.17972634265129
313456,786.4762008901852
313457,636.7441248305657
313458,381.9842052549456
313459,422.1766334920204
313460,218.37561317124576
313461,1578.1096728833586
313462,1314.0510457452729
313463,771.7512534010639
313464,821.9041915557494
313465,244.97857067955962
313466,1861.7210693465017
313467,1567.577385298705
313468,890.1812407074606
313469,948.2932869121312
313470,758.8435198953124
313471,565.0620953809173
313472,497.4938805210375
313473,273.88467021468244
313474,295.3996079012021
313475,772.3749862477572
313476,1174.4863959849017
313477,992.003197487364
313478,573.2506555326312
313479,608.4853011703756
313480,717.3796761094713
313481,1390.2005991854448
313482,1174.6650281182226
313483,673.3827103141521
313484,705.3955112845995
313485,92.80355602048773
313486,598.7845935844896
313487,507.300386696764
313488,282.5125756774819
313489,304.02751336400155
313490,173.2444526438282
313491,1212.4347606692065
313492,1008.4454076166307
313493,590.1356884400725
313494,625.3703340778169
313495,191.4204568450597
313496,1449.4183920066348
313497,1197.0041880320896
313498,689.42348160888
313499,721.4362825793274
313500,44.54391002750785
313501,416.1369437800688
313502,357.5367292683534
313503,196.3444784895665
313504,228.96102922504704
313505,100.60089689202759
313506,891.1145320721221
313507,740.4917085975218
313508,406.2331328996063
313509,449.2420870508268
313510,127.72822881266052
313511,1044.786460895501
313512,855.3899661918525
313513,483.827875543827
313514,523.6149850277519
313515,721.762694540293
313516,14.566774417889627
313517,12.41074006511329
313518,-8.270978820637595
313519,4.803147605672389
313520,263.5477612315024
313521,18.35602901030735
313522,17.839930912916962
313523,-6.633526701740487
313524,10.528253143942225
313525,65.67755757006
313526,32.68070741105904
313527,36.16516770819001
313528,9.827162907754571
313529,29.20619071603659
313530,110.84265983792525
313531,986.8834618438336
313532,828.2571120671786
313533,471.53967637183183
313534,510.621907748413
313535,250.41337529982508
313536,1951.6980858499196
313537,1641.371605816154
313538,975.4663010777338
313539,1001.0455038784423
313540,314.59397594677597
313541,2336.844148502869
313542,1937.3384292904082
313543,1134.770449514817
313544,1156.2760037346407
313545,104.15956415420692
313546,785.3828457354349
313547,635.613642825937
313548,382.5587945535798
313549,422.7512227906546
313550,218.3554509828014
313551,1577.0163177286083
313552,1309.7754136534704
313553,772.3258426996982
313554,822.4787808543838
313555,244.95840849111525
313556,1860.6277141917515
313557,1563.3017532069025
313558,890.7558300060949
313559,936.835119579894
313560,759.4468077573337
313561,566.1780184855138
313562,499.4769845657242
313563,273.454610162575
313564,292.5936818971582
313565,772.3744510413974
313566,1175.6023190894985
313567,996.181835929252
313568,572.8205954805237
313569,605.6793751663317
313570,705.1582659002302
313571,1391.3165222900416
313572,1178.8436665601107
313573,672.9526502620446
313574,702.5895852805556
313575,92.80302081412795
313576,599.9005166890861
313577,509.2834907414507
313578,282.08251562537447
313579,301.22158735995765
313580,173.24391743746844
313581,1213.5506837738033
313582,1012.6240460585187
313583,589.705628387965
313584,622.564408073773
313585,191.41992163869992
313586,1450.5343151112315
313587,1201.1828264739777
313588,688.9934215567725
313589,718.6303565752836
313590,44.54337482114806
313591,417.2528668846653
313592,359.51983331304007
313593,195.91441843745912
313594,226.1551032210032
313595,100.6003616856678
313596,892.2304551767186
313597,744.6703470394098
313598,405.80307284749887
313599,446.4361610467829
313600,127.72769360630073
313601,1045.9023840000978
313602,859.5686046337405
313603,483.3978154917196
313604,520.8090590237081
313605,721.7621593339331
313606,15.682697522486173
313607,11.107835013344769
313608,-8.701038872745007
313609,1.9972216016285285
313610,263.5472260251426
313611,19.471952114903893
313612,16.53702586114844
313613,-7.0635867538479005
313614,7.722327139898365
313615,65.67702236370022
313616,33.79663051565558
313617,34.862262656421485
313618,9.397102855647159
313619,26.40026471199273
313620,110.84212463156547
313621,987.9993849484301
313622,832.3925509670661
313623,471.1096163197244
313624,507.8159817443688
313625,250.4128400934653
313626,1952.8140089545163
313627,1645.5070447160415
313628,975.0362410256263
313629,998.2395778743985
313630,314.59344074041616
313631,2337.9600716074656
313632,1941.4738681902957
313633,1134.3403894627097
313634,1153.4700777305968
313635,104.15902894784713
313636,786.4987688400314
313637,637.0663832830302
313638,382.12873450147237
313639,419.9452967866107
313640,218.3549157764416
313641,1578.132240833205
313642,1311.2281541105638
313643,771.8957826475907
313644,819.67285485034
313645,244.95787328475546
313646,1861.7436372963482
313647,1564.7544936639958
313648,890.3257699539874
313649,934.0291935758502
313650,759.4468077573337
313651,566.1780184855138
313652,499.4769845657242
313653,273.454610162575
313654,290.4916651730184
313655,768.7855117298242
313656,1175.6023190894985
313657,996.181835929252
313658,574.7511301344452
313659,603.577358442192
313660,705.1582659002302
313661,1391.3165222900416
313662,1178.8436665601107
313663,674.8831849159661
313664,700.4875685564159
313665,92.80302081412795
313666,599.9005166890861
313667,509.2834907414507
313668,282.08251562537447
313669,299.11957063581787
313670,173.24391743746844
313671,1213.5506837738033
313672,1012.6240460585187
313673,591.6361630418866
313674,620.4623913496333
313675,191.41992163869992
313676,1450.5343151112315
313677,1201.1828264739777
313678,690.9239562106941
313679,716.5283398511439
313680,44.54337482114806
313681,417.2528668846653
313682,359.51983331304007
313683,195.91441843745912
313684,224.05308649686341
313685,100.6003616856678
313686,892.2304551767186
313687,744.6703470394098
313688,407.7336075014204
313689,444.3341443226431
313690,127.72769360630073
313691,1045.9023840000978
313692,859.5686046337405
313693,485.32835014564114
313694,518.7070422995683
313695,721.7621593339331
313696,15.682697522486173
313697,11.107835013344769
313698,-8.701038872745007
313699,-0.1047951225112523
313700,254.55263858511202
313701,19.471952114903893
313702,16.53702586114844
313703,-5.133052099926356
313704,5.620310415758583
313705,65.67702236370022
313706,33.79663051565558
313707,34.862262656421485
313708,11.327637509568696
313709,24.29824798785295
313710,110.84212463156547
313711,987.9993849484301
313712,832.3925509670661
313713,471.1096163197244
313714,505.71396502022924
313715,250.4128400934653
313716,1952.8140089545163
313717,1645.5070447160415
313718,976.9667756795478
313719,987.5130539792633
313720,314.59344074041616
313721,2337.9600716074656
313722,1941.4738681902957
313723,1136.2709241166312
313724,1151.3680610064569
313725,104.15902894784713
313726,786.4987688400314
313727,637.0663832830302
313728,382.12873450147237
313729,417.8432800624709
313730,218.3549157764416
313731,1578.132240833205
313732,1311.2281541105638
313733,773.8263173015123
313734,808.9463309552048
313735,244.95787328475546
313736,1861.7436372963482
313737,1564.7544936639958
313738,892.256304607909
313739,931.9271768517104
313740,746.6023972816387
313741,599.0132514793808
313742,523.9803767097412
313743,293.9889319133456
313744,309.4322413513661
313745,698.8479746959135
313746,1224.2452107170982
313747,1023.9737215252788
313748,610.2199448679187
313749,638.2853173120927
313750,618.4959910637169
313751,1444.317047409149
313752,1208.3327248762134
313753,714.3455352006793
313754,744.1044157760258
313755,84.52716431973036
313756,631.2037346662559
313757,537.4486245588554
313758,301.9983255956461
313759,317.4416350336666
313760,172.4678559052814
313761,1261.280072165205
313762,1044.696185108432
313763,627.10497777536
313764,655.170350219534
313765,200.55480206912523
313766,1512.4224353312707
313767,1244.7532365810969
313768,730.3863064954072
313769,760.1451870707538
313770,47.50793490084086
313771,437.51706973793466
313772,371.82158270651246
313773,209.0186119566506
313774,235.5635344436322
313775,105.64785076869369
313776,922.5204942813459
313777,768.6644971538512
313778,437.73360829913736
313779,473.5732892567874
313780,138.32761933399652
313781,1089.7244571351264
313782,894.4343280071512
313783,516.2525931041378
313784,550.010838064284
313785,714.7183509458778
313786,9.975439953459624
313787,4.621221965417176
313788,-8.944617514418416
313789,1.800542713747611
313790,105.16350403573412
313791,10.8651958952274
313792,13.761922623215142
313793,0.6207137790899843
313794,20.03130768947094
313795,31.029490488477414
313796,29.1019573034518
313797,24.64313236034338
313798,5.5576354860698745
313799,32.616250102801274
313800,118.83761727028336
313801,1023.1293921544941
313802,853.8443516920936
313803,489.5172568021459
313804,521.9491179641847
313805,263.35715194767437
313806,2098.1547562975984
313807,1756.821993873964
313808,1028.924819257197
313809,1034.5738311286277
313810,324.3422782958164
313811,2465.911235274974
313812,2060.2611933563917
313813,1185.1149829123258
313814,1206.5110613266568
313815,114.3477974103677
313816,829.5952608313729
313817,669.9952279865532
313818,402.861800641221
313819,436.1113448277334
313820,230.45414196995097
313821,1677.6099030852165
313822,1373.168329509398
313823,823.0088040286083
313824,858.7044726270358
313825,267.0360310734559
313826,1966.580725116729
313827,1644.6509002691153
313828,949.4448868737443
313829,995.1221868060319
313830,753.0018997146341
313831,627.0831668078725
313832,539.6942715393366
313833,319.3435095181188
313834,321.2867306667352
313835,711.1716815221096
313836,1311.8815790476367
313837,1103.5736208711617
313838,651.6497734146951
313839,674.3468640310074
313840,462.2189109385725
313841,1550.5681776575311
313842,1311.296330482513
313843,756.9867625218404
313844,786.8164538992215
313845,89.11499221405813
313846,662.4065221902433
313847,556.9309068406747
313848,329.2638003780966
313849,331.207021526713
313850,178.73606408386726
313851,1351.5303425921547
313852,1127.753664234904
313853,668.5348063221364
313854,691.2318969384487
313855,208.60742018383633
313856,1625.59396306075
313857,1351.372596937296
313858,774.8257982919213
313859,804.6554896693024
313860,56.043737642012736
313861,459.5127403682998
313862,393.1969376842101
313863,227.57887664870114
313864,240.62371084627867
313865,120.47244307940429
313866,967.9691655828303
313867,815.0336757310026
313868,459.2454713891689
313869,489.7168705189571
313870,150.60588252500648
313871,1132.3329653220435
313872,938.6039673969332
313873,538.5478792801961
313874,572.3769350423769
313875,706.4408017834501
313876,14.429107885418635
313877,7.819187687054528
313878,5.3645322344027475
313879,11.757664557780222
313880,95.38406624010749
313881,10.283699107540846
313882,14.10093311119558
313883,6.161282492056943
313884,29.35165495919148
313885,17.80518825775112
313886,28.253420433630634
313887,26.38629345029171
313888,10.42314770769902
313889,41.26154088118403
313890,130.82223201566438
313891,1069.6842486511346
313892,911.8966629172429
313893,520.9559499746665
313894,537.5637859072607
313895,269.8339805320139
313896,2219.4864506665795
313897,1835.6588334249273
313898,1094.2030047825795
313899,1092.1597978861087
313900,356.18746596129654
313901,2598.6833613559993
313902,2167.0664623526577
313903,1288.6884273904182
313904,1302.3922870368474
313905,126.30890852275803
313906,873.0157576526667
313907,724.1026178780196
313908,430.0306942771132
313909,447.45621323418186
313910,238.84865502878492
313911,1760.4218575265188
313912,1481.3130571176193
313913,855.8199753468894
313914,883.8234251774154
313915,280.2787606931627
313916,2080.6589352037986
313917,1767.0183717238806
313918,1000.0311746244672
313919,1038.0162557888527
313920,722.8109363101923
313921,705.3341164315849
313922,606.1172013756344
313923,372.9265718747553
313924,378.550948479575
313925,555.5580716578653
313926,1487.127625015516
313927,1235.015389502287
313928,709.9635560175689
313929,739.477716958664
313930,313.20546876503295
313931,1737.5705678006343
313932,1446.7125834484482
313933,841.2652633583493
313934,879.1964898927951
313935,112.32270456364398
313936,739.7811932840003
313937,625.0591239745322
313938,383.043656361383
313939,388.6680329662027
313940,188.55729411727725
313941,1518.0904989074481
313942,1257.4594156598603
313943,727.3065216064675
313944,756.8206825475627
313945,219.02843453320185
313946,1796.225725861627
313947,1484.6066622620547
313948,859.5622318098875
313949,897.4934583443332
313950,76.88996253966097
313951,525.0164012688438
313952,447.2257426872884
313953,251.61098005576108
313954,267.83341000032163
313955,132.97757475781495
313956,1052.7716761651648
313957,886.1603265023742
313958,500.20600629244524
313959,537.4705691537572
313960,160.6051575792718
313961,1258.1578678068659
313962,1055.9233482047935
313963,621.9996483048677
313964,663.9063326308524
313965,730.8937539184668
313966,16.573779686548125
313967,14.619937928622553
313968,15.286996960382142
313969,10.590186288327535
313970,5.4404842853409425
313971,17.391160589003427
313972,23.539655529959703
313973,16.591865146463906
313974,30.33031533707362
313975,5.356081280481845
313976,38.78231130908931
313977,43.65794696483535
313978,24.985165542792668
313979,47.65610127203463
313980,148.5018968780219
313981,1190.3897843580373
313982,1013.9367449850233
313983,579.2541972918453
313984,609.1809842204259
313985,321.60366056621945
313986,2440.6221918325095
313987,1994.0874698813566
313988,1191.8299943537838
313989,1206.7584288247306
313990,376.406205768362
313991,2939.767604592085
313992,2447.883278080397
313993,1411.5534288875656
313994,1442.100853547455
313995,137.47834932324494
313996,969.119013064699
313997,798.1171291317098
313998,463.29716450250856
313999,490.92503997676243
314000,284.79721640460207
314001,1925.036916131398
314002,1642.2394064613434
314003,944.3590550569872
314004,985.1779101250022
314005,302.05064375036
314006,2286.7950911039907
314007,1918.2863529302306
314008,1116.9920798867486
314009,1167.6644899346668
314010,759.524749198032
314011,565.743324683637
314012,498.17510982375705
314013,274.565899517402
314014,291.6029545278454
314015,771.904086143432
314016,1173.6063909948073
314017,991.1231924972699
314018,575.8624194892724
314019,604.6886477970191
314020,710.1398830137978
314021,1390.8818284881643
314022,1175.346257420942
314023,675.9944742707933
314024,701.598857911243
314025,93.48478532320729
314026,599.4658228872092
314027,507.98161599948367
314028,283.19380498020143
314029,300.23085999064483
314030,173.9256819465478
314031,1213.115989971926
314032,1009.1266369193501
314033,592.7474523967137
314034,621.5736807044605
314035,192.1016861477793
314036,1450.0996213093542
314037,1197.685417334809
314038,692.0352455655212
314039,717.639629205971
314040,45.22513933022742
314041,416.81817308278835
314042,358.2179585710729
314043,197.0257077922861
314044,225.1643758516904
314045,101.28212619474715
314046,891.7957613748417
314047,741.1729379002414
314048,408.8448968562474
314049,445.4454336774701
314050,128.40945811538015
314051,1045.4676901982205
314052,856.0711954945722
314053,486.4396395004681
314054,519.8183316543955
314055,721.449308396395
314056,14.25338827399178
314057,12.097353921215445
314058,-8.584364964535439
314059,0.011878785698317199
314060,263.2343750876047
314061,18.0426428664095
314062,17.526544769019118
314063,-5.016378191716787
314064,5.736984323968152
314065,65.36417142616217
314066,32.367321267161195
314067,35.851781564292175
314068,11.444311417778264
314069,24.414921896062516
314070,110.52927369402741
314071,986.5700756999357
314072,827.9437259232807
314073,471.226290227934
314074,505.8306389284388
314075,250.09998915592726
314076,1951.3846997060218
314077,1641.0582196722562
314078,977.0834495877574
314079,987.6297278874729
314080,314.2805898028781
314081,2336.530762358971
314082,1937.0250431465104
314083,1136.3875980248408
314084,1151.4847349146664
314085,103.84617801030907
314086,785.069459591537
314087,635.300256682039
314088,382.24540840968194
314089,417.9599539706805
314090,218.04206483890357
314091,1576.7029315847105
314092,1309.4620275095726
314093,773.9429912097219
314094,809.0630048634143
314095,244.64502234721743
314096,1860.3143280478537
314097,1562.9883670630047
314098,892.3729785161186
314099,932.04385075992
314100,759.4803937454516
314101,565.6989692310565
314102,494.24720505638226
314103,274.89387796537017
314104,291.88320787328973
314105,771.8597306908515
314106,1173.5620355422268
314107,987.1952877298953
314108,578.0154266504319
314109,603.2803832618491
314110,709.1407929488327
314111,1390.8374730355838
314112,1171.4183526535674
314113,678.1474814319528
314114,700.190593376073
314115,93.44042987062686
314116,599.4214674346288
314117,504.0537112321085
314118,283.5217834281696
314119,300.5111133360892
314120,173.88132649396738
314121,1213.0716345193455
314122,1005.1987321519763
314123,594.9004595578732
314124,620.1654161692904
314125,192.05733069519889
314126,1450.0552658567738
314127,1193.7575125674343
314128,694.1882527266807
314129,716.231364670801
314130,45.18078387764699
314131,416.77381763020793
314132,354.2900538036983
314133,197.3536862402543
314134,225.44462919713473
314135,101.23777074216672
314136,891.7514059222613
314137,737.2450331328669
314138,410.99790401740694
314139,444.03716914230006
314140,128.36510266279973
314141,1045.42333474564
314142,852.1432907271976
314143,488.59264666162767
314144,518.4100671192255
314145,721.449308396395
314146,14.25338827399178
314147,12.097353921215445
314148,-8.584364964535439
314149,0.011878785698317199
314150,263.2343750876047
314151,18.0426428664095
314152,17.526544769019118
314153,-5.016378191716787
314154,5.736984323968152
314155,65.36417142616217
314156,32.367321267161195
314157,35.851781564292175
314158,11.444311417778264
314159,24.414921896062516
314160,110.52927369402741
314161,986.5700756999357
314162,827.9437259232807
314163,471.226290227934
314164,505.8306389284388
314165,250.09998915592726
314166,1951.3846997060218
314167,1641.0582196722562
314168,977.0834495877574
314169,987.6297278874729
314170,314.2805898028781
314171,2336.530762358971
314172,1937.0250431465104
314173,1136.3875980248408
314174,1151.4847349146664
314175,103.84617801030907
314176,785.069459591537
314177,635.300256682039
314178,382.24540840968194
314179,417.9599539706805
314180,218.04206483890357
314181,1576.7029315847105
314182,1309.4620275095726
314183,773.9429912097219
314184,809.0630048634143
314185,244.64502234721743
314186,1860.3143280478537
314187,1562.9883670630047
314188,892.3729785161186
314189,932.04385075992
314190,760.5307126415272
314191,566.814892335653
314192,496.23030910106894
314193,274.46381791326274
314194,291.4531478211823
314195,771.3351212057006
314196,1174.6779586468235
314197,991.3739261717833
314198,577.5853665983244
314199,602.8503232097416
314200,698.1406628461913
314201,1391.9533961401805
314202,1175.5969910954555
314203,677.7174213798453
314204,699.7605333239655
314205,93.43989466426707
314206,600.5373905392253
314207,506.0368152767952
314208,283.0917233760622
314209,300.08105328398176
314210,173.88079128760762
314211,1214.1875576239422
314212,1009.3773705938643
314213,594.4703995057657
314214,619.735356117183
314215,192.0567954888391
314216,1451.1711889613705
314217,1197.9361510093224
314218,693.7581926745733
314219,715.8013046186935
314220,45.1802486712872
314221,417.88974073480443
314222,356.273157848385
314223,196.9236261881469
314224,225.01456914502734
314225,101.23723553580693
314226,892.8673290268578
314227,741.4236715747548
314228,410.5678439652995
314229,443.60710909019264
314230,128.36456745643994
314231,1046.5392578502367
314232,856.3219291690856
314233,488.16258660952025
314234,517.980007067118
314235,721.4487731900352
314236,15.369311378588325
314237,10.794448869446924
314238,-9.014425016642852
314239,-0.41818126640909675
314240,279.23055613441744
314241,19.158565971006045
314242,16.223639717250595
314243,-5.4464382438242005
314244,5.306924271860739
314245,65.36363621980239
314246,33.483244371757735
314247,34.54887651252365
314248,11.014251365670852
314249,23.984861843955102
314250,110.52873848766762
314251,987.6859988045322
314252,832.0791648231682
314253,470.79623017582657
314254,505.4005788763314
314255,250.09945394956748
314256,1952.5006228106186
314257,1645.1936585721437
314258,976.6533895356499
314259,987.1996678353654
314260,314.2800545965183
314261,2337.646685463568
314262,1941.1604820463979
314263,1135.9575379727335
314264,1151.054674862559
314265,103.84564280394929
314266,786.1853826961335
314267,636.7529971391323
314268,381.8153483575745
314269,417.52989391857307
314270,218.04152963254379
314271,1577.8188546893073
314272,1310.914767966666
314273,773.5129311576144
314274,808.6329448113069
314275,244.64448714085765
314276,1861.4302511524504
314277,1564.441107520098
314278,891.9429184640111
314279,931.6137907078125
314280,760.5307126415272
314281,566.814892335653
314282,496.23030910106894
314283,274.46381791326274
314284,290.3383395193939
314285,772.3772341793565
314286,1174.1929329985878
314287,990.8889005235476
314288,577.5853665983244
314289,601.7355149079533
314290,698.1406628461913
314291,1391.9533961401805
314292,1175.5969910954555
314293,677.7174213798453
314294,698.6457250221772
314295,93.43989466426707
314296,600.5373905392253
314297,506.0368152767952
314298,283.0917233760622
314299,298.96624498219336
314300,173.88079128760762
314301,1214.1875576239422
314302,1009.3773705938643
314303,594.4703995057657
314304,618.6205478153946
314305,192.0567954888391
314306,1451.1711889613705
314307,1197.9361510093224
314308,693.7581926745733
314309,714.6864963169052
314310,45.1802486712872
314311,417.88974073480443
314312,356.273157848385
314313,196.9236261881469
314314,223.89976084323897
314315,101.23723553580693
314316,892.8673290268578
314317,741.4236715747548
314318,410.5678439652995
314319,442.49230078840424
314320,128.36456745643994
314321,1046.5392578502367
314322,856.3219291690856
314323,488.16258660952025
314324,516.8651987653296
314325,721.4487731900352
314326,15.369311378588325
314327,10.794448869446924
314328,-9.014425016642852
314329,0.3488249918259024
314330,270.23596869438677
314331,19.158565971006045
314332,16.223639717250595
314333,-5.4464382438242005
314334,6.073930530095737
314335,65.36363621980239
314336,33.483244371757735
314337,34.54887651252365
314338,11.014251365670852
314339,24.751868102190098
314340,110.52873848766762
314341,987.6859988045322
314342,832.0791648231682
314343,470.79623017582657
314344,503.1989219592836
314345,250.09945394956748
314346,1952.5006228106186
314347,1645.1936585721437
314348,976.6533895356499
314349,984.9980109183176
314350,314.2800545965183
314351,2337.646685463568
314352,1941.1604820463979
314353,1135.9575379727335
314354,1148.853017945511
314355,103.84564280394929
314356,786.1853826961335
314357,636.7529971391323
314358,381.8153483575745
314359,415.035723165506
314360,218.04152963254379
314361,1577.8188546893073
314362,1310.914767966666
314363,773.5129311576144
314364,806.1387740582398
314365,244.64448714085765
314366,1861.4302511524504
314367,1564.441107520098
314368,891.9429184640111
314369,929.1196199547455
314370,746.8479060784358
314371,598.8117292421234
314372,519.8953051576899
314373,296.43959148465666
314374,305.24342479362235
314375,703.312366902905
314376,1221.9974285387905
314377,1017.8423900321764
314378,616.56042547258
314379,632.4079828737349
314380,610.6399919222814
314381,1444.1155251718908
314382,1204.247653324161
314383,720.6860158053406
314384,738.227081337668
314385,84.32564208247271
314386,631.0022124289986
314387,533.3635530068041
314388,304.4489851669572
314389,313.2528184759229
314390,172.26633366802378
314391,1261.0785499279468
314392,1040.6111135563797
314393,633.4454583800214
314394,649.2930157811762
314395,200.3532798318676
314396,1512.2209130940125
314397,1240.6681650290445
314398,736.7267871000686
314399,754.2678526323959
314400,47.30641266358326
314401,437.31554750067716
314402,367.73651115446074
314403,211.46927152796155
314404,231.37471788588837
314405,105.44632853143604
314406,922.3189720440887
314407,764.5794256017999
314408,444.07408890379844
314409,467.6959548184293
314410,138.1260970967389
314411,1089.5229348978683
314412,890.3492564550999
314413,522.5930737087991
314414,544.1335036259262
314415,716.6330776361987
314416,9.172835682166482
314417,3.818617694124035
314418,-7.4673738776916005
314419,-0.22309776809443713
314420,139.32151599571765
314421,10.062591623934258
314422,12.959318351922
314423,4.162749735975458
314424,18.007667207628884
314425,32.94421717879809
314426,28.29935303215867
314427,23.84052808905023
314428,9.099671442955355
314429,30.592609620959227
314430,117.52631522191068
314431,1021.8180901061212
314432,852.5330496437211
314433,490.4858026617933
314434,513.3790405854506
314435,262.0458498993018
314436,2096.843454249226
314437,1755.510691825591
314438,1031.9581574370027
314439,1026.0037537498936
314440,323.03097624744385
314441,2464.5999332266015
314442,2058.9498913080192
314443,1188.1483210921315
314444,1197.9409839479226
314445,113.036495361995
314446,828.2839587830005
314447,668.6839259381808
314448,403.8303465008684
314449,427.54126744899935
314450,229.14283992157826
314451,1676.2986010368436
314452,1371.8570274610252
314453,826.0421422084145
314454,850.1343952483018
314455,265.7247290250833
314456,1965.269423068356
314457,1643.3395982207423
314458,952.4782250535504
314459,986.5521094272979
314460,753.2474085114312
314461,626.8816445706152
314462,535.6091999872853
314463,321.7941690894299
314464,317.09791410899146
314465,716.8005068715389
314466,1311.233886375371
314467,1099.0423788841017
314468,657.9902540193565
314469,668.4695295926496
314470,463.2386688079147
314471,1550.366655420273
314472,1307.2112589304606
314473,763.3272431265018
314474,780.9391194608637
314475,88.9134699768005
314476,662.2049999529861
314477,552.8458352886233
314478,331.7144599494077
314479,327.01820496896926
314480,178.53454184660964
314481,1351.3288203548966
314482,1123.6685926828516
314483,674.8752869267978
314484,685.3545625000909
314485,208.4058979465787
314486,1625.3924408234918
314487,1347.2875253852437
314488,781.1662788965826
314489,798.7781552309445
314490,55.8422154047551
314491,459.31121813104227
314492,389.1118661321584
314493,230.0295362200121
314494,236.43489428853485
314495,120.2709208421466
314496,967.7676433455731
314497,810.9486041789513
314498,465.58595199383
314499,483.839536080599
314500,150.40436028774886
314501,1132.1314430847854
314502,934.5188958448819
314503,544.8883598848574
314504,566.4996006040191
314505,708.355528473771
314506,13.626503614125506
314507,7.016583415761385
314508,6.841775871129566
314509,9.734024075938168
314510,113.54536194691832
314511,9.481094836247705
314512,13.298328839902439
314513,9.703318448942426
314514,27.32801447734943
314515,19.71991494807179
314516,27.45081616233749
314517,25.58368917899856
314518,13.965183664584501
314519,39.23790039934199
314520,129.51092996729167
314521,1052.9072601603038
314522,910.5853608688705
314523,521.9244958343139
314524,528.9937085285267
314525,268.52267848364136
314526,2202.7094621757487
314527,1834.3475313765543
314528,1097.2363429623852
314529,1083.5897205073745
314530,354.87616391292397
314531,2581.9063728651686
314532,2165.7551603042853
314533,1291.7217655702239
314534,1293.8222096581133
314535,124.99760647438536
314536,871.7044556042943
314537,722.7913158296471
314538,430.9992401367606
314539,438.88613585544783
314540,237.53735298041224
314541,1759.110555478146
314542,1480.0017550692464
314543,858.8533135266955
314544,875.2533477986814
314545,278.96745864479016
314546,2079.347633155426
314547,1765.7070696755077
314548,1003.0645128042734
314549,1029.446178410118
314550,723.0564451069895
314551,705.1325941943276
314552,602.0321298235831
314553,375.3772314460664
314554,374.3621319218313
314555,554.8324751418168
314556,1486.926102778258
314557,1230.9303179502347
314558,716.3040366222302
314559,733.6003825203062
314560,314.2252266343752
314561,1737.3690455633762
314562,1442.6275118963958
314563,847.6057439630107
314564,873.3191554544372
314565,112.1211823263863
314566,739.5796710467431
314567,620.9740524224809
314568,385.49431593269406
314569,384.47921640845897
314570,188.35577188001963
314571,1517.88897667019
314572,1253.374344107808
314573,733.6470022111289
314574,750.9433481092049
314575,218.82691229594423
314576,1796.024203624369
314577,1480.5215907100023
314578,865.9027124145489
314579,891.6161239059754
314580,76.68844030240332
314581,524.8148790315865
314582,443.1406711352367
314583,254.06163962707217
314584,263.6445934425779
314585,132.77605252055733
314586,1052.5701539279066
314587,882.0752549503229
314588,506.5464868971063
314589,531.5932347153994
314590,160.40363534201418
314591,1257.9563455696077
314592,1051.8382766527411
314593,628.3401289095291
314594,658.0289981924946
314595,732.8084806087877
314596,15.77117541525498
314597,13.817333657329415
314598,16.764240597108948
314599,8.566545806485482
314600,23.601779992151844
314601,16.58855631771028
314602,22.737051258666554
314603,20.13390110334938
314604,28.30667485523157
314605,7.270807970802526
314606,37.97970703779617
314607,42.8553426935422
314608,28.527201499678135
314609,45.632460790192596
314610,147.1905948296492
314611,1173.6127958672066
314612,1012.6254429366503
314613,580.2227431514928
314614,600.6109068416919
314615,320.2923585178469
314616,2423.845203341679
314617,1986.7112431408725
314618,1194.8633325335895
314619,1198.1883514459964
314620,375.0949037199894
314621,2922.990616101254
314622,2440.5070513399132
314623,1414.5867670673713
314624,1433.5307761687209
314625,136.16704727487223
314626,967.8077110163265
314627,796.8058270833374
314628,464.26571036215597
314629,482.3549625980284
314630,283.4859143562295
314631,1923.725614083025
314632,1637.6307600620617
314633,947.3923932367934
314634,976.6078327462682
314635,300.7393417019874
314636,2285.483789055618
314637,1913.6777065309489
314638,1120.0254180665543
314639,1159.0944125559326
314640,757.7783463012786
314641,563.5498907528292
314642,485.0482307318819
314643,279.7612351478165
314644,281.1447652737556
314645,769.2018664372308
314646,1171.4282455673963
314647,978.0116019087924
314648,584.9628646564349
314649,592.5572291657131
314650,700.0328560985475
314651,1388.4292784770914
314652,1161.9602622488019
314653,684.8205148542938
314654,689.193034696275
314655,91.29135139239911
314656,597.2723889564014
314657,494.8547369076078
314658,288.3891406106159
314659,289.772670736555
314660,171.74753651913733
314661,1210.937844544515
314662,996.0150463308732
314663,601.8478975638762
314664,609.4422620731544
314665,189.64913613670686
314666,1447.6470712982814
314667,1184.2994221626689
314668,700.8612861490218
314669,705.233805991003
314670,43.031705399419266
314671,414.62473915198035
314672,345.0910794791977
314673,202.22104342270046
314674,214.70618659760052
314675,99.10398076733668
314676,889.6176159474317
314677,728.0613473117643
314678,417.94534202340964
314679,433.31401504616366
314680,125.9569081043077
314681,1043.0151401871476
314682,842.685200322433
314683,495.2656800839684
314684,507.41250843942663
314685,724.2736410842788
314686,14.002698165106453
314687,4.796767966057082
314688,-3.117035248933797
314689,-5.153909812695008
314690,315.4281388319316
314691,17.000281647451086
314692,9.434287703787668
314693,3.0224885701573623
314694,1.0779404516886821
314695,80.52246632429966
314696,31.0505554645408
314697,27.485119915398744
314698,19.208773595990447
314699,19.481473440121093
314700,109.13317393975483
314701,972.6319029625898
314702,822.4213437821194
314703,476.9440508382201
314704,490.10483645716107
314705,247.5035568925512
314706,1933.3225810001873
314707,1631.4118915626063
314708,983.5682453052141
314709,970.6061682032067
314710,310.7378736791141
314711,2317.5223597927493
314712,1926.4324311764726
314713,1141.9261098819086
314714,1133.5148913700116
314715,102.45007825603649
314716,782.507032658139
314717,625.6879339023681
314718,386.6994171369577
314719,400.6778857803731
314720,215.4456325755272
314721,1574.1064993213338
314722,1299.8156993999228
314723,780.4277869271785
314724,791.7469313431292
314725,241.10230622345327
314726,1856.771611924089
314727,1552.395755092967
314728,897.9114903731872
314729,913.7814933792469
314730,758.4015316258453
314731,564.173076077396
314732,485.6714160564487
314733,280.3844204723833
314734,281.7679505983224
314735,769.8250517617976
314736,1172.051430891963
314737,978.6347872333591
314738,585.5860499810017
314739,593.1804144902799
314740,708.5770638215075
314741,1389.0524638016582
314742,1162.5834475733686
314743,685.4437001788606
314744,689.8162200208418
314745,91.91453671696588
314746,597.8955742809682
314747,495.4779222321746
314748,289.01232593518273
314749,290.39585606112183
314750,172.37072184370413
314751,1211.5610298690817
314752,996.63823165544
314753,602.471082888443
314754,610.0654473977212
314755,190.27232146127366
314756,1448.2702566228481
314757,1184.9226074872356
314758,701.4844714735885
314759,705.8569913155698
314760,43.65489072398604
314761,415.24792447654715
314762,345.7142648037645
314763,202.84422874726724
314764,215.3293719221673
314765,99.72716609190346
314766,890.2408012719984
314767,728.684532636331
314768,418.56852734797644
314769,433.93720037073047
314770,126.58009342887449
314771,1043.6383255117144
314772,843.3083856469998
314773,495.8888654085352
314774,508.03569376399344
314775,715.8403422688608
314776,13.883632693803113
314777,4.677702494753744
314778,-3.236100720237135
314779,-5.272975283998346
314780,306.99484001651365
314781,16.881216176147746
314782,9.315222232484329
314783,2.9034230988540237
314784,0.9588749803853441
314785,72.08916750888169
314786,30.931489993237463
314787,27.3660544440954
314788,19.089708124687107
314789,19.362407968817752
314790,110.0594817357898
314791,973.5582107586248
314792,823.3476515781543
314793,477.87035863425507
314794,491.03114425319603
314795,248.42986468858615
314796,1934.2488887962222
314797,1632.3381993586413
314798,984.494553101249
314799,971.5324759992417
314800,311.66418147514906
314801,2318.4486675887842
314802,1927.3587389725076
314803,1142.8524176779435
314804,1134.4411991660465
314805,103.37638605207147
314806,783.433340454174
314807,626.614241698403
314808,387.6257249329927
314809,401.6041935764081
314810,216.3719403715622
314811,1575.0328071173687
314812,1300.7420071959577
314813,781.3540947232135
314814,792.6732391391641
314815,242.02861401948826
314816,1857.697919720124
314817,1553.322062889002
314818,898.8377981692222
314819,914.7078011752818
314820,759.6833987106785
314821,565.9675784048043
314822,488.33309932394735
314823,279.8343661347715
314824,281.21789626071063
314825,770.5030957782496
314826,1173.8459332193715
314827,983.492004898059
314828,585.0359956433898
314829,592.630360152668
314830,697.0342328350782
314831,1390.8469661290667
314832,1167.4406652380685
314833,684.8936458412487
314834,689.2661656832299
314835,93.5872154710408
314836,600.6847113459994
314837,499.13424023729596
314838,289.4569063351937
314839,290.8404364611328
314840,174.04340059777908
314841,1214.350166934113
314842,1002.4900840577627
314843,602.915663288454
314844,610.5100277977322
314845,191.9450002153486
314846,1451.0593936878795
314847,1190.7744598895583
314848,701.9290518735995
314849,706.3015717155807
314850,45.327569478060965
314851,418.03706154157834
314852,349.37058280888584
314853,203.28880914727827
314854,215.77395232217833
314855,101.39984484597838
314856,893.0299383370296
314857,734.5363850386537
314858,419.0131077479874
314859,434.38178077074144
314860,128.25277218294943
314861,1046.4274625767457
314862,849.1602380493225
314863,496.3334458085462
314864,508.4802741640044
314865,717.5130210229357
314866,16.672769758834363
314867,5.048011403419934
314868,-2.7915203202261414
314869,-4.828394883987352
314870,309.6757325661385
314871,20.678567036728975
314872,10.693744936700496
314873,4.356217294414993
314874,2.411669175946315
314875,73.76184626295661
314876,33.72062705826872
314877,27.736363352761586
314878,19.5342885246981
314879,19.806988368828744
314880,111.73216048986473
314881,976.347347823656
314882,829.1563044384766
314883,478.31493903426605
314884,491.475724653207
314885,251.11075723821108
314886,1938.0462396568034
314887,1639.1550660145133
314888,985.94734729681
314889,972.9852701948026
314890,313.33686022922393
314891,2321.237804653815
314892,1933.1673918328297
314893,1143.2969980779546
314894,1134.8857795660576
314895,105.04906480614639
314896,786.2224775192052
314897,629.740196115931
314898,388.07030533300366
314899,402.04877397641906
314900,219.05283292118713
314901,1578.83015797795
314902,1304.8761754090356
314903,782.8068889187745
314904,794.1260333347251
314905,243.7012927735632
314906,1860.4870567851553
314907,1556.44801730653
314908,899.2823785692332
314909,915.1523815752928
314910,764.7164145260555
314911,570.8929121584738
314912,502.3024775040821
314913,304.63596438228075
314914,263.27433120506106
314915,775.3594016940152
314916,1183.5322299661098
314917,1004.8929731947655
314918,610.6663926457583
314919,571.3059573733962
314920,712.2509334676397
314921,1397.854476761689
314922,1186.1628474206595
314923,711.3172250304979
314924,668.9807146148072
314925,92.58173421220454
314926,602.5694317088693
314927,510.06300502663186
314928,311.21789119190356
314929,269.85625801468393
314930,174.32691403101433
314931,1217.5238819890556
314932,1017.3784706626724
314933,625.5054469000229
314934,586.1450116276608
314935,193.0216958354647
314936,1455.0262909297023
314937,1206.4560286813498
314938,725.3120176720491
314939,682.9755072563585
314940,44.88929417459789
314941,420.4889878598215
314942,360.8665535535943
314943,225.6576731429175
314944,198.11496137888622
314945,102.25056423458685
314946,896.7708593473442
314947,749.9919775989367
314948,440.7328665262072
314949,413.8216052197868
314950,129.8966737584387
314951,1050.9615657739416
314952,865.4090127964863
314953,518.8463867736481
314954,488.9590503238977
314955,723.9935787894842
314956,17.306900340880453
314957,10.842637097137095
314958,13.355578954503027
314959,-2.6157687422581515
314960,181.87757296387016
314961,21.09615493329818
314962,12.845390283011987
314963,12.816525845825682
314964,-8.564638507081598
314965,59.86732195567523
314966,35.47358196452196
314967,31.223375708757153
314968,29.32996408579282
314969,10.411817219453246
314970,109.00314553197136
314971,995.3576895464314
314972,829.4686044164852
314973,514.7114663100535
314974,472.75366506540826
314975,248.5738609938714
314976,1960.1723135525172
314977,1636.2405893716616
314978,1022.1510555697301
314979,952.5723999832757
314980,312.8072102712943
314981,2345.371124835939
314982,1937.5947253762322
314983,1194.4747211035676
314984,1110.310584135979
314985,102.54996081128783
314986,787.6820678630988
314987,636.3602815714956
314988,425.96049545483515
314989,385.11289107068535
314990,216.74584763988244
314991,1579.3155398562724
314992,1313.6672024862028
314993,819.2405081547294
314994,774.2355879222514
314995,243.40155377866844
314996,1862.9796849498875
314997,1567.2462906701069
314998,950.6900125578798
314999,891.0996109442668
315000,753.2915701981618
315001,605.147711300142
315002,528.2254357959005
315003,325.34424755880707
315004,293.70946165263484
315005,707.2482134572922
315006,1232.2904045460418
315007,1032.8001417431235
315008,648.6374002609209
315009,611.089879743575
315010,627.0082247789281
315011,1452.2745680285982
315012,1217.071471884564
315013,764.672714210563
315014,705.0019722464217
315015,85.72544386560841
315016,635.2922158338404
315017,539.6477049918379
315018,331.30766258793096
315019,299.6728766817587
315020,173.6661354511595
315021,1265.3685533327896
315022,1049.565892664918
315023,663.4764545151855
315024,625.9289339978396
315025,203.57614241369149
315026,1520.5105744392665
315027,1253.622602077994
315028,778.6675068521142
315029,718.996764887973
315030,49.27342040209213
315031,442.1727568608923
315032,374.58786909486815
315033,238.93582808786496
315034,221.119963594881
315035,107.41333626994492
315036,927.1761814043036
315037,774.1014106657103
315038,473.23506020561337
315039,448.13671365420885
315040,141.91616563393595
315041,1096.203205056772
315042,901.6943023176983
315043,563.6637686274954
315044,516.4422006292958
315045,717.177562897096
315046,11.827435267521166
315047,4.583816544876767
315048,6.77839650306568
315049,4.571472090992937
315050,67.07707199704508
315051,12.717191209288941
315052,10.298079540745952
315053,19.414606986684742
315054,6.013954190144226
315055,33.5414510701679
315056,31.00670124798547
315057,21.232037908346317
315058,34.49094014233023
315059,14.126893398400618
315060,115.32150194149862
315061,1028.8105605233043
315062,849.2432689123217
315063,534.430517742382
315064,496.0043409897555
315065,259.8410366188897
315066,2103.8359246664086
315067,1745.8784023003934
315068,1077.4021225016486
315069,1001.5343925395529
315070,320.87891159750376
315071,2471.6451522742564
315072,2054.704914313138
315073,1256.6984660717242
315074,1162.5842785035784
315075,111.06159304461755
315076,829.1014236252494
315077,667.6119900458277
315078,447.3079577562371
315079,410.39647881634016
315080,227.16793760420094
315081,1677.1160658790932
315082,1373.9302416558464
315083,871.0190034478402
315084,825.894945000996
315085,263.80257533817803
315086,1966.1396365410776
315087,1645.4655610460356
315088,1020.5612662079232
315089,951.4253149459873
315090,758.2899748681201
315091,632.9988959031962
315092,543.7205999000582
315093,338.82910742378135
315094,310.3433363951352
315095,718.2437734046015
315096,1321.3081316571845
315097,1113.7813998696108
315098,686.1633011911266
315099,647.75172241036
315100,469.3300468907463
315101,1558.3069675515426
315102,1319.8163467654258
315103,803.4100139151534
315104,748.3143063174878
315105,88.91217399689901
315106,666.2762726323903
315107,558.9112565482196
315108,346.7034196305825
315109,318.21764860193645
315110,178.53324586670823
315111,1355.4000930343016
315112,1132.404641065952
315113,701.0023554453912
315114,662.5907766646246
315115,210.2276627653654
315116,1633.463371443308
315117,1360.0232317087555
315118,819.2030710320576
315119,764.1073634343919
315120,56.408125380226764
315121,463.94969676581974
315122,395.7444933471281
315123,245.62637504011664
315124,230.95952542465872
315125,120.83683081761838
315126,972.4061219803505
315127,820.2518585174241
315128,490.8429956790742
315129,464.88059086424886
315130,152.79333106190873
315131,1138.5929825182513
315132,945.6452109820427
315133,582.0551271869832
315134,539.408593555259
315135,707.4989159716312
315136,16.062372474042487
315137,7.563051541076429
315138,9.217828512087854
315139,6.781771835339769
315140,93.12115346771232
315141,11.916963696164693
315142,10.4183593032887
315143,21.051248083081028
315144,-2.168582839094734
315145,18.916051076404436
315146,29.939433652726617
315147,22.75646827285695
315148,35.452524747388686
315149,5.269299877823829
315150,125.90501892384242
315151,1075.146686294507
315152,907.0768494120334
315153,553.9994931751027
315154,518.7223313000032
315155,264.916767440192
315156,2224.9488883099516
315157,1824.496511125919
315158,1138.77638041046
315159,1064.6695082267413
315160,351.3230014999467
315161,2604.1985476298437
315162,2161.291452583966
315163,1356.3679829332455
315164,1264.0146531434755
315165,121.62160639397095
315166,872.3031897211056
315167,721.5006492118565
315168,462.60713365233033
315169,428.84466958995955
315170,234.16135289999784
315171,1759.7092895949577
315172,1481.85623853863
315173,899.9262471495507
315174,856.5630464810824
315175,275.6442071948477
315176,2079.9991159027095
315177,1767.6143017753632
315178,1067.243626342075
315179,999.8685328585157
315180,734.0661765501487
315181,711.2498455269085
315182,610.1435297363561
315183,394.57414363102845
315184,365.3766059838492
315185,554.8464344354098
315186,1497.0003480600715
315187,1245.6693389357438
315188,747.0313479785199
315189,706.2312474130295
315190,318.88729747773726
315191,1745.3093576946458
315192,1455.232599731361
315193,894.4313914261703
315194,834.0430143860741
315195,112.119886346485
315196,743.6509437261473
315197,627.0394736820772
315198,402.6452494644795
315199,373.4477118173003
315200,188.35447590011822
315201,1521.960249349595
315202,1262.1103924909085
315203,759.5255166815989
315204,721.5282343487514
315205,220.64867711473093
315206,1804.0951342441851
315207,1493.257297033514
315208,907.8795629918889
315209,850.2940041844356
315210,77.25435027787502
315211,529.4533576663639
315212,449.7732983502064
315213,271.8204522977869
315214,253.49111979437694
315215,133.34196249602908
315216,1057.2086325626847
315217,891.3785092887957
315218,531.5549765342288
315219,503.05615189790217
315220,162.79260611617406
315221,1264.4178850030737
315222,1062.9645917899027
315223,669.4469546535198
315224,621.3598535425891
315225,729.7549233943231
315226,18.207044275171977
315227,14.36380178264445
315228,16.31320970590544
315229,13.071426271899133
315230,7.8711927425812656
315231,19.02442517762728
315232,19.85708172205282
315233,25.417727504229727
315234,3.344724693610419
315235,4.269999386810327
315236,40.46832452818526
315237,40.02812178740057
315238,45.28229570851875
315239,16.198507423497457
315240,143.58468378619997
315241,1195.8522220014097
315242,1009.1169314798143
315243,617.7470369777493
315244,577.6184393510891
315245,316.68644747439754
315246,2446.0846294758817
315247,1979.2502588621473
315248,1248.7573822473446
315249,1156.4646877248451
315250,371.54174130701216
315251,2945.282790865929
315252,2433.09881569166
315253,1496.9645620496706
315254,1380.919768213565
315255,132.79104719445778
315256,968.4064451331378
315257,795.5151604655467
315258,498.9815238337183
315259,460.3676240197866
315260,280.10991427581496
315261,1924.3243481998368
315262,1636.5407156035112
315263,991.7628331995172
315264,939.9261808575928
315265,297.41609025204497
315266,2286.1352718029016
315267,1912.6404107028704
315268,1192.8796032978228
315269,1111.5254164332537
315270,763.4977065356372
315271,571.0206836471906
315272,501.563068052709
315273,307.75933057060547
315274,263.7313004260735
315275,779.4807835676705
315276,1182.3557182593572
315277,1000.6537461507218
315278,612.4854756386138
315279,570.4586433989394
315280,715.9359011500907
315281,1397.982248250406
315282,1183.227903572085
315283,714.4405912188226
315284,669.4376838358197
315285,91.96684929016733
315286,602.6972031975862
315287,509.32359557525865
315288,314.3412573802283
315289,270.3132272356964
315290,171.25064631891274
315291,1216.347370282303
315292,1013.1392436186286
315293,627.3245298928784
315294,585.2976976532041
315295,192.40681091342753
315296,1455.1540624184192
315297,1203.5210848327754
315298,728.4353838603739
315299,683.432476477371
315300,44.27440925256071
315301,420.6167593485385
315302,360.1271441022211
315303,228.78103933124214
315304,198.5719305998986
315305,99.17429652248521
315306,895.5943476405919
315307,745.7527505548929
315308,442.5519495190627
315309,412.97429124533005
315310,129.28178883640155
315311,1051.0893372626585
315312,862.4740689479117
315313,521.9697529619729
315314,489.41601954491017
315315,717.0283937657275
315316,16.24289817746318
315317,12.19746309008489
315318,15.287171490693526
315319,-3.3505731733799062
315320,192.6645966512132
315321,20.032152769880906
315322,14.200216275959782
315323,14.748118382016177
315324,-9.299442938203349
315325,52.90213693191854
315326,34.40957980110471
315327,32.578201701704955
315328,31.26155662198332
315329,9.677012788331488
315330,108.8412059037243
315331,995.9384063289384
315332,827.0298054037012
315333,518.2877777921684
315334,473.6635795802108
315335,247.25482177102907
315336,1960.7530303350243
315337,1633.801790358878
315338,1025.727367051845
315339,953.4823144980783
315340,312.6452706430472
315341,2345.951841618445
315342,1935.1559263634485
315343,1198.0510325856826
315344,1111.2204986507818
315345,102.15811022000597
315346,788.0328736825711
315347,636.3742700384712
315348,429.3068959739152
315349,385.7928946224531
315350,215.19689745400535
315351,1579.6663456757447
315352,1313.6811909531784
315353,822.5869086738095
315354,774.9155914740193
315355,243.00970318738652
315356,1863.3304907693598
315357,1567.2602791370825
315358,954.0364130769599
315359,891.7796144960347
315360,763.4977065356372
315361,571.0206836471906
315362,501.563068052709
315363,307.75933057060547
315364,263.7313004260735
315365,779.4807835676705
315366,1182.3557182593572
315367,1000.6537461507218
315368,612.4854756386138
315369,570.4586433989394
315370,723.8569235484839
315371,1397.982248250406
315372,1183.227903572085
315373,714.4405912188226
315374,669.4376838358197
315375,91.96684929016733
315376,602.6972031975862
315377,509.32359557525865
315378,314.3412573802283
315379,270.3132272356964
315380,171.25064631891274
315381,1216.347370282303
315382,1013.1392436186286
315383,627.3245298928784
315384,585.2976976532041
315385,192.40681091342753
315386,1455.1540624184192
315387,1203.5210848327754
315388,728.4353838603739
315389,683.432476477371
315390,44.27440925256071
315391,420.6167593485385
315392,360.1271441022211
315393,228.78103933124214
315394,198.5719305998986
315395,99.17429652248521
315396,895.5943476405919
315397,745.7527505548929
315398,442.5519495190627
315399,412.97429124533005
315400,129.28178883640155
315401,1051.0893372626585
315402,862.4740689479117
315403,521.9697529619729
315404,489.41601954491017
315405,717.0283937657275
315406,16.24289817746318
315407,12.19746309008489
315408,15.287171490693526
315409,-3.3505731733799062
315410,174.72642299509639
315411,20.032152769880906
315412,14.200216275959782
315413,14.748118382016177
315414,-9.299442938203349
315415,52.90213693191854
315416,34.40957980110471
315417,32.578201701704955
315418,31.26155662198332
315419,9.677012788331488
315420,108.8412059037243
315421,995.9384063289384
315422,827.0298054037012
315423,518.2877777921684
315424,473.6635795802108
315425,247.25482177102907
315426,1960.7530303350243
315427,1633.801790358878
315428,1025.727367051845
315429,953.4823144980783
315430,312.6452706430472
315431,2345.951841618445
315432,1935.1559263634485
315433,1198.0510325856826
315434,1111.2204986507818
315435,102.15811022000597
315436,788.0328736825711
315437,636.3742700384712
315438,429.3068959739152
315439,385.7928946224531
315440,215.19689745400535
315441,1579.6663456757447
315442,1313.6811909531784
315443,822.5869086738095
315444,774.9155914740193
315445,243.00970318738652
315446,1863.3304907693598
315447,1567.2602791370825
315448,954.0364130769599
315449,891.7796144960347
315450,765.350347110274
315451,572.590728491869
315452,504.00029383747744
315453,307.78339225857985
315454,263.7553621140479
315455,778.2779903943377
315456,1183.9257631040357
315457,1005.2865063326915
315458,612.5095373265881
315459,570.4827050869137
315460,712.8848660518582
315461,1399.5522930950845
315462,1187.860663754055
315463,714.4646529067969
315464,669.461745523794
315465,93.21566679642306
315466,604.2672480422644
315467,511.76082136002714
315468,314.36531906820267
315469,270.33728892367077
315470,173.65656341976364
315471,1217.9174151269815
315472,1017.7720038005983
315473,627.3485915808527
315474,585.3217593411783
315475,193.65562841968324
315476,1456.7241072630977
315477,1208.1538450147452
315478,728.4594455483482
315479,683.4565381653453
315480,45.523226758816435
315481,422.1868041932168
315482,362.5643698869896
315483,228.80510101921652
315484,198.59599228787297
315485,101.58021362333614
315486,897.1643924852701
315487,750.3855107368627
315488,442.5760112070371
315489,412.99835293330443
315490,130.53060634265725
315491,1052.659382107337
315492,867.1068291298815
315493,521.9938146499471
315494,489.44008123288455
315495,718.2772112719832
315496,17.812943022141486
315497,11.348679778398129
315498,15.311233178667873
315499,-3.326511485405561
315500,177.13234009594728
315501,21.602197614559213
315502,13.351432964273021
315503,14.772180069990524
315504,-9.275381250229005
315505,54.15095443817426
315506,35.979624645783005
315507,31.729418390018186
315508,31.285618309957663
315509,9.701074476305836
315510,110.09002340998002
315511,997.5084511736167
315512,831.6193660436704
315513,518.3118394801427
315514,473.6876412681852
315515,249.66073887188003
315516,1962.3230751797028
315517,1638.3913509988472
315518,1025.7514287398194
315519,953.5063761860525
315520,313.894088149303
315521,2347.521886463124
315522,1939.7454870034178
315523,1198.075094273657
315524,1111.2445603387562
315525,103.4069277262617
315526,789.6029185272494
315527,638.2811322356462
315528,429.33095766188956
315529,385.8169563104275
315530,217.60281455485625
315531,1581.2363905204231
315532,1315.5880531503535
315533,822.6109703617838
315534,774.9396531619935
315535,244.25852069364223
315536,1864.9005356140383
315537,1569.1671413342576
315538,954.0604747649342
315539,891.803676184009
315540,765.350347110274
315541,572.590728491869
315542,504.00029383747744
315543,307.78339225857985
315544,263.7553621140479
315545,774.6890510827645
315546,1183.9257631040357
315547,1005.2865063326915
315548,612.5095373265881
315549,568.4277219925748
315550,712.8848660518582
315551,1399.5522930950845
315552,1187.860663754055
315553,714.4646529067969
315554,667.4067624294551
315555,93.21566679642306
315556,604.2672480422644
315557,511.76082136002714
315558,314.36531906820267
315559,270.33728892367077
315560,173.65656341976364
315561,1217.9174151269815
315562,1017.7720038005983
315563,627.3485915808527
315564,583.2667762468394
315565,193.65562841968324
315566,1456.7241072630977
315567,1208.1538450147452
315568,728.4594455483482
315569,681.4015550710063
315570,45.523226758816435
315571,422.1868041932168
315572,362.5643698869896
315573,228.80510101921652
315574,198.59599228787297
315575,101.58021362333614
315576,897.1643924852701
315577,750.3855107368627
315578,442.5760112070371
315579,410.94336983896545
315580,130.53060634265725
315581,1052.659382107337
315582,867.1068291298815
315583,521.9938146499471
315584,487.3850981385456
315585,718.2772112719832
315586,17.812943022141486
315587,11.348679778398129
315588,15.311233178667873
315589,-3.326511485405561
315590,168.13775265591661
315591,21.602197614559213
315592,13.351432964273021
315593,14.772180069990524
315594,-11.330364344567988
315595,54.15095443817426
315596,35.979624645783005
315597,31.729418390018186
315598,31.285618309957663
315599,7.646091381966842
315600,110.09002340998002
315601,997.5084511736167
315602,831.6193660436704
315603,518.3118394801427
315604,473.6876412681852
315605,249.66073887188003
315606,1962.3230751797028
315607,1638.3913509988472
315608,1025.7514287398194
315609,951.4513930917136
315610,313.894088149303
315611,2347.521886463124
315612,1939.7454870034178
315613,1198.075094273657
315614,1109.1895772444173
315615,103.4069277262617
315616,789.6029185272494
315617,638.2811322356462
315618,429.33095766188956
315619,385.8169563104275
315620,217.60281455485625
315621,1581.2363905204231
315622,1315.5880531503535
315623,822.6109703617838
315624,772.8846700676546
315625,244.25852069364223
315626,1864.9005356140383
315627,1569.1671413342576
315628,954.0604747649342
315629,889.74869308967
315630,752.505936634579
315631,605.4259614857357
315632,528.5036859814943
315633,327.0721092873047
315634,292.77092641382023
315635,706.4625798937094
315636,1232.5686547316354
315637,1033.078391928717
315638,650.3652619894186
315639,608.0963614104215
315640,626.2225912153453
315641,1452.5528182141918
315642,1217.3497220701577
315643,766.4005759390607
315644,702.0084539132682
315645,84.93981030202552
315646,635.5704660194342
315647,539.9259551774318
315648,333.0355243164286
315649,298.73434144294407
315650,172.8805018875766
315651,1265.6468035183832
315652,1049.8441428505116
315653,665.2043162436833
315654,622.9354156646862
315655,202.79050885010855
315656,1520.7888246248601
315657,1253.9008522635877
315658,780.395368580612
315659,716.0032465548195
315660,48.48778683850923
315661,442.45100704648615
315662,374.866119280462
315663,240.6636898163625
315664,220.18142835606628
315665,106.62770270636203
315666,927.4544315898975
315667,774.3796608513042
315668,474.962921934111
315669,445.14319532105526
315670,141.130532070353
315671,1096.4814552423657
315672,901.9725525032921
315673,565.3916303559931
315674,513.4486822961424
315675,711.4978600250381
315676,12.105685453114928
315677,4.8620667304705325
315678,8.506258231563251
315679,3.6329368521782626
315680,55.86992775312733
315681,12.995441394882707
315682,10.576329726339718
315683,21.142468715182307
315684,3.020435856990562
315685,27.861748198109925
315686,31.284951433579238
315687,21.51028809394008
315688,36.21880187082782
315689,11.133375065246957
315690,118.08551604869803
315691,1032.6384583796805
315692,853.0711667686979
315693,539.7080271416621
315694,498.61545342172326
315695,262.6050507260892
315696,2107.6638225227844
315697,1749.7063001567697
315698,1086.781275156621
315699,1002.0905218771818
315700,323.64292570470326
315701,2475.473050130632
315702,2058.532812169514
315703,1261.9759754710042
315704,1163.1404078412072
315705,113.59569618878226
315706,832.6994105185909
315707,671.2099769391692
315708,452.3555561924823
315709,412.7776802852731
315710,229.7020407483656
315711,1680.7140527724346
315712,1377.5282285491878
315713,880.1682451397779
315714,826.2211633755902
315715,266.33667848234273
315716,1969.737623434419
315717,1649.063547939377
315718,1025.608864644168
315719,951.7515333205815
315720,758.3015320193579
315721,634.0743368036104
315722,544.7960408004726
315723,340.8097096821685
315724,308.5994785869101
315725,718.2553305558392
315726,1322.3835725575989
315727,1114.8568407700252
315728,688.1439034495137
315729,640.1399630119336
315730,469.3416040419841
315731,1559.382408451957
315732,1320.8917876658402
315733,805.3906161735405
315734,740.7025469190613
315735,88.92373114813678
315736,667.3517135328046
315737,559.986697448634
315738,348.68402188896965
315739,316.4737907937113
315740,178.54480301794598
315741,1356.475533934716
315742,1133.4800819663665
315743,702.9829577037783
315744,654.9790172661982
315745,210.23921991660316
315746,1634.5388123437224
315747,1361.0986726091699
315748,821.1836732904446
315749,756.4956040359655
315750,56.41968253146456
315751,465.02513766623423
315752,396.8199342475426
315753,247.6069772985036
315754,229.21566761643356
315755,120.84838796885616
315756,973.4815628807648
315757,821.3272994178385
315758,492.82359793746133
315759,457.2688314658224
315760,152.80488821314648
315761,1139.6684234186657
315762,946.7206518824571
315763,584.0357294453703
315764,531.7968341568326
315765,702.6164038143938
315766,17.13781337445691
315767,8.638492441490863
315768,11.198430770474925
315769,5.0379140271145975
315770,93.92238416716553
315771,12.992404596579128
315772,11.493800203703138
315773,23.031850341468097
315774,-3.985064114776259
315775,14.033538919167146
315776,31.014874553141055
315777,23.83190917327138
315778,37.433127005775766
315779,3.4528186021423086
315780,129.46622374586252
315781,1079.771774865704
315782,911.7019379832302
315783,559.5297431042721
315784,520.5281211625604
315785,268.4779722622122
315786,2229.573976881148
315787,1829.121599697116
315788,1148.408273595322
315789,1058.771154515836
315790,354.8842063219669
315791,2608.8236362010402
315792,2165.9165411551626
315793,1361.8982328624152
315794,1258.1162994325703
315795,124.95290025295627
315796,876.6983673292676
315797,725.8958268200186
315798,467.907472618465
315799,430.420548489482
315800,237.49264675898314
315801,1764.1044672031198
315802,1486.251416146792
315803,909.3282293713778
315804,850.4347818071425
315805,278.97550105383306
315806,2084.394293510871
315807,1772.0094793835253
315808,1072.5439653082099
315809,993.7402681845757
315810,724.2888422729641
315811,709.5645529434358
315812,608.4582371528834
315813,396.9716291245552
315814,357.9053358899212
315815,552.4655724841651
315816,1495.315055476599
315817,1243.9840463522712
315818,749.4288334720464
315819,692.8920757289001
315820,315.75862121695974
315821,1742.8762508016403
315822,1452.7994928383555
315823,896.0810626101637
315824,819.9560283924117
315825,112.371053487109
315826,744.0116297958513
315827,627.4001597517812
315828,407.08871361118287
315829,368.02242037654895
315830,188.60564304074225
315831,1522.320935419299
315832,1262.4710785606126
315833,763.9689808283022
315834,710.2350413177987
315835,220.1520299458219
315836,1803.7080060043563
315837,1492.8701687936853
315838,911.575212829059
315839,838.2529968439499
315840,77.50551741849907
315841,529.8140437360679
315842,450.1339844199106
315843,276.2639164444903
315844,248.06582835362553
315845,133.59312963665312
315846,1057.5693186323888
315847,891.7391953584997
315848,535.9984406809319
315849,491.76295886694953
315850,162.29595894726504
315851,1264.0307567632449
315852,1062.5774635500738
315853,673.1426044906899
315854,609.3188462021034
315855,725.6204393205451
315856,18.567730344876097
315857,14.724487852348568
315858,20.75667385260872
315859,7.6461348311477515
315860,12.6948583627283
315861,19.385111247331405
315862,20.217767791756934
315863,29.86119165093301
315864,-2.1531902145973207
315865,0.1355153130324747
315866,40.82901059788939
315867,40.3888078571047
315868,49.72575985522206
315869,10.700592515289719
315870,147.28766413552668
315871,1199.7625557418964
315872,1013.0272652203003
315873,625.740148795235
315874,575.74279558112
315875,320.38942782372436
315876,2449.994963216368
315877,1983.1605926026343
315878,1260.8521373205228
315879,1146.8849003814137
315880,375.2447216563389
315881,2949.1931246064155
315882,2437.0091494321464
315883,1504.9576738671565
315884,1371.3399808701336
315885,136.26411658074971
315886,972.0868679105895
315887,799.1955832429984
315888,506.74472468816924
315889,458.26206928678283
315890,283.5829836621069
315891,1928.0047709772887
315892,1640.221138380963
315893,1003.6276773096604
315894,930.1164825511266
315895,300.88915963833693
315896,2289.815694580353
315897,1916.3208334803223
315898,1200.6428041522738
315899,1101.7157181267874
315900,755.6716446443884
315901,568.4155652254756
315902,498.9579496309938
315903,307.787378682986
315904,256.5569899183116
315905,769.2031109968332
315906,1179.7505998376423
315907,998.0486277290063
315908,612.5135237509941
315909,557.4164313009761
315910,706.9132849626316
315911,1394.1805755324806
315912,1179.4262308541597
315913,713.2720850349925
315914,655.1989174416459
315915,93.15730531425945
315916,602.1380634290479
315917,508.7644558067203
315918,316.41528414578545
315919,265.1848953811111
315920,173.59820193760004
315921,1215.7882305137648
315922,1012.5801038500905
315923,629.3985566584354
315924,574.3014642084174
315925,192.4007126413091
315926,1453.3983683536705
315927,1201.7653907680267
315928,729.3128563297205
315929,671.2396887363739
315930,45.46486527665283
315931,420.0576195800003
315932,359.5680043336829
315933,230.85506609679928
315934,193.44359874531332
315935,101.52185214117252
315936,895.0352078720535
315937,745.1936107863546
315938,444.62597628461987
315939,401.97805780054347
315940,129.2756905642831
315941,1049.3336431979099
315942,860.7183748831629
315943,522.8472254313194
315944,477.2232318039131
315945,716.7947803126781
315946,15.683758408924934
315947,11.638323321546645
315948,17.361198256250635
315949,-8.47890502796522
315950,226.80811288649278
315951,19.473013001342665
315952,13.641076507421538
315953,16.82214514757329
315954,-14.500398260244992
315955,52.66852347886928
315956,33.85044003256646
315957,32.01906193316671
315958,33.335583387540446
315959,4.476057466289838
315960,109.93382746573675
315961,995.3792665604002
315962,826.4706656351628
315963,520.3618045577255
315964,468.53524772562554
315965,249.50454292763675
315966,1960.193890566486
315967,1633.2426505903397
315968,1031.9030370730945
315969,940.6498390700305
315970,313.7378922050597
315971,2345.392701849907
315972,1934.5967865949103
315973,1200.1250593512398
315974,1098.3880232227339
315975,103.25073178201846
315976,787.4737339140328
315977,635.8151302699329
315978,431.38092273947234
315979,380.66456276786784
315980,217.446618610613
315981,1579.1072059072064
315982,1313.1220511846402
315983,828.7625786950589
315984,762.0831160459715
315985,244.10232474939897
315986,1862.7713510008216
315987,1566.7011393685443
315988,956.1104398425168
315989,878.9471390679869
315990,755.6716446443884
315991,568.4155652254756
315992,498.9579496309938
315993,307.787378682986
315994,256.5569899183116
315995,769.2031109968332
315996,1177.83986582946
315997,996.1378937208237
315998,614.8263637221277
315999,557.4164313009761
316000,714.2605494890194
316001,1393.6068176604751
316002,1178.8524729821543
316003,715.0111671341207
316004,654.6251595696405
316005,93.15730531425945
316006,602.1380634290479
316007,508.7644558067203
316008,316.41528414578545
316009,265.1848953811111
316010,173.59820193760004
316011,1215.7882305137648
316012,1012.5801038500905
316013,631.711396629569
316014,574.3014642084174
316015,191.82695476930365
316016,1452.824610481665
316017,1201.1916328960212
316018,731.0519384288486
316019,670.6659308643684
316020,45.46486527665283
316021,420.0576195800003
316022,359.5680043336829
316023,230.85506609679928
316024,193.44359874531332
316025,101.52185214117252
316026,895.0352078720535
316027,745.1936107863546
316028,446.9388162557534
316029,401.97805780054347
316030,128.70193269227767
316031,1048.7598853259044
316032,860.1446170111575
316033,524.5863075304476
316034,476.6494739319076
316035,716.7947803126781
316036,15.683758408924934
316037,11.638323321546645
316038,17.361198256250635
316039,-8.47890502796522
316040,226.80811288649278
316041,19.473013001342665
316042,13.641076507421538
316043,19.134985118706844
316044,-14.500398260244992
316045,52.66852347886928
316046,33.85044003256646
316047,32.01906193316671
316048,35.64842335867401
316049,4.476057466289838
316050,109.93382746573675
316051,995.3792665604002
316052,826.4706656351628
316053,520.3618045577255
316054,468.53524772562554
316055,249.50454292763675
316056,1960.193890566486
316057,1633.2426505903397
316058,1034.2158770442281
316059,940.6498390700305
316060,313.7378922050597
316061,2345.392701849907
316062,1934.5967865949103
316063,1202.4378993223734
316064,1098.3880232227339
316065,103.25073178201846
316066,787.4737339140328
316067,635.8151302699329
316068,431.38092273947234
316069,380.66456276786784
316070,217.446618610613
316071,1579.1072059072064
316072,1313.1220511846402
316073,831.0754186661925
316074,762.0831160459715
316075,244.10232474939897
316076,1862.7713510008216
316077,1566.7011393685443
316078,958.4232798136504
316079,878.9471390679869
316080,754.4340994218022
316081,567.6906552454648
316082,499.10022059107285
316083,305.516485546271
316084,254.28609678159668
316085,767.3617427058659
316086,1177.1149558494492
316087,998.4756990781042
316088,612.5554705854128
316089,555.1455381642612
316090,700.1455575646986
316091,1392.8291590499923
316092,1181.1375297089628
316093,712.6875253669336
316094,652.3015178024534
316095,91.31593702329221
316096,601.4131534490369
316097,508.9067267667996
316098,314.14439100907043
316099,262.9140022443961
316100,171.75683364663269
316101,1215.063320533754
316102,1014.9179092073714
316103,629.4405034928541
316104,572.0305710717025
316105,189.9328378478642
316106,1452.0469518711823
316107,1203.4766896228298
316108,728.7282966616616
316109,668.3422890971814
316110,43.62349698568552
316111,419.3327095999892
316112,359.710275293762
316113,228.58417296008435
316114,191.1727056085984
316115,99.68048385020526
316116,894.3102978920426
316117,747.5314161436352
316118,444.6679231190384
316119,399.70716466382845
316120,126.8078157708382
316121,1047.9822267154216
316122,862.4296737379659
316123,522.2626657632605
316124,474.3258321647205
316125,717.7809766292643
316126,16.45057119841102
316127,9.986307954667666
316128,16.582027889032762
316129,-9.258075395183095
316130,221.24134502300802
316131,20.239825790828746
316132,11.989061140542566
316133,18.35581475148897
316134,-15.27956862746287
316135,53.60197116498325
316136,34.564504191580426
316137,30.3142979358156
316138,34.816504360984034
316139,3.644138468599849
316140,108.35493153959027
316141,994.9168289452099
316142,829.0277438152636
316143,522.9722678088062
316144,463.47306172334237
316145,247.9256470014901
316146,1959.731452951296
316147,1635.7997287704404
316148,1036.826340295309
316149,935.5876530677474
316150,312.106247648441
316151,2344.877515604245
316152,1937.101116144539
316153,1204.9956139429821
316154,1093.273088589979
316155,103.08357684026934
316156,788.42303728324
316157,637.1012509916368
316158,431.1469870541126
316159,378.27142695458735
316160,217.27946366886383
316161,1580.0565092764139
316162,1314.4081719063443
316163,830.8414829808329
316164,759.689980232691
316165,243.88242117717775
316166,1863.667905739557
316167,1567.9345114597763
316168,958.1365954978187
316169,876.5012546242343
316170,754.4340994218022
316171,567.6906552454648
316172,499.10022059107285
316173,305.516485546271
316174,254.28609678159668
316175,763.7728033942927
316176,1177.1149558494492
316177,998.4756990781042
316178,612.5554705854128
316179,555.1455381642612
316180,700.1455575646986
316181,1392.8291590499923
316182,1181.1375297089628
316183,712.6875253669336
316184,652.3015178024534
316185,91.31593702329221
316186,601.4131534490369
316187,508.9067267667996
316188,314.14439100907043
316189,262.9140022443961
316190,171.75683364663269
316191,1215.063320533754
316192,1014.9179092073714
316193,629.4405034928541
316194,572.0305710717025
316195,189.9328378478642
316196,1452.0469518711823
316197,1203.4766896228298
316198,728.7282966616616
316199,668.3422890971814
316200,43.62349698568552
316201,419.3327095999892
316202,359.710275293762
316203,228.58417296008435
316204,191.1727056085984
316205,99.68048385020526
316206,894.3102978920426
316207,747.5314161436352
316208,444.6679231190384
316209,399.70716466382845
316210,126.8078157708382
316211,1047.9822267154216
316212,862.4296737379659
316213,522.2626657632605
316214,474.3258321647205
316215,717.7809766292643
316216,16.45057119841102
316217,9.986307954667666
316218,16.582027889032762
316219,-9.258075395183095
316220,212.24675758297735
316221,20.239825790828746
316222,11.989061140542566
316223,18.35581475148897
316224,-15.27956862746287
316225,53.60197116498325
316226,34.564504191580426
316227,30.3142979358156
316228,34.816504360984034
316229,3.644138468599849
316230,108.35493153959027
316231,994.9168289452099
316232,829.0277438152636
316233,522.9722678088062
316234,463.47306172334237
316235,247.9256470014901
316236,1959.731452951296
316237,1635.7997287704404
316238,1036.826340295309
316239,935.5876530677474
316240,312.106247648441
316241,2344.877515604245
316242,1937.101116144539
316243,1204.9956139429821
316244,1093.273088589979
316245,103.08357684026934
316246,788.42303728324
316247,637.1012509916368
316248,431.1469870541126
316249,378.27142695458735
316250,217.27946366886383
316251,1580.0565092764139
316252,1314.4081719063443
316253,830.8414829808329
316254,759.689980232691
316255,243.88242117717775
316256,1863.667905739557
316257,1567.9345114597763
316258,958.1365954978187
316259,876.5012546242343
316260,743.7831822629596
316261,598.120564045182
316262,521.1611616910621
316263,324.06782283423104
316264,282.5642813406041
316265,697.73982552209
316266,1223.3525232828997
316267,1021.1545065065994
316268,647.3609755363449
316269,594.0767978413431
316270,615.6767760450377
316271,1443.4243599749504
316272,1205.5135098575345
316273,761.5732286872989
316274,686.1658295455018
316275,81.70794930105127
316276,630.3110472320573
316277,534.6294095401763
316278,332.07721651653156
316279,290.5736750229046
316280,169.64864088660227
316281,1260.3873847310065
316282,1041.876970089753
316283,664.2460084437862
316284,610.9618307487845
316285,197.7355870504461
316286,1511.5297478970722
316287,1241.934021562418
316288,777.6139999820268
316289,702.2066008402297
316290,45.25592583753491
316291,437.19158825910915
316292,369.56957364320647
316293,239.70538201646553
316294,212.02076193602687
316295,103.39584170538778
316296,922.1950128025205
316297,766.4124880905454
316298,474.00461413421397
316299,433.16961040515343
316300,136.07561027069056
316301,1089.398975656301
316302,892.1823189438453
316303,562.6102617574081
316304,499.65203658155133
316305,710.7170060527646
316306,9.649958474634152
316307,2.369212902111215
316308,10.351642240562379
316309,-1.7240377589650258
316310,63.93754211328999
316311,10.539714416401935
316312,11.50991355990918
316313,22.987852724181437
316314,-0.3541791272700912
316315,27.02814559536426
316316,28.776475824626335
316317,22.39112329703744
316318,38.011437249354834
316319,7.706011450514187
316320,116.33026198986384
316321,1028.9534809965235
316322,849.3490625356624
316323,544.94304476896
316324,488.9754631755145
316325,260.8497966672548
316326,2103.9788451396275
316327,1742.8390458365604
316328,1092.0162927839187
316329,986.8013711518507
316330,321.83492301539684
316331,2471.735324117003
316332,2051.6128092188324
316333,1267.15824446783
316334,1135.7657518545316
316335,113.25218311434556
316336,830.4261741198312
316337,668.899613690531
316338,454.74617488333956
316339,405.80674022806716
316340,229.35852767392873
316341,1678.440816373675
316342,1372.0727152133761
316343,882.5588638306353
316344,813.601062839261
316345,265.9404167774337
316346,1967.4116384051874
316347,1643.5552859730933
316348,1027.9467347045536
316349,927.0459275229086
316350,750.182684695955
316351,626.1904793736738
316352,536.8750565206575
316353,340.9558432965558
316354,296.8747330134909
316355,710.1364832324364
316356,1312.5889811194802
316357,1102.3544953585247
316358,688.2900370639011
316359,625.1671163023555
316360,459.3996959198933
316361,1549.6754902233326
316362,1308.477115463834
316363,803.7136889892398
316364,723.9066394107952
316365,86.295777195379
316366,661.5138347560447
316367,554.1116918219956
316368,350.8761341565336
316369,306.7950238734688
316370,175.91684906518813
316371,1350.6376551579563
316372,1124.934449216225
316373,705.1750699713424
316374,642.0521492097968
316375,205.7882051651572
316376,1624.7012756265515
316377,1348.553381918617
316378,821.5527247593207
316379,741.745675180876
316380,53.79172857870679
316381,459.18725888947426
316382,390.94492862090414
316383,249.7990895660678
316384,219.53690069619103
316385,118.22043401609827
316386,967.6436841040049
316387,812.7816666676968
316388,495.0157102050253
316389,444.34196340942077
316390,148.35387346170052
316391,1132.007483843218
316392,936.3519583336273
316393,584.4047809142462
316394,517.0469053017431
316395,702.4394568903369
316396,14.10362640659318
316397,5.567178623748571
316398,16.19423484693504
316399,-1.8371610842317694
316400,91.38272134699433
316401,9.958217628715378
316402,11.848924047889621
316403,28.02765441792821
316404,-8.531267642269015
316405,13.80384336463798
316406,27.927938954805146
316407,24.134284386985755
316408,42.376182451763775
316409,-1.1461335558225636
316410,128.3148767352448
316411,1075.508337493164
316412,907.4013737608117
316413,567.9151807990311
316414,509.37003041614867
316415,267.32662525159435
316416,2225.3105395086086
316417,1821.6758853875237
316418,1156.7937112900809
316419,1041.7400465914689
316420,353.68011068087696
316421,2604.5074501980284
316422,2158.4180782150984
316423,1370.230921926702
316424,1228.9996862468595
316425,125.21329422673591
316426,873.846670941125
316427,723.0070035819974
316428,473.4485113767833
316429,421.931507932073
316430,237.75304073276274
316431,1761.2527708149773
316432,1480.2174428215974
316433,914.8692681296963
316434,836.072724071778
316435,279.18314639714055
316436,2081.489848492257
316437,1765.9227574278586
316438,1078.0322554360562
316439,967.2927051878676
316440,719.9917212915133
316441,704.4414289973862
316442,603.2979863569553
316443,396.7008795038029
316444,344.1566328379503
316445,548.1684515027144
316446,1488.2811975223672
316447,1234.2424344246576
316448,749.1580838512944
316449,675.8952715407703
316450,310.38625374635376
316451,1736.6778803664358
316452,1443.8933684297692
316453,894.7350665002566
316454,801.8839777151269
316455,109.50348954496484
316456,738.8885058498017
316457,622.2399089558531
316458,406.8179639904306
316459,354.27371732457806
316460,185.73807909859812
316461,1517.1978114732497
316462,1254.6402006411813
316463,763.6982312075501
316464,693.238237129669
316465,216.20921951452272
316466,1795.3330384274286
316467,1481.7874472433757
316468,910.2292167191519
316469,820.1809461666651
316470,74.63795347635502
316471,524.6909197900184
316472,444.9737336239824
316473,275.993166823738
316474,234.3171253016547
316475,130.72556569450896
316476,1052.4461946863394
316477,883.9083174390684
316478,535.7276910601798
316479,474.76615467881953
316480,158.35314851596584
316481,1257.8323863280405
316482,1053.6713391414876
316483,671.7966083807828
316484,591.2467955248186
316485,724.0561210160841
316486,16.24829820772266
316487,12.367928865316598
316488,23.289616040752634
316489,-3.298876411926967
316490,-1.3971486170418983
316491,17.06567911017797
316492,21.28764646665374
316493,32.394133839076915
316494,-10.769329873818421
316495,-1.4815516219009046
316496,38.45682983026384
316497,41.405937901529384
316498,52.20595341289384
316499,2.031704225596485
316500,145.99454159760234
316501,1196.2138732000667
316502,1009.4414558285923
316503,631.6627246016777
316504,560.5147687029804
316505,319.0963052857999
316506,2446.4462806745387
316507,1976.4296331237522
316508,1266.7747131269655
316509,1117.1593491543226
316510,373.8988504879424
316511,2945.591693434114
316512,2430.2254413227924
316513,1510.827501043127
316514,1338.1534315526944
316515,136.38273502722276
316516,969.9499263531573
316517,797.0215148356876
316518,509.8229015581713
316519,445.7030925976455
316520,283.7016021085799
316521,1925.8678294198564
316522,1634.9019198864787
316523,1006.7058541796628
316524,903.0599815130383
316525,300.9550294543378
316526,2287.626004392449
316527,1910.948866355366
316528,1203.668232391804
316529,1071.1982189983507
316530,756.0243048766333
316531,564.1694079467188
316532,494.6746655023582
316533,305.2091658576136
316534,249.50089441686274
316535,767.8447053842226
316536,1173.5937085507032
316537,989.1839824686849
316538,614.178685550677
316539,550.3603357995278
316540,706.6394386923989
316541,1389.3079117512464
316542,1171.8458130995436
316543,714.3107403321978
316544,647.51631543772
316545,89.98434100180859
316546,597.891906150291
316547,504.48117167808505
316548,313.83707132041303
316549,258.12879987966244
316550,170.42523762514907
316551,1211.542073235008
316552,1005.6261925979522
316553,631.0637184581183
316554,567.2453687069691
316555,188.60124182638057
316556,1448.5257045724363
316557,1194.1849730134106
316558,730.3515116269258
316559,663.5570867324479
316560,42.2919009642019
316561,415.8114623012433
316562,355.2847202050474
316563,228.27685327142692
316564,186.38750324386473
316565,98.34888782872164
316566,890.7890505932967
316567,738.2396995342159
316568,446.29113808430253
316569,394.9219622990948
316570,125.47621974935457
316571,1044.4609794166756
316572,853.1379571285466
316573,523.8858807285247
316574,469.54062979998685
316575,714.9250616379103
316576,14.24129293906416
316577,10.158731001807327
316578,17.586677239774414
316579,-12.731308720517681
316580,212.41070553641566
316581,18.030547531481886
316582,15.587921849611003
316583,21.29099875615216
316584,-18.75280195279745
316585,50.746056173629086
316586,32.35522593223357
316587,33.91315864488405
316588,37.75168836564721
316589,0.17090514326527217
316590,108.33530455750568
316591,992.7075506858631
316592,823.7618229107474
316593,523.9769171595481
316594,459.9998283980077
316595,247.9060200194055
316596,1957.522174691949
316597,1627.3886577787505
316598,1039.761524299972
316599,923.4899125714177
316600,312.0866206663564
316601,2342.668237344898
316602,1928.690045152849
316603,1207.9307979476453
316604,1077.7670986337725
316605,103.06394985818476
316606,786.2137590238932
316607,634.5180285299148
316608,432.15163640485423
316609,374.7981936292527
316610,217.25983668677924
316611,1577.8472310170669
316612,1308.6797993574485
316613,833.7766669854963
316614,747.5922397363613
316615,243.86279419509316
316616,1861.45862748021
316617,1562.2061389108806
316618,961.0717795024821
316619,860.9952646680285
316620,756.0243048766333
316621,564.1694079467188
316622,494.6746655023582
316623,305.2091658576136
316624,249.50089441686274
316625,766.7296415264163
316626,1172.478644692897
316627,988.0689186108787
316628,614.178685550677
316629,550.3603357995278
316630,714.5604610907922
316631,1389.3079117512464
316632,1171.8458130995436
316633,714.3107403321978
316634,647.51631543772
316635,89.98434100180859
316636,597.891906150291
316637,504.48117167808505
316638,313.83707132041303
316639,258.12879987966244
316640,170.42523762514907
316641,1211.542073235008
316642,1005.6261925979522
316643,631.0637184581183
316644,567.2453687069691
316645,188.60124182638057
316646,1448.5257045724363
316647,1194.1849730134106
316648,730.3515116269258
316649,663.5570867324479
316650,42.2919009642019
316651,415.8114623012433
316652,355.2847202050474
316653,228.27685327142692
316654,186.38750324386473
316655,98.34888782872164
316656,890.7890505932967
316657,738.2396995342159
316658,446.29113808430253
316659,394.9219622990948
316660,125.47621974935457
316661,1044.4609794166756
316662,853.1379571285466
316663,523.8858807285247
316664,469.54062979998685
316665,714.9250616379103
316666,14.24129293906416
316667,10.158731001807327
316668,17.586677239774414
316669,-12.731308720517681
316670,212.41070553641566
316671,18.030547531481886
316672,15.587921849611003
316673,21.29099875615216
316674,-18.75280195279745
316675,50.746056173629086
316676,32.35522593223357
316677,33.91315864488405
316678,37.75168836564721
316679,0.17090514326527217
316680,108.33530455750568
316681,992.7075506858631
316682,823.7618229107474
316683,523.9769171595481
316684,459.9998283980077
316685,247.9060200194055
316686,1957.522174691949
316687,1627.3886577787505
316688,1039.761524299972
316689,923.4899125714177
316690,312.0866206663564
316691,2342.668237344898
316692,1928.690045152849
316693,1207.9307979476453
316694,1077.7670986337725
316695,103.06394985818476
316696,786.2137590238932
316697,634.5180285299148
316698,432.15163640485423
316699,374.7981936292527
316700,217.25983668677924
316701,1577.8472310170669
316702,1308.6797993574485
316703,833.7766669854963
316704,747.5922397363613
316705,243.86279419509316
316706,1861.45862748021
316707,1562.2061389108806
316708,961.0717795024821
316709,860.9952646680285
316710,756.6275927386546
316711,565.2853310513153
316712,496.6577695470449
316713,304.77910580550616
316714,249.07083436475534
316715,760.512477133946
316716,1173.148397362486
316717,991.8013866177591
316718,613.7486254985695
316719,549.9302757474203
316720,702.339050881551
316721,1390.423834855843
316722,1176.0244515414317
316723,713.8806802800904
316724,647.0862553856125
316725,89.9838057954488
316726,599.0078292548875
316727,506.46427572277173
316728,313.4070112683056
316729,257.698739827555
316730,170.4247024187893
316731,1212.6579963396048
316732,1009.8048310398402
316733,630.6336584060108
316734,566.8153086548616
316735,188.6007066200208
316736,1449.641627677033
316737,1198.3636114552987
316738,729.9214515748183
316739,663.1270266803405
316740,42.291365757842115
316741,416.9273854058398
316742,357.2678242497341
316743,227.84679321931952
316744,185.95744319175733
316745,98.34835262236186
316746,891.9049736978932
316747,742.4183379761039
316748,445.8610780321951
316749,394.49190224698737
316750,125.47568454299478
316751,1045.5769025212724
316752,857.3165955704346
316753,523.4558206764173
316754,469.1105697478794
316755,714.9245264315505
316756,15.357216043660705
316757,8.855825950038806
316758,17.156617187667
316759,-13.161368772625094
316760,212.41017033005588
316761,19.14647063607843
316762,14.285016797842482
316763,20.860938704044745
316764,-19.182862004904866
316765,50.7455209672693
316766,33.47114903683011
316767,32.61025359311552
316768,37.3216283135398
316769,-0.2591549088421417
316770,108.3347693511459
316771,993.8234737904596
316772,827.8972618106349
316773,523.5468571074406
316774,459.5697683459003
316775,247.90548481304572
316776,1958.6380977965457
316777,1631.524096678638
316778,1039.3314642478647
316779,923.0598525193102
316780,312.0860854599966
316781,2343.7841604494947
316782,1932.8254840527366
316783,1207.500737895538
316784,1077.3370385816652
316785,103.06341465182497
316786,787.3296821284897
316787,635.970768987008
316788,431.7215763527468
316789,374.3681335771453
316790,217.25930148041945
316791,1578.9631541216636
316792,1310.1325398145418
316793,833.3466069333888
316794,747.1621796842538
316795,243.86225898873337
316796,1862.5745505848067
316797,1563.658879367974
316798,960.6417194503746
316799,860.5652046159211
316800,757.3088220413742
316801,565.966560354035
316802,497.33899884976444
316803,305.4603351082257
316804,249.75206366747494
316805,739.5088638989129
316806,1173.3446010169698
316807,991.9975902722431
316808,614.4298548012891
316809,550.61150505014
316810,703.0202801842706
316811,1391.1050641585625
316812,1176.7056808441512
316813,714.56190958281
316814,647.7674846883322
316815,90.66503509816836
316816,599.6890585576072
316817,507.1455050254913
316818,314.08824057102515
316819,258.37996913027456
316820,171.1059317215089
316821,1213.3392256423242
316822,1010.4860603425597
316823,631.3148877087305
316824,567.4965379575813
316825,189.2819359227404
316826,1450.3228569797525
316827,1199.0448407580182
316828,730.602680877538
316829,663.8082559830601
316830,42.97259506056169
316831,417.60861470855934
316832,357.9490535524536
316833,228.52802252203912
316834,186.63867249447694
316835,99.02958192508142
316836,892.5862030006128
316837,743.0995672788235
316838,446.54230733491465
316839,395.1731315497069
316840,126.15691384571436
316841,1046.2581318239918
316842,857.9978248731543
316843,524.1370499791369
316844,469.79179905059897
316845,714.6111402876526
316846,15.04382989976286
316847,8.542439806140962
316848,16.843231043769148
316849,-13.474754916522938
316850,203.1021967461274
316851,18.833084492180582
316852,13.971630653944638
316853,20.547552560146897
316854,-19.496248148802714
316855,50.432134823371456
316856,33.15776289293227
316857,32.29686744921768
316858,37.00824216964195
316859,-0.5725410527399863
316860,108.02138320724805
316861,993.5100876465617
316862,827.583875666737
316863,523.2334709635427
316864,459.25638220200244
316865,247.5920986691479
316866,1958.324711652648
316867,1631.2107105347402
316868,1039.018078103967
316869,922.7464663754123
316870,311.77269931609874
316871,2343.470774305597
316872,1932.5120979088388
316873,1207.18735175164
316874,1077.0236524377674
316875,102.75002850792713
316876,787.0162959845918
316877,635.6573828431101
316878,431.40819020884896
316879,374.0547474332474
316880,216.94591533652164
316881,1578.6497679777658
316882,1309.819153670644
316883,833.0332207894909
316884,746.8487935403559
316885,243.54887284483556
316886,1862.261164440909
316887,1563.345493224076
316888,960.3283333064767
316889,860.2518184720232
316890,744.4200561130988
316891,598.7574378953212
316892,517.9144862264072
316893,325.07703058491876
316894,273.398528272577
316895,671.2380372572773
316896,1221.943137191989
316897,1015.8615711008945
316898,650.195212000224
316899,583.2225268927018
316900,607.437892884399
316901,1444.0612338250894
316902,1202.2668343928792
316903,764.407465151178
316904,675.3115585968604
316905,82.3448231511904
316906,630.9479210821964
316907,531.3827340755214
316908,333.0864242672193
316909,281.40792195487745
316910,170.28551473674145
316911,1261.0242585811454
316912,1038.6302946250978
316913,667.0802449076654
316914,600.1075598001431
316915,198.37246090058528
316916,1512.1666217472111
316917,1238.6873460977627
316918,780.448236445906
316919,691.3523298915884
316920,45.89279968767405
316921,437.8284621092483
316922,366.3228981785514
316923,240.7145897671533
316924,202.85500886799977
316925,104.0327155555269
316926,922.8318866526597
316927,763.1658126258905
316928,476.8388505980931
316929,422.31533945651194
316930,136.71248412082974
316931,1090.03584950644
316932,888.9356434791904
316933,565.4444982212873
316934,488.79776563290983
316935,707.5673318995972
316936,9.336572330736308
316937,2.0558267582133714
316938,10.038256096664535
316939,-12.164659619053866
316940,67.16579272468509
316941,10.226328272504091
316942,11.196527416011335
316943,22.67446658028359
316944,-10.794800987358933
316945,23.878471442196822
316946,28.463089680728487
316947,22.077737153139587
316948,37.69805110545699
316949,-2.7346104095746555
316950,116.016875845966
316951,1028.6400948526257
316952,849.0356763917645
316953,544.6296586250621
316954,478.53484131542564
316955,260.53641052335695
316956,2103.6654589957298
316957,1742.5256596926627
316958,1091.702906640021
316959,967.7362421207664
316960,321.521536871499
316961,2471.4219379731053
316962,2051.2994230749346
316963,1266.8448583239322
316964,1125.3251299944427
316965,112.93879697044771
316966,830.1127879759333
316967,668.5862275466332
316968,454.4327887394417
316969,395.3661183679783
316970,229.04514153003092
316971,1678.1274302297772
316972,1371.7593290694783
316973,882.2454776867374
316974,794.5359338081767
316975,265.62703063353587
316976,1967.0982522612896
316977,1643.2418998291955
316978,1027.6333485606558
316979,916.6053056628198
316980,751.2665895801485
316981,626.827353223813
316982,533.6283810560026
316983,341.96505104724355
316984,290.08484589740027
316985,678.4170780257164
316986,1311.1795950285696
316987,1097.0615599528198
316988,691.1242735277802
316989,616.6887113056505
316990,455.47282495522836
316991,1550.3123640734716
316992,1305.2304399991788
316993,806.547925453119
316994,715.4282344140902
316995,86.93265104551813
316996,662.1507086061839
316997,550.8650163573407
316998,351.88534190722135
316999,300.0051367573781
317000,176.5537229153273
317001,1351.2745290080952
317002,1121.6877737515697
317003,708.0093064352216
317004,633.5737442130918
317005,206.42507901529638
317006,1625.3381494766904
317007,1345.3067064539619
317008,824.3869612231998
317009,733.267270184171
317010,54.42860242884593
317011,459.8241327396134
317012,387.69825315624905
317013,250.80829731675558
317014,212.74701358010037
317015,118.85730786623739
317016,968.2805579541441
317017,809.5349912030418
317018,497.8499466689044
317019,435.86355841271575
317020,148.9907473118397
317021,1132.644357693357
317022,933.1052828689724
317023,587.2390173781254
317024,508.5685003050371
317025,699.2897827371695
317026,13.790240262695336
317027,5.253792479850727
317028,15.880848703037193
317029,-9.901916992384164
317030,88.2330471938269
317031,9.644831484817534
317032,11.535537903991777
317033,27.714268274030363
317034,-16.59602355042142
317035,10.654169211470542
317036,27.6145528109073
317037,23.820898243087903
317038,42.06279630786593
317039,-9.210889463974958
317040,128.00149059134702
317041,1075.1949513492661
317042,907.0879876169138
317043,567.6017946551332
317044,501.305274507996
317045,267.0132391076965
317046,2224.997153364711
317047,1821.362499243626
317048,1156.480325146183
317049,1025.050783512321
317050,353.3667245369791
317051,2604.1940640541306
317052,2158.1046920712006
317053,1369.9175357828042
317054,1220.934930338707
317055,124.89990808283808
317056,873.5332847972271
317057,722.6936174380995
317058,473.13512523288546
317059,413.8667520239206
317060,237.43965458886493
317061,1760.9393846710796
317062,1479.9040566776996
317063,914.5558819857984
317064,819.38346099263
317065,278.8697602532427
317066,2081.176462348359
317067,1765.6093712839609
317068,1077.7188692921584
317069,959.2279492797151
317070,721.0756261757068
317071,705.0783028475254
317072,600.0513108923004
317073,397.71008725449065
317074,345.1181154861142
317075,516.4490462959944
317076,1486.8718114314565
317077,1228.9494990189528
317078,751.9923203151735
317079,675.1682363083199
317080,306.4593827816889
317081,1737.3147542165748
317082,1440.646692965114
317083,897.5693029641358
317084,801.1569424826765
317085,110.14036339510398
317086,739.5253796999409
317087,618.9932334911982
317088,407.8271717411183
317089,355.23519997274195
317090,186.3749529487373
317091,1517.8346853233886
317092,1251.393525176526
317093,766.5324676714292
317094,692.5112018972186
317095,216.8460933646619
317096,1795.9699122775676
317097,1478.5407717787205
317098,913.063453183031
317099,819.4539109342147
317100,75.27482732649415
317101,525.3277936401576
317102,441.7270581593273
317103,277.00237457442574
317104,235.27860794981862
317105,131.36243954464814
317106,1053.0830685364783
317107,880.6616419744134
317108,538.561927524059
317109,474.03911944636906
317110,158.99002236610502
317111,1258.4692601781794
317112,1050.4246636768323
317113,674.630844844662
317114,590.5197602923682
317115,723.7427348721862
317116,15.93491206382481
317117,12.054542721418754
317118,22.976229896854786
317119,-3.6122625558248114
317120,-1.7105347609397443
317121,16.752292966280123
317122,20.97426032275589
317123,32.08074769517907
317124,-11.082716017716265
317125,-1.794937765798748
317126,38.143443686366
317127,41.09255175763154
317128,51.892567268996
317129,1.7183180816986423
317130,145.68115545370452
317131,1195.900487056169
317132,1009.1280696846944
317133,631.3493384577798
317134,560.2013825590825
317135,318.782919141902
317136,2446.132894530641
317137,1976.1162469798544
317138,1266.4613269830677
317139,1116.8459630104248
317140,373.58546434404457
317141,2945.278307290216
317142,2429.9120551788947
317143,1510.5141148992293
317144,1337.8400454087966
317145,136.06934888332495
317146,969.6365402092594
317147,796.7081286917897
317148,509.50951541427344
317149,445.38970645374764
317150,283.38821596468205
317151,1925.5544432759586
317152,1634.588533742581
317153,1006.3924680357649
317154,902.7465953691404
317155,300.64164331044
317156,2287.312618248551
317157,1910.6354802114681
317158,1203.3548462479062
317159,1070.884832854453
317160,756.2698136734305
317161,563.9678857094615
317162,490.5895939503067
317163,307.65982542892465
317164,244.1972695573307
317165,754.0023909028538
317166,1171.8309520206312
317167,983.5376766238198
317168,620.5191661553383
317169,543.3681930593816
317170,692.9984146295599
317171,1389.1063895139882
317172,1167.7607415474913
317173,720.6512209368592
317174,640.5241726975738
317175,89.78281876455094
317176,597.6903839130338
317177,500.39610012603305
317178,316.2877308917241
317179,252.82517502013022
317180,170.22371538789145
317181,1211.34055099775
317182,1001.5411210459004
317183,637.4041990627796
317184,560.2532259668229
317185,188.39971958912295
317186,1448.3241823351782
317187,1190.0999014613583
317188,736.6919922315872
317189,656.5649439923018
317190,42.0903787269443
317191,415.6099400639858
317192,351.1996486529957
317193,230.72751284273787
317194,181.08387838433254
317195,98.147365591464
317196,890.5875283560395
317197,734.1546279821646
317198,452.6316186889636
317199,387.9298195589483
317200,125.27469751209694
317201,1044.2594571794175
317202,849.0528855764953
317203,530.2263613331861
317204,462.54848705984034
317205,716.8397883282312
317206,13.438688667771011
317207,9.35612673051419
317208,19.063920876501232
317209,-17.00408431710013
317210,256.52999288429316
317211,17.22794326018874
317212,14.785317578317859
317213,24.833034713037627
317214,-23.025577549379914
317215,52.66078286394976
317216,31.55262166094042
317217,33.11055437359091
317218,41.2937243225327
317219,-4.101870453317185
317220,107.02400250913297
317221,991.3962486374907
317222,822.4505208623749
317223,524.9454630191955
317224,449.2280941022259
317225,246.594717971033
317226,1956.210872643576
317227,1626.0773557303776
317228,1042.7948624797777
317229,912.7181782756359
317230,310.7753186179838
317231,2341.3569352965255
317232,1927.3787431044761
317233,1210.964136127451
317234,1066.9953643379904
317235,101.75264780981205
317236,784.9024569755207
317237,633.2067264815423
317238,433.12018226450164
317239,363.7339454974516
317240,215.94853463840653
317241,1576.535928968694
317242,1307.3684973090756
317243,836.8100051653024
317244,736.5279916045603
317245,242.55149214672053
317246,1860.147325431837
317247,1560.8948368625076
317248,964.1051176822882
317249,849.9310165362275
317250,756.2698136734305
317251,563.9678857094615
317252,490.5895939503067
317253,307.65982542892465
317254,244.1972695573307
317255,754.0023909028538
317256,1171.8309520206312
317257,983.5376766238198
317258,620.5191661553383
317259,543.3681930593816
317260,700.9194370279531
317261,1389.1063895139882
317262,1167.7607415474913
317263,720.6512209368592
317264,640.5241726975738
317265,89.78281876455094
317266,597.6903839130338
317267,500.39610012603305
317268,316.2877308917241
317269,252.82517502013022
317270,170.22371538789145
317271,1211.34055099775
317272,1001.5411210459004
317273,637.4041990627796
317274,560.2532259668229
317275,188.39971958912295
317276,1448.3241823351782
317277,1190.0999014613583
317278,736.6919922315872
317279,656.5649439923018
317280,42.0903787269443
317281,415.6099400639858
317282,351.1996486529957
317283,230.72751284273787
317284,181.08387838433254
317285,98.147365591464
317286,890.5875283560395
317287,734.1546279821646
317288,452.6316186889636
317289,387.9298195589483
317290,125.27469751209694
317291,1044.2594571794175
317292,849.0528855764953
317293,530.2263613331861
317294,462.54848705984034
317295,716.8397883282312
317296,13.438688667771011
317297,9.35612673051419
317298,19.063920876501232
317299,-17.00408431710013
317300,256.52999288429316
317301,17.22794326018874
317302,14.785317578317859
317303,24.833034713037627
317304,-23.025577549379914
317305,52.66078286394976
317306,31.55262166094042
317307,33.11055437359091
317308,41.2937243225327
317309,-4.101870453317185
317310,107.02400250913297
317311,991.3962486374907
317312,822.4505208623749
317313,524.9454630191955
317314,449.2280941022259
317315,246.594717971033
317316,1956.210872643576
317317,1626.0773557303776
317318,1042.7948624797777
317319,912.7181782756359
317320,310.7753186179838
317321,2341.3569352965255
317322,1927.3787431044761
317323,1210.964136127451
317324,1066.9953643379904
317325,101.75264780981205
317326,784.9024569755207
317327,633.2067264815423
317328,433.12018226450164
317329,363.7339454974516
317330,215.94853463840653
317331,1576.535928968694
317332,1307.3684973090756
317333,836.8100051653024
317334,736.5279916045603
317335,242.55149214672053
317336,1860.147325431837
317337,1560.8948368625076
317338,964.1051176822882
317339,849.9310165362275
317340,756.8731015354517
317341,565.083808814058
317342,492.5726979949934
317343,307.2297653768172
317344,243.76720950522332
317345,754.001855696494
317346,1172.946875125228
317347,987.7163150657078
317348,620.0891061032308
317349,542.9381330072741
317350,688.6980268187119
317351,1390.222312618585
317352,1171.9393799893794
317353,720.2211608847517
317354,640.0941126454663
317355,89.78228355819115
317356,598.8063070176303
317357,502.37920417071973
317358,315.8576708396167
317359,252.39511496802282
317360,170.2231801815317
317361,1212.4564741023466
317362,1005.7197594877883
317363,636.9741390106722
317364,559.8231659147154
317365,188.39918438276317
317366,1449.440105439775
317367,1194.2785399032464
317368,736.2619321794797
317369,656.1348839401943
317370,42.089843520584516
317371,416.7258631685823
317372,353.18275269768236
317373,230.29745279063047
317374,180.65381833222514
317375,98.14683038510421
317376,891.703451460636
317377,738.3332664240526
317378,452.2015586368562
317379,387.49975950684086
317380,125.27416230573715
317381,1045.3753802840142
317382,853.2315240183833
317383,529.7963012810786
317384,462.1184270077329
317385,716.8392531218714
317386,14.554611772367556
317387,8.053221678745668
317388,18.633860824393818
317389,-17.434144369207544
317390,256.52945767793335
317391,18.343866364785285
317392,13.482412526549338
317393,24.402974660930212
317394,-23.45563760148733
317395,52.66024765758998
317396,32.66854476553697
317397,31.807649321822378
317398,40.86366427042528
317399,-4.531930505424598
317400,107.02346730277318
317401,992.5121717420872
317402,826.5859597622624
317403,524.515402967088
317404,448.7980340501185
317405,246.5941827646732
317406,1957.3267957481728
317407,1630.212794630265
317408,1042.3648024276704
317409,912.2881182235284
317410,310.774783411624
317411,2342.4728584011223
317412,1931.5141820043636
317413,1210.5340760753436
317414,1066.565304285883
317415,101.75211260345226
317416,786.0183800801173
317417,634.6594669386355
317418,432.6901222123942
317419,363.3038854453442
317420,215.94799943204674
317421,1577.6518520732907
317422,1308.821237766169
317423,836.3799451131949
317424,736.0979315524528
317425,242.55095694036075
317426,1861.2632485364338
317427,1562.347577319601
317428,963.6750576301807
317429,849.50095648412
317430,756.8641836919994
317431,565.0748909706058
317432,485.51388430526816
317433,311.15886177770267
317434,239.79706545244767
317435,732.3233838186866
317436,1172.4682201369374
317437,980.1877642311441
317438,624.033491007514
317439,538.9832774578963
317440,688.4299928949953
317441,1389.9542786948682
317442,1164.6214502193895
317443,723.891141205373
317444,635.8648525124265
317445,90.03970510854246
317446,599.0637285679816
317447,495.58672987479764
317448,320.05310663430566
317449,248.69131030905072
317450,170.49589023528074
317451,1212.7291841560952
317452,998.9425736952643
317453,641.184863308759
317454,556.1346497591412
317455,188.39748985285027
317456,1449.4384109098617
317457,1187.22694952706
317458,740.1982518939045
317459,652.1719632009581
317460,42.347265070935805
317461,416.98328471893365
317462,346.39027840176067
317463,234.49288858531946
317464,176.95001367325304
317465,98.41954043885322
317466,891.976161514385
317467,731.5560806315286
317468,456.41228293494294
317469,383.8112433512665
317470,125.27246777582425
317471,1045.373685754101
317472,846.1799336421974
317473,533.7326209955035
317474,458.1555062684966
317475,709.9470927767338
317476,15.618992936189688
317477,2.067706996294768
317478,22.337840396366662
317479,-21.62940525089579
317480,247.80758029165185
317481,18.616576418534326
317482,6.705226734025345
317483,28.613698959016904
317484,-27.144153757061716
317485,58.10204952270648
317486,32.66685023562405
317487,24.75605894563643
317488,44.799983984850016
317489,-8.494851244660955
317490,108.49650986562597
317491,996.9088277643236
317492,823.9327199382261
317493,530.023884478163
317494,444.6032326350589
317495,246.86689281842231
317496,1957.5995058019214
317497,1623.4356088377406
317498,1046.5755267257566
317499,906.7955595954805
317500,310.1012096049852
317501,2341.7992845944837
317502,1923.7907123514512
317503,1213.798516513042
317504,1060.1264617974466
317505,103.225155166305
317506,786.3250954638443
317507,627.9162864760896
317508,436.9348518404589
317509,357.84533214727423
317510,216.2207094857958
317511,1577.9245621270393
317512,1302.0440519736444
317513,840.5906694112817
317514,730.605372924405
317515,241.87738313372182
317516,1860.5896747297945
317517,1554.6241076666886
317518,966.9394980678795
317519,843.0621139956842
317520,744.0197732163044
317521,597.9101239644725
317522,510.01727644928553
317523,330.44757880642754
317524,264.2780850138937
317525,664.0969126296314
317526,1221.111111764537
317527,1007.9796498271701
317528,657.6458410452894
317529,574.1173721374165
317530,601.7677180584819
317531,1442.9548038139756
317532,1194.1105085354923
317533,771.5836896125815
317534,665.9319992579132
317535,81.76384861414488
317536,630.3669465451513
317537,523.7518636922033
317538,338.7233118825316
317539,272.5538180899977
317540,169.7198287030937
317541,1260.458572547497
317542,1031.0147127451762
317543,674.7972133465344
317544,591.2687444386614
317545,197.53237028327558
317546,1511.3265311299008
317547,1230.7973596341792
317548,787.890800301113
317549,682.2391099464447
317550,45.3118251506286
317551,437.247487572203
317552,358.69202779523306
317553,246.35147738246548
317554,194.00090500311993
317555,103.46702952187913
317556,922.2662006190124
317557,755.5502307459701
317558,484.5558190369618
317559,413.47652409502996
317560,135.87239350352004
317561,1089.1957588891296
317562,881.0456570156081
317563,572.8870620764943
317564,479.6845456877659
317565,702.9032843886785
317566,9.911735367163146
317567,-4.418906051632827
317568,15.532865449262033
317569,-18.070174838686334
317570,101.90990088231545
317571,10.009820198857833
317572,3.930123496092043
317573,30.740612979153603
317574,-16.193571480877548
317575,26.104889746502447
317576,27.972177023420276
317577,14.53692864955836
317578,45.48979292066503
317579,-8.407785486755218
317580,116.49200250434387
317581,1032.038834970387
317582,845.3845206632536
317583,551.4200721396825
317584,466.08334866552985
317585,259.81120467263133
317586,2102.9402531450046
317587,1734.750557995663
317588,1099.2603552618107
317589,953.9869922578824
317590,319.85004716038543
317591,2469.750448261992
317592,2042.5780375175475
317593,1273.456023085334
317594,1110.62959627117
317595,113.41392362882561
317596,829.4215874551858
317597,660.8451311796126
317598,459.9594503710517
317599,381.65087383507216
317600,228.3199356793051
317601,1677.4022243790507
317602,1363.9842273724787
317603,889.8029263085283
317604,780.7866839452927
317605,263.9555409224223
317606,1965.4267625501752
317607,1634.520514271808
317608,1034.2445133220583
317609,901.9097719395478
317610,750.4192756492998
317611,625.9800392929643
317612,525.7311712788809
317613,347.33559926875233
317614,280.964402638717
317615,677.5850525982654
317616,1310.3475696011176
317617,1089.1796386790948
317618,698.5749025728456
317619,607.5835565503652
317620,454.3663949441153
317621,1549.2059340623578
317622,1297.0741141417918
317623,813.7241499145224
317624,706.0486750751429
317625,86.35167650847266
317626,661.5697340691388
317627,543.2341459740226
317628,357.5222295225337
317629,291.1510328924984
317630,175.98803688167956
317631,1350.7088429744467
317632,1114.072191871648
317633,715.7262748740906
317634,624.7349288516101
317635,205.58498839798668
317636,1624.49805885938
317637,1337.4167199903784
317638,831.8295250784068
317639,724.1540502390274
317640,53.84762789180041
317641,459.2431582025681
317642,380.0673827729307
317643,256.4451849320677
317644,203.89290971522053
317645,118.29162183258968
317646,967.7148719204968
317647,801.9194093231215
317648,505.5669151077731
317649,427.02474305123377
317650,148.15065669453
317651,1131.8042670760467
317652,925.2152964053901
317653,594.6815812333324
317654,499.4552803598932
317655,694.6257352262508
317656,14.365403299122175
317657,-1.220940329995469
317658,21.37545805563469
317659,-15.807432212016623
317660,107.9886528938346
317661,10.436537206721257
317662,5.277347779622463
317663,36.78862846845038
317664,-20.986580248390045
317665,12.880587515776147
317666,27.123640153599084
317667,16.28008973950667
317668,49.85453812307397
317669,-14.884064541155519
317670,128.47661724972488
317671,1078.5936914670274
317672,903.4368318884029
317673,574.3922081697535
317674,488.8537818581002
317675,267.29624705252087
317676,2225.2801613095357
317677,1814.5956113421762
317678,1165.0459875635227
317679,1012.3097474449863
317680,351.69523482586555
317681,2602.5225743430174
317682,2149.383306513814
317683,1376.528700544206
317684,1206.2393966154343
317685,125.37503474121597
317686,872.8420842764796
317687,714.952521071079
317688,478.6617868644954
317689,400.15150749101446
317690,237.7226625336891
317691,1761.222392615903
317692,1473.1371687762498
317693,923.1215444031392
317694,806.642424925296
317695,277.19827054212914
317696,2079.504972637246
317697,1756.8879857265733
317698,1084.3300340535602
317699,944.5324155564431
317700,715.7489069721618
317701,714.4617849141134
317702,610.5197122923083
317703,409.7616945482555
317704,334.54558601106646
317705,409.4262237189082
317706,1498.1375751022517
317707,1247.3498046871655
317708,772.0113081989575
317709,660.1436296237447
317710,301.1542510469504
317711,1748.521297081851
317712,1455.6087822873133
317713,918.1070684511386
317714,786.6511134013201
317715,114.40161830180195
317716,744.0271262820995
317717,627.4156562380294
317718,416.4241828993593
317719,341.20807436217024
317720,194.60677965261343
317721,1523.6407151010167
317722,1263.7908582423302
317723,781.4043772413424
317724,674.0319990771195
317725,225.12100699220179
317726,1806.6619147222914
317727,1493.6334795894663
317728,928.4541403561631
317729,801.4934857173345
317730,79.53608223319195
317731,529.8295402223162
317732,450.14948090615883
317733,285.59938573266675
317734,221.25148233924696
317735,139.5942662485243
317736,1058.8890983141064
317737,893.0589750402172
317738,551.6401394956719
317739,455.55991662627036
317740,167.2649359936449
317741,1266.98466548118
317742,1063.340774345855
317743,688.2278344194937
317744,572.559335075488
317745,729.7825126263441
317746,19.77500048325856
317747,15.931757990731015
317748,25.79398663370737
317749,4.951292154763504
317750,10.289672149713416
317751,20.59238138571386
317752,21.425037930139393
317753,29.94180654881299
317754,-0.5055418263350306
317755,10.758340442351775
317756,44.22687865842578
317757,41.596077995487136
317758,49.80637475310201
317759,12.348240903551993
317760,157.6608278829403
317761,1209.0400457118392
317762,1001.4798360847035
317763,635.8587561240319
317764,525.9897152751645
317765,330.7625915711379
317766,2459.272453186312
317767,1967.3548743684335
317768,1287.2171427652163
317769,1076.6923365169937
317770,387.8084833259065
317771,2960.661212498513
317772,2421.203431197946
317773,1526.4386411297016
317774,1282.896372140076
317775,142.35711037065875
317776,970.7182657317512
317777,797.8269810641601
317778,516.206421156227
317779,415.0763791592061
317780,289.6759774520159
317781,1926.6361687984504
317782,1638.8525362021248
317783,1024.9665095996986
317784,864.184745059336
317785,309.1727513503999
317786,2290.637690323669
317787,1914.952231301484
317788,1218.7948355252106
317789,1019.2301730344052
317790,753.0475937295424
317791,574.1569843025432
317792,500.4612772743736
317793,312.4609615525154
317794,245.21321332054555
317795,741.3006774394919
317796,1184.0830549234443
317797,999.5519553723859
317798,637.1454806039001
317799,524.3244881546589
317800,527.8168590268853
317801,1409.102368704962
317802,1182.1261127937498
317803,739.100596184109
317804,623.3035285915391
317805,94.91559892438595
317806,602.997747021686
317807,508.22180479692344
317808,317.634270879791
317809,250.38652264782112
317810,178.02278414943555
317811,1216.647914106403
317812,1012.0374528402933
317813,648.8834351974705
317814,537.7549249265763
317815,197.54615846980005
317816,1457.6452041646733
317817,1202.4192940544401
317818,749.9942891649662
317819,635.8897037507433
317820,47.223158886779274
317821,420.9173031726384
317822,359.02535332388595
317823,232.07405283080496
317824,178.64522601202322
317825,105.94643435300809
317826,895.8948914646917
317827,744.6509597765577
317828,459.990580869109
317829,365.43151851870226
317830,134.42113639277406
317831,1053.5804790089126
317832,861.3722781695765
317833,539.408384312019
317834,441.8732468182824
317835,720.6037344044148
317836,16.543442001563132
317837,11.095672311749725
317838,18.196849192814753
317839,-4.936914123392604
317840,141.30791725671986
317841,20.332696593980856
317842,13.098425497624618
317843,13.944532531573834
317844,-8.944787874879458
317845,36.51472766858651
317846,36.90072154735859
317847,31.47641092336979
317848,30.457970771540975
317849,10.031667851655385
317850,120.7478750813078
317851,1006.2140987094567
317852,815.0782440762442
317853,522.1682064418422
317854,424.28850529125395
317855,260.31859054320785
317856,1971.0287227155427
317857,1617.5919399328175
317858,1066.6396352664806
317859,877.1335479725077
317860,326.7425377427848
317861,2358.418131921119
317862,1918.946075937388
317863,1232.3595004955098
317864,1016.6206872595739
317865,109.78460944008494
317866,787.6624739143083
317867,634.6015356677733
317868,432.53041376284943
317869,347.8953304544752
317870,223.9804962686795
317871,1579.295945907482
317872,1311.9084565824805
317873,849.9024552137188
317874,712.440853546321
317875,252.82680032961954
317876,1865.1506889232512
317877,1565.4875447663846
317878,976.4453965771073
317879,812.7510689677454
317880,751.9518963368122
317881,573.0612869098129
317882,499.36557988164327
317883,311.36526415978506
317884,244.1175159278152
317885,740.2049800467616
317886,1182.9873575307138
317887,998.4562579796557
317888,636.0497832111698
317889,523.2287907619286
317890,534.6421840325482
317891,1408.0066713122314
317892,1181.0304154010194
317893,738.0048987913788
317894,622.2078311988089
317895,93.81990153165559
317896,601.9020496289558
317897,507.1261074041932
317898,316.53857348706066
317899,249.29082525509077
317900,176.9270867567052
317901,1215.5522167136726
317902,1010.9417554475629
317903,647.7877378047402
317904,536.6592275338461
317905,196.4504610770697
317906,1456.5495067719428
317907,1201.3235966617096
317908,748.8985917722359
317909,634.794006358013
317910,46.127461494048916
317911,419.82160577990805
317912,357.9296559311556
317913,230.9783554380746
317914,177.54952861929286
317915,104.85073696027773
317916,894.7991940719614
317917,743.5552623838274
317918,458.89488347637865
317919,364.3358211259719
317920,133.3254390000437
317921,1052.484781616182
317922,860.2765807768462
317923,538.3126869192888
317924,440.777549425552
317925,719.5080370116846
317926,15.447744608832778
317927,9.999974919019376
317928,17.101151800084395
317929,-6.032611516122959
317930,105.81821668240384
317931,19.236999201250498
317932,12.002728104894267
317933,12.84883513884348
317934,-10.040485267609812
317935,35.419030275856144
317936,35.805024154628235
317937,30.380713530639433
317938,29.362273378810617
317939,8.935970458925027
317940,119.65217768857744
317941,1005.1184013167265
317942,813.982546683514
317943,521.072509049112
317944,423.1928078985236
317945,259.2228931504775
317946,1969.9330253228122
317947,1616.496242540087
317948,1065.54393787375
317949,876.0378505797775
317950,325.64684035005445
317951,2357.3224345283884
317952,1917.8503785446576
317953,1231.2638031027793
317954,1015.5249898668435
317955,108.68891204735458
317956,786.566776521578
317957,633.5058382750431
317958,431.4347163701191
317959,346.7996330617448
317960,222.88479887594914
317961,1578.2002485147516
317962,1310.81275918975
317963,848.8067578209885
317964,711.3451561535908
317965,251.7311029368892
317966,1864.0549915305207
317967,1564.3918473736542
317968,975.3496991843771
317969,811.6553715750151
317970,752.2693079073547
317971,572.7748754119743
317972,501.34868392632995
317973,310.93520410767763
317974,243.6874558757078
317975,739.9185685489231
317976,1182.7009460328752
317977,1002.6348964215437
317978,635.6197231590623
317979,522.7987307098211
317980,522.1348975318283
317981,1407.7202598143929
317982,1185.2090538429075
317983,737.5748387392713
317984,621.7777711467014
317985,93.53349003381702
317986,601.6156381311172
317987,509.1092114488799
317988,316.10851343495324
317989,248.86076520298337
317990,176.64067525886662
317991,1215.265805215834
317992,1015.1203938894508
317993,647.3576777526328
317994,536.2291674817386
317995,196.16404957923115
317996,1456.2630952741042
317997,1205.5022351035977
317998,748.4685317201285
317999,634.3639463059055
318000,45.84104999621035
318001,419.5351942820695
318002,359.9127599758423
318003,230.5482953859672
318004,177.11946856718546
318005,104.56432546243916
318006,894.5127825741229
318007,747.7339008257154
318008,458.46482342427123
318009,363.9057610738645
318010,133.03902750220516
318011,1052.1983701183435
318012,864.4552192187342
318013,537.8826268671813
318014,440.3474893734446
318015,719.221625513846
318016,15.161333110994217
318017,8.697069867250855
318018,16.67109174797698
318019,-6.462671568230372
318020,90.52112693312534
318021,18.950587703411937
318022,10.699823053125746
318023,12.418775086736067
318024,-10.470545319717225
318025,35.13261877801758
318026,35.51861265678967
318027,29.07780847887091
318028,28.932213326703202
318029,8.505910406817614
318030,119.36576619073887
318031,1004.8319898188879
318032,818.1179855834015
318033,520.6424489970045
318034,422.7627478464162
318035,258.9364816526389
318036,1969.6466138249737
318037,1620.6316814399745
318038,1065.1138778216427
318039,875.60779052767
318040,325.3604288522159
318041,2357.03602303055
318042,1921.985817444545
318043,1230.833743050672
318044,1015.094929814736
318045,108.402500549516
318046,786.2803650237395
318047,634.9585787321363
318048,431.00465631801166
318049,346.3695730096374
318050,222.5983873781106
318051,1577.913837016913
318052,1312.2654996468434
318053,848.3766977688811
318054,710.9150961014833
318055,251.44469143905064
318056,1863.7685800326822
318057,1565.8445878307475
318058,974.9196391322696
318059,811.2253115229076
318060,751.6747579144683
318061,574.0394401407984
318062,502.6132486551541
318063,312.19976883650173
318064,244.9520206045318
318065,738.186689924052
318066,1183.9655107616993
318067,1003.8994611503676
318068,636.8842878878862
318069,524.0632954386451
318070,521.5403475389417
318071,1408.984824543217
318072,1186.4736185717315
318073,738.8394034680952
318074,623.0423358755254
318075,92.93894004093063
318076,602.8802028599412
318077,510.37377617770386
318078,317.37307816377734
318079,250.12532993180739
318080,174.88902567138507
318081,1216.530369944658
318082,1016.384958618275
318083,648.6222424814569
318084,537.4937322105626
318085,195.5694995863448
318086,1457.5276600029283
318087,1206.7667998324218
318088,749.7330964489523
318089,635.6285110347295
318090,45.24650000332399
318091,420.7997590108936
318092,361.1773247046664
318093,231.81286011479122
318094,178.38403329600948
318095,102.81267587495758
318096,895.7773473029469
318097,748.9984655545394
318098,459.72938815309533
318099,365.1703258026886
318100,132.4444775093188
318101,1053.4629348471676
318102,865.7197839475582
318103,539.1471915960053
318104,441.6120541022687
318105,718.6270755209596
318106,16.42589783981827
318107,9.961634596074905
318108,17.935656476801032
318109,-5.19810683940632
318110,71.75143711516057
318111,20.215152432235993
318112,11.964387781949798
318113,13.683339815560123
318114,-9.20598059089317
318115,34.53806878513122
318116,36.78317738561374
318117,30.342373207694965
318118,30.19677805552726
318119,9.770475135641671
318120,120.4159351437768
318121,1007.7412734936362
318122,821.0272692581498
318123,523.5517326717528
318124,425.6720315211645
318125,258.82955101108155
318126,1972.5558974997223
318127,1623.5409651147231
318128,1068.0231614963914
318129,878.5170742024183
318130,326.4105978052537
318131,2359.9453067052978
318132,1924.8951011192937
318133,1233.7430267254206
318134,1018.004213489484
318135,109.22275853951913
318136,788.959737735453
318137,637.6379514438498
318138,433.6840290297252
318139,349.04894572135095
318140,222.26154577351852
318141,1580.5932097286268
318142,1314.9448723585572
318143,851.0560704805946
318144,713.5944688131968
318145,252.2649494290537
318146,1866.447952744396
318147,1568.5239605424613
318148,977.5990118439831
318149,813.9046842346212
318150,739.1820231318364
318151,607.2263488277284
318152,527.4683164922342
318153,334.23374465726044
318154,260.17810400020613
318155,630.8593304274626
318156,1232.9600780823623
318157,1032.043022439457
318158,666.0150234671157
318159,564.2457422153342
318160,431.44168566818695
318161,1462.3370253553876
318162,1216.3143525808975
318163,782.0503374167578
318164,658.1578347181809
318165,85.01475923959632
318166,634.5350965301741
318167,538.8905856881717
318168,338.7885422040371
318169,264.73290154698276
318170,174.46463983226124
318171,1264.611434029123
318172,1048.8087733612515
318173,677.7529780606862
318174,577.6761789872517
318175,205.0560557098333
318176,1521.944053057754
318177,1252.8654827743276
318178,792.9440303976149
318179,670.744009877385
318180,48.56273577607996
318181,441.4156375572261
318182,373.8307497912019
318183,246.41670770397099
318184,186.17998846010485
318185,108.21184065104664
318186,926.4190621006373
318187,773.344291362044
318188,485.717886152814
318189,399.88395864362093
318190,143.39607893007775
318191,1097.6366836752595
318192,900.937183014032
318193,576.1465945746959
318194,468.1894456187067
318195,710.3793060151536
318196,11.070315963854892
318197,3.8266972412104963
318198,14.259276119171709
318199,-7.440773357922865
318200,42.571240603683435
318201,11.960071905622675
318202,9.540960237079684
318203,21.938788719572113
318204,-4.057295245434996
318205,11.431496707366266
318206,32.44017986647316
318207,20.474918604680052
318208,37.01512187521762
318209,4.055643962821401
318210,128.76310347555795
318211,1043.2229563927633
318212,842.8307456762404
318213,546.347866853045
318214,447.68214050595583
318215,272.12553855835387
318216,2118.2483205358676
318217,1735.2075899657088
318218,1109.6675129839007
318219,930.941582101783
318220,336.5111110537171
318221,2488.248146065869
318222,2044.0341019784519
318223,1279.9781751161356
318224,1073.74042320017
318225,119.76320269510285
318226,832.4079054198577
318227,670.918471840436
318228,458.1085740800908
318229,368.18184658484984
318230,234.71244766009102
318231,1680.4225476737015
318232,1377.2367234504547
318233,897.7983988493675
318234,759.1031390097854
318235,274.6947829108172
318236,1971.63671625784
318237,1648.772042840644
318238,1040.0522174366565
318239,868.0797013541857
318240,746.5254779071405
318241,636.6273525635945
318242,544.5132997292039
318243,354.4331756142019
318244,276.01731328833705
318245,578.7046914155708
318246,1321.5575927770888
318247,1114.5740996987565
318248,710.2554954892885
318249,596.8648182915905
318250,335.8423208114044
318251,1569.9192440111442
318252,1320.6090465945715
318253,827.5022082133153
318254,697.4274021987183
318255,90.54653947623272
318256,667.068972461536
318257,559.7039563773653
318258,360.89887033865585
318259,282.48300801279106
318260,182.83389994775098
318261,1356.1927928634473
318262,1133.1973408950978
318263,721.993450082859
318264,610.295255063508
318265,214.05262616685306
318266,1636.4466691946077
318267,1360.8159315379012
318268,840.1941656695253
318269,711.8118418332753
318270,58.04249085956048
318271,464.74239659496567
318272,396.53719317627406
318273,259.82182574818995
318274,195.2248848355132
318275,125.13748489866107
318276,973.1988218094962
318277,821.0445583465698
318278,510.04039271824195
318279,412.58506926313237
318280,156.61829446339638
318281,1141.576280269551
318282,946.4379108111884
318283,601.2525242261505
318284,487.1130719541414
318285,700.5288386259494
318286,16.85507230318834
318287,8.35575137022227
318288,17.92334906094904
318289,-6.025139067945538
318290,64.35000925367973
318291,12.709663525310548
318292,11.211059132434539
318293,24.80007074872357
318294,-10.705626145189868
318295,9.23891883270436
318296,32.922731404026415
318297,23.549168102002795
318298,39.201347413031236
318299,-3.267743428271296
318300,141.6916705632477
318301,1091.1089012967782
318302,902.2141453087642
318303,574.8856036132269
318304,465.9564781087105
318305,280.7034190795974
318306,2240.911103312223
318307,1815.3755179240466
318308,1180.0105322201734
318309,983.7600279035219
318310,369.30025106150606
318311,2622.351360554269
318312,2152.170459382093
318313,1388.6164533051183
318314,1164.8541279546191
318315,132.668266149802
318316,877.1594906485259
318317,726.3569501392768
318318,482.3765113036454
318319,382.186384650977
318320,245.20801265582895
318321,1764.5655905223782
318322,1486.7125394660504
318323,935.6744038785391
318324,779.4545706044236
318325,288.88146487283285
318326,2087.0460147522836
318327,1772.4706027027837
318328,1095.7033388982697
318329,906.2062493812657
318330,714.7498648031154
318331,714.5266264942438
318332,610.5845538724386
318333,409.82653612838584
318334,334.6104275911968
318335,407.12289835439265
318336,1496.8981334869125
318337,1246.1103630718262
318338,770.7718665836186
318339,658.9041880084058
318340,300.15520887790404
318341,1748.586138661981
318342,1455.6736238674434
318343,918.1719100312689
318344,786.7159549814504
318345,113.40257613275548
318346,744.0919678622298
318347,627.4804978181597
318348,416.4890244794897
318349,341.2729159423006
318350,192.30345428809778
318351,1522.4012734856774
318352,1262.5514166269909
318353,780.1649356260035
318354,672.7925574617806
318355,224.1219648231554
318356,1806.7267563024216
318357,1493.6983211695965
318358,928.5189819362934
318359,801.5583272974648
318360,78.53704006414553
318361,529.8943818024464
318362,450.2143224862892
318363,285.6642273127971
318364,221.31632391937723
318365,137.29094088400862
318366,1057.649656698767
318367,891.8195334248783
318368,550.4006978803329
318369,454.3204750109315
318370,166.26589382459852
318371,1267.0495070613101
318372,1063.405615925985
318373,688.292675999624
318374,572.6241766556183
318375,727.5916968051636
318376,18.64806841125464
318377,14.80482591872711
318378,24.667054561703463
318379,3.824360082759595
318380,0.07540353808028696
318381,19.465449313709954
318382,20.298105858135482
318383,28.81487447680908
318384,-1.632473898338938
318385,8.56752462117118
318386,43.099946586421886
318387,40.46914592348325
318388,48.679442681098124
318389,11.221308831548086
318390,159.01965973254204
318391,1211.4627613106177
318392,1003.9025516834816
318393,638.2814717228104
318394,528.412430873943
318395,332.12142342073975
318396,2461.69516878509
318397,1969.7775899672122
318398,1289.6398583639948
318399,1079.115052115772
318400,389.16731517550835
318401,2963.0839280972914
318402,2423.6261467967242
318403,1528.8613567284801
318404,1285.3190877388543
318405,143.4860312572257
318406,972.911070367495
318407,800.0197856999039
318408,518.3992257919705
318409,417.26918379494987
318410,290.804898338583
318411,1928.828973434194
318412,1641.0453408378685
318413,1027.1593142354425
318414,866.3775496950798
318415,310.30167223696697
318416,2292.8304949594126
318417,1917.1450359372277
318418,1220.9876401609542
318419,1021.4229776701491
318420,752.6066990565413
318421,574.7799733787186
318422,501.0842663505493
318423,313.08395062869096
318424,245.83620239672098
318425,740.8597827664908
318426,1184.7060439996196
318427,1000.1749444485614
318428,637.7684696800754
318429,524.9474772308344
318430,527.3759643538841
318431,1409.7253577811373
318432,1182.7491018699252
318433,739.7235852602844
318434,623.9265176677146
318435,94.47470425138472
318436,603.6207360978615
318437,508.8447938730989
318438,318.25725995596656
318439,251.00951172399655
318440,177.5818894764343
318441,1217.2709031825784
318442,1012.6604419164688
318443,649.5064242736461
318444,538.3779140027518
318445,197.10526379679882
318446,1458.2681932408486
318447,1203.0422831306155
318448,750.6172782411415
318449,636.5126928269187
318450,46.78226421377806
318451,421.54029224881396
318452,359.6483424000615
318453,232.6970419069804
318454,179.26821508819864
318455,105.50553968000686
318456,896.5178805408672
318457,745.2739488527332
318458,460.61356994528455
318459,366.0545075948778
318460,133.98024171977283
318461,1054.203468085088
318462,861.995267245752
318463,540.0313733881945
318464,442.4962358944579
318465,718.7931745506044
318466,17.166431077738586
318467,11.718661387925186
318468,18.81983826899021
318469,-4.313925047217148
318470,98.47106215424616
318471,20.955685670156317
318472,13.721414573800079
318473,14.567521607749295
318474,-8.321798798704
318475,34.70416781477597
318476,37.52371062353406
318477,32.09939999954526
318478,31.08095984771645
318479,10.654656927830844
318480,121.95169935423088
318481,1008.4818067315565
318482,817.345952098344
318483,524.435914463942
318484,426.55621331335374
318485,261.52241481613095
318486,1973.2964307376426
318487,1619.8596479549174
318488,1068.9073432885805
318489,879.4012559946075
318490,327.9463620157079
318491,2360.685839943218
318492,1921.213783959488
318493,1234.6272085176097
318494,1018.8883952816732
318495,110.75852274997322
318496,789.7002709733733
318497,636.6393327268383
318498,434.5682108219144
318499,349.93312751354017
318500,224.95440957856775
318501,1581.333742966547
318502,1313.9462536415456
318503,851.9402522727838
318504,714.4786506053861
318505,253.8007136395077
318506,1867.1884859823163
318507,1567.5253418254497
318508,978.4831936361724
318509,814.7888660268104
318510,751.6807204880107
318511,573.853994810188
318512,500.1582877820186
318513,312.15797206016026
318514,247.40855567105547
318515,739.9338041979602
318516,1183.780065431089
318517,999.2489658800307
318518,636.8424911115449
318519,526.519830505169
318520,534.3710081837467
318521,1408.7993792126067
318522,1181.8231233013946
318523,738.7976066917538
318524,625.4988709420493
318525,93.54872568285406
318526,602.6947575293309
318527,507.91881530456834
318528,317.33128138743587
318529,252.58186499833116
318530,176.65591090790366
318531,1216.3449246140478
318532,1011.7344633479382
318533,648.5804457051155
318534,539.9502672770865
318535,196.17928522826816
318536,1457.342214672318
318537,1202.116304562085
318538,749.691299672611
318539,638.0850461012534
318540,45.85628564524741
318541,420.61431368028326
318542,358.7223638315308
318543,231.77106333844972
318544,180.8405683625333
318545,104.5795611114762
318546,895.5919019723366
318547,744.3479702842026
318548,459.68759137675386
318549,367.6268608692124
318550,133.05426315124217
318551,1053.2774895165574
318552,861.0692886772214
318553,539.105394819664
318554,444.0685891687925
318555,717.8671959820738
318556,16.24045250920792
318557,10.792682819394523
318558,17.89385970045954
318559,-7.880947011270551
318560,90.99573018186588
318561,20.029707101625657
318562,12.79543600526942
318563,13.641543039218632
318564,-11.888820762757423
318565,24.85490229207246
318566,36.59773205500339
318567,31.173421431014585
318568,30.15498127918577
318569,7.087634963777426
318570,121.02572078570022
318571,1007.5558281630259
318572,816.4199735298134
318573,523.5099358954114
318574,431.20943574344585
318575,260.59643624760025
318576,1972.370452169112
318577,1618.9336693863868
318578,1067.98136472005
318579,884.0544784246996
318580,327.0203834471772
318581,2359.7598613746873
318582,1920.2878053909574
318583,1233.701229949079
318584,1023.5416177117654
318585,109.83254418144256
318586,788.7742924048428
318587,635.7133541583078
318588,433.6422322533837
318589,354.5863499436323
318590,224.02843101003708
318591,1580.4077643980165
318592,1313.020275073015
318593,851.0142737042532
318594,719.1318730354782
318595,252.87473507097715
318596,1866.2625074137857
318597,1566.599363256919
318598,977.5572150676418
318599,819.4420884569025
318600,743.2212241325985
318601,570.8068498284625
318602,499.3806583428181
318603,307.20072077404507
318604,247.72426636768247
318605,730.8704847741669
318606,1180.7329204493635
318607,1000.6668708380317
318608,631.8852398254295
318609,526.8355412017958
318610,512.3389994475392
318611,1405.0044199213482
318612,1182.4932139498628
318613,733.0925410961055
318614,625.066767329143
318615,93.50192417440175
318616,601.693591200782
318617,509.18716451854465
318618,314.4200087544973
318619,254.94355434813488
318620,176.60910939945137
318621,1215.343758285499
318622,1015.1983469591162
318623,645.6691730721768
318624,542.3119566268899
318625,195.38466941028284
318626,1455.5932340342363
318627,1204.8323738637298
318628,746.0322127301393
318629,639.6989211415238
318630,45.809484136795135
318631,419.61314735173437
318632,359.99071304550716
318633,228.85979070551116
318634,183.20225771233697
318635,104.53275960302389
318636,894.5907356437876
318637,747.8118538953802
318638,456.7763187438153
318639,369.9885502190161
318640,132.25964733325685
318641,1051.5285088784756
318642,863.7853579788659
318643,535.4463078771922
318644,445.68246420906314
318645,716.1318678553697
318646,15.239286180659043
318647,8.77502293691569
318648,14.982587067520981
318649,-5.519257661466897
318650,96.56715499229098
318651,19.028540773076777
318652,10.777776122790575
318653,10.730270406280068
318654,-9.527131412953754
318655,23.11957416536855
318656,35.596565726454514
318657,29.155761548535743
318658,27.243708646247214
318659,9.449324313581087
318660,120.88108481516826
318661,1006.5546618344771
318662,819.8406575989906
318663,520.5986632624728
318664,433.5711250932495
318665,260.45180027706823
318666,1971.3692858405632
318667,1622.354353455564
318668,1065.0700920871113
318669,886.416167774503
318670,326.87574747664524
318671,2358.7586950461387
318672,1923.7084894601346
318673,1230.7899573161405
318674,1025.903307061569
318675,109.6879082109106
318676,787.7731260762938
318677,636.4513397846906
318678,430.73095962044516
318679,356.94803929343595
318680,223.88379503950517
318681,1579.4065980694677
318682,1313.758260699398
318683,848.1030010713146
318684,721.4935623852816
318685,252.7300991004453
318686,1865.2613410852368
318687,1567.3373488833022
318688,974.6459424347031
318689,821.803777806706
318690,743.2212241325985
318691,570.8068498284625
318692,499.3806583428181
318693,307.20072077404507
318694,247.72426636768247
318695,727.2815454625937
318696,1180.7329204493635
318697,1000.6668708380317
318698,631.8852398254295
318699,526.8355412017958
318700,511.89025946086167
318701,1404.5556799346707
318702,1182.0444739631853
318703,732.643801109428
318704,624.6180273424656
318705,93.50192417440175
318706,601.693591200782
318707,509.18716451854465
318708,314.4200087544973
318709,254.94355434813488
318710,176.60910939945137
318711,1215.343758285499
318712,1015.1983469591162
318713,645.6691730721768
318714,542.3119566268899
318715,194.93592942360536
318716,1455.1444940475587
318717,1204.3836338770523
318718,745.5834727434618
318719,639.2501811548464
318720,45.809484136795135
318721,419.61314735173437
318722,359.99071304550716
318723,228.85979070551116
318724,183.20225771233697
318725,104.53275960302389
318726,894.5907356437876
318727,747.8118538953802
318728,456.7763187438153
318729,369.9885502190161
318730,131.81090734657937
318731,1051.079768891798
318732,863.3366179921885
318733,534.9975678905148
318734,445.2337242223857
318735,716.1318678553697
318736,15.239286180659043
318737,8.77502293691569
318738,14.982587067520981
318739,-5.519257661466897
318740,87.57256755226032
318741,19.028540773076777
318742,10.777776122790575
318743,10.730270406280068
318744,-9.527131412953754
318745,23.11957416536855
318746,35.596565726454514
318747,29.155761548535743
318748,27.243708646247214
318749,9.449324313581087
318750,120.88108481516826
318751,1006.5546618344771
318752,819.8406575989906
318753,520.5986632624728
318754,433.5711250932495
318755,260.45180027706823
318756,1971.3692858405632
318757,1622.354353455564
318758,1065.0700920871113
318759,886.416167774503
318760,326.87574747664524
318761,2358.7586950461387
318762,1923.7084894601346
318763,1230.7899573161405
318764,1025.903307061569
318765,109.6879082109106
318766,787.7731260762938
318767,636.4513397846906
318768,430.73095962044516
318769,356.94803929343595
318770,223.88379503950517
318771,1579.4065980694677
318772,1313.758260699398
318773,848.1030010713146
318774,721.4935623852816
318775,252.7300991004453
318776,1865.2613410852368
318777,1567.3373488833022
318778,974.6459424347031
318779,821.803777806706
318780,730.3768136569036
318781,603.6420828223293
318782,523.8840504868351
318783,328.8830209017406
318784,262.59867407029384
318785,632.1224420195603
318786,1227.465078068781
318787,1026.5480224258756
318788,660.6642997115958
318789,566.6663122854217
318790,420.8661640250382
318791,1456.9824471817726
318792,1210.9597744072826
318793,774.929301493022
318794,658.8080926200524
318795,85.22606768000422
318796,632.9968091779517
318797,537.3522983359493
318798,335.48379710169394
318799,269.1994502702471
318800,175.83304786726433
318801,1263.0731466769007
318802,1047.2704860090291
318803,674.448232958343
318804,582.1427277105158
318805,203.49705198202523
318806,1516.4588563955924
318807,1247.380286112166
318808,787.8689731270558
318809,673.4402464324332
318810,48.77404421648794
318811,439.8773502050037
318812,372.29246243897956
318813,243.11196260162777
318814,190.64653718336916
318815,109.5802486860498
318816,924.880774748415
318817,771.8060040098217
318818,482.4131410504708
318819,404.35050736688527
318820,141.8370752022697
318821,1094.3280841548212
318822,897.6285834935937
318823,571.0715373041368
318824,470.8856821737551
318825,707.5324226565006
318826,9.53202861163249
318827,2.2884098889880944
318828,10.954531016828469
318829,-8.113599873046624
318830,57.86305932400309
318831,10.42178455340027
318832,8.002672884857276
318833,18.634043617228883
318834,-4.730121760558755
318835,8.58461334871324
318836,30.90189251425076
318837,18.936631252457644
318838,33.71037677287438
318839,3.3828174476976454
318840,128.87657745388623
318841,1041.684669040541
318842,841.2924583240181
318843,543.0431217507019
318844,455.2295583849777
318845,273.3961121312774
318846,2116.7100331836455
318847,1733.6693026134865
318848,1106.3627678815574
318849,938.4889999808047
318850,336.6245850320455
318851,2486.709858713647
318852,2042.4958146262293
318853,1276.6734300137923
318854,1081.2878410791916
318855,119.87667667343118
318856,830.8696180676353
318857,669.3801844882137
318858,454.8038289777476
318859,375.7292644638717
318860,235.98302123301445
318861,1678.8842603214791
318862,1375.6984360982324
318863,894.4936537470243
318864,766.650556888807
318865,274.8082568891456
318866,1970.0984289056175
318867,1647.2337554884216
318868,1036.7474723343125
318869,875.6271192332073
318870,734.6300826349847
318871,630.7481317335064
318872,538.6340788991157
318873,346.7874970339927
318874,276.14292853373536
318875,566.8092961434149
318876,1313.767637938818
318877,1106.7841448604859
318878,702.6098169090794
318879,596.9904335369888
318880,322.12386474056035
318881,1562.216962382368
318882,1312.9067649657952
318883,818.0334688344182
318884,695.7299566454285
318885,87.66766211941771
318886,663.2357302846244
318887,555.8707142004538
318888,355.29917041162327
318889,284.654601911366
318890,179.95502259093587
318891,1352.3595506865356
318892,1129.3640987181861
318893,716.3937501558266
318894,612.466848962083
318895,209.35068801134983
318896,1628.6137690772848
318897,1352.9830314205783
318898,832.7714049438049
318899,712.1603749331622
318900,55.163613502745456
318901,460.9091544180539
318902,392.7039509993623
318903,254.22212582115748
318904,197.3964787340882
318905,122.25860754184602
318906,969.3655796325846
318907,817.2113161696583
318908,504.4406927912094
318909,414.7566631617073
318910,151.91635630789315
318911,1135.9199772939514
318912,940.7816078355888
318913,593.8297635004301
318914,487.4616050540282
318915,698.1759247369093
318916,14.513552895773724
318917,6.014231962807658
318918,13.815371903413592
318919,-7.501197638261505
318920,61.29290290275988
318921,10.368144117895921
318922,8.869539725019921
318923,20.692093591188108
318924,-12.181684715505858
318925,2.45446308936139
318926,30.528463366139643
318927,21.154900064116056
318928,35.04062162502367
318929,-4.796550629059382
318930,138.9774311091737
318931,1087.5381314846873
318932,898.6433754966733
318933,574.1672600739902
318934,468.41764829747456
318935,277.9891796255234
318936,2237.3403335001326
318937,1811.8047481119556
318938,1179.2921886809365
318939,986.2211980922862
318940,366.5332629769599
318941,2618.727842111706
318942,2148.5469409395305
318943,1387.8453611354093
318944,1167.2625495129114
318945,131.3657676801254
318946,875.0004618208325
318947,724.1979213115834
318948,478.8137688279681
318949,387.316605028744
318950,243.9055141861522
318951,1762.4065616946848
318952,1484.553510638357
318953,932.1116614028621
318954,784.5847909821905
318955,287.5262177726841
318956,2084.8342372941183
318957,1770.2588252446183
318958,1092.0878477921203
318959,911.2837211285605
318960,702.194161721555
318961,708.9990813572188
318962,605.0570087354135
318963,402.5325332412398
318964,335.0877185296583
318965,401.9636675987721
318966,1489.459854341705
318967,1238.6720839266188
318968,763.4778636964727
318969,659.3814789468672
318970,293.1729173235954
318971,1741.235532726268
318972,1448.3230179317304
318973,909.054846345435
318974,785.3701851212238
318975,110.87537446900356
318976,740.6104013783814
318977,623.9989313343114
318978,411.24100024552024
318979,343.7961855339387
318980,189.77625262434586
318981,1518.919707001829
318982,1259.0698501431425
318983,774.9169113920343
318984,675.3158270534187
318985,219.77170236071535
318986,1799.245531878162
318987,1486.217096745337
318988,921.4478969036361
318989,802.2585360904149
318990,76.00983840039369
318991,526.4128153185981
318992,446.73275600244057
318993,280.41620307882766
318994,223.83959351101538
318995,134.7637392202567
318996,1054.1680902149187
318997,888.3379669410299
318998,545.1526736463637
318999,456.8437446025696
319000,161.91563136215848
319001,1261.7448797787738
319002,1058.1009886434488
319003,681.2215909669667
319004,573.3243854485684
319005,725.5904586091866
319006,16.658224696903194
319007,12.814982204375672
319008,20.910753097231176
319009,2.6999772055068023
319010,-2.6300271197765763
319011,17.475605599358502
319012,18.308262143784038
319013,25.05857301233681
319014,-2.7568567755917313
319015,2.134744570891373
319016,41.057354241598325
319017,38.426553578659686
319018,44.87039258615374
319019,10.044177323823185
319020,156.65709597153122
319021,1208.24366719159
319022,1000.6834575644539
319023,637.9148038766368
319024,531.2252767557704
319025,329.7588596597289
319026,2458.4760746660627
319027,1966.5584958481838
319028,1289.2731905178211
319029,1081.9278979975998
319030,386.75200278402536
319031,2959.8120853477917
319032,2420.3543040472246
319033,1528.4419402518345
319034,1288.07918499021
319035,142.53520848061228
319036,971.1037172328647
319037,798.2124325652736
319038,515.1881590093561
319039,422.75107986578
319040,289.85407556196947
319041,1927.021620299564
319042,1639.2379877032383
319043,1023.9482474528286
319044,871.8594457659099
319045,309.2981008298814
319046,2290.9703931943104
319047,1915.2849341721255
319048,1217.723824747868
319049,1026.8521251105071
319050,740.4076134348607
319051,569.526449172432
319052,493.1142701694959
319053,305.05256800078007
319054,245.5761135944175
319055,728.6606971448101
319056,1177.5417857851508
319057,987.6235871358227
319058,629.7370870521648
319059,524.687388428531
319060,513.3538179335154
319061,1402.6487727761628
319062,1170.2854177666811
319063,729.8691418336856
319064,621.8433680667232
319065,91.29213654504501
319066,600.4131905447515
319067,502.9207763452221
319068,312.2718559812323
319069,252.79540157486986
319070,174.3993217700945
319071,1214.0633576294686
319072,1004.0657972650894
319073,643.5210202989119
319074,540.1638038536252
319075,192.09963529177088
319076,1453.2375868890508
319077,1192.624577680548
319078,742.8088134677195
319079,636.475521879104
319080,43.59969650743828
319081,418.3327466957038
319082,353.724324872185
319083,226.7116379322462
319084,181.054104939072
319085,102.32297197366711
319086,893.3103349877572
319087,736.6793042013535
319088,454.6281659705503
319089,367.8403974457511
319090,128.9746132147449
319091,1049.1728617332901
319092,851.5775617956842
319093,532.2229086147725
319094,442.45906494664314
319095,718.8182045322479
319096,16.762577333524693
319097,8.598335668944891
319098,15.638126103152175
319099,-4.863718625835711
319100,85.50130632697393
319101,20.55183192594241
319102,14.027526516748566
319103,11.385809441911261
319104,-8.871592377322564
319105,21.374368987943832
319106,37.06710824884803
319107,32.35276331202161
319108,27.846499051406298
319109,10.052114718740155
319110,120.24573859003128
319111,1006.8487025826664
319112,812.9963759746876
319113,524.6438359164028
319114,429.9436484938154
319115,259.8164540519311
319116,1971.6633265887524
319117,1612.3649217440873
319118,1069.115264741041
319119,882.7886911750693
319120,326.187652621036
319121,2358.9999871638556
319122,1913.6663091181858
319123,1234.7823813395983
319124,1022.223081831663
319125,110.46430297017099
319126,793.6584259128349
319127,633.7014975875793
319128,431.9317333379345
319129,355.9896128830045
319130,224.66018979876546
319131,1585.2918979060087
319132,1307.863268415113
319133,849.3037747888043
319134,720.5351359748505
319135,253.45374522923333
319136,1871.0938922913058
319137,1561.389607968545
319138,975.7939675217207
319139,820.7926027658027
319140,740.4076134348607
319141,569.526449172432
319142,493.1142701694959
319143,305.05256800078007
319144,245.5761135944175
319145,728.6606971448101
319146,1177.5417857851508
319147,987.6235871358227
319148,629.7370870521648
319149,524.687388428531
319150,521.2748403319085
319151,1402.6487727761628
319152,1170.2854177666811
319153,729.8691418336856
319154,621.8433680667232
319155,91.29213654504501
319156,600.4131905447515
319157,502.9207763452221
319158,312.2718559812323
319159,252.79540157486986
319160,174.3993217700945
319161,1214.0633576294686
319162,1004.0657972650894
319163,643.5210202989119
319164,540.1638038536252
319165,192.09963529177088
319166,1453.2375868890508
319167,1192.624577680548
319168,742.8088134677195
319169,636.475521879104
319170,43.59969650743828
319171,418.3327466957038
319172,353.724324872185
319173,226.7116379322462
319174,181.054104939072
319175,102.32297197366711
319176,893.3103349877572
319177,736.6793042013535
319178,454.6281659705503
319179,367.8403974457511
319180,128.9746132147449
319181,1049.1728617332901
319182,851.5775617956842
319183,532.2229086147725
319184,442.45906494664314
319185,718.8182045322479
319186,16.762577333524693
319187,8.598335668944891
319188,15.638126103152175
319189,-4.863718625835711
319190,85.50130632697393
319191,20.55183192594241
319192,14.027526516748566
319193,11.385809441911261
319194,-8.871592377322564
319195,21.374368987943832
319196,37.06710824884803
319197,32.35276331202161
319198,27.846499051406298
319199,10.052114718740155
319200,120.24573859003128
319201,1006.8487025826664
319202,812.9963759746876
319203,524.6438359164028
319204,429.9436484938154
319205,259.8164540519311
319206,1971.6633265887524
319207,1612.3649217440873
319208,1069.115264741041
319209,882.7886911750693
319210,326.187652621036
319211,2358.9999871638556
319212,1913.6663091181858
319213,1234.7823813395983
319214,1022.223081831663
319215,110.46430297017099
319216,793.6584259128349
319217,633.7014975875793
319218,431.9317333379345
319219,355.9896128830045
319220,224.66018979876546
319221,1585.2918979060087
319222,1307.863268415113
319223,849.3037747888043
319224,720.5351359748505
319225,253.45374522923333
319226,1871.0938922913058
319227,1561.389607968545
319228,975.7939675217207
319229,820.7926027658027
319230,740.7250250054032
319231,569.2400376745934
319232,495.0973742141826
319233,304.62250794867265
319234,245.1460535423101
319235,728.3742856469715
319236,1177.2553742873122
319237,991.8022255777107
319238,629.3070270000574
319239,524.2573283764235
319240,508.7675538311886
319241,1402.3623612783242
319242,1174.4640562085692
319243,729.4390817815781
319244,621.4133080146157
319245,91.00572504720644
319246,600.1267790469129
319247,504.9038803899088
319248,311.8417959291249
319249,252.36534152276246
319250,174.11291027225593
319251,1213.77694613163
319252,1008.2444357069774
319253,643.0909602468045
319254,539.7337438015177
319255,191.81322379393234
319256,1452.9511753912122
319257,1196.8032161224362
319258,742.378753415612
319259,636.0454618269965
319260,43.31328500959972
319261,418.04633519786523
319262,355.70742891687166
319263,226.2815778801388
319264,180.6240448869646
319265,102.03656047582854
319266,893.0239234899186
319267,740.8579426432415
319268,454.1981059184429
319269,367.41033739364366
319270,128.68820171690635
319271,1048.8864502354515
319272,855.7562002375722
319273,531.792848562665
319274,442.0290048945357
319275,715.6955050251398
319276,16.476165835686132
319277,7.295430617176368
319278,15.208066051044762
319279,-5.293778677943124
319280,82.37860681986577
319281,20.265420428103848
319282,12.724621464980045
319283,10.955749389803849
319284,-9.301652429429977
319285,18.25166948083568
319286,36.780696751009465
319287,31.04985826025308
319288,27.416438999298883
319289,9.622054666632742
319290,119.95932709219271
319291,1006.5622910848278
319292,817.1318148745751
319293,524.2137758642954
319294,429.51358844170795
319295,259.5300425540925
319296,1971.3769150909138
319297,1616.5003606439748
319298,1068.6852046889337
319299,882.3586311229618
319300,325.90124112319745
319301,2358.7135756660173
319302,1917.8017480180733
319303,1234.352321287491
319304,1021.7930217795555
319305,110.17789147233242
319306,793.3720144149963
319307,635.1542380446725
319308,431.50167328582705
319309,355.5595528308971
319310,224.37377830092692
319311,1585.00548640817
319312,1309.3160088722063
319313,848.8737147366968
319314,720.105075922743
319315,253.1673337313948
319316,1870.8074807934672
319317,1562.8423484256384
319318,975.3639074696132
319319,820.3625427136952
319320,740.7250250054032
319321,569.2400376745934
319322,495.0973742141826
319323,304.62250794867265
319324,245.1460535423101
319325,723.0742804905428
319326,1177.2553742873122
319327,991.8022255777107
319328,629.3070270000574
319329,524.2573283764235
319330,508.7675538311886
319331,1402.3623612783242
319332,1174.4640562085692
319333,729.4390817815781
319334,621.4133080146157
319335,91.00572504720644
319336,600.1267790469129
319337,504.9038803899088
319338,311.8417959291249
319339,252.36534152276246
319340,174.11291027225593
319341,1213.77694613163
319342,1008.2444357069774
319343,643.0909602468045
319344,539.7337438015177
319345,191.81322379393234
319346,1452.9511753912122
319347,1196.8032161224362
319348,742.378753415612
319349,636.0454618269965
319350,43.31328500959972
319351,418.04633519786523
319352,355.70742891687166
319353,226.2815778801388
319354,180.6240448869646
319355,102.03656047582854
319356,893.0239234899186
319357,740.8579426432415
319358,454.1981059184429
319359,367.41033739364366
319360,128.68820171690635
319361,1048.8864502354515
319362,855.7562002375722
319363,531.792848562665
319364,442.0290048945357
319365,715.6955050251398
319366,16.476165835686132
319367,7.295430617176368
319368,15.208066051044762
319369,-5.293778677943124
319370,73.38401937983511
319371,20.265420428103848
319372,12.724621464980045
319373,10.955749389803849
319374,-9.301652429429977
319375,18.25166948083568
319376,36.780696751009465
319377,31.04985826025308
319378,27.416438999298883
319379,9.622054666632742
319380,119.95932709219271
319381,1006.5622910848278
319382,817.1318148745751
319383,524.2137758642954
319384,429.51358844170795
319385,259.5300425540925
319386,1971.3769150909138
319387,1616.5003606439748
319388,1068.6852046889337
319389,882.3586311229618
319390,325.90124112319745
319391,2358.7135756660173
319392,1917.8017480180733
319393,1234.352321287491
319394,1021.7930217795555
319395,110.17789147233242
319396,793.3720144149963
319397,635.1542380446725
319398,431.50167328582705
319399,355.5595528308971
319400,224.37377830092692
319401,1585.00548640817
319402,1309.3160088722063
319403,848.8737147366968
319404,720.105075922743
319405,253.1673337313948
319406,1870.8074807934672
319407,1562.8423484256384
319408,975.3639074696132
319409,820.3625427136952
319410,727.8806145297082
319411,602.0752706684603
319412,519.6007663581997
319413,326.3048080763682
319414,260.0204612449214
319415,621.5564730110497
319416,1224.29817640887
319417,1017.9940216676948
319418,658.0860868862236
319419,564.0880994600494
319420,418.31721626737055
319421,1455.3628863974316
319422,1203.953114524672
319423,772.2983400371776
319424,656.177131164208
319425,82.72986855280887
319426,631.4299970240827
319427,533.0690142073139
319428,332.9055842763215
319429,266.6212374448747
319430,173.3368487400689
319431,1261.5063345230317
319432,1040.3165747568905
319433,671.8700201329708
319434,579.5645148851436
319435,200.94810422435765
319436,1514.8392956112514
319437,1240.3736262295554
319438,785.2380116712114
319439,670.8092849765889
319440,46.27784508929252
319441,438.3105380511346
319442,368.00917831034405
319443,240.5337497762554
319444,188.0683243579968
319445,107.08404955885445
319446,923.313962594546
319447,764.852092757683
319448,479.8349282250984
319449,401.77229454151285
319450,139.2881274446021
319451,1092.7085233704802
319452,890.6219236109829
319453,568.4405758482924
319454,468.2547207179106
319455,707.0960598262707
319456,10.768908266659569
319457,0.8088175692487769
319458,11.180010000352246
319459,-7.8881208895228445
319460,52.91065575820619
319461,11.658664208427352
319462,9.94951822704674
319463,18.859522600752666
319464,-4.504642777034981
319465,3.716708664180353
319466,32.08602353880573
319467,20.830727964175
319468,33.88310712592604
319469,3.555547800749304
319470,127.95481973091061
319471,1041.6922982908916
319472,838.5836155996026
319473,546.6582343525245
319474,451.1720217334361
319475,272.4743544083017
319476,2116.7176624339963
319477,1727.8153098018972
319478,1109.9778804833797
319479,934.4314633292635
319480,335.6500786785977
319481,2486.6647393335256
319482,2036.5890731841707
319483,1280.2357939851427
319484,1077.1775557971782
319485,120.36665993485305
319486,836.4685064063378
319487,668.0830827481956
319488,455.5745426431295
319489,374.3407780013328
319490,236.47300449443622
319491,1684.4831486601815
319492,1371.2561842710406
319493,895.2643674124065
319494,765.2620704262685
319495,275.2454915200952
319496,1975.644568613848
319497,1642.7387550307578
319498,1037.4654373692224
319499,874.1858841401965
319500,734.2801169627036
319501,630.1451859969521
319502,535.3146611877951
319503,343.192828538693
319504,276.7067788697447
319505,540.4121506144695
319506,1311.1184322612144
319507,1098.7478400846126
319508,699.0151484137798
319509,597.5542838729981
319510,321.7738990682793
319511,1561.6140166458138
319512,1306.9167201309715
319513,814.4388003391185
319514,696.2938069814378
319515,87.31769644713664
319516,662.6327845480702
319517,552.5512964891332
319518,351.7045019163236
319519,285.21845224737535
319520,179.60505691865478
319521,1351.7566049499815
319522,1123.3740538833624
319523,712.799081660527
319524,613.0306992980923
319525,209.00072233906874
319526,1628.0108233407307
319527,1346.9929865857546
319528,829.1767364485053
319529,712.7242252691715
319530,54.81364783046439
319531,460.3062086814997
319532,389.3845332880417
319533,250.62745732585762
319534,197.9603290700975
319535,121.90864186956495
319536,968.7626338960304
319537,811.2212713348343
319538,500.84602429590973
319539,415.32051349771666
319540,151.56639063561207
319541,1135.3170315573973
319542,934.7915630007649
319543,590.2350950051305
319544,488.0254553900375
319545,696.3016400947579
319546,15.2225761986186
319547,4.006783290886138
319548,17.02260260672491
319549,-5.625378262853141
319550,66.21044770673616
319551,11.077167420740805
319552,10.28852871502719
319553,23.899324294499426
319554,-10.305865340097467
319555,0.5801784472097655
319556,31.237486668984523
319557,22.573889054123317
319558,38.247852328334986
319559,-2.920731253651013
319560,139.93943447629164
319561,1088.247154787532
319562,896.6359268247519
319563,569.6303703825955
319564,473.9424549260057
319565,278.95118299264124
319566,2238.0493568029774
319567,1806.6521493528605
319568,1174.7552989895419
319569,991.7460047208177
319570,367.49526634407783
319571,2619.436865414551
319572,2143.394342180435
319573,1383.3084714440147
319574,1172.7873561414426
319575,132.32777104724335
319576,879.8890032276316
319577,722.190472639662
319578,474.27687913657326
319579,392.8414116572751
319580,244.86751755327015
319581,1767.2951031014838
319582,1479.400911879262
319583,927.5747717114674
319584,790.1095976107218
319585,288.488221139802
319586,2089.7227787009174
319587,1765.1062264855232
319588,1087.5509581007257
319589,916.8085277570918
319590,702.5254253519936
319591,709.0773649233842
319592,602.4188203268126
319593,399.61909404865963
319594,336.33279816838717
319595,376.24775137254625
319596,1487.4918779668208
319597,1231.317008453465
319598,760.5644245038927
319599,660.6265585855962
319600,293.50418095403387
319601,1741.3138162924333
319602,1443.0142023996261
319603,906.141407152855
319604,786.6152647599528
319605,111.20663809944202
319606,740.6886849445468
319607,621.3607429257104
319608,408.3275610529401
319609,345.0412651726676
319610,190.10751625478437
319611,1518.9979905679943
319612,1253.7610346110382
319613,772.0034721994543
319614,676.5609066921477
319615,220.10296599115387
319616,1799.3238154443272
319617,1480.9082812132326
319618,918.5344577110561
319619,803.5036157291438
319620,76.34110203083219
319621,526.4910988847635
319622,444.09456759383954
319623,277.5027638862475
319624,225.08467314974428
319625,135.0950028506952
319626,1054.246373781084
319627,883.0291514089256
319628,542.2392344537838
319629,458.0888242412985
319630,162.246894992597
319631,1261.823163344939
319632,1052.7921731113445
319633,678.3081517743867
319634,574.5694650872973
319635,723.4027878231373
319636,17.053861855850236
319637,10.494147388556309
319638,23.804597656644646
319639,4.2624104370173335
319640,-0.8840883017638411
319641,17.871242758305545
319642,19.41386498989345
319643,27.95241757175028
319644,-1.1944235440812032
319645,-0.05292621515810485
319646,41.45299140054536
319647,39.5321564247691
319648,47.76423714556721
319649,11.60661055533371
319650,157.30571319475135
319651,1208.639304350537
319652,998.3626227486345
319653,633.0645280413443
319654,536.4366972404039
319655,330.4074768829489
319656,2458.8717118250097
319657,1961.092510945191
319658,1284.4229146825287
319659,1087.1393184822332
319660,387.40062000724544
319661,2960.2077225067387
319662,2414.8883191442314
319663,1523.591664416542
319664,1293.2906054748435
319665,143.1838257038324
319666,975.678872495766
319667,795.8915977494543
319668,510.3378831740634
319669,427.9625003504133
319670,290.50269278518954
319671,1931.5967755624652
319672,1633.7720028002454
319673,1019.097971617536
319674,877.0708662505433
319675,309.94671805310145
319676,2295.5455484572117
319677,1909.8189492691326
319678,1212.8735489125756
319679,1032.0635455951408
319680,741.0444872849998
319681,570.1633230225711
319682,489.8675947048408
319683,306.0617757514678
319684,246.53759624258143
319685,720.254812106177
319686,1176.6174253424758
319687,982.815677378354
319688,632.571323516044
319689,523.9603531960806
319690,505.1149347728766
319691,1403.2856466263017
319692,1167.0387423020259
319693,732.7033782975648
319694,621.1163328342728
319695,91.92901039518414
319696,601.0500643948907
319697,499.67410088056704
319698,313.28106373192
319699,253.75688422303378
319700,175.03619562023368
319701,1214.7002314796075
319702,1000.8191218004345
319703,646.3552567627911
319704,539.4367686211748
319705,192.73650914191006
319706,1453.8744607391898
319707,1189.3779022158928
319708,745.6430499315986
319709,635.7484866466536
319710,44.23657035757742
319711,418.96962054584293
319712,350.4776494075299
319713,227.72084568293397
319714,182.01558758723593
319715,102.95984582380623
319716,893.9472088378964
319717,733.4326287366986
319718,457.4624024344294
319719,367.1133622133006
319720,129.61148706488407
319721,1049.809735583429
319722,848.3308863310293
319723,535.0571450786516
319724,441.73202971419266
319725,715.6685303790805
319726,16.44919118962685
319727,8.284949525047047
319728,15.32473995925433
319729,-5.177104769733555
319730,82.3516321738065
319731,20.23844578204456
319732,13.714140372850721
319733,11.072423298013417
319734,-9.184978521220408
319735,18.224694834776393
319736,36.753722104950185
319737,32.03937716812377
319738,27.53311290750845
319739,9.73872857484231
319740,119.93235244613344
319741,1006.5353164387685
319742,812.6829898307897
319743,524.330449772505
319744,429.63026234991753
319745,259.50306790803324
319746,1971.3499404448546
319747,1612.0515356001895
319748,1068.8018785971433
319749,882.4753050311714
319750,325.8742664771382
319751,2358.686601019958
319752,1913.352922974288
319753,1234.4689951957005
319754,1021.9096956877656
319755,110.15091682627315
319756,793.345039768937
319757,633.3881114436814
319758,431.61834719403663
319759,355.67622673910665
319760,224.34680365486764
319761,1584.9785117621109
319762,1307.5498822712152
319763,848.9903886449064
319764,720.2217498309526
319765,253.14035908533552
319766,1870.780506147408
319767,1561.0762218246473
319768,975.4805813778228
319769,820.4792166219048
319770,741.4915183190542
319771,570.1633230225711
319772,489.8675947048408
319773,306.0617757514678
319774,246.53759624258143
319775,713.9457129059822
319776,1176.6174253424758
319777,982.815677378354
319778,632.571323516044
319779,523.9603531960806
319780,508.4722123564657
319781,1403.2856466263017
319782,1167.0387423020259
319783,732.7033782975648
319784,621.1163328342728
319785,91.92901039518414
319786,601.0500643948907
319787,499.67410088056704
319788,313.28106373192
319789,253.75688422303378
319790,175.03619562023368
319791,1214.7002314796075
319792,1000.8191218004345
319793,646.3552567627911
319794,539.4367686211748
319795,192.73650914191006
319796,1453.8744607391898
319797,1189.3779022158928
319798,745.6430499315986
319799,635.7484866466536
319800,44.23657035757742
319801,418.96962054584293
319802,350.4776494075299
319803,227.72084568293397
319804,182.01558758723593
319805,102.95984582380623
319806,893.9472088378964
319807,733.4326287366986
319808,457.4624024344294
319809,367.1133622133006
319810,129.61148706488407
319811,1049.809735583429
319812,848.3308863310293
319813,535.0571450786516
319814,441.73202971419266
319815,715.6685303790805
319816,16.44919118962685
319817,8.284949525047047
319818,15.32473995925433
319819,-5.177104769733555
319820,82.3516321738065
319821,20.23844578204456
319822,13.714140372850721
319823,11.072423298013417
319824,-9.184978521220408
319825,18.224694834776393
319826,36.753722104950185
319827,32.03937716812377
319828,27.53311290750845
319829,9.73872857484231
319830,119.93235244613344
319831,1006.5353164387685
319832,812.6829898307897
319833,524.330449772505
319834,429.63026234991753
319835,259.50306790803324
319836,1971.3499404448546
319837,1612.0515356001895
319838,1068.8018785971433
319839,882.4753050311714
319840,325.8742664771382
319841,2358.686601019958
319842,1913.352922974288
319843,1234.4689951957005
319844,1021.9096956877656
319845,110.15091682627315
319846,793.345039768937
319847,633.3881114436814
319848,431.61834719403663
319849,355.67622673910665
319850,224.34680365486764
319851,1584.9785117621109
319852,1307.5498822712152
319853,848.9903886449064
319854,720.2217498309526
319855,253.14035908533552
319856,1870.780506147408
319857,1561.0762218246473
319858,975.4805813778228
319859,820.4792166219048
319860,741.8089298895967
319861,569.8769115247326
319862,491.8506987495275
319863,305.63171569936037
319864,246.10753619047404
319865,713.6593014081436
319866,1176.3310138446373
319867,986.994315820242
319868,632.1412634639365
319869,523.5302931439732
319870,495.9649258557459
319871,1402.9992351284632
319872,1171.217380743914
319873,732.2733182454573
319874,620.6862727821654
319875,91.64259889734556
319876,600.7636528970521
319877,501.6572049252537
319878,312.8510036798126
319879,253.3268241709264
319880,174.7497841223951
319881,1214.413819981769
319882,1004.9977602423224
319883,645.9251967106836
319884,539.0067085690673
319885,192.45009764407152
319886,1453.5880492413512
319887,1193.556540657781
319888,745.2129898794911
319889,635.3184265945462
319890,43.950158859738856
319891,418.68320904800436
319892,352.4607534522166
319893,227.29078563082658
319894,181.58552753512853
319895,102.67343432596766
319896,893.6607973400578
319897,737.6112671785866
319898,457.032342382322
319899,366.6833021611932
319900,129.32507556704553
319901,1049.5233240855905
319902,852.5095247729173
319903,534.6270850265441
319904,441.30196966208524
319905,715.3821188812419
319906,16.162779691788284
319907,6.982044473278524
319908,14.894679907146918
319909,-5.607164821840969
319910,82.06522067596792
319911,19.952034284206
319912,12.4112353210822
319913,10.642363245906004
319914,-9.615038573327821
319915,17.938283336937833
319916,36.46731060711162
319917,30.736472116355237
319918,27.103052855401035
319919,9.308668522734898
319920,119.64594094829486
319921,1006.24890494093
319922,816.8184287306772
319923,523.9003897203975
319924,429.2002022978101
319925,259.2166564101947
319926,1971.063528947016
319927,1616.186974500077
319928,1068.371818545036
319929,882.0452449790639
319930,325.5878549792996
319931,2358.4001895221195
319932,1917.4883618741756
319933,1234.038935143593
319934,1021.4796356356582
319935,109.86450532843457
319936,793.0586282710984
319937,634.8408519007746
319938,431.1882871419292
319939,355.24616668699923
319940,224.0603921570291
319941,1584.6921002642723
319942,1309.0026227283086
319943,848.5603285927989
319944,719.7916897788451
319945,252.85394758749698
319946,1870.4940946495694
319947,1562.5289622817406
319948,975.0505213257153
319949,820.0491565697973
319950,740.9705338022003
319951,569.0385154373363
319952,491.01230266213116
319953,307.0731675199837
319954,240.9572369845663
319955,691.1360627829944
319956,1175.0075921090045
319957,985.6708940846099
319958,635.6475076047186
319959,518.3799939380657
319960,495.12652976834926
319961,1402.160839041066
319962,1170.3789846565169
319963,735.7795623862396
319964,615.5359735762579
319965,90.80420280994879
319966,599.9252568096557
319967,500.81880883785726
319968,314.29245550043595
319969,248.17652496501864
319970,173.9113880349983
319971,1213.5754238943719
319972,1004.159364154926
319973,649.4314408514659
319974,533.8564093631599
319975,191.61170155667472
319976,1452.7496531539541
319977,1192.7181445703839
319978,748.7192340202735
319979,630.1681273886387
319980,43.11176277234212
319981,417.8448129606077
319982,351.62235736481995
319983,228.73223745144975
319984,176.4352283292208
319985,101.83503823857089
319986,892.8224012526614
319987,736.7728710911902
319988,460.53858652310396
319989,361.53300295528555
319990,128.48667947964876
319991,1048.6849279981934
319992,851.6711286855209
319993,538.1333291673263
319994,436.1516704561776
319995,717.6102317154607
319996,15.673561564392987
319997,6.492826345883229
319998,16.685309687771582
319999,-7.317419159785172
320000,91.1260105487339
320001,19.462816156810703
320002,11.922017193686907
320003,14.497785346689323
320004,-11.32529291127202
320005,20.166396171156347
320006,35.97809247971632
320007,30.24725398895994
320008,30.95847495618436
320009,7.598414184790696
320010,118.64802504382001
320011,1005.2509890364554
320012,815.8205128262026
320013,525.1823217239428
320014,420.9435110629739
320015,258.21874050571995
320016,1970.065613042541
320017,1615.1890585956019
320018,1071.7185428687394
320019,873.7885537442278
320020,324.5899390748249
320021,2357.402273617645
320022,1916.4904459697004
320023,1237.3856594672966
320024,1013.2229444008216
320025,108.86658942395971
320026,792.0607123666239
320027,633.8429359963001
320028,432.47021914547446
320029,346.98947545216305
320030,223.0624762525542
320031,1583.6941843597972
320032,1308.0047068238334
320033,851.907052916503
320034,711.534998544009
320035,251.85603168302214
320036,1869.4961787450943
320037,1561.5310463772655
320038,978.3972456494193
320039,811.7924653349612
320040,728.1261233265053
320041,601.873748431203
320042,515.5156948061484
320043,328.75546764767927
320044,255.83164468717766
320045,595.9769593399609
320046,1223.6504837366042
320047,1013.462779680635
320048,664.426567490885
320049,558.2107650216916
320050,404.67619220453133
320051,1455.1613641601734
320052,1199.8680429726196
320053,778.638820641839
320054,650.2997967258502
320055,82.52834631555122
320056,631.2284747868255
320057,528.9839426552626
320058,335.3562438476326
320059,262.43242088713095
320060,173.13532650281127
320061,1261.3048122857736
320062,1036.2315032048382
320063,678.2105007376322
320064,573.6871804467858
320065,200.74658198710003
320066,1514.6377733739932
320067,1236.288554677503
320068,791.5784922758728
320069,664.931950538231
320070,46.07632285203492
320071,438.1090158138771
320072,363.92410675829234
320073,242.98440934756636
320074,183.87950780025298
320075,106.8825273215968
320076,923.1124403572887
320077,760.7670212056316
320078,486.1754088297595
320079,395.89496010315474
320080,139.0866052073445
320081,1092.507001133222
320082,886.5368520589316
320083,574.7810564529537
320084,462.37738627955247
320085,709.0107865165916
320086,9.966303995366424
320087,0.0062132979556347835
320088,12.657253637079068
320089,-9.911761371364895
320090,60.69137153921098
320091,10.856059937134214
320092,9.146913955753599
320093,22.401558557638126
320094,-6.528283258877025
320095,5.6314353545010345
320096,31.28341926751258
320097,20.02812369288186
320098,37.425143082811516
320099,1.5319073189072556
320100,126.64351768253788
320101,1040.3809962425187
320102,837.2723135512301
320103,547.6267802121719
320104,442.6019443547021
320105,271.1630523599291
320106,2115.406360385624
320107,1726.5040077535243
320108,1113.0112186631854
320109,925.8613859505294
320110,334.33877663022514
320111,2485.353437285153
320112,2035.2777711357983
320113,1283.2691321649484
320114,1068.607478418444
320115,119.05535788648035
320116,835.1572043579654
320117,666.7717806998231
320118,456.5430885027769
320119,365.7707006225988
320120,235.16170244606352
320121,1683.1718466118086
320122,1369.9448822226677
320123,898.2977055922127
320124,756.6919930475344
320125,273.9341894717226
320126,1974.333266565475
320127,1641.427452982385
320128,1040.498775549029
320129,865.6158067614625
320130,734.5256257595007
320131,629.9436637596948
320132,531.2295896357438
320133,345.64348811000406
320134,272.517962312001
320135,533.9015291770174
320136,1310.9169100239562
320137,1094.6627685325602
320138,705.3556290184412
320139,591.6769494346403
320140,317.00863201621775
320141,1561.4124944085556
320142,1302.8316485789192
320143,820.7792809437799
320144,690.41647254308
320145,87.11617420987899
320146,662.4312623108129
320147,548.4662249370818
320148,354.15516148763464
320149,281.0296356896316
320150,179.40353468139716
320151,1351.5550827127233
320152,1119.28898233131
320153,719.1395622651884
320154,607.1533648597344
320155,208.79920010181112
320156,1627.8093011034725
320157,1342.9079150337022
320158,835.5172170531666
320159,706.8468908308137
320160,54.612125593206756
320161,460.1046864442422
320162,385.29946173599
320163,253.07811689716857
320164,193.77151251235367
320165,121.70711963230725
320166,968.5611116587731
320167,807.136199782783
320168,507.1865049005708
320169,409.44317905935856
320170,151.36486839835445
320171,1135.1155093201392
320172,930.7064914487136
320173,596.5755756097918
320174,482.1481209516794
320175,698.2163667850788
320176,14.41997192732546
320177,3.2041790195929964
320178,18.49984624345172
320179,-7.649018744695185
320180,73.99116348774092
320181,10.274563149447664
320182,9.485924443734048
320183,27.441360251384893
320184,-12.32950582193952
320185,2.494905137530445
320186,30.43488239769138
320187,21.771284782830175
320188,41.789888285220464
320189,-4.944371735493054
320190,138.62813242791893
320191,1086.9358527391591
320192,895.3246247763794
320193,570.5989162422429
320194,465.3723775472717
320195,277.63988094426867
320196,2236.738054754605
320197,1805.3408473044876
320198,1177.7886371693476
320199,983.1759273420836
320200,366.18396429570527
320201,2618.1255633661785
320202,2142.0830401320627
320203,1386.3418096238204
320204,1164.2172787627085
320205,131.01646899887064
320206,878.5777011792592
320207,720.8791705912895
320208,475.24542499622066
320209,384.2713342785411
320210,243.55621550489744
320211,1765.983801053111
320212,1478.089609830889
320213,930.6081098912736
320214,781.5395202319878
320215,287.17691909142945
320216,2088.411476652545
320217,1763.7949244371503
320218,1090.5842962805314
320219,908.2384503783578
320220,702.0807870026188
320221,708.185695539955
320222,590.5937057823163
320223,405.3176207181366
320224,327.49260825514824
320225,369.0622712923199
320226,1486.6154970867883
320227,1219.5071824123652
320228,770.1680607101176
320229,650.1131392951409
320230,287.7896506755364
320231,1740.163030828739
320232,1430.9299717748645
320233,915.4706387754179
320234,775.8274408858355
320235,110.58130810981612
320236,740.0633549549212
320237,609.8019677750177
320238,414.2924271162206
320239,336.4674146532322
320240,189.4974747685562
320241,1518.3879490817653
320242,1242.217547963742
320243,781.8734477994828
320244,666.313826795496
320245,219.21851992126375
320246,1798.4393693744364
320247,1469.0903899822745
320248,928.1300287274227
320249,792.9821312488301
320250,75.71577204120624
320251,525.8657688951379
320252,432.5357924431466
320253,283.46762994952803
320254,216.51082263030875
320255,134.48496136446707
320256,1053.636332294855
320257,871.4856647616307
320258,552.1092100538123
320259,447.8417443446465
320260,161.36244892270688
320261,1260.9387172750482
320262,1040.9742818803863
320263,687.9037227907532
320264,564.0479806069836
320265,718.7387403122185
320266,17.629024892277073
320267,4.019414578710114
320268,29.29920700924215
320269,-1.6431047826151248
320270,7.482723676887828
320271,17.654734684659292
320272,12.147461069974169
320273,36.01856397062032
320274,-6.593194037599807
320275,2.1734920891475067
320276,40.962078743237136
320277,31.99134792118781
320278,55.55597896077525
320279,5.933435478153145
320280,157.78083985312924
320281,1212.0380444682983
320282,994.7114670201233
320283,639.8549415559646
320284,523.9852045905081
320285,329.6822710322233
320286,2458.1465059742845
320287,1953.3174092481916
320288,1291.9803633043184
320289,1073.3900686193483
320290,385.72913029613187
320291,2958.5362327956254
320292,2406.166933586845
320293,1530.2028291779438
320294,1278.5950717515707
320295,143.6589523622103
320296,974.9876719750184
320297,788.1505013824337
320298,515.8645448056734
320299,414.24725581750715
320300,289.7774869344639
320301,1930.8715697117386
320302,1625.9969011032458
320303,1026.6554202393268
320304,863.3216163876593
320305,308.2752283419879
320306,2293.8740587460984
320307,1901.0975637117451
320308,1219.4847136739775
320309,1017.3680118718687
320310,739.3424398408268
320311,568.0142445443439
320312,480.66862038034014
320313,310.9291329339141
320314,236.9139619448355
320315,711.8119229311526
320316,1174.4836353676453
320317,973.6319915572512
320318,639.518761522047
320319,514.352007401733
320320,498.14299539958085
320321,1400.8774520678094
320322,1157.5806518972604
320323,739.376411719906
320324,611.2335824562632
320325,89.77993191695636
320326,598.9009859166633
320327,490.47512655606636
320328,318.14842091436634
320329,244.13324992528797
320330,172.90240564540358
320331,1212.566441504777
320332,991.6354359793315
320333,653.3026947687941
320334,529.8284228268271
320335,190.32831458341803
320336,1451.4662661806974
320337,1179.9198118111274
320338,752.3160833539398
320339,625.865736268644
320340,42.08749187934969
320341,416.82054206761535
320342,341.27867508302927
320343,232.58820286538014
320344,172.3919532894901
320345,100.82605584897618
320346,891.8134188630668
320347,724.248942915596
320348,464.4098404404321
320349,357.5050164189526
320350,127.20329250639206
320351,1047.4015410249367
320352,838.8727959262648
320353,541.7301785009927
320354,431.8492793361827
320355,707.2065674646426
320356,16.198501080741522
320357,0.9843635698886842
320358,20.79206967485597
320359,-11.109899626361866
320360,96.88180413683307
320361,19.19608456308615
320362,5.621883307619263
320363,19.111290059887565
320364,-14.611028651734879
320365,22.096694130592265
320366,35.43695630232979
320367,23.67271551923035
320368,35.29757508572067
320369,4.0382738606658934
320370,118.53625269186087
320371,1008.0628301438801
320372,807.1606076896284
320373,530.0482103827911
320374,416.10611679568757
320375,256.9066356446572
320376,1968.7535081814779
320377,1602.4052074905396
320378,1075.286674314599
320379,867.6534022639532
320380,322.33155035337415
320381,2355.1438848961943
320382,1902.7603110042503
320383,1240.0075070527682
320384,1006.1415090601586
320385,108.75481707200053
320386,790.782612835539
320387,623.7757886640104
320388,436.0723559213124
320389,340.88832930186635
320390,221.75037139149129
320391,1582.3820794987341
320392,1297.9035541615654
320393,855.475184362363
320394,705.3998470637345
320395,249.59764296157135
320396,1867.2377900236434
320397,1550.4836098546095
320398,981.0190932348914
320399,804.7110299942987
320400,739.1408662573112
320401,598.1007408359853
320402,497.3975219685071
320403,311.19954137873935
320404,243.95179314676952
320405,673.0549908795351
320406,1204.917558743465
320407,996.4292855834606
320408,637.1883436255932
320409,524.3673511763521
320410,349.95777922271526
320411,1433.0461252384043
320412,1179.062357487883
320413,737.839176010333
320414,622.0421084177632
320415,121.33609857938565
320416,613.2885669901165
320417,502.4934394064925
320418,318.67626715747133
320419,251.4285189255014
320420,196.96855729754827
320421,1228.243017270303
320422,1007.6133706453314
320423,651.2297146706202
320424,540.101204399726
320425,215.18764842244354
320426,1467.9360241331037
320427,1196.6909286640089
320428,751.0362854426467
320429,636.9317000284237
320430,62.93431587851529
320431,431.2081231410689
320432,353.29698793345494
320433,233.11604910848524
320434,179.6872222897035
320435,122.9618745402133
320436,907.4899946285914
320437,740.2268775815959
320438,462.33686034225855
320439,367.7777979918518
320440,150.13229338450998
320441,1063.871298977343
320442,855.6439127791455
320443,540.4503805896995
320444,442.9152430959627
320445,725.2631801976487
320446,28.026035622127782
320447,11.15999843331225
320448,20.430619122629256
320449,-2.7031441935781007
320450,130.99064112064826
320451,31.815290214545502
320452,13.162751619187143
320453,16.178302461388334
320454,-6.711017945064954
320455,7.169931464072832
320456,48.383315167923236
320457,31.540737044932317
320458,32.691740701355485
320459,12.26543778146989
320460,145.70228303827872
320461,1020.7290128884002
320462,809.8084115544565
320463,524.4019763716569
320464,426.5222752210684
320465,293.797528393259
320466,1998.5980242505905
320467,1612.3221074110295
320468,1068.873405196295
320469,879.3673179023224
320470,360.12129830463283
320471,2383.397575632251
320472,1913.6762434156
320473,1234.5932704253241
320474,1018.8544571893884
320475,134.73901739705568
320476,802.6016874717121
320477,629.3317031459856
320478,434.7641836926639
320479,350.12910038428964
320480,249.68246890202738
320481,1594.235159464886
320482,1306.6386240606926
320483,852.1362251435335
320484,714.6746234761357
320485,282.42071109056485
320486,1886.2816187536216
320487,1560.2177122445967
320488,978.679166506922
320489,814.98483889756
320490,739.2851640853507
320491,598.2450386640248
320492,499.8113353390719
320493,311.20019065251006
320494,243.95244242054028
320495,671.8950055121054
320496,1203.7575733760352
320497,999.7343501557574
320498,635.8847097038946
320499,523.0637172546535
320500,350.1020770507548
320501,1433.190423066444
320502,1183.6717052556494
320503,737.8398252841035
320504,622.0427576915338
320505,121.4803964074252
320506,613.432864818156
320507,504.9072527770573
320508,318.67691643124203
320509,251.42916819927217
320510,195.80857193011866
320511,1227.0830319028732
320512,1010.9184352176283
320513,649.9260807489215
320514,538.7975704780274
320515,215.33194625048316
320516,1468.0803219611435
320517,1201.3002764317753
320518,751.0369347164172
320519,636.9323493021943
320520,63.078613706554854
320521,431.35242096910844
320522,355.71080130401975
320523,233.116698382256
320524,179.68787156347426
320525,121.80188917278362
320526,906.3300092611616
320527,743.5319421538927
320528,461.03322642056
320529,366.4741640701533
320530,150.2765912125496
320531,1064.0155968053828
320532,860.2532605469115
320533,540.4510298634701
320534,442.9158923697334
320535,724.215704373554
320536,26.97855979803317
320537,9.09602905528768
320538,19.23949474426579
320539,-3.894268571941564
320540,129.94316529655367
320541,30.76781439045089
320542,11.098782241162573
320543,14.987178083024876
320544,-7.902142323428414
320545,6.12245563997822
320546,47.335839343828624
320547,29.476767666907744
320548,31.500616322992013
320549,11.074313403106428
320550,144.65480721418413
320551,1019.6815370643055
320552,813.1827861280879
320553,523.2108519932933
320554,425.331150842705
320555,292.7500525691644
320556,1997.5505484264959
320557,1615.696481984661
320558,1067.6822808179315
320559,878.1761935239588
320560,359.07382248053824
320561,2382.3500998081568
320562,1917.0506179892316
320563,1233.4021460469608
320564,1017.6633328110248
320565,133.69154157296109
320566,801.5542116476174
320567,630.0233792768227
320568,433.57305931430045
320569,348.9379760059262
320570,248.6349930779328
320571,1593.1876836407914
320572,1307.33030019153
320573,850.9451007651699
320574,713.4834990977721
320575,281.37323526647026
320576,1885.234142929527
320577,1560.909388375434
320578,977.4880421285584
320579,813.7937145191964
320580,738.1894666926205
320581,597.1493412712946
320582,498.71563794634153
320583,310.1044932597797
320584,242.85674502780992
320585,667.210368807802
320586,1202.6618759833048
320587,998.6386527630272
320588,634.7890123111644
320589,521.9680198619233
320590,349.00637965802446
320591,1432.0947256737136
320592,1182.576007862919
320593,736.7441278913733
320594,620.9470602988035
320595,120.38469901469483
320596,612.3371674254257
320597,503.81155538432705
320598,317.5812190385117
320599,250.3334708065418
320600,194.7128745373883
320601,1225.9873345101428
320602,1009.8227378248978
320603,648.8303833561913
320604,537.7018730852972
320605,214.2362488577528
320606,1466.984624568413
320607,1200.2045790390448
320608,749.941237323687
320609,635.8366519094641
320610,61.982916313824504
320611,430.2567235763781
320612,354.6151039112894
320613,232.02100098952565
320614,178.5921741707439
320615,120.70619178005326
320616,905.2343118684314
320617,742.4362447611625
320618,459.93752902782967
320619,365.3784666774229
320620,149.18089381981923
320621,1062.9198994126523
320622,859.1575631541813
320623,539.3553324707399
320624,441.82019497700304
320625,723.1200069808237
320626,25.882862405302813
320627,8.00033166255733
320628,18.143797351535426
320629,-4.989965964671918
320630,90.10846251920918
320631,29.672116997720533
320632,10.003084848432218
320633,13.891480690294525
320634,-8.99783971615877
320635,-3.073356263477287
320636,46.240141951098266
320637,28.381070274177386
320638,30.404918930261655
320639,9.97861601037607
320640,143.55910982145377
320641,1018.5858396715753
320642,812.0870887353576
320643,522.1151546005631
320644,424.2354534499746
320645,291.654355176434
320646,1996.4548510337654
320647,1614.6007845919305
320648,1066.586583425201
320649,877.0804961312285
320650,357.9781250878079
320651,2381.2544024154263
320652,1915.954920596501
320653,1232.3064486542303
320654,1016.5676354182945
320655,132.59584418023073
320656,800.4585142548872
320657,628.9276818840924
320658,432.4773619215701
320659,347.84227861319584
320660,247.53929568520243
320661,1592.091986248061
320662,1306.2346027987994
320663,849.8494033724396
320664,712.3878017050419
320665,280.2775378737399
320666,1884.1384455367966
320667,1559.8136909827035
320668,976.3923447358281
320669,812.6980171264662
320670,739.2328016718877
320671,623.2134249602798
320672,524.2078869122815
320673,332.7756502093986
320674,258.72000955234427
320675,575.755317098027
320676,1244.5336183060228
320677,1027.4193951809768
320678,664.556929019254
320679,562.7876477674724
320680,296.9334421583863
320681,1478.3241014879393
320682,1213.0539230009451
320683,780.592242968896
320684,656.6997402703191
320685,113.09769934222062
320686,644.6292422245187
320687,532.9655460236548
320688,339.63386420763163
320689,265.57822355057726
320690,190.40225221733715
320691,1274.705579723468
320692,1042.8837336967347
320693,678.5983000642809
320694,578.5215009908463
320695,219.83656850031403
320696,1532.0381987520989
320697,1246.9404431098108
320698,793.7893524012096
320699,671.5893318809797
320700,65.9363332154406
320701,451.50978325157075
320702,367.9057101266851
320703,247.26202970756555
320704,187.0253104636994
320705,126.74253768500249
320706,936.513207794982
320707,767.4192516975272
320708,486.5632081564085
320709,400.72928064721543
320710,160.76967636943832
320711,1107.7308293696044
320712,895.0121433495152
320713,576.9919165782906
320714,469.0347676223012
320715,712.917482485008
320716,21.164461658199563
320717,2.502575436553052
320718,15.104598122766246
320719,-6.595451354328328
320720,64.34445356595124
320721,22.054217599967345
320722,8.216838432422234
320723,22.784110723166645
320724,-3.211973241840464
320725,-9.318365282654128
320726,42.534325560817884
320727,19.150796800022608
320728,37.860443878812134
320729,4.900965966415934
320730,150.63853055723703
320731,1052.7997749747044
320732,832.6228175574503
320733,543.6435411858573
320734,444.977814838768
320735,303.6825951277084
320736,2140.879526473914
320737,1724.9996618469183
320738,1106.9631873167125
320739,928.2372564345952
320740,373.0998657291174
320741,2514.5784691688436
320742,2033.826173859663
320743,1277.2738494489474
320744,1071.0360975329818
320745,141.86854073981667
320746,842.6389343432938
320747,660.9404546846806
320748,455.63415937593777
320749,365.7074318806968
320750,258.72244997577684
320751,1690.6535765971378
320752,1367.258706294699
320753,895.3239841452145
320754,756.6287243056324
320755,303.2514717283385
320756,1989.8713094230754
320757,1638.7940256848883
320758,1037.5778027325032
320759,865.6052866500327
320760,731.5074171262789
320761,656.3948585280646
320762,541.4261320091334
320763,353.14834302622216
320764,274.7324807003573
320765,419.1089333213826
320766,1333.3043948606314
320767,1110.1237343001585
320768,708.9706629013089
320769,595.5799857036109
320770,276.06849038532175
320771,1589.6867499756147
320772,1317.5218788745012
320773,826.2173756253356
320774,696.1425696107386
320775,120.19336817359805
320776,680.9435479877993
320777,553.9521785727306
320778,361.9174542021325
320779,283.5015918762677
320780,193.97622930927454
320781,1366.4602004176743
320782,1127.445563090463
320783,723.0120339463358
320784,611.3138389269848
320785,225.3145139636783
320786,1650.3212447208714
320787,1355.0641537332665
320788,841.2127495330021
320789,712.8304256967521
320790,76.97997689366211
320791,478.616972121229
320792,390.7854153716394
320793,260.8404096116666
320794,196.24346869898986
320795,138.87289890906445
320796,983.466229363723
320797,815.2927805419351
320798,511.0589765817186
320799,413.603653126609
320800,174.16741153814587
320801,1155.4508557958147
320802,940.6861330065537
320803,602.2711080896273
320804,488.131655817618
320805,695.6281016028745
320806,30.729647829451768
320807,7.204891425446987
320808,18.941932924425714
320809,-5.006555204468842
320810,67.07569863985896
320811,22.977071079537378
320812,10.060199187659256
320813,25.818654612200262
320814,-9.68704228171317
320815,7.979795997886193
320816,46.79730693028987
320817,22.39830815722751
320818,40.219931276507936
320819,-2.249159564794601
320820,156.64715470730226
320821,1108.0157973814207
320822,895.7291267206385
320823,575.9041874767037
320824,466.9750619721871
320825,300.4353020061538
320826,2267.2652187809335
320827,1808.8904993359208
320828,1181.02911608365
320829,984.7786117669987
320830,398.9690627992817
320831,2656.011761159944
320832,2145.6854407939672
320833,1389.6350371685949
320834,1165.8727118180957
320835,147.62375029385657
320836,894.4906861116284
320837,719.8719315511512
320838,483.395095167122
320839,383.20496851445364
320840,257.1629303656818
320841,1778.2896180134444
320842,1480.2275208779247
320843,936.6929877420159
320844,780.4731544679004
320845,310.2882997896947
320846,2112.380774457186
320847,1765.985584114658
320848,1096.7219227617463
320849,907.2248332447425
320850,700.0473558803724
320851,734.6458081517769
320852,607.8490618454313
320853,408.89337923346926
320854,333.67727069628023
320855,311.5315426579117
320856,1508.9966112635184
320857,1242.0116733662915
320858,769.8387096887021
320859,657.9710311134893
320860,292.57731440197966
320861,1768.7053203195148
320862,1452.9381318404364
320863,917.2387531363524
320864,785.782798086534
320865,143.40108052318396
320866,758.3182190815563
320867,622.0803957065882
320868,417.85928403602946
320869,342.6431754988404
320870,203.79745934268453
320871,1533.0203567329677
320872,1257.1513145154195
320873,781.5351951825435
320874,674.1628170183205
320875,235.73552831304383
320876,1820.9530075217485
320877,1488.298219058025
320878,929.8892414928333
320879,802.9285868540047
320880,97.82620179131034
320881,544.120633021773
320882,444.81422037471765
320883,287.0344868693369
320884,222.68658347591708
320885,151.3780305874752
320886,1068.2687399460574
320887,886.4194313133067
320888,551.7709574368729
320889,455.6907345674713
320890,184.1666865924112
320891,1281.275758280637
320892,1058.0055138144137
320893,689.6629355561639
320894,573.9944362121582
320895,723.0426354751518
320896,32.87431963058126
320897,14.005641667015002
320898,26.037314118243337
320899,5.194619639299473
320900,23.131053714686438
320901,30.084532560999968
320902,19.49892160642338
320903,30.185134033348955
320904,-0.26221434179905784
320905,7.660077479416148
320906,57.3261978057485
320907,39.66996167177115
320908,50.049702237638
320909,12.591568388087964
320910,174.3268195696598
320911,1228.7213330883235
320912,997.7692087884192
320913,639.6517312793503
320914,529.782690430483
320915,352.2049820403593
320916,2488.4009599468636
320917,1963.6442470721495
320918,1291.0101179205346
320919,1080.485311672312
320920,419.18780260634713
320921,2997.0960043960295
320922,2417.4928039016613
320923,1530.23161628502
320924,1286.6893472953943
320925,158.79319109434346
320926,990.5939415236606
320927,793.8864428048414
320928,519.7694853485107
320929,418.63944335148966
320930,303.1114917414992
320931,1942.9046766183235
320932,1634.911997942806
320933,1028.5295737919823
320934,867.7478092516197
320935,332.06018284689196
320936,2318.516930357378
320937,1911.0116930421652
320938,1222.357899717494
320939,1022.7932372266889
320940,739.1306809101882
320941,599.1544392380389
320942,498.4512203705607
320943,312.253239780793
320944,245.0054915488231
320945,671.7405223369428
320946,1204.6669739500492
320947,996.1787007900449
320948,636.9377588321777
320949,524.1167663829365
320950,349.94759387559225
320951,1434.099823640458
320952,1180.1160558899367
320953,738.8928744123866
320954,623.0958068198167
320955,121.32591323226248
320956,614.34226539217
320957,503.5471378085461
320958,319.729965559525
320959,252.482217327555
320960,195.65408875495598
320961,1227.9924324768872
320962,1007.3627858519158
320963,650.9791298772046
320964,539.8506196063104
320965,215.17746307532047
320966,1468.9897225351574
320967,1197.7446270660625
320968,752.0899838447001
320969,637.9853984304773
320970,62.924130531392215
320971,432.26182154312255
320972,354.3506863355086
320973,234.16974751053883
320974,180.74092069175708
320975,121.64740599762096
320976,907.2394098351757
320977,739.9762927881802
320978,462.086275548843
320979,367.52721319843624
320980,150.1221080373869
320981,1064.9249973793967
320982,856.697611181199
320983,541.5040789917531
320984,443.96894149801636
320985,724.0612211983914
320986,27.887960372047186
320987,11.021923183231664
320988,20.292543872548663
320989,-2.8412194436586935
320990,77.01013313491512
320991,31.677214964464913
320992,13.024676369106556
320993,16.04022721130775
320994,-6.849093195145543
320995,-2.1321420459095863
320996,48.24523991784265
320997,31.402661794851728
320998,32.553665451274895
320999,12.127362531389299
321000,146.1450429849457
321001,1022.2356565842439
321002,811.3150552503001
321003,525.9086200675006
321004,428.0289189169122
321005,294.24028833992605
321006,2000.1046679464343
321007,1613.8287511068734
321008,1070.3800488921388
321009,880.873961598166
321010,360.5640582512999
321011,2384.9042193280943
321012,1915.182887111444
321013,1236.099914121168
321014,1020.3611008852316
321015,134.95186638068787
321016,803.878420204521
321017,630.6084358787945
321018,436.04091642547286
321019,351.4058331170986
321020,249.89531788565958
321021,1595.511892197695
321022,1307.9153567935016
321023,853.4129578763424
321024,715.9513562089446
321025,282.63356007419713
321026,1887.5583514864306
321027,1561.4944449774057
321028,979.9558992397309
321029,816.261571630369
321030,739.1306809101882
321031,599.1544392380389
321032,498.4512203705607
321033,312.253239780793
321034,245.0054915488231
321035,671.7405223369428
321036,1204.6669739500492
321037,996.1787007900449
321038,636.9377588321777
321039,524.1167663829365
321040,349.94759387559225
321041,1434.099823640458
321042,1180.1160558899367
321043,738.8928744123866
321044,623.0958068198167
321045,121.32591323226248
321046,614.34226539217
321047,503.5471378085461
321048,319.729965559525
321049,252.482217327555
321050,195.65408875495598
321051,1227.9924324768872
321052,1007.3627858519158
321053,650.9791298772046
321054,539.8506196063104
321055,215.17746307532047
321056,1468.9897225351574
321057,1197.7446270660625
321058,752.0899838447001
321059,637.9853984304773
321060,62.924130531392215
321061,432.26182154312255
321062,354.3506863355086
321063,234.16974751053883
321064,180.74092069175708
321065,121.64740599762096
321066,907.2394098351757
321067,739.9762927881802
321068,462.086275548843
321069,367.52721319843624
321070,150.1221080373869
321071,1064.9249973793967
321072,856.697611181199
321073,541.5040789917531
321074,443.96894149801636
321075,724.0612211983914
321076,27.887960372047186
321077,11.021923183231664
321078,20.292543872548663
321079,-2.8412194436586935
321080,77.01013313491512
321081,31.677214964464913
321082,13.024676369106556
321083,16.04022721130775
321084,-6.849093195145543
321085,-2.1321420459095863
321086,48.24523991784265
321087,31.402661794851728
321088,32.553665451274895
321089,12.127362531389299
321090,146.1450429849457
321091,1022.2356565842439
321092,811.3150552503001
321093,525.9086200675006
321094,428.0289189169122
321095,294.24028833992605
321096,2000.1046679464343
321097,1613.8287511068734
321098,1070.3800488921388
321099,880.873961598166
321100,360.5640582512999
321101,2384.9042193280943
321102,1915.182887111444
321103,1236.099914121168
321104,1020.3611008852316
321105,134.95186638068787
321106,803.878420204521
321107,630.6084358787945
321108,436.04091642547286
321109,351.4058331170986
321110,249.89531788565958
321111,1595.511892197695
321112,1307.9153567935016
321113,853.4129578763424
321114,715.9513562089446
321115,282.63356007419713
321116,1887.5583514864306
321117,1561.4944449774057
321118,979.9558992397309
321119,816.261571630369
321120,738.8442694123496
321121,598.8680277402003
321122,500.4343244152474
321123,311.8231797286856
321124,244.5754314967157
321125,671.4541108391043
321126,1204.3805624522106
321127,1000.3573392319329
321128,636.5076987800702
321129,523.686706330829
321130,349.6611823777537
321131,1433.8134121426194
321132,1184.2946943318248
321133,738.4628143602791
321134,622.6657467677093
321135,121.03950173442391
321136,614.0558538943314
321137,505.5302418532328
321138,319.2999055074176
321139,252.0521572754476
321140,195.3676772571174
321141,1227.7060209790486
321142,1011.5414242938037
321143,650.5490698250971
321144,539.4205595542029
321145,214.89105157748193
321146,1468.7033110373188
321147,1201.9232655079506
321148,751.6599237925926
321149,637.5553383783698
321150,62.63771903355365
321151,431.975410045284
321152,356.3337903801953
321153,233.73968745843143
321154,180.3108606396497
321155,121.3609944997824
321156,906.9529983373371
321157,744.1549312300682
321158,461.65621549673557
321159,367.0971531463288
321160,149.83569653954837
321161,1064.6385858815581
321162,860.876249623087
321163,541.0740189396456
321164,443.53888144590894
321165,723.7748097005529
321166,27.601548874208625
321167,9.719018131463141
321168,19.86248382044125
321169,-3.271279495766108
321170,76.72372163707655
321171,31.390803466626352
321172,11.721771317338034
321173,15.61016715920034
321174,-7.279153247252956
321175,-2.418553543748149
321176,47.95882842000409
321177,30.099756743083205
321178,32.12360539916748
321179,11.697302479281886
321180,145.85863148710715
321181,1021.9492450864053
321182,815.4504941501876
321183,525.4785600153931
321184,427.59885886480475
321185,293.9538768420875
321186,1999.8182564485958
321187,1617.9641900067609
321188,1069.9499888400314
321189,880.4439015460586
321190,360.27764675346134
321191,2384.617807830256
321192,1919.3183260113315
321193,1235.6698540690606
321194,1019.9310408331241
321195,134.66545488284933
321196,803.5920087066825
321197,632.0611763358877
321198,435.61085637336544
321199,350.9757730649912
321200,249.60890638782104
321201,1595.2254806998565
321202,1309.368097250595
321203,852.9828978242349
321204,715.5212961568371
321205,282.34714857635856
321206,1887.271939988592
321207,1562.947185434499
321208,979.5258391876234
321209,815.8315115782615
321210,737.918290843819
321211,597.9420491716697
321212,499.5083458467168
321213,310.8972011601549
321214,246.1477847710503
321215,666.9391929590005
321216,1203.45458388368
321217,999.4313606634022
321218,635.5817202115396
321219,525.2590596051637
321220,348.735203809223
321221,1432.8874335740888
321222,1183.3687157632942
321223,737.5368357917486
321224,624.2381000420439
321225,120.11352316589331
321226,613.1298753258009
321227,504.6042632847022
321228,318.3739269388869
321229,253.6245105497822
321230,194.44169868858677
321231,1226.780042410518
321232,1010.6154457252732
321233,649.6230912565666
321234,540.9929128285376
321235,213.96507300895126
321236,1467.7773324687882
321237,1200.99728693942
321238,750.733945224062
321239,639.1276916527045
321240,61.711740465022984
321241,431.0494314767533
321242,355.4078118116646
321243,232.81370888990077
321244,181.88321391398435
321245,120.43501593125174
321246,906.0270197688066
321247,743.2289526615376
321248,460.7302369282049
321249,368.6695064206634
321250,148.9097179710177
321251,1063.7126073130275
321252,859.9502710545564
321253,540.148040371115
321254,445.11123472024354
321255,722.8488311320223
321256,26.675570305677958
321257,8.793039562932474
321258,18.93650525191058
321259,-6.838301459819508
321260,61.88863447774841
321261,30.464824898095692
321262,10.79579274880737
321263,14.684188590669674
321264,-10.846175211306377
321265,-12.26781906645164
321266,47.03284985147342
321267,29.173778174552538
321268,31.197626830636807
321269,8.130280515228465
321270,144.93265291857648
321271,1021.0232665178746
321272,814.524515581657
321273,524.5525814468625
321274,432.25208129489687
321275,293.0278982735568
321276,1998.8922778800652
321277,1617.0382114382303
321278,1069.0240102715009
321279,885.0971239761507
321280,359.35166818493065
321281,2383.691829261725
321282,1918.3923474428009
321283,1234.74387550053
321284,1024.5842632632161
321285,133.73947631431867
321286,802.6660301381519
321287,631.1351977673571
321288,434.68487780483474
321289,355.6289954950833
321290,248.68292781929037
321291,1594.2995021313259
321292,1308.4421186820643
321293,852.0569192557043
321294,720.1745185869293
321295,281.42117000782787
321296,1886.3459614200615
321297,1562.0212068659685
321298,978.5998606190929
321299,820.4847340083536
321300,737.091356554112
321301,622.382984926804
321302,523.3774468788059
321303,330.1787524258022
321304,263.8944055943554
321305,573.6138719802514
321306,1243.7031782725471
321307,1026.588955147501
321308,661.9600312356575
321309,567.9620438094834
321310,294.04418273107757
321311,1476.7458471449306
321312,1211.4756686579365
321313,777.2475308757665
321314,661.126322002797
321315,110.87579050566204
321316,643.7183384722603
321317,532.0546422713963
321318,336.9565027052524
321319,270.67215587380554
321320,188.1803433807786
321321,1273.7946759712095
321322,1041.9728299444762
321323,675.9209385619016
321324,583.6154333140744
321325,216.8668453542224
321326,1530.3794806903074
321327,1245.2817250480193
321328,790.3641765892972
321329,675.9354498946747
321330,63.71442437888206
321331,450.5988794993123
321332,366.9948063744267
321333,244.5846682051862
321334,192.1192427869276
321335,124.52062884844389
321336,935.6023040427235
321337,766.5083479452687
321338,483.88584665402925
321339,405.8232129704437
321340,157.79995322334668
321341,1106.072111307813
321342,893.3534252877237
321343,573.5667407663782
321344,473.38088563599644
321345,710.6955736484495
321346,20.25355790594109
321347,1.59167168429457
321348,12.427236620386926
321349,-6.640894269488168
321350,65.31027616749044
321351,21.14331384770886
321352,7.305934680163751
321353,20.106749220787336
321354,-3.257416157000299
321355,-11.540274119212732
321356,41.62342180855941
321357,18.23989304776412
321358,35.183082376432836
321359,4.8555230512561
321360,151.96626939146077
321361,1055.4385188932285
321362,835.2615614759742
321363,544.5158273542604
321364,456.7022639885361
321365,305.0103339619322
321366,2143.518270392438
321367,1727.6384057654425
321368,1107.8354734851157
321369,939.9617055843632
321370,374.4276045633412
321371,2517.2172130873673
321372,2036.464917778186
321373,1278.1461356173506
321374,1082.76054668275
321375,142.96636861100563
321376,845.047767298783
321377,663.3492876401698
321378,456.27653458130607
321379,377.2019700674301
321380,259.8202778469658
321381,1693.062409552627
321382,1369.6675392501884
321383,895.9663593505828
321384,768.1232624923656
321385,304.3492995995275
321386,1992.2801423785647
321387,1641.2028586403776
321388,1038.2201779378709
321389,877.0998248367658
321390,730.5977031302498
321391,654.9370348946251
321392,539.9683083756939
321393,349.92406164266185
321394,279.27949314240453
321395,428.2675403923841
321396,1331.8465712271918
321397,1108.665910666719
321398,705.7463815177485
321399,600.1269981456579
321400,273.9622220930822
321401,1587.0323720459646
321402,1314.8675009448511
321403,821.7965399455649
321404,699.4930277565752
321405,119.203190458786
321406,679.405260635577
321407,552.4138912205083
321408,358.6127090997893
321409,287.96814059953203
321410,194.14315118905765
321411,1364.921913065452
321412,1125.9072757382407
321413,719.7072888439926
321414,615.7803876502489
321415,223.12778195265568
321416,1647.5864030724385
321417,1352.3293120848336
321418,836.7114501344485
321419,716.1004201238057
321420,75.98979917885005
321421,477.07868476900666
321422,389.247128019417
321423,257.53566450932334
321424,200.71001742225417
321425,139.03982078884755
321426,981.9279420115006
321427,813.7544931897128
321428,507.75423147937545
321429,418.07020184987334
321430,171.98067952712324
321431,1152.7160141473819
321432,937.9512913581209
321433,597.7698086910736
321434,491.4016502446718
321435,694.6379238880625
321436,29.19136047722936
321437,5.666604073224585
321438,15.637187822082508
321439,-5.679381719592607
321440,78.45380474819235
321441,21.43878372731498
321442,8.521911835436853
321443,22.513909509857022
321444,-10.359868796836933
321445,6.9896182830741
321446,45.25901957806745
321447,20.860020805005107
321448,36.915186174164695
321449,-2.921986079918363
321450,155.65697699249017
321451,1106.4775100291984
321452,894.1908393684162
321453,572.5994423743605
321454,474.52247985120874
321455,300.602223885937
321456,2265.7269314287114
321457,1807.3522119836985
321458,1177.7243709813067
321459,992.3260296460204
321460,397.9788850844697
321461,2654.473473807722
321462,2144.147153441745
321463,1386.3302920662516
321464,1173.4201296971173
321465,146.63357257904448
321466,892.952398759406
321467,718.3336441989288
321468,480.0903500647788
321469,390.7523863934755
321470,257.329852245465
321471,1776.751330661222
321472,1478.6892335257023
321473,933.3882426396727
321474,788.020572346922
321475,309.2981220748827
321476,2110.8424871049638
321477,1764.4472967624356
321478,1093.417177659403
321479,914.7722511237641
321480,699.1376418843432
321481,733.1879845183374
321482,606.3912382119918
321483,405.66909784990895
321484,338.22428313832745
321485,320.6901497289132
321486,1505.6280536218965
321487,1238.6431157246695
321488,766.6144283051418
321489,662.5180435555363
321490,289.8972882377346
321491,1765.4771845178593
321492,1449.709996038781
321493,912.2441595845762
321494,788.5594983603651
321495,142.41090280837187
321496,756.779931729334
321497,620.5421083543658
321498,414.5545389336863
321499,347.1097242221047
321500,203.96438122246764
321501,1531.4820693807453
321502,1255.613027163197
321503,778.2304500802003
321504,678.6293657415847
321505,232.97503843001576
321506,1815.467810859587
321507,1482.8130223958635
321508,924.8141842222742
321509,805.624823409053
321510,96.83602407649828
321511,542.5823456695506
321512,443.2759330224953
321513,283.7297417669937
321514,227.15313219918136
321515,151.5449524672583
321516,1066.730452593835
321517,884.8811439610844
321518,548.4662123345297
321519,460.1572832907356
321520,181.40619670938312
321521,1277.9671587601988
321522,1054.6969142939754
321523,684.5878782856048
321524,576.6906727672065
321525,722.0524577603397
321526,31.336032278358836
321527,12.467354314792608
321528,22.732569015900086
321529,4.521793124175713
321530,34.50915982301984
321531,28.546245208777563
321532,17.960634254200976
321533,26.880388931005722
321534,-0.9350408569228171
321535,6.669899764604053
321536,55.78791045352608
321537,38.13167431954873
321538,46.74495713529476
321539,11.918741872964212
321540,173.3366418548477
321541,1227.1830457361011
321542,996.2309214361969
321543,636.3469861770071
321544,537.3301083095046
321545,352.37190392014253
321546,2486.8626725946415
321547,1962.1059597199271
321548,1287.7053728181913
321549,1088.0327295513337
321550,418.19762489153516
321551,2995.5577170438073
321552,2415.954516549439
321553,1526.9268711826767
321554,1294.236765174416
321555,157.80301337953136
321556,989.0556541714383
321557,792.348155452619
321558,516.4647402461669
321559,426.1868612305115
321560,303.2784136212824
321561,1941.3663892661011
321562,1633.3737105905836
321563,1025.2248286896395
321564,875.2952271306414
321565,331.07000513208
321566,2316.978643005156
321567,1909.4734056899429
321568,1219.0531546151508
321569,1030.3406551057105
321570,735.4824568099992
321571,595.7533364729733
321572,495.0501176054949
321573,307.0856792656065
321574,247.60922485924397
321575,668.0922982367538
321576,1199.3551371768012
321577,990.8668640167971
321578,631.7701983169914
321579,526.7204996933575
321580,344.476308976715
321581,1428.8756600767044
321582,1174.891892326183
321583,731.9022530985121
321584,623.8764793315497
321585,117.5972254132907
321586,610.8606989083216
321587,500.06557132469715
321588,314.48194132555557
321589,255.00548691919312
321590,191.92540093598404
321591,1224.5108659930388
321592,1003.8812193680677
321593,645.7311056432353
321594,542.3738891979485
321595,209.62571445766042
321596,1463.685095252621
321597,1192.4399997835262
321598,745.0188988120428
321599,638.6856072234274
321600,59.195442712420295
321601,428.78025505927394
321602,350.86911985166
321603,228.92172327656945
321604,183.26419028339527
321605,117.91871817864909
321606,903.7578433513273
321607,736.4947263043318
321608,456.83825131487356
321609,370.05048279007434
321610,144.57035941972686
321611,1059.6203700968604
321612,851.3929838986626
321613,534.4329939590958
321614,444.6691502909664
321615,723.9166886462555
321616,25.898116657695745
321617,9.032079468880227
321618,16.536242408076397
321619,-3.96560232091149
321620,30.493883280835448
321621,29.687371250113465
321622,11.034832654755123
321623,12.283925746835484
321624,-7.97347607239834
321625,-15.631503406521263
321626,46.20264757301909
321627,29.36006945002816
321628,28.744615356330513
321629,10.95023102366438
321630,142.6788275307945
321631,1019.0165624652162
321632,808.0959611312725
321633,525.541952221327
321634,430.84176479873963
321635,290.7740728857748
321636,1996.8855738274067
321637,1610.6096569878457
321638,1070.0133810459652
321639,883.6868074799935
321640,357.04509416667656
321641,2381.6323765785946
321642,1911.9110443619443
321643,1235.6804976445223
321644,1023.121198136587
321645,132.8973919109341
321646,802.0710670698908
321647,628.8010827441642
321648,432.82984964285873
321649,356.88772918792876
321650,247.8408434159058
321651,1593.7045390630649
321652,1306.1080036588714
321653,850.2018910937285
321654,721.4332522797747
321655,280.5263369739712
321656,1885.6982497213285
321657,1559.6343432123035
321658,976.6920838266449
321659,821.6907190707269
321660,735.4824568099992
321661,595.7533364729733
321662,495.0501176054949
321663,307.0856792656065
321664,247.60922485924397
321665,668.0922982367538
321666,1199.3551371768012
321667,990.8668640167971
321668,631.7701983169914
321669,526.7204996933575
321670,344.476308976715
321671,1428.8756600767044
321672,1174.891892326183
321673,731.9022530985121
321674,623.8764793315497
321675,117.5972254132907
321676,610.8606989083216
321677,500.06557132469715
321678,314.48194132555557
321679,255.00548691919312
321680,191.92540093598404
321681,1224.5108659930388
321682,1003.8812193680677
321683,645.7311056432353
321684,542.3738891979485
321685,209.62571445766042
321686,1463.685095252621
321687,1192.4399997835262
321688,745.0188988120428
321689,638.6856072234274
321690,59.195442712420295
321691,428.78025505927394
321692,350.86911985166
321693,228.92172327656945
321694,183.26419028339527
321695,117.91871817864909
321696,903.7578433513273
321697,736.4947263043318
321698,456.83825131487356
321699,370.05048279007434
321700,144.57035941972686
321701,1059.6203700968604
321702,851.3929838986626
321703,534.4329939590958
321704,444.6691502909664
321705,723.9166886462555
321706,25.898116657695745
321707,9.032079468880227
321708,16.536242408076397
321709,-3.96560232091149
321710,30.493883280835448
321711,29.687371250113465
321712,11.034832654755123
321713,12.283925746835484
321714,-7.97347607239834
321715,-15.631503406521263
321716,46.20264757301909
321717,29.36006945002816
321718,28.744615356330513
321719,10.95023102366438
321720,142.6788275307945
321721,1019.0165624652162
321722,808.0959611312725
321723,525.541952221327
321724,430.84176479873963
321725,290.7740728857748
321726,1996.8855738274067
321727,1610.6096569878457
321728,1070.0133810459652
321729,883.6868074799935
321730,357.04509416667656
321731,2381.6323765785946
321732,1911.9110443619443
321733,1235.6804976445223
321734,1023.121198136587
321735,132.8973919109341
321736,802.0710670698908
321737,628.8010827441642
321738,432.82984964285873
321739,356.88772918792876
321740,247.8408434159058
321741,1593.7045390630649
321742,1306.1080036588714
321743,850.2018910937285
321744,721.4332522797747
321745,280.5263369739712
321746,1885.6982497213285
321747,1559.6343432123035
321748,976.6920838266449
321749,821.6907190707269
321750,734.5406792695727
321751,595.7409459058731
321752,494.59077060615374
321753,305.91823947273423
321754,246.44178506637175
321755,667.1505206963272
321756,1199.3427466097012
321757,989.9324242911538
321758,630.602758524119
321759,525.5530599004852
321760,343.53453143628855
321761,1428.8632695096044
321762,1173.9574526005401
321763,730.7348133056398
321764,622.7090395386774
321765,116.65544787286424
321766,610.8483083412215
321767,499.6062243253559
321768,313.3145015326833
321769,253.8380471263209
321770,190.98362339555757
321771,1224.4984754259388
321772,1002.9467796424244
321773,644.563665850363
321774,541.2064494050762
321775,208.68393691723398
321776,1463.672704685521
321777,1191.5055600578833
321778,743.8514590191705
321779,637.5181674305551
321780,58.25366517199383
321781,428.7678644921738
321782,350.4097728523188
321783,227.75428348369724
321784,182.09675049052305
321785,116.97694063822263
321786,903.7454527842272
321787,735.5602865786885
321788,455.6708115220013
321789,368.8830429972021
321790,143.6285818793004
321791,1059.6079795297603
321792,850.4585441730193
321793,533.2655541662235
321794,443.50171049809416
321795,724.2868801452281
321796,27.197695129994724
321797,6.598692412482845
321798,16.680771654603216
321799,-3.82107307438467
321800,34.797684383870205
321801,30.986949722412444
321802,12.02788326028652
321803,12.428454993362307
321804,-7.828946825871518
321805,-15.261311907548674
321806,47.50222604531807
321807,30.353120055559557
321808,28.889144602857336
321809,11.094760270191198
321810,143.0490190297671
321811,1020.3161409375152
321812,811.1009180265312
321813,525.6864814678539
321814,430.9862940452664
321815,291.1442643847473
321816,1998.1851522997056
321817,1610.4694637959308
321818,1070.157910292492
321819,883.8313367265204
321820,357.4152856656491
321821,2382.9319550508935
321822,1911.7708511700293
321823,1235.8250268910492
321824,1023.2657273831139
321825,133.26758340990668
321826,807.550163646144
321827,629.1233411966286
321828,432.9743788893855
321829,357.0322584344555
321830,248.21103491487838
321831,1599.183635639318
321832,1303.2851120241623
321833,850.3464203402553
321834,721.5777815263016
321835,280.8965284729437
321836,1891.1773462975816
321837,1556.8114515775944
321838,976.8366130731717
321839,821.8352483172538
321840,734.5406792695727
321841,595.7409459058731
321842,494.59077060615374
321843,305.91823947273423
321844,246.44178506637175
321845,663.561581384754
321846,1199.3427466097012
321847,989.9324242911538
321848,630.602758524119
321849,525.5530599004852
321850,343.53453143628855
321851,1428.8632695096044
321852,1173.9574526005401
321853,730.7348133056398
321854,622.7090395386774
321855,116.65544787286424
321856,610.8483083412215
321857,499.6062243253559
321858,313.3145015326833
321859,253.8380471263209
321860,190.98362339555757
321861,1224.4984754259388
321862,1002.9467796424244
321863,644.563665850363
321864,541.2064494050762
321865,208.68393691723398
321866,1463.672704685521
321867,1191.5055600578833
321868,743.8514590191705
321869,637.5181674305551
321870,58.25366517199383
321871,428.7678644921738
321872,350.4097728523188
321873,227.75428348369724
321874,182.09675049052305
321875,116.97694063822263
321876,903.7454527842272
321877,735.5602865786885
321878,455.6708115220013
321879,368.8830429972021
321880,143.6285818793004
321881,1059.6079795297603
321882,850.4585441730193
321883,533.2655541662235
321884,443.50171049809416
321885,724.2868801452281
321886,27.197695129994724
321887,6.598692412482845
321888,16.680771654603216
321889,-3.82107307438467
321890,25.80309694383953
321891,30.986949722412444
321892,12.02788326028652
321893,12.428454993362307
321894,-7.828946825871518
321895,-15.261311907548674
321896,47.50222604531807
321897,30.353120055559557
321898,28.889144602857336
321899,11.094760270191198
321900,143.0490190297671
321901,1020.3161409375152
321902,811.1009180265312
321903,525.6864814678539
321904,430.9862940452664
321905,291.1442643847473
321906,1998.1851522997056
321907,1610.4694637959308
321908,1070.157910292492
321909,883.8313367265204
321910,357.4152856656491
321911,2382.9319550508935
321912,1911.7708511700293
321913,1235.8250268910492
321914,1023.2657273831139
321915,133.26758340990668
321916,807.550163646144
321917,629.1233411966286
321918,432.9743788893855
321919,357.0322584344555
321920,248.21103491487838
321921,1599.183635639318
321922,1303.2851120241623
321923,850.3464203402553
321924,721.5777815263016
321925,280.8965284729437
321926,1891.1773462975816
321927,1556.8114515775944
321928,976.8366130731717
321929,821.8352483172538
321930,734.5951574269167
321931,620.8161727729351
321932,519.0941627501705
321933,327.6005396004298
321934,261.316192768983
321935,571.117672853056
321936,1240.2256321104958
321937,1017.7243098871799
321938,659.3818184102853
321939,565.3838309841111
321940,290.47273711472707
321941,1474.1037885019066
321942,1203.4465109166429
321943,773.5940715612393
321944,657.4728626882697
321945,108.3795913784667
321946,642.1515263183912
321947,527.771358142761
321948,334.37828987987996
321949,268.0939430484331
321950,185.68414425358316
321951,1272.2278638173404
321952,1035.0189186923376
321953,673.3427257365294
321954,581.0372204887021
321955,213.2953997378719
321956,1525.5608249055601
321957,1235.0759701650024
321958,786.71071727477
321959,672.2819905801474
321960,61.21822525168665
321961,449.0320673454432
321962,362.7115222457912
321963,242.00645537981384
321964,189.54102996155524
321965,122.02442972124852
321966,934.0354918888545
321967,759.55443669313
321968,481.30763382865683
321969,403.2450001450713
321970,154.22850760699617
321971,1103.430052664789
321972,885.32426754643
321973,569.9132814518509
321974,469.727426321469
321975,713.0954988274891
321976,21.490437560968164
321977,0.11207936455525276
321978,12.6527156039107
321979,-6.415415285964391
321980,41.911456559259264
321981,22.380193502735946
321982,9.252780022353214
321983,20.332228204311118
321984,-3.031937173476525
321985,-13.571890794476015
321986,42.80755283311437
321987,20.133989759481477
321988,35.35581272948449
321989,5.02825340430776
321990,151.04451166848511
321991,1055.4461481435792
321992,832.5527187515587
321993,548.130939956083
321994,452.64472733699455
321995,304.0885762389565
321996,2143.5258996427888
321997,1721.7844129538532
321998,1111.450586086938
321999,935.904168932822
322000,373.4530982098934
322001,2517.172093707246
322002,2030.558176336127
322003,1281.708499588701
322004,1078.6502614007366
322005,143.45635187242738
322006,850.6466556374855
322007,662.0521859001517
322008,457.04724824668796
322009,375.81348360489125
322010,260.3102611083874
322011,1698.6612978913295
322012,1365.2252874229966
322013,896.737073015965
322014,766.734776029827
322015,304.7865342304771
322016,1997.8262820867951
322017,1636.7078581827138
322018,1038.9381429727807
322019,875.6585897437551
322020,728.4069043733613
322021,652.4932560734635
322022,534.8080575797659
322023,344.4885600627546
322024,278.0025103938063
322025,424.36567579063984
322026,1327.4920583978478
322027,1098.9242987391053
322028,700.3108799378415
322029,598.8500153970598
322030,271.1449168337159
322031,1583.9620867223255
322032,1306.4101165229424
322033,815.7345318631802
322034,697.5895385054995
322035,117.01239170189739
322036,676.9614818144153
322037,547.2536404245802
322038,353.177207519882
322039,286.6911578509338
322040,191.95235243216902
322041,1362.4781342442902
322042,1118.0763978188095
322043,714.2717872640856
322044,614.5034049016508
322045,220.31047669328947
322046,1642.339520607076
322047,1341.6953305212016
322048,830.6494420520638
322049,714.19693087273
322050,73.79900042196152
322051,474.63490594784486
322052,384.08687722348884
322053,252.10016292941606
322054,199.43303467365592
322055,136.84902203195895
322056,979.4841631903389
322057,805.9236152702814
322058,502.31872989946817
322059,416.7932191012751
322060,169.16337426775704
322061,1149.6457288237427
322062,929.4939069362119
322063,591.707800608689
322064,489.49816099359595
322065,697.343249437409
322066,29.55127346496378
322067,3.3100450861926136
322068,18.49530821028336
322069,-4.152672659294685
322070,70.26516479740933
322071,21.798696715049402
322072,9.591790510333665
322073,25.37202989805788
322074,-8.83315973653901
322075,5.263401978117637
322076,45.566183935329754
322077,21.877150849429793
322078,39.72055793189344
322079,-1.4480256500925586
322080,155.04061963982133
322081,1105.6081726122563
322082,890.605029976708
322083,571.1030759861541
322084,475.41516052956416
322085,299.9858665332681
322086,2264.85759401177
322087,1800.6212525048165
322088,1176.2280045931002
322089,993.2187103243763
322090,397.30977910132873
322091,2653.551387760308
322092,2137.363445332391
322093,1384.781177047573
322094,1174.260061745001
322095,147.42895621077304
322096,897.6743204308159
322097,716.1595757916181
322098,475.7495847401317
322099,394.31411726083354
322100,258.1252358771937
322101,1781.4732523326318
322102,1473.370015031218
322103,929.047477315026
322104,791.5823032142804
322105,310.04075707613913
322106,2115.5116601459017
322107,1759.0753296374792
322108,1089.023663704284
322109,918.2812333606504
322110,696.9468431274547
322111,730.7442056971759
322112,601.2309874160637
322113,400.23359627000167
322114,336.9473003897292
322115,302.93850287186075
322116,1502.9473829732206
322117,1230.575345977724
322118,761.1789267252348
322119,661.2410608069382
322120,287.6537408503738
322121,1762.9806570662256
322122,1441.8263694888776
322123,906.755909374197
322124,787.2297669812948
322125,140.22010405148325
322126,754.3361529081723
322127,615.3818575584378
322128,409.119037353779
322129,345.8327414735065
322130,201.773582465579
322131,1529.0382905595836
322132,1247.7821492437658
322133,772.7949485002932
322134,677.3523829929866
322135,230.731491042655
322136,1812.9712834079533
322137,1474.9293958459602
322138,919.325934011895
322139,804.2950920299827
322140,94.64522531960975
322141,540.1385668483889
322142,438.1156822265671
322143,278.2942401870864
322144,225.8761494505831
322145,149.3541537103697
322146,1064.2866737726733
322147,877.050266041653
322148,543.0307107546226
322149,458.8803005421374
322150,179.16264932202236
322151,1275.470631308565
322152,1046.813287744072
322153,679.0996280752256
322154,575.3609413881362
322155,724.7577833096863
322156,31.695945266093258
322157,10.11079532776063
322158,25.590689404100946
322159,6.048502184473632
322160,23.46230003017107
322161,28.906158196511985
322162,19.030512929097778
322163,29.73850931920658
322164,0.5916682033750957
322165,4.943683459647584
322166,56.09507481078838
322167,39.14880436397341
322168,49.55032889302351
322169,13.392702302790012
322170,172.72028450217886
322171,1226.313708319159
322172,992.6451120444885
322173,634.8506197888007
322174,538.2227889878603
322175,351.75554656747363
322176,2485.9933351777
322177,1955.3750002410447
322178,1286.2090064299848
322179,1088.9254102296893
322180,417.5285189083942
322181,2994.6356309963935
322182,2409.1708084400852
322183,1525.3777561639981
322184,1295.0766972222996
322185,158.59839701125992
322186,993.7775758428481
322187,790.1740870453083
322188,512.1239749215197
322189,429.74859209786956
322190,304.0737972530109
322191,1946.0883109375109
322192,1628.0544920960992
322193,1020.8840633649925
322194,878.8569579979998
322195,331.8126401333364
322196,2321.647816046094
322197,1904.1014385649864
322198,1214.6596406600318
322199,1033.849637342597
322200,734.8270907674113
322201,596.0273574037117
322202,492.60766656146706
322203,306.34829952484165
322204,246.87184511847914
322205,610.6411907629389
322206,1199.4311214932536
322207,985.5557492349798
322208,631.0328185762265
322209,525.9831199525927
322210,343.8209429341271
322211,1429.149681007443
322212,1169.778814158652
322213,731.1648733577473
322214,623.1390995907849
322215,116.94185937070282
322216,611.13471983906
322217,497.62312028066924
322218,313.74456158479074
322219,254.2681071784283
322220,191.27003489339614
322221,1224.7848869237773
322222,998.7681412005364
322223,644.9937259024705
322224,541.6365094571837
322225,208.97034841507252
322226,1463.9591161833596
322227,1187.3269216159952
322228,744.281519071278
322229,637.9482274826626
322230,58.540076669832395
322231,429.0542759900124
322232,348.4266688076321
322233,228.18434353580463
322234,182.52681054263044
322235,117.2633521360612
322236,904.0318642820657
322237,731.3816481368005
322238,456.10087157410874
322239,369.3131030493095
322240,143.91499337713896
322241,1059.8943910275989
322242,846.2799057311313
322243,533.695614218331
322244,443.9317705502016
322245,724.5732916430667
322246,27.484106627833285
322247,7.901597464251367
322248,17.110831706710627
322249,-3.3910130222772565
322250,35.08409588170876
322251,31.273361220251005
322252,13.330788312055043
322253,12.85851504546972
322254,-7.398886773764107
322255,-14.974900409710113
322256,47.78863754315663
322257,31.65602510732808
322258,29.31920465496475
322259,11.524820322298611
322260,143.33543052760564
322261,1020.6025524353538
322262,806.9654791266437
322263,526.1165415199614
322264,431.4163540973738
322265,291.4306758825859
322266,1998.4715637975441
322267,1606.3340248960433
322268,1070.5879703445994
322269,884.2613967786278
322270,357.70169716348767
322271,2383.218366548732
322272,1907.6354122701418
322273,1236.2550869431566
322274,1023.6957874352214
322275,133.55399490774522
322276,807.8365751439826
322277,627.6706007395354
322278,433.4044389414929
322279,357.46231848656294
322280,248.49744641271693
322281,1599.4700471371566
322282,1301.832371567069
322283,850.7764803923628
322284,722.007841578409
322285,281.1829399707823
322286,1891.4637577954202
322287,1555.358711120501
322288,977.2666731252792
322289,822.2653083693613
322290,735.5083200701309
322291,596.7085867064313
322292,493.2888958641866
322293,307.0295288275612
322294,247.55307442119874
322295,611.3224200656585
322296,1200.112350795973
322297,986.2369785376994
322298,631.7140478789462
322299,526.6643492553123
322300,344.50217223684666
322301,1429.8309103101624
322302,1170.4600434613715
322303,731.846102660467
322304,623.8203288935046
322305,117.6230886734224
322306,611.8159491417797
322307,498.3043495833888
322308,314.4257908875103
322309,254.9493364811479
322310,191.95126419611574
322311,1225.4661162264968
322312,999.4493705032561
322313,645.6749552051901
322314,542.3177387599034
322315,209.65157771779212
322316,1464.640345486079
322317,1188.0081509187146
322318,744.9627483739977
322319,638.6294567853822
322320,59.22130597255197
322321,429.73550529273194
322322,349.10789811035164
322323,228.86557283852423
322324,183.20803984535004
322325,117.94458143878076
322326,904.7130935847854
322327,732.0628774395202
322328,456.7821008768283
322329,369.99433235202906
322330,144.59622267985856
322331,1060.5756203303183
322332,846.961135033851
322333,534.3768435210507
322334,444.6129998529211
322335,724.2599054991688
322336,27.170720483935437
322337,7.588211320353521
322338,16.797445562812783
322339,-3.704399166175101
322340,34.77070973781092
322341,30.959975076353157
322342,13.017402168157199
322343,12.545128901571875
322344,-7.712272917661951
322345,-15.288286553607962
322346,47.47525139925879
322347,31.342638963430236
322348,29.005818511066902
322349,11.211434178400767
322350,143.02204438370782
322351,1020.2891662914559
322352,806.6520929827458
322353,525.8031553760635
322354,431.10296795347597
322355,291.11728973868804
322356,1998.1581776536464
322357,1606.0206387521455
322358,1070.2745842007016
322359,883.9480106347299
322360,357.3883110195898
322361,2382.904980404834
322362,1907.322026126244
322363,1235.9417007992588
322364,1023.3824012913236
322365,133.2406087638474
322366,807.5231890000847
322367,627.3572145956375
322368,433.09105279759507
322369,357.1489323426651
322370,248.1840602688191
322371,1599.1566609932588
322372,1301.5189854231712
322373,850.4630942484649
322374,721.6944554345112
322375,280.86955382688444
322376,1891.1503716515224
322377,1555.0453249766033
322378,976.9532869813813
322379,821.9519222254634
322380,735.1775531197119
322381,596.3778197560123
322382,491.34409514149837
322383,306.92744722342195
322384,247.40326771453567
322385,610.9916531152395
322386,1199.781583845554
322387,986.4877122122128
322388,633.4369949879982
322389,524.8260246680348
322390,344.17140528642767
322391,1429.5001433597433
322392,1170.7107771358849
322393,733.569049769519
322394,621.982004306227
322395,117.2923217230034
322396,611.4851821913606
322397,496.35954886070084
322398,314.32370928337104
322399,254.79952977448482
322400,191.62049724569675
322401,1225.1353492760777
322402,999.7001041777695
322403,647.3979023142422
322404,540.4794141726259
322405,209.32081076737316
322406,1464.30957853566
322407,1188.258884593228
322408,746.6856954830497
322409,636.7911321981047
322410,58.89053902213297
322411,429.40473834231295
322412,347.1630973876637
322413,228.76349123438501
322414,183.05823313868697
322415,117.61381448836175
322416,904.3823266343663
322417,732.3136111140336
322418,458.5050479858804
322419,368.1560077647516
322420,144.2654557294396
322421,1060.2448533798993
322422,847.2118687083644
322423,536.0997906301027
322424,442.7746752656437
322425,723.9734940013302
322426,26.884308986096876
322427,6.285306268584999
322428,16.367385510705372
322429,-4.1344592182825135
322430,34.48429823997236
322431,30.673563578514596
322432,11.714497116388676
322433,12.115068849464462
322434,-8.142332969769363
322435,-15.574698051446523
322436,47.188839901420224
322437,30.039733911661713
322438,28.575758458959488
322439,10.781374126293354
322440,142.73563288586928
322441,1020.0027547936173
322442,810.7875318826333
322443,525.373095323956
322444,430.67290790136855
322445,290.8308782408495
322446,1997.8717661558078
322447,1610.156077652033
322448,1069.8445241485942
322449,883.5179505826225
322450,357.10189952175125
322451,2382.6185689069957
322452,1911.4574650261316
322453,1235.5116407471514
322454,1022.9523412392161
322455,132.95419726600886
322456,807.2367775022461
322457,628.8099550527307
322458,432.66099274548765
322459,356.71887229055767
322460,247.89764877098057
322461,1598.8702494954202
322462,1302.9717258802646
322463,850.0330341963574
322464,721.2643953824037
322465,280.58314232904587
322466,1890.8639601536838
322467,1556.4980654336966
322468,976.5232269292738
322469,821.5218621733559
322470,735.6245841537662
322471,596.3778197560123
322472,491.34409514149837
322473,306.92744722342195
322474,247.40326771453567
322475,582.9977113772918
322476,1199.2965581973183
322477,986.0026865639771
322478,633.4369949879982
322479,524.8260246680348
322480,339.60766047162366
322481,1429.5001433597433
322482,1170.7107771358849
322483,733.569049769519
322484,621.982004306227
322485,117.2923217230034
322486,611.4851821913606
322487,496.35954886070084
322488,314.32370928337104
322489,254.79952977448482
322490,191.62049724569675
322491,1225.1353492760777
322492,999.7001041777695
322493,647.3979023142422
322494,540.4794141726259
322495,209.32081076737316
322496,1464.30957853566
322497,1188.258884593228
322498,746.6856954830497
322499,636.7911321981047
322500,58.89053902213297
322501,429.40473834231295
322502,347.1630973876637
322503,228.76349123438501
322504,183.05823313868697
322505,117.61381448836175
322506,904.3823266343663
322507,732.3136111140336
322508,458.5050479858804
322509,368.1560077647516
322510,144.2654557294396
322511,1060.2448533798993
322512,847.2118687083644
322513,536.0997906301027
322514,442.7746752656437
322515,723.9734940013302
322516,26.884308986096876
322517,6.285306268584999
322518,16.367385510705372
322519,-4.1344592182825135
322520,25.489710799941683
322521,30.673563578514596
322522,11.714497116388676
322523,12.115068849464462
322524,-8.142332969769363
322525,-15.574698051446523
322526,47.188839901420224
322527,30.039733911661713
322528,28.575758458959488
322529,10.781374126293354
322530,142.73563288586928
322531,1020.0027547936173
322532,810.7875318826333
322533,525.373095323956
322534,430.67290790136855
322535,290.8308782408495
322536,1997.8717661558078
322537,1610.156077652033
322538,1069.8445241485942
322539,883.5179505826225
322540,357.10189952175125
322541,2382.6185689069957
322542,1911.4574650261316
322543,1235.5116407471514
322544,1022.9523412392161
322545,132.95419726600886
322546,807.2367775022461
322547,628.8099550527307
322548,432.66099274548765
322549,356.71887229055767
322550,247.89764877098057
322551,1598.8702494954202
322552,1302.9717258802646
322553,850.0330341963574
322554,721.2643953824037
322555,280.58314232904587
322556,1890.8639601536838
322557,1556.4980654336966
322558,976.5232269292738
322559,821.5218621733559
322560,735.6790623111102
322561,621.4530466230743
322562,515.8474872855156
322563,328.6097473511175
322564,262.2776754171469
322565,507.8322442770025
322566,1240.179443698113
322567,1013.7945721600029
322568,662.2160548741645
322569,564.6567957516608
322570,286.5458661500622
322571,1474.7406623520455
322572,1200.1998354519876
322573,776.4283080251184
322574,656.7458274558194
322575,109.01646522860582
322576,642.7884001685304
322577,524.524682678106
322578,335.3874976305677
322579,269.055425696597
322580,186.32101810372234
322581,1272.8647376674794
322582,1031.7722432276823
322583,676.1769622004085
322584,580.3101852562518
322585,213.93227358801107
322586,1526.197698755699
322587,1231.8292947003472
322588,789.5449537386492
322589,671.554955347697
322590,61.855099101825786
322591,449.6689411955823
322592,359.4648467811361
322593,243.01566313050162
322594,190.50251260971916
322595,122.66130357138765
322596,934.6723657389937
322597,756.3077612284751
322598,484.14187029253594
322599,402.5179649126208
322600,154.86538145713536
322601,1104.066926514928
322602,882.077592081775
322603,572.7475179157301
322604,469.00039108901854
322605,712.7821126835912
322606,21.177051417070317
322607,-0.20130677934259172
322608,12.339329460012856
322609,-6.728801429862235
322610,41.59807041536142
322611,22.066807358838098
322612,8.939393878455368
322613,20.01884206041327
322614,-3.345323317374368
322615,-13.885276938373863
322616,42.49416668921653
322617,19.820603615583625
322618,35.04242658558665
322619,4.714867260409916
322620,150.7311255245873
322621,1055.1327619996814
322622,832.2393326076608
322623,547.8175538121851
322624,452.3313411930967
322625,303.77519009505863
322626,2143.212513498891
322627,1721.4710268099554
322628,1111.1371999430403
322629,935.5907827889241
322630,373.1397120659956
322631,2516.858707563348
322632,2030.2447901922292
322633,1281.3951134448032
322634,1078.3368752568388
322635,143.14296572852956
322636,850.3332694935876
322637,661.7387997562538
322638,456.7338621027901
322639,375.5000974609934
322640,259.99687496448956
322641,1698.3479117474317
322642,1364.9119012790989
322643,896.4236868720672
322644,766.4213898859291
322645,304.4731480865793
322646,1997.5128959428973
322647,1636.394472038816
322648,1038.624756828883
322649,875.3452035998572
322650,728.6524131701584
322651,652.2917338362062
322652,530.7229860277146
322653,346.93921963406564
322654,273.81369383606255
322655,389.2393452408816
322656,1326.6074738980678
322657,1094.1561649245311
322658,706.6513605425029
322659,592.972680958702
322660,266.3796497816544
322661,1583.7605644850673
322662,1302.32504497089
322663,822.0750124678416
322664,691.7122040671417
322665,116.81086946463971
322666,676.759959577158
322667,543.1685688725289
322668,355.6278670911931
322669,282.50234129319006
322670,191.7508301949114
322671,1362.276612007032
322672,1113.9913262667571
322673,720.6122678687469
322674,608.626070463293
322675,220.10895445603185
322676,1642.137998369818
322677,1337.6102589691493
322678,836.9899226567252
322679,708.3195964343722
322680,73.59747818470387
322681,474.43338371058735
322682,380.0018056714371
322683,254.550822500727
322684,195.2442181159121
322685,136.64749979470133
322686,979.2826409530817
322687,801.8385437182301
322688,508.65921050412925
322689,410.915884662917
322690,168.96185203049941
322691,1149.4442065864846
322692,925.4088353841606
322693,598.0482812133504
322694,483.62082655523784
322695,699.2579761277299
322696,28.748669193670636
322697,2.5074408148994722
322698,19.97255184701017
322699,-6.176313141136733
322700,78.04588057841413
322701,20.996092443756257
322702,8.789186239040522
322703,28.914065854943345
322704,-10.856800218381066
322705,7.17812866843831
322706,44.76357966403661
322707,21.07454657813665
322708,43.262593888778916
322709,-3.4716661319345983
322710,153.72931759144862
322711,1104.2968705638834
322712,889.2937279283356
322713,572.0716218458015
322714,466.84508315083013
322715,298.67456448489554
322716,2263.5462919633974
322717,1799.3099504564436
322718,1179.261342772906
322719,984.6486329456421
322720,395.99847705295616
322721,2652.2400857119355
322722,2136.0521432840187
322723,1387.8145152273787
322724,1165.6899843662668
322725,146.11765416240033
322726,896.3630183824434
322727,714.8482737432456
322728,476.7181305997791
322729,385.7440398820995
322730,256.813933828821
322731,1780.1619502842589
322732,1472.058712982845
322733,932.0808154948321
322734,783.0122258355464
322735,308.72945502776656
322736,2114.2003580975293
322737,1757.7640275891063
322738,1092.0570018840897
322739,909.7111559819164
322740,697.1923519242519
322741,730.5426834599185
322742,597.1459158640124
322743,402.68425584131273
322744,332.7584838319855
322745,281.6619545774107
322746,1502.2996903009548
322747,1226.044103990664
322748,767.5194073298961
322749,655.3637263685804
322750,282.8884737983123
322751,1762.7791348289675
322752,1437.7412979368253
322753,913.0963899788584
322754,781.352432542937
322755,140.01858181422563
322756,754.134630670915
322757,611.2967860063865
322758,411.56969692509006
322759,341.64392491576274
322760,201.5720602283214
322761,1528.8367683223255
322762,1243.6970776917135
322763,779.1354291049546
322764,671.4750485546288
322765,230.52996880539737
322766,1812.7697611706951
322767,1470.844324293908
322768,925.6664146165564
322769,798.4177575916249
322770,94.4437030823521
322771,539.9370446111317
322772,434.0306106745154
322773,280.7448997583975
322774,221.6873328928393
322775,149.15263147311208
322776,1064.0851515354152
322777,872.9651944896017
322778,549.371191359284
322779,453.0029661037793
322780,178.96112708476474
322781,1275.269109071307
322782,1042.7282161920198
322783,685.440108679887
322784,569.4836069497784
322785,726.6725100000072
322786,30.893340994800113
322787,9.308191056467487
322788,27.06793304082776
322789,4.024861702631585
322790,31.24301581117588
322791,28.10355392521884
322792,18.227908657804637
322793,33.280545276092084
322794,-1.4319722784669506
322795,6.858410149968266
322796,55.29247053949524
322797,38.34620009268028
322798,53.09236484990898
322799,11.369061820947962
322800,171.40898245380615
322801,1225.0024062707862
322802,991.3338099961156
322803,635.8191656484481
322804,529.6527116091263
322805,350.44424451910106
322806,2484.6820331293275
322807,1954.0636981926718
322808,1289.2423446097905
322809,1080.3553328509552
322810,416.2172168600216
322811,2993.324328948021
322812,2407.859506391713
322813,1528.4110943438038
322814,1286.5066198435654
322815,157.2870949628872
322816,992.4662737944757
322817,788.8627849969358
322818,513.0925207811672
322819,421.17851471913553
322820,302.76249520463836
322821,1944.777008889138
322822,1626.7431900477263
322823,1023.9174015447986
322824,870.2868806192657
322825,330.50133808496383
322826,2320.3365139977213
322827,1902.7901365166135
322828,1217.6929788398375
322829,1025.2795599638623
322830,735.0725995642084
322831,595.8258351664546
322832,488.5225950094153
322833,308.7989590961527
322834,242.68302856073532
322835,604.1305693254868
322836,1199.2295992559955
322837,981.4706776829285
322838,637.3732991808878
322839,520.1057855142349
322840,339.0556758820656
322841,1428.9481587701848
322842,1165.6937426065997
322843,737.5053539624088
322844,617.2617651524271
322845,116.74033713344517
322846,610.9331976018028
322847,493.5380487286177
322848,316.1952211561018
322849,250.07929062068447
322850,191.06851265613852
322851,1224.5833646865192
322852,994.6830696484851
322853,651.334206507132
322854,535.7591750188259
322855,208.7688261778149
322856,1463.7575939461015
322857,1183.2418500639428
322858,750.6219996759395
322859,632.0708930443047
322860,58.3385544325748
322861,428.8527537527549
322862,344.3415972555804
322863,230.63500310711558
322864,178.33799398488662
322865,117.06182989880355
322866,903.8303420448085
322867,727.2965765847492
322868,462.4413521787698
322869,363.4357686109514
322870,143.71347113988134
322871,1059.6928687903408
322872,842.19483417908
322873,540.0360948229924
322874,438.0544361118435
322875,726.4880183333876
322876,26.68150235654014
322877,7.0989931929582255
322878,18.588075343437445
322879,-5.414653504119306
322880,52.82608705060761
322881,30.47075694895786
322882,12.528184040761905
322883,16.40055100235519
322884,-9.42252725560615
322885,-13.060173719389432
322886,46.98603327186349
322887,30.85342083603494
322888,32.861240611850235
322889,9.501179840456565
322890,142.02412847923293
322891,1019.2912503869813
322892,805.6541770782712
322893,527.0850873796088
322894,422.8462767186398
322895,290.1193738342133
322896,1997.1602617491712
322897,1605.0227228476704
322898,1073.621308524405
322899,875.6913193998938
322900,356.3903951151151
322901,2381.9070645003594
322902,1906.324110221769
322903,1239.2884251229623
322904,1015.1257100564875
322905,132.2426928593725
322906,806.5252730956101
322907,626.359298691163
322908,434.3729848011403
322909,348.8922411078289
322910,247.18614436434422
322911,1598.1587450887837
322912,1300.521069518696
322913,853.809818572169
322914,713.437764199675
322915,279.8716379224097
322916,1890.1524557470473
322917,1554.0474090721282
322918,980.3000113050854
322919,813.6952309906272
322920,734.3851024979442
322921,595.1383381001904
322922,480.78520209687787
322923,312.8480497825425
322924,240.9709110791469
322925,603.4583607626204
322926,1198.5573906931288
322927,973.7485732737888
322928,641.4376783706755
322929,518.4089565360443
322930,338.10906273553724
322931,1428.0015456236563
322932,1157.697233613798
322933,741.2953285685344
322934,615.2905315905746
322935,116.05284006718097
322936,610.2457005355386
322937,485.8006558160803
322938,320.2443118424916
322939,248.36717313909614
322940,190.39630409327202
322941,1223.9111561236525
322942,986.9609652393453
322943,655.3985856969194
322944,534.0623460406354
322945,207.82221303128648
322946,1462.810980799573
322947,1175.2453410711412
322948,754.4119742820651
322949,630.0996594824522
322950,57.65105736631059
322951,428.16525668649075
322952,336.6042043430432
322953,234.68409379350535
322954,176.62587650329826
322955,116.38962133593708
322956,903.1581334819421
322957,719.5744721756098
322958,466.50573136855735
322959,361.7389396327608
322960,142.76685799335291
322961,1058.7462556438122
322962,834.1983251862786
322963,543.826069429118
322964,436.08320254999086
322965,718.6509393716345
322966,26.800964903746763
322967,0.16855989389182122
322968,22.145709807111082
322969,-7.618227208423817
322970,52.15387848774111
322971,29.7985483860914
322972,4.806079631622401
322973,20.464930192142678
322974,-11.119356233796818
322975,-8.563290470888411
322976,46.03942012533506
322977,22.856911843233483
322978,36.65121521797579
322979,7.529946278603952
322980,142.5522524254702
322981,1022.7429877926027
322982,802.0560186376194
322983,532.4472237823846
322984,420.6431624809639
322985,289.44716527134693
322986,1996.4880531863046
322987,1597.3006184385306
322988,1077.6856877141922
322989,872.1904479492297
322990,354.77190269186076
322991,2380.2885720771055
322992,1897.6557219522413
322993,1242.4065204523615
322994,1010.6785547454351
322995,132.77081680560977
322996,805.8870698627217
322997,618.6711996120015
322998,438.4713693209058
322999,345.4253749871427
323000,246.51393580147774
323001,1597.486536525917
323002,1292.7989651095563
323003,857.8741977619566
323004,709.9368927490109
323005,278.2531454991554
323006,1888.5339633237927
323007,1545.3790208026005
323008,983.418106634485
323009,809.2480756795751
323010,734.7772702229175
323011,595.5305058251636
323012,483.4468853643765
323013,312.29799544493073
323014,240.42085674153515
323015,603.8505284875937
323016,1198.949558418102
323017,978.6057909384887
323018,640.8876240330636
323019,517.8589021984325
323020,338.5012304605106
323021,1428.3937133486295
323022,1162.554451278498
323023,740.7452742309225
323024,614.7404772529627
323025,117.4396425297771
323026,611.6325029981348
323027,489.45697382120164
323028,320.68889224250256
323029,248.81175353910717
323030,191.78310655586822
323031,1225.2979585862486
323032,992.8128176416681
323033,655.8431660969304
323034,534.5069264406463
323035,209.20901549388267
323036,1464.197783262169
323037,1181.097193473464
323038,754.8565546820761
323039,630.5442398824632
323040,59.037859828906726
323041,429.55205914908686
323042,340.26052234816456
323043,235.1286741935164
323044,177.0704569033093
323045,117.77642379853322
323046,904.5449359445382
323047,725.4263245779325
323048,466.9503117685683
323049,362.18352003277175
323050,144.1536604559491
323051,1060.1330581064083
323052,840.0501775886013
323053,544.270649829129
323054,436.52778295000184
323055,720.0377418342307
323056,28.18776736634291
323057,0.5388688025580093
323058,22.590290207122074
323059,-7.173646808412821
323060,53.54068095033727
323061,31.18535084868755
323062,5.1763885402885865
323063,20.90951059215367
323064,-10.674775833785823
323065,-7.176488008292258
323066,47.42622258793121
323067,23.22722075189967
323068,37.09579561798678
323069,7.974526678614947
323070,143.93905488806638
323071,1024.1297902551987
323072,807.8646714979417
323073,532.8918041823956
323074,421.0877428809749
323075,290.83396773394304
323076,1997.8748556489006
323077,1603.1092712988527
323078,1078.1302681142033
323079,872.6350283492407
323080,356.15870515445687
323081,2381.6753745397014
323082,1903.4643748125634
323083,1242.8511008523726
323084,1011.1231351454461
323085,134.15761926820596
323086,807.2738723253178
323087,621.7971540295295
323088,438.9159497209168
323089,345.86995538715365
323090,247.90073826407394
323091,1598.873338988513
323092,1295.9249195270843
323093,858.3187781619675
323094,710.3814731490219
323095,279.6399479617515
323096,1889.9207657863888
323097,1548.5049752201285
323098,983.8626870344959
323099,809.6926560795861
323100,734.7772702229175
323101,595.5305058251636
323102,483.4468853643765
323103,312.29799544493073
323104,240.42085674153515
323105,582.1656859498408
323106,1198.4645327698663
323107,978.120765290253
323108,640.8876240330636
323109,517.8589021984325
323110,338.5012304605106
323111,1428.3937133486295
323112,1162.554451278498
323113,740.7452742309225
323114,614.7404772529627
323115,116.7113471859579
323116,610.9042076543155
323117,488.72867847738246
323118,319.9605968986834
323119,248.08345819528796
323120,191.054811212049
323121,1224.5696632424292
323122,992.0845222978488
323123,655.1148707531112
323124,533.7786310968271
323125,208.48072015006346
323126,1463.4694879183496
323127,1180.3688981296445
323128,754.1282593382568
323129,629.815944538644
323130,58.30956448508752
323131,428.8237638052677
323132,339.5322270043454
323133,234.40037884969718
323134,176.34216155949008
323135,117.04812845471402
323136,903.816640600719
323137,724.6980292341133
323138,466.22201642474914
323139,361.45522468895257
323140,143.4253651121299
323141,1059.404762762589
323142,839.321882244782
323143,543.5423544853097
323144,435.79948760618265
323145,719.3094464904115
323146,27.45947202252371
323147,-0.1894265412611956
323148,21.861994863302872
323149,-7.901942152232026
323150,44.82601196203736
323151,31.465269300418324
323152,5.456306992019358
323153,21.189429043884445
323154,-10.39485738205505
323155,-7.904783352111464
323156,46.697927244112
323157,22.498925408080467
323158,36.367500274167575
323159,7.246231334795742
323160,143.21075954424717
323161,1023.4014949113796
323162,807.1363761541224
323163,532.1635088385764
323164,420.3594475371557
323165,291.11388618567383
323166,1998.1547741006311
323167,1603.3891897505832
323168,1078.4101865659338
323169,872.9149468009714
323170,355.4304098106377
323171,2380.9470791958825
323172,1902.736079468744
323173,1242.1228055085533
323174,1010.3948398016269
323175,133.42932392438675
323176,806.5455769814986
323177,621.0688586857102
323178,438.1876543770976
323179,345.14166004333447
323180,248.1806567158047
323181,1599.1532574402436
323182,1296.2048379788148
323183,858.5986966136983
323184,710.6613916007526
323185,278.9116526179323
323186,1889.1924704425694
323187,1547.7766798763091
323188,983.1343916906767
323189,808.9643607357668
323190,741.4315052452838
323191,641.2111299329031
323192,523.9688763738698
323193,334.94555649229073
323194,273.16911506005226
323195,539.4078794164998
323196,1261.3502246285573
323197,1025.999285992476
323198,666.0074145157524
323199,586.4440413645727
323200,284.2427678980815
323201,1496.3218064605626
323202,1212.8149124625331
323203,780.7384452699253
323204,684.1778209248873
323205,122.3323523879924
323206,666.2383888431384
323207,534.6192894933528
323208,343.7067630579015
323209,281.930321625663
323210,202.73678278977053
323211,1306.6147969558815
323212,1054.8375477802265
323213,683.6442603065038
323214,604.0808871553241
323215,239.74554613898482
323216,1566.8946963866808
323217,1251.6547852786214
323218,797.5310294479633
323219,700.9704051029254
323220,76.38582408175742
323221,464.5224246479564
323222,367.6672695882736
323223,249.43250599045794
323224,198.14996582235986
323225,141.65036484329846
323226,958.611352147416
323227,774.9078553498464
323228,491.5004434295546
323229,421.06122409526824
323230,181.89349182865413
323231,1131.417795358889
323232,895.2612750871532
323233,580.6248686559674
323234,493.1883981278219
323235,723.343909182914
323236,34.15403888617437
323237,3.455908550275718
323238,18.466848057792838
323239,-15.325893997622488
323240,67.24381315320946
323241,35.04379482794214
323242,9.170171546144902
323243,29.135669506119676
323244,-13.497908757615027
323245,-1.199561411063418
323246,53.2162799624774
323247,20.10412991374528
323248,44.21200266176516
323249,-5.384969549358616
323250,162.96988598000112
323251,1071.8574774659824
323252,835.4810793960311
323253,548.9107198457419
323254,475.3193271740852
323255,337.4318511192385
323256,2183.4603683503897
323257,1716.8530005334615
323258,1098.0023602060805
323259,972.6787756909882
323260,393.9119518808731
323261,2542.5918155137324
323262,2042.0588641737127
323263,1273.7285052265463
323264,1128.9539007408202
323265,163.08933761336152
323266,870.7301053670366
323267,672.6881579740422
323268,469.7907794866032
323269,397.7140846276761
323270,284.593263888017
323271,1725.5000034760074
323272,1374.139604013375
323273,904.3792035651002
323274,803.3447105143908
323275,334.1305178897533
323276,2026.9181243004293
323277,1655.9161574497186
323278,1041.4893148685987
323279,925.7975568102368
323280,735.8931171129484
323281,674.1958892266022
323282,540.9904471966358
323283,355.1215750350285
323284,288.9849119339795
323285,430.76364226969133
323286,1348.6200437136108
323287,1107.2026676421026
323288,708.9201909282523
323289,617.7354218311561
323290,272.5441968621823
323291,1607.4877806741524
323292,1317.0861940620036
323293,826.1669036522791
323294,723.423975991221
323295,131.09046166699443
323296,702.3560203323332
323297,555.4092477683428
323298,365.7936787783166
323299,299.6570156772676
323300,207.82601672845848
323301,1396.8684601805328
323302,1137.8984197043999
323303,726.5570367190037
323304,635.3722676219076
323305,246.88593204997375
323306,1684.9810680813678
323307,1359.5818216279915
323308,844.75775230567
323309,742.014824644612
323310,89.0919082076036
323311,491.4329392435289
323312,390.35030055914206
323313,262.8142116204732
323314,207.17144978356458
323315,155.29598291411122
323316,1004.063416246602
323317,821.2804267246993
323318,514.49525438531
323319,432.4346391051068
323320,196.95366744498634
323321,1178.9411475110137
323322,940.7385904701059
323323,605.7073858932183
323324,512.0886120490533
323325,706.5251950962709
323326,42.33077713120661
323327,6.769776612949688
323328,20.915734933232336
323329,-15.125445773982962
323330,80.62753467534124
323331,34.57820038129221
323332,9.625084375161949
323333,30.781765468933322
323334,-21.361425723707693
323335,16.56926666496737
323336,56.0908134057294
323337,21.963193344730207
323338,45.183042133240974
323339,-13.923543006789117
323340,165.89952925477448
323341,1122.1354042756961
323342,893.6492929622169
323343,576.2332705395859
323344,492.378478710502
323345,332.2626767169873
323346,2304.907965060407
323347,1795.8057424254614
323348,1167.1301933760155
323349,1024.2820354263902
323350,416.7021680757456
323351,2679.087011907831
323352,2148.980035511015
323353,1381.1515973491912
323354,1218.8524194289316
323355,165.99547725514432
323356,917.8736725014035
323357,726.911450206545
323358,492.8435306438199
323359,410.5034366274654
323360,281.34177396026024
323361,1808.4278602583463
323362,1482.400233962633
323363,941.040022527934
323364,822.4809560426911
323365,338.3182760388525
323366,2144.7194047005723
323367,1778.3995312455206
323368,1095.9252502638744
323369,962.7089187709789
323370,703.3373584743116
323371,751.3511414575843
323372,606.3176796402034
323373,409.77091384954525
323374,343.5089843881242
323375,322.09055421349007
323376,1523.2165627237673
323377,1237.994909315505
323378,768.6925403229153
323379,675.7057496992564
323380,287.95732348610983
323381,1785.410653625322
323382,1451.4067496352084
323383,916.0925837705656
323384,808.6434869252382
323385,153.20247662385006
323386,778.6349940333599
323387,622.4417675094701
323388,420.6398112194832
323389,354.3778817580621
323390,216.55154936913812
323391,1562.3329191030957
323392,1266.5084737366258
323393,783.9845005624811
323394,693.8005281714652
323395,250.45712608925564
323396,1848.763010572161
323397,1491.7201895600197
323398,932.338546872771
323399,827.6922682600865
323400,108.84243571252148
323401,555.8409027513425
323402,443.28340816949
323403,287.91259148541315
323404,232.51886716776144
323405,166.7054171997916
323406,1087.770229436206
323407,891.3113801033406
323408,554.1115378477336
323409,473.4260231532387
323410,200.10312218916803
323411,1297.9162296857521
323412,1056.9622738852354
323413,692.0035159670247
323414,596.8556950508628
323415,732.8440315758179
323416,43.379751539605735
323417,12.474829461787351
323418,26.9154187343196
323419,-6.01996832294502
323420,35.58719235743836
323421,40.58996447002445
323422,17.968109401195722
323423,34.05254749735166
323424,-13.032295176523922
323425,15.153850753766978
323426,65.52400688845766
323427,38.13914946654348
323428,53.91711570164069
323429,-0.17851244663691634
323430,182.48349672440165
323431,1241.7452425898684
323432,994.5936776372677
323433,638.8851169495023
323434,554.0904097760673
323435,385.8458700999247
323436,2527.8572195750694
323437,1949.4637927689596
323438,1276.0154978201697
323439,1118.8930379389717
323440,438.7344212315429
323441,3021.9847684926485
323442,2419.6917012259787
323443,1520.6524790728859
323444,1338.5733575134998
323445,176.06922066290085
323446,1012.8812305207055
323447,799.830264067505
323448,528.1222234324781
323449,444.8422140717711
323450,329.10384868480946
323451,1974.856432211957
323452,1635.9890136347838
323453,1031.7809111851702
323454,908.6599134336802
323455,361.90367244478165
323456,2352.6690739494966
323457,1922.3299427802974
323458,1220.4655298268917
323459,1077.1816253601946
323460,739.4415789145002
323461,612.6945849719951
323462,493.7546505934817
323463,309.9655868250179
323464,247.9979851329384
323465,627.6690875946119
323466,1215.721737838447
323467,988.9967491674078
323468,630.2141092390464
323469,547.2367937310593
323470,314.9291650898627
323471,1447.6399693744142
323472,1175.4194861128576
323473,732.1692248192553
323474,646.2158341679395
323475,125.0616519721122
323476,631.4938527721226
323477,500.74332203957704
323478,319.3453051711276
323479,257.377703479048
323480,203.29066064242954
323481,1254.1398072751642
323482,1013.5547575012707
323483,647.8509550297977
323484,564.8736395218107
323485,225.83343220601267
323486,1495.634566729016
323487,1197.5138377201565
323488,748.9618089972934
323489,663.0084183459776
323490,67.87470709178699
323491,440.81690370084095
323492,349.65468655842983
323493,231.88266455476406
323494,180.40896412682488
323495,131.85727447095726
323496,923.5757117534735
323497,741.7030540063631
323498,458.8493757323591
323499,387.32279039751126
323500,161.99291498862414
323501,1080.4003099279578
323502,852.0016114041205
323503,538.2671791752693
323504,463.7645186970914
323505,727.7969599382412
323506,35.22820470922063
323507,6.32592340615297
323508,18.005460916773885
323509,-12.129470473861959
323510,49.60687834101412
323511,39.01745930163836
323512,8.328676592027858
323513,19.23501087244845
323514,-17.692837097829173
323515,-12.908488468135086
323516,53.277861428700795
323517,26.70666201777302
323518,35.7484491124156
323519,1.2836186287056424
323520,148.23606277887117
323521,1032.0943785139375
323522,804.9743365272973
323523,521.9768181658015
323524,449.23062071045075
323525,319.8544475190491
323526,2033.4865292613256
323527,1607.042299403853
323528,1052.932210249815
323529,920.8787525954234
323530,371.1358087742169
323531,2403.7185851113995
323532,1914.2165968639094
323533,1213.5083681950546
323534,1073.8421758339343
323535,146.1622385884289
323536,823.0005216297149
323537,633.3870695696071
323538,441.2284669375893
323539,369.2999525067146
323540,267.86094594852733
323541,1621.3892494780155
323542,1305.8271849136283
323543,853.3924692746767
323544,748.5548090603397
323545,303.50218156980804
323546,1915.6360967652354
323547,1569.6475071436869
323548,974.7917033542752
323549,862.3413084332097
323550,737.3839433422501
323551,612.4960641214554
323552,493.5561297429421
323553,309.7670659744784
323554,247.79946428239882
323555,628.0630627019503
323556,1215.5232169879077
323557,988.7982283168681
323558,630.0155883885066
323559,547.0382728805196
323560,312.87152951761266
323561,1447.441448523875
323562,1175.2209652623183
323563,731.9707039687155
323564,646.0173133173998
323565,126.80037646876906
323566,635.0916919904898
323567,504.34116125794424
323568,322.94314438949505
323569,260.9755426974154
323570,206.3206050590121
323571,1260.1859660080524
323572,1019.6009162341594
323573,652.1649545617058
323574,569.1876390537187
323575,230.0204762171904
323576,1501.680725461904
323577,1203.5599964530447
323578,753.2758085292013
323579,667.3224178778856
323580,69.61343158844387
323581,444.4147429192084
323582,353.25252577679726
323583,235.4805037731314
323584,184.00680334519222
323585,134.88721888753975
323586,929.6218704863614
323587,747.7492127392511
323588,463.16337526426736
323589,391.63678992941954
323590,166.17995899980187
323591,1086.446468660846
323592,858.0477701370085
323593,542.5811787071774
323594,468.07851822899966
323595,727.640365328729
323596,36.93072482141894
323597,8.028443518351278
323598,19.707981028972196
323599,-10.426950361663641
323600,40.269731346454236
323601,40.71997941383668
323602,10.03119670422617
323603,20.937530984646784
323604,-15.990316985630859
323605,-13.065083077647202
323606,54.980381540899124
323607,28.409182129971338
323608,37.450969224613935
323609,2.9861387409039546
323610,149.7241871152833
323611,1035.4416175720603
323612,808.3215755854197
323613,525.324057223924
323614,452.5778597685733
323615,320.18547226086594
323616,2036.8337683194484
323617,1610.3895384619757
323618,1056.2794493079377
323619,924.2259916535459
323620,372.62393311062897
323621,2407.065824169522
323622,1917.5638359220322
323623,1216.8556072531774
323624,1077.1894148920571
323625,138.5310105110255
323626,817.2284082740218
323627,627.6149562139141
323628,435.45635358189634
323629,363.5278391510216
323630,259.0726182765287
323631,1615.6171361223226
323632,1300.0550715579354
323633,847.6203559189837
323634,742.7826957046467
323635,295.87095349240457
323636,1909.8639834095425
323637,1563.875393787994
323638,969.0195899985822
323639,856.5691950775167
323640,737.0975318444115
323641,612.2096526236169
323642,495.5392337876288
323643,309.33700592237096
323644,247.36940423029142
323645,627.7766512041118
323646,1215.2368054900692
323647,992.976866758756
323648,629.5855283363991
323649,546.6082128284121
323650,312.5851180197741
323651,1447.1550370260363
323652,1179.3996037042064
323653,731.540643916608
323654,645.5872532652924
323655,126.51396497093052
323656,634.8052804926513
323657,506.3242653026309
323658,322.5130843373876
323659,260.54548264530797
323660,206.03419356117354
323661,1259.8995545102139
323662,1023.7795546760475
323663,651.7348945095983
323664,568.7575790016112
323665,229.73406471935186
323666,1501.3943139640655
323667,1207.7386348949328
323668,752.8457484770938
323669,666.8923578257782
323670,69.3270200906053
323671,444.1283314213698
323672,355.23562982148394
323673,235.050443721024
323674,183.57674329308483
323675,134.6008073897012
323676,929.3354589885229
323677,751.9278511811391
323678,462.73331521215994
323679,391.2067298773121
323680,165.89354750196333
323681,1086.1600571630074
323682,862.2264085788964
323683,542.1511186550699
323684,467.64845817689223
323685,727.3539538308904
323686,36.64431332358038
323687,6.725538466582756
323688,19.27792097686478
323689,-10.857010413771054
323690,39.983319848615665
323691,40.433567915998125
323692,8.728291652457647
323693,20.50747093253937
323694,-16.420377037738277
323695,-13.351494575485763
323696,54.69397004306056
323697,27.106277078202815
323698,37.02090917250652
323699,2.556078688796541
323700,149.43777561744477
323701,1035.1552060742217
323702,812.4570144853072
323703,524.8939971718165
323704,452.1477997164659
323705,319.89906076302736
323706,2036.5473568216098
323707,1614.5249773618632
323708,1055.8493892558304
323709,923.7959316014384
323710,372.3375216127904
323711,2406.7794126716835
323712,1921.6992748219197
323713,1216.42554720107
323714,1076.7593548399498
323715,138.24459901318696
323716,816.9419967761833
323717,629.0676966710073
323718,435.0262935297889
323719,363.0977790989142
323720,258.78620677869014
323721,1615.330724624484
323722,1301.5078120150288
323723,847.1902958668762
323724,742.3526356525392
323725,295.584541994566
323726,1909.577571911704
323727,1565.3281342450873
323728,968.5895299464747
323729,856.1391350254092
323730,738.346884557027
323731,612.6637743636986
323732,495.99335552771055
323733,309.79112766245277
323734,250.19175151302997
323735,626.5743932371388
323736,1215.690927230151
323737,993.4309884988378
323738,630.0396500764808
323739,549.4305601111506
323740,313.8344707323897
323741,1447.609158766118
323742,1179.853725444288
323743,731.9947656566898
323744,648.4096005480309
323745,127.76331768354598
323746,637.6417581645788
323747,509.1607429745585
323748,325.34956200931526
323749,265.7501858598923
323750,208.44064586838425
323751,1262.7360321821416
323752,1026.616032347975
323753,654.5713721815259
323754,573.9622822161956
323755,230.98341743196735
323756,1504.2307916359932
323757,1210.5751125668605
323758,755.6822261490214
323759,672.0970610403625
323760,70.57637280322082
323761,444.5824531614516
323762,355.68975156156574
323763,235.50456546110578
323764,186.39909057582332
323765,137.0072596969119
323766,929.7895807286046
323767,752.3819729212208
323768,463.18743695224174
323769,394.02907716005063
323770,167.14290021457882
323771,1086.6141789030892
323772,862.6805303189782
323773,542.6052403951517
323774,470.47080545963075
323775,728.6033065435059
323776,37.09843506366214
323777,7.179660206664516
323778,19.732042716946545
323779,-8.03466313103258
323780,42.38977215582639
323781,40.88768965607987
323782,9.182413392539408
323783,20.96159267262113
323784,-13.598029754999796
323785,-12.102141862870255
323786,55.14809178314231
323787,27.560398818284575
323788,37.47503091258827
323789,5.378425971535014
323790,150.68712833006026
323791,1035.6093278143032
323792,812.911136225389
323793,525.3481189118983
323794,454.9701469992044
323795,322.3055130702382
323796,2037.0014785616916
323797,1614.979099101945
323798,1056.3035109959121
323799,926.6182788841769
323800,373.58687432540603
323801,2407.2335344117655
323802,1922.1533965620015
323803,1216.8796689411517
323804,1079.5817021226883
323805,139.49395172580245
323806,817.396118516265
323807,629.521818411089
323808,435.4804152698707
323809,365.9201263816527
323810,261.1926590859009
323811,1615.7848463645657
323812,1301.9619337551105
323813,847.644417606958
323814,745.1749829352777
323815,296.8338947071816
323816,1910.0316936517856
323817,1565.782255985169
323818,969.0436516865565
323819,858.9614823081478
323820,736.8954927939646
323821,637.7390012307606
323822,520.4967476717272
323823,331.4734277901483
323824,274.62069714217114
323825,533.5675837697115
323826,1256.5738127309455
323827,1021.2228740948646
323828,661.2310026181407
323829,586.5913402512223
323830,279.70675544676243
323831,1492.8496777584203
323832,1209.3427837603908
323833,777.2663165677827
323834,685.6294030070061
323835,121.59270000558017
323836,668.9449761417486
323837,537.325876791963
323838,346.4133503565119
323839,289.56061970853466
323840,203.14116672640978
323841,1310.4654205735433
323842,1058.6881713978883
323843,685.7627247231857
323844,611.1230623562673
323845,241.45421327109335
323846,1572.049603199812
323847,1256.8096920917526
323848,800.9537770601144
323849,709.3168634993377
323850,75.64617169934517
323851,464.84665601472096
323852,367.99150095503813
323853,249.7567373572224
323854,203.39790797338557
323855,142.05474877993777
323856,960.079619833232
323857,776.3761230356623
323858,491.23655191439076
323859,425.7210433643657
323860,183.60215896076267
323861,1134.1903462401742
323862,898.0338259684384
323863,581.6652603362726
323864,499.1525005923886
323865,719.5171640421985
323866,31.39117749463557
323867,0.6930471587369207
323868,15.703986666254039
323869,-13.165044604900007
323870,38.937785696572575
323871,32.28093343640336
323872,6.407310154606106
323873,26.372808114580877
323874,-11.337059364892538
323875,-5.026306551778892
323876,50.45341857093861
323877,17.34126852220648
323878,41.44914127022638
323879,-3.2241201566361344
323880,160.78785978520986
323881,1070.739335020368
323882,834.3629369504165
323883,547.7925774001274
323884,479.124895512732
323885,335.24982492444735
323886,2182.342225904775
323887,1715.734858087847
323888,1096.884217760466
323889,976.4843440296349
323890,391.72992568608197
323891,2541.473673068118
323892,2040.9407217280975
323893,1272.6103627809318
323894,1132.7594690794672
323895,151.78795900475473
323896,860.4926105076065
323897,662.4506631146121
323898,459.5532846271732
323899,392.40030055250736
323900,273.29188527941034
323901,1715.2625086165772
323902,1363.9021091539448
323903,894.1417087056701
323904,798.0309264392221
323905,322.82913928114664
323906,2016.6806294409992
323907,1645.6786625902885
323908,1031.2518200091688
323909,920.483772735068
323910,730.9263953357512
323911,670.2930511985816
323912,537.0876091686152
323913,351.218737007008
323914,290.00578469022025
323915,425.79692049249405
323916,1344.7172056855902
323917,1103.299829614082
323918,705.0173529002317
323919,618.7562945873968
323920,267.57747508498505
323921,1603.5849426461318
323922,1313.183356033983
323923,822.2640656242585
323924,724.4448487474617
323925,129.92009995870404
323926,704.6318983050653
323927,557.6851257410749
323928,368.0695567510488
323929,306.85660443426116
323930,209.10397453468886
323931,1401.5926576677857
323932,1142.6226171916528
323933,729.5490750052767
323934,643.2880166924418
323935,248.16388985620412
323936,1689.7052655686207
323937,1364.3060191152445
323938,847.749790591943
323939,749.9305737151462
323940,87.92154649931324
323941,491.3264612844153
323942,390.24382260002847
323943,262.7077336613596
323944,211.98868260871214
323945,156.5739407203416
323946,1006.405257802009
323947,823.6222682801064
323948,515.1049367397372
323949,437.96803224379534
323950,198.2316252512167
323951,1181.2829890664207
323952,943.080432025513
323953,606.3170682476455
323954,517.6220051877425
323955,703.4595142818115
323956,40.328980065923865
323957,4.767979547666936
323958,18.913937867949613
323959,-12.20353205500443
323960,69.53840107042926
323961,32.57640331600946
323962,7.623287309879207
323963,28.77996840365057
323964,-18.43951200472916
323965,13.50358585050795
323966,54.08901634044666
323967,19.96139627944746
323968,43.18124506795824
323969,-11.001629287810593
323970,164.47856738623926
323971,1121.7783261563377
323972,893.2922148428585
323973,575.8761924202274
323974,496.9451113754049
323975,330.84171484845217
323976,2304.5508869410487
323977,1795.448664306103
323978,1166.773115256657
323979,1028.8486680912922
323980,415.28120620721046
323981,2678.7299337884724
323982,2148.6229573916567
323983,1380.7945192298328
323984,1223.4190520938346
323985,155.45516297279357
323986,908.3972419682295
323987,717.4350196733711
323988,483.36710011064594
323989,405.9507168785527
323990,270.8014596779095
323991,1798.9514297251721
323992,1472.9238034294588
323993,931.56359199476
323994,817.9282362937785
323995,327.77796175650184
323996,2135.242974167398
323997,1768.9231007123465
323998,1086.4488197307003
323999,958.1561990220663
324000,698.540355521314
324001,747.6180222537633
324002,602.5845604363825
324003,406.0377946457244
324004,348.33208340913586
324005,317.29355126049245
324006,1519.4834435199466
324007,1234.2617901116844
324008,764.9594211190944
324009,680.528848720268
324010,283.16032053311227
324011,1781.6775344215014
324012,1447.6736304313877
324013,912.3594645667447
324014,813.4665859462498
324015,152.20183373975937
324016,781.0805908302917
324017,624.8873643064019
324018,423.0854080164151
324019,365.37969677982653
324020,217.28277750492433
324021,1564.4000547059131
324022,1268.5756093394432
324023,787.1462576729538
324024,705.5185035067703
324025,251.9048027196857
324026,1853.6569268836138
324027,1496.6141058714725
324028,935.5003039832436
324029,839.4102435953916
324030,107.84179282843081
324031,555.9041436164284
324032,443.34664903457605
324033,287.9758323504992
324034,241.13832625767995
324035,167.43664533557782
324036,1087.4550091071774
324037,890.9961597743121
324038,554.8909390263605
324039,482.7616425566982
324040,201.5507988195981
324041,1300.427790065359
324042,1059.4738342648423
324043,692.7829171456515
324044,606.1913144543221
324045,729.9480695855582
324046,41.547673298522675
324047,10.642751220704302
324048,25.083340493236527
324049,-4.435203577583591
324050,35.878961805276376
324051,38.7578862289414
324052,16.136031160112665
324053,32.220469256268615
324054,-11.447530431162514
324055,12.257888763507239
324056,63.691928647374624
324057,36.30707122546043
324058,52.08503746055764
324059,1.4062522987245163
324060,181.23225368006612
324061,1241.5578832947099
324062,994.4063183421085
324063,638.6977576543435
324064,565.5401378614985
324065,384.5946270555892
324066,2527.6698602799106
324067,1949.276433473801
324068,1275.8281385250111
324069,1130.3427660244033
324070,437.48317818720744
324071,3021.7974091974897
324072,2419.50434193082
324073,1520.4651197777273
324074,1350.0230855989314
324075,165.6986252047498
324076,1003.5745188117312
324077,790.5235523585308
324078,518.8155117235033
324079,447.1725897433868
324080,318.73325322665846
324081,1965.5497205029828
324082,1626.6823019258095
324083,1022.474199476196
324084,910.9902891052959
324085,351.53307698663065
324086,2343.362362240522
324087,1913.0232310713232
324088,1211.1588181179175
324089,1079.5120010318105
324090,736.8259050392841
324091,611.3899161810791
324092,492.44998180256556
324093,306.89446028398123
324094,256.2005535578717
324095,625.0534137193958
324096,1214.4170690475314
324097,987.6920803764917
324098,627.1429826980095
324099,555.4393621559925
324100,311.56567690511366
324101,1445.5874862739656
324102,1173.367003012409
324103,728.3502839686853
324104,653.6705882833397
324105,126.16187444702024
324106,636.2874362631765
324107,505.53690553063086
324108,322.37243091206085
324109,271.6785241859513
324110,205.4969206828351
324111,1255.4024255343143
324112,1014.8173757604209
324113,651.5942410842716
324114,579.8906205422546
324115,228.63415988590845
324116,1502.128655425058
324117,1204.0079264161986
324118,751.9572807422342
324119,677.2775850568885
324120,68.97492956669497
324121,443.22813126004917
324122,352.06591411763804
324123,232.52743436385134
324124,192.32742890188237
324125,134.0635345113628
324126,922.4559740807772
324127,740.5833163336669
324128,460.2103058549873
324129,399.9574154861097
324130,164.7936426685199
324131,1084.512042692154
324132,856.1133441683162
324133,538.8802949883643
324134,475.6513294761568
324135,727.0018633069801
324136,35.744113162259715
324137,6.841831859192059
324138,16.754911619692148
324139,-7.245700043361568
324140,48.07827010429362
324141,39.53336775467747
324142,8.844585045066948
324143,17.98446157536672
324144,-12.809066667328809
324145,-10.422409717809
324146,53.79376988173989
324147,27.222570470812112
324148,34.49789981533387
324149,6.1673890592060285
324150,149.0856850935344
324151,1034.2550059129014
324152,807.1349639262605
324153,522.370987814644
324154,463.979354481021
324155,320.7040698337123
324156,2035.6471566602893
324157,1609.2029268028166
324158,1053.3263798986577
324159,935.6274863659934
324160,371.98543108888015
324161,2405.879212510363
324162,1916.3772242628731
324163,1213.9025378438973
324164,1088.590909604505
324165,137.8925084892766
324166,816.0417966148626
324167,626.4283445547549
324168,432.5032841726163
324169,374.9293338634693
324170,259.59121584937515
324171,1614.4305244631635
324172,1298.8684598987763
324173,844.6672865097037
324174,754.1841904170942
324175,295.23245147065575
324176,1908.6773717503834
324177,1562.6887821288349
324178,966.0665205893022
324179,867.9706897899642
324180,736.8259050392841
324181,611.3899161810791
324182,492.44998180256556
324183,306.89446028398123
324184,256.2005535578717
324185,625.0534137193958
324186,1214.4170690475314
324187,987.6920803764917
324188,627.1429826980095
324189,555.4393621559925
324190,311.11693691843624
324191,1445.138746287288
324192,1172.9182630257314
324193,727.901543982008
324194,653.2218482966623
324195,126.16187444702024
324196,636.2874362631765
324197,505.53690553063086
324198,322.37243091206085
324199,271.6785241859513
324200,205.4969206828351
324201,1255.4024255343143
324202,1014.8173757604209
324203,651.5942410842716
324204,579.8906205422546
324205,228.18541989923096
324206,1501.6799154383805
324207,1203.559186429521
324208,751.5085407555566
324209,676.8288450702111
324210,68.97492956669497
324211,443.22813126004917
324212,352.06591411763804
324213,232.52743436385134
324214,192.32742890188237
324215,134.0635345113628
324216,922.4559740807772
324217,740.5833163336669
324218,460.2103058549873
324219,399.9574154861097
324220,164.34490268184243
324221,1084.0633027054764
324222,855.6646041816388
324223,538.4315550016869
324224,475.20258948947935
324225,727.0018633069801
324226,35.744113162259715
324227,6.841831859192059
324228,16.754911619692148
324229,-7.245700043361568
324230,41.763955692528896
324231,39.53336775467747
324232,8.844585045066948
324233,17.98446157536672
324234,-12.809066667328809
324235,-10.422409717809
324236,53.79376988173989
324237,27.222570470812112
324238,34.49789981533387
324239,6.1673890592060285
324240,149.0856850935344
324241,1034.2550059129014
324242,807.1349639262605
324243,522.370987814644
324244,463.979354481021
324245,320.7040698337123
324246,2035.6471566602893
324247,1609.2029268028166
324248,1053.3263798986577
324249,935.6274863659934
324250,371.98543108888015
324251,2405.879212510363
324252,1916.3772242628731
324253,1213.9025378438973
324254,1088.590909604505
324255,137.8925084892766
324256,816.0417966148626
324257,626.4283445547549
324258,432.5032841726163
324259,374.9293338634693
324260,259.59121584937515
324261,1614.4305244631635
324262,1298.8684598987763
324263,844.6672865097037
324264,754.1841904170942
324265,295.23245147065575
324266,1908.6773717503834
324267,1562.6887821288349
324268,966.0665205893022
324269,867.9706897899642
324270,736.5394935414455
324271,611.1035046832405
324272,494.43308584725224
324273,306.4644002318738
324274,255.7704935057643
324275,624.7670022215573
324276,1214.1306575496928
324277,991.8707188183797
324278,626.712922645902
324279,555.009302103885
324280,310.25676754859217
324281,1444.278576917444
324282,1176.523143595614
324283,726.897726057895
324284,652.2180303725494
324285,125.87546294918168
324286,632.668714425771
324287,504.18769923575064
324288,318.6100605203865
324289,267.91615379427697
324290,205.2105091849966
324291,1251.7837036969088
324292,1015.663703862742
324293,647.8318706925972
324294,576.1282501505802
324295,227.32525052938698
324296,1497.4874357289696
324297,1203.8317566598369
324298,747.1724124918768
324299,672.4927168065312
324300,68.6885180688564
324301,442.9417197622106
324302,354.0490181623247
324303,232.09737431174395
324304,191.89736884977498
324305,133.77712301352426
324306,922.1695625829386
324307,744.7619547755548
324308,459.7802458028799
324309,399.5273554340023
324310,163.48473331199844
324311,1083.2031333356324
324312,859.2694847515213
324313,537.427737077574
324314,474.1987715653664
324315,726.7154518091415
324316,35.45770166442115
324317,5.538926807423536
324318,16.324851567584737
324319,-7.675760095468981
324320,41.47754419469034
324321,39.2469562568389
324322,7.541679993298426
324323,17.554401523259305
324324,-13.239126719436221
324325,-10.70882121564756
324326,53.50735838390133
324327,25.91966541904359
324328,34.06783976322645
324329,5.737329007098616
324330,148.79927359569587
324331,1033.9685944150629
324332,811.270402826148
324333,521.9409277625365
324334,463.5492944289136
324335,320.41765833587374
324336,2035.3607451624507
324337,1613.338365702704
324338,1052.8963198465503
324339,935.1974263138859
324340,371.6990195910416
324341,2405.5928010125244
324342,1920.5126631627606
324343,1213.47247779179
324344,1088.1608495523976
324345,137.60609699143805
324346,815.755385117024
324347,627.8810850118481
324348,432.0732241205089
324349,374.4992738113619
324350,259.3048043515366
324351,1614.144112965325
324352,1300.3212003558697
324353,844.2372264575962
324354,753.7541303649867
324355,294.9460399728172
324356,1908.3909602525448
324357,1564.1415225859282
324358,965.6364605371947
324359,867.5406297378568
324360,736.1617460362017
324361,610.7257571779968
324362,494.05533834200844
324363,304.4433579533167
324364,255.39274600052022
324365,624.3892547163135
324366,1213.7529100444488
324367,991.4929713131362
324368,621.0988255274467
324369,554.6315545986413
324370,309.8262714128761
324371,1443.848080781728
324372,1176.092647459898
324373,721.2308803089677
324374,651.7875342368335
324375,121.7013553750309
324376,628.4946068516203
324377,500.01359166159943
324378,312.7926581729225
324379,263.74204622012604
324380,198.58808209632494
324381,1245.1612766082371
324382,1009.0412767740708
324383,637.7052531916942
324384,571.2379822628887
324385,220.6500748102432
324386,1490.8122600098259
324387,1197.1565809406932
324388,736.9930463605017
324389,667.5497002883676
324390,64.5144104947056
324391,438.7676121880597
324392,349.8749105881738
324393,226.27997196427998
324394,187.7232612756241
324395,127.15469592485275
324396,915.5471354942672
324397,738.1395276868834
324398,449.6536283019767
324399,394.6370875463105
324400,156.80955759285467
324401,1076.5279576164887
324402,852.5943090323777
324403,527.2483709461989
324404,469.25575504720257
324405,728.0208186079958
324406,34.670635965936434
324407,4.751861108938819
324408,13.894491095786918
324409,-8.462825793953698
324410,25.097116047287116
324411,38.45989055835419
324412,6.754614294813717
324413,14.959509480054633
324414,-14.026192417920942
324415,-13.834996271096252
324416,52.66754405494449
324417,25.07985109008675
324418,31.420199089549655
324419,4.89751467814178
324420,147.80085748431551
324421,1032.9701783036828
324422,810.2719867147679
324423,516.5735638861026
324424,463.7786923556796
324425,319.41924222449336
324426,2034.3623290510704
324427,1612.3399495913238
324428,1039.5165664025478
324429,935.4268242406522
324430,370.6478548491891
324431,2404.541636270672
324432,1919.4614984209084
324433,1200.0399757173154
324434,1088.3374988486917
324435,136.6076808800577
324436,814.7569690056439
324437,626.8826689004679
324438,426.70586024407476
324439,374.7286717381279
324440,258.30638824015625
324441,1613.1456968539446
324442,1299.3227842444894
324443,830.8574730135936
324444,753.983528291753
324445,293.8948752309647
324446,1907.3397955106925
324447,1563.090357844076
324448,952.2039584627199
324449,867.7172790341509
324450,734.7103542731394
324451,635.8009840450587
324452,518.5587304860254
324453,326.12565808101226
324454,280.98952490233245
324455,531.3824452488859
324456,1254.6357955452434
324457,1019.2848569091622
324458,652.2901780691066
324459,592.9601680113836
324460,275.6985561272488
324461,1489.0885997740302
324462,1205.5817057760007
324463,766.5024312200605
324464,690.1751699684794
324465,115.530737697065
324466,659.7978248287901
324467,528.1787254790045
324468,333.8564465201191
324469,288.72031334143924
324470,193.28860295435052
324471,1292.8906649996388
324472,1041.1134158239838
324473,668.896605733354
324474,609.5665956756311
324475,231.1208706493692
324476,1556.4544744319214
324477,1241.214563323862
324478,782.2645972715947
324479,705.9373360200135
324480,69.58420939082997
324481,459.031815041329
324482,362.1766599816462
324483,240.5321438603966
324484,205.88991194585708
324485,132.20218500787863
324486,945.8371745988945
324487,762.1336778013249
324488,477.70274326412573
324489,427.4968870232963
324490,173.26881633903852
324491,1124.1041249535738
324492,887.9476046818379
324493,566.3083908873198
324494,499.10528345263117
324495,718.9346761066884
324496,28.963378396909867
324497,-1.734751938988772
324498,9.866435045094402
324499,-12.425373995150398
324500,28.055069784806197
324501,29.853134338677638
324502,3.97951105688041
324503,20.370724922014393
324504,-10.597388755142925
324505,-10.040336341591999
324506,47.9728708427408
324507,14.860720794008671
324508,35.39430944718776
324509,-2.5371981773586265
324510,157.9015889394651
324511,1068.1001855097468
324512,831.7237874397954
324513,539.0180223743317
324514,489.1012741418779
324515,332.3635540787025
324516,2179.703076394154
324517,1713.0957085772259
324518,1080.0972731671018
324519,986.460722658781
324520,388.79090620986506
324521,2538.7817749270243
324522,2038.248823587004
324523,1255.7706695570955
324524,1142.6830990781411
324525,148.90168815900998
324526,857.8534609969854
324527,659.811513603991
324528,450.7787296013772
324529,402.3766791816533
324530,270.4056144336655
324531,1712.623359105956
324532,1361.2629596433237
324533,877.3547641123057
324534,808.007305068368
324535,319.8901198049297
324536,2013.988731299906
324537,1642.9867644491953
324538,1014.4121267853324
324539,930.4074027337418
324540,728.3912911426448
324541,667.7520882763255
324542,531.8301742715928
324543,342.2762988025722
324544,296.9384627863909
324545,423.2618162993875
324546,1342.176242763334
324547,1095.3717675935561
324548,692.4818598558979
324549,625.6889726835675
324550,263.21931009319036
324551,1599.2209189251876
324552,1303.4322332147692
324553,807.9055117812367
324554,729.5544660449443
324555,123.50817197790772
324556,694.8818012555525
324557,545.2185567167958
324558,351.91798441935634
324559,306.5801484031751
324560,198.9014450903485
324561,1383.4149563573271
324562,1119.0578167829246
324563,709.0882875201454
324564,642.295400347815
324565,237.4805815621989
324566,1673.507191064176
324567,1342.72084551253
324568,825.4659423081237
324569,747.1148965718313
324570,81.50961851851699
324571,484.90867457446916
324572,381.10956391531596
324573,249.88847166923398
324574,215.04453691719294
324575,146.37141127600123
324576,991.5598668311173
324577,803.389778210945
324578,497.97645959417224
324579,440.3077262387353
324580,187.54831695721148
324581,1170.593822043266
324582,927.0041659040886
324583,587.365530303393
324584,518.1386383839944
324585,703.8390297134194
324586,38.61020427104304
324587,0.3327317780197275
324588,16.28361695010129
324589,-9.588042069846443
324590,70.23513523045784
324591,30.857627521128638
324592,6.61447720216078
324593,25.98511591439539
324594,-15.824022019571165
324595,9.451559427812803
324596,52.31749191509372
324597,18.899837541256904
324598,40.33364394823094
324599,-8.438887933124722
324600,162.55429990761246
324601,1119.8481999485614
324602,888.6456166603159
324603,562.5647477030371
324604,512.4462966330823
324605,328.91744736982525
324606,2302.620760733272
324607,1787.6569160363867
324608,1145.4492809718981
324609,1044.3498533489694
324610,413.30419009811146
324611,2676.7470589502236
324612,2140.7784604914677
324613,1359.4179363146018
324614,1238.8674887210398
324615,153.53089549416677
324616,910.6466338644076
324617,712.7884214908286
324618,470.05565539345514
324619,421.45190213622976
324620,268.87719219928266
324621,1801.20082162135
324622,1465.1320551597425
324623,910.239757710001
324624,833.4294215514558
324625,325.80094564740284
324626,2137.4396174331036
324627,1761.0786038121582
324628,1065.0722368154693
324629,973.6046356492715
324630,696.9312298967383
324631,746.0030379000378
324632,598.2531041078906
324633,398.0213350098193
324634,352.55823263326596
324635,315.68442563591657
324636,1517.8684591662209
324637,1227.259706659689
324638,753.3499066432912
324639,684.754997944398
324640,279.72813410984827
324641,1778.2394892690877
324642,1438.8484861807044
324643,898.9268892922535
324644,815.8696743716918
324645,146.71588432749368
324646,772.2564723493095
324647,613.3467738506533
324648,407.8598142532533
324649,362.3967118766999
324650,208.72267512375848
324651,1549.9751126726205
324652,1248.763568207881
324653,767.6114487563531
324654,701.8193582901029
324655,242.14747299421114
324656,1838.3848309476996
324657,1475.9549108372887
324658,914.1424342679549
324659,833.8880375800361
324660,102.35584341616523
324661,550.4123354750132
324662,435.13836891839424
324663,276.08254892690434
324664,241.48765169412013
324665,158.87654295441197
324666,1076.3623774134517
324667,874.5164289823166
324668,538.6884404493267
324669,482.3948076795976
324670,191.79346909412354
324671,1290.664601610735
324672,1044.3235467119487
324673,674.7573577699296
324674,604.0014187785334
324675,731.2535635856967
324676,40.754876072172515
324677,7.133482019587745
324678,23.378998143918885
324679,0.6131327739218619
324680,23.432270463219584
324681,37.96508900259123
324682,16.05319962092489
324683,30.351595335544094
324684,-6.39919407965706
324685,9.131840909342758
324686,62.84638279055235
324687,36.17149105580054
324688,50.16341490936101
324689,6.401840019757847
324690,180.23396476997
324691,1240.5537356554642
324692,990.6856987280964
324693,626.3122915056838
324694,575.2539250913777
324695,383.596338145493
324696,2526.665712640665
324697,1942.410663772615
324698,1255.4302828087827
324699,1140.0565532542823
324700,436.43214064663914
324701,3020.7405129277718
324702,2412.585823599162
324703,1500.014515431027
324704,1359.6841241983384
324705,164.70033629465365
324706,1006.7498892764398
324707,786.8029327445188
324708,506.4300455748431
324709,456.8863769732658
324710,317.73496431656224
324711,1968.7250909676914
324712,1619.8165322246239
324713,1002.0763437599675
324714,920.7040763351752
324715,350.48203944606234
324716,2346.4849840747584
324717,1906.1047127396655
324718,1190.708213771217
324719,1089.1730396312175
324720,735.7927914914524
324721,611.2861896065738
324722,489.6297832532939
324723,304.1360382646593
324724,258.4576305670436
324725,624.0203001715641
324726,1214.3133424730258
324727,982.2012547037169
324728,618.0518960662549
324729,557.6964391651647
324730,309.4573168681268
324731,1444.408513210305
324732,1166.8009308504788
324733,718.1839508477759
324734,654.852418803357
324735,121.33240083028156
324736,629.0550392801973
324737,495.58803657288485
324738,312.48533848426507
324739,266.80693078664945
324740,198.2191275515756
324741,1245.7217090368142
324742,999.7495601646515
324743,634.6583237305024
324744,574.3028668294122
324745,220.28112026549385
324746,1491.372692438403
324747,1187.864864331274
324748,733.9461168993099
324749,670.6145848548911
324750,64.14545594995627
324751,439.3280446166367
324752,345.4493554994592
324753,225.97265227562255
324754,190.78814584214746
324755,126.78574138010343
324756,916.1075679228442
324757,728.8478110774641
324758,446.6066988407848
324759,397.7019721128339
324760,156.44060304810532
324761,1077.0883900450658
324762,843.3025924229585
324763,524.2014414850071
324764,472.320639613726
324765,728.9638331026456
324766,36.54303743391254
324767,4.924284156078485
324768,14.899140446528563
324769,-4.085972188031249
324770,29.973740145999
324771,40.33229202633029
324772,10.353475003882158
324773,13.22454905826178
324774,-9.649338811998485
324775,-12.891981776446542
324776,54.5399455229206
324777,28.67871179915519
324778,29.685238667756813
324779,9.27436828406423
324780,148.7438719789652
324781,1034.8425797716588
324782,805.0060658102516
324783,517.5782132368445
324784,468.155545961602
324785,320.36225671914303
324786,2036.2347305190465
324787,1603.928878599634
324788,1037.7816059807549
324789,939.8036778465748
324790,371.5908693438388
324791,2406.4140377386475
324792,1911.0504274292184
324793,1198.3050152955225
324794,1092.714352454614
324795,137.55069537470737
324796,820.8088885775743
324797,624.2994464387459
324798,427.71050959481636
324799,379.1055253440503
324800,259.24940273480604
324801,1619.197616425875
324802,1293.5944116955936
324803,829.122512591801
324804,758.3603818976757
324805,294.8378897256144
324806,1913.3917150826228
324807,1557.3619852951801
324808,950.4689980409273
324809,872.0941326400736
324810,735.7927914914524
324811,611.2861896065738
324812,489.6297832532939
324813,304.1360382646593
324814,258.4576305670436
324815,616.2073549286007
324816,1214.3133424730258
324817,982.2012547037169
324818,618.0518960662549
324819,557.6964391651647
324820,309.4573168681268
324821,1444.408513210305
324822,1166.8009308504788
324823,718.1839508477759
324824,654.852418803357
324825,121.33240083028156
324826,629.0550392801973
324827,495.58803657288485
324828,312.48533848426507
324829,266.80693078664945
324830,198.2191275515756
324831,1245.7217090368142
324832,999.7495601646515
324833,634.6583237305024
324834,574.3028668294122
324835,220.28112026549385
324836,1491.372692438403
324837,1187.864864331274
324838,733.9461168993099
324839,670.6145848548911
324840,64.14545594995627
324841,439.3280446166367
324842,345.4493554994592
324843,225.97265227562255
324844,190.78814584214746
324845,126.78574138010343
324846,916.1075679228442
324847,728.8478110774641
324848,446.6066988407848
324849,397.7019721128339
324850,156.44060304810532
324851,1077.0883900450658
324852,843.3025924229585
324853,524.2014414850071
324854,472.320639613726
324855,728.9638331026456
324856,36.54303743391254
324857,4.924284156078485
324858,14.899140446528563
324859,-4.085972188031249
324860,29.973740145999
324861,40.33229202633029
324862,10.353475003882158
324863,13.22454905826178
324864,-9.649338811998485
324865,-12.891981776446542
324866,54.5399455229206
324867,28.67871179915519
324868,29.685238667756813
324869,9.27436828406423
324870,148.7438719789652
324871,1034.8425797716588
324872,805.0060658102516
324873,517.5782132368445
324874,468.155545961602
324875,320.36225671914303
324876,2036.2347305190465
324877,1603.928878599634
324878,1037.7816059807549
324879,939.8036778465748
324880,371.5908693438388
324881,2406.4140377386475
324882,1911.0504274292184
324883,1198.3050152955225
324884,1092.714352454614
324885,137.55069537470737
324886,820.8088885775743
324887,624.2994464387459
324888,427.71050959481636
324889,379.1055253440503
324890,259.24940273480604
324891,1619.197616425875
324892,1293.5944116955936
324893,829.122512591801
324894,758.3603818976757
324895,294.8378897256144
324896,1913.3917150826228
324897,1557.3619852951801
324898,950.4689980409273
324899,872.0941326400736
324900,735.5063799936138
324901,610.9997781087352
324902,491.6128872979806
324903,303.7059782125519
324904,258.0275705149362
324905,593.3647190017988
324906,1214.2750647959087
324907,986.6280269663264
324908,617.6218360141474
324909,557.2663791130573
324910,309.1709053702882
324911,1444.1221017124665
324912,1170.979569292367
324913,717.7538907956684
324914,654.4223587512495
324915,121.04598933244299
324916,628.7686277823587
324917,497.57114061757153
324918,312.05527843215765
324919,266.376870734542
324920,197.93271605373704
324921,1245.4352975389756
324922,1003.9281986065395
324923,634.2282636783949
324924,573.8728067773047
324925,219.9947087676553
324926,1491.0862809405644
324927,1192.0435027731621
324928,733.5160568472024
324929,670.1845248027836
324930,63.859044452117715
324931,439.04163311879813
324932,347.4324595441459
324933,225.54259222351516
324934,190.35808579004006
324935,126.49932988226486
324936,915.8211564250056
324937,733.0264495193521
324938,446.1766387886774
324939,397.2719120607265
324940,156.15419155026677
324941,1076.8019785472272
324942,847.4812308648465
324943,523.7713814328996
324944,471.89057956161855
324945,728.677421604807
324946,36.25662593607397
324947,3.6213791043099635
324948,14.46908039442115
324949,-4.516032240138662
324950,29.687328648160438
324951,40.04588052849172
324952,9.050569952113637
324953,12.794489006154368
324954,-10.079398864105897
324955,-13.178393274285103
324956,54.25353402508203
324957,27.37580674738667
324958,29.2551786156494
324959,8.844308231956818
324960,148.45746048112665
324961,1034.5561682738203
324962,809.1415047101391
324963,517.148153184737
324964,467.7254859094946
324965,320.07584522130446
324966,2035.948319021208
324967,1608.0643174995214
324968,1037.3515459286475
324969,939.3736177944673
324970,371.3044578460002
324971,2406.127626240809
324972,1915.185866329106
324973,1197.8749552434151
324974,1092.2842924025067
324975,137.26428387686883
324976,820.5224770797357
324977,625.7521868958391
324978,427.28044954270894
324979,378.6754652919429
324980,258.96299123696747
324981,1618.9112049280363
324982,1295.047152152687
324983,828.6924525396935
324984,757.9303218455682
324985,294.5514782277758
324986,1913.1053035847842
324987,1558.8147257522735
324988,950.0389379888198
324989,871.6640725879661
324990,735.5063799936138
324991,610.9997781087352
324992,491.6128872979806
324993,303.7059782125519
324994,258.0275705149362
324995,511.6739092895748
324996,1213.9185165500414
324997,986.271478720459
324998,617.6218360141474
324999,557.2663791130573
325000,309.1709053702882
325001,1444.1221017124665
325002,1170.979569292367
325003,717.7538907956684
325004,654.4223587512495
325005,121.04598933244299
325006,628.7686277823587
325007,497.57114061757153
325008,312.05527843215765
325009,266.376870734542
325010,197.93271605373704
325011,1245.4352975389756
325012,1003.9281986065395
325013,634.2282636783949
325014,573.8728067773047
325015,219.9947087676553
325016,1491.0862809405644
325017,1192.0435027731621
325018,733.5160568472024
325019,670.1845248027836
325020,63.859044452117715
325021,439.04163311879813
325022,347.4324595441459
325023,225.54259222351516
325024,190.35808579004006
325025,126.49932988226486
325026,915.8211564250056
325027,733.0264495193521
325028,446.1766387886774
325029,397.2719120607265
325030,156.15419155026677
325031,1076.8019785472272
325032,847.4812308648465
325033,523.7713814328996
325034,471.89057956161855
325035,728.677421604807
325036,36.25662593607397
325037,3.6213791043099635
325038,14.46908039442115
325039,-4.516032240138662
325040,29.687328648160438
325041,40.04588052849172
325042,9.050569952113637
325043,12.794489006154368
325044,-10.079398864105897
325045,-13.178393274285103
325046,54.25353402508203
325047,27.37580674738667
325048,29.2551786156494
325049,8.844308231956818
325050,148.45746048112665
325051,1034.5561682738203
325052,809.1415047101391
325053,517.148153184737
325054,467.7254859094946
325055,320.07584522130446
325056,2035.948319021208
325057,1608.0643174995214
325058,1037.3515459286475
325059,939.3736177944673
325060,371.3044578460002
325061,2406.127626240809
325062,1915.185866329106
325063,1197.8749552434151
325064,1092.2842924025067
325065,137.26428387686883
325066,820.5224770797357
325067,625.7521868958391
325068,427.28044954270894
325069,378.6754652919429
325070,258.96299123696747
325071,1618.9112049280363
325072,1295.047152152687
325073,828.6924525396935
325074,757.9303218455682
325075,294.5514782277758
325076,1913.1053035847842
325077,1558.8147257522735
325078,950.0389379888198
325079,871.6640725879661
325080,734.7362175332711
325081,636.7562342785168
325082,516.7975087447171
325083,326.069507642967
325084,285.9656617301371
325085,459.25770148773006
325086,1255.4826313535555
325087,1014.7445936192044
325088,652.2340276310614
325089,597.9363048391884
325090,275.72441938738046
325091,1490.0438500074881
325092,1201.149856911189
325093,766.4462807820154
325094,695.1513067962842
325095,115.55660095719668
325096,660.7530750622482
325097,526.4175037376962
325098,333.8002960820738
325099,293.6964501692439
325100,193.31446621448222
325101,1293.8459152330968
325102,1036.6815669591722
325103,668.8404552953089
325104,614.5427325034359
325105,231.1467339095009
325106,1557.4097246653794
325107,1236.7827144590503
325108,782.2084468335495
325109,710.9134728478183
325110,69.61007265096164
325111,459.987065274787
325112,360.41543824033783
325113,240.47599342235137
325114,210.8660487736618
325115,132.22804826801033
325116,946.7924248323526
325117,757.7018289365133
325118,477.64659282608045
325119,432.473023851101
325120,173.29467959917022
325121,1125.0593751870317
325122,883.5157558170263
325123,566.2522404492746
325124,504.08142028043585
325125,719.2778929596017
325126,30.23598222314956
325127,-3.178620087515477
325128,10.12763819983079
325129,-7.131883574564032
325130,41.56804084840995
325131,31.12573816491733
325132,5.962080570282484
325133,20.631928076750782
325134,-5.303898334556556
325135,-9.697119488678698
325136,49.24547466898049
325137,16.843290307410744
325138,35.65551260192415
325139,2.7562922432277306
325140,158.24480579237843
325141,1069.3727893359865
325142,830.2799192912687
325143,539.2792255290682
325144,494.3947645624642
325145,332.7067709316158
325146,2180.9756802203933
325147,1708.5066903415257
325148,1080.3584763218382
325149,991.7542130793674
325150,389.1341230627783
325151,2540.054378753264
325152,2033.6598053513035
325153,1256.031872711832
325154,1147.976589498728
325155,149.2449050119233
325156,863.3055829271793
325157,658.3676454554643
325158,451.03993275611356
325159,407.6701696022396
325160,270.74883128657876
325161,1718.07548103615
325162,1356.6739414076235
325163,877.6159672670422
325164,813.3007954889545
325165,320.233336657843
325166,2019.4408532301
325167,1638.397746213495
325168,1014.6733299400688
325169,935.7008931543282
325170,729.028164992784
325171,668.3889621264647
325172,528.5834988069379
325173,342.3016595259968
325174,304.0818535946965
325175,379.0345113970757
325176,1342.704702188327
325177,1092.016677703755
325178,692.5072205793226
325179,632.8323634918731
325180,263.8561839433295
325181,1599.8577927753265
325182,1300.185557750114
325183,807.9308725046614
325184,736.69785685325
325185,124.14504582804686
325186,695.5186751056917
325187,541.9718812521409
325188,351.9433451427809
325189,313.72353921148067
325190,199.53831894048767
325191,1384.051830207466
325192,1115.8111413182694
325193,709.1136482435701
325194,649.4387911561206
325195,238.11745541233807
325196,1674.1440649143149
325197,1339.4741700478748
325198,825.4913030315483
325199,754.258287380137
325200,82.14649236865611
325201,485.5455484246083
325202,377.8628884506609
325203,249.9138323926586
325204,222.18792772549853
325205,147.0082851261404
325206,992.1967406812565
325207,800.1431027462901
325208,498.0018203175968
325209,447.4511170470409
325210,188.18519080735066
325211,1171.230695893405
325212,923.7574904394337
325213,587.3908910268177
325214,525.2820291923
325215,703.5256435695215
325216,38.29681812714518
325217,0.019345634121882574
325218,15.970230806203448
325219,-4.8691409478943175
325220,69.92174908656
325221,30.54424137723079
325222,6.301091058262934
325223,25.671729770497542
325224,-11.105120897619031
325225,9.138173283914956
325226,52.004105771195874
325227,18.58645139735906
325228,40.0202578043331
325229,-3.719986811172592
325230,162.24091376371464
325231,1119.5348138046636
325232,888.332230516418
325233,562.2513615591392
325234,517.1651977550349
325235,328.6040612259274
325236,2302.3073745893744
325237,1787.343529892489
325238,1145.1358948280003
325239,1049.068754470922
325240,412.9908039542136
325241,2676.433672806326
325242,2140.46507434757
325243,1359.104550170704
325244,1243.5863898429923
325245,153.21750935026895
325246,910.3332477205097
325247,712.4750353469307
325248,469.7422692495573
325249,426.1708032581819
325250,268.5638060553848
325251,1800.8874354774523
325252,1464.8186690158448
325253,909.9263715661031
325254,838.1483226734078
325255,325.487559503505
325256,2137.126231289206
325257,1760.7652176682604
325258,1064.7588506715715
325259,978.3235367712235
325260,698.0151347809318
325261,746.639911750177
325262,595.0064286432357
325263,398.0466957332439
325264,359.70162344157154
325265,265.1480215334099
325266,1518.396918591214
325267,1223.904616769888
325268,753.3752673667159
325269,691.8983887527037
325270,275.8012631451834
325271,1778.8763631192267
325272,1435.6018107160492
325273,898.9522500156781
325274,823.0130651799974
325275,147.35275817763286
325276,772.8933461994487
325277,610.1000983859984
325278,407.8851749766779
325279,369.5401026850055
325280,209.35954897389766
325281,1550.6119865227595
325282,1245.5168927432258
325283,767.6368094797778
325284,708.9627490984085
325285,242.78434684435032
325286,1839.0217047978385
325287,1472.7082353726335
325288,914.1677949913795
325289,841.0314283883417
325290,102.99271726630435
325291,551.0492093251523
325292,431.89169345373915
325293,276.1079096503289
325294,248.63104250242571
325295,159.51341680455116
325296,1076.9992512635906
325297,871.2697535176617
325298,538.7138011727513
325299,489.5381984879032
325300,192.43034294426272
325301,1291.301475460874
325302,1041.0768712472934
325303,674.7827184933543
325304,611.1448095868391
325305,730.9401774417988
325306,40.44148992827467
325307,6.8200958756899
325308,23.065612000021037
325309,5.332033895873993
325310,23.118884319321737
325311,37.65170285869338
325312,15.739813477027043
325313,30.038209191646246
325314,-1.6802929577049344
325315,8.818454765444912
325316,62.5329966466545
325317,35.85810491190269
325318,49.850028765463165
325319,11.120741141709981
325320,179.92057862607217
325321,1240.2403495115664
325322,990.3723125841985
325323,625.9989053617859
325324,579.9728262133298
325325,383.28295200159516
325326,2526.352326496767
325327,1942.0972776287172
325328,1255.116896664885
325329,1144.7754543762348
325330,436.1187545027413
325331,3020.427126783874
325332,2412.272437455264
325333,1499.701129287129
325334,1364.403025320291
325335,164.38695015075584
325336,1006.4365031325419
325337,786.4895466006209
325338,506.1166594309453
325339,461.6052780952179
325340,317.4215781726644
325341,1968.4117048237936
325342,1619.503146080726
325343,1001.7629576160696
325344,925.4229774571272
325345,350.1686533021645
325346,2346.1715979308606
325347,1905.7913265957677
325348,1190.3948276273193
325349,1093.89194075317
325350,736.8766963756459
325351,611.923063456713
325352,486.38310778863854
325353,304.1613989880839
325354,260.56873410949925
325355,495.878001321048
325356,1215.3268275462547
325357,979.3311904621518
325358,618.0772567896796
325359,559.8075427076204
325360,305.5304459034619
325361,1445.045387060444
325362,1163.5542553858236
325363,718.2093115712006
325364,656.9635223458126
325365,121.9692746804207
325366,629.6919131303365
325367,492.34136110822976
325368,312.51069920768964
325369,268.91803432910507
325370,198.8560014017148
325371,1246.3585828869532
325372,996.5028846999966
325373,634.6836844539271
325374,576.4139703718679
325375,220.91799411563304
325376,1492.009566288542
325377,1184.6181888666188
325378,733.9714776227346
325379,672.7256883973467
325380,64.78232980009541
325381,439.9649184667758
325382,342.20268003480413
325383,225.99801299904718
325384,192.8992493846031
325385,127.42261523024256
325386,916.7444417729834
325387,725.6011356128092
325388,446.6320595642094
325389,399.81307565528954
325390,157.0774768982445
325391,1077.7252638952048
325392,840.0559169583036
325393,524.2268022084318
325394,474.4317431561816
325395,728.6504469587477
325396,36.22965129001469
325397,4.6108980121806376
325398,14.585754302630718
325399,-4.399358331929093
325400,29.660354002101155
325401,40.01890588243245
325402,10.040088859984314
325403,12.911162914363937
325404,-9.962724955896329
325405,-13.20536792034439
325406,54.22655937902275
325407,28.365325655257347
325408,29.371852523858966
325409,8.960982140166387
325410,148.43048583506737
325411,1034.529193627761
325412,804.6926796663537
325413,517.2648270929466
325414,467.84215981770416
325415,320.0488705752452
325416,2035.9213443751487
325417,1603.615492455736
325418,1037.468219836857
325419,939.4902917026769
325420,371.27748319994095
325421,2406.1006515947497
325422,1910.7370412853206
325423,1197.9916291516247
325424,1092.4009663107163
325425,137.23730923080956
325426,820.4955024336764
325427,623.986060294848
325428,427.3971234509185
325429,378.79213920015246
325430,258.9360165909082
325431,1618.8842302819771
325432,1293.2810255516958
325433,828.809126447903
325434,758.0469957537778
325435,294.52450358171654
325436,1913.078328938725
325437,1557.0485991512824
325438,950.1556118970294
325439,871.7807464961757
325440,736.0383002882495
325441,611.0846673693165
325442,485.54471170124214
325443,300.8529708304869
325444,260.8759565289455
325445,495.03960523365134
325446,1214.4884314588576
325447,978.4927943747554
325448,614.7688286320829
325449,560.1147651270669
325450,304.69204981606526
325451,1444.206990973047
325452,1162.7158592984265
325453,714.9008834136037
325454,657.2707447652591
325455,121.13087859302387
325456,628.8535170429401
325457,491.5029650208333
325458,309.2022710500927
325459,269.2252567485513
325460,198.017605314318
325461,1245.520186799556
325462,995.6644886126002
325463,631.3752562963303
325464,576.7211927913144
325465,220.07959802823623
325466,1491.1711702011448
325467,1183.7797927792217
325468,730.6630494651379
325469,673.0329108167932
325470,63.94393371269869
325471,439.1265223793792
325472,341.3642839474075
325473,222.68958484145006
325474,193.20647180404927
325475,126.58421914284578
325476,915.906045685587
325477,724.7627395254128
325478,443.32363140661244
325479,400.1202980747358
325480,156.2390808108477
325481,1076.8868678078077
325482,839.2175208709072
325483,520.9183740508349
325484,474.73896557562784
325485,730.8785597929665
325486,35.74043316261939
325487,4.121679884785343
325488,11.626504105035085
325489,-3.7429579524814667
325490,47.715731314897866
325491,39.529687755037145
325492,9.55087073258902
325493,9.951912716768316
325494,-9.306324576448707
325495,-10.977255086125858
325496,53.737341251627456
325497,27.87610752786205
325498,26.41260232626333
325499,9.617382519614013
325500,147.43256993059248
325501,1033.5312777232864
325502,803.6947637618791
325503,513.7968791182715
325504,467.9898624200723
325505,318.25784414414505
325506,2034.1303179440483
325507,1601.8244660246357
325508,1033.2071613355563
325509,938.8448837784198
325510,365.48882368775514
325511,2404.4973549265865
325512,1909.133744617157
325513,1193.9183004132606
325514,1091.9432881493956
325515,136.23939332633466
325516,819.4975865292018
325517,622.9881443903735
325518,423.9291754762435
325519,378.9398418025206
325520,257.1449901598079
325521,1617.0932038508768
325522,1291.4899991205955
325523,824.5480679466026
325524,757.4015878295206
325525,288.73584406953074
325526,1911.4750322705613
325527,1555.4453024831187
325528,946.0822831586661
325529,871.3230683348556
325530,735.7518887904109
325531,610.798255871478
325532,487.5278157459288
325533,300.4229107783795
325534,260.4458964768381
325535,494.7531937358128
325536,1214.202019961019
325537,982.6714328166433
325538,614.3387685799754
325539,559.6847050749594
325540,304.4056383182267
325541,1443.9205794752083
325542,1166.8944977403146
325543,714.4708233614962
325544,656.8406847131516
325545,120.8444670951853
325546,628.5698899019219
325547,493.4888534223403
325548,308.7749953548056
325549,268.7979810532642
325550,197.73119381647942
325551,1245.2365596585378
325552,999.8459114113085
325553,630.9479806010432
325554,576.2939170960273
325555,219.7931865303977
325556,1490.8875430601265
325557,1187.96121557793
325558,730.2357737698508
325559,672.6056351215061
325560,63.65752221486012
325561,438.8401108815406
325562,343.3473879920942
325563,222.25952478934266
325564,192.77641175194188
325565,126.29780764500721
325566,915.6196341877484
325567,728.9413779673008
325568,442.893571354505
325569,399.69023802262836
325570,155.95266931300915
325571,1076.600456309969
325572,843.3961593127951
325573,520.4883139987274
325574,474.3089055235204
325575,730.5921482951279
325576,35.454021664780825
325577,2.8187748330168203
325578,11.196444052927673
325579,-4.173018004588879
325580,47.42931981705931
325581,39.24327625719859
325582,8.2479656808205
325583,9.521852664660903
325584,-9.73638462855612
325585,-11.263666583964419
325586,53.45092975378889
325587,26.573202476093527
325588,25.982542274155914
325589,9.1873224675066
325590,147.14615843275394
325591,1033.2448662254478
325592,807.8302026617666
325593,513.366819066164
325594,467.5598023679649
325595,317.9714326463065
325596,2033.8439064462098
325597,1605.9599049245232
325598,1032.777101283449
325599,938.4148237263123
325600,365.2024121899166
325601,2404.210943428748
325602,1913.2691835170444
325603,1193.4882403611532
325604,1091.5132280972882
325605,135.95298182849612
325606,819.2111750313633
325607,624.4408848474667
325608,423.49911542413605
325609,378.5097817504132
325610,256.8585786619693
325611,1616.8067923530382
325612,1292.9427395776888
325613,824.1180078944951
325614,756.9715277774131
325615,288.44943257169217
325616,1911.1886207727227
325617,1556.898042940212
325618,945.6522231065586
325619,870.8930082827482
325620,735.7518887904109
325621,610.798255871478
325622,487.5278157459288
325623,300.4229107783795
325624,260.4458964768381
325625,473.0683511980599
325626,1213.7169943127833
325627,982.1864071684076
325628,614.3387685799754
325629,559.6847050749594
325630,304.4056383182267
325631,1443.9205794752083
325632,1166.8944977403146
325633,714.4708233614962
325634,656.8406847131516
325635,120.8444670951853
325636,628.5698899019219
325637,493.4888534223403
325638,308.7749953548056
325639,268.7979810532642
325640,197.73119381647942
325641,1245.2365596585378
325642,999.8459114113085
325643,630.9479806010432
325644,576.2939170960273
325645,219.7931865303977
325646,1490.8875430601265
325647,1187.96121557793
325648,730.2357737698508
325649,672.6056351215061
325650,63.65752221486012
325651,438.8401108815406
325652,343.3473879920942
325653,222.25952478934266
325654,192.77641175194188
325655,126.29780764500721
325656,915.6196341877484
325657,728.9413779673008
325658,442.893571354505
325659,399.69023802262836
325660,155.95266931300915
325661,1076.600456309969
325662,843.3961593127951
325663,520.4883139987274
325664,474.3089055235204
325665,730.5921482951279
325666,35.454021664780825
325667,2.8187748330168203
325668,11.196444052927673
325669,-4.173018004588879
325670,47.42931981705931
325671,39.24327625719859
325672,8.2479656808205
325673,9.521852664660903
325674,-9.73638462855612
325675,-11.263666583964419
325676,53.45092975378889
325677,26.573202476093527
325678,25.982542274155914
325679,9.1873224675066
325680,147.14615843275394
325681,1033.2448662254478
325682,807.8302026617666
325683,513.366819066164
325684,467.5598023679649
325685,317.9714326463065
325686,2033.8439064462098
325687,1605.9599049245232
325688,1032.777101283449
325689,938.4148237263123
325690,365.2024121899166
325691,2404.210943428748
325692,1913.2691835170444
325693,1193.4882403611532
325694,1091.5132280972882
325695,135.95298182849612
325696,819.2111750313633
325697,624.4408848474667
325698,423.49911542413605
325699,378.5097817504132
325700,256.8585786619693
325701,1616.8067923530382
325702,1292.9427395776888
325703,824.1180078944951
325704,756.9715277774131
325705,288.44943257169217
325706,1911.1886207727227
325707,1556.898042940212
325708,945.6522231065586
325709,870.8930082827482
325710,734.2915791838963
325711,635.8645648950876
325712,504.972394200221
325713,317.546569443118
325714,292.0239601089723
325715,441.0268746880285
325716,1254.606250473523
325717,1002.9347675781048
325718,643.7263779346101
325719,604.0098917214215
325720,270.009889108883
325721,1488.8930645437938
325722,1189.0656262864275
325723,757.6642265019021
325724,700.9504890948552
325725,114.93127096757074
325726,660.130529429443
325727,514.8615129438239
325728,325.5464816328487
325729,300.02387229870294
325730,192.70442472825405
325731,1293.238658103688
325732,1025.1408646686962
325733,660.6019293494816
325734,620.8854431362929
325735,230.2622878396108
325736,1556.5280629523088
325737,1224.9676075849125
325738,773.6955163040602
325739,716.9817788970133
325740,68.98474266133576
325741,459.36173528516133
325742,348.8566630896449
325743,232.21939461630575
325744,217.19068654630038
325745,131.61800678178216
325746,946.1823833461248
325747,746.1583422892184
325748,469.4052825234328
325749,438.8129501271375
325750,172.4102335292801
325751,1124.174929117141
325752,871.6978645860694
325753,557.736525562965
325754,510.1469419728104
325755,714.6138454486829
325756,30.8111452595764
325757,-9.653352897361673
325758,2.3846297103654814
325759,-2.379398304376159
325760,49.93485282706162
325761,30.90923009127108
325762,-1.3043233496368096
325763,13.395664313399331
325764,-0.04466833825483426
325765,-7.470701184373093
325766,48.75456201167228
325767,9.302481803829506
325768,28.144844254910694
325769,7.741117655867494
325770,158.71993245075632
325771,1072.7715294537477
325772,826.6287635627579
325773,532.8320212016256
325774,500.44305399467487
325775,331.18845455426475
325776,2179.457363843043
325777,1699.9384781179008
325778,1071.8204042547811
325779,995.7116347719644
325780,382.34158137796476
325781,2537.447199912473
325782,2024.0027306642417
325783,1246.4049381813347
325784,1150.8451487278842
325785,149.72003167030118
325786,862.6143824064318
325787,650.6265490884438
325788,443.32897654566074
325789,412.45470715143983
325790,269.2305149092276
325791,1716.5571646587982
325792,1348.1057291839986
325793,869.0778951999858
325794,817.2582171815515
325795,313.4407949730294
325796,2016.833674389308
325797,1628.74067152643
325798,1005.0463954095728
325799,938.5694523834856
325800,728.6278820959897
325801,667.541648195616
325802,520.6862890298162
325803,334.4345899054428
325804,308.7102777337956
325805,360.84804004995453
325806,1341.872676760875
325807,1084.13475643003
325808,684.6554394621663
325809,637.4760761343701
325810,258.1860091174124
325811,1598.7513627642127
325812,1292.029231892727
325813,799.8046868038431
325814,741.067164912085
325815,123.56407129100135
325816,694.940484925467
325817,534.3437952256431
325818,344.3453992728508
325819,318.6210871012036
325820,198.97263290683992
325821,1383.4889285306378
325822,1108.198343795168
325823,701.5309908770378
325824,654.3516275492416
325825,237.27736479502838
325826,1673.3067586538248
325827,1331.5869679411117
325828,817.634241081354
325829,758.896719189596
325830,81.5655178316106
325831,484.964573887563
325832,370.23201806734255
325833,242.31310216590805
325834,227.08269125840107
325835,146.44259909249266
325836,991.6310546476092
325837,792.5275208663697
325838,490.4163785942441
325839,452.36116908334134
325840,187.34510019004097
325841,1170.3906052760947
325842,915.8675039758514
325843,579.531044719803
325844,529.9176766449386
325845,698.8615960586028
325846,38.87198116357202
325847,-6.45538717572431
325848,8.22722231673814
325849,-0.11665567770645575
325850,78.28856106521167
325851,30.32773330358453
325852,-0.9653128616563608
325853,18.435466007146093
325854,-5.845890901317317
325855,11.364591588220557
325856,51.51319311388765
325857,11.045642893777819
325858,32.50958945731965
325859,1.2648386014671733
325860,162.71604042209253
325861,1122.9335539224248
325862,884.6810747879072
325863,555.8041572316966
325864,523.2134871872456
325865,327.0857448485764
325866,2300.789058212024
325867,1778.775317668864
325868,1136.5978227609432
325869,1053.0261761635184
325870,406.19826226940006
325871,2673.826493965535
325872,2130.807999660506
325873,1349.4776156402067
325874,1246.4549490721486
325875,153.69263600864684
325876,909.6420471997621
325877,704.7339389799101
325878,462.0313130391045
325879,430.9553408073822
325880,267.0454896780337
325881,1799.3691191001005
325882,1456.25045679222
325883,901.3882994990468
325884,842.1057443660048
325885,318.69501781869144
325886,2134.519052448415
325887,1751.1081429811954
325888,1055.1319161410743
325889,981.1920960003808
325890,698.7553338617686
325891,767.3739764258139
325892,605.7373592390421
325893,380.46692218289434
325894,382.3250333794431
325895,288.4207725686069
325896,1542.2397650844448
325897,1240.4149563067915
325898,731.8555963377021
325899,731.1793780760415
325900,289.43471815298096
325901,1805.4998653802327
325902,1451.0032663308175
325903,873.4067476657574
325904,873.570026488016
325905,150.489238133906
325906,782.8536477656995
325907,621.7809833895259
325908,391.2553558340494
325909,393.1134670305982
325910,211.54614749694156
325911,1572.5910335693702
325912,1263.5555262344296
325913,749.869911091128
325914,749.1936928294674
325915,252.25658445357723
325916,1867.825387426918
325917,1493.6819647563957
325918,892.3750652818228
325919,892.5383441040814
325920,106.12919722257745
325921,560.0595564836821
325922,442.622624049546
325923,258.52813609997935
325924,271.25445244029737
325925,161.70001532759505
325926,1089.6967197862934
325927,888.3584326011438
325928,519.9969483763805
325929,528.8191878112425
325930,201.90258055348963
325931,1308.6469824243222
325932,1058.9240490816114
325933,652.0400343760765
325934,661.7017708948576
325935,729.759487653553
325936,47.22709983962512
325937,11.4427399095229
325938,12.385214874311314
325939,24.534548061878137
325940,32.50264843517382
325941,44.437312770043825
325942,16.936019848931274
325943,25.259585904639792
325944,32.87551739829673
325945,13.95944436944818
325946,73.26089487838767
325947,37.10705991427904
325948,43.25946421872647
325949,56.30965741287522
325950,180.27887848611385
325951,1247.0474531404104
325952,995.0164503355254
325953,603.8950658999328
325954,604.0430557752743
325955,383.6412518616368
325956,2533.159430125612
325957,1949.8865654672181
325958,1220.1094733520506
325959,1210.9723546819853
325960,438.4199405312008
325961,3031.7057278849766
325962,2420.1144739242372
325963,1458.8360557202616
325964,1431.4391382394635
325965,164.90693709471307
325966,1009.2257757413471
325967,791.2953714358629
325968,485.61538623178893
325969,486.5810591316054
325970,317.94156511662163
325971,1971.200977432599
325972,1627.454121003142
325973,979.1778400834198
325974,979.73429466659
325975,352.63152641453956
325976,2353.4323680119246
325977,1913.7950501486557
325978,1161.9520598406368
325979,1158.8363638777964
325980,734.3662710967742
325981,622.9559265840093
325982,490.22094830213575
325983,295.0666147835408
325984,291.67292613739494
325985,562.8366053880783
325986,1227.67916364744
325987,987.1591310730396
325988,602.1224565923183
325989,600.4079142756917
325990,314.02313901360543
325991,1460.2201818323888
325992,1171.0927262466726
325993,703.2845145976877
325994,699.1935580899553
325995,129.72153128755875
325996,631.8085034227934
325997,498.9866463039947
325998,304.3658694108676
325999,300.97218076472177
326000,199.82778124567082
326001,1250.858011348114
326002,1008.201635187968
326003,619.6788386642868
326004,617.9642963476603
326005,226.14383648374607
326006,1498.268088225647
326007,1194.9641044097355
326008,719.9966350569429
326009,715.9056785492105
326010,72.5345864072336
326011,441.1315543515122
326012,347.8980108228481
326013,216.9032287945043
326014,224.0034414124989
326015,128.39439507419857
326016,920.2939158264224
326017,736.3499316930591
326018,433.00383572309414
326019,440.41344722336135
326020,162.30331926635753
326021,1085.2810220084523
326022,851.6990686775622
326023,513.8757721750279
326024,518.9089694841894
326025,725.7441985679212
326026,34.83912541015243
326027,3.8655177208317704
326028,3.026025156514035
326029,5.311851611898253
326030,88.81295834239765
326031,36.901773213769495
326032,4.141664117906022
326033,3.473397797247095
326034,5.439298346450338
326035,-6.8611353277294915
326036,57.278006462685354
326037,25.523552244705293
326038,22.990738738268348
326039,28.01931772626213
326040,147.06322709252842
326041,1032.5852248988463
326042,803.3938565259524
326043,499.0004742304755
326044,502.3991942425354
326045,318.6816118327063
326046,2033.9773756462343
326047,1605.4618194025088
326048,1009.3990787237509
326049,981.4647462748272
326050,370.34826128942973
326051,2406.1624699974336
326052,1910.948017791017
326053,1165.9052564644096
326054,1133.3397313940134
326055,136.03173757218616
326056,814.5337026847232
326057,622.8489242383624
326058,410.0383220628906
326059,414.254725099426
326060,257.7304449322847
326061,1612.9224305330242
326062,1295.2890395823842
326063,804.5801127313364
326064,800.9270018003709
326065,293.7569687551209
326066,1909.12231632137
326067,1557.4212627408945
326068,921.9093666063542
326069,913.6250630539155
326070,733.270573704044
326071,621.860229191279
326072,489.1252509094054
326073,293.9709173908104
326074,290.5772287446646
326075,561.740907995348
326076,1226.5834662547095
326077,986.0634336803093
326078,601.026759199588
326079,599.3122168829615
326080,312.9274416208751
326081,1459.1244844396583
326082,1169.997028853942
326083,702.1888172049574
326084,698.0978606972251
326085,128.6258338948284
326086,630.7128060300631
326087,497.8909489112642
326088,303.27017201813726
326089,299.8764833719914
326090,198.73208385294046
326091,1249.7623139553834
326092,1007.105937795238
326093,618.5831412715565
326094,616.86859895493
326095,225.0481390910157
326096,1497.1723908329166
326097,1193.868407017005
326098,718.9009376642126
326099,714.8099811564803
326100,71.43888901450325
326101,440.03585695878184
326102,346.80231343011775
326103,215.80753140177393
326104,222.90774401976853
326105,127.29869768146827
326106,919.1982184336922
326107,735.2542343003289
326108,431.9081383303638
326109,439.317749830631
326110,161.20762187362718
326111,1084.1853246157218
326112,850.603371284832
326113,512.7800747822977
326114,517.8132720914591
326115,724.648501175191
326116,33.74342801742207
326117,2.7698203281014124
326118,1.9303277637836793
326119,4.216154219167897
326120,57.9728430050836
326121,35.80607582103915
326122,3.045966725175665
326123,2.3777004045167387
326124,4.343600953719984
326125,-16.056947231185003
326126,56.182309069955
326127,24.427854851974935
326128,21.89504134553799
326129,26.923620333531773
326130,145.96752969979806
326131,1031.4895275061158
326132,802.2981591332222
326133,497.90477683774515
326134,501.303496849805
326135,317.58591443997597
326136,2032.8816782535039
326137,1604.3661220097783
326138,1008.3033813310207
326139,980.369048882097
326140,369.25256389669937
326141,2405.066772604703
326142,1909.8523203982866
326143,1164.8095590716791
326144,1132.244034001283
326145,134.9360401794558
326146,813.4380052919929
326147,621.7532268456322
326148,408.9426246701602
326149,413.15902770669567
326150,256.6347475395543
326151,1611.8267331402938
326152,1294.1933421896538
326153,803.4844153386061
326154,799.8313044076407
326155,292.66127136239055
326156,1908.0266189286394
326157,1556.325565348164
326158,920.8136692136239
326159,912.5293656611852
326160,732.9841622062054
326161,621.5738176934404
326162,491.1083549540921
326163,293.540857338703
326164,290.14716869255716
326165,561.4544964975095
326166,1226.297054756871
326167,990.2420721221973
326168,600.5966991474805
326169,598.882156830854
326170,312.6410301230365
326171,1458.8380729418197
326172,1174.1756672958302
326173,701.75875715285
326174,697.6678006451176
326175,128.33942239698985
326176,630.4263945322245
326177,499.8740529559509
326178,302.84011196602984
326179,299.446423319884
326180,198.44567235510195
326181,1249.4759024575449
326182,1011.284576237126
326183,618.1530812194491
326184,616.4385389028225
326185,224.76172759317717
326186,1496.885979335078
326187,1198.047045458893
326188,718.4708776121051
326189,714.3799211043728
326190,71.15247751666467
326191,439.74944546094326
326192,348.78541747480443
326193,215.37747134966654
326194,222.47768396766114
326195,127.0122861836297
326196,918.9118069358536
326197,739.4328727422169
326198,431.47807827825636
326199,438.88768977852357
326200,160.92121037578863
326201,1083.8989131178832
326202,854.7820097267199
326203,512.3500147301902
326204,517.3832120393516
326205,724.3620896773524
326206,33.457016519583505
326207,1.4669152763328903
326208,1.5002677116762655
326209,3.7860941670604817
326210,42.67575325580517
326211,35.519664323200594
326212,1.7430616734071431
326213,1.9476403524093244
326214,3.91354090161257
326215,-16.343358729023564
326216,55.89589757211643
326217,23.124949800206412
326218,21.464981293430576
326219,26.493560281424358
326220,145.68111820195952
326221,1031.2031160082772
326222,806.4335980331097
326223,497.4747167856377
326224,500.8734367976976
326225,317.2995029421374
326226,2032.5952667556653
326227,1608.5015609096658
326228,1007.8733212789132
326229,979.9389888299895
326230,368.9661523988608
326231,2404.780361106865
326232,1913.987759298174
326233,1164.3794990195718
326234,1131.8139739491755
326235,134.64962868161726
326236,813.1515937941543
326237,623.2059673027254
326238,408.5125646180528
326239,412.72896765458825
326240,256.34833604171575
326241,1611.5403216424552
326242,1295.6460826467471
326243,803.0543552864987
326244,799.4012443555332
326245,292.374859864552
326246,1907.7402074308009
326247,1557.7783058052573
326248,920.3836091615165
326249,912.0993056090778
326250,732.6685148813795
326251,623.1172850903249
326252,492.6518223509766
326253,295.0843247355873
326254,291.69063608944145
326255,563.5904598522719
326256,1227.8405221537553
326257,991.7855395190818
326258,602.140166544365
326259,600.4256242277385
326260,312.3253827982103
326261,1460.381540338704
326262,1175.7191346927145
326263,703.3022245497344
326264,699.2112680420021
326265,131.82013514107066
326266,635.7662219980159
326267,505.2138804217426
326268,308.1799394318211
326269,304.78625078567524
326270,203.21760501910833
326271,1257.2640494378568
326272,1019.0727232174372
326273,624.2090689987813
326274,622.4945266821547
326275,230.69075985177875
326276,1504.67412631539
326277,1205.835192439205
326278,724.5268653914374
326279,720.435908883705
326280,74.63319026074547
326281,445.0892729267345
326282,354.1252449405957
326283,220.71729881545772
326284,227.81751143345232
326285,131.784218847636
326286,926.6999539161658
326287,747.221019722529
326288,437.53406605758846
326289,444.94367755785566
326290,166.8502426343902
326291,1091.6870600981952
326292,862.5701567070321
326293,518.4060025095225
326294,523.4391998186838
326295,726.7177289192455
326296,35.272685808097556
326297,3.282584564846938
326298,3.31593700019031
326299,5.6017634555745275
326300,35.85084011265026
326301,37.335333611714645
326302,3.558730961921185
326303,3.7633096409233673
326304,5.729210190126616
326305,-13.987719487130732
326306,57.711566860630484
326307,24.94061908872046
326308,23.280650581944624
326309,28.309229569938406
326310,148.80155070579985
326311,1033.7835785587392
326312,809.0140605835713
326313,500.0551793360993
326314,503.45389934815915
326315,319.2628358513824
326316,2035.1757293061269
326317,1611.0820234601274
326318,1010.4537838293744
326319,982.5194513804512
326320,372.086584902701
326321,2407.360823657326
326322,1916.5682218486356
326323,1166.9599615700333
326324,1134.394436499637
326325,136.86450971101502
326326,814.8265048701734
326327,624.8808783787445
326328,410.1874756940718
326329,414.40387873060723
326330,257.40611747651826
326331,1613.215232718474
326332,1297.320993722766
326333,804.7292663625177
326334,801.0761554315523
326335,294.5897408939496
326336,1909.4151185068197
326337,1559.4532168812761
326338,922.0585202375355
326339,913.7742166850968
326340,731.1678706737204
326341,654.5938367014222
326342,523.5565392390288
326343,315.96085396417976
326344,315.78835506602707
326345,441.0522603320368
326346,1275.1247323985851
326347,1025.9787498591436
326348,636.7406500811421
326349,635.1764183223983
326350,278.1484150679862
326351,1512.0233840750416
326352,1211.6095177528525
326353,751.9829064559447
326354,744.001780788034
326355,125.60026501850798
326356,673.470764719221
326357,539.7803389831824
326358,328.4379568799146
326359,328.2654579817619
326360,197.86887343253707
326361,1311.3947625732937
326362,1057.5461870113859
326363,658.8095525355584
326364,657.2453207768145
326365,243.5580254658575
326366,1581.3399848427937
326367,1260.916818927682
326368,773.2075472976476
326369,765.2264216297369
326370,79.65373671227306
326371,471.75480052403907
326372,372.8283190781033
326373,234.16369981247112
326374,244.48510217845885
326375,136.78245548606503
326376,963.3913177648285
326377,777.6164945810059
326378,466.6657356586092
326379,474.225657716759
326380,185.7059711555268
326381,1148.1102743988652
326382,906.7704993200772
326383,558.5485770895151
326384,559.6916052384981
326385,717.5823339733413
326386,35.96675298310623
326387,3.197296260954597
326388,3.797901633780146
326389,11.510766431298919
326390,38.6384432192977
326391,35.12990213607337
326392,7.18495246802315
326393,14.707505328598572
326394,19.02956502982569
326395,-6.961136620636146
326396,59.41821839246205
326397,21.122813536677615
326398,32.78774118529814
326399,40.726764223827686
326400,158.85302971635267
326401,1075.889847075384
326402,837.4421226191798
326403,526.3365488831244
326404,524.0796247841353
326405,332.1578952609948
326406,2187.492737959791
326407,1718.8140437566103
326408,1060.7235942354598
326409,1038.650386750098
326410,390.1803838187802
326411,2548.577223624259
326412,2042.3318083253123
326413,1234.7616401843773
326414,1194.0238767113326
326415,149.1092645453705
326416,864.8992581720959
326417,664.7859843928485
326418,438.79427089842386
326419,437.35502982390994
326420,269.4560912254308
326421,1719.6691562810663
326422,1366.237430432181
326423,862.7827100900699
326424,850.4030758579446
326425,320.53573302331785
326426,2023.040315606614
326427,1646.3258847969764
326428,998.2047223220204
326429,981.7481803669336
326430,729.8450405157284
326431,689.8165559593315
326432,540.0079585599742
326433,331.95576029638056
326434,338.2035558154289
326435,379.3795237591807
326436,1365.9367946433183
326437,1107.916263202419
326438,676.7765974785742
326439,682.3073619026028
326440,270.66540200643044
326441,1625.4273182528416
326442,1315.3106478505024
326443,793.2302526277615
326444,797.7832157725196
326445,130.70753126128008
326446,712.3512218299252
326447,560.525011413651
326448,348.72611632163853
326449,354.9739118406868
326450,206.29495925954313
326451,1405.7155346149239
326452,1141.8660562865073
326453,701.2278558648363
326454,706.7586202888649
326455,251.57388047510005
326456,1702.18918215899
326457,1368.7985694325307
326458,818.6355138766631
326459,823.1884770214212
326460,88.70897780188928
326461,499.04578480927506
326462,393.0837082726045
326463,243.36429323194912
326464,260.10599001513793
326465,153.76492544519587
326466,1010.5281347491472
326467,822.8657073749607
326468,486.78371759929644
326469,501.4386358402188
326470,201.64161587011264
326471,1196.0140962406533
326472,949.8201729266626
326473,579.4499821162291
326474,593.1270990778809
326475,705.0171911883687
326476,46.419464519675664
326477,5.979026149134948
326478,8.747380110028777
326479,24.91209374046613
326480,73.88866516316396
326481,36.94028098096061
326482,7.107727122546569
326483,18.8541928922213
326484,32.30280319193828
326485,15.061262757065062
326486,64.56872512725118
326487,22.449738793168915
326488,36.259372257583095
326489,53.3249458946024
326490,166.0362442927964
326491,1128.443747176635
326492,895.078198010872
326493,548.4155707830713
326494,552.5789411012835
326495,332.3993917550092
326496,2311.2163079613465
326497,1797.2346474741166
326498,1124.6078986114978
326499,1109.6296873089088
326500,417.2241713153231
326501,2687.3483933098955
326502,2148.720841488122
326503,1336.9412035131252
326504,1303.298436222853
326505,156.26897548882368
326506,914.318798598
326507,718.4771384508578
326508,456.6034932617436
326509,461.58454660443067
326510,271.61527219393963
326511,1804.8729863549424
326512,1473.9659222069454
326513,894.2000002590067
326514,888.9153622096538
326515,328.97706247408746
326516,2143.117569298294
326517,1768.2771204182848
326518,1047.3971289233987
326519,1038.0355831510844
326520,699.024051182706
326521,768.706577495928
326522,607.0699603091562
326523,381.7995232530082
326524,388.58134523381824
326525,287.3852066940749
326526,1542.2680829590893
326527,1240.443274181436
326528,731.8839142123469
326529,736.1314067349476
326530,289.70343547391815
326531,1806.8324664503466
326532,1452.3358674009314
326533,874.7393487358714
326534,879.8263383423913
326535,154.55431552375012
326536,790.3649648365663
326537,629.2923004603927
326538,398.76667290491605
326539,405.54849488572614
326540,220.74662616213257
326541,1585.2377519155837
326542,1276.202244580643
326543,756.7931052800664
326544,761.0405978026671
326545,258.7699813579421
326546,1877.7850240123055
326547,1503.6416013417831
326548,900.6025426662304
326549,905.6895322727503
326550,110.19427461242152
326551,565.188517622703
326552,447.7515851885668
326553,263.65709723900017
326554,281.3071243635795
326555,170.90049399278607
326556,1099.961082200661
326557,898.6227950155117
326558,524.537786633473
326559,538.2837368525963
326560,208.4159774578545
326561,1316.2242630778637
326562,1066.501329735153
326563,657.8851558286383
326564,672.4706031316807
326565,731.5077178890753
326566,47.64012914923452
326567,11.855769219132302
326568,12.798244183920715
326569,29.871288155748832
326570,26.227425880243228
326571,44.85034207965322
326572,17.349049158540673
326573,25.67261521424919
326574,38.21225749216744
326575,15.707674604970112
326576,73.67392418799707
326577,37.52008922388845
326578,43.67249352833586
326579,61.6463975067459
326580,182.79190198358327
326581,1248.2252757119672
326582,996.1942729070822
326583,605.0728884714898
326584,610.1445891310926
326585,386.1542753591063
326586,2534.3372526971684
326587,1951.064388038775
326588,1221.2872959236074
326589,1217.0738880378035
326590,440.93296402867026
326591,3032.883550456533
326592,2421.292296495794
326593,1460.0138782918184
326594,1437.5406715952818
326595,166.51440911773992
326596,1009.4980468384615
326597,791.5676425329773
326598,485.88765732890334
326599,491.7770410129811
326600,319.54903713964853
326601,1971.4732485297131
326602,1627.7263921002561
326603,979.4501111805342
326604,984.9302765479657
326605,354.23899843756647
326606,2353.7046391090385
326607,1914.0673212457698
326608,1162.224330937751
326609,1164.032345759172
326610,734.2042790918335
326611,623.8578183282452
326612,491.1228400463716
326613,295.9685065277765
326614,296.82745229265885
326615,562.6746133831375
326616,1228.5810553916756
326617,988.0610228172756
326618,603.0243483365542
326619,613.8912698676347
326620,313.8611470086645
326621,1461.1220735766244
326622,1171.9946179909082
326623,704.1864063419237
326624,712.6769136818983
326625,133.3558993515247
326626,638.8891111677821
326627,506.0672540489835
326628,311.44647715585614
326629,312.30542292073847
326630,209.90183378045296
326631,1264.3783035639185
326632,1021.7219274037722
326633,627.4756067228163
326634,638.3425282538968
326635,232.22652406223278
326636,1507.7970154851562
326637,1204.4930316692446
326638,727.7934031154724
326639,736.2839104554471
326640,76.16895447119956
326641,445.8298061646549
326642,352.5962626359908
326643,221.6014806076469
326644,232.95432763666963
326645,138.4684476089806
326646,931.4318521103814
326647,747.4878679770181
326648,438.4182478497777
326649,451.0760110796098
326650,168.38600684484425
326651,1092.4275933361155
326652,858.8456400052258
326653,519.2901843017117
326654,529.571533340438
326655,728.2534931296996
326656,36.01321904601787
326657,5.039611356697218
326658,4.2001187923794845
326659,10.738579658791833
326660,38.543703917699546
326661,38.07586684963496
326662,5.315757753771467
326663,4.647491433112541
326664,11.861543711880689
326665,-12.451955276676657
326666,58.4521000985508
326667,26.69764588057075
326668,24.16483237413379
326669,34.44156309169249
326670,150.3373149162539
326671,1034.5241117966593
326672,805.3327434237656
326673,500.93936112828845
326674,508.5907155513765
326675,321.9556996564318
326676,2035.9162625440472
326677,1607.4007063003216
326678,1011.3379656215636
326679,1003.5010268973165
326680,373.6223491131552
326681,2408.101356895246
326682,1912.8869046888299
326683,1167.8441433622224
326684,1155.3760120165023
326685,138.40027392146905
326686,815.5670381080937
326687,623.882259661733
326688,411.071657486261
326689,419.5406949338246
326690,260.0989812815677
326691,1613.9557659563943
326692,1296.3223750057543
326693,805.6134481547069
326694,817.2648271731026
326695,296.1255051044038
326696,1910.15565174474
326697,1558.4545981642646
326698,922.9427020297247
326699,929.9628884266472
326700,734.2042790918335
326701,623.8578183282452
326702,491.1228400463716
326703,295.9685065277765
326704,297.9616278903648
326705,562.6746133831375
326706,1228.5810553916756
326707,988.0610228172756
326708,603.0243483365542
326709,615.0254454653407
326710,313.8611470086645
326711,1461.1220735766244
326712,1171.9946179909082
326713,704.1864063419237
326714,713.8110892796043
326715,133.3558993515247
326716,638.8891111677821
326717,506.0672540489835
326718,311.44647715585614
326719,313.4395985184444
326720,209.90183378045296
326721,1264.3783035639185
326722,1021.7219274037722
326723,627.4756067228163
326724,639.4767038516028
326725,232.22652406223278
326726,1507.7970154851562
326727,1204.4930316692446
326728,727.7934031154724
326729,737.418086053153
326730,76.16895447119956
326731,445.8298061646549
326732,352.5962626359908
326733,221.6014806076469
326734,234.08850323437557
326735,138.4684476089806
326736,931.4318521103814
326737,747.4878679770181
326738,438.4182478497777
326739,452.2101866773158
326740,168.38600684484425
326741,1092.4275933361155
326742,858.8456400052258
326743,519.2901843017117
326744,530.705708938144
326745,728.2534931296996
326746,36.01321904601787
326747,5.039611356697218
326748,4.2001187923794845
326749,11.87275525649777
326750,45.83364510269266
326751,38.07586684963496
326752,5.315757753771467
326753,4.647491433112541
326754,12.995719309586626
326755,-9.170779895089549
326756,58.4521000985508
326757,26.69764588057075
326758,24.16483237413379
326759,35.575738689398435
326760,150.3373149162539
326761,1034.5241117966593
326762,805.3327434237656
326763,500.93936112828845
326764,509.72489114908245
326765,321.9556996564318
326766,2035.9162625440472
326767,1607.4007063003216
326768,1011.3379656215636
326769,1004.6352024950224
326770,373.6223491131552
326771,2408.101356895246
326772,1912.8869046888299
326773,1167.8441433622224
326774,1156.5101876142082
326775,138.40027392146905
326776,815.5670381080937
326777,623.882259661733
326778,411.071657486261
326779,420.6748705315306
326780,260.0989812815677
326781,1613.9557659563943
326782,1296.3223750057543
326783,805.6134481547069
326784,818.3990027708086
326785,296.1255051044038
326786,1910.15565174474
326787,1558.4545981642646
326788,922.9427020297247
326789,931.0970640243531
326790,733.6707462588715
326791,623.5714068304067
326792,493.1059440910583
326793,295.5384464756691
326794,297.5315678382574
326795,562.1410805501755
326796,1228.294643893837
326797,992.2396612591635
326798,602.5942882844467
326799,614.5953854132332
326800,313.3276141757025
326801,1460.8356620787858
326802,1176.1732564327963
326803,703.7563462898162
326804,713.3810292274968
326805,132.82236651856275
326806,638.6026996699435
326807,508.0503580936702
326808,311.0164171037487
326809,313.009538466337
326810,209.368300947491
326811,1264.09189206608
326812,1025.90056584566
326813,627.0455466707089
326814,639.0466437994953
326815,231.69299122927083
326816,1507.5106039873176
326817,1208.6716701111327
326818,727.3633430633649
326819,736.9880260010456
326820,75.63542163823755
326821,445.5433946668163
326822,354.5793666806775
326823,221.1714205555395
326824,233.65844318226817
326825,137.93491477601864
326826,931.1454406125429
326827,751.6665064189061
326828,437.98818779767026
326829,451.78012662520837
326830,167.8524740118823
326831,1092.141181838277
326832,863.0242784471138
326833,518.8601242496043
326834,530.2756488860365
326835,727.7199602967376
326836,35.72680754817931
326837,3.7367063049286955
326838,3.77005874027207
326839,11.442695204390358
326840,45.30011226973066
326841,37.789455351796406
326842,4.012852702002945
326843,4.217431381005127
326844,12.565659257479213
326845,-9.704312728051544
326846,58.16568860071224
326847,25.394740828802227
326848,23.734772322026377
326849,35.14567863729102
326850,149.80378208329194
326851,1034.2377002988208
326852,809.4681823236531
326853,500.50930107618103
326854,509.29483109697503
326855,321.4221668234698
326856,2035.6298510462086
326857,1611.5361452002091
326858,1010.9079055694561
326859,1004.205142442915
326860,373.0888162801932
326861,2407.814945397408
326862,1917.0223435887174
326863,1167.414083310115
326864,1156.0801275621009
326865,137.8667410885071
326866,815.2806266102551
326867,625.3350001188262
326868,410.6415974341536
326869,420.24481047942317
326870,259.5654484486057
326871,1613.6693544585557
326872,1297.7751154628477
326873,805.1833881025995
326874,817.9689427187011
326875,295.5919722714418
326876,1909.8692402469014
326877,1559.907338621358
326878,922.5126419776172
326879,930.6670039722457
326880,733.6707462588715
326881,623.5714068304067
326882,493.1059440910583
326883,295.5384464756691
326884,297.5315678382574
326885,562.1410805501755
326886,1228.294643893837
326887,992.2396612591635
326888,602.5942882844467
326889,614.5953854132332
326890,313.3276141757025
326891,1460.8356620787858
326892,1176.1732564327963
326893,703.7563462898162
326894,713.3810292274968
326895,132.82236651856275
326896,638.6026996699435
326897,508.0503580936702
326898,311.0164171037487
326899,313.009538466337
326900,209.368300947491
326901,1264.09189206608
326902,1025.90056584566
326903,627.0455466707089
326904,639.0466437994953
326905,231.69299122927083
326906,1507.5106039873176
326907,1208.6716701111327
326908,727.3633430633649
326909,736.9880260010456
326910,75.63542163823755
326911,445.5433946668163
326912,354.5793666806775
326913,221.1714205555395
326914,233.65844318226817
326915,137.93491477601864
326916,931.1454406125429
326917,751.6665064189061
326918,437.98818779767026
326919,451.78012662520837
326920,167.8524740118823
326921,1092.141181838277
326922,863.0242784471138
326923,518.8601242496043
326924,530.2756488860365
326925,727.7199602967376
326926,35.72680754817931
326927,3.7367063049286955
326928,3.77005874027207
326929,11.442695204390358
326930,38.98579785796592
326931,37.789455351796406
326932,4.012852702002945
326933,4.217431381005127
326934,12.565659257479213
326935,-9.704312728051544
326936,58.16568860071224
326937,25.394740828802227
326938,23.734772322026377
326939,35.14567863729102
326940,149.80378208329194
326941,1034.2377002988208
326942,809.4681823236531
326943,500.50930107618103
326944,509.29483109697503
326945,321.4221668234698
326946,2035.6298510462086
326947,1611.5361452002091
326948,1010.9079055694561
326949,1004.205142442915
326950,373.0888162801932
326951,2407.814945397408
326952,1917.0223435887174
326953,1167.414083310115
326954,1156.0801275621009
326955,137.8667410885071
326956,815.2806266102551
326957,625.3350001188262
326958,410.6415974341536
326959,420.24481047942317
326960,259.5654484486057
326961,1613.6693544585557
326962,1297.7751154628477
326963,805.1833881025995
326964,817.9689427187011
326965,295.5919722714418
326966,1909.8692402469014
326967,1559.907338621358
326968,922.5126419776172
326969,930.6670039722457
326970,732.1701020512124
326971,655.047958441504
326972,524.0106609791105
326973,316.41497570426156
326974,322.3003631880761
326975,452.12281277655956
326976,1275.5788541386669
326977,1026.4328715992253
326978,637.1947718212239
326979,641.6884264444473
326980,278.5768885734729
326981,1511.9037479431179
326982,1211.4898816209288
326983,751.863270324021
326984,749.9400310380776
326985,126.60249639600002
326986,672.9749320515817
326987,539.2845063155431
326988,327.94212421227536
326989,333.8275116960899
326990,202.33716903559088
326991,1310.3397282926924
326992,1056.4911527307845
326993,658.3137198679191
326994,662.8073744911425
326995,243.98649897134413
326996,1578.0937971614258
326997,1257.670631246314
326998,772.1379567580028
326999,770.2147174720594
327000,80.65596808976514
327001,472.2089222641209
327002,373.2824408181851
327003,234.6178215525529
327004,250.99711030050784
327005,141.25075108911886
327006,963.2862378919482
327007,777.5114147081256
327008,467.119857398691
327009,480.737665838808
327010,186.13444466101345
327011,1147.9906382669415
327012,906.6508631881535
327013,558.4289409575914
327014,565.6298554885417
327015,718.5845653508334
327016,36.420874723187985
327017,3.6514180010363546
327018,4.252023373861908
327019,18.022774553347894
327020,48.18334116138624
327021,35.584023876155115
327022,7.639074208104909
327023,15.161627068680332
327024,25.54157315187468
327025,-5.9589052431440725
327026,59.872340132543805
327027,21.576935276759368
327028,33.2418629253799
327029,47.23877234587666
327030,159.85526109384475
327031,1076.3439688154658
327032,837.8962443592616
327033,526.7906706232061
327034,530.5916329061843
327035,334.3172262330822
327036,2187.946859699873
327037,1719.268165496692
327038,1061.1777159755416
327039,1045.1623948721472
327040,391.18261519627237
327041,2549.031345364341
327042,2042.7859300653943
327043,1235.215761924459
327044,1200.5358848333817
327045,150.1114959228626
327046,865.3533799121776
327047,665.2401061329302
327048,439.24839263850566
327049,443.867037945959
327050,271.61542219751817
327051,1720.123278021148
327052,1366.6915521722628
327053,863.2368318301517
327054,856.9150839799936
327055,321.53796440081004
327056,2023.4944373466958
327057,1646.7800065370582
327058,998.6588440621022
327059,988.2601884889826
327060,729.2201716753613
327061,689.4388084540877
327062,539.6302110547305
327063,330.1933204338359
327064,341.51546914949546
327065,378.7546549188133
327066,1365.5590471380742
327067,1107.538515697175
327068,675.0141576160297
327069,685.6192752366695
327070,269.41402666358545
327071,1624.42306424512
327072,1314.3063938427808
327073,790.8413062627394
327074,800.4686226041088
327075,126.28630235200578
327076,704.8448039162076
327077,553.0185934999334
327078,339.83500605062
327079,351.1571547662795
327080,201.73437546671462
327081,1395.2015955737231
327082,1131.3521172453065
327083,691.6205852802772
327084,702.225702900917
327085,244.07782554882743
327086,1689.4313410865507
327087,1356.0407283600914
327088,808.4017367896264
327089,818.0290531309957
327090,84.28774889261503
327091,494.87167723512414
327092,388.9096006984536
327093,237.80549330049746
327094,259.6215432802976
327095,149.20434165236736
327096,1003.3465060475137
327097,815.6840786733272
327098,480.50875735430395
327099,500.23802879183756
327100,194.14556094384002
327101,1188.7651626495042
327102,942.5712393355136
327103,572.5485153687592
327104,591.2999855270223
327105,701.1822189627242
327106,45.23069830424366
327107,4.790259933702949
327108,6.1739215372960015
327109,27.412988364344635
327110,81.26487716606967
327111,35.75151476552861
327112,5.918960907114571
327113,16.280734319488545
327114,34.80369781581676
327115,11.173541900948294
327116,63.327210281347085
327117,21.208223947264802
327118,33.6331650543782
327119,55.77309188800879
327120,164.02046124231154
327121,1129.074170136363
327122,895.7086209706
327123,544.9356483937579
327124,558.1268389384684
327125,330.3836087045243
327126,2311.8467309210746
327127,1797.8650704338445
327128,1121.1279762221843
327129,1115.1775851460936
327130,415.1556396343661
327131,2687.9260676391514
327132,2149.298515817378
327133,1333.4085324933396
327134,1308.7935854295658
327135,154.25319243833883
327136,914.9492215577279
327137,719.1075614105857
327138,453.12357087243
327139,467.1324444416153
327140,269.59948914345466
327141,1805.5034093146703
327142,1474.5963451666732
327143,890.7200778696933
327144,894.4632600468387
327145,326.90853079313047
327146,2143.6952436275496
327147,1768.8547947475406
327148,1043.8644579036131
327149,1043.530732357797
327150,698.3991823423388
327151,768.3288299906842
327152,606.6922128039124
327153,380.0370833904635
327154,390.505606598951
327155,286.7603378537075
327156,1541.8903354538452
327157,1240.065526676192
327158,730.1214743498024
327159,738.0556681000805
327160,288.45206013107315
327161,1805.828212442625
327162,1451.3316133932099
327163,872.3504023708493
327164,881.1240932050466
327165,150.13308661447584
327166,782.8585469228487
327167,621.7858825466751
327168,389.8755626338975
327169,400.344085842385
327170,212.19467741300866
327171,1570.7324479180875
327172,1261.696940583147
327173,747.1858346955072
327174,755.1200284457854
327175,251.27392643166948
327176,1865.0271829398662
327177,1490.8837602693438
327178,890.3687655791937
327179,899.142456413391
327180,105.7730457031473
327181,561.0144100485523
327182,443.5774776144159
327183,258.0982973075486
327184,279.43502565980526
327185,162.34854524366216
327186,1088.7880885427317
327187,887.4498013575828
327188,518.2628263884808
327189,535.6954778352815
327190,200.91992253158188
327191,1308.9753294867146
327192,1059.2523961440038
327193,650.9836890811684
327194,669.2558376118883
327195,727.6727456634308
327196,46.451362933802514
327197,10.667003003700305
327198,10.224785611187944
327199,30.984530810693478
327200,33.60363788314889
327201,43.661575864221206
327202,16.16028294310867
327203,23.09915664151641
327204,39.325500147112095
327205,11.81995374885335
327206,72.43240934209298
327207,36.27857437798432
327208,41.04628632513097
327209,62.70689153121844
327210,180.77611893309842
327211,1248.855698671695
327212,996.82469586681
327213,601.5929660821764
327214,614.3048349993437
327215,384.1384923086214
327216,2534.9676756568965
327217,1951.6948109985024
327218,1217.807373534294
327219,1221.2341339060542
327220,438.86443234771326
327221,3033.461224785789
327222,2421.8699708250497
327223,1456.4812072720329
327224,1441.6481688330605
327225,164.49862606725506
327226,1010.1284697981895
327227,792.1980654927053
327228,482.4077349395897
327229,495.9372868812319
327230,317.5332540891636
327231,1972.103671489441
327232,1628.356815059984
327233,975.9701887912208
327234,989.0905224162168
327235,352.17046675660947
327236,2354.2823134382943
327237,1914.6449955750256
327238,1158.6916599179654
327239,1168.1398429969506
327240,732.2340135939683
327241,623.0640611388297
327242,487.6126108821897
327243,286.4851920751643
327244,300.2540147497493
327245,560.704347885272
327246,1227.7872982022598
327247,981.8801665295905
327248,593.5410338839422
327249,617.3178323247253
327250,311.2643750083214
327251,1459.7018098847311
327252,1165.1872552007453
327253,694.076585386834
327254,715.4769696365113
327255,127.58927378475232
327256,630.9666835698928
327257,495.4283544763274
327258,294.8344922947701
327259,308.60331496935504
327260,200.00448837383095
327261,1249.4569898822506
327262,1001.4135146238355
327263,610.1474615481897
327264,633.9242599889727
327265,223.3850724784621
327266,1496.7997618702684
327267,1188.1086789560873
327268,709.8387514383681
327269,731.2391356880454
327270,70.4023289044272
327271,441.2396889063322
327272,345.28967340290177
327273,208.3218060861277
327274,230.349777267588
327275,128.57110220235876
327276,919.8428487682809
327277,730.5117655366479
327278,424.4224130147177
327279,447.7553003969873
327280,159.54455526107355
327281,1084.7626500607946
327282,845.7935976316354
327283,504.6678429641737
327284,525.6243161553382
327285,723.3904778393386
327286,34.72579673919579
327287,1.0357170751087448
327288,-3.163354875599972
327289,11.43672424121068
327290,28.681590905328655
327291,36.78844454281287
327292,4.7383011341117784
327293,-2.7159822348669183
327294,12.559688294299537
327295,-14.086543815922788
327296,57.11192916125661
327297,26.067440630438927
327298,16.748610075682233
327299,35.08695904363921
327300,147.29348880105258
327301,1035.0558786649972
327302,803.1480383173371
327303,488.7663420592674
327304,515.8222204631869
327305,318.9118735412304
327306,2036.448029412385
327307,1602.0708511067196
327308,999.1649465525427
327309,1025.9132083470809
327310,370.52577436748174
327311,2408.580375133112
327312,1907.5043008647558
327313,1155.6183756627295
327314,1177.7354448357942
327315,135.35644780626774
327316,820.2783230803858
327317,621.6975545553045
327318,398.8986384172398
327319,425.4166900623159
327320,257.0551551663664
327321,1618.6670509286864
327322,1290.9925198121523
327323,793.440429085686
327324,823.1408223015943
327325,293.02893035873035
327326,1914.81418808656
327327,1553.0719943401905
327328,910.7169343302317
327329,935.7861349246667
327330,732.2340135939683
327331,623.0640611388297
327332,487.6126108821897
327333,286.4851920751643
327334,300.2540147497493
327335,560.704347885272
327336,1227.7872982022598
327337,981.8801665295905
327338,593.5410338839422
327339,617.3178323247253
327340,311.2643750083214
327341,1459.7018098847311
327342,1165.1872552007453
327343,694.076585386834
327344,715.4769696365113
327345,127.58927378475232
327346,630.9666835698928
327347,495.4283544763274
327348,294.8344922947701
327349,308.60331496935504
327350,200.00448837383095
327351,1249.4569898822506
327352,1001.4135146238355
327353,610.1474615481897
327354,633.9242599889727
327355,223.3850724784621
327356,1496.7997618702684
327357,1188.1086789560873
327358,709.8387514383681
327359,731.2391356880454
327360,70.4023289044272
327361,441.2396889063322
327362,345.28967340290177
327363,208.3218060861277
327364,230.349777267588
327365,128.57110220235876
327366,919.8428487682809
327367,730.5117655366479
327368,424.4224130147177
327369,447.7553003969873
327370,159.54455526107355
327371,1084.7626500607946
327372,845.7935976316354
327373,504.6678429641737
327374,525.6243161553382
327375,723.3904778393386
327376,34.72579673919579
327377,1.0357170751087448
327378,-3.163354875599972
327379,11.43672424121068
327380,28.681590905328655
327381,36.78844454281287
327382,4.7383011341117784
327383,-2.7159822348669183
327384,12.559688294299537
327385,-14.086543815922788
327386,57.11192916125661
327387,26.067440630438927
327388,16.748610075682233
327389,35.08695904363921
327390,147.29348880105258
327391,1035.0558786649972
327392,803.1480383173371
327393,488.7663420592674
327394,515.8222204631869
327395,318.9118735412304
327396,2036.448029412385
327397,1602.0708511067196
327398,999.1649465525427
327399,1025.9132083470809
327400,370.52577436748174
327401,2408.580375133112
327402,1907.5043008647558
327403,1155.6183756627295
327404,1177.7354448357942
327405,135.35644780626774
327406,820.2783230803858
327407,621.6975545553045
327408,398.8986384172398
327409,425.4166900623159
327410,257.0551551663664
327411,1618.6670509286864
327412,1290.9925198121523
327413,793.440429085686
327414,823.1408223015943
327415,293.02893035873035
327416,1914.81418808656
327417,1553.0719943401905
327418,910.7169343302317
327419,935.7861349246667
327420,731.9476020961297
327421,622.7776496409912
327422,489.5957149268764
327423,286.0551320230569
327424,302.0283256801519
327425,560.4179363874334
327426,1227.5008867044212
327427,986.0588049714785
327428,593.1109738318347
327429,619.0921432551279
327430,310.9779635104828
327431,1459.4153983868925
327432,1169.3658936426334
327433,693.6465253347266
327434,717.2512805669139
327435,127.30286228691378
327436,630.6802720720542
327437,497.4114585210141
327438,294.40443224266266
327439,310.3776258997577
327440,199.71807687599244
327441,1249.170578384412
327442,1005.5921530657234
327443,609.7174014960822
327444,635.6985709193754
327445,223.09866098062355
327446,1496.5133503724298
327447,1192.2873173979754
327448,709.4086913862607
327449,733.013446618448
327450,70.11591740658862
327451,440.95327740849365
327452,347.27277744758845
327453,207.89174603402031
327454,232.12408819799066
327455,128.2846907045202
327456,919.5564372704423
327457,734.6904039785359
327458,423.99235296261025
327459,449.52961132738994
327460,159.258143763235
327461,1084.476238562956
327462,849.9722360735234
327463,504.2377829120663
327464,527.3986270857408
327465,723.1040663415
327466,34.43938524135723
327467,-0.2671879766597775
327468,-3.5934149277073866
327469,13.211035171613352
327470,28.395179407490094
327471,36.50203304497431
327472,3.4353960823432566
327473,-3.146042286974332
327474,14.333999224702197
327475,-14.372955313761349
327476,56.82551766341805
327477,24.764535578670404
327478,16.31855002357482
327479,36.86126997404191
327480,147.00707730321403
327481,1034.7694671671586
327482,807.2834772172246
327483,488.33628200716
327484,517.5965313935894
327485,318.62546204339185
327486,2036.1616179145465
327487,1606.206290006607
327488,998.7348865004352
327489,1027.6875192774833
327490,370.2393628696432
327491,2408.2939636352735
327492,1911.6397397646433
327493,1155.188315610622
327494,1179.509755766197
327495,135.0700363084292
327496,819.9919115825472
327497,623.1502950123977
327498,398.4685783651324
327499,427.19100099271856
327500,256.7687436685278
327501,1618.3806394308479
327502,1292.4452602692456
327503,793.0103690335785
327504,824.915133231997
327505,292.7425188608918
327506,1914.5277765887215
327507,1554.5247347972838
327508,910.2868742781242
327509,937.5604458550694
327510,731.9476020961297
327511,622.7776496409912
327512,489.5957149268764
327513,286.0551320230569
327514,302.0283256801519
327515,552.60499114447
327516,1227.5008867044212
327517,986.0588049714785
327518,593.1109738318347
327519,619.0921432551279
327520,310.9779635104828
327521,1459.4153983868925
327522,1169.3658936426334
327523,693.6465253347266
327524,717.2512805669139
327525,127.30286228691378
327526,630.6802720720542
327527,497.4114585210141
327528,294.40443224266266
327529,310.3776258997577
327530,199.71807687599244
327531,1249.170578384412
327532,1005.5921530657234
327533,609.7174014960822
327534,635.6985709193754
327535,223.09866098062355
327536,1496.5133503724298
327537,1192.2873173979754
327538,709.4086913862607
327539,733.013446618448
327540,70.11591740658862
327541,440.95327740849365
327542,347.27277744758845
327543,207.89174603402031
327544,232.12408819799066
327545,128.2846907045202
327546,919.5564372704423
327547,734.6904039785359
327548,423.99235296261025
327549,449.52961132738994
327550,159.258143763235
327551,1084.476238562956
327552,849.9722360735234
327553,504.2377829120663
327554,527.3986270857408
327555,723.1040663415
327556,34.43938524135723
327557,-0.2671879766597775
327558,-3.5934149277073866
327559,13.211035171613352
327560,28.395179407490094
327561,36.50203304497431
327562,3.4353960823432566
327563,-3.146042286974332
327564,14.333999224702197
327565,-14.372955313761349
327566,56.82551766341805
327567,24.764535578670404
327568,16.31855002357482
327569,36.86126997404191
327570,147.00707730321403
327571,1034.7694671671586
327572,807.2834772172246
327573,488.33628200716
327574,517.5965313935894
327575,318.62546204339185
327576,2036.1616179145465
327577,1606.206290006607
327578,998.7348865004352
327579,1027.6875192774833
327580,370.2393628696432
327581,2408.2939636352735
327582,1911.6397397646433
327583,1155.188315610622
327584,1179.509755766197
327585,135.0700363084292
327586,819.9919115825472
327587,623.1502950123977
327588,398.4685783651324
327589,427.19100099271856
327590,256.7687436685278
327591,1618.3806394308479
327592,1292.4452602692456
327593,793.0103690335785
327594,824.915133231997
327595,292.7425188608918
327596,1914.5277765887215
327597,1554.5247347972838
327598,910.2868742781242
327599,937.5604458550694
327600,730.4469578884706
327601,654.2542012520885
327602,520.5004318149287
327603,306.93166125164936
327604,326.79712102997064
327605,428.63664101854545
327606,1274.785096949251
327607,1020.2520153115398
327608,627.7114573686118
327609,646.185184286342
327610,276.80099578025875
327611,1511.05724212323
327612,1205.2562767027714
327613,742.3272072409368
327614,754.3840402495001
327615,121.0829921643511
327616,668.3848147932594
327617,531.9779170824544
327618,314.6624496907562
327619,334.5279094690775
327620,194.36934528942118
327621,1303.301291519849
327622,1044.0656168596715
327623,644.3178850328593
327624,662.7916119505894
327625,235.9659265947023
327626,1571.0026117581103
327627,1245.192346744729
327628,758.0893732924709
327629,770.1462063010342
327630,75.13646385811622
327631,467.6188050057982
327632,365.97585158509605
327633,221.3381470310337
327634,249.4627553162303
327635,133.2829273429492
327636,956.247801119105
327637,765.0858788370127
327638,453.124022563631
327639,478.4871505409896
327640,178.1138722843716
327641,1140.899452863626
327642,894.1725786865685
327643,544.3803574920595
327644,563.3265915602515
327645,713.9686713955958
327646,35.133452416365905
327647,-0.35247628055211827
327648,-3.1114502941175566
327649,19.791114520570876
327650,43.97064747547297
327651,34.29660156933305
327652,7.061617588445214
327653,7.798153400700866
327654,27.30991311909766
327655,-10.627547828853867
327656,58.532169195249615
327657,20.946730026627552
327658,25.825640626928312
327659,48.95436368262754
327660,157.05855631376684
327661,1076.8757356838037
327662,835.7115392528331
327663,514.6176515541852
327664,538.8933332027987
327665,331.5205214530042
327666,2188.478626568211
327667,1713.93831030309
327668,1049.0046969065206
327669,1068.6447717067153
327670,388.3331617857223
327671,2549.510363602207
327672,2037.4033262413193
327673,1222.989994224966
327674,1223.9655130374779
327675,147.31479114278469
327676,870.0646648844697
327677,663.0554010265017
327678,427.07537356948444
327679,450.8132284592544
327680,268.81871741744015
327681,1724.8345629934402
327682,1361.3616969786608
327683,851.0638127611307
327684,863.8612744932894
327685,318.68851099026
327686,2028.1529736885159
327687,1641.397402712984
327688,986.4330763626091
327689,995.1536303718063
327690,727.8747750178632
327691,689.022798769916
327692,536.4977293957924
327693,322.47244584376836
327694,349.21789077997386
327695,356.5253282511435
327696,1365.1430374539025
327697,1101.7354069147336
327698,667.2932830259622
327699,693.3216968671478
327700,268.06863000608735
327701,1624.0070545609483
327702,1308.5032850603395
327703,783.1204316726719
327704,808.171044234587
327705,124.94090569450772
327706,704.4287942320359
327707,549.8861118409953
327708,332.11413146055247
327709,358.8595763967579
327710,200.38897880921655
327711,1394.7855858895514
327712,1125.5490084628652
327713,683.8997106902096
327714,709.9281245313953
327715,242.73242889132936
327716,1689.015331402379
327717,1350.23761957765
327718,800.6808621995589
327719,825.731474761474
327720,82.94235223511691
327721,494.4556675509524
327722,385.77711903951547
327723,230.08461871042994
327724,265.08921215351086
327725,147.8589449948693
327726,1002.930496363342
327727,809.8809698908858
327728,472.78788276423643
327729,505.7056976650508
327730,192.80016428634195
327731,1188.3491529653325
327732,936.7681305530722
327733,564.8276407786917
327734,596.7676544002355
327735,700.1541758980077
327736,45.132042212853584
327737,1.9751318675464729
327738,1.3839064420493112
327739,33.19801083033952
327740,74.26210960611503
327741,35.65285867413853
327742,6.530270502886868
327743,11.49071922424186
327744,40.58872028181166
327745,10.145498836231827
327746,63.228554189957016
327747,21.8195335430371
327748,28.84314995913149
327749,61.55811435400368
327750,162.99241817759508
327751,1128.975514044973
327752,892.8934929044435
327753,536.2425517140504
327754,567.3982185205482
327755,329.3555656398078
327756,2311.7480748296844
327757,1791.9047922805146
327758,1112.434879542477
327759,1139.6296412661277
327760,414.1275965696496
327761,2687.827411547761
327762,2143.3382376640475
327763,1324.7154358136322
327764,1333.2456415496
327765,153.22514937362237
327766,919.030083570292
327767,716.2924333444292
327768,444.4304741927224
327769,475.0483142403765
327770,268.5714460787382
327771,1809.5842713272345
327772,1468.6360670133433
327773,882.0269811899858
327774,902.3791298456
327775,325.880487728414
327776,2147.7761056401137
327777,1762.8945165942107
327778,1035.1713612239057
327779,1051.4466021565586
327780,698.0645322512372
327781,768.923566872909
327782,604.5704777113708
327783,376.3398998446026
327784,397.2596814239869
327785,265.54175775243414
327786,1542.4850723360698
327787,1235.273164460147
327788,726.4242908039415
327789,744.8097429251166
327790,288.1174100399715
327791,1806.4229493248497
327792,1446.539251177165
327793,868.6532188249885
327794,887.8781680300826
327795,149.79843652337422
327796,783.4532838050735
327797,619.6641474541335
327798,386.1783790880366
327799,407.0981606674209
327800,211.86002732190704
327801,1571.3271848003121
327802,1256.904578367102
327803,743.4886511496463
327804,761.8741032708214
327805,250.93927634056786
327806,1865.6219198220908
327807,1486.091398053299
327808,886.6715820333328
327809,905.896531238427
327810,105.43839561204564
327811,561.6091469307771
327812,441.45574252187424
327813,254.40111376168755
327814,286.18910048484116
327815,162.01389515256054
327816,1089.3828254249563
327817,882.6574391415379
327818,514.5656428426199
327819,542.4495526603175
327820,200.58527244048025
327821,1309.5700663689393
327822,1054.4600339279589
327823,647.2865055353076
327824,676.0099124369243
327825,727.6554491651108
327826,47.36345340880887
327827,8.862621503940266
327828,6.844955658108672
327829,38.055959228511064
327830,27.611616889590728
327831,44.57366633922757
327832,17.782339105277412
327833,19.719326688437135
327834,46.39692856492965
327835,11.802657250533322
327836,73.34449981709935
327837,37.90063054015307
327838,37.666456372051705
327839,69.77831994903599
327840,180.7588224347784
327841,1249.7677891467015
327842,995.02031436705
327843,598.2131361290972
327844,621.3762634171613
327845,384.12119581030134
327846,2535.879766131902
327847,1946.7452794115688
327848,1214.4275435812146
327849,1228.3055623238722
327850,438.8471358493932
327851,3034.3733152607947
327852,2416.9204392381153
327853,1453.1013773189536
327854,1448.7195972508785
327855,164.48132956893505
327856,1015.2200783771501
327857,790.3936839929453
327858,479.0279049865104
327859,503.0087152990494
327860,317.5159575908436
327861,1977.1952800684016
327862,1623.4072834730505
327863,972.5903588381416
327864,996.1619508340344
327865,352.15317025828944
327866,2359.3739220172542
327867,1909.6954639880921
327868,1155.311829964886
327869,1175.2112714147686
327870,732.696461088558
327871,623.5265086334194
327872,488.07505837677957
327873,289.9605840475641
327874,302.12957312768077
327875,489.52826709708944
327876,1228.2497456968495
327877,982.3426140241802
327878,597.016425856342
327879,619.193390702657
327880,311.72682250291103
327881,1460.1642573793208
327882,1165.649702695335
327883,697.5519773592339
327884,717.352528014443
327885,128.05172127934196
327886,631.4291310644825
327887,495.89080197091704
327888,298.3098842671699
327889,310.47887334728654
327890,200.4669358684206
327891,1249.9194373768403
327892,1001.8759621184252
327893,613.6228535205895
327894,635.7998183669044
327895,223.84751997305173
327896,1497.262209364858
327897,1188.571126450677
327898,713.314143410768
327899,733.1146940659771
327900,70.86477639901685
327901,441.70213640092186
327902,345.7521208974914
327903,211.79719805852756
327904,234.46008840278466
327905,129.03354969694843
327906,920.3052962628706
327907,730.9742130312376
327908,427.89780498711747
327909,451.86561153218395
327910,160.0070027556632
327911,1085.2250975553843
327912,846.2560451262251
327913,508.1432349365735
327914,529.734627290535
327915,724.4012244057351
327916,35.73654330559223
327917,2.0464636415051856
327918,-1.753169733432555
327919,16.095334448214157
327920,29.692337471725097
327921,37.79919110920932
327922,5.749047700508219
327923,-1.3057970926995008
327924,17.218298501302996
327925,-13.075797249526353
327926,58.122675727653046
327927,27.07818719683537
327928,18.158795217849633
327929,39.74556925064272
327930,148.30423536744902
327931,1036.0666252313936
327932,804.1587848837336
327933,494.0796087858957
327934,516.9944735541056
327935,319.92262010762687
327936,2037.4587759787814
327937,1603.081597673116
327938,1004.478213279171
327939,1011.9047849000453
327940,371.5365209338782
327941,2409.5911216995078
327942,1908.5150474311522
327943,1160.9316423893576
327944,1163.7270213887589
327945,136.3671943726642
327946,821.2890696467823
327947,622.708301121701
327948,404.2119051438681
327949,427.94445293655303
327950,258.0659017327628
327951,1619.6777974950828
327952,1292.0032663785487
327953,798.7536958123143
327954,825.6685851758315
327955,294.0396769251268
327956,1915.8249346529565
327957,1554.0827409065869
327958,916.0302010568599
327959,938.3138977989039
327960,730.9625736582695
327961,623.5265086334194
327962,488.07505837677957
327963,289.9605840475641
327964,302.12957312768077
327965,488.46382042889417
327966,1228.2497456968495
327967,982.3426140241802
327968,597.016425856342
327969,619.193390702657
327970,310.66237583471576
327971,1460.1642573793208
327972,1165.649702695335
327973,697.5519773592339
327974,717.352528014443
327975,128.05172127934196
327976,631.4291310644825
327977,495.89080197091704
327978,298.3098842671699
327979,310.47887334728654
327980,200.4669358684206
327981,1249.9194373768403
327982,1001.8759621184252
327983,613.6228535205895
327984,635.7998183669044
327985,223.84751997305173
327986,1497.262209364858
327987,1188.571126450677
327988,713.314143410768
327989,733.1146940659771
327990,70.86477639901685
327991,441.70213640092186
327992,345.7521208974914
327993,211.79719805852756
327994,234.46008840278466
327995,129.03354969694843
327996,920.3052962628706
327997,730.9742130312376
327998,427.89780498711747
327999,451.86561153218395
328000,160.0070027556632
328001,1085.2250975553843
328002,846.2560451262251
328003,508.1432349365735
328004,529.734627290535
328005,724.4012244057351
328006,35.73654330559223
328007,2.0464636415051856
328008,-1.753169733432555
328009,16.095334448214157
328010,29.692337471725097
328011,37.79919110920932
328012,5.749047700508219
328013,-1.3057970926995008
328014,17.218298501302996
328015,-13.075797249526353
328016,58.122675727653046
328017,27.07818719683537
328018,18.158795217849633
328019,39.74556925064272
328020,148.30423536744902
328021,1036.0666252313936
328022,804.1587848837336
328023,494.0796087858957
328024,516.9944735541056
328025,319.92262010762687
328026,2037.4587759787814
328027,1603.081597673116
328028,1004.478213279171
328029,1011.9047849000453
328030,371.5365209338782
328031,2409.5911216995078
328032,1908.5150474311522
328033,1160.9316423893576
328034,1163.7270213887589
328035,136.3671943726642
328036,821.2890696467823
328037,622.708301121701
328038,404.2119051438681
328039,427.94445293655303
328040,258.0659017327628
328041,1619.6777974950828
328042,1292.0032663785487
328043,798.7536958123143
328044,825.6685851758315
328045,294.0396769251268
328046,1915.8249346529565
328047,1554.0827409065869
328048,916.0302010568599
328049,938.3138977989039
328050,732.5359908782507
328051,628.3945823159403
328052,495.2126476018257
328053,296.82852186467994
328054,303.57853983974974
328055,457.94230099481337
328056,1233.11781937937
328057,991.6757376464273
328058,603.8843636734579
328059,620.6423574147259
328060,315.50653189113314
328061,1468.3030698982777
328062,1178.2535651540186
328063,707.6906540127859
328064,722.0722335629481
328065,133.2733994260848
328066,643.5073395658172
328067,510.23852601477756
328068,308.82608301104733
328069,315.5761009861171
328070,206.3457478606344
328071,1265.5229459675745
328072,1021.9445206488853
328073,624.1390522644671
328074,640.8970460057351
328075,239.24478624930376
328076,1519.516005995702
328077,1215.2899730212475
328078,734.0059302841547
328079,748.3875098343169
328080,72.90091339148125
328081,445.3701129568036
328082,351.6896129958984
328083,219.1278556481266
328084,236.37177488733687
328085,131.72682053488373
328086,927.4985729081519
328087,742.6325396162455
328088,435.2284625767165
328089,453.7772980167361
328090,163.23454963678364
328091,1090.084483999922
328092,855.5804815104894
328093,516.6653024148294
328094,532.8377236637432
328095,726.3460148894668
328096,39.31317335274134
328097,4.606600134724321
328098,5.4861413474338185
328099,17.91567442403368
328100,31.637127955456798
328101,41.37582115635841
328102,8.309184193727354
328103,5.933513988166873
328104,19.03863847712253
328105,-11.13100676579463
328106,61.699305774802134
328107,29.63832369005449
328108,25.39810629871601
328109,41.56590922646222
328110,150.24902585118073
328111,1044.105417007519
328112,816.6194270575845
328113,501.31891986676214
328114,518.8148135299253
328115,321.8674105913586
328116,2045.4975677549062
328117,1615.5422398469668
328118,1011.7175243600369
328119,1013.7251248758646
328120,373.4813114176099
328121,2417.6299134756337
328122,1920.975689605003
328123,1168.170953470224
328124,1165.5473613645784
328125,138.3119848563959
328126,829.3278614229072
328127,632.4862448527576
328128,411.4512162247344
328129,429.7647929123725
328130,260.0106922164944
328131,1627.7165892712076
328132,1301.7812101096054
328133,805.9930068931807
328134,827.488925151651
328135,295.9844674088585
328136,1923.8637264290812
328137,1563.8606846376435
328138,923.2695121377263
328139,940.1342377747234
328140,749.3752481010895
328141,671.3722498576604
328142,524.3510661680184
328143,314.06857276291953
328144,349.05838983304494
328145,397.92630264660227
328146,1301.6409755224468
328147,1034.9310880841633
328148,628.4180500080759
328149,688.682447746592
328150,314.4803064616854
328151,1533.191125161219
328152,1221.5089155917549
328153,732.2243403474039
328154,790.1123238948142
328155,152.73899918938866
328156,689.1113496480024
328157,542.0032871214353
328158,332.31946226099603
328159,367.3092793311215
328160,253.9093086032164
328161,1363.3514258032237
328162,1099.3583774678684
328163,670.400355820206
328164,730.664753558722
328165,275.32608133525815
328166,1613.7093849512157
328167,1292.7038298402304
328168,780.2672338398936
328169,838.1552173873039
328170,90.96311753622969
328171,485.86351560288074
328172,382.0509784840007
328173,234.73904461840525
328174,269.739212432844
328175,165.69363948968976
328176,975.8635098101121
328177,782.2063661327306
328178,452.2707595980168
328179,486.58852054000494
328180,185.71910293496225
328181,1138.9645052574933
328182,895.1543080269746
328183,533.7075994361296
328184,565.6489461870111
328185,748.4987111425941
328186,70.22465712690858
328187,32.08069755591328
328188,18.210062250799094
328189,31.269493572043633
328190,-16.767069487816332
328191,69.29689558322848
328192,27.502984200013387
328193,19.158997192866035
328194,19.63922446936584
328195,0.8625399026583304
328196,83.44081375228672
328197,48.832123696340574
328198,38.62358950341523
328199,42.166495218705656
328200,169.24415780283866
328201,1091.4108173759826
328202,847.9137203525962
328203,514.6913470483811
328204,577.0115109819062
328205,353.1785472213684
328206,2136.3914480731496
328207,1691.5273808945058
328208,1028.0372931706702
328209,1139.3631786260257
328210,430.0469035947144
328211,2536.7999848906165
328212,2028.2612601391215
328213,1215.7911517674368
328214,1322.4858446013195
328215,156.20555652792248
328216,868.8052209027287
328217,662.678977867638
328218,423.7220831262219
328219,479.96721008775955
328220,300.144346474595
328221,1728.4546581882348
328222,1387.610539755927
328223,836.4915336993089
328224,904.1007078034218
328225,352.28358012910786
328226,2037.0625087493886
328227,1671.9014466855986
328228,975.9794713454882
328229,1038.957452828127
328230,755.922821237121
328231,804.3978685264387
328232,656.8048501137514
328233,348.92790083280653
328234,428.06337732533564
328235,365.8233520338413
328236,1473.621362691253
328237,1193.8204753482014
328238,685.9094699058614
328239,778.9198184399918
328240,297.25969359486595
328241,1766.099549746379
328242,1405.9579700547752
328243,827.6584530935286
328244,942.8348641660886
328245,154.5673464105165
328246,831.8134176115359
328247,681.5672709252035
328248,370.00873673503156
328249,449.1442132275607
328250,270.1383819275735
328251,1550.2482240948082
328252,1270.5979264179643
328253,731.3402339026389
328254,824.3505824367693
328255,305.14970181274145
328256,1872.9136853703662
328257,1497.6159887745139
328258,879.1498047706657
328259,994.3262158432257
328260,104.03188133144785
328261,574.8859239596401
328262,463.1109333809625
328263,262.16824445671335
328264,341.31407169355566
328265,188.04905422391445
328266,1098.459687516915
328267,898.5066548493476
328268,504.2933655600465
328269,578.6903894157912
328270,221.53118631950346
328271,1337.462114108759
328272,1048.7211357446745
328273,620.6036048560367
328274,717.16669125021
328275,730.2435596953571
328276,75.91233225142393
328277,36.98901720152765
328278,8.190744950292949
328279,67.60168428808275
328280,-25.887292318357918
328281,75.00843367297504
328282,39.04617527150329
328283,19.601910946445244
328284,62.367249730842914
328285,-4.511809113766919
328286,119.85009692652645
328287,47.009040340765544
328288,31.707150803752604
328289,106.6724093730488
328290,204.82848148149642
328291,1233.263287218693
328292,976.0879837142708
328293,565.1240358307475
328294,662.7130253276339
328295,400.38237463610994
328296,2528.7366757986456
328297,2006.3124668753367
328298,1133.5317720665576
328299,1275.7984928462379
328300,482.44947051592277
328301,3042.329364064219
328302,2412.2647554022915
328303,1390.004341973727
328304,1542.1894632133206
328305,192.52625834579544
328306,1013.2296553008875
328307,796.9357649779782
328308,475.0232998813281
328309,566.5372524062274
328310,344.59739240239804
328311,1973.646896177805
328312,1595.26529089232
328313,925.5665241729881
328314,1014.3217891120186
328315,410.6326444373664
328316,2387.246340832393
328317,1922.2348325518137
328318,1107.8696236996368
328319,1221.1309373633017
328320,758.0633646542302
328321,875.6711795664935
328322,712.1149726828731
328323,389.4798709385174
328324,475.5625385948014
328325,323.44359254609714
328326,1673.435857246006
328327,1387.5685324675276
328328,770.801111620899
328329,915.9116719063288
328330,304.5904130643398
328331,2048.854518174007
328332,1648.038196419757
328333,940.3300460742319
328334,1117.3838228118223
328335,163.13798622838988
328336,904.3621105725397
328337,738.7882906720024
328338,412.4716040184197
328339,498.5542716747038
328340,279.48223804329035
328341,1751.1890725146122
328342,1464.3459835372905
328343,816.2318756176765
328344,961.3424359031063
328345,338.2882143346049
328346,2171.0404859861346
328347,1751.8034045964398
328348,993.6196622267219
328349,1170.6734389643127
328350,104.94132932161244
328351,603.3186047432213
328352,487.31613053984
328353,284.3167349751488
328354,370.409753375746
328355,194.34012779720354
328356,1189.2399644497514
328357,990.207439057851
328358,557.6578751437875
328359,684.1551107508307
328360,250.98032187215742
328361,1499.6669228204632
328362,1175.0998582386812
328363,701.3200900170842
328364,859.7605420762893
328365,690.8440120799306
328366,64.11660625693665
328367,20.33042102468197
328368,2.6979864960966307
328369,71.08767141335885
328370,-21.180882305554068
328371,54.57037498680563
328372,19.52862386100068
328373,20.03902944705815
328374,116.93613439847253
328375,-9.323814566519527
328376,150.36190542234198
328377,42.72532937578842
328378,45.298902656585234
328379,178.7339886767341
328380,233.8623711101567
328381,1359.865240157431
328382,1110.5802234094801
328383,625.44590068292
328384,729.9820813435613
328385,424.32469918350034
328386,2835.25696825537
328387,2245.659744919123
328388,1282.5180859764662
328389,1476.8850185074466
328390,534.3511856604372
328391,3551.249196457206
328392,2709.6334949588486
328393,1607.3389469038125
328394,1815.9623411785417
328395,215.79523156450173
328396,1112.7295698252908
328397,903.515404600517
328398,525.3339524199105
328399,623.795096108564
328400,370.1168796423637
328401,2137.9689985011623
328402,1784.920166382598
328403,1004.6260559754211
328404,1145.4815326657504
328405,443.59137975418804
328406,2710.1152494390676
328407,2156.1654839561015
328408,1234.7573040019788
328409,1404.456890700779
328410,753.1009297865535
328411,1005.7040885155988
328412,808.2998377736892
328413,483.4397201135018
328414,545.0963722711988
328415,278.78099568755937
328416,2020.6265893201487
328417,1627.2504341966412
328418,923.1909402955039
328419,1042.0581867191552
328420,386.77791267941797
328421,2338.465209469954
328422,1854.2517178141572
328423,1081.1550652170472
328424,1233.7828264560517
328425,209.19506402944398
328426,1036.5460553072676
328427,839.705757375956
328428,509.6555611356317
328429,571.3122132933282
328430,333.6259992693908
328431,2112.6529820378373
328432,1724.87091257797
328433,980.0585528215688
328434,1098.9257992452217
328435,404.9855204382757
328436,2469.915484358384
328437,1978.859953302406
328438,1145.8815298988254
328439,1298.50929113783
328440,151.82246082500708
328441,720.9628472200003
328442,567.758281230727
328443,338.871791220916
328444,400.91309800255425
328445,241.52273626533236
328446,1362.8794540957506
328447,1121.7357406265137
328448,646.7167518479831
328449,740.5950728025817
328450,307.61083427775566
328451,1671.8368496133287
328452,1313.577005025454
328453,793.0934824933885
328454,920.7323182633385
328455,705.3194126360028
328456,100.54030103433493
328457,28.988307549095023
328458,3.7459868508218865
328459,35.949088936525065
328460,-85.88562020503899
328461,88.24398002716103
328462,39.67348513156441
328463,21.637252049902408
328464,76.23047643271471
328465,-15.517814403453823
328466,185.47189388244695
328467,59.51737198277809
328468,39.30997714985501
328469,132.2584809645911
328470,325.7384385784047
328471,1607.9089360622527
328472,1320.1102997022292
328473,772.3520492149861
328474,870.7728071439124
328475,621.2890646571443
328476,3303.7882926448083
328477,2603.2106523820494
328478,1559.984330702771
328479,1761.5255256421872
328480,715.1307444324187
328481,3976.7952769858316
328482,3095.733274006747
328483,1827.7277275914935
328484,2043.9301414516087
328485,258.0219859083457
328486,1273.837035025609
328487,1015.9594790610323
328488,597.2739747050178
328489,676.3822680760082
328490,477.0840157751069
328491,2487.599931578491
328492,2080.022094423118
328493,1177.1786570846
328494,1316.335190912257
328495,541.7479710937898
328496,2962.846117952542
328497,2370.8904035360442
328498,1379.8806942773824
328499,1548.286095290461
328500,751.4776339148166
328501,831.5747478859981
328502,657.2410946727018
328503,357.114731043406
328504,443.8745326822487
328505,428.6951458238688
328506,1660.1240499132703
328507,1319.7960413384264
328508,737.0698575101455
328509,869.4600520898985
328510,336.91666139558237
328511,1977.682049442673
328512,1549.84846238057
328513,886.677046287667
328514,1021.0288879601501
328515,154.84138500311576
328516,852.7623058609875
328517,678.341773810766
328518,378.81407872612994
328519,465.5738803649726
328520,272.85839946890695
328521,1741.9507075311308
328522,1412.2911395914675
328523,790.4522230391755
328524,922.8424176189284
328525,297.762436269155
328526,2073.6950665222284
328527,1644.4897354508578
328528,946.1199994970566
328529,1080.4718411695396
328530,93.06550334995678
328531,619.8804152277453
328532,488.7554085852104
328533,267.11362803006654
328534,353.8837804132223
328535,180.42210354024763
328536,1211.62938046852
328537,979.6233403964798
328538,526.9577174973423
328539,626.6513706102704
328540,208.15545786885914
328541,1483.0459442213921
328542,1135.6450525928847
328543,654.1954557736467
328544,755.8507559793048
328545,708.5731632157149
328546,70.55076995667568
328547,8.380349958481295
328548,-3.3150724272993766
328549,49.37947225006243
328550,-67.9791193929572
328551,71.10584462891302
328552,9.01990390397578
328553,7.120382894449058
328554,63.291536425731934
328555,-43.92150313014892
328556,151.4425498403018
328557,31.300032439305227
328558,29.86226914764208
328559,93.4341624015513
328560,224.71609072778327
328561,1354.0761447900966
328562,1081.1142433878538
328563,599.7718163149891
328564,731.7982537044754
328565,421.7825513358349
328566,2717.5718348352575
328567,2163.494873332578
328568,1209.491877641184
328569,1431.366882726728
328570,507.12125956596446
328571,3392.0292730570313
328572,2575.7929672775813
328573,1486.9559632643452
328574,1708.537837012252
328575,201.52386967965592
328576,1066.611851570198
328577,833.7035025990465
328578,489.78868306903024
328579,602.5026559005812
328580,367.01002088318205
328581,2039.9448013774959
328582,1650.2238000463499
328583,948.4327442640026
328584,1100.6640108902443
328585,427.6196063944784
328586,2523.7802200623637
328587,1974.9361459824847
328588,1151.1664693579692
328589,1303.1046046465738
328590,747.7784768464215
328591,800.2248957058487
328592,645.070649700759
328593,350.5023116241851
328594,437.2621132630278
328595,422.08115173721285
328596,1564.7097927562158
328597,1266.098731061696
328598,717.8745998106165
328599,850.2647943903694
328600,326.55003331028144
328601,1889.7830915658976
328602,1488.7090028300377
328603,862.4839072514774
328604,996.8357489239604
328605,151.14222793472086
328606,821.412453680838
328607,666.1713288388231
328608,372.20165930690905
328609,458.9614609457517
328610,266.244405382251
328611,1634.490151269164
328612,1338.5959286775724
328613,763.305363807394
328614,895.6955583871469
328615,287.3958081838541
328616,1973.749809540542
328617,1563.3523752631606
328618,913.9752589286145
328619,1048.327100601097
328620,89.36634628156197
328621,595.1236446593753
328622,479.47083340749464
328623,261.7816692725138
328624,348.5518216556696
328625,173.80810945359173
328626,1178.1984843808293
328627,952.640166447212
328628,514.9755770829292
328629,621.4191348661535
328630,197.78882978355813
328631,1438.129017584283
328632,1101.2197293698148
328633,637.215434022573
328634,745.6206388985273
328635,698.0257227995342
328636,57.390729016664096
328637,3.9978536041271107
328638,-8.983033739479207
328639,43.7115109378826
328640,-73.7657120149428
328641,63.16701875461534
328642,7.528800168101179
328643,2.4779247378650404
328644,65.39898293944405
328645,-54.46894354632952
328646,137.70413042603224
328647,21.358565634078566
328648,19.21371585884768
328649,89.53551378305308
328650,209.3186567844836
328651,1280.7523889141175
328652,1029.141752818006
328653,577.6496162303677
328654,709.676053619854
328655,411.14596518673034
328656,2574.7195720871464
328657,2052.9195407711445
328658,1183.558411138062
328659,1405.433416223606
328660,491.72382562266495
328661,3273.289381093192
328662,2468.5869790691618
328663,1455.0164016290132
328664,1676.5982753769201
328665,185.04821733779616
328666,1021.0740566127195
328667,802.7904923391881
328668,470.99463057327085
328669,583.7086034048215
328670,361.3823984915924
328671,1919.0018593481866
328672,1561.5577882037178
328673,931.9146075058175
328674,1084.145874132059
328675,411.14395405261877
328676,2436.267283385078
328677,1892.2306324521082
328678,1122.5550553114988
328679,1274.4931906001034
